-0.046565 0.453075 -0.222772 -0.387320 -1.576656 0.296700 1.321714 0.051459 1.000000 
-0.042920 0.458078 -0.225689 -0.341914 -1.574393 0.268685 1.322116 0.049128 1.000000 
-0.039238 0.462253 -0.228244 -0.296953 -1.572361 0.239163 1.322501 0.047133 1.000000 
-0.035526 0.465632 -0.230441 -0.252420 -1.570570 0.208313 1.322871 0.045440 1.000000 
-0.031790 0.468246 -0.232283 -0.208285 -1.569031 0.176316 1.323229 0.044018 1.000000 
-0.028036 0.470119 -0.233774 -0.164505 -1.567751 0.143356 1.323576 0.042845 1.000000 
-0.024270 0.471273 -0.234916 -0.121028 -1.566739 0.109618 1.323915 0.041901 1.000000 
-0.020498 0.471725 -0.235712 -0.077793 -1.565999 0.075289 1.324247 0.041172 1.000000 
-0.016725 0.471484 -0.236162 -0.034734 -1.565536 0.040557 1.324574 0.040647 1.000000 
-0.012956 0.470558 -0.236268 0.008223 -1.565351 0.005609 1.324898 0.040317 1.000000 
-0.009197 0.468946 -0.236030 0.051150 -1.565446 -0.029364 1.325220 0.040179 1.000000 
-0.005455 0.466644 -0.235449 0.094122 -1.565820 -0.064173 1.325541 0.040230 1.000000 
-0.001733 0.463639 -0.234524 0.137212 -1.566472 -0.098629 1.325864 0.040472 1.000000 
0.001962 0.459916 -0.233253 0.180491 -1.567397 -0.132539 1.326189 0.040910 1.000000 
0.005624 0.455454 -0.231635 0.224020 -1.568590 -0.165713 1.326519 0.041551 1.000000 
0.009247 0.450226 -0.229668 0.267856 -1.570046 -0.197960 1.326855 0.042406 1.000000 
0.012825 0.444202 -0.227349 0.312046 -1.571755 -0.229087 1.327198 0.043492 1.000000 
0.016352 0.437348 -0.224674 0.356624 -1.573708 -0.258905 1.327551 0.044829 1.000000 
0.019820 0.429625 -0.221642 0.401611 -1.575893 -0.287222 1.327916 0.046442 1.000000 
0.023224 0.420995 -0.218247 0.447014 -1.578299 -0.313852 1.328295 0.048363 1.000000 
0.026554 0.411416 -0.214488 0.492823 -1.580910 -0.338607 1.328691 0.050632 1.000000 
0.029804 0.400846 -0.210361 0.539009 -1.583711 -0.361305 1.329106 0.053300 1.000000 
0.032965 0.389242 -0.205863 0.585524 -1.586685 -0.381770 1.329545 0.056428 1.000000 
0.036029 0.376565 -0.200992 0.632302 -1.589813 -0.399828 1.330011 0.060093 1.000000 
0.038987 0.362775 -0.195746 0.679252 -1.593075 -0.415315 1.330508 0.064391 1.000000 
0.041830 0.347838 -0.190124 0.726265 -1.596451 -0.428077 1.331043 0.069442 1.000000 
0.044549 0.331724 -0.184126 0.773208 -1.599917 -0.437968 1.331622 0.075397 1.000000 
0.047134 0.314408 -0.177753 0.819928 -1.603450 -0.444856 1.332252 0.082449 1.000000 
0.049576 0.295872 -0.171008 0.866250 -1.607026 -0.448625 1.332944 0.090844 1.000000 
0.051865 0.276106 -0.163895 0.911978 -1.610619 -0.449174 1.333710 0.100899 1.000000 
0.053991 0.255107 -0.156419 0.956899 -1.614204 -0.446418 1.334564 0.113026 1.000000 
0.055943 0.232884 -0.148587 1.000782 -1.617753 -0.440295 1.335525 0.127765 1.000000 
0.057714 0.209453 -0.140409 1.043378 -1.621240 -0.430761 1.336617 0.145831 1.000000 
0.059292 0.184842 -0.131897 1.084428 -1.624636 -0.417794 1.337870 0.168177 1.000000 
0.060668 0.159089 -0.123063 1.123660 -1.627915 -0.401394 1.339323 0.196084 1.000000 
0.061834 0.132240 -0.113924 1.160793 -1.631049 -0.381578 1.341027 0.231283 1.000000 
0.062781 0.104351 -0.104497 1.195541 -1.634011 -0.358385 1.343049 0.276118 1.000000 
0.063501 0.075484 -0.094803 1.227612 -1.636775 -0.331860 1.345479 0.333761 1.000000 
0.063986 0.045707 -0.084863 1.256711 -1.639313 -0.302059 1.348435 0.408446 1.000000 
0.064230 0.015087 -0.074704 1.282541 -1.641599 -0.269027 1.352074 0.505655 1.000000 
0.064226 -0.016313 -0.064352 1.304792 -1.643608 -0.232785 1.356603 0.632035 1.000000 
0.063967 -0.048438 -0.053838 1.323143 -1.645315 -0.193303 1.362283 0.794500 1.000000 
0.063449 -0.081254 -0.043193 1.337236 -1.646692 -0.150473 1.369424 0.997441 1.000000 
0.062665 -0.114740 -0.032454 1.346653 -1.647713 -0.104073 1.378340 1.236497 1.000000 
0.061611 -0.148885 -0.021661 1.350871 -1.648347 -0.053775 1.389244 1.488384 1.000000 
0.060282 -0.183637 -0.010856 1.349224 -1.648562 0.000767 1.402055 1.702180 1.000000 
0.058672 -0.218813 -0.000091 1.340896 -1.648323 0.059669 1.416190 1.807971 1.000000 
0.056780 -0.253986 0.010578 1.325024 -1.647597 0.122452 1.430554 1.755550 1.000000 
0.054610 -0.288458 0.021088 1.300914 -1.646357 0.187827 1.443883 1.556829 1.000000 
0.052169 -0.321384 0.031370 1.268248 -1.644590 0.253880 1.455254 1.279880 1.000000 
0.049474 -0.351974 0.041357 1.227146 -1.642299 0.318540 1.464354 0.999056 1.000000 
0.046546 -0.379619 0.050983 1.178096 -1.639502 0.379933 1.471349 0.758363 1.000000 
0.043409 -0.403905 0.060187 1.121857 -1.636233 0.436489 1.476629 0.570284 1.000000 
0.040093 -0.424590 0.068916 1.059384 -1.632535 0.486926 1.480602 0.430078 1.000000 
0.036626 -0.441564 0.077124 0.991777 -1.628461 0.530228 1.483611 0.327603 1.000000 
0.033038 -0.454831 0.084774 0.920232 -1.624072 0.565628 1.485918 0.252985 1.000000 
0.029358 -0.464493 0.091840 0.845981 -1.619433 0.592608 1.487712 0.198372 1.000000 
0.025615 -0.470733 0.098306 0.770248 -1.614613 0.610889 1.489129 0.158005 1.000000 
0.021835 -0.473804 0.104163 0.694194 -1.609682 0.620415 1.490267 0.127809 1.000000 
0.018042 -0.474008 0.109415 0.618882 -1.604710 0.621328 1.491194 0.104936 1.000000 
0.014257 -0.471679 0.114070 0.545247 -1.599763 0.613939 1.491960 0.087393 1.000000 
0.010501 -0.467172 0.118145 0.474070 -1.594908 0.598697 1.492603 0.073782 1.000000 
0.006787 -0.460840 0.121663 0.405970 -1.590204 0.576152 1.493148 0.063109 1.000000 
0.003131 -0.453025 0.124650 0.341398 -1.585707 0.546928 1.493618 0.054665 1.000000 
-0.000458 -0.444044 0.127136 0.280636 -1.581469 0.511691 1.494028 0.047933 1.000000 
-0.003971 -0.434178 0.129151 0.223814 -1.577534 0.471126 1.494389 0.042539 1.000000 
-0.007403 -0.423667 0.130727 0.170914 -1.573943 0.425913 1.494711 0.038203 1.000000 
-0.010749 -0.412699 0.131896 0.121787 -1.570730 0.376717 1.495002 0.034720 1.000000 
-0.014005 -0.401414 0.132685 0.076174 -1.567925 0.324172 1.495268 0.031933 1.000000 
-0.017171 -0.389893 0.133123 0.033719 -1.565551 0.268877 1.495515 0.029728 1.000000 
-0.020243 -0.378164 0.133232 -0.006009 -1.563628 0.211394 1.495745 0.028018 1.000000 
-0.023221 -0.366198 0.133033 -0.043504 -1.562173 0.152251 1.495964 0.026737 1.000000 
-0.026101 -0.353914 0.132541 -0.079301 -1.561196 0.091946 1.496174 0.025838 1.000000 
-0.028882 -0.341177 0.131767 -0.113960 -1.560704 0.030953 1.496378 0.025287 1.000000 
-0.031559 -0.327805 0.130719 -0.148056 -1.560701 -0.030266 1.496580 0.025062 1.000000 
-0.034125 -0.313572 0.129398 -0.182158 -1.561187 -0.091250 1.496780 0.025151 1.000000 
-0.036573 -0.298212 0.127803 -0.216816 -1.562159 -0.151530 1.496983 0.025549 1.000000 
-0.038892 -0.281426 0.125926 -0.252550 -1.563609 -0.210617 1.497190 0.026263 1.000000 
-0.041071 -0.262888 0.123758 -0.289828 -1.565524 -0.267989 1.497404 0.027307 1.000000 
-0.043093 -0.242257 0.121284 -0.329056 -1.567890 -0.323083 1.497628 0.028708 1.000000 
-0.044940 -0.219184 0.118487 -0.370561 -1.570686 -0.375291 1.497864 0.030505 1.000000 
-0.046592 -0.193324 0.115348 -0.414570 -1.573886 -0.423949 1.498117 0.032755 1.000000 
-0.048025 -0.164352 0.111847 -0.461200 -1.577458 -0.468343 1.498390 0.035540 1.000000 
-0.049213 -0.131980 0.107962 -0.510438 -1.581366 -0.507709 1.498687 0.038974 1.000000 
-0.050127 -0.095969 0.103673 -0.562124 -1.585566 -0.541244 1.499016 0.043219 1.000000 
-0.050738 -0.056150 0.098962 -0.615941 -1.590008 -0.568117 1.499382 0.048505 1.000000 
-0.051015 -0.012446 0.093814 -0.671403 -1.594635 -0.587496 1.499795 0.055170 1.000000 
-0.050927 0.035118 0.088217 -0.727852 -1.599386 -0.598568 1.500269 0.063713 1.000000 
-0.050444 0.086392 0.082168 -0.784455 -1.604188 -0.600570 1.500822 0.074898 1.000000 
-0.049536 0.141092 0.075668 -0.840212 -1.608969 -0.592826 1.501478 0.089929 1.000000 
-0.048178 0.198795 0.068730 -0.893974 -1.613646 -0.574776 1.502276 0.110774 1.000000 
-0.046349 0.258938 0.061373 -0.944462 -1.618136 -0.546005 1.503275 0.140807 1.000000 
-0.044030 0.320832 0.053631 -0.990293 -1.622353 -0.506251 1.504569 0.186115 1.000000 
-0.041213 0.383697 0.045545 -1.030011 -1.626207 -0.455383 1.506323 0.258394 1.000000 
-0.037891 0.446723 0.037171 -1.062089 -1.629609 -0.393291 1.508837 0.381809 1.000000 
-0.034067 0.509209 0.028576 -1.084881 -1.632469 -0.319552 1.512707 0.610493 1.000000 
-0.029746 0.570910 0.019843 -1.096336 -1.634686 -0.232378 1.519219 1.075099 1.000000 
-0.024931 0.633152 0.011074 -1.092644 -1.636133 -0.124585 1.531345 2.088237 1.000000 
-0.019596 0.703294 0.002435 -1.059469 -1.636547 0.036076 1.555259 4.022179 1.000000 
-0.013605 0.797216 -0.005563 -0.894591 -1.635053 0.391465 1.592328 4.468755 1.000000 
-0.007270 0.718303 -0.010621 -0.306303 -1.629634 0.934336 1.615350 1.320610 1.000000 
-0.002967 0.342875 -0.010679 0.237314 -1.621339 1.070578 1.619672 0.072420 1.000000 
-0.002888 -0.329981 -0.009665 0.116469 -1.625048 -1.203558 1.619096 -0.408817 1.000000 
-0.002692 0.363773 -0.009486 -0.060410 -1.624937 1.236076 1.619337 0.422104 1.000000 
-0.001991 -0.189683 -0.009443 -0.069797 -1.617986 1.195915 1.619983 0.073399 1.000000 
-0.006539 -0.814095 -0.013302 -0.392426 -1.619305 0.733442 1.620132 0.041964 1.000000 
-0.014259 -1.039263 -0.015155 -0.012991 -1.620152 0.429566 1.620021 -0.004521 1.000000 
-0.022459 -0.991804 -0.013578 0.384872 -1.620575 0.267162 1.619828 -0.018270 1.000000 
-0.029701 -0.820840 -0.009211 0.682517 -1.620836 0.158249 1.619620 -0.022505 1.000000 
-0.035358 -0.600165 -0.002884 0.882087 -1.621026 0.072953 1.619416 -0.023738 1.000000 
-0.039201 -0.365194 0.004699 1.001722 -1.621179 -0.000166 1.619220 -0.023906 1.000000 
-0.041188 -0.133271 0.012976 1.058195 -1.621468 -0.067610 1.619026 -0.025386 1.000000 
-0.041361 0.087992 0.021495 1.064170 -1.622272 -0.133013 1.618801 -0.031469 1.000000 
-0.039819 0.294983 0.029893 1.028983 -1.623585 -0.194523 1.618513 -0.040921 1.000000 
-0.036685 0.485531 0.037867 0.959257 -1.625370 -0.250508 1.618139 -0.052864 1.000000 
-0.032099 0.657859 0.045162 0.859894 -1.627575 -0.299568 1.617662 -0.066802 1.000000 
-0.026213 0.810129 0.051557 0.734884 -1.630141 -0.340467 1.617066 -0.082488 1.000000 
-0.019196 0.940322 0.056862 0.587914 -1.632998 -0.372135 1.616338 -0.099818 1.000000 
-0.011232 1.046336 0.060915 0.422783 -1.636068 -0.393712 1.615465 -0.118748 1.000000 
-0.002524 1.126184 0.063589 0.243648 -1.639269 -0.404615 1.614434 -0.139198 1.000000 
0.006713 1.178250 0.064788 0.055107 -1.642513 -0.404609 1.613234 -0.160979 1.000000 
0.016251 1.201538 0.064459 -0.137855 -1.645714 -0.393856 1.611856 -0.183701 1.000000 
0.025860 1.195875 0.062585 -0.330039 -1.648788 -0.372937 1.610294 -0.206720 1.000000 
0.035310 1.162034 0.059194 -0.516284 -1.651656 -0.342840 1.608550 -0.229105 1.000000 
0.044382 1.101752 0.054353 -0.691750 -1.654252 -0.304900 1.606633 -0.249684 1.000000 
0.052874 1.017641 0.048166 -0.852193 -1.656518 -0.260715 1.604563 -0.267166 1.000000 
0.060609 0.913014 0.040767 -0.994180 -1.658412 -0.212034 1.602370 -0.280343 1.000000 
0.067438 0.791640 0.032315 -1.115222 -1.659903 -0.160640 1.600091 -0.288318 1.000000 
0.073242 0.657487 0.022984 -1.213803 -1.660979 -0.108243 1.597772 -0.290687 1.000000 
0.077934 0.514487 0.012956 -1.289321 -1.661637 -0.056402 1.595455 -0.287614 1.000000 
0.081460 0.366343 0.002416 -1.341969 -1.661887 -0.006465 1.593183 -0.279768 1.000000 
0.083791 0.216400 -0.008457 -1.372571 -1.661748 0.040448 1.590989 -0.268157 1.000000 
0.084925 0.067582 -0.019490 -1.382427 -1.661250 0.083450 1.588899 -0.253925 1.000000 
0.084882 -0.077638 -0.030525 -1.373164 -1.660425 0.121872 1.586930 -0.238176 1.000000 
0.083698 -0.217226 -0.041415 -1.346609 -1.659313 0.155242 1.585090 -0.221853 1.000000 
0.081425 -0.349564 -0.052030 -1.304695 -1.657956 0.183257 1.583380 -0.205686 1.000000 
0.078128 -0.473410 -0.062254 -1.249378 -1.656396 0.205766 1.581797 -0.190189 1.000000 
0.073876 -0.587862 -0.071989 -1.182584 -1.654678 0.222743 1.580334 -0.175690 1.000000 
0.068748 -0.692315 -0.081150 -1.106157 -1.652847 0.234266 1.578983 -0.162367 1.000000 
0.062827 -0.786422 -0.089666 -1.021830 -1.650944 0.240502 1.577733 -0.150293 1.000000 
0.056194 -0.870051 -0.097482 -0.931198 -1.649012 0.241689 1.576575 -0.139471 1.000000 
0.048934 -0.943247 -0.104553 -0.835703 -1.647090 0.238120 1.575498 -0.129858 1.000000 
0.041129 -1.006196 -0.110844 -0.736628 -1.645214 0.230131 1.574494 -0.121385 1.000000 
0.032861 -1.059189 -0.116332 -0.635091 -1.643419 0.218087 1.573553 -0.113975 1.000000 
0.024208 -1.102592 -0.121001 -0.532052 -1.641734 0.202372 1.572668 -0.107545 1.000000 
0.015244 -1.136812 -0.124843 -0.428317 -1.640189 0.183385 1.571830 -0.102018 1.000000 
0.006042 -1.162281 -0.127854 -0.324555 -1.638808 0.161525 1.571033 -0.097323 1.000000 
-0.003330 -1.179429 -0.130037 -0.221308 -1.637611 0.137194 1.570271 -0.093395 1.000000 
-0.012808 -1.188666 -0.131398 -0.119011 -1.636618 0.110787 1.569537 -0.090177 1.000000 
-0.022329 -1.190378 -0.131945 -0.018005 -1.635843 0.082693 1.568826 -0.087621 1.000000 
-0.031835 -1.184906 -0.131690 0.081438 -1.635299 0.053291 1.568134 -0.085686 1.000000 
-0.041269 -1.172551 -0.130647 0.179102 -1.634993 0.022952 1.567454 -0.084339 1.000000 
-0.050578 -1.153567 -0.128830 0.274809 -1.634933 -0.007964 1.566783 -0.083552 1.000000 
-0.059709 -1.128160 -0.126256 0.368400 -1.635121 -0.039105 1.566116 -0.083304 1.000000 
-0.068612 -1.096497 -0.122941 0.459723 -1.635558 -0.070129 1.565448 -0.083579 1.000000 
-0.077237 -1.058709 -0.118906 0.548616 -1.636242 -0.100703 1.564777 -0.084368 1.000000 
-0.085535 -1.014897 -0.114171 0.634898 -1.637168 -0.130499 1.564097 -0.085662 1.000000 
-0.093459 -0.965146 -0.108756 0.718360 -1.638327 -0.159202 1.563405 -0.087462 1.000000 
-0.100962 -0.909533 -0.102685 0.798756 -1.639711 -0.186503 1.562696 -0.089767 1.000000 
-0.107996 -0.848139 -0.095984 0.875799 -1.641307 -0.212104 1.561967 -0.092583 1.000000 
-0.114517 -0.781063 -0.088682 0.949159 -1.643099 -0.235718 1.561214 -0.095918 1.000000 
-0.120478 -0.708430 -0.080809 1.018464 -1.645072 -0.257076 1.560431 -0.099778 1.000000 
-0.125837 -0.630408 -0.072398 1.083304 -1.647206 -0.275922 1.559616 -0.104175 1.000000 
-0.130551 -0.547215 -0.063489 1.143233 -1.649480 -0.292025 1.558763 -0.109115 1.000000 
-0.134580 -0.459131 -0.054121 1.197780 -1.651870 -0.305178 1.557868 -0.114602 1.000000 
-0.137885 -0.366504 -0.044340 1.246461 -1.654354 -0.315203 1.556928 -0.120637 1.000000 
-0.140433 -0.269755 -0.034195 1.288784 -1.656905 -0.321957 1.555937 -0.127211 1.000000 
-0.142192 -0.169385 -0.023738 1.324273 -1.659496 -0.325336 1.554891 -0.134302 1.000000 
-0.143135 -0.065969 -0.013026 1.352473 -1.662101 -0.325277 1.553787 -0.141875 1.000000 
-0.143241 0.039842 -0.002119 1.372969 -1.664692 -0.321764 1.552620 -0.149874 1.000000 
-0.142493 0.147331 0.008920 1.385404 -1.667240 -0.314828 1.551388 -0.158219 1.000000 
-0.140881 0.255721 0.020025 1.389487 -1.669720 -0.304551 1.550088 -0.166806 1.000000 
-0.138401 0.364188 0.031129 1.385010 -1.672105 -0.291064 1.548719 -0.175499 1.000000 
-0.135056 0.471877 0.042162 1.371856 -1.674369 -0.274547 1.547280 -0.184134 1.000000 
-0.130855 0.577914 0.053056 1.350007 -1.676490 -0.255226 1.545773 -0.192518 1.000000 
-0.125816 0.681429 0.063740 1.319550 -1.678446 -0.233369 1.544201 -0.200441 1.000000 
-0.119962 0.781570 0.074146 1.280678 -1.680218 -0.209280 1.542568 -0.207675 1.000000 
-0.113322 0.877521 0.084209 1.233685 -1.681789 -0.183294 1.540881 -0.213998 1.000000 
-0.105934 0.968517 0.093864 1.178964 -1.683146 -0.155770 1.539147 -0.219199 1.000000 
-0.097841 1.053863 0.103053 1.116995 -1.684278 -0.127082 1.537377 -0.223102 1.000000 
-0.089089 1.132940 0.111718 1.048340 -1.685178 -0.097609 1.535581 -0.225574 1.000000 
-0.079732 1.205218 0.119810 0.973621 -1.685839 -0.067733 1.533772 -0.226541 1.000000 
-0.069825 1.270261 0.127282 0.893512 -1.686261 -0.037828 1.531961 -0.225992 1.000000 
-0.059428 1.327728 0.134094 0.808726 -1.686445 -0.008254 1.530160 -0.223977 1.000000 
-0.048602 1.377377 0.140211 0.719994 -1.686395 0.020650 1.528381 -0.220607 1.000000 
-0.037411 1.419057 0.145605 0.628057 -1.686117 0.048565 1.526633 -0.216034 1.000000 
-0.025919 1.452710 0.150253 0.533651 -1.685621 0.075202 1.524927 -0.210447 1.000000 
-0.014189 1.478359 0.154139 0.437498 -1.684918 0.100302 1.523268 -0.204050 1.000000 
-0.002286 1.496104 0.157251 0.340293 -1.684021 0.123634 1.521663 -0.197050 1.000000 
0.009728 1.506112 0.159583 0.242699 -1.682945 0.145002 1.520116 -0.189646 1.000000 
0.021792 1.508611 0.161134 0.145341 -1.681707 0.164240 1.518630 -0.182021 1.000000 
0.033846 1.503876 0.161910 0.048797 -1.680324 0.181216 1.517204 -0.174333 1.000000 
0.045835 1.492227 0.161919 -0.046399 -1.678814 0.195826 1.515840 -0.166717 1.000000 
0.057704 1.474014 0.161173 -0.139766 -1.677197 0.207999 1.514536 -0.159279 1.000000 
0.069403 1.449615 0.159689 -0.230873 -1.675492 0.217689 1.513291 -0.152105 1.000000 
0.080883 1.419423 0.157486 -0.319340 -1.673721 0.224879 1.512102 -0.145256 1.000000 
0.092099 1.383840 0.154587 -0.404839 -1.671901 0.229575 1.510966 -0.138775 1.000000 
0.103011 1.343272 0.151017 -0.487089 -1.670054 0.231807 1.509880 -0.132690 1.000000 
0.113579 1.298124 0.146803 -0.565858 -1.668199 0.231626 1.508842 -0.127015 1.000000 
0.123770 1.248789 0.141973 -0.640954 -1.666354 0.229099 1.507847 -0.121756 1.000000 
0.133550 1.195650 0.136558 -0.712230 -1.664539 0.224314 1.506893 -0.116909 1.000000 
0.142891 1.139075 0.130588 -0.779574 -1.662771 0.217370 1.505975 -0.112469 1.000000 
0.151767 1.079411 0.124095 -0.842905 -1.661067 0.208380 1.505092 -0.108424 1.000000 
0.160154 1.016982 0.117112 -0.902174 -1.659442 0.197469 1.504240 -0.104760 1.000000 
0.168032 0.952093 0.109671 -0.957353 -1.657912 0.184768 1.503415 -0.101463 1.000000 
0.175382 0.885021 0.101806 -1.008436 -1.656490 0.170418 1.502615 -0.098518 1.000000 
0.182187 0.816022 0.093547 -1.055434 -1.655189 0.154567 1.501838 -0.095911 1.000000 
0.188434 0.745328 0.084929 -1.098369 -1.654021 0.137364 1.501080 -0.093627 1.000000 
0.194108 0.673147 0.075984 -1.137271 -1.652995 0.118967 1.500339 -0.091653 1.000000 
0.199201 0.599667 0.066744 -1.172177 -1.652120 0.099531 1.499613 -0.089977 1.000000 
0.203700 0.525055 0.057240 -1.203125 -1.651404 0.079216 1.498898 -0.088588 1.000000 
0.207599 0.449463 0.047504 -1.230152 -1.650854 0.058183 1.498194 -0.087476 1.000000 
0.210889 0.373026 0.037568 -1.253293 -1.650475 0.036593 1.497498 -0.086633 1.000000 
0.213565 0.295869 0.027462 -1.272579 -1.650270 0.014606 1.496808 -0.086053 1.000000 
0.215622 0.218104 0.017217 -1.288034 -1.650242 -0.007618 1.496121 -0.085729 1.000000 
0.217054 0.139840 0.006863 -1.299675 -1.650392 -0.029921 1.495435 -0.085657 1.000000 
0.217858 0.061180 -0.003568 -1.307511 -1.650720 -0.052145 1.494749 -0.085835 1.000000 
0.218032 -0.017771 -0.014047 -1.311545 -1.651226 -0.074136 1.494061 -0.086260 1.000000 
0.217573 -0.096910 -0.024542 -1.311770 -1.651906 -0.095740 1.493369 -0.086931 1.000000 
0.216481 -0.176126 -0.035025 -1.308176 -1.652756 -0.116809 1.492670 -0.087849 1.000000 
0.214755 -0.255301 -0.045463 -1.300743 -1.653773 -0.137197 1.491962 -0.089015 1.000000 
0.212397 -0.334309 -0.055826 -1.289449 -1.654949 -0.156760 1.491245 -0.090430 1.000000 
0.209407 -0.413011 -0.066084 -1.274269 -1.656278 -0.175362 1.490515 -0.092097 1.000000 
0.205790 -0.491256 -0.076204 -1.255179 -1.657752 -0.192871 1.489771 -0.094019 1.000000 
0.201549 -0.568877 -0.086156 -1.232155 -1.659361 -0.209159 1.489010 -0.096200 1.000000 
0.196690 -0.645694 -0.095908 -1.205177 -1.661095 -0.224108 1.488231 -0.098643 1.000000 
0.191220 -0.721508 -0.105428 -1.174232 -1.662943 -0.237606 1.487431 -0.101350 1.000000 
0.185149 -0.796107 -0.114685 -1.139317 -1.664892 -0.249551 1.486608 -0.104324 1.000000 
0.178486 -0.869260 -0.123647 -1.100440 -1.666931 -0.259849 1.485761 -0.107566 1.000000 
0.171245 -0.940725 -0.132282 -1.057626 -1.669045 -0.268417 1.484887 -0.111075 1.000000 
0.163440 -1.010245 -0.140559 -1.010915 -1.671221 -0.275186 1.483983 -0.114849 1.000000 
0.155087 -1.077552 -0.148446 -0.960366 -1.673443 -0.280097 1.483048 -0.118882 1.000000 
0.146206 -1.142367 -0.155914 -0.906062 -1.675698 -0.283106 1.482080 -0.123164 1.000000 
0.136817 -1.204409 -0.162933 -0.848107 -1.677968 -0.284183 1.481077 -0.127683 1.000000 
0.126943 -1.263389 -0.169475 -0.786632 -1.680239 -0.283313 1.480037 -0.132417 1.000000 
0.116611 -1.319021 -0.175511 -0.721794 -1.682496 -0.280498 1.478958 -0.137342 1.000000 
0.105849 -1.371022 -0.181015 -0.653773 -1.684722 -0.275755 1.477839 -0.142426 1.000000 
0.094685 -1.419116 -0.185963 -0.582780 -1.686903 -0.269118 1.476679 -0.147629 1.000000 
0.083154 -1.463039 -0.190332 -0.509050 -1.689023 -0.260639 1.475477 -0.152902 1.000000 
0.071289 -1.502542 -0.194101 -0.432841 -1.691068 -0.250383 1.474232 -0.158190 1.000000 
0.059126 -1.537394 -0.197252 -0.354439 -1.693025 -0.238434 1.472946 -0.163427 1.000000 
0.046703 -1.567389 -0.199767 -0.274148 -1.694879 -0.224890 1.471618 -0.168543 1.000000 
0.034061 -1.592344 -0.201634 -0.192292 -1.696619 -0.209864 1.470250 -0.173460 1.000000 
0.021240 -1.612107 -0.202841 -0.109211 -1.698233 -0.193480 1.468843 -0.178096 1.000000 
0.008281 -1.626555 -0.203379 -0.025257 -1.699711 -0.175877 1.467401 -0.182369 1.000000 
-0.004771 -1.635600 -0.203243 0.059207 -1.701044 -0.157202 1.465926 -0.186196 1.000000 
-0.017874 -1.639187 -0.202431 0.143815 -1.702224 -0.137611 1.464423 -0.189500 1.000000 
-0.030983 -1.637296 -0.200943 0.228198 -1.703244 -0.117267 1.462896 -0.192212 1.000000 
-0.044056 -1.629944 -0.198782 0.311989 -1.704099 -0.096337 1.461350 -0.194274 1.000000 
-0.057048 -1.617180 -0.195954 0.394827 -1.704784 -0.074992 1.459789 -0.195642 1.000000 
-0.069916 -1.599090 -0.192468 0.476363 -1.705298 -0.053403 1.458221 -0.196289 1.000000 
-0.082619 -1.575790 -0.188336 0.556258 -1.705639 -0.031739 1.456651 -0.196206 1.000000 
-0.095116 -1.547427 -0.183573 0.634190 -1.705806 -0.010170 1.455084 -0.195401 1.000000 
-0.107365 -1.514177 -0.178195 0.709855 -1.705802 0.011144 1.453526 -0.193901 1.000000 
-0.119330 -1.476240 -0.172222 0.782972 -1.705629 0.032043 1.451983 -0.191748 1.000000 
-0.130973 -1.433838 -0.165675 0.853279 -1.705291 0.052378 1.450460 -0.188998 1.000000 
-0.142260 -1.387216 -0.158578 0.920542 -1.704793 0.072007 1.448961 -0.185716 1.000000 
-0.153158 -1.336631 -0.150955 0.984548 -1.704141 0.090799 1.447490 -0.181976 1.000000 
-0.163636 -1.282355 -0.142834 1.045113 -1.703343 0.108629 1.446050 -0.177856 1.000000 
-0.173667 -1.224672 -0.134243 1.102076 -1.702406 0.125388 1.444645 -0.173433 1.000000 
-0.183223 -1.163871 -0.125211 1.155303 -1.701340 0.140975 1.443276 -0.168785 1.000000 
-0.192281 -1.100245 -0.115768 1.204686 -1.700154 0.155302 1.441945 -0.163982 1.000000 
-0.200820 -1.034090 -0.105946 1.250140 -1.698858 0.168291 1.440652 -0.159093 1.000000 
-0.208821 -0.965700 -0.095777 1.291603 -1.697465 0.179878 1.439399 -0.154177 1.000000 
-0.216266 -0.895365 -0.085292 1.329038 -1.695984 0.190010 1.438185 -0.149288 1.000000 
-0.223142 -0.823370 -0.074523 1.362426 -1.694429 0.198644 1.437010 -0.144470 1.000000 
-0.229436 -0.749993 -0.063503 1.391769 -1.692810 0.205752 1.435874 -0.139762 1.000000 
-0.235139 -0.675501 -0.052265 1.417087 -1.691141 0.211315 1.434774 -0.135195 1.000000 
-0.240242 -0.600153 -0.040841 1.438416 -1.689433 0.215323 1.433710 -0.130794 1.000000 
-0.244740 -0.524195 -0.029261 1.455806 -1.687700 0.217779 1.432681 -0.126577 1.000000 
-0.248628 -0.447858 -0.017558 1.469320 -1.685953 0.218694 1.431684 -0.122559 1.000000 
-0.251905 -0.371362 -0.005762 1.479031 -1.684205 0.218090 1.430719 -0.118750 1.000000 
-0.254570 -0.294913 0.006096 1.485022 -1.682467 0.215996 1.429784 -0.115155 1.000000 
-0.256624 -0.218702 0.017988 1.487384 -1.680752 0.212449 1.428876 -0.111777 1.000000 
-0.258070 -0.142905 0.029885 1.486212 -1.679072 0.207494 1.427995 -0.108618 1.000000 
-0.258912 -0.067686 0.041759 1.481606 -1.677436 0.201183 1.427138 -0.105676 1.000000 
-0.259155 0.006808 0.053582 1.473668 -1.675856 0.193574 1.426303 -0.102948 1.000000 
-0.258806 0.080441 0.065329 1.462502 -1.674342 0.184730 1.425490 -0.100431 1.000000 
-0.257871 0.153090 0.076974 1.448213 -1.672904 0.174720 1.424696 -0.098121 1.000000 
-0.256359 0.224644 0.088492 1.430903 -1.671550 0.163616 1.423919 -0.096013 1.000000 
-0.254280 0.295005 0.099860 1.410673 -1.670289 0.151495 1.423159 -0.094102 1.000000 
-0.251642 0.364081 0.111055 1.387620 -1.669128 0.138438 1.422413 -0.092382 1.000000 
-0.248458 0.431793 0.122055 1.361841 -1.668076 0.124527 1.421680 -0.090849 1.000000 
-0.244738 0.498068 0.132838 1.333424 -1.667138 0.109849 1.420959 -0.089498 1.000000 
-0.240493 0.562842 0.143383 1.302457 -1.666320 0.094491 1.420248 -0.088324 1.000000 
-0.235736 0.626053 0.153670 1.269021 -1.665628 0.078543 1.419546 -0.087323 1.000000 
-0.230480 0.687649 0.163681 1.233194 -1.665065 0.062095 1.418850 -0.086491 1.000000 
-0.224738 0.747576 0.173395 1.195048 -1.664635 0.045238 1.418161 -0.085825 1.000000 
-0.218524 0.805787 0.182796 1.154651 -1.664342 0.028066 1.417477 -0.085322 1.000000 
-0.211850 0.862234 0.191864 1.112068 -1.664187 0.010670 1.416796 -0.084979 1.000000 
-0.204733 0.916871 0.200583 1.067360 -1.664171 -0.006857 1.416117 -0.084794 1.000000 
-0.197185 0.969651 0.208936 1.020584 -1.664297 -0.024423 1.415438 -0.084766 1.000000 
-0.189223 1.020527 0.216907 0.971796 -1.664562 -0.041936 1.414760 -0.084893 1.000000 
-0.180862 1.069448 0.224480 0.921049 -1.664967 -0.059305 1.414080 -0.085175 1.000000 
-0.172118 1.116364 0.231639 0.868397 -1.665510 -0.076441 1.413397 -0.085611 1.000000 
-0.163006 1.161220 0.238369 0.813892 -1.666189 -0.093254 1.412710 -0.086202 1.000000 
-0.153544 1.203958 0.244656 0.757587 -1.667001 -0.109660 1.412017 -0.086947 1.000000 
-0.143748 1.244517 0.250486 0.699539 -1.667943 -0.125571 1.411318 -0.087848 1.000000 
-0.133638 1.282834 0.255844 0.639804 -1.669009 -0.140907 1.410611 -0.088905 1.000000 
-0.123229 1.318840 0.260718 0.578444 -1.670195 -0.155588 1.409895 -0.090119 1.000000 
-0.112542 1.352465 0.265095 0.515526 -1.671496 -0.169535 1.409169 -0.091492 1.000000 
-0.101596 1.383634 0.268963 0.451120 -1.672906 -0.182676 1.408431 -0.093026 1.000000 
-0.090411 1.412271 0.272309 0.385304 -1.674417 -0.194940 1.407680 -0.094720 1.000000 
-0.079007 1.438297 0.275124 0.318161 -1.676022 -0.206262 1.406915 -0.096577 1.000000 
-0.067405 1.461633 0.277397 0.249784 -1.677714 -0.216578 1.406134 -0.098596 1.000000 
-0.055628 1.482196 0.279118 0.180272 -1.679485 -0.225833 1.405337 -0.100780 1.000000 
-0.043698 1.499906 0.280278 0.109734 -1.681325 -0.233974 1.404521 -0.103126 1.000000 
-0.031638 1.514683 0.280871 0.038287 -1.683225 -0.240955 1.403686 -0.105633 1.000000 
-0.019471 1.526450 0.280889 -0.033942 -1.685177 -0.246734 1.402831 -0.108301 1.000000 
-0.007223 1.535132 0.280326 -0.106817 -1.687170 -0.251279 1.401953 -0.111125 1.000000 
0.005083 1.540658 0.279178 -0.180193 -1.689194 -0.254559 1.401052 -0.114100 1.000000 
0.017419 1.542962 0.277442 -0.253915 -1.691239 -0.256555 1.400127 -0.117220 1.000000 
0.029761 1.541986 0.275115 -0.327821 -1.693295 -0.257253 1.399177 -0.120476 1.000000 
0.042082 1.537678 0.272197 -0.401737 -1.695352 -0.256646 1.398199 -0.123856 1.000000 
0.054355 1.529996 0.268688 -0.475486 -1.697398 -0.254734 1.397195 -0.127348 1.000000 
0.066553 1.518906 0.264590 -0.548881 -1.699424 -0.251528 1.396161 -0.130933 1.000000 
0.078649 1.504386 0.259907 -0.621731 -1.701419 -0.247043 1.395099 -0.134594 1.000000 
0.090614 1.486425 0.254644 -0.693838 -1.703373 -0.241304 1.394008 -0.138307 1.000000 
0.102422 1.465025 0.248808 -0.765001 -1.705277 -0.234343 1.392886 -0.142045 1.000000 
0.114045 1.440201 0.242407 -0.835019 -1.707120 -0.226199 1.391735 -0.145780 1.000000 
0.125456 1.411980 0.235452 -0.903686 -1.708893 -0.216920 1.390554 -0.149478 1.000000 
0.136628 1.380406 0.227953 -0.970800 -1.710588 -0.206561 1.389344 -0.153105 1.000000 
0.147534 1.345534 0.219924 -1.036159 -1.712195 -0.195182 1.388105 -0.156622 1.000000 
0.158148 1.307435 0.211379 -1.099564 -1.713708 -0.182850 1.386838 -0.159990 1.000000 
0.168445 1.266196 0.202336 -1.160822 -1.715118 -0.169640 1.385545 -0.163168 1.000000 
0.178399 1.221914 0.192812 -1.219746 -1.716420 -0.155631 1.384228 -0.166115 1.000000 
0.187987 1.174703 0.182827 -1.276156 -1.717607 -0.140905 1.382888 -0.168793 1.000000 
0.197187 1.124688 0.172401 -1.329883 -1.718673 -0.125551 1.381528 -0.171161 1.000000 
0.205975 1.072007 0.161557 -1.380767 -1.719614 -0.109661 1.380151 -0.173187 1.000000 
0.214332 1.016809 0.150317 -1.428658 -1.720426 -0.093327 1.378758 -0.174840 1.000000 
0.222238 0.959254 0.138706 -1.473423 -1.721106 -0.076646 1.377354 -0.176095 1.000000 
0.229674 0.899512 0.126751 -1.514938 -1.721652 -0.059715 1.375942 -0.176933 1.000000 
0.236625 0.837758 0.114476 -1.553094 -1.722061 -0.042633 1.374524 -0.177341 1.000000 
0.243074 0.774177 0.101910 -1.587798 -1.722334 -0.025496 1.373105 -0.177317 1.000000 
0.249007 0.708959 0.089081 -1.618972 -1.722469 -0.008401 1.371688 -0.176862 1.000000 
0.254413 0.642296 0.076016 -1.646551 -1.722469 0.008556 1.370277 -0.175986 1.000000 
0.259281 0.574386 0.062746 -1.670488 -1.722333 0.025283 1.368874 -0.174707 1.000000 
0.263601 0.505427 0.049298 -1.690749 -1.722065 0.041690 1.367483 -0.173047 1.000000 
0.267365 0.435618 0.035704 -1.707317 -1.721667 0.057690 1.366106 -0.171035 1.000000 
0.270569 0.365155 0.021991 -1.720188 -1.721143 0.073200 1.364747 -0.168703 1.000000 
0.273207 0.294236 0.008191 -1.729372 -1.720497 0.088142 1.363407 -0.166088 1.000000 
0.275276 0.223053 -0.005669 -1.734895 -1.719735 0.102441 1.362090 -0.163227 1.000000 
0.276775 0.151794 -0.019558 -1.736793 -1.718860 0.116029 1.360796 -0.160158 1.000000 
0.277705 0.080642 -0.033448 -1.735114 -1.717880 0.128841 1.359528 -0.156921 1.000000 
0.278066 0.009776 -0.047311 -1.729920 -1.716801 0.140821 1.358286 -0.153553 1.000000 
0.277862 -0.060635 -0.061118 -1.721281 -1.715629 0.151915 1.357071 -0.150091 1.000000 
0.277098 -0.130425 -0.074842 -1.709278 -1.714373 0.162076 1.355885 -0.146569 1.000000 
0.275778 -0.199440 -0.088457 -1.693998 -1.713039 0.171265 1.354726 -0.143018 1.000000 
0.273909 -0.267531 -0.101938 -1.675537 -1.711635 0.179445 1.353596 -0.139466 1.000000 
0.271500 -0.334561 -0.115258 -1.653999 -1.710171 0.186590 1.352495 -0.135940 1.000000 
0.268559 -0.400398 -0.128394 -1.629490 -1.708653 0.192674 1.351421 -0.132462 1.000000 
0.265097 -0.464922 -0.141322 -1.602124 -1.707091 0.197682 1.350375 -0.129051 1.000000 
0.261124 -0.528021 -0.154020 -1.572015 -1.705493 0.201601 1.349356 -0.125724 1.000000 
0.256653 -0.589591 -0.166467 -1.539283 -1.703868 0.204427 1.348363 -0.122495 1.000000 
0.251695 -0.649540 -0.178642 -1.504048 -1.702225 0.206158 1.347396 -0.119374 1.000000 
0.246265 -0.707783 -0.190526 -1.466431 -1.700572 0.206800 1.346453 -0.116372 1.000000 
0.240375 -0.764242 -0.202099 -1.426552 -1.698919 0.206363 1.345534 -0.113494 1.000000 
0.234042 -0.818849 -0.213345 -1.384534 -1.697273 0.204860 1.344637 -0.110747 1.000000 
0.227279 -0.871545 -0.224246 -1.340495 -1.695644 0.202312 1.343761 -0.108133 1.000000 
0.220102 -0.922277 -0.234788 -1.294552 -1.694039 0.198743 1.342906 -0.105657 1.000000 
0.212528 -0.970999 -0.244954 -1.246822 -1.692467 0.194179 1.342071 -0.103317 1.000000 
0.204572 -1.017672 -0.254732 -1.197417 -1.690935 0.188653 1.341253 -0.101116 1.000000 
0.196251 -1.062264 -0.264109 -1.146445 -1.689451 0.182201 1.340452 -0.099052 1.000000 
0.187581 -1.104747 -0.273072 -1.094012 -1.688022 0.174859 1.339668 -0.097125 1.000000 
0.178580 -1.145099 -0.281609 -1.040220 -1.686655 0.166671 1.338898 -0.095333 1.000000 
0.169265 -1.183302 -0.289712 -0.985168 -1.685357 0.157680 1.338142 -0.093674 1.000000 
0.159653 -1.219344 -0.297369 -0.928949 -1.684134 0.147934 1.337399 -0.092147 1.000000 
0.149762 -1.253212 -0.304572 -0.871653 -1.682992 0.137481 1.336667 -0.090750 1.000000 
0.139608 -1.284901 -0.311313 -0.813366 -1.681936 0.126374 1.335946 -0.089479 1.000000 
0.129209 -1.314406 -0.317583 -0.754169 -1.680972 0.114666 1.335235 -0.088333 1.000000 
0.118583 -1.341722 -0.323377 -0.694141 -1.680103 0.102410 1.334533 -0.087310 1.000000 
0.107747 -1.366850 -0.328688 -0.633355 -1.679335 0.089665 1.333838 -0.086407 1.000000 
0.096719 -1.389788 -0.333509 -0.571884 -1.678670 0.076486 1.333150 -0.085623 1.000000 
0.085517 -1.410538 -0.337836 -0.509794 -1.678112 0.062933 1.332468 -0.084955 1.000000 
0.074157 -1.429098 -0.341664 -0.447151 -1.677664 0.049064 1.331790 -0.084403 1.000000 
0.062657 -1.445471 -0.344989 -0.384018 -1.677327 0.034941 1.331117 -0.083964 1.000000 
0.051035 -1.459657 -0.347807 -0.320454 -1.677105 0.020621 1.330447 -0.083637 1.000000 
0.039308 -1.471656 -0.350116 -0.256519 -1.676998 0.006167 1.329779 -0.083421 1.000000 
0.027494 -1.481467 -0.351911 -0.192270 -1.677007 -0.008361 1.329112 -0.083315 1.000000 
0.015611 -1.489090 -0.353191 -0.127765 -1.677132 -0.022902 1.328445 -0.083318 1.000000 
0.003675 -1.494522 -0.353955 -0.063058 -1.677373 -0.037398 1.327778 -0.083430 1.000000 
-0.008296 -1.497760 -0.354200 0.001793 -1.677730 -0.051787 1.327110 -0.083650 1.000000 
-0.020284 -1.498802 -0.353926 0.066732 -1.678201 -0.066011 1.326440 -0.083979 1.000000 
-0.032271 -1.497643 -0.353132 0.131701 -1.678785 -0.080012 1.325766 -0.084415 1.000000 
-0.044240 -1.494279 -0.351819 0.196641 -1.679481 -0.093731 1.325089 -0.084960 1.000000 
-0.056173 -1.488703 -0.349986 0.261491 -1.680284 -0.107113 1.324406 -0.085614 1.000000 
-0.068053 -1.480912 -0.347635 0.326190 -1.681193 -0.120103 1.323719 -0.086376 1.000000 
-0.079862 -1.470900 -0.344767 0.390673 -1.682205 -0.132648 1.323024 -0.087248 1.000000 
-0.091582 -1.458662 -0.341385 0.454872 -1.683314 -0.144694 1.322322 -0.088229 1.000000 
-0.103195 -1.444195 -0.337490 0.518716 -1.684518 -0.156193 1.321612 -0.089321 1.000000 
-0.114683 -1.427494 -0.333087 0.582134 -1.685812 -0.167097 1.320893 -0.090524 1.000000 
-0.126029 -1.408559 -0.328178 0.645049 -1.687190 -0.177358 1.320163 -0.091839 1.000000 
-0.137214 -1.387390 -0.322768 0.707380 -1.688648 -0.186935 1.319423 -0.093265 1.000000 
-0.148221 -1.363988 -0.316861 0.769046 -1.690179 -0.195786 1.318671 -0.094803 1.000000 
-0.159032 -1.338359 -0.310465 0.829960 -1.691778 -0.203873 1.317906 -0.096453 1.000000 
-0.169629 -1.310511 -0.303584 0.890032 -1.693439 -0.211161 1.317127 -0.098214 1.000000 
-0.179994 -1.280456 -0.296227 0.949170 -1.695155 -0.217618 1.316334 -0.100085 1.000000 
-0.190110 -1.248208 -0.288400 1.007278 -1.696919 -0.223215 1.315526 -0.102065 1.000000 
-0.199960 -1.213787 -0.280113 1.064257 -1.698724 -0.227926 1.314701 -0.104153 1.000000 
0.000000 0.000000 0.000000 0.000000 0.000000 0.000000 0.000000 0.000000 0.000000 
