0.186986 -0.630868 -0.588619 -1.677946 -1.723222 0.529443 0.122442 -0.093106 1.000000 
0.181896 -0.641448 -0.601920 -1.647311 -1.718967 0.534081 0.121718 -0.088108 1.000000 
0.176723 -0.651694 -0.614974 -1.616198 -1.714679 0.537946 0.121031 -0.083509 1.000000 
0.171470 -0.661602 -0.627778 -1.584633 -1.710362 0.541036 0.120380 -0.079273 1.000000 
0.166139 -0.671174 -0.640327 -1.552637 -1.706024 0.543350 0.119762 -0.075365 1.000000 
0.160732 -0.680408 -0.652619 -1.520234 -1.701671 0.544890 0.119174 -0.071758 1.000000 
0.155253 -0.689304 -0.664650 -1.487446 -1.697308 0.545655 0.118613 -0.068424 1.000000 
0.149704 -0.697864 -0.676417 -1.454294 -1.692942 0.545650 0.118078 -0.065339 1.000000 
0.144088 -0.706087 -0.687918 -1.420801 -1.688580 0.544877 0.117567 -0.062483 1.000000 
0.138407 -0.713975 -0.699149 -1.386986 -1.684226 0.543341 0.117078 -0.059835 1.000000 
0.132665 -0.721529 -0.710109 -1.352871 -1.679888 0.541049 0.116609 -0.057379 1.000000 
0.126864 -0.728750 -0.720794 -1.318476 -1.675571 0.538006 0.116159 -0.055097 1.000000 
0.121006 -0.735639 -0.731204 -1.283819 -1.671282 0.534220 0.115727 -0.052977 1.000000 
0.115095 -0.742200 -0.741335 -1.248919 -1.667026 0.529700 0.115311 -0.051006 1.000000 
0.109132 -0.748433 -0.751186 -1.213794 -1.662809 0.524456 0.114911 -0.049171 1.000000 
0.103121 -0.754340 -0.760755 -1.178462 -1.658636 0.518497 0.114524 -0.047462 1.000000 
0.097063 -0.759925 -0.770041 -1.142940 -1.654515 0.511835 0.114151 -0.045869 1.000000 
0.090963 -0.765190 -0.779041 -1.107243 -1.650449 0.504481 0.113790 -0.044385 1.000000 
0.084821 -0.770136 -0.787756 -1.071386 -1.646445 0.496450 0.113441 -0.043000 1.000000 
0.078641 -0.774768 -0.796183 -1.035386 -1.642508 0.487753 0.113102 -0.041708 1.000000 
0.072426 -0.779088 -0.804322 -0.999254 -1.638642 0.478406 0.112773 -0.040502 1.000000 
0.066177 -0.783098 -0.812171 -0.963006 -1.634855 0.468423 0.112454 -0.039377 1.000000 
0.059897 -0.786802 -0.819730 -0.926653 -1.631149 0.457821 0.112143 -0.038326 1.000000 
0.053589 -0.790203 -0.826997 -0.890208 -1.627531 0.446616 0.111840 -0.037346 1.000000 
0.047254 -0.793303 -0.833973 -0.853681 -1.624005 0.434824 0.111545 -0.036431 1.000000 
0.040897 -0.796106 -0.840656 -0.817084 -1.620576 0.422463 0.111257 -0.035577 1.000000 
0.034517 -0.798615 -0.847046 -0.780425 -1.617247 0.409551 0.110976 -0.034780 1.000000 
0.028119 -0.800833 -0.853143 -0.743716 -1.614024 0.396108 0.110701 -0.034038 1.000000 
0.021705 -0.802762 -0.858945 -0.706963 -1.610911 0.382152 0.110431 -0.033347 1.000000 
0.015276 -0.804406 -0.864454 -0.670175 -1.607911 0.367703 0.110167 -0.032704 1.000000 
0.008835 -0.805768 -0.869668 -0.633359 -1.605029 0.352780 0.109908 -0.032107 1.000000 
0.002385 -0.806850 -0.874588 -0.596522 -1.602268 0.337406 0.109653 -0.031552 1.000000 
-0.004074 -0.807655 -0.879212 -0.559670 -1.599631 0.321600 0.109403 -0.031039 1.000000 
-0.010537 -0.808186 -0.883542 -0.522808 -1.597123 0.305384 0.109156 -0.030565 1.000000 
-0.017004 -0.808445 -0.887577 -0.485942 -1.594746 0.288780 0.108914 -0.030128 1.000000 
-0.023472 -0.808435 -0.891317 -0.449077 -1.592504 0.271809 0.108674 -0.029726 1.000000 
-0.029938 -0.808158 -0.894763 -0.412215 -1.590398 0.254495 0.108438 -0.029359 1.000000 
-0.036401 -0.807617 -0.897913 -0.375362 -1.588433 0.236859 0.108204 -0.029024 1.000000 
-0.042859 -0.806812 -0.900768 -0.338519 -1.586609 0.218925 0.107973 -0.028721 1.000000 
-0.049310 -0.805748 -0.903329 -0.301690 -1.584931 0.200715 0.107745 -0.028449 1.000000 
-0.055751 -0.804424 -0.905595 -0.264876 -1.583399 0.182254 0.107518 -0.028206 1.000000 
-0.062180 -0.802843 -0.907567 -0.228081 -1.582015 0.163564 0.107293 -0.027991 1.000000 
-0.068595 -0.801007 -0.909245 -0.191305 -1.580782 0.144670 0.107070 -0.027805 1.000000 
-0.074995 -0.798916 -0.910628 -0.154551 -1.579701 0.125595 0.106848 -0.027646 1.000000 
-0.081377 -0.796571 -0.911718 -0.117818 -1.578773 0.106363 0.106628 -0.027513 1.000000 
-0.087740 -0.793975 -0.912513 -0.081109 -1.577999 0.086998 0.106408 -0.027407 1.000000 
-0.094080 -0.791127 -0.913015 -0.044424 -1.577381 0.067524 0.106189 -0.027327 1.000000 
-0.100397 -0.788029 -0.913224 -0.007764 -1.576919 0.047967 0.105971 -0.027272 1.000000 
-0.106688 -0.784681 -0.913140 0.028871 -1.576614 0.028349 0.105753 -0.027243 1.000000 
-0.112951 -0.781082 -0.912762 0.065481 -1.576466 0.008696 0.105535 -0.027239 1.000000 
-0.119185 -0.777235 -0.912092 0.102064 -1.576475 -0.010968 0.105317 -0.027260 1.000000 
-0.125386 -0.773138 -0.911129 0.138621 -1.576641 -0.030619 0.105099 -0.027306 1.000000 
-0.131554 -0.768792 -0.909874 0.175150 -1.576965 -0.050232 0.104880 -0.027378 1.000000 
-0.137686 -0.764195 -0.908327 0.211652 -1.577445 -0.069783 0.104661 -0.027476 1.000000 
-0.143781 -0.759349 -0.906488 0.248126 -1.578081 -0.089248 0.104440 -0.027599 1.000000 
-0.149835 -0.754253 -0.904357 0.284570 -1.578872 -0.108603 0.104219 -0.027749 1.000000 
-0.155848 -0.748905 -0.901935 0.320985 -1.579818 -0.127823 0.103996 -0.027926 1.000000 
-0.161817 -0.743306 -0.899221 0.357368 -1.580917 -0.146885 0.103772 -0.028130 1.000000 
-0.167740 -0.737453 -0.896217 0.393718 -1.582168 -0.165764 0.103546 -0.028361 1.000000 
-0.173616 -0.731348 -0.892922 0.430034 -1.583569 -0.184437 0.103318 -0.028622 1.000000 
-0.179441 -0.724987 -0.889337 0.466314 -1.585118 -0.202881 0.103088 -0.028912 1.000000 
-0.185215 -0.718371 -0.885461 0.502555 -1.586814 -0.221071 0.102855 -0.029233 1.000000 
-0.190934 -0.711498 -0.881296 0.538755 -1.588655 -0.238986 0.102620 -0.029586 1.000000 
-0.196598 -0.704367 -0.876841 0.574910 -1.590637 -0.256602 0.102382 -0.029971 1.000000 
-0.202204 -0.696976 -0.872097 0.611017 -1.592760 -0.273896 0.102141 -0.030390 1.000000 
-0.207749 -0.689325 -0.867065 0.647071 -1.595019 -0.290846 0.101896 -0.030845 1.000000 
-0.213232 -0.681411 -0.861744 0.683070 -1.597412 -0.307430 0.101647 -0.031337 1.000000 
-0.218651 -0.673234 -0.856136 0.719007 -1.599937 -0.323627 0.101394 -0.031869 1.000000 
-0.224003 -0.664793 -0.850241 0.754877 -1.602589 -0.339415 0.101137 -0.032441 1.000000 
-0.229287 -0.656085 -0.844058 0.790674 -1.605366 -0.354772 0.100875 -0.033056 1.000000 
-0.234500 -0.647110 -0.837590 0.826392 -1.608264 -0.369679 0.100608 -0.033716 1.000000 
-0.239640 -0.637866 -0.830836 0.862023 -1.611280 -0.384115 0.100335 -0.034425 1.000000 
-0.244705 -0.628353 -0.823798 0.897559 -1.614409 -0.398061 0.100057 -0.035183 1.000000 
-0.249693 -0.618569 -0.816476 0.932993 -1.617647 -0.411497 0.099772 -0.035996 1.000000 
-0.254601 -0.608513 -0.808870 0.968315 -1.620991 -0.424405 0.099481 -0.036866 1.000000 
-0.259428 -0.598184 -0.800983 1.003516 -1.624436 -0.436766 0.099182 -0.037796 1.000000 
-0.264172 -0.587582 -0.792814 1.038586 -1.627978 -0.448563 0.098876 -0.038790 1.000000 
-0.268829 -0.576706 -0.784366 1.073513 -1.631612 -0.459779 0.098562 -0.039853 1.000000 
-0.273398 -0.565555 -0.775639 1.108287 -1.635333 -0.470397 0.098238 -0.040990 1.000000 
-0.277877 -0.554130 -0.766634 1.142894 -1.639136 -0.480401 0.097905 -0.042204 1.000000 
-0.282263 -0.542430 -0.757353 1.177322 -1.643018 -0.489777 0.097563 -0.043503 1.000000 
-0.286555 -0.530455 -0.747797 1.211559 -1.646971 -0.498510 0.097209 -0.044893 1.000000 
-0.290750 -0.518205 -0.737968 1.245589 -1.650992 -0.506587 0.096844 -0.046378 1.000000 
-0.294846 -0.505682 -0.727868 1.279397 -1.655075 -0.513994 0.096467 -0.047969 1.000000 
-0.298840 -0.492886 -0.717499 1.312970 -1.659214 -0.520719 0.096076 -0.049671 1.000000 
-0.302731 -0.479818 -0.706861 1.346290 -1.663404 -0.526752 0.095672 -0.051494 1.000000 
-0.306517 -0.466479 -0.695959 1.379341 -1.667640 -0.532081 0.095252 -0.053447 1.000000 
-0.310194 -0.452872 -0.684793 1.412107 -1.671916 -0.536698 0.094816 -0.055542 1.000000 
-0.313762 -0.438997 -0.673366 1.444569 -1.676226 -0.540593 0.094363 -0.057789 1.000000 
-0.317217 -0.424858 -0.661680 1.476709 -1.680563 -0.543759 0.093891 -0.060201 1.000000 
-0.320559 -0.410457 -0.649739 1.508509 -1.684924 -0.546189 0.093399 -0.062793 1.000000 
-0.323784 -0.395797 -0.637545 1.539949 -1.689300 -0.547877 0.092886 -0.065580 1.000000 
-0.326891 -0.380882 -0.625101 1.571011 -1.693688 -0.548819 0.092350 -0.068579 1.000000 
-0.329877 -0.365714 -0.612410 1.601673 -1.698080 -0.549010 0.091788 -0.071808 1.000000 
-0.332742 -0.350298 -0.599476 1.631915 -1.702470 -0.548449 0.091200 -0.075288 1.000000 
-0.335482 -0.334638 -0.586301 1.661718 -1.706853 -0.547134 0.090583 -0.079042 1.000000 
-0.338095 -0.318739 -0.572889 1.691059 -1.711222 -0.545064 0.089934 -0.083095 1.000000 
-0.340581 -0.302607 -0.559245 1.719918 -1.715572 -0.542239 0.089252 -0.087474 1.000000 
-0.342936 -0.286246 -0.545372 1.748272 -1.719896 -0.538663 0.088534 -0.092210 1.000000 
-0.345160 -0.269663 -0.531274 1.776101 -1.724188 -0.534336 0.087776 -0.097336 1.000000 
-0.347250 -0.252864 -0.516956 1.803383 -1.728443 -0.529265 0.086975 -0.102890 1.000000 
-0.349205 -0.235856 -0.502421 1.830095 -1.732655 -0.523453 0.086129 -0.108911 1.000000 
-0.351024 -0.218645 -0.487676 1.856215 -1.736817 -0.516909 0.085231 -0.115445 1.000000 
-0.352703 -0.201240 -0.472724 1.881722 -1.740923 -0.509638 0.084280 -0.122540 1.000000 
-0.354243 -0.183648 -0.457570 1.906595 -1.744969 -0.501650 0.083269 -0.130250 1.000000 
-0.355641 -0.165877 -0.442220 1.930810 -1.748948 -0.492956 0.082194 -0.138634 1.000000 
-0.356896 -0.147937 -0.426679 1.954347 -1.752854 -0.483566 0.081049 -0.147755 1.000000 
-0.358008 -0.129836 -0.410952 1.977185 -1.756683 -0.473493 0.079828 -0.157681 1.000000 
-0.358973 -0.111583 -0.395046 1.999302 -1.760428 -0.462751 0.078524 -0.168487 1.000000 
-0.359793 -0.093189 -0.378965 2.020678 -1.764085 -0.451355 0.077130 -0.180253 1.000000 
-0.360464 -0.074663 -0.362717 2.041293 -1.767648 -0.439321 0.075637 -0.193061 1.000000 
-0.360987 -0.056016 -0.346307 2.061127 -1.771113 -0.426666 0.074038 -0.207000 1.000000 
-0.361360 -0.037258 -0.329741 2.080160 -1.774473 -0.413409 0.072322 -0.222159 1.000000 
-0.361583 -0.018401 -0.313026 2.098375 -1.777726 -0.399569 0.070479 -0.238629 1.000000 
-0.361654 0.000544 -0.296169 2.115753 -1.780865 -0.385168 0.068500 -0.256499 1.000000 
-0.361574 0.019565 -0.279177 2.132277 -1.783887 -0.370228 0.066372 -0.275853 1.000000 
-0.361341 0.038651 -0.262055 2.147930 -1.786787 -0.354770 0.064082 -0.296762 1.000000 
-0.360955 0.057789 -0.244812 2.162698 -1.789562 -0.338820 0.061619 -0.319283 1.000000 
-0.360416 0.076967 -0.227454 2.176564 -1.792207 -0.322403 0.058969 -0.343448 1.000000 
-0.359724 0.096173 -0.209989 2.189516 -1.794719 -0.305545 0.056119 -0.369257 1.000000 
-0.358877 0.115394 -0.192425 2.201540 -1.797095 -0.288272 0.053057 -0.396663 1.000000 
-0.357877 0.134617 -0.174767 2.212624 -1.799331 -0.270613 0.049769 -0.425565 1.000000 
-0.356724 0.153830 -0.157025 2.222759 -1.801424 -0.252596 0.046244 -0.455791 1.000000 
-0.355416 0.173018 -0.139206 2.231934 -1.803371 -0.234252 0.042473 -0.487088 1.000000 
-0.353955 0.192170 -0.121317 2.240140 -1.805171 -0.215610 0.038449 -0.519109 1.000000 
-0.352342 0.211271 -0.103366 2.247372 -1.806820 -0.196701 0.034167 -0.551406 1.000000 
-0.350575 0.230310 -0.085361 2.253622 -1.808317 -0.177556 0.029627 -0.583425 1.000000 
-0.348657 0.249273 -0.067311 2.258887 -1.809661 -0.158207 0.024835 -0.614516 1.000000 
-0.346587 0.268146 -0.049222 2.263162 -1.810848 -0.138686 0.019799 -0.643946 1.000000 
-0.344367 0.286918 -0.031103 2.266445 -1.811879 -0.119024 0.014538 -0.670929 1.000000 
-0.341997 0.305576 -0.012961 2.268737 -1.812752 -0.099254 0.009073 -0.694659 1.000000 
-0.339478 0.324107 0.005194 2.270037 -1.813467 -0.079408 0.003434 -0.714367 1.000000 
-0.336775 0.351529 0.023353 2.268879 -1.813828 -0.010852 0.003459 0.726849 -1.000000 
-0.333890 0.369691 0.041493 2.266028 -1.813835 0.009130 0.009296 0.731455 -1.000000 
-0.330861 0.387704 0.059607 2.262182 -1.813682 0.029172 0.015147 0.730441 -1.000000 
-0.327687 0.405555 0.077685 2.257339 -1.813368 0.049245 0.020968 0.723829 -1.000000 
-0.324372 0.423230 0.095721 2.251498 -1.812894 0.069319 0.026714 0.711857 -1.000000 
-0.320916 0.440717 0.113707 2.244661 -1.812259 0.089363 0.032345 0.694964 -1.000000 
-0.317321 0.458005 0.131633 2.236828 -1.811464 0.109345 0.037822 0.673750 -1.000000 
-0.313589 0.475079 0.149493 2.228003 -1.810510 0.129232 0.043115 0.648930 -1.000000 
-0.309721 0.491929 0.167279 2.218191 -1.809397 0.148992 0.048198 0.621276 -1.000000 
-0.305718 0.508542 0.184982 2.207396 -1.808127 0.168593 0.053050 0.591573 -1.000000 
-0.301585 0.524907 0.202594 2.195626 -1.806700 0.188002 0.057659 0.560570 -1.000000 
-0.297321 0.541013 0.220109 2.182890 -1.805119 0.207186 0.062018 0.528950 -1.000000 
-0.292929 0.556847 0.237518 2.169197 -1.803386 0.226114 0.066122 0.497308 -1.000000 
-0.288412 0.572400 0.254814 2.154557 -1.801502 0.244753 0.069976 0.466140 -1.000000 
-0.283771 0.587663 0.271989 2.138984 -1.799471 0.263073 0.073583 0.435839 -1.000000 
-0.279010 0.602623 0.289035 2.122489 -1.797294 0.281043 0.076952 0.406705 -1.000000 
-0.274130 0.617274 0.305946 2.105087 -1.794975 0.298633 0.080094 0.378949 -1.000000 
-0.269135 0.631606 0.322714 2.086794 -1.792517 0.315814 0.083020 0.352708 -1.000000 
-0.264025 0.645610 0.339332 2.067626 -1.789923 0.332558 0.085742 0.328055 -1.000000 
-0.258806 0.659279 0.355794 2.047599 -1.787197 0.348839 0.088273 0.305017 -1.000000 
-0.253478 0.672605 0.372092 2.026733 -1.784343 0.364629 0.090626 0.283579 -1.000000 
-0.248045 0.685582 0.388219 2.005047 -1.781364 0.379905 0.092814 0.263700 -1.000000 
-0.242510 0.698204 0.404170 1.982559 -1.778266 0.394641 0.094849 0.245315 -1.000000 
-0.236875 0.710464 0.419938 1.959290 -1.775052 0.408815 0.096743 0.228350 -1.000000 
-0.231143 0.722358 0.435517 1.935262 -1.771726 0.422406 0.098506 0.212721 -1.000000 
-0.225318 0.733880 0.450900 1.910495 -1.768295 0.435392 0.100150 0.198339 -1.000000 
-0.219402 0.745026 0.466083 1.885012 -1.764762 0.447754 0.101683 0.185117 -1.000000 
-0.213398 0.755794 0.481059 1.858836 -1.761132 0.459474 0.103115 0.172966 -1.000000 
-0.207310 0.766178 0.495822 1.831989 -1.757412 0.470536 0.104453 0.161803 -1.000000 
-0.201141 0.776177 0.510369 1.804494 -1.753606 0.480922 0.105706 0.151548 -1.000000 
-0.194893 0.785789 0.524693 1.776375 -1.749719 0.490620 0.106880 0.142125 -1.000000 
-0.188569 0.795011 0.538789 1.747656 -1.745758 0.499615 0.107982 0.133464 -1.000000 
-0.182173 0.803841 0.552654 1.718359 -1.741727 0.507896 0.109017 0.125500 -1.000000 
-0.175709 0.812281 0.566282 1.688510 -1.737633 0.515452 0.109992 0.118172 -1.000000 
-0.169178 0.820327 0.579668 1.658132 -1.733482 0.522273 0.110910 0.111426 -1.000000 
-0.162584 0.827981 0.592810 1.627248 -1.729279 0.528351 0.111776 0.105211 -1.000000 
-0.155931 0.835243 0.605703 1.595882 -1.725030 0.533680 0.112594 0.099480 -1.000000 
-0.149222 0.842114 0.618343 1.564058 -1.720742 0.538253 0.113369 0.094192 -1.000000 
-0.142459 0.848594 0.630727 1.531799 -1.716420 0.542066 0.114102 0.089309 -1.000000 
-0.135645 0.854685 0.642851 1.499129 -1.712071 0.545116 0.114799 0.084795 -1.000000 
-0.128785 0.860389 0.654712 1.466069 -1.707700 0.547400 0.115460 0.080620 -1.000000 
-0.121880 0.865707 0.666307 1.432643 -1.703315 0.548917 0.116089 0.076753 -1.000000 
-0.114934 0.870643 0.677633 1.398873 -1.698920 0.549668 0.116689 0.073171 -1.000000 
-0.107951 0.875198 0.688688 1.364779 -1.694522 0.549654 0.117261 0.069848 -1.000000 
-0.100932 0.879376 0.699469 1.330384 -1.690127 0.548878 0.117807 0.066764 -1.000000 
-0.093882 0.883179 0.709973 1.295708 -1.685742 0.547343 0.118330 0.063898 -1.000000 
-0.086802 0.886612 0.720200 1.260771 -1.681372 0.545054 0.118830 0.061234 -1.000000 
-0.079697 0.889677 0.730145 1.225593 -1.677023 0.542016 0.119310 0.058756 -1.000000 
-0.072568 0.892379 0.739808 1.190193 -1.672702 0.538236 0.119770 0.056448 -1.000000 
-0.065420 0.894720 0.749188 1.154590 -1.668413 0.533722 0.120213 0.054298 -1.000000 
-0.058254 0.896706 0.758281 1.118801 -1.664164 0.528482 0.120640 0.052294 -1.000000 
-0.051073 0.898339 0.767088 1.082843 -1.659959 0.522527 0.121050 0.050424 -1.000000 
-0.043881 0.899626 0.775607 1.046734 -1.655805 0.515866 0.121447 0.048679 -1.000000 
-0.036680 0.900569 0.783835 1.010488 -1.651707 0.508511 0.121830 0.047049 -1.000000 
-0.029473 0.901173 0.791774 0.974121 -1.647671 0.500474 0.122200 0.045527 -1.000000 
-0.022262 0.901442 0.799421 0.937648 -1.643702 0.491769 0.122558 0.044105 -1.000000 
-0.015051 0.901381 0.806776 0.901083 -1.639804 0.482409 0.122906 0.042775 -1.000000 
-0.007841 0.900995 0.813838 0.864438 -1.635985 0.472409 0.123243 0.041531 -1.000000 
-0.000636 0.900287 0.820607 0.827725 -1.632248 0.461784 0.123570 0.040369 -1.000000 
0.006563 0.899262 0.827082 0.790958 -1.628598 0.450551 0.123889 0.039282 -1.000000 
0.013752 0.897925 0.833262 0.754146 -1.625040 0.438725 0.124199 0.038265 -1.000000 
0.020929 0.896279 0.839148 0.717300 -1.621580 0.426324 0.124501 0.037315 -1.000000 
0.028091 0.894329 0.844739 0.680430 -1.618221 0.413367 0.124796 0.036426 -1.000000 
0.035237 0.892079 0.850035 0.643545 -1.614967 0.399872 0.125084 0.035597 -1.000000 
0.042364 0.889533 0.855036 0.606652 -1.611824 0.385858 0.125366 0.034822 -1.000000 
0.049469 0.886695 0.859741 0.569760 -1.608795 0.371344 0.125642 0.034099 -1.000000 
0.056550 0.883568 0.864152 0.532876 -1.605884 0.356351 0.125912 0.033425 -1.000000 
0.063605 0.880156 0.868267 0.496006 -1.603095 0.340899 0.126177 0.032798 -1.000000 
0.070632 0.876463 0.872088 0.459156 -1.600431 0.325009 0.126437 0.032214 -1.000000 
0.077628 0.872492 0.875614 0.422332 -1.597896 0.308703 0.126692 0.031673 -1.000000 
0.084591 0.868245 0.878845 0.385538 -1.595492 0.292003 0.126944 0.031172 -1.000000 
0.091519 0.863727 0.881783 0.348778 -1.593224 0.274930 0.127191 0.030708 -1.000000 
0.098410 0.858940 0.884426 0.312057 -1.591094 0.257507 0.127435 0.030281 -1.000000 
0.105261 0.853886 0.886776 0.275377 -1.589105 0.239757 0.127676 0.029889 -1.000000 
0.112071 0.848569 0.888832 0.238742 -1.587259 0.221704 0.127913 0.029531 -1.000000 
0.118838 0.842989 0.890596 0.202153 -1.585559 0.203369 0.128148 0.029205 -1.000000 
0.125558 0.837150 0.892067 0.165614 -1.584006 0.184778 0.128381 0.028910 -1.000000 
0.132231 0.831052 0.893246 0.129126 -1.582603 0.165954 0.128611 0.028645 -1.000000 
0.138855 0.824699 0.894133 0.092690 -1.581351 0.146921 0.128839 0.028410 -1.000000 
0.145426 0.818090 0.894729 0.056308 -1.580253 0.127703 0.129065 0.028203 -1.000000 
0.151943 0.811228 0.895034 0.019980 -1.579308 0.108324 0.129290 0.028025 -1.000000 
0.158405 0.804114 0.895049 -0.016292 -1.578520 0.088810 0.129514 0.027873 -1.000000 
0.164808 0.796748 0.894773 -0.052509 -1.577888 0.069184 0.129736 0.027749 -1.000000 
0.171152 0.789132 0.894209 -0.088668 -1.577413 0.049472 0.129958 0.027651 -1.000000 
0.177434 0.781265 0.893355 -0.124771 -1.577096 0.029698 0.130179 0.027579 -1.000000 
0.183652 0.773148 0.892212 -0.160816 -1.576938 0.009887 0.130399 0.027533 -1.000000 
0.189804 0.764782 0.890782 -0.196804 -1.576938 -0.009936 0.130620 0.027514 -1.000000 
0.195888 0.756166 0.889064 -0.232734 -1.577097 -0.029747 0.130840 0.027520 -1.000000 
0.201902 0.747300 0.887058 -0.268606 -1.577414 -0.049519 0.131060 0.027551 -1.000000 
0.207844 0.738184 0.884766 -0.304418 -1.577889 -0.069229 0.131281 0.027609 -1.000000 
0.213712 0.728817 0.882188 -0.340171 -1.578521 -0.088851 0.131502 0.027693 -1.000000 
0.219504 0.719200 0.879324 -0.375864 -1.579310 -0.108361 0.131724 0.027804 -1.000000 
0.225218 0.709331 0.876174 -0.411496 -1.580255 -0.127734 0.131947 0.027941 -1.000000 
0.230853 0.699210 0.872740 -0.447065 -1.581354 -0.146946 0.132171 0.028106 -1.000000 
0.236405 0.688836 0.869021 -0.482570 -1.582606 -0.165971 0.132396 0.028299 -1.000000 
0.241873 0.678207 0.865019 -0.518009 -1.584009 -0.184785 0.132624 0.028520 -1.000000 
0.247256 0.667324 0.860733 -0.553381 -1.585561 -0.203365 0.132853 0.028771 -1.000000 
0.252550 0.656185 0.856165 -0.588683 -1.587262 -0.221686 0.133084 0.029052 -1.000000 
0.257754 0.644790 0.851314 -0.623911 -1.589108 -0.239725 0.133318 0.029364 -1.000000 
0.262866 0.633136 0.846183 -0.659063 -1.591097 -0.257457 0.133554 0.029709 -1.000000 
0.267883 0.621224 0.840770 -0.694135 -1.593226 -0.274860 0.133793 0.030087 -1.000000 
0.272805 0.609051 0.835077 -0.729123 -1.595493 -0.291910 0.134035 0.030501 -1.000000 
0.277628 0.596618 0.829104 -0.764022 -1.597896 -0.308585 0.134281 0.030951 -1.000000 
0.282350 0.583923 0.822852 -0.798827 -1.600430 -0.324862 0.134531 0.031440 -1.000000 
0.286970 0.570965 0.816323 -0.833532 -1.603092 -0.340719 0.134784 0.031969 -1.000000 
0.291485 0.557744 0.809516 -0.868131 -1.605880 -0.356134 0.135042 0.032540 -1.000000 
0.295893 0.544259 0.802433 -0.902617 -1.608789 -0.371086 0.135305 0.033155 -1.000000 
0.300192 0.530510 0.795075 -0.936982 -1.611816 -0.385553 0.135573 0.033818 -1.000000 
0.304380 0.516495 0.787442 -0.971219 -1.614957 -0.399516 0.135846 0.034530 -1.000000 
0.308455 0.502216 0.779536 -1.005318 -1.618207 -0.412955 0.136126 0.035295 -1.000000 
0.312415 0.487671 0.771357 -1.039270 -1.621563 -0.425849 0.136411 0.036117 -1.000000 
0.316257 0.472861 0.762908 -1.073066 -1.625019 -0.438180 0.136704 0.036998 -1.000000 
0.319980 0.457787 0.754189 -1.106694 -1.628572 -0.449929 0.137003 0.037942 -1.000000 
0.323581 0.442448 0.745201 -1.140143 -1.632216 -0.461078 0.137311 0.038954 -1.000000 
0.327059 0.426847 0.735947 -1.173401 -1.635948 -0.471611 0.137627 0.040039 -1.000000 
0.330410 0.410983 0.726427 -1.206455 -1.639760 -0.481511 0.137952 0.041201 -1.000000 
0.333634 0.394858 0.716644 -1.239293 -1.643650 -0.490761 0.138286 0.042447 -1.000000 
0.336727 0.378475 0.706599 -1.271900 -1.647611 -0.499347 0.138631 0.043783 -1.000000 
0.339689 0.361834 0.696294 -1.304261 -1.651638 -0.507253 0.138987 0.045215 -1.000000 
0.342516 0.344939 0.685732 -1.336361 -1.655725 -0.514467 0.139355 0.046752 -1.000000 
0.345207 0.327792 0.674913 -1.368184 -1.659867 -0.520976 0.139735 0.048400 -1.000000 
0.347760 0.310396 0.663841 -1.399714 -1.664059 -0.526767 0.140130 0.050170 -1.000000 
0.350173 0.292754 0.652519 -1.430933 -1.668294 -0.531829 0.140538 0.052072 -1.000000 
0.352443 0.274870 0.640947 -1.461823 -1.672566 -0.536152 0.140963 0.054117 -1.000000 
0.354570 0.256749 0.629130 -1.492367 -1.676870 -0.539726 0.141405 0.056316 -1.000000 
0.356551 0.238395 0.617071 -1.522546 -1.681200 -0.542543 0.141865 0.058684 -1.000000 
0.358384 0.219812 0.604771 -1.552339 -1.685549 -0.544596 0.142344 0.061236 -1.000000 
0.360067 0.201007 0.592234 -1.581728 -1.689911 -0.545877 0.142845 0.063988 -1.000000 
0.361599 0.181985 0.579464 -1.610692 -1.694281 -0.546382 0.143369 0.066959 -1.000000 
0.362978 0.162753 0.566464 -1.639210 -1.698651 -0.546106 0.143917 0.070168 -1.000000 
0.364203 0.143316 0.553238 -1.667261 -1.703016 -0.545046 0.144492 0.073640 -1.000000 
0.365271 0.123683 0.539789 -1.694824 -1.707370 -0.543198 0.145096 0.077399 -1.000000 
0.366181 0.103861 0.526122 -1.721876 -1.711705 -0.540563 0.145731 0.081473 -1.000000 
0.366932 0.083857 0.512241 -1.748396 -1.716017 -0.537140 0.146400 0.085894 -1.000000 
0.367522 0.063681 0.498149 -1.774362 -1.720298 -0.532930 0.147107 0.090695 -1.000000 
0.367950 0.043341 0.483853 -1.799751 -1.724541 -0.527935 0.147853 0.095917 -1.000000 
0.368215 0.022847 0.469355 -1.824541 -1.728742 -0.522158 0.148642 0.101601 -1.000000 
0.368316 0.002208 0.454662 -1.848708 -1.732894 -0.515604 0.149480 0.107796 -1.000000 
0.368250 -0.018565 0.439777 -1.872230 -1.736990 -0.508279 0.150369 0.114555 -1.000000 
0.368018 -0.039462 0.424708 -1.895084 -1.741024 -0.500189 0.151314 0.121937 -1.000000 
0.367619 -0.060473 0.409458 -1.917249 -1.744991 -0.491343 0.152321 0.130007 -1.000000 
0.367050 -0.081584 0.394034 -1.938700 -1.748884 -0.481748 0.153396 0.138839 -1.000000 
0.366313 -0.102785 0.378441 -1.959416 -1.752697 -0.471417 0.154545 0.148513 -1.000000 
0.365406 -0.124064 0.362685 -1.979374 -1.756425 -0.460359 0.155775 0.159116 -1.000000 
0.364328 -0.145408 0.346773 -1.998553 -1.760061 -0.448588 0.157094 0.170746 -1.000000 
0.363079 -0.166804 0.330710 -2.016930 -1.763600 -0.436117 0.158510 0.183508 -1.000000 
0.361659 -0.188239 0.314504 -2.034485 -1.767037 -0.422960 0.160033 0.197515 -1.000000 
0.360067 -0.209700 0.298161 -2.051196 -1.770366 -0.409134 0.161674 0.212891 -1.000000 
0.358304 -0.231172 0.281687 -2.067043 -1.773581 -0.394654 0.163443 0.229762 -1.000000 
0.356368 -0.252643 0.265090 -2.082006 -1.776678 -0.379538 0.165354 0.248263 -1.000000 
0.354261 -0.274097 0.248378 -2.096065 -1.779652 -0.363806 0.167420 0.268529 -1.000000 
0.351983 -0.295520 0.231556 -2.109201 -1.782498 -0.347475 0.169656 0.290690 -1.000000 
0.349533 -0.316898 0.214633 -2.121396 -1.785210 -0.330567 0.172077 0.314869 -1.000000 
0.346913 -0.338216 0.197616 -2.132632 -1.787785 -0.313102 0.174699 0.341168 -1.000000 
0.344122 -0.359459 0.180513 -2.142892 -1.790219 -0.295102 0.177541 0.369659 -1.000000 
0.341162 -0.380611 0.163332 -2.152159 -1.792506 -0.276590 0.180620 0.400369 -1.000000 
0.338032 -0.401659 0.146081 -2.160417 -1.794643 -0.257588 0.183953 0.433257 -1.000000 
0.334735 -0.422585 0.128769 -2.167651 -1.796626 -0.238120 0.187558 0.468199 -1.000000 
0.331271 -0.443375 0.111402 -2.173847 -1.798451 -0.218211 0.191449 0.504958 -1.000000 
0.327642 -0.464014 0.093990 -2.178991 -1.800116 -0.197885 0.195641 0.543160 -1.000000 
0.323848 -0.484486 0.076541 -2.183070 -1.801617 -0.177169 0.200142 0.582274 -1.000000 
0.319890 -0.504774 0.059064 -2.186071 -1.802950 -0.156088 0.204958 0.621594 -1.000000 
0.315772 -0.524864 0.041567 -2.187984 -1.804113 -0.134671 0.210086 0.660232 -1.000000 
0.311493 -0.544738 0.024059 -2.188797 -1.805104 -0.112944 0.215517 0.697137 -1.000000 
0.307057 -0.564382 0.006549 -2.188501 -1.805919 -0.090939 0.221232 0.731125 -1.000000 
0.302464 -0.583778 -0.010954 -2.187087 -1.806558 -0.068685 0.227204 0.760945 -1.000000 
0.297717 -0.602911 -0.028442 -2.184547 -1.807018 -0.046215 0.233393 0.785361 -1.000000 
0.292818 -0.621763 -0.045904 -2.180875 -1.807297 -0.023562 0.239752 0.803264 -1.000000 
0.287769 -0.640318 -0.063333 -2.176066 -1.807394 -0.000763 0.246225 0.813770 -1.000000 
0.282574 -0.658559 -0.080718 -2.170116 -1.807309 0.022146 0.252751 0.816323 -1.000000 
0.277233 -0.676470 -0.098051 -2.163023 -1.807040 0.045125 0.259265 0.810755 -1.000000 
0.271751 -0.694033 -0.115323 -2.154786 -1.806587 0.068134 0.265702 0.797313 -1.000000 
0.266130 -0.711233 -0.132525 -2.145407 -1.805950 0.091131 0.272002 0.776625 -1.000000 
0.260372 -0.728053 -0.149647 -2.134889 -1.805129 0.114072 0.278111 0.749641 -1.000000 
0.254482 -0.744477 -0.166680 -2.123237 -1.804125 0.136913 0.283983 0.717523 -1.000000 
0.248462 -0.760490 -0.183616 -2.110458 -1.802939 0.159609 0.289581 0.681543 -1.000000 
0.242315 -0.776077 -0.200444 -2.096561 -1.801572 0.182115 0.294881 0.642975 -1.000000 
0.236046 -0.791225 -0.217158 -2.081558 -1.800025 0.204387 0.299865 0.603008 -1.000000 
0.229657 -0.805921 -0.233746 -2.065461 -1.798302 0.226378 0.304528 0.562687 -1.000000 
0.223152 -0.820151 -0.250202 -2.048285 -1.796404 0.248045 0.308870 0.522880 -1.000000 
0.216536 -0.833905 -0.266516 -2.030047 -1.794334 0.269344 0.312897 0.484266 -1.000000 
0.209811 -0.847172 -0.282680 -2.010766 -1.792096 0.290233 0.316622 0.447343 -1.000000 
0.202982 -0.859941 -0.298686 -1.990461 -1.789692 0.310670 0.320060 0.412449 -1.000000 
0.196053 -0.872206 -0.314525 -1.969154 -1.787126 0.330614 0.323228 0.379785 -1.000000 
0.189028 -0.883956 -0.330190 -1.946868 -1.784404 0.350027 0.326143 0.349442 -1.000000 
0.181912 -0.895186 -0.345672 -1.923627 -1.781528 0.368871 0.328825 0.321429 -1.000000 
0.174707 -0.905890 -0.360965 -1.899457 -1.778503 0.387110 0.331292 0.295693 -1.000000 
0.167419 -0.916063 -0.376061 -1.874384 -1.775335 0.404710 0.333562 0.272136 -1.000000 
0.160051 -0.925699 -0.390953 -1.848436 -1.772030 0.421639 0.335652 0.250637 -1.000000 
0.152609 -0.934797 -0.405634 -1.821643 -1.768591 0.437864 0.337577 0.231057 -1.000000 
0.145096 -0.943353 -0.420097 -1.794033 -1.765026 0.453357 0.339353 0.213251 -1.000000 
0.137517 -0.951365 -0.434336 -1.765636 -1.761339 0.468090 0.340993 0.197073 -1.000000 
0.129876 -0.958835 -0.448345 -1.736483 -1.757538 0.482038 0.342510 0.182382 -1.000000 
0.122177 -0.965760 -0.462118 -1.706606 -1.753629 0.495177 0.343915 0.169044 -1.000000 
0.114425 -0.972142 -0.475649 -1.676035 -1.749618 0.507485 0.345218 0.156931 -1.000000 
0.106624 -0.977984 -0.488933 -1.644803 -1.745512 0.518941 0.346429 0.145926 -1.000000 
0.098779 -0.983285 -0.501964 -1.612943 -1.741317 0.529528 0.347556 0.135924 -1.000000 
0.090893 -0.988051 -0.514738 -1.580485 -1.737041 0.539230 0.348606 0.126825 -1.000000 
0.082971 -0.992285 -0.527250 -1.547462 -1.732692 0.548031 0.349587 0.118540 -1.000000 
0.075018 -0.995990 -0.539496 -1.513907 -1.728275 0.555920 0.350505 0.110990 -1.000000 
0.067037 -0.999171 -0.551472 -1.479851 -1.723800 0.562885 0.351365 0.104101 -1.000000 
0.059032 -1.001835 -0.563173 -1.445325 -1.719272 0.568918 0.352172 0.097810 -1.000000 
0.051009 -1.003986 -0.574596 -1.410361 -1.714699 0.574012 0.352931 0.092058 -1.000000 
0.042970 -1.005631 -0.585737 -1.374990 -1.710090 0.578160 0.353646 0.086792 -1.000000 
0.034920 -1.006777 -0.596594 -1.339242 -1.705451 0.581361 0.354321 0.081967 -1.000000 
0.026863 -1.007431 -0.607164 -1.303146 -1.700791 0.583611 0.354959 0.077539 -1.000000 
0.018802 -1.007600 -0.617444 -1.266733 -1.696116 0.584911 0.355563 0.073472 -1.000000 
0.010743 -1.007293 -0.627431 -1.230029 -1.691435 0.585263 0.356135 0.069731 -1.000000 
0.002687 -1.006517 -0.637124 -1.193063 -1.686754 0.584670 0.356679 0.066288 -1.000000 
-0.005361 -1.005280 -0.646520 -1.155862 -1.682083 0.583136 0.357197 0.063114 -1.000000 
-0.013396 -1.003592 -0.655617 -1.118451 -1.677427 0.580669 0.357690 0.060186 -1.000000 
-0.021417 -1.001460 -0.664414 -1.080855 -1.672794 0.577276 0.358160 0.057483 -1.000000 
-0.029419 -0.998894 -0.672910 -1.043099 -1.668193 0.572966 0.358610 0.054983 -1.000000 
-0.037398 -0.995902 -0.681104 -1.005206 -1.663629 0.567750 0.359040 0.052671 -1.000000 
-0.045352 -0.992493 -0.688993 -0.967198 -1.659111 0.561640 0.359453 0.050530 -1.000000 
-0.053277 -0.988676 -0.696578 -0.929095 -1.654645 0.554651 0.359849 0.048546 -1.000000 
-0.061170 -0.984460 -0.703859 -0.890918 -1.650239 0.546796 0.360230 0.046706 -1.000000 
-0.069027 -0.979853 -0.710833 -0.852687 -1.645899 0.538092 0.360597 0.044999 -1.000000 
-0.076846 -0.974865 -0.717501 -0.814417 -1.641632 0.528556 0.360950 0.043414 -1.000000 
-0.084624 -0.969503 -0.723864 -0.776128 -1.637444 0.518206 0.361292 0.041942 -1.000000 
-0.092357 -0.963776 -0.729919 -0.737833 -1.633343 0.507062 0.361622 0.040574 -1.000000 
-0.100043 -0.957693 -0.735669 -0.699549 -1.629333 0.495144 0.361941 0.039303 -1.000000 
-0.107679 -0.951261 -0.741112 -0.661288 -1.625422 0.482473 0.362251 0.038122 -1.000000 
-0.115263 -0.944488 -0.746250 -0.623063 -1.621616 0.469071 0.362551 0.037023 -1.000000 
-0.122790 -0.937381 -0.751081 -0.584885 -1.617919 0.454962 0.362844 0.036002 -1.000000 
-0.130260 -0.929949 -0.755608 -0.546765 -1.614338 0.440170 0.363128 0.035054 -1.000000 
-0.137669 -0.922196 -0.759830 -0.508712 -1.610878 0.424720 0.363405 0.034173 -1.000000 
-0.145014 -0.914131 -0.763748 -0.470735 -1.607544 0.408636 0.363675 0.033355 -1.000000 
-0.152294 -0.905760 -0.767362 -0.432841 -1.604341 0.391946 0.363938 0.032596 -1.000000 
-0.159506 -0.897088 -0.770673 -0.395037 -1.601275 0.374675 0.364196 0.031893 -1.000000 
-0.166647 -0.888120 -0.773683 -0.357328 -1.598348 0.356852 0.364449 0.031242 -1.000000 
-0.173715 -0.878863 -0.776391 -0.319719 -1.595566 0.338504 0.364696 0.030641 -1.000000 
-0.180708 -0.869321 -0.778798 -0.282214 -1.592933 0.319661 0.364939 0.030087 -1.000000 
-0.187623 -0.859499 -0.780906 -0.244816 -1.590453 0.300350 0.365178 0.029578 -1.000000 
-0.194459 -0.849399 -0.782716 -0.207529 -1.588129 0.280601 0.365413 0.029110 -1.000000 
-0.201213 -0.839027 -0.784227 -0.170353 -1.585965 0.260444 0.365644 0.028683 -1.000000 
-0.207883 -0.828385 -0.785442 -0.133290 -1.583963 0.239910 0.365872 0.028295 -1.000000 
-0.214466 -0.817477 -0.786360 -0.096340 -1.582127 0.219029 0.366097 0.027943 -1.000000 
-0.220962 -0.806304 -0.786984 -0.059504 -1.580459 0.197831 0.366319 0.027628 -1.000000 
-0.227366 -0.794869 -0.787313 -0.022782 -1.578962 0.176349 0.366539 0.027346 -1.000000 
-0.233679 -0.783174 -0.787348 0.013829 -1.577638 0.154613 0.366756 0.027098 -1.000000 
-0.239896 -0.771220 -0.787092 0.050328 -1.576489 0.132655 0.366972 0.026882 -1.000000 
-0.246018 -0.759008 -0.786543 0.086718 -1.575516 0.110506 0.367187 0.026697 -1.000000 
-0.252040 -0.746539 -0.785704 0.122999 -1.574721 0.088199 0.367400 0.026543 -1.000000 
-0.257962 -0.733813 -0.784576 0.159175 -1.574106 0.065767 0.367611 0.026419 -1.000000 
-0.263780 -0.720831 -0.783158 0.195247 -1.573669 0.043240 0.367822 0.026325 -1.000000 
-0.269494 -0.707592 -0.781452 0.231216 -1.573414 0.020652 0.368033 0.026260 -1.000000 
-0.275101 -0.694095 -0.779459 0.267087 -1.573339 -0.001965 0.368243 0.026225 -1.000000 
-0.280599 -0.680340 -0.777179 0.302859 -1.573445 -0.024579 0.368452 0.026218 -1.000000 
-0.285986 -0.666326 -0.774613 0.338537 -1.573732 -0.047158 0.368662 0.026241 -1.000000 
-0.291259 -0.652051 -0.771763 0.374120 -1.574200 -0.069668 0.368872 0.026292 -1.000000 
-0.296418 -0.637515 -0.768628 0.409612 -1.574847 -0.092078 0.369083 0.026373 -1.000000 
-0.301459 -0.622715 -0.765209 0.445014 -1.575673 -0.114355 0.369294 0.026484 -1.000000 
-0.306381 -0.607651 -0.761508 0.480326 -1.576676 -0.136467 0.369507 0.026625 -1.000000 
-0.311181 -0.592319 -0.757524 0.515549 -1.577855 -0.158382 0.369720 0.026797 -1.000000 
-0.315857 -0.576719 -0.753259 0.550685 -1.579209 -0.180068 0.369936 0.027000 -1.000000 
-0.320407 -0.560848 -0.748713 0.585731 -1.580736 -0.201493 0.370152 0.027235 -1.000000 
-0.324830 -0.544705 -0.743888 0.620689 -1.582433 -0.222625 0.370371 0.027504 -1.000000 
-0.329122 -0.528286 -0.738782 0.655557 -1.584297 -0.243434 0.370593 0.027808 -1.000000 
-0.333282 -0.511591 -0.733399 0.690332 -1.586327 -0.263887 0.370816 0.028146 -1.000000 
-0.337307 -0.494618 -0.727737 0.725012 -1.588518 -0.283955 0.371043 0.028523 -1.000000 
-0.341195 -0.477364 -0.721799 0.759595 -1.590869 -0.303606 0.371273 0.028938 -1.000000 
-0.344944 -0.459829 -0.715584 0.794075 -1.593375 -0.322811 0.371506 0.029393 -1.000000 
-0.348551 -0.442009 -0.709094 0.828449 -1.596032 -0.341539 0.371743 0.029892 -1.000000 
-0.352015 -0.423905 -0.702329 0.862711 -1.598838 -0.359762 0.371985 0.030435 -1.000000 
-0.355333 -0.405516 -0.695291 0.896853 -1.601787 -0.377450 0.372230 0.031026 -1.000000 
-0.358503 -0.386839 -0.687980 0.930870 -1.604876 -0.394575 0.372481 0.031667 -1.000000 
-0.361522 -0.367876 -0.680397 0.964753 -1.608099 -0.411110 0.372737 0.032361 -1.000000 
-0.364388 -0.348625 -0.672544 0.998492 -1.611452 -0.427026 0.372999 0.033113 -1.000000 
-0.367099 -0.329087 -0.664422 1.032078 -1.614929 -0.442298 0.373267 0.033924 -1.000000 
-0.369653 -0.309263 -0.656031 1.065499 -1.618527 -0.456898 0.373542 0.034801 -1.000000 
-0.372046 -0.289153 -0.647374 1.098744 -1.622238 -0.470803 0.373824 0.035747 -1.000000 
-0.374278 -0.268758 -0.638452 1.131800 -1.626058 -0.483987 0.374114 0.036767 -1.000000 
-0.376346 -0.248082 -0.629266 1.164652 -1.629980 -0.496427 0.374413 0.037867 -1.000000 
-0.378247 -0.227125 -0.619818 1.197285 -1.633998 -0.508099 0.374720 0.039053 -1.000000 
-0.379979 -0.205892 -0.610110 1.229685 -1.638107 -0.518983 0.375038 0.040333 -1.000000 
-0.381540 -0.184386 -0.600144 1.261833 -1.642300 -0.529056 0.375366 0.041714 -1.000000 
-0.382929 -0.162610 -0.589922 1.293711 -1.646570 -0.538299 0.375705 0.043204 -1.000000 
-0.384141 -0.140570 -0.579445 1.325302 -1.650911 -0.546692 0.376057 0.044812 -1.000000 
-0.385177 -0.118271 -0.568718 1.356585 -1.655315 -0.554218 0.376423 0.046550 -1.000000 
-0.386033 -0.095719 -0.557741 1.387539 -1.659776 -0.560861 0.376803 0.048429 -1.000000 
-0.386708 -0.072921 -0.546518 1.418143 -1.664286 -0.566603 0.377198 0.050462 -1.000000 
-0.387199 -0.049884 -0.535052 1.448375 -1.668839 -0.571432 0.377610 0.052663 -1.000000 
-0.387505 -0.026616 -0.523345 1.478210 -1.673427 -0.575334 0.378041 0.055049 -1.000000 
-0.387624 -0.003126 -0.511401 1.507625 -1.678042 -0.578298 0.378492 0.057638 -1.000000 
-0.387555 0.020577 -0.499224 1.536596 -1.682677 -0.580312 0.378964 0.060450 -1.000000 
-0.387295 0.044481 -0.486817 1.565096 -1.687324 -0.581368 0.379460 0.063508 -1.000000 
-0.386843 0.068577 -0.474184 1.593100 -1.691976 -0.581460 0.379981 0.066838 -1.000000 
-0.386197 0.092852 -0.461329 1.620580 -1.696625 -0.580580 0.380530 0.070468 -1.000000 
-0.385356 0.117295 -0.448256 1.647510 -1.701263 -0.578725 0.381109 0.074431 -1.000000 
-0.384320 0.141891 -0.434970 1.673862 -1.705882 -0.575891 0.381722 0.078764 -1.000000 
-0.383086 0.166626 -0.421476 1.699607 -1.710474 -0.572078 0.382371 0.083507 -1.000000 
-0.381653 0.191487 -0.407778 1.724718 -1.715033 -0.567285 0.383059 0.088708 -1.000000 
-0.380022 0.216458 -0.393882 1.749165 -1.719548 -0.561516 0.383791 0.094418 -1.000000 
-0.378190 0.241523 -0.379793 1.772920 -1.724014 -0.554774 0.384571 0.100699 -1.000000 
-0.376157 0.266665 -0.365517 1.795953 -1.728422 -0.547064 0.385404 0.107616 -1.000000 
-0.373923 0.291867 -0.351060 1.818236 -1.732765 -0.538393 0.386295 0.115247 -1.000000 
-0.371487 0.317110 -0.336428 1.839740 -1.737034 -0.528771 0.387250 0.123678 -1.000000 
-0.368849 0.342377 -0.321626 1.860435 -1.741222 -0.518207 0.388276 0.133006 -1.000000 
-0.366009 0.367649 -0.306663 1.880293 -1.745323 -0.506715 0.389381 0.143341 -1.000000 
-0.362967 0.392905 -0.291544 1.899285 -1.749327 -0.494308 0.390573 0.154807 -1.000000 
-0.359723 0.418126 -0.276277 1.917384 -1.753229 -0.481001 0.391861 0.167545 -1.000000 
-0.356277 0.443290 -0.260868 1.934562 -1.757021 -0.466811 0.393257 0.181708 -1.000000 
-0.352630 0.468378 -0.245326 1.950791 -1.760696 -0.451758 0.394773 0.197470 -1.000000 
-0.348783 0.493367 -0.229658 1.966045 -1.764247 -0.435862 0.396422 0.215021 -1.000000 
-0.344737 0.518237 -0.213872 1.980298 -1.767668 -0.419143 0.398218 0.234568 -1.000000 
-0.340492 0.542965 -0.197976 1.993525 -1.770951 -0.401626 0.400181 0.256334 -1.000000 
-0.336050 0.567528 -0.181979 2.005701 -1.774092 -0.383334 0.402326 0.280552 -1.000000 
-0.331412 0.591906 -0.165888 2.016802 -1.777083 -0.364292 0.404677 0.307458 -1.000000 
-0.326580 0.616074 -0.149713 2.026806 -1.779918 -0.344529 0.407253 0.337284 -1.000000 
-0.321555 0.640011 -0.133462 2.035690 -1.782593 -0.324070 0.410081 0.370238 -1.000000 
-0.316340 0.663693 -0.117145 2.043434 -1.785102 -0.302945 0.413186 0.406481 -1.000000 
-0.310937 0.687098 -0.100770 2.050017 -1.787439 -0.281183 0.416594 0.446098 -1.000000 
-0.305348 0.710204 -0.084348 2.055420 -1.789599 -0.258815 0.420333 0.489058 -1.000000 
-0.299575 0.732987 -0.067887 2.059624 -1.791578 -0.235871 0.424427 0.535161 -1.000000 
-0.293621 0.755424 -0.051397 2.062612 -1.793371 -0.212384 0.428902 0.583985 -1.000000 
-0.287489 0.777493 -0.034888 2.064368 -1.794975 -0.188385 0.433777 0.634827 -1.000000 
-0.281182 0.799171 -0.018370 2.064876 -1.796384 -0.163909 0.439062 0.686649 -1.000000 
-0.274703 0.820434 -0.001854 2.064122 -1.797596 -0.138990 0.444762 0.738051 -1.000000 
-0.268056 0.841260 0.014652 2.062092 -1.798607 -0.113666 0.450865 0.787278 -1.000000 
-0.261244 0.861626 0.031137 2.058775 -1.799414 -0.087973 0.457347 0.832283 -1.000000 
-0.254271 0.881507 0.047589 2.054159 -1.800014 -0.061954 0.464165 0.870861 -1.000000 
-0.247141 0.900880 0.064000 2.048236 -1.800404 -0.035651 0.471258 0.900853 -1.000000 
-0.239859 0.919721 0.080357 2.040998 -1.800584 -0.009111 0.478550 0.920387 -1.000000 
-0.232427 0.938006 0.096652 2.032440 -1.800550 0.017615 0.485953 0.928129 -1.000000 
-0.224852 0.955712 0.112873 2.022558 -1.800301 0.044475 0.493367 0.923484 -1.000000 
-0.217138 0.972814 0.129009 2.011354 -1.799838 0.071409 0.500696 0.906691 -1.000000 
-0.209289 0.989290 0.145051 1.998829 -1.799159 0.098359 0.507845 0.878792 -1.000000 
-0.201311 1.005118 0.160987 1.984990 -1.798264 0.125261 0.514731 0.841482 -1.000000 
-0.193209 1.020275 0.176807 1.969845 -1.797155 0.152051 0.521289 0.796874 -1.000000 
-0.184988 1.034744 0.192501 1.953407 -1.795832 0.178663 0.527468 0.747237 -1.000000 
-0.176655 1.048505 0.208059 1.935691 -1.794297 0.205031 0.533237 0.694765 -1.000000 
-0.168214 1.061542 0.223469 1.916715 -1.792552 0.231087 0.538582 0.641401 -1.000000 
-0.159672 1.073839 0.238723 1.896501 -1.790601 0.256768 0.543502 0.588737 -1.000000 
-0.151035 1.085385 0.253810 1.875073 -1.788445 0.282008 0.548007 0.537978 -1.000000 
-0.142308 1.096167 0.268721 1.852458 -1.786090 0.306744 0.552117 0.489964 -1.000000 
-0.133498 1.106177 0.283446 1.828685 -1.783539 0.330915 0.555855 0.445213 -1.000000 
-0.124611 1.115407 0.297977 1.803787 -1.780797 0.354463 0.559249 0.403983 -1.000000 
-0.115654 1.123852 0.312304 1.777798 -1.777869 0.377331 0.562328 0.366340 -1.000000 
-0.106632 1.131507 0.326419 1.750752 -1.774761 0.399464 0.565120 0.332206 -1.000000 
-0.097552 1.138371 0.340313 1.722689 -1.771480 0.420811 0.567653 0.301414 -1.000000 
-0.088420 1.144444 0.353979 1.693646 -1.768031 0.441322 0.569951 0.273740 -1.000000 
-0.079243 1.149727 0.367409 1.663666 -1.764421 0.460952 0.572040 0.248934 -1.000000 
-0.070026 1.154223 0.380595 1.632789 -1.760658 0.479658 0.573941 0.226735 -1.000000 
-0.060777 1.157936 0.393531 1.601058 -1.756749 0.497399 0.575674 0.206887 -1.000000 
-0.051501 1.160873 0.406210 1.568518 -1.752702 0.514137 0.577257 0.189146 -1.000000 
-0.042205 1.163041 0.418625 1.535211 -1.748526 0.529838 0.578705 0.173287 -1.000000 
-0.032895 1.164448 0.430771 1.501184 -1.744228 0.544471 0.580034 0.159101 -1.000000 
-0.023576 1.165104 0.442643 1.466480 -1.739817 0.558008 0.581255 0.146401 -1.000000 
-0.014255 1.165021 0.454233 1.431144 -1.735302 0.570422 0.582380 0.135018 -1.000000 
-0.004938 1.164209 0.465539 1.395222 -1.730693 0.581693 0.583418 0.124804 -1.000000 
0.004370 1.162684 0.476556 1.358759 -1.725999 0.591799 0.584379 0.115625 -1.000000 
0.013663 1.160457 0.487278 1.321797 -1.721228 0.600725 0.585271 0.107364 -1.000000 
0.022936 1.157545 0.497703 1.284382 -1.716390 0.608458 0.586099 0.099917 -1.000000 
0.032182 1.153962 0.507827 1.246556 -1.711496 0.614986 0.586871 0.093194 -1.000000 
0.041398 1.149724 0.517647 1.208360 -1.706554 0.620303 0.587592 0.087114 -1.000000 
0.050576 1.144847 0.527160 1.169838 -1.701574 0.624402 0.588267 0.081607 -1.000000 
0.059713 1.139350 0.536364 1.131028 -1.696566 0.627283 0.588899 0.076611 -1.000000 
0.068804 1.133249 0.545256 1.091969 -1.691541 0.628945 0.589494 0.072071 -1.000000 
0.077844 1.126561 0.553835 1.052700 -1.686506 0.629392 0.590054 0.067939 -1.000000 
0.086828 1.119304 0.562099 1.013257 -1.681474 0.628629 0.590582 0.064173 -1.000000 
0.095751 1.111497 0.570046 0.973674 -1.676452 0.626665 0.591081 0.060736 -1.000000 
0.104610 1.103156 0.577677 0.933985 -1.671450 0.623509 0.591554 0.057594 -1.000000 
0.113400 1.094300 0.584990 0.894223 -1.666479 0.619175 0.592003 0.054719 -1.000000 
0.122118 1.084946 0.591984 0.854417 -1.661546 0.613677 0.592430 0.052084 -1.000000 
0.130758 1.075112 0.598661 0.814595 -1.656663 0.607032 0.592837 0.049667 -1.000000 
0.139318 1.064814 0.605018 0.774786 -1.651837 0.599260 0.593226 0.047446 -1.000000 
0.147794 1.054070 0.611057 0.735013 -1.647078 0.590381 0.593597 0.045405 -1.000000 
0.156182 1.042895 0.616778 0.695301 -1.642394 0.580418 0.593953 0.043527 -1.000000 
0.164479 1.031306 0.622182 0.655670 -1.637794 0.569396 0.594294 0.041798 -1.000000 
0.172682 1.019318 0.627269 0.616142 -1.633286 0.557340 0.594622 0.040204 -1.000000 
0.180787 1.006946 0.632041 0.576733 -1.628879 0.544279 0.594937 0.038735 -1.000000 
0.188792 0.994203 0.636497 0.537461 -1.624580 0.530240 0.595242 0.037380 -1.000000 
0.196694 0.981104 0.640641 0.498340 -1.620398 0.515256 0.595536 0.036130 -1.000000 
0.204489 0.967661 0.644471 0.459383 -1.616339 0.499357 0.595820 0.034976 -1.000000 
0.212175 0.953886 0.647991 0.420602 -1.612410 0.482577 0.596096 0.033912 -1.000000 
0.219750 0.939790 0.651202 0.382006 -1.608620 0.464949 0.596363 0.032930 -1.000000 
0.227211 0.925384 0.654104 0.343604 -1.604973 0.446509 0.596623 0.032025 -1.000000 
0.234556 0.910678 0.656700 0.305402 -1.601478 0.427293 0.596876 0.031191 -1.000000 
0.241781 0.895680 0.658991 0.267405 -1.598139 0.407337 0.597122 0.030424 -1.000000 
0.248886 0.880400 0.660979 0.229618 -1.594962 0.386680 0.597362 0.029718 -1.000000 
0.255867 0.864843 0.662665 0.192043 -1.591953 0.365359 0.597598 0.029071 -1.000000 
0.262722 0.849016 0.664052 0.154682 -1.589118 0.343415 0.597828 0.028479 -1.000000 
0.269450 0.832926 0.665141 0.117534 -1.586460 0.320886 0.598053 0.027938 -1.000000 
0.276049 0.816576 0.665933 0.080599 -1.583985 0.297813 0.598275 0.027446 -1.000000 
0.282515 0.799971 0.666431 0.043874 -1.581697 0.274237 0.598493 0.027000 -1.000000 
0.288847 0.783113 0.666636 0.007358 -1.579599 0.250199 0.598707 0.026598 -1.000000 
0.295044 0.766006 0.666549 -0.028953 -1.577695 0.225741 0.598918 0.026238 -1.000000 
0.301103 0.748651 0.666173 -0.065065 -1.575988 0.200906 0.599127 0.025918 -1.000000 
0.307022 0.731049 0.665509 -0.100980 -1.574481 0.175734 0.599333 0.025637 -1.000000 
0.312799 0.713200 0.664558 -0.136707 -1.573177 0.150270 0.599537 0.025394 -1.000000 
0.318432 0.695103 0.663322 -0.172249 -1.572077 0.124556 0.599740 0.025186 -1.000000 
0.323920 0.676758 0.661802 -0.207613 -1.571185 0.098635 0.599940 0.025014 -1.000000 
0.329260 0.658163 0.660000 -0.242807 -1.570500 0.072551 0.600140 0.024877 -1.000000 
0.334450 0.639315 0.657918 -0.277836 -1.570024 0.046347 0.600338 0.024773 -1.000000 
0.339488 0.620212 0.655555 -0.312708 -1.569758 0.020066 0.600536 0.024703 -1.000000 
0.344373 0.600851 0.652915 -0.347429 -1.569703 -0.006248 0.600734 0.024666 -1.000000 
0.349101 0.581228 0.649997 -0.382005 -1.569858 -0.032550 0.600931 0.024662 -1.000000 
0.353672 0.561338 0.646803 -0.416443 -1.570224 -0.058798 0.601128 0.024692 -1.000000 
0.358082 0.541179 0.643334 -0.450750 -1.570799 -0.084948 0.601326 0.024754 -1.000000 
0.362330 0.520744 0.639591 -0.484930 -1.571583 -0.110956 0.601525 0.024850 -1.000000 
0.366413 0.500029 0.635576 -0.518989 -1.572574 -0.136779 0.601724 0.024980 -1.000000 
0.370329 0.479030 0.631288 -0.552932 -1.573770 -0.162372 0.601924 0.025144 -1.000000 
0.374077 0.457742 0.626729 -0.586761 -1.575171 -0.187694 0.602126 0.025344 -1.000000 
0.377653 0.436159 0.621900 -0.620481 -1.576773 -0.212700 0.602330 0.025581 -1.000000 
0.381054 0.414276 0.616802 -0.654094 -1.578573 -0.237347 0.602536 0.025855 -1.000000 
0.384280 0.392089 0.611435 -0.687600 -1.580569 -0.261594 0.602744 0.026169 -1.000000 
0.387327 0.369594 0.605800 -0.721001 -1.582757 -0.285398 0.602954 0.026523 -1.000000 
0.390193 0.346784 0.599899 -0.754295 -1.585134 -0.308716 0.603168 0.026920 -1.000000 
0.392875 0.323658 0.593732 -0.787481 -1.587695 -0.331507 0.603385 0.027361 -1.000000 
0.395370 0.300211 0.587300 -0.820556 -1.590437 -0.353731 0.603606 0.027849 -1.000000 
0.397677 0.276439 0.580603 -0.853515 -1.593353 -0.375345 0.603831 0.028387 -1.000000 
0.399793 0.252340 0.573644 -0.886352 -1.596441 -0.396310 0.604060 0.028978 -1.000000 
0.401714 0.227912 0.566422 -0.919062 -1.599693 -0.416587 0.604295 0.029625 -1.000000 
0.403438 0.203153 0.558939 -0.951635 -1.603104 -0.436136 0.604535 0.030332 -1.000000 
0.404963 0.178063 0.551196 -0.984061 -1.606669 -0.454920 0.604780 0.031103 -1.000000 
0.406286 0.152642 0.543195 -1.016330 -1.610381 -0.472900 0.605032 0.031942 -1.000000 
0.407405 0.126890 0.534935 -1.048429 -1.614233 -0.490041 0.605292 0.032856 -1.000000 
0.408316 0.100809 0.526420 -1.080343 -1.618219 -0.506307 0.605558 0.033849 -1.000000 
0.409017 0.074401 0.517651 -1.112056 -1.622331 -0.521662 0.605833 0.034929 -1.000000 
0.409505 0.047672 0.508628 -1.143552 -1.626563 -0.536075 0.606117 0.036103 -1.000000 
0.409779 0.020624 0.499354 -1.174811 -1.630906 -0.549511 0.606411 0.037378 -1.000000 
0.409835 -0.006735 0.489832 -1.205813 -1.635353 -0.561942 0.606716 0.038765 -1.000000 
0.409670 -0.034399 0.480062 -1.236537 -1.639894 -0.573335 0.607032 0.040274 -1.000000 
0.409283 -0.062360 0.470048 -1.266958 -1.644523 -0.583664 0.607361 0.041916 -1.000000 
0.408672 -0.090608 0.459792 -1.297052 -1.649230 -0.592902 0.607703 0.043704 -1.000000 
0.407833 -0.119133 0.449296 -1.326793 -1.654006 -0.601023 0.608060 0.045653 -1.000000 
0.406765 -0.147922 0.438564 -1.356153 -1.658843 -0.608005 0.608434 0.047781 -1.000000 
0.405465 -0.176963 0.427599 -1.385102 -1.663731 -0.613824 0.608825 0.050105 -1.000000 
0.403933 -0.206240 0.416403 -1.413612 -1.668661 -0.618463 0.609236 0.052647 -1.000000 
0.402165 -0.235737 0.404982 -1.441650 -1.673624 -0.621903 0.609668 0.055432 -1.000000 
0.400160 -0.265438 0.393338 -1.469184 -1.678609 -0.624127 0.610124 0.058486 -1.000000 
0.397918 -0.295324 0.381477 -1.496180 -1.683606 -0.625124 0.610605 0.061843 -1.000000 
0.395435 -0.325373 0.369401 -1.522605 -1.688607 -0.624881 0.611114 0.065537 -1.000000 
0.392711 -0.355566 0.357117 -1.548421 -1.693601 -0.623389 0.611654 0.069610 -1.000000 
0.389745 -0.385879 0.344628 -1.573594 -1.698578 -0.620643 0.612229 0.074108 -1.000000 
0.386537 -0.416289 0.331941 -1.598086 -1.703528 -0.616637 0.612841 0.079087 -1.000000 
0.383085 -0.446769 0.319061 -1.621860 -1.708441 -0.611369 0.613496 0.084608 -1.000000 
0.379388 -0.477294 0.305993 -1.644879 -1.713307 -0.604842 0.614197 0.090744 -1.000000 
0.375448 -0.507836 0.292745 -1.667104 -1.718115 -0.597058 0.614950 0.097577 -1.000000 
0.371263 -0.538366 0.279322 -1.688498 -1.722856 -0.588022 0.615760 0.105203 -1.000000 
0.366834 -0.568854 0.265731 -1.709021 -1.727520 -0.577745 0.616635 0.113734 -1.000000 
0.362162 -0.599270 0.251980 -1.728637 -1.732097 -0.566237 0.617583 0.123296 -1.000000 
0.357246 -0.629581 0.238075 -1.747307 -1.736577 -0.553513 0.618611 0.134040 -1.000000 
0.352089 -0.659755 0.224025 -1.764993 -1.740950 -0.539588 0.619731 0.146138 -1.000000 
0.346690 -0.689758 0.209838 -1.781658 -1.745207 -0.524483 0.620954 0.159787 -1.000000 
0.341053 -0.719557 0.195522 -1.797267 -1.749339 -0.508218 0.622292 0.175218 -1.000000 
0.335178 -0.749116 0.181085 -1.811783 -1.753335 -0.490818 0.623762 0.192695 -1.000000 
0.329068 -0.778401 0.166536 -1.825172 -1.757189 -0.472310 0.625382 0.212518 -1.000000 
0.322725 -0.807375 0.151885 -1.837399 -1.760890 -0.452722 0.627170 0.235027 -1.000000 
0.316151 -0.836003 0.137141 -1.848432 -1.764429 -0.432085 0.629150 0.260606 -1.000000 
0.309350 -0.864250 0.122313 -1.858238 -1.767800 -0.410433 0.631349 0.289672 -1.000000 
0.302324 -0.892077 0.107413 -1.866789 -1.770994 -0.387799 0.633795 0.322677 -1.000000 
0.295078 -0.919450 0.092448 -1.874053 -1.774002 -0.364221 0.636523 0.360084 -1.000000 
0.287614 -0.946333 0.077431 -1.880004 -1.776819 -0.339734 0.639570 0.402344 -1.000000 
0.279938 -0.972688 0.062372 -1.884614 -1.779436 -0.314379 0.642975 0.449850 -1.000000 
0.272053 -0.998481 0.047281 -1.887858 -1.781847 -0.288194 0.646782 0.502868 -1.000000 
0.263964 -1.023675 0.032170 -1.889711 -1.784045 -0.261220 0.651036 0.561441 -1.000000 
0.255675 -1.048235 0.017049 -1.890151 -1.786024 -0.233498 0.655779 0.625267 -1.000000 
0.247194 -1.072126 0.001931 -1.889156 -1.787779 -0.205069 0.661052 0.693542 -1.000000 
0.238523 -1.095311 -0.013173 -1.886705 -1.789304 -0.175976 0.666884 0.764803 -1.000000 
0.229671 -1.117757 -0.028252 -1.882778 -1.790593 -0.146263 0.673291 0.836791 -1.000000 
0.220641 -1.139426 -0.043294 -1.877358 -1.791642 -0.115977 0.680266 0.906398 -1.000000 
0.211442 -1.160283 -0.058286 -1.870427 -1.792447 -0.085168 0.687777 0.969766 -1.000000 
0.202079 -1.180290 -0.073216 -1.861971 -1.793004 -0.053891 0.695754 1.022593 -1.000000 
0.192560 -1.199411 -0.088073 -1.851978 -1.793308 -0.022206 0.704099 1.060666 -1.000000 
0.182891 -1.217608 -0.102844 -1.840438 -1.793358 0.009817 0.712676 1.080538 -1.000000 
0.173080 -1.234843 -0.117516 -1.827347 -1.793151 0.042101 0.721333 1.080196 -1.000000 
0.163136 -1.251078 -0.132077 -1.812704 -1.792684 0.074562 0.729905 1.059494 -1.000000 
0.153066 -1.266279 -0.146515 -1.796514 -1.791957 0.107107 0.738235 1.020208 -1.000000 
0.142879 -1.280411 -0.160817 -1.778786 -1.790970 0.139636 0.746188 0.965677 -1.000000 
0.132582 -1.293444 -0.174972 -1.759537 -1.789723 0.172048 0.753657 0.900158 -1.000000 
0.122186 -1.305350 -0.188966 -1.738788 -1.788218 0.204236 0.760573 0.828116 -1.000000 
0.111700 -1.316106 -0.202788 -1.716566 -1.786457 0.236094 0.766900 0.753629 -1.000000 
0.101132 -1.325692 -0.216427 -1.692902 -1.784442 0.267516 0.772633 0.680011 -1.000000 
0.090492 -1.334094 -0.229871 -1.667835 -1.782178 0.298399 0.777789 0.609682 -1.000000 
0.079790 -1.341299 -0.243109 -1.641406 -1.779669 0.328642 0.782401 0.544199 -1.000000 
0.069034 -1.347303 -0.256130 -1.613660 -1.776921 0.358148 0.786512 0.484399 -1.000000 
0.058236 -1.352102 -0.268924 -1.584646 -1.773941 0.386823 0.790168 0.430573 -1.000000 
0.047404 -1.355697 -0.281481 -1.554419 -1.770735 0.414578 0.793417 0.382636 -1.000000 
0.036548 -1.358095 -0.293792 -1.523033 -1.767310 0.441330 0.796305 0.340264 -1.000000 
0.025678 -1.359303 -0.305847 -1.490548 -1.763676 0.466998 0.798874 0.303004 -1.000000 
0.014802 -1.359333 -0.317638 -1.457023 -1.759842 0.491509 0.801165 0.270346 -1.000000 
0.003931 -1.358203 -0.329157 -1.422521 -1.755815 0.514793 0.803211 0.241773 -1.000000 
-0.006926 -1.355929 -0.340396 -1.387107 -1.751608 0.536788 0.805043 0.216793 -1.000000 
-0.017761 -1.352533 -0.351348 -1.350844 -1.747230 0.557434 0.806688 0.194948 -1.000000 
-0.028564 -1.348039 -0.362007 -1.313798 -1.742693 0.576678 0.808169 0.175831 -1.000000 
-0.039326 -1.342472 -0.372367 -1.276037 -1.738007 0.594474 0.809507 0.159076 -1.000000 
-0.050040 -1.335863 -0.382422 -1.237624 -1.733185 0.610778 0.810720 0.144369 -1.000000 
-0.060697 -1.328239 -0.392167 -1.198628 -1.728239 0.625554 0.811822 0.131432 -1.000000 
-0.071290 -1.319633 -0.401599 -1.159111 -1.723181 0.638772 0.812827 0.120028 -1.000000 
-0.081809 -1.310079 -0.410712 -1.119139 -1.718023 0.650403 0.813746 0.109952 -1.000000 
-0.092248 -1.299611 -0.419504 -1.078775 -1.712779 0.660428 0.814589 0.101029 -1.000000 
-0.102600 -1.288263 -0.427971 -1.038081 -1.707460 0.668830 0.815365 0.093108 -1.000000 
-0.112858 -1.276073 -0.436112 -0.997116 -1.702082 0.675599 0.816081 0.086060 -1.000000 
-0.123015 -1.263076 -0.443925 -0.955938 -1.696655 0.680729 0.816744 0.079774 -1.000000 
-0.133066 -1.249310 -0.451407 -0.914603 -1.691194 0.684217 0.817359 0.074154 -1.000000 
-0.143002 -1.234811 -0.458558 -0.873166 -1.685712 0.686068 0.817932 0.069119 -1.000000 
-0.152821 -1.219617 -0.465377 -0.831677 -1.680222 0.686288 0.818467 0.064598 -1.000000 
-0.162515 -1.203764 -0.471865 -0.790185 -1.674736 0.684889 0.818967 0.060529 -1.000000 
-0.172079 -1.187287 -0.478021 -0.748736 -1.669268 0.681887 0.819436 0.056861 -1.000000 
-0.181510 -1.170223 -0.483845 -0.707373 -1.663830 0.677301 0.819878 0.053548 -1.000000 
-0.190801 -1.152607 -0.489339 -0.666137 -1.658435 0.671155 0.820294 0.050550 -1.000000 
-0.199950 -1.134470 -0.494504 -0.625064 -1.653096 0.663475 0.820687 0.047832 -1.000000 
-0.208952 -1.115847 -0.499340 -0.584189 -1.647823 0.654291 0.821060 0.045364 -1.000000 
-0.217802 -1.096769 -0.503851 -0.543544 -1.642631 0.643636 0.821414 0.043121 -1.000000 
-0.226499 -1.077264 -0.508038 -0.503156 -1.637529 0.631546 0.821750 0.041080 -1.000000 
-0.235037 -1.057362 -0.511902 -0.463052 -1.632530 0.618059 0.822071 0.039219 -1.000000 
-0.243415 -1.037089 -0.515447 -0.423252 -1.627644 0.603215 0.822378 0.037522 -1.000000 
-0.251630 -1.016471 -0.518675 -0.383776 -1.622882 0.587059 0.822672 0.035973 -1.000000 
-0.259678 -0.995530 -0.521589 -0.344641 -1.618254 0.569634 0.822954 0.034558 -1.000000 
-0.267558 -0.974289 -0.524191 -0.305861 -1.613771 0.550990 0.823225 0.033265 -1.000000 
-0.275266 -0.952767 -0.526484 -0.267445 -1.609442 0.531173 0.823487 0.032084 -1.000000 
-0.282801 -0.930982 -0.528471 -0.229402 -1.605275 0.510235 0.823739 0.031004 -1.000000 
-0.290161 -0.908949 -0.530155 -0.191738 -1.601281 0.488228 0.823983 0.030018 -1.000000 
-0.297344 -0.886684 -0.531539 -0.154456 -1.597466 0.465205 0.824220 0.029118 -1.000000 
-0.304347 -0.864198 -0.532627 -0.117556 -1.593840 0.441220 0.824449 0.028297 -1.000000 
-0.311170 -0.841501 -0.533421 -0.081038 -1.590409 0.416329 0.824673 0.027549 -1.000000 
-0.317811 -0.818601 -0.533925 -0.044898 -1.587181 0.390588 0.824890 0.026870 -1.000000 
-0.324267 -0.795506 -0.534141 -0.009130 -1.584162 0.364054 0.825103 0.026255 -1.000000 
-0.330538 -0.772219 -0.534072 0.026272 -1.581358 0.336786 0.825310 0.025699 -1.000000 
-0.336622 -0.748744 -0.533721 0.061317 -1.578775 0.308841 0.825514 0.025199 -1.000000 
-0.342518 -0.725081 -0.533092 0.096015 -1.576418 0.280279 0.825714 0.024752 -1.000000 
-0.348223 -0.701231 -0.532186 0.130377 -1.574292 0.251160 0.825910 0.024355 -1.000000 
-0.353737 -0.677190 -0.531007 0.164416 -1.572401 0.221542 0.826104 0.024006 -1.000000 
-0.359058 -0.652956 -0.529556 0.198144 -1.570749 0.191487 0.826294 0.023702 -1.000000 
-0.364184 -0.628524 -0.527837 0.231576 -1.569338 0.161055 0.826483 0.023441 -1.000000 
-0.369114 -0.603886 -0.525852 0.264727 -1.568173 0.130307 0.826670 0.023223 -1.000000 
-0.373845 -0.579036 -0.523602 0.297611 -1.567254 0.099303 0.826855 0.023046 -1.000000 
-0.378378 -0.553964 -0.521091 0.330243 -1.566584 0.068106 0.827038 0.022908 -1.000000 
-0.382708 -0.528662 -0.518319 0.362639 -1.566165 0.036775 0.827221 0.022810 -1.000000 
-0.386836 -0.503118 -0.515289 0.394814 -1.565996 0.005373 0.827403 0.022750 -1.000000 
-0.390757 -0.477322 -0.512002 0.426782 -1.566079 -0.026038 0.827585 0.022728 -1.000000 
-0.394472 -0.451260 -0.508461 0.458558 -1.566412 -0.057398 0.827767 0.022745 -1.000000 
-0.397977 -0.424921 -0.504666 0.490156 -1.566997 -0.088645 0.827949 0.022800 -1.000000 
-0.401270 -0.398292 -0.500619 0.521589 -1.567830 -0.119718 0.828132 0.022893 -1.000000 
-0.404349 -0.371360 -0.496321 0.552869 -1.568912 -0.150554 0.828316 0.023026 -1.000000 
-0.407211 -0.344111 -0.491773 0.584007 -1.570238 -0.181092 0.828501 0.023199 -1.000000 
-0.409854 -0.316532 -0.486977 0.615012 -1.571808 -0.211272 0.828687 0.023413 -1.000000 
-0.412274 -0.288611 -0.481934 0.645893 -1.573618 -0.241033 0.828875 0.023669 -1.000000 
-0.414470 -0.260335 -0.476643 0.676658 -1.575663 -0.270312 0.829066 0.023970 -1.000000 
-0.416439 -0.231691 -0.471107 0.707310 -1.577941 -0.299050 0.829259 0.024316 -1.000000 
-0.418177 -0.202668 -0.465327 0.737855 -1.580447 -0.327185 0.829455 0.024711 -1.000000 
-0.419681 -0.173256 -0.459302 0.768293 -1.583174 -0.354659 0.829654 0.025156 -1.000000 
-0.420948 -0.143445 -0.453034 0.798624 -1.586119 -0.381412 0.829858 0.025656 -1.000000 
-0.421975 -0.113226 -0.446524 0.828846 -1.589275 -0.407383 0.830065 0.026212 -1.000000 
-0.422758 -0.082592 -0.439773 0.858954 -1.592635 -0.432516 0.830277 0.026830 -1.000000 
-0.423295 -0.051536 -0.432781 0.888942 -1.596193 -0.456752 0.830495 0.027513 -1.000000 
-0.423582 -0.020055 -0.425550 0.918800 -1.599941 -0.480033 0.830718 0.028267 -1.000000 
-0.423615 0.011854 -0.418081 0.948517 -1.603871 -0.502304 0.830947 0.029097 -1.000000 
-0.423391 0.044193 -0.410374 0.978079 -1.607975 -0.523511 0.831183 0.030009 -1.000000 
-0.422906 0.076961 -0.402432 1.007470 -1.612244 -0.543597 0.831427 0.031012 -1.000000 
-0.422158 0.110154 -0.394255 1.036670 -1.616669 -0.562512 0.831680 0.032113 -1.000000 
-0.421143 0.143767 -0.385846 1.065660 -1.621241 -0.580204 0.831941 0.033321 -1.000000 
-0.419857 0.177793 -0.377205 1.094414 -1.625949 -0.596623 0.832213 0.034648 -1.000000 
-0.418297 0.212222 -0.368336 1.122906 -1.630783 -0.611721 0.832496 0.036105 -1.000000 
-0.416460 0.247041 -0.359240 1.151108 -1.635733 -0.625452 0.832791 0.037707 -1.000000 
-0.414343 0.282236 -0.349919 1.178989 -1.640787 -0.637773 0.833100 0.039469 -1.000000 
-0.411944 0.317790 -0.340377 1.206515 -1.645933 -0.648641 0.833423 0.041410 -1.000000 
-0.409258 0.353680 -0.330616 1.233650 -1.651161 -0.658019 0.833763 0.043550 -1.000000 
-0.406284 0.389886 -0.320640 1.260356 -1.656457 -0.665868 0.834121 0.045914 -1.000000 
-0.403019 0.426381 -0.310451 1.286594 -1.661811 -0.672156 0.834498 0.048529 -1.000000 
-0.399461 0.463136 -0.300055 1.312320 -1.667208 -0.676853 0.834898 0.051427 -1.000000 
-0.395608 0.500120 -0.289456 1.337493 -1.672636 -0.679930 0.835322 0.054645 -1.000000 
-0.391459 0.537299 -0.278657 1.362065 -1.678082 -0.681363 0.835773 0.058227 -1.000000 
-0.387011 0.574636 -0.267665 1.385990 -1.683533 -0.681133 0.836255 0.062223 -1.000000 
-0.382264 0.612091 -0.256483 1.409220 -1.688976 -0.679223 0.836770 0.066692 -1.000000 
-0.377217 0.649623 -0.245119 1.431705 -1.694396 -0.675620 0.837323 0.071703 -1.000000 
-0.371870 0.687186 -0.233578 1.453394 -1.699781 -0.670316 0.837919 0.077338 -1.000000 
-0.366222 0.724733 -0.221867 1.474237 -1.705117 -0.663306 0.838563 0.083692 -1.000000 
-0.360274 0.762215 -0.209993 1.494182 -1.710390 -0.654590 0.839260 0.090880 -1.000000 
-0.354027 0.799579 -0.197963 1.513176 -1.715586 -0.644172 0.840019 0.099037 -1.000000 
-0.347482 0.836773 -0.185785 1.531168 -1.720692 -0.632062 0.840848 0.108323 -1.000000 
-0.340639 0.873740 -0.173467 1.548106 -1.725694 -0.618272 0.841756 0.118931 -1.000000 
-0.333503 0.910424 -0.161018 1.563939 -1.730580 -0.602821 0.842755 0.131091 -1.000000 
-0.326074 0.946764 -0.148447 1.578615 -1.735335 -0.585731 0.843858 0.145077 -1.000000 
-0.318355 0.982701 -0.135763 1.592085 -1.739947 -0.567029 0.845082 0.161219 -1.000000 
-0.310352 1.018174 -0.122977 1.604299 -1.744403 -0.546746 0.846445 0.179911 -1.000000 
-0.302066 1.053121 -0.110098 1.615211 -1.748691 -0.524918 0.847969 0.201626 -1.000000 
-0.293503 1.087479 -0.097137 1.624775 -1.752798 -0.501583 0.849680 0.226925 -1.000000 
-0.284668 1.121185 -0.084105 1.632946 -1.756712 -0.476784 0.851611 0.256472 -1.000000 
-0.275566 1.154176 -0.071014 1.639681 -1.760423 -0.450568 0.853797 0.291040 -1.000000 
-0.266203 1.186390 -0.057874 1.644940 -1.763918 -0.422982 0.856283 0.331519 -1.000000 
-0.256586 1.217763 -0.044699 1.648683 -1.767187 -0.394079 0.859120 0.378900 -1.000000 
-0.246722 1.248233 -0.031499 1.650874 -1.770220 -0.363911 0.862367 0.434235 -1.000000 
-0.236617 1.277740 -0.018289 1.651478 -1.773006 -0.332530 0.866092 0.498559 -1.000000 
-0.226280 1.306222 -0.005080 1.650461 -1.775537 -0.299991 0.870370 0.572738 -1.000000 
-0.215720 1.333618 0.008114 1.647791 -1.777803 -0.266347 0.875283 0.657218 -1.000000 
-0.204946 1.359870 0.021280 1.643436 -1.779796 -0.231649 0.880912 0.751657 -1.000000 
-0.193966 1.384917 0.034404 1.637366 -1.781507 -0.195948 0.887332 0.854431 -1.000000 
-0.182790 1.408700 0.047473 1.629552 -1.782928 -0.159298 0.894596 0.962076 -1.000000 
-0.171430 1.431157 0.060473 1.619965 -1.784053 -0.121752 0.902723 1.068843 -1.000000 
-0.159896 1.452224 0.073388 1.608578 -1.784874 -0.083371 0.911674 1.166654 -1.000000 
-0.148198 1.471836 0.086205 1.595366 -1.785385 -0.044226 0.921340 1.245821 -1.000000 
-0.136350 1.489925 0.098909 1.580310 -1.785580 -0.004407 0.931531 1.296707 -1.000000 
-0.124364 1.506421 0.111485 1.563396 -1.785454 0.035976 0.941992 1.312069 -1.000000 
-0.112252 1.521254 0.123918 1.544620 -1.785003 0.076787 0.952422 1.289213 -1.000000 
-0.100028 1.534357 0.136194 1.523988 -1.784225 0.117871 0.962524 1.230937 -1.000000 
-0.087707 1.545669 0.148297 1.501520 -1.783117 0.159049 0.972042 1.144713 -1.000000 
-0.075302 1.555138 0.160213 1.477245 -1.781680 0.200134 0.980792 1.040534 -1.000000 
-0.062830 1.562721 0.171928 1.451206 -1.779916 0.240931 0.988670 0.928468 -1.000000 
-0.050304 1.568386 0.183428 1.423454 -1.777827 0.281247 0.995649 0.816855 -1.000000 
-0.037741 1.572113 0.194699 1.394050 -1.775418 0.320891 1.001757 0.711529 -1.000000 
-0.025155 1.573895 0.205729 1.363066 -1.772695 0.359680 1.007059 0.615864 -1.000000 
-0.012564 1.573734 0.216504 1.330578 -1.769666 0.397437 1.011640 0.531280 -1.000000 
0.000019 1.571642 0.227014 1.296670 -1.766339 0.433997 1.015589 0.457870 -1.000000 
0.012578 1.567642 0.237247 1.261431 -1.762725 0.469204 1.018994 0.394937 -1.000000 
0.025096 1.561766 0.247194 1.224955 -1.758836 0.502912 1.021934 0.341400 -1.000000 
0.037561 1.554054 0.256844 1.187341 -1.754683 0.534988 1.024478 0.296048 -1.000000 
0.049956 1.544552 0.266188 1.148689 -1.750281 0.565307 1.026689 0.257698 -1.000000 
0.062269 1.533315 0.275220 1.109101 -1.745643 0.593759 1.028617 0.225268 -1.000000 
0.074485 1.520403 0.283932 1.068683 -1.740786 0.620243 1.030306 0.197805 -1.000000 
0.086591 1.505881 0.292317 1.027537 -1.735725 0.644670 1.031793 0.174495 -1.000000 
0.098575 1.489820 0.300371 0.985770 -1.730477 0.666962 1.033108 0.154653 -1.000000 
0.110424 1.472293 0.308088 0.943484 -1.725059 0.687054 1.034275 0.137706 -1.000000 
0.122128 1.453378 0.315465 0.900781 -1.719490 0.704890 1.035317 0.123181 -1.000000 
0.133675 1.433154 0.322500 0.857760 -1.713787 0.720426 1.036252 0.110683 -1.000000 
0.145055 1.411702 0.329189 0.814517 -1.707969 0.733627 1.037093 0.099891 -1.000000 
0.156259 1.389105 0.335532 0.771147 -1.702055 0.744471 1.037854 0.090535 -1.000000 
0.167278 1.365447 0.341527 0.727737 -1.696064 0.752943 1.038545 0.082395 -1.000000 
0.178104 1.340809 0.347176 0.684374 -1.690014 0.759040 1.039175 0.075287 -1.000000 
0.188729 1.315274 0.352478 0.641137 -1.683926 0.762766 1.039752 0.069059 -1.000000 
0.199146 1.288923 0.357434 0.598103 -1.677816 0.764136 1.040282 0.063583 -1.000000 
0.209349 1.261834 0.362048 0.555340 -1.671706 0.763171 1.040771 0.058753 -1.000000 
0.219334 1.234085 0.366321 0.512915 -1.665612 0.759902 1.041223 0.054481 -1.000000 
0.229093 1.205750 0.370256 0.470886 -1.659553 0.754364 1.041644 0.050690 -1.000000 
0.238624 1.176898 0.373856 0.429306 -1.653548 0.746601 1.042035 0.047319 -1.000000 
0.247922 1.147598 0.377126 0.388223 -1.647614 0.736664 1.042402 0.044312 -1.000000 
0.256985 1.117912 0.380069 0.347679 -1.641767 0.724607 1.042745 0.041625 -1.000000 
0.265808 1.087900 0.382690 0.307711 -1.636025 0.710491 1.043068 0.039218 -1.000000 
0.274390 1.057618 0.384994 0.268348 -1.630405 0.694380 1.043373 0.037059 -1.000000 
0.282729 1.027115 0.386985 0.229616 -1.624920 0.676345 1.043662 0.035119 -1.000000 
0.290824 0.996436 0.388670 0.191534 -1.619588 0.656459 1.043936 0.033373 -1.000000 
0.298672 0.965624 0.390052 0.154115 -1.614422 0.634797 1.044196 0.031801 -1.000000 
0.306273 0.934713 0.391137 0.117370 -1.609436 0.611439 1.044445 0.030383 -1.000000 
0.313627 0.903735 0.391932 0.081302 -1.604643 0.586466 1.044683 0.029105 -1.000000 
0.320733 0.872716 0.392440 0.045912 -1.600056 0.559962 1.044911 0.027951 -1.000000 
0.327591 0.841677 0.392668 0.011193 -1.595687 0.532013 1.045130 0.026912 -1.000000 
0.334200 0.810633 0.392621 -0.022861 -1.591548 0.502704 1.045342 0.025975 -1.000000 
0.340561 0.779597 0.392304 -0.056264 -1.587648 0.472125 1.045546 0.025132 -1.000000 
0.346674 0.748576 0.391722 -0.089031 -1.583997 0.440364 1.045744 0.024375 -1.000000 
0.352538 0.717570 0.390881 -0.121182 -1.580605 0.407512 1.045937 0.023698 -1.000000 
0.358155 0.686579 0.389785 -0.152738 -1.577479 0.373657 1.046124 0.023093 -1.000000 
0.363523 0.655596 0.388439 -0.183722 -1.574629 0.338891 1.046306 0.022557 -1.000000 
0.368644 0.624610 0.386847 -0.214162 -1.572059 0.303305 1.046485 0.022084 -1.000000 
0.373517 0.593608 0.385014 -0.244085 -1.569778 0.266990 1.046660 0.021671 -1.000000 
0.378142 0.562572 0.382943 -0.273519 -1.567789 0.230037 1.046832 0.021314 -1.000000 
0.382518 0.531481 0.380638 -0.302497 -1.566099 0.192537 1.047001 0.021010 -1.000000 
0.386645 0.500312 0.378104 -0.331047 -1.564710 0.154582 1.047168 0.020757 -1.000000 
0.390523 0.469037 0.375343 -0.359203 -1.563626 0.116262 1.047333 0.020554 -1.000000 
0.394150 0.437629 0.372358 -0.386995 -1.562850 0.077670 1.047497 0.020398 -1.000000 
0.397524 0.406056 0.369152 -0.414455 -1.562384 0.038895 1.047660 0.020289 -1.000000 
0.400646 0.374285 0.365727 -0.441614 -1.562228 0.000030 1.047822 0.020225 -1.000000 
0.403512 0.342283 0.362087 -0.468500 -1.562383 -0.038834 1.047983 0.020206 -1.000000 
0.406122 0.310014 0.358232 -0.495143 -1.562849 -0.077606 1.048145 0.020233 -1.000000 
0.408472 0.277443 0.354165 -0.521569 -1.563625 -0.116195 1.048307 0.020304 -1.000000 
0.410560 0.244533 0.349887 -0.547805 -1.564708 -0.154509 1.048470 0.020422 -1.000000 
0.412383 0.211249 0.345400 -0.573872 -1.566096 -0.192456 1.048634 0.020586 -1.000000 
0.413939 0.177554 0.340706 -0.599793 -1.567786 -0.229944 1.048800 0.020799 -1.000000 
0.415223 0.143413 0.335804 -0.625585 -1.569773 -0.266882 1.048967 0.021061 -1.000000 
0.416232 0.108792 0.330697 -0.651264 -1.572054 -0.303176 1.049137 0.021375 -1.000000 
0.416962 0.073660 0.325384 -0.676843 -1.574622 -0.338736 1.049309 0.021743 -1.000000 
0.417409 0.037985 0.319867 -0.702331 -1.577472 -0.373467 1.049485 0.022169 -1.000000 
0.417569 0.001739 0.314147 -0.727733 -1.580595 -0.407279 1.049664 0.022656 -1.000000 
0.417435 -0.035102 0.308224 -0.753053 -1.583986 -0.440078 1.049847 0.023208 -1.000000 
0.417005 -0.072563 0.302098 -0.778288 -1.587634 -0.471773 1.050035 0.023831 -1.000000 
0.416273 -0.110661 0.295772 -0.803432 -1.591531 -0.502272 1.050229 0.024530 -1.000000 
0.000000 0.000000 0.000000 0.000000 0.000000 0.000000 0.000000 0.000000 0.000000 
