0.478083 -0.378936 0.438741 -0.734748 -1.713315 -1.220534 1.305441 0.005524 -1.000000 
0.474884 -0.421085 0.432719 -0.770959 -1.723253 -1.263503 1.305487 0.005794 -1.000000 
0.471341 -0.464915 0.426402 -0.808320 -1.733525 -1.303889 1.305534 0.006092 -1.000000 
0.467441 -0.510430 0.419783 -0.846806 -1.744108 -1.341523 1.305584 0.006421 -1.000000 
0.463170 -0.557621 0.412850 -0.886381 -1.754981 -1.376234 1.305637 0.006785 -1.000000 
0.458514 -0.606466 0.405598 -0.926998 -1.766120 -1.407850 1.305693 0.007188 -1.000000 
0.453462 -0.656934 0.398016 -0.968601 -1.777498 -1.436198 1.305752 0.007635 -1.000000 
0.447999 -0.708976 0.390098 -1.011118 -1.789090 -1.461107 1.305815 0.008134 -1.000000 
0.442114 -0.762533 0.381836 -1.054468 -1.800866 -1.482408 1.305882 0.008692 -1.000000 
0.435795 -0.817532 0.373224 -1.098560 -1.812798 -1.499936 1.305954 0.009317 -1.000000 
0.429030 -0.873884 0.364257 -1.143287 -1.824855 -1.513530 1.306032 0.010022 -1.000000 
0.421809 -0.931486 0.354930 -1.188533 -1.837004 -1.523035 1.306115 0.010820 -1.000000 
0.414123 -0.990222 0.345240 -1.234171 -1.849212 -1.528306 1.306205 0.011727 -1.000000 
0.405963 -1.049960 0.335183 -1.280062 -1.861445 -1.529208 1.306303 0.012763 -1.000000 
0.397322 -1.110553 0.324758 -1.326056 -1.873667 -1.525615 1.306410 0.013954 -1.000000 
0.388192 -1.171843 0.313966 -1.371993 -1.885842 -1.517416 1.306527 0.015331 -1.000000 
0.378571 -1.233654 0.302807 -1.417705 -1.897933 -1.504514 1.306656 0.016934 -1.000000 
0.368453 -1.295802 0.291284 -1.463013 -1.909902 -1.486831 1.306798 0.018813 -1.000000 
0.357837 -1.358087 0.279400 -1.507733 -1.921710 -1.464304 1.306958 0.021033 -1.000000 
0.346724 -1.420299 0.267162 -1.551673 -1.933318 -1.436892 1.307136 0.023677 -1.000000 
0.335113 -1.482218 0.254576 -1.594634 -1.944687 -1.404574 1.307338 0.026858 -1.000000 
0.323010 -1.543615 0.241651 -1.636417 -1.955778 -1.367353 1.307568 0.030722 -1.000000 
0.310418 -1.604253 0.228397 -1.676818 -1.966552 -1.325254 1.307832 0.035470 -1.000000 
0.297344 -1.663888 0.214826 -1.715630 -1.976969 -1.278328 1.308138 0.041376 -1.000000 
0.283799 -1.722275 0.200952 -1.752650 -1.986992 -1.226651 1.308498 0.048828 -1.000000 
0.269792 -1.779164 0.186789 -1.787675 -1.996583 -1.170323 1.308925 0.058374 -1.000000 
0.255337 -1.834305 0.172355 -1.820506 -2.005705 -1.109469 1.309440 0.070822 -1.000000 
0.240448 -1.887449 0.157667 -1.850949 -2.014323 -1.044241 1.310069 0.087378 -1.000000 
0.225144 -1.938352 0.142747 -1.878819 -2.022402 -0.974812 1.310853 0.109905 -1.000000 
0.209441 -1.986775 0.127614 -1.903936 -2.029909 -0.901374 1.311851 0.141371 -1.000000 
0.193362 -2.032487 0.112291 -1.926131 -2.036814 -0.824136 1.313152 0.186693 -1.000000 
0.176929 -2.075269 0.096804 -1.945247 -2.043086 -0.743317 1.314897 0.254367 -1.000000 
0.160166 -2.114912 0.081176 -1.961135 -2.048698 -0.659129 1.317321 0.359845 -1.000000 
0.143100 -2.151225 0.065435 -1.973656 -2.053623 -0.571758 1.320833 0.532926 -1.000000 
0.125756 -2.184037 0.049607 -1.982675 -2.057838 -0.481311 1.326186 0.835065 -1.000000 
0.108165 -2.213200 0.033722 -1.988051 -2.061316 -0.387712 1.334886 1.402560 -1.000000 
0.090355 -2.238605 0.017808 -1.989599 -2.064031 -0.290412 1.350157 2.557408 -1.000000 
0.072357 -2.260198 0.001899 -1.986991 -2.065948 -0.187545 1.379312 5.050993 -1.000000 
0.054202 -2.277980 -0.013970 -1.979376 -2.067003 -0.073276 1.437703 9.983903 -1.000000 
0.035921 -2.291436 -0.029751 -1.964231 -2.067050 0.067451 1.539027 14.438840 -1.000000 
0.017560 -2.296889 -0.045366 -1.937182 -2.065816 0.246667 1.642678 10.161063 -1.000000 
-0.000792 -2.288666 -0.060711 -1.896932 -2.063052 0.445696 1.699010 4.470925 -1.000000 
-0.019016 -2.264618 -0.075683 -1.844051 -2.058677 0.648167 1.723011 1.925924 -1.000000 
-0.036984 -2.224574 -0.090182 -1.778764 -2.052689 0.847896 1.733839 0.928497 -1.000000 
-0.054568 -2.169079 -0.104112 -1.701749 -2.045130 1.040430 1.739334 0.500703 -1.000000 
-0.071650 -2.099157 -0.117382 -1.614127 -2.036071 1.222190 1.742426 0.295243 -1.000000 
-0.088120 -2.016175 -0.129913 -1.517306 -2.025611 1.390398 1.744310 0.186482 -1.000000 
-0.103879 -1.921746 -0.141639 -1.412862 -2.013866 1.542943 1.745531 0.124214 -1.000000 
-0.118842 -1.817652 -0.152503 -1.302465 -2.000970 1.678289 1.746361 0.086248 -1.000000 
-0.132940 -1.705772 -0.162467 -1.187819 -1.987062 1.795409 1.746947 0.061889 -1.000000 
-0.146119 -1.588028 -0.171502 -1.070609 -1.972293 1.893742 1.747373 0.045590 -1.000000 
-0.158338 -1.466325 -0.179594 -0.952454 -1.956813 1.973144 1.747690 0.034292 -1.000000 
-0.169574 -1.342504 -0.186742 -0.834872 -1.940773 2.033848 1.747930 0.026224 -1.000000 
-0.179817 -1.218298 -0.192957 -0.719250 -1.924320 2.076412 1.748115 0.020310 -1.000000 
-0.189070 -1.095306 -0.198259 -0.606821 -1.907596 2.101670 1.748259 0.015874 -1.000000 
-0.197349 -0.974960 -0.202678 -0.498651 -1.890737 2.110676 1.748372 0.012476 -1.000000 
-0.204680 -0.858517 -0.206251 -0.395630 -1.873866 2.104655 1.748460 0.009823 -1.000000 
-0.211099 -0.747044 -0.209023 -0.298476 -1.857099 2.084949 1.748530 0.007714 -1.000000 
-0.216648 -0.641423 -0.211044 -0.207734 -1.840539 2.052974 1.748585 0.006007 -1.000000 
-0.221379 -0.542347 -0.212365 -0.123789 -1.824280 2.010176 1.748627 0.004600 -1.000000 
-0.225345 -0.450339 -0.213043 -0.046877 -1.808401 1.957992 1.748659 0.003421 -1.000000 
-0.228604 -0.365755 -0.213134 0.022898 -1.792973 1.897824 1.748682 0.002414 -1.000000 
-0.231217 -0.288807 -0.212696 0.085551 -1.778054 1.831008 1.748698 0.001538 -1.000000 
-0.233246 -0.219575 -0.211784 0.141197 -1.763691 1.758800 1.748707 0.000761 -1.000000 
-0.234571 -0.201950 -0.210295 0.149722 -1.761088 1.681705 1.748713 0.000614 -1.000000 
-0.235770 -0.195952 -0.208754 0.148147 -1.761243 1.604040 1.748718 0.000608 -1.000000 
-0.236934 -0.190220 -0.207239 0.146889 -1.761398 1.526334 1.748724 0.000603 -1.000000 
-0.238065 -0.184731 -0.205748 0.145939 -1.761552 1.448589 1.748729 0.000599 -1.000000 
-0.239166 -0.179464 -0.204278 0.145288 -1.761707 1.370808 1.748735 0.000595 -1.000000 
-0.240239 -0.174400 -0.202827 0.144926 -1.761863 1.292992 1.748740 0.000593 -1.000000 
-0.241287 -0.169517 -0.201393 0.144844 -1.762018 1.215144 1.748745 0.000591 -1.000000 
-0.242312 -0.164798 -0.199974 0.145030 -1.762173 1.137265 1.748750 0.000590 -1.000000 
-0.243315 -0.160224 -0.198569 0.145472 -1.762328 1.059357 1.748755 0.000589 -1.000000 
-0.244298 -0.155776 -0.197174 0.146158 -1.762484 0.981421 1.748760 0.000589 -1.000000 
-0.245263 -0.151438 -0.195790 0.147076 -1.762639 0.903459 1.748765 0.000590 -1.000000 
-0.246211 -0.147193 -0.194413 0.148213 -1.762795 0.825472 1.748770 0.000591 -1.000000 
-0.247144 -0.143025 -0.193044 0.149554 -1.762951 0.747460 1.748775 0.000594 -1.000000 
-0.248063 -0.138918 -0.191679 0.151086 -1.763107 0.669425 1.748780 0.000596 -1.000000 
-0.248969 -0.134856 -0.190318 0.152795 -1.763262 0.591367 1.748785 0.000599 -1.000000 
-0.249862 -0.130825 -0.188959 0.154665 -1.763418 0.513286 1.748790 0.000603 -1.000000 
-0.250745 -0.126811 -0.187603 0.156683 -1.763574 0.435184 1.748795 0.000607 -1.000000 
-0.251617 -0.122800 -0.186247 0.158832 -1.763730 0.357061 1.748800 0.000612 -1.000000 
-0.252479 -0.118777 -0.184890 0.161097 -1.763887 0.278917 1.748805 0.000616 -1.000000 
-0.253331 -0.114730 -0.183533 0.163462 -1.764043 0.200751 1.748811 0.000622 -1.000000 
-0.254175 -0.110647 -0.182174 0.165909 -1.764199 0.122566 1.748816 0.000627 -1.000000 
-0.255011 -0.106514 -0.180813 0.168424 -1.764356 0.044359 1.748821 0.000633 -1.000000 
-0.255838 -0.102320 -0.179449 0.170988 -1.764521 -0.033867 1.748826 0.000639 -1.000000 
-0.256639 -0.097917 -0.178071 0.173658 -1.765105 -0.112085 1.748831 0.000662 -1.000000 
-0.257403 -0.092925 -0.176670 0.176651 -1.766314 -0.190251 1.748836 0.000711 -1.000000 
-0.258123 -0.086935 -0.175243 0.180199 -1.768149 -0.268322 1.748842 0.000785 -1.000000 
-0.258790 -0.079540 -0.173785 0.184530 -1.770607 -0.346240 1.748849 0.000885 -1.000000 
-0.259391 -0.070329 -0.172288 0.189861 -1.773688 -0.423925 1.748857 0.001009 -1.000000 
-0.259910 -0.058891 -0.170744 0.196402 -1.777389 -0.501278 1.748865 0.001159 -1.000000 
-0.260326 -0.044817 -0.169142 0.204355 -1.781707 -0.578164 1.748875 0.001334 -1.000000 
-0.260619 -0.027702 -0.167470 0.213910 -1.786638 -0.654416 1.748887 0.001534 -1.000000 
-0.260760 -0.007148 -0.165714 0.225246 -1.792175 -0.729826 1.748900 0.001758 -1.000000 
-0.260723 0.017233 -0.163861 0.238527 -1.798312 -0.804141 1.748915 0.002009 -1.000000 
-0.260473 0.045812 -0.161892 0.253901 -1.805038 -0.877058 1.748932 0.002284 -1.000000 
-0.259978 0.078941 -0.159792 0.271498 -1.812340 -0.948223 1.748951 0.002586 -1.000000 
-0.259197 0.116944 -0.157542 0.291424 -1.820204 -1.017224 1.748973 0.002916 -1.000000 
-0.258093 0.160109 -0.155123 0.313762 -1.828609 -1.083595 1.748998 0.003274 -1.000000 
-0.256621 0.208685 -0.152515 0.338563 -1.837533 -1.146809 1.749026 0.003663 -1.000000 
-0.254739 0.262867 -0.149699 0.365846 -1.846948 -1.206287 1.749057 0.004087 -1.000000 
-0.252400 0.322789 -0.146655 0.395594 -1.856822 -1.261391 1.749091 0.004548 -1.000000 
-0.249559 0.388513 -0.143364 0.427747 -1.867117 -1.311439 1.749130 0.005053 -1.000000 
-0.246168 0.460022 -0.139805 0.462201 -1.877789 -1.355702 1.749172 0.005608 -1.000000 
-0.242183 0.537206 -0.135963 0.498802 -1.888791 -1.393423 1.749220 0.006223 -1.000000 
-0.237559 0.619852 -0.131819 0.537345 -1.900065 -1.423820 1.749272 0.006910 -1.000000 
-0.232252 0.707639 -0.127361 0.577571 -1.911550 -1.446106 1.749330 0.007684 -1.000000 
-0.226224 0.800128 -0.122574 0.619163 -1.923179 -1.459503 1.749395 0.008569 -1.000000 
-0.219439 0.896756 -0.117451 0.661752 -1.934876 -1.463263 1.749468 0.009593 -1.000000 
-0.211866 0.996837 -0.111985 0.704911 -1.946563 -1.456688 1.749549 0.010799 -1.000000 
-0.203482 1.099557 -0.106172 0.748163 -1.958154 -1.439153 1.749641 0.012243 -1.000000 
-0.194269 1.203985 -0.100015 0.790985 -1.969559 -1.410128 1.749746 0.014011 -1.000000 
-0.184217 1.309074 -0.093519 0.832814 -1.980684 -1.369206 1.749867 0.016226 -1.000000 
-0.173325 1.413678 -0.086695 0.873056 -1.991434 -1.316121 1.750007 0.019082 -1.000000 
-0.161603 1.516567 -0.079556 0.911095 -2.001710 -1.250770 1.750175 0.022883 -1.000000 
-0.149068 1.616450 -0.072125 0.946309 -2.011414 -1.173234 1.750377 0.028141 -1.000000 
-0.135751 1.711998 -0.064425 0.978081 -2.020450 -1.083786 1.750631 0.035757 -1.000000 
-0.121691 1.801877 -0.056486 1.005814 -2.028724 -0.982898 1.750960 0.047431 -1.000000 
-0.106939 1.884772 -0.048344 1.028945 -2.036147 -0.871243 1.751410 0.066649 -1.000000 
-0.091557 1.959430 -0.040037 1.046958 -2.042637 -0.749670 1.752067 0.101379 -1.000000 
-0.075614 2.024688 -0.031607 1.059391 -2.048118 -0.619160 1.753126 0.172668 -1.000000 
-0.059190 2.079512 -0.023102 1.065835 -2.052523 -0.480699 1.755095 0.348889 -1.000000 
-0.042372 2.123052 -0.014571 1.065872 -2.055790 -0.334835 1.759712 0.936544 -1.000000 
-0.025252 2.154826 -0.006067 1.058681 -2.057855 -0.178819 1.776461 4.388589 -1.000000 
-0.007919 -1.999709 0.002320 -1.070784 -2.058429 -0.131656 1.937647 -53.811040 -1.000000 
-0.007919 -2.001083 0.002320 -1.070382 -2.058429 -0.152608 1.937647 -56.398977 -1.000000 
-0.007919 -2.001083 0.002320 -1.070382 -2.058429 -0.152608 1.937647 -56.398977 -1.000000 
-0.007919 -2.001083 0.002320 -1.070382 -2.058429 -0.152608 1.937647 -56.398977 -1.000000 
-0.007919 -2.001083 0.002320 -1.070382 -2.058429 -0.152608 1.937647 -56.398977 -1.000000 
-0.007919 -2.001083 0.002320 -1.070382 -2.058429 -0.152608 1.937647 -56.398977 -1.000000 
-0.007919 -2.001083 0.002320 -1.070382 -2.058429 -0.152608 1.937647 -56.398977 -1.000000 
-0.007919 -2.001083 0.002320 -1.070382 -2.058429 -0.152608 1.937647 -56.398977 -1.000000 
-0.007919 -2.001083 0.002320 -1.070382 -2.058429 -0.152608 1.937647 -56.398977 -1.000000 
-0.007919 -2.001083 0.002320 -1.070382 -2.058429 -0.152608 1.937647 -56.398977 -1.000000 
-0.007919 -2.001083 0.002320 -1.070382 -2.058429 -0.152608 1.937647 -56.398977 -1.000000 
-0.007919 -2.001083 0.002320 -1.070382 -2.058429 -0.152608 1.937647 -56.398977 -1.000000 
-0.007919 -2.001083 0.002320 -1.070382 -2.058429 -0.152608 1.937647 -56.398977 -1.000000 
-0.007919 -2.001083 0.002320 -1.070382 -2.058429 -0.152608 1.937647 -56.398977 -1.000000 
-0.007919 -2.001083 0.002320 -1.070382 -2.058429 -0.152608 1.937647 -56.398977 -1.000000 
-0.007919 -2.001083 0.002320 -1.070382 -2.058429 -0.152608 1.937647 -56.398977 -1.000000 
-0.007919 -2.001083 0.002320 -1.070382 -2.058429 -0.152608 1.937647 -56.398977 -1.000000 
-0.007919 -2.001083 0.002320 -1.070382 -2.058429 -0.152608 1.937647 -56.398977 -1.000000 
-0.007919 -2.001083 0.002320 -1.070382 -2.058429 -0.152608 1.937647 -56.398977 -1.000000 
-0.007919 -2.001083 0.002320 -1.070382 -2.058429 -0.152608 1.937647 -56.398977 -1.000000 
-0.007919 -2.001083 0.002320 -1.070382 -2.058429 -0.152608 1.937647 -56.398977 -1.000000 
-0.007919 -2.001083 0.002320 -1.070382 -2.058429 -0.152608 1.937647 -56.398977 -1.000000 
-0.007919 -2.001083 0.002320 -1.070382 -2.058429 -0.152608 1.937647 -56.398977 -1.000000 
-0.007919 -2.001083 0.002320 -1.070382 -2.058429 -0.152608 1.937647 -56.398977 -1.000000 
-0.007919 -2.001083 0.002320 -1.070382 -2.058429 -0.152608 1.937647 -56.398977 -1.000000 
-0.007919 -2.001083 0.002320 -1.070382 -2.058429 -0.152608 1.937647 -56.398977 -1.000000 
-0.007919 -2.001083 0.002320 -1.070382 -2.058429 -0.152608 1.937647 -56.398977 -1.000000 
-0.007919 -2.001083 0.002320 -1.070382 -2.058429 -0.152608 1.937647 -56.398977 -1.000000 
-0.007919 -2.001083 0.002320 -1.070382 -2.058429 -0.152608 1.937647 -56.398977 -1.000000 
-0.007919 -2.001083 0.002320 -1.070382 -2.058429 -0.152608 1.937647 -56.398977 -1.000000 
-0.007919 -2.001083 0.002320 -1.070382 -2.058429 -0.152608 1.937647 -56.398977 -1.000000 
-0.007919 -2.001083 0.002320 -1.070382 -2.058429 -0.152608 1.937647 -56.398977 -1.000000 
-0.007919 -2.001083 0.002320 -1.070382 -2.058429 -0.152608 1.937647 -56.398977 -1.000000 
-0.007919 -2.001083 0.002320 -1.070382 -2.058429 -0.152608 1.937647 -56.398977 -1.000000 
-0.007919 -2.001083 0.002320 -1.070382 -2.058429 -0.152608 1.937647 -56.398977 -1.000000 
-0.007919 -2.001083 0.002320 -1.070382 -2.058429 -0.152608 1.937647 -56.398977 -1.000000 
-0.007919 -2.001083 0.002320 -1.070382 -2.058429 -0.152608 1.937647 -56.398977 -1.000000 
-0.007919 -2.001083 0.002320 -1.070382 -2.058429 -0.152608 1.937647 -56.398977 -1.000000 
-0.007919 -2.001083 0.002320 -1.070382 -2.058429 -0.152608 1.937647 -56.398977 -1.000000 
-0.007919 -2.001083 0.002320 -1.070382 -2.058429 -0.152608 1.937647 -56.398977 -1.000000 
-0.007919 -2.001083 0.002320 -1.070382 -2.058429 -0.152608 1.937647 -56.398977 -1.000000 
-0.007919 -2.001083 0.002320 -1.070382 -2.058429 -0.152608 1.937647 -56.398977 -1.000000 
-0.007919 -2.001083 0.002320 -1.070382 -2.058429 -0.152608 1.937647 -56.398977 -1.000000 
-0.007919 -2.001083 0.002320 -1.070382 -2.058429 -0.152608 1.937647 -56.398977 -1.000000 
-0.007919 -2.001083 0.002320 -1.070382 -2.058429 -0.152608 1.937647 -56.398977 -1.000000 
-0.007919 -2.001083 0.002320 -1.070382 -2.058429 -0.152608 1.937647 -56.398977 -1.000000 
-0.007919 -2.001083 0.002320 -1.070382 -2.058429 -0.152608 1.937647 -56.398977 -1.000000 
-0.007919 -2.001083 0.002320 -1.070382 -2.058429 -0.152608 1.937647 -56.398977 -1.000000 
-0.007919 -2.001083 0.002320 -1.070382 -2.058429 -0.152608 1.937647 -56.398977 -1.000000 
-0.007919 -2.001083 0.002320 -1.070382 -2.058429 -0.152608 1.937647 -56.398977 -1.000000 
-0.007919 -2.001083 0.002320 -1.070382 -2.058429 -0.152608 1.937647 -56.398977 -1.000000 
-0.007919 -2.001083 0.002320 -1.070382 -2.058429 -0.152608 1.937647 -56.398977 -1.000000 
-0.007919 -2.001083 0.002320 -1.070382 -2.058429 -0.152608 1.937647 -56.398977 -1.000000 
-0.007919 -2.001083 0.002320 -1.070382 -2.058429 -0.152608 1.937647 -56.398977 -1.000000 
-0.007919 -2.001083 0.002320 -1.070382 -2.058429 -0.152608 1.937647 -56.398977 -1.000000 
-0.007919 -2.001083 0.002320 -1.070382 -2.058429 -0.152608 1.937647 -56.398977 -1.000000 
-0.007919 -2.001083 0.002320 -1.070382 -2.058429 -0.152608 1.937647 -56.398977 -1.000000 
-0.007919 -2.001083 0.002320 -1.070382 -2.058429 -0.152608 1.937647 -56.398977 -1.000000 
-0.007919 -2.001083 0.002320 -1.070382 -2.058429 -0.152608 1.937647 -56.398977 -1.000000 
-0.007919 -2.001083 0.002320 -1.070382 -2.058429 -0.152608 1.937647 -56.398977 -1.000000 
-0.007919 -2.001083 0.002320 -1.070382 -2.058429 -0.152608 1.937647 -56.398977 -1.000000 
-0.007919 -2.001083 0.002320 -1.070382 -2.058429 -0.152608 1.937647 -56.398977 -1.000000 
-0.007919 -2.001083 0.002320 -1.070382 -2.058429 -0.152608 1.937647 -56.398977 -1.000000 
-0.007919 -2.001083 0.002320 -1.070382 -2.058429 -0.152608 1.937647 -56.398977 -1.000000 
-0.007919 -2.001083 0.002320 -1.070382 -2.058429 -0.152608 1.937647 -56.398977 -1.000000 
-0.007919 -2.001083 0.002320 -1.070382 -2.058429 -0.152608 1.937647 -56.398977 -1.000000 
-0.007919 -2.001083 0.002320 -1.070382 -2.058429 -0.152608 1.937647 -56.398977 -1.000000 
-0.007919 -2.001083 0.002320 -1.070382 -2.058429 -0.152608 1.937647 -56.398977 -1.000000 
-0.007919 -2.001083 0.002320 -1.070382 -2.058429 -0.152608 1.937647 -56.398977 -1.000000 
-0.007919 -2.001083 0.002320 -1.070382 -2.058429 -0.152608 1.937647 -56.398977 -1.000000 
-0.007919 -2.001083 0.002320 -1.070382 -2.058429 -0.152608 1.937647 -56.398977 -1.000000 
-0.007919 -2.001083 0.002320 -1.070382 -2.058429 -0.152608 1.937647 -56.398977 -1.000000 
-0.007919 -2.001083 0.002320 -1.070382 -2.058429 -0.152608 1.937647 -56.398977 -1.000000 
-0.007919 -2.001083 0.002320 -1.070382 -2.058429 -0.152608 1.937647 -56.398977 -1.000000 
-0.007919 -2.001083 0.002320 -1.070382 -2.058429 -0.152608 1.937647 -56.398977 -1.000000 
-0.007919 -2.001083 0.002320 -1.070382 -2.058429 -0.152608 1.937647 -56.398977 -1.000000 
-0.007919 -2.001083 0.002320 -1.070382 -2.058429 -0.152608 1.937647 -56.398977 -1.000000 
-0.007919 -2.001083 0.002320 -1.070382 -2.058429 -0.152608 1.937647 -56.398977 -1.000000 
-0.007919 -2.001083 0.002320 -1.070382 -2.058429 -0.152608 1.937647 -56.398977 -1.000000 
-0.007919 -2.001083 0.002320 -1.070382 -2.058429 -0.152608 1.937647 -56.398977 -1.000000 
-0.007919 -2.001083 0.002320 -1.070382 -2.058429 -0.152608 1.937647 -56.398977 -1.000000 
-0.007919 -2.001083 0.002320 -1.070382 -2.058429 -0.152608 1.937647 -56.398977 -1.000000 
-0.007919 -2.001083 0.002320 -1.070382 -2.058429 -0.152608 1.937647 -56.398977 -1.000000 
-0.007919 -2.001083 0.002320 -1.070382 -2.058429 -0.152608 1.937647 -56.398977 -1.000000 
-0.007919 -2.001083 0.002320 -1.070382 -2.058429 -0.152608 1.937647 -56.398977 -1.000000 
-0.007919 -2.001083 0.002320 -1.070382 -2.058429 -0.152608 1.937647 -56.398977 -1.000000 
-0.007919 -2.001083 0.002320 -1.070382 -2.058429 -0.152608 1.937647 -56.398977 -1.000000 
-0.007919 -2.001083 0.002320 -1.070382 -2.058429 -0.152608 1.937647 -56.398977 -1.000000 
-0.007919 -2.001083 0.002320 -1.070382 -2.058429 -0.152608 1.937647 -56.398977 -1.000000 
-0.007919 -2.001083 0.002320 -1.070382 -2.058429 -0.152608 1.937647 -56.398977 -1.000000 
-0.007919 -2.001083 0.002320 -1.070382 -2.058429 -0.152608 1.937647 -56.398977 -1.000000 
-0.007919 -2.001083 0.002320 -1.070382 -2.058429 -0.152608 1.937647 -56.398977 -1.000000 
-0.007919 -2.001083 0.002320 -1.070382 -2.058429 -0.152608 1.937647 -56.398977 -1.000000 
-0.007919 -2.001083 0.002320 -1.070382 -2.058429 -0.152608 1.937647 -56.398977 -1.000000 
-0.007919 -2.001083 0.002320 -1.070382 -2.058429 -0.152608 1.937647 -56.398977 -1.000000 
-0.007919 -2.001083 0.002320 -1.070382 -2.058429 -0.152608 1.937647 -56.398977 -1.000000 
-0.007919 -2.001083 0.002320 -1.070382 -2.058429 -0.152608 1.937647 -56.398977 -1.000000 
-0.007919 -2.001083 0.002320 -1.070382 -2.058429 -0.152608 1.937647 -56.398977 -1.000000 
-0.007919 -2.001083 0.002320 -1.070382 -2.058429 -0.152608 1.937647 -56.398977 -1.000000 
-0.007919 -2.001083 0.002320 -1.070382 -2.058429 -0.152608 1.937647 -56.398977 -1.000000 
-0.007919 -2.001083 0.002320 -1.070382 -2.058429 -0.152608 1.937647 -56.398977 -1.000000 
-0.007919 -2.001083 0.002320 -1.070382 -2.058429 -0.152608 1.937647 -56.398977 -1.000000 
-0.007919 -2.001083 0.002320 -1.070382 -2.058429 -0.152608 1.937647 -56.398977 -1.000000 
-0.007919 -2.001083 0.002320 -1.070382 -2.058429 -0.152608 1.937647 -56.398977 -1.000000 
-0.007919 -2.001083 0.002320 -1.070382 -2.058429 -0.152608 1.937647 -56.398977 -1.000000 
-0.007919 -2.001083 0.002320 -1.070382 -2.058429 -0.152608 1.937647 -56.398977 -1.000000 
-0.007919 -2.001083 0.002320 -1.070382 -2.058429 -0.152608 1.937647 -56.398977 -1.000000 
-0.007919 -2.001083 0.002320 -1.070382 -2.058429 -0.152608 1.937647 -56.398977 -1.000000 
-0.007919 -2.001083 0.002320 -1.070382 -2.058429 -0.152608 1.937647 -56.398977 -1.000000 
-0.007919 -2.001083 0.002320 -1.070382 -2.058429 -0.152608 1.937647 -56.398977 -1.000000 
-0.007919 -2.001083 0.002320 -1.070382 -2.058429 -0.152608 1.937647 -56.398977 -1.000000 
-0.007919 -2.001083 0.002320 -1.070382 -2.058429 -0.152608 1.937647 -56.398977 -1.000000 
-0.007919 -2.001083 0.002320 -1.070382 -2.058429 -0.152608 1.937647 -56.398977 -1.000000 
-0.007919 -2.001083 0.002320 -1.070382 -2.058429 -0.152608 1.937647 -56.398977 -1.000000 
-0.007919 -2.001083 0.002320 -1.070382 -2.058429 -0.152608 1.937647 -56.398977 -1.000000 
-0.007919 -2.001083 0.002320 -1.070382 -2.058429 -0.152608 1.937647 -56.398977 -1.000000 
-0.007919 -2.001083 0.002320 -1.070382 -2.058429 -0.152608 1.937647 -56.398977 -1.000000 
-0.007919 -2.001083 0.002320 -1.070382 -2.058429 -0.152608 1.937647 -56.398977 -1.000000 
-0.007919 -2.001083 0.002320 -1.070382 -2.058429 -0.152608 1.937647 -56.398977 -1.000000 
-0.007919 -2.001083 0.002320 -1.070382 -2.058429 -0.152608 1.937647 -56.398977 -1.000000 
-0.007919 -2.001083 0.002320 -1.070382 -2.058429 -0.152608 1.937647 -56.398977 -1.000000 
-0.007919 -2.001083 0.002320 -1.070382 -2.058429 -0.152608 1.937647 -56.398977 -1.000000 
-0.007919 -2.001083 0.002320 -1.070382 -2.058429 -0.152608 1.937647 -56.398977 -1.000000 
-0.007919 -2.001083 0.002320 -1.070382 -2.058429 -0.152608 1.937647 -56.398977 -1.000000 
-0.007919 -2.001083 0.002320 -1.070382 -2.058429 -0.152608 1.937647 -56.398977 -1.000000 
-0.007919 -2.001083 0.002320 -1.070382 -2.058429 -0.152608 1.937647 -56.398977 -1.000000 
-0.007919 -2.001083 0.002320 -1.070382 -2.058429 -0.152608 1.937647 -56.398977 -1.000000 
-0.007919 -2.001083 0.002320 -1.070382 -2.058429 -0.152608 1.937647 -56.398977 -1.000000 
-0.007919 -2.001083 0.002320 -1.070382 -2.058429 -0.152608 1.937647 -56.398977 -1.000000 
-0.007919 -2.001083 0.002320 -1.070382 -2.058429 -0.152608 1.937647 -56.398977 -1.000000 
-0.007919 -2.001083 0.002320 -1.070382 -2.058429 -0.152608 1.937647 -56.398977 -1.000000 
-0.007919 -2.001083 0.002320 -1.070382 -2.058429 -0.152608 1.937647 -56.398977 -1.000000 
-0.007919 -2.001083 0.002320 -1.070382 -2.058429 -0.152608 1.937647 -56.398977 -1.000000 
-0.007919 -2.001083 0.002320 -1.070382 -2.058429 -0.152608 1.937647 -56.398977 -1.000000 
-0.007919 -2.001083 0.002320 -1.070382 -2.058429 -0.152608 1.937647 -56.398977 -1.000000 
-0.007919 -2.001083 0.002320 -1.070382 -2.058429 -0.152608 1.937647 -56.398977 -1.000000 
-0.007919 -2.001083 0.002320 -1.070382 -2.058429 -0.152608 1.937647 -56.398977 -1.000000 
-0.007919 -2.001083 0.002320 -1.070382 -2.058429 -0.152608 1.937647 -56.398977 -1.000000 
-0.007919 -2.001083 0.002320 -1.070382 -2.058429 -0.152608 1.937647 -56.398977 -1.000000 
-0.007919 -2.001083 0.002320 -1.070382 -2.058429 -0.152608 1.937647 -56.398977 -1.000000 
-0.007919 -2.001083 0.002320 -1.070382 -2.058429 -0.152608 1.937647 -56.398977 -1.000000 
-0.007919 -2.001083 0.002320 -1.070382 -2.058429 -0.152608 1.937647 -56.398977 -1.000000 
-0.007919 -2.001083 0.002320 -1.070382 -2.058429 -0.152608 1.937647 -56.398977 -1.000000 
-0.007919 -2.001083 0.002320 -1.070382 -2.058429 -0.152608 1.937647 -56.398977 -1.000000 
-0.007919 -2.001083 0.002320 -1.070382 -2.058429 -0.152608 1.937647 -56.398977 -1.000000 
-0.007919 -2.001083 0.002320 -1.070382 -2.058429 -0.152608 1.937647 -56.398977 -1.000000 
-0.007919 -2.001083 0.002320 -1.070382 -2.058429 -0.152608 1.937647 -56.398977 -1.000000 
-0.007919 -2.001083 0.002320 -1.070382 -2.058429 -0.152608 1.937647 -56.398977 -1.000000 
-0.007919 -2.001083 0.002320 -1.070382 -2.058429 -0.152608 1.937647 -56.398977 -1.000000 
-0.007919 -2.001083 0.002320 -1.070382 -2.058429 -0.152608 1.937647 -56.398977 -1.000000 
-0.007919 -2.001083 0.002320 -1.070382 -2.058429 -0.152608 1.937647 -56.398977 -1.000000 
-0.007919 -2.001083 0.002320 -1.070382 -2.058429 -0.152608 1.937647 -56.398977 -1.000000 
-0.007919 -2.001083 0.002320 -1.070382 -2.058429 -0.152608 1.937647 -56.398977 -1.000000 
-0.007919 -2.001083 0.002320 -1.070382 -2.058429 -0.152608 1.937647 -56.398977 -1.000000 
-0.007919 -2.001083 0.002320 -1.070382 -2.058429 -0.152608 1.937647 -56.398977 -1.000000 
-0.007919 -2.001083 0.002320 -1.070382 -2.058429 -0.152608 1.937647 -56.398977 -1.000000 
-0.007919 -2.001083 0.002320 -1.070382 -2.058429 -0.152608 1.937647 -56.398977 -1.000000 
-0.007919 -2.001083 0.002320 -1.070382 -2.058429 -0.152608 1.937647 -56.398977 -1.000000 
-0.007919 -2.001083 0.002320 -1.070382 -2.058429 -0.152608 1.937647 -56.398977 -1.000000 
-0.007919 -2.001083 0.002320 -1.070382 -2.058429 -0.152608 1.937647 -56.398977 -1.000000 
-0.007919 -2.001083 0.002320 -1.070382 -2.058429 -0.152608 1.937647 -56.398977 -1.000000 
-0.007919 -2.001083 0.002320 -1.070382 -2.058429 -0.152608 1.937647 -56.398977 -1.000000 
-0.007919 -2.001083 0.002320 -1.070382 -2.058429 -0.152608 1.937647 -56.398977 -1.000000 
-0.007919 -2.001083 0.002320 -1.070382 -2.058429 -0.152608 1.937647 -56.398977 -1.000000 
-0.007919 -2.001083 0.002320 -1.070382 -2.058429 -0.152608 1.937647 -56.398977 -1.000000 
-0.007919 -2.001083 0.002320 -1.070382 -2.058429 -0.152608 1.937647 -56.398977 -1.000000 
-0.007919 -2.001083 0.002320 -1.070382 -2.058429 -0.152608 1.937647 -56.398977 -1.000000 
-0.007919 -2.001083 0.002320 -1.070382 -2.058429 -0.152608 1.937647 -56.398977 -1.000000 
-0.007919 -2.001083 0.002320 -1.070382 -2.058429 -0.152608 1.937647 -56.398977 -1.000000 
-0.007919 -2.001083 0.002320 -1.070382 -2.058429 -0.152608 1.937647 -56.398977 -1.000000 
-0.007919 -2.001083 0.002320 -1.070382 -2.058429 -0.152608 1.937647 -56.398977 -1.000000 
-0.007919 -2.001083 0.002320 -1.070382 -2.058429 -0.152608 1.937647 -56.398977 -1.000000 
-0.007919 -2.001083 0.002320 -1.070382 -2.058429 -0.152608 1.937647 -56.398977 -1.000000 
-0.007919 -2.001083 0.002320 -1.070382 -2.058429 -0.152608 1.937647 -56.398977 -1.000000 
-0.007919 -2.001083 0.002320 -1.070382 -2.058429 -0.152608 1.937647 -56.398977 -1.000000 
-0.007919 -2.001083 0.002320 -1.070382 -2.058429 -0.152608 1.937647 -56.398977 -1.000000 
-0.007919 -2.001083 0.002320 -1.070382 -2.058429 -0.152608 1.937647 -56.398977 -1.000000 
-0.007919 -2.001083 0.002320 -1.070382 -2.058429 -0.152608 1.937647 -56.398977 -1.000000 
-0.007919 -2.001083 0.002320 -1.070382 -2.058429 -0.152608 1.937647 -56.398977 -1.000000 
-0.007919 -2.001083 0.002320 -1.070382 -2.058429 -0.152608 1.937647 -56.398977 -1.000000 
-0.007919 -2.001083 0.002320 -1.070382 -2.058429 -0.152608 1.937647 -56.398977 -1.000000 
-0.007919 -2.001083 0.002320 -1.070382 -2.058429 -0.152608 1.937647 -56.398977 -1.000000 
-0.007919 -2.001083 0.002320 -1.070382 -2.058429 -0.152608 1.937647 -56.398977 -1.000000 
-0.007919 -2.001083 0.002320 -1.070382 -2.058429 -0.152608 1.937647 -56.398977 -1.000000 
-0.007919 -2.001083 0.002320 -1.070382 -2.058429 -0.152608 1.937647 -56.398977 -1.000000 
-0.007919 -2.001083 0.002320 -1.070382 -2.058429 -0.152608 1.937647 -56.398977 -1.000000 
-0.007919 -2.001083 0.002320 -1.070382 -2.058429 -0.152608 1.937647 -56.398977 -1.000000 
-0.007919 -2.001083 0.002320 -1.070382 -2.058429 -0.152608 1.937647 -56.398977 -1.000000 
-0.007919 -2.001083 0.002320 -1.070382 -2.058429 -0.152608 1.937647 -56.398977 -1.000000 
-0.007919 -2.001083 0.002320 -1.070382 -2.058429 -0.152608 1.937647 -56.398977 -1.000000 
-0.007919 -2.001083 0.002320 -1.070382 -2.058429 -0.152608 1.937647 -56.398977 -1.000000 
-0.007919 -2.001083 0.002320 -1.070382 -2.058429 -0.152608 1.937647 -56.398977 -1.000000 
-0.007919 -2.001083 0.002320 -1.070382 -2.058429 -0.152608 1.937647 -56.398977 -1.000000 
-0.007919 -2.001083 0.002320 -1.070382 -2.058429 -0.152608 1.937647 -56.398977 -1.000000 
-0.007919 -2.001083 0.002320 -1.070382 -2.058429 -0.152608 1.937647 -56.398977 -1.000000 
-0.007919 -2.001083 0.002320 -1.070382 -2.058429 -0.152608 1.937647 -56.398977 -1.000000 
-0.007919 -2.001083 0.002320 -1.070382 -2.058429 -0.152608 1.937647 -56.398977 -1.000000 
-0.007919 -2.001083 0.002320 -1.070382 -2.058429 -0.152608 1.937647 -56.398977 -1.000000 
-0.007919 -2.001083 0.002320 -1.070382 -2.058429 -0.152608 1.937647 -56.398977 -1.000000 
-0.007919 -2.001083 0.002320 -1.070382 -2.058429 -0.152608 1.937647 -56.398977 -1.000000 
-0.007919 -2.001083 0.002320 -1.070382 -2.058429 -0.152608 1.937647 -56.398977 -1.000000 
-0.007919 -2.001083 0.002320 -1.070382 -2.058429 -0.152608 1.937647 -56.398977 -1.000000 
-0.007919 -2.001083 0.002320 -1.070382 -2.058429 -0.152608 1.937647 -56.398977 -1.000000 
-0.007919 -2.001083 0.002320 -1.070382 -2.058429 -0.152608 1.937647 -56.398977 -1.000000 
-0.007919 -2.001083 0.002320 -1.070382 -2.058429 -0.152608 1.937647 -56.398977 -1.000000 
-0.007919 -2.001083 0.002320 -1.070382 -2.058429 -0.152608 1.937647 -56.398977 -1.000000 
-0.007919 -2.001083 0.002320 -1.070382 -2.058429 -0.152608 1.937647 -56.398977 -1.000000 
-0.007919 -2.001083 0.002320 -1.070382 -2.058429 -0.152608 1.937647 -56.398977 -1.000000 
-0.007919 -2.001083 0.002320 -1.070382 -2.058429 -0.152608 1.937647 -56.398977 -1.000000 
-0.007919 -2.001083 0.002320 -1.070382 -2.058429 -0.152608 1.937647 -56.398977 -1.000000 
-0.007919 -2.001083 0.002320 -1.070382 -2.058429 -0.152608 1.937647 -56.398977 -1.000000 
-0.007919 -2.001083 0.002320 -1.070382 -2.058429 -0.152608 1.937647 -56.398977 -1.000000 
-0.007919 -2.001083 0.002320 -1.070382 -2.058429 -0.152608 1.937647 -56.398977 -1.000000 
-0.007919 -2.001083 0.002320 -1.070382 -2.058429 -0.152608 1.937647 -56.398977 -1.000000 
-0.007919 -2.001083 0.002320 -1.070382 -2.058429 -0.152608 1.937647 -56.398977 -1.000000 
-0.007919 -2.001083 0.002320 -1.070382 -2.058429 -0.152608 1.937647 -56.398977 -1.000000 
-0.007919 -2.001083 0.002320 -1.070382 -2.058429 -0.152608 1.937647 -56.398977 -1.000000 
-0.007919 -2.001083 0.002320 -1.070382 -2.058429 -0.152608 1.937647 -56.398977 -1.000000 
-0.007919 -2.001083 0.002320 -1.070382 -2.058429 -0.152608 1.937647 -56.398977 -1.000000 
-0.007919 -2.001083 0.002320 -1.070382 -2.058429 -0.152608 1.937647 -56.398977 -1.000000 
-0.007919 -2.001083 0.002320 -1.070382 -2.058429 -0.152608 1.937647 -56.398977 -1.000000 
-0.007919 -2.001083 0.002320 -1.070382 -2.058429 -0.152608 1.937647 -56.398977 -1.000000 
-0.007919 -2.001083 0.002320 -1.070382 -2.058429 -0.152608 1.937647 -56.398977 -1.000000 
-0.007919 -2.001083 0.002320 -1.070382 -2.058429 -0.152608 1.937647 -56.398977 -1.000000 
-0.007919 -2.001083 0.002320 -1.070382 -2.058429 -0.152608 1.937647 -56.398977 -1.000000 
-0.007919 -2.001083 0.002320 -1.070382 -2.058429 -0.152608 1.937647 -56.398977 -1.000000 
-0.007919 -2.001083 0.002320 -1.070382 -2.058429 -0.152608 1.937647 -56.398977 -1.000000 
-0.007919 -2.001083 0.002320 -1.070382 -2.058429 -0.152608 1.937647 -56.398977 -1.000000 
-0.007919 -2.001083 0.002320 -1.070382 -2.058429 -0.152608 1.937647 -56.398977 -1.000000 
-0.007919 -2.001083 0.002320 -1.070382 -2.058429 -0.152608 1.937647 -56.398977 -1.000000 
-0.007919 -2.001083 0.002320 -1.070382 -2.058429 -0.152608 1.937647 -56.398977 -1.000000 
-0.007919 -2.001083 0.002320 -1.070382 -2.058429 -0.152608 1.937647 -56.398977 -1.000000 
-0.007919 -2.001083 0.002320 -1.070382 -2.058429 -0.152608 1.937647 -56.398977 -1.000000 
-0.007919 -2.001083 0.002320 -1.070382 -2.058429 -0.152608 1.937647 -56.398977 -1.000000 
-0.007919 -2.001083 0.002320 -1.070382 -2.058429 -0.152608 1.937647 -56.398977 -1.000000 
-0.007919 -2.001083 0.002320 -1.070382 -2.058429 -0.152608 1.937647 -56.398977 -1.000000 
-0.007919 -2.001083 0.002320 -1.070382 -2.058429 -0.152608 1.937647 -56.398977 -1.000000 
-0.007919 -2.001083 0.002320 -1.070382 -2.058429 -0.152608 1.937647 -56.398977 -1.000000 
-0.007919 -2.001083 0.002320 -1.070382 -2.058429 -0.152608 1.937647 -56.398977 -1.000000 
-0.007919 -2.001083 0.002320 -1.070382 -2.058429 -0.152608 1.937647 -56.398977 -1.000000 
-0.007919 -2.001083 0.002320 -1.070382 -2.058429 -0.152608 1.937647 -56.398977 -1.000000 
-0.007919 -2.001083 0.002320 -1.070382 -2.058429 -0.152608 1.937647 -56.398977 -1.000000 
-0.007919 -2.001083 0.002320 -1.070382 -2.058429 -0.152608 1.937647 -56.398977 -1.000000 
-0.007919 -2.001083 0.002320 -1.070382 -2.058429 -0.152608 1.937647 -56.398977 -1.000000 
-0.007919 -2.001083 0.002320 -1.070382 -2.058429 -0.152608 1.937647 -56.398977 -1.000000 
-0.007919 -2.001083 0.002320 -1.070382 -2.058429 -0.152608 1.937647 -56.398977 -1.000000 
-0.007919 -2.001083 0.002320 -1.070382 -2.058429 -0.152608 1.937647 -56.398977 -1.000000 
-0.007919 -2.001083 0.002320 -1.070382 -2.058429 -0.152608 1.937647 -56.398977 -1.000000 
-0.007919 -2.001083 0.002320 -1.070382 -2.058429 -0.152608 1.937647 -56.398977 -1.000000 
-0.007919 -2.001083 0.002320 -1.070382 -2.058429 -0.152608 1.937647 -56.398977 -1.000000 
-0.007919 -2.001083 0.002320 -1.070382 -2.058429 -0.152608 1.937647 -56.398977 -1.000000 
-0.007919 -2.001083 0.002320 -1.070382 -2.058429 -0.152608 1.937647 -56.398977 -1.000000 
-0.007919 -2.001083 0.002320 -1.070382 -2.058429 -0.152608 1.937647 -56.398977 -1.000000 
-0.007919 -2.001083 0.002320 -1.070382 -2.058429 -0.152608 1.937647 -56.398977 -1.000000 
-0.007919 -2.001083 0.002320 -1.070382 -2.058429 -0.152608 1.937647 -56.398977 -1.000000 
-0.007919 -2.001083 0.002320 -1.070382 -2.058429 -0.152608 1.937647 -56.398977 -1.000000 
-0.007919 -2.001083 0.002320 -1.070382 -2.058429 -0.152608 1.937647 -56.398977 -1.000000 
-0.007919 -2.001083 0.002320 -1.070382 -2.058429 -0.152608 1.937647 -56.398977 -1.000000 
-0.007919 -2.001083 0.002320 -1.070382 -2.058429 -0.152608 1.937647 -56.398977 -1.000000 
-0.007919 -2.001083 0.002320 -1.070382 -2.058429 -0.152608 1.937647 -56.398977 -1.000000 
-0.007919 -2.001083 0.002320 -1.070382 -2.058429 -0.152608 1.937647 -56.398977 -1.000000 
-0.007919 -2.001083 0.002320 -1.070382 -2.058429 -0.152608 1.937647 -56.398977 -1.000000 
-0.007919 -2.001083 0.002320 -1.070382 -2.058429 -0.152608 1.937647 -56.398977 -1.000000 
-0.007919 -2.001083 0.002320 -1.070382 -2.058429 -0.152608 1.937647 -56.398977 -1.000000 
-0.007919 -2.001083 0.002320 -1.070382 -2.058429 -0.152608 1.937647 -56.398977 -1.000000 
-0.007919 -2.001083 0.002320 -1.070382 -2.058429 -0.152608 1.937647 -56.398977 -1.000000 
-0.007919 -2.001083 0.002320 -1.070382 -2.058429 -0.152608 1.937647 -56.398977 -1.000000 
-0.007919 -2.001083 0.002320 -1.070382 -2.058429 -0.152608 1.937647 -56.398977 -1.000000 
-0.007919 -2.001083 0.002320 -1.070382 -2.058429 -0.152608 1.937647 -56.398977 -1.000000 
-0.007919 -2.001083 0.002320 -1.070382 -2.058429 -0.152608 1.937647 -56.398977 -1.000000 
-0.007919 -2.001083 0.002320 -1.070382 -2.058429 -0.152608 1.937647 -56.398977 -1.000000 
-0.007919 -2.001083 0.002320 -1.070382 -2.058429 -0.152608 1.937647 -56.398977 -1.000000 
-0.007919 -2.001083 0.002320 -1.070382 -2.058429 -0.152608 1.937647 -56.398977 -1.000000 
-0.007919 -2.001083 0.002320 -1.070382 -2.058429 -0.152608 1.937647 -56.398977 -1.000000 
-0.007919 -2.001083 0.002320 -1.070382 -2.058429 -0.152608 1.937647 -56.398977 -1.000000 
-0.007919 -2.001083 0.002320 -1.070382 -2.058429 -0.152608 1.937647 -56.398977 -1.000000 
-0.007919 -2.001083 0.002320 -1.070382 -2.058429 -0.152608 1.937647 -56.398977 -1.000000 
-0.007919 -2.001083 0.002320 -1.070382 -2.058429 -0.152608 1.937647 -56.398977 -1.000000 
-0.007919 -2.001083 0.002320 -1.070382 -2.058429 -0.152608 1.937647 -56.398977 -1.000000 
-0.007919 -2.001083 0.002320 -1.070382 -2.058429 -0.152608 1.937647 -56.398977 -1.000000 
-0.007919 -2.001083 0.002320 -1.070382 -2.058429 -0.152608 1.937647 -56.398977 -1.000000 
-0.007919 -2.001083 0.002320 -1.070382 -2.058429 -0.152608 1.937647 -56.398977 -1.000000 
-0.007919 -2.001083 0.002320 -1.070382 -2.058429 -0.152608 1.937647 -56.398977 -1.000000 
-0.007919 -2.001083 0.002320 -1.070382 -2.058429 -0.152608 1.937647 -56.398977 -1.000000 
-0.007919 -2.001083 0.002320 -1.070382 -2.058429 -0.152608 1.937647 -56.398977 -1.000000 
-0.007919 -2.001083 0.002320 -1.070382 -2.058429 -0.152608 1.937647 -56.398977 -1.000000 
-0.007919 -2.001083 0.002320 -1.070382 -2.058429 -0.152608 1.937647 -56.398977 -1.000000 
-0.007919 -2.001083 0.002320 -1.070382 -2.058429 -0.152608 1.937647 -56.398977 -1.000000 
-0.007919 -2.001083 0.002320 -1.070382 -2.058429 -0.152608 1.937647 -56.398977 -1.000000 
-0.007919 -2.001083 0.002320 -1.070382 -2.058429 -0.152608 1.937647 -56.398977 -1.000000 
-0.007919 -2.001083 0.002320 -1.070382 -2.058429 -0.152608 1.937647 -56.398977 -1.000000 
-0.007919 -2.001083 0.002320 -1.070382 -2.058429 -0.152608 1.937647 -56.398977 -1.000000 
-0.007919 -2.001083 0.002320 -1.070382 -2.058429 -0.152608 1.937647 -56.398977 -1.000000 
-0.007919 -2.001083 0.002320 -1.070382 -2.058429 -0.152608 1.937647 -56.398977 -1.000000 
-0.007919 -2.001083 0.002320 -1.070382 -2.058429 -0.152608 1.937647 -56.398977 -1.000000 
-0.007919 -2.001083 0.002320 -1.070382 -2.058429 -0.152608 1.937647 -56.398977 -1.000000 
-0.007919 -2.001083 0.002320 -1.070382 -2.058429 -0.152608 1.937647 -56.398977 -1.000000 
-0.007919 -2.001083 0.002320 -1.070382 -2.058429 -0.152608 1.937647 -56.398977 -1.000000 
-0.007919 -2.001083 0.002320 -1.070382 -2.058429 -0.152608 1.937647 -56.398977 -1.000000 
-0.007919 -2.001083 0.002320 -1.070382 -2.058429 -0.152608 1.937647 -56.398977 -1.000000 
-0.007919 -2.001083 0.002320 -1.070382 -2.058429 -0.152608 1.937647 -56.398977 -1.000000 
-0.007919 -2.001083 0.002320 -1.070382 -2.058429 -0.152608 1.937647 -56.398977 -1.000000 
-0.007919 -2.001083 0.002320 -1.070382 -2.058429 -0.152608 1.937647 -56.398977 -1.000000 
-0.007919 -2.001083 0.002320 -1.070382 -2.058429 -0.152608 1.937647 -56.398977 -1.000000 
-0.007919 -2.001083 0.002320 -1.070382 -2.058429 -0.152608 1.937647 -56.398977 -1.000000 
-0.007919 -2.001083 0.002320 -1.070382 -2.058429 -0.152608 1.937647 -56.398977 -1.000000 
-0.007919 -2.001083 0.002320 -1.070382 -2.058429 -0.152608 1.937647 -56.398977 -1.000000 
-0.007919 -2.001083 0.002320 -1.070382 -2.058429 -0.152608 1.937647 -56.398977 -1.000000 
-0.007919 -2.001083 0.002320 -1.070382 -2.058429 -0.152608 1.937647 -56.398977 -1.000000 
-0.007919 -2.001083 0.002320 -1.070382 -2.058429 -0.152608 1.937647 -56.398977 -1.000000 
-0.007919 -2.001083 0.002320 -1.070382 -2.058429 -0.152608 1.937647 -56.398977 -1.000000 
-0.007919 -2.001083 0.002320 -1.070382 -2.058429 -0.152608 1.937647 -56.398977 -1.000000 
-0.007919 -2.001083 0.002320 -1.070382 -2.058429 -0.152608 1.937647 -56.398977 -1.000000 
-0.007919 -2.001083 0.002320 -1.070382 -2.058429 -0.152608 1.937647 -56.398977 -1.000000 
-0.007919 -2.001083 0.002320 -1.070382 -2.058429 -0.152608 1.937647 -56.398977 -1.000000 
-0.007919 -2.001083 0.002320 -1.070382 -2.058429 -0.152608 1.937647 -56.398977 -1.000000 
-0.007919 -2.001083 0.002320 -1.070382 -2.058429 -0.152608 1.937647 -56.398977 -1.000000 
-0.007919 -2.001083 0.002320 -1.070382 -2.058429 -0.152608 1.937647 -56.398977 -1.000000 
-0.007919 -2.001083 0.002320 -1.070382 -2.058429 -0.152608 1.937647 -56.398977 -1.000000 
-0.007919 -2.001083 0.002320 -1.070382 -2.058429 -0.152608 1.937647 -56.398977 -1.000000 
-0.007919 -2.001083 0.002320 -1.070382 -2.058429 -0.152608 1.937647 -56.398977 -1.000000 
-0.007919 -2.001083 0.002320 -1.070382 -2.058429 -0.152608 1.937647 -56.398977 -1.000000 
-0.007919 -2.001083 0.002320 -1.070382 -2.058429 -0.152608 1.937647 -56.398977 -1.000000 
-0.007919 -2.001083 0.002320 -1.070382 -2.058429 -0.152608 1.937647 -56.398977 -1.000000 
-0.007919 -2.001083 0.002320 -1.070382 -2.058429 -0.152608 1.937647 -56.398977 -1.000000 
-0.007919 -2.001083 0.002320 -1.070382 -2.058429 -0.152608 1.937647 -56.398977 -1.000000 
-0.007919 -2.001083 0.002320 -1.070382 -2.058429 -0.152608 1.937647 -56.398977 -1.000000 
-0.007919 -2.001083 0.002320 -1.070382 -2.058429 -0.152608 1.937647 -56.398977 -1.000000 
-0.007919 -2.001083 0.002320 -1.070382 -2.058429 -0.152608 1.937647 -56.398977 -1.000000 
-0.007919 -2.001083 0.002320 -1.070382 -2.058429 -0.152608 1.937647 -56.398977 -1.000000 
-0.007919 -2.001083 0.002320 -1.070382 -2.058429 -0.152608 1.937647 -56.398977 -1.000000 
-0.007919 -2.001083 0.002320 -1.070382 -2.058429 -0.152608 1.937647 -56.398977 -1.000000 
-0.007919 -2.001083 0.002320 -1.070382 -2.058429 -0.152608 1.937647 -56.398977 -1.000000 
-0.007919 -2.001083 0.002320 -1.070382 -2.058429 -0.152608 1.937647 -56.398977 -1.000000 
-0.007919 -2.001083 0.002320 -1.070382 -2.058429 -0.152608 1.937647 -56.398977 -1.000000 
-0.007919 -2.001083 0.002320 -1.070382 -2.058429 -0.152608 1.937647 -56.398977 -1.000000 
-0.007919 -2.001083 0.002320 -1.070382 -2.058429 -0.152608 1.937647 -56.398977 -1.000000 
-0.007919 -2.001083 0.002320 -1.070382 -2.058429 -0.152608 1.937647 -56.398977 -1.000000 
-0.007919 -2.001083 0.002320 -1.070382 -2.058429 -0.152608 1.937647 -56.398977 -1.000000 
-0.007919 -2.001083 0.002320 -1.070382 -2.058429 -0.152608 1.937647 -56.398977 -1.000000 
-0.007919 -2.001083 0.002320 -1.070382 -2.058429 -0.152608 1.937647 -56.398977 -1.000000 
-0.007919 -2.001083 0.002320 -1.070382 -2.058429 -0.152608 1.937647 -56.398977 -1.000000 
-0.007919 -2.001083 0.002320 -1.070382 -2.058429 -0.152608 1.937647 -56.398977 -1.000000 
-0.007919 -2.001083 0.002320 -1.070382 -2.058429 -0.152608 1.937647 -56.398977 -1.000000 
-0.007919 -2.001083 0.002320 -1.070382 -2.058429 -0.152608 1.937647 -56.398977 -1.000000 
-0.007919 -2.001083 0.002320 -1.070382 -2.058429 -0.152608 1.937647 -56.398977 -1.000000 
-0.007919 -2.001083 0.002320 -1.070382 -2.058429 -0.152608 1.937647 -56.398977 -1.000000 
-0.007919 -2.001083 0.002320 -1.070382 -2.058429 -0.152608 1.937647 -56.398977 -1.000000 
-0.007919 -2.001083 0.002320 -1.070382 -2.058429 -0.152608 1.937647 -56.398977 -1.000000 
-0.007919 -2.001083 0.002320 -1.070382 -2.058429 -0.152608 1.937647 -56.398977 -1.000000 
-0.007919 -2.001083 0.002320 -1.070382 -2.058429 -0.152608 1.937647 -56.398977 -1.000000 
-0.007919 -2.001083 0.002320 -1.070382 -2.058429 -0.152608 1.937647 -56.398977 -1.000000 
-0.007919 -2.001083 0.002320 -1.070382 -2.058429 -0.152608 1.937647 -56.398977 -1.000000 
-0.007919 -2.001083 0.002320 -1.070382 -2.058429 -0.152608 1.937647 -56.398977 -1.000000 
-0.007919 -2.001083 0.002320 -1.070382 -2.058429 -0.152608 1.937647 -56.398977 -1.000000 
-0.007919 -2.001083 0.002320 -1.070382 -2.058429 -0.152608 1.937647 -56.398977 -1.000000 
-0.007919 -2.001083 0.002320 -1.070382 -2.058429 -0.152608 1.937647 -56.398977 -1.000000 
-0.007919 -2.001083 0.002320 -1.070382 -2.058429 -0.152608 1.937647 -56.398977 -1.000000 
-0.007919 -2.001083 0.002320 -1.070382 -2.058429 -0.152608 1.937647 -56.398977 -1.000000 
-0.007919 -2.001083 0.002320 -1.070382 -2.058429 -0.152608 1.937647 -56.398977 -1.000000 
-0.007919 -2.001083 0.002320 -1.070382 -2.058429 -0.152608 1.937647 -56.398977 -1.000000 
-0.007919 -2.001083 0.002320 -1.070382 -2.058429 -0.152608 1.937647 -56.398977 -1.000000 
-0.007919 -2.001083 0.002320 -1.070382 -2.058429 -0.152608 1.937647 -56.398977 -1.000000 
-0.007919 -2.001083 0.002320 -1.070382 -2.058429 -0.152608 1.937647 -56.398977 -1.000000 
-0.007919 -2.001083 0.002320 -1.070382 -2.058429 -0.152608 1.937647 -56.398977 -1.000000 
-0.007919 -2.001083 0.002320 -1.070382 -2.058429 -0.152608 1.937647 -56.398977 -1.000000 
-0.007919 -2.001083 0.002320 -1.070382 -2.058429 -0.152608 1.937647 -56.398977 -1.000000 
-0.007919 -2.001083 0.002320 -1.070382 -2.058429 -0.152608 1.937647 -56.398977 -1.000000 
-0.007919 -2.001083 0.002320 -1.070382 -2.058429 -0.152608 1.937647 -56.398977 -1.000000 
-0.007919 -2.001083 0.002320 -1.070382 -2.058429 -0.152608 1.937647 -56.398977 -1.000000 
-0.007919 -2.001083 0.002320 -1.070382 -2.058429 -0.152608 1.937647 -56.398977 -1.000000 
-0.007919 -2.001083 0.002320 -1.070382 -2.058429 -0.152608 1.937647 -56.398977 -1.000000 
-0.007919 -2.001083 0.002320 -1.070382 -2.058429 -0.152608 1.937647 -56.398977 -1.000000 
-0.007919 -2.001083 0.002320 -1.070382 -2.058429 -0.152608 1.937647 -56.398977 -1.000000 
-0.007919 -2.001083 0.002320 -1.070382 -2.058429 -0.152608 1.937647 -56.398977 -1.000000 
-0.007919 -2.001083 0.002320 -1.070382 -2.058429 -0.152608 1.937647 -56.398977 -1.000000 
-0.007919 -2.001083 0.002320 -1.070382 -2.058429 -0.152608 1.937647 -56.398977 -1.000000 
-0.007919 -2.001083 0.002320 -1.070382 -2.058429 -0.152608 1.937647 -56.398977 -1.000000 
-0.007919 -2.001083 0.002320 -1.070382 -2.058429 -0.152608 1.937647 -56.398977 -1.000000 
-0.007919 -2.001083 0.002320 -1.070382 -2.058429 -0.152608 1.937647 -56.398977 -1.000000 
-0.007919 -2.001083 0.002320 -1.070382 -2.058429 -0.152608 1.937647 -56.398977 -1.000000 
-0.007919 -2.001083 0.002320 -1.070382 -2.058429 -0.152608 1.937647 -56.398977 -1.000000 
-0.007919 -2.001083 0.002320 -1.070382 -2.058429 -0.152608 1.937647 -56.398977 -1.000000 
-0.007919 -2.001083 0.002320 -1.070382 -2.058429 -0.152608 1.937647 -56.398977 -1.000000 
-0.007919 -2.001083 0.002320 -1.070382 -2.058429 -0.152608 1.937647 -56.398977 -1.000000 
-0.007919 -2.001083 0.002320 -1.070382 -2.058429 -0.152608 1.937647 -56.398977 -1.000000 
-0.007919 -2.001083 0.002320 -1.070382 -2.058429 -0.152608 1.937647 -56.398977 -1.000000 
-0.007919 -2.001083 0.002320 -1.070382 -2.058429 -0.152608 1.937647 -56.398977 -1.000000 
-0.007919 -2.001083 0.002320 -1.070382 -2.058429 -0.152608 1.937647 -56.398977 -1.000000 
-0.007919 -2.001083 0.002320 -1.070382 -2.058429 -0.152608 1.937647 -56.398977 -1.000000 
-0.007919 -2.001083 0.002320 -1.070382 -2.058429 -0.152608 1.937647 -56.398977 -1.000000 
-0.007919 -2.001083 0.002320 -1.070382 -2.058429 -0.152608 1.937647 -56.398977 -1.000000 
-0.007919 -2.001083 0.002320 -1.070382 -2.058429 -0.152608 1.937647 -56.398977 -1.000000 
-0.007919 -2.001083 0.002320 -1.070382 -2.058429 -0.152608 1.937647 -56.398977 -1.000000 
-0.007919 -2.001083 0.002320 -1.070382 -2.058429 -0.152608 1.937647 -56.398977 -1.000000 
-0.007919 -2.001083 0.002320 -1.070382 -2.058429 -0.152608 1.937647 -56.398977 -1.000000 
-0.007919 -2.001083 0.002320 -1.070382 -2.058429 -0.152608 1.937647 -56.398977 -1.000000 
-0.007919 -2.001083 0.002320 -1.070382 -2.058429 -0.152608 1.937647 -56.398977 -1.000000 
-0.007919 -2.001083 0.002320 -1.070382 -2.058429 -0.152608 1.937647 -56.398977 -1.000000 
-0.007919 -2.001083 0.002320 -1.070382 -2.058429 -0.152608 1.937647 -56.398977 -1.000000 
-0.007919 -2.001083 0.002320 -1.070382 -2.058429 -0.152608 1.937647 -56.398977 -1.000000 
-0.007919 -2.001083 0.002320 -1.070382 -2.058429 -0.152608 1.937647 -56.398977 -1.000000 
-0.007919 -2.001083 0.002320 -1.070382 -2.058429 -0.152608 1.937647 -56.398977 -1.000000 
-0.007919 -2.001083 0.002320 -1.070382 -2.058429 -0.152608 1.937647 -56.398977 -1.000000 
-0.007919 -2.001083 0.002320 -1.070382 -2.058429 -0.152608 1.937647 -56.398977 -1.000000 
-0.007919 -2.001083 0.002320 -1.070382 -2.058429 -0.152608 1.937647 -56.398977 -1.000000 
-0.007919 -2.001083 0.002320 -1.070382 -2.058429 -0.152608 1.937647 -56.398977 -1.000000 
-0.007919 -2.001083 0.002320 -1.070382 -2.058429 -0.152608 1.937647 -56.398977 -1.000000 
-0.007919 -2.001083 0.002320 -1.070382 -2.058429 -0.152608 1.937647 -56.398977 -1.000000 
-0.007919 -2.001083 0.002320 -1.070382 -2.058429 -0.152608 1.937647 -56.398977 -1.000000 
-0.007919 -2.001083 0.002320 -1.070382 -2.058429 -0.152608 1.937647 -56.398977 -1.000000 
-0.007919 -2.001083 0.002320 -1.070382 -2.058429 -0.152608 1.937647 -56.398977 -1.000000 
-0.007919 -2.001083 0.002320 -1.070382 -2.058429 -0.152608 1.937647 -56.398977 -1.000000 
-0.007919 -2.001083 0.002320 -1.070382 -2.058429 -0.152608 1.937647 -56.398977 -1.000000 
-0.007919 -2.001083 0.002320 -1.070382 -2.058429 -0.152608 1.937647 -56.398977 -1.000000 
-0.007919 -2.001083 0.002320 -1.070382 -2.058429 -0.152608 1.937647 -56.398977 -1.000000 
-0.007919 -2.001083 0.002320 -1.070382 -2.058429 -0.152608 1.937647 -56.398977 -1.000000 
-0.007919 -2.001083 0.002320 -1.070382 -2.058429 -0.152608 1.937647 -56.398977 -1.000000 
-0.007919 -2.001083 0.002320 -1.070382 -2.058429 -0.152608 1.937647 -56.398977 -1.000000 
-0.007919 -2.001083 0.002320 -1.070382 -2.058429 -0.152608 1.937647 -56.398977 -1.000000 
-0.007919 -2.001083 0.002320 -1.070382 -2.058429 -0.152608 1.937647 -56.398977 -1.000000 
-0.007919 -2.001083 0.002320 -1.070382 -2.058429 -0.152608 1.937647 -56.398977 -1.000000 
-0.007919 -2.001083 0.002320 -1.070382 -2.058429 -0.152608 1.937647 -56.398977 -1.000000 
-0.007919 -2.001083 0.002320 -1.070382 -2.058429 -0.152608 1.937647 -56.398977 -1.000000 
-0.007919 -2.001083 0.002320 -1.070382 -2.058429 -0.152608 1.937647 -56.398977 -1.000000 
-0.007919 -2.001083 0.002320 -1.070382 -2.058429 -0.152608 1.937647 -56.398977 -1.000000 
-0.007919 -2.001083 0.002320 -1.070382 -2.058429 -0.152608 1.937647 -56.398977 -1.000000 
-0.007919 -2.001083 0.002320 -1.070382 -2.058429 -0.152608 1.937647 -56.398977 -1.000000 
-0.007919 -2.001083 0.002320 -1.070382 -2.058429 -0.152608 1.937647 -56.398977 -1.000000 
-0.007919 -2.001083 0.002320 -1.070382 -2.058429 -0.152608 1.937647 -56.398977 -1.000000 
-0.007919 -2.001083 0.002320 -1.070382 -2.058429 -0.152608 1.937647 -56.398977 -1.000000 
-0.007919 -2.001083 0.002320 -1.070382 -2.058429 -0.152608 1.937647 -56.398977 -1.000000 
-0.007919 -2.001083 0.002320 -1.070382 -2.058429 -0.152608 1.937647 -56.398977 -1.000000 
-0.007919 -2.001083 0.002320 -1.070382 -2.058429 -0.152608 1.937647 -56.398977 -1.000000 
-0.007919 -2.001083 0.002320 -1.070382 -2.058429 -0.152608 1.937647 -56.398977 -1.000000 
-0.007919 -2.001083 0.002320 -1.070382 -2.058429 -0.152608 1.937647 -56.398977 -1.000000 
-0.007919 -2.001083 0.002320 -1.070382 -2.058429 -0.152608 1.937647 -56.398977 -1.000000 
-0.007919 -2.001083 0.002320 -1.070382 -2.058429 -0.152608 1.937647 -56.398977 -1.000000 
-0.007919 -2.001083 0.002320 -1.070382 -2.058429 -0.152608 1.937647 -56.398977 -1.000000 
-0.007919 -2.001083 0.002320 -1.070382 -2.058429 -0.152608 1.937647 -56.398977 -1.000000 
-0.007919 -2.001083 0.002320 -1.070382 -2.058429 -0.152608 1.937647 -56.398977 -1.000000 
-0.007919 -2.001083 0.002320 -1.070382 -2.058429 -0.152608 1.937647 -56.398977 -1.000000 
-0.007919 -2.001083 0.002320 -1.070382 -2.058429 -0.152608 1.937647 -56.398977 -1.000000 
-0.007919 -2.001083 0.002320 -1.070382 -2.058429 -0.152608 1.937647 -56.398977 -1.000000 
-0.007919 -2.001083 0.002320 -1.070382 -2.058429 -0.152608 1.937647 -56.398977 -1.000000 
-0.007919 -2.001083 0.002320 -1.070382 -2.058429 -0.152608 1.937647 -56.398977 -1.000000 
-0.007919 -2.001083 0.002320 -1.070382 -2.058429 -0.152608 1.937647 -56.398977 -1.000000 
-0.007919 -2.001083 0.002320 -1.070382 -2.058429 -0.152608 1.937647 -56.398977 -1.000000 
-0.007919 -2.001083 0.002320 -1.070382 -2.058429 -0.152608 1.937647 -56.398977 -1.000000 
-0.007919 -2.001083 0.002320 -1.070382 -2.058429 -0.152608 1.937647 -56.398977 -1.000000 
-0.007919 -2.001083 0.002320 -1.070382 -2.058429 -0.152608 1.937647 -56.398977 -1.000000 
-0.007919 -2.001083 0.002320 -1.070382 -2.058429 -0.152608 1.937647 -56.398977 -1.000000 
-0.007919 -2.001083 0.002320 -1.070382 -2.058429 -0.152608 1.937647 -56.398977 -1.000000 
-0.007919 -2.001083 0.002320 -1.070382 -2.058429 -0.152608 1.937647 -56.398977 -1.000000 
-0.007919 -2.001083 0.002320 -1.070382 -2.058429 -0.152608 1.937647 -56.398977 -1.000000 
-0.007919 -2.001083 0.002320 -1.070382 -2.058429 -0.152608 1.937647 -56.398977 -1.000000 
-0.007919 -2.001083 0.002320 -1.070382 -2.058429 -0.152608 1.937647 -56.398977 -1.000000 
-0.007919 -2.001083 0.002320 -1.070382 -2.058429 -0.152608 1.937647 -56.398977 -1.000000 
-0.007919 -2.001083 0.002320 -1.070382 -2.058429 -0.152608 1.937647 -56.398977 -1.000000 
-0.007919 -2.001083 0.002320 -1.070382 -2.058429 -0.152608 1.937647 -56.398977 -1.000000 
-0.007919 -2.001083 0.002320 -1.070382 -2.058429 -0.152608 1.937647 -56.398977 -1.000000 
-0.007919 -2.001083 0.002320 -1.070382 -2.058429 -0.152608 1.937647 -56.398977 -1.000000 
-0.007919 -2.001083 0.002320 -1.070382 -2.058429 -0.152608 1.937647 -56.398977 -1.000000 
-0.007919 -2.001083 0.002320 -1.070382 -2.058429 -0.152608 1.937647 -56.398977 -1.000000 
-0.007919 -2.001083 0.002320 -1.070382 -2.058429 -0.152608 1.937647 -56.398977 -1.000000 
-0.007919 -2.001083 0.002320 -1.070382 -2.058429 -0.152608 1.937647 -56.398977 -1.000000 
-0.007919 -2.001083 0.002320 -1.070382 -2.058429 -0.152608 1.937647 -56.398977 -1.000000 
-0.007919 -2.001083 0.002320 -1.070382 -2.058429 -0.152608 1.937647 -56.398977 -1.000000 
-0.007919 -2.001083 0.002320 -1.070382 -2.058429 -0.152608 1.937647 -56.398977 -1.000000 
-0.007919 -2.001083 0.002320 -1.070382 -2.058429 -0.152608 1.937647 -56.398977 -1.000000 
-0.007919 -2.001083 0.002320 -1.070382 -2.058429 -0.152608 1.937647 -56.398977 -1.000000 
-0.007919 -2.001083 0.002320 -1.070382 -2.058429 -0.152608 1.937647 -56.398977 -1.000000 
-0.007919 -2.001083 0.002320 -1.070382 -2.058429 -0.152608 1.937647 -56.398977 -1.000000 
-0.007919 -2.001083 0.002320 -1.070382 -2.058429 -0.152608 1.937647 -56.398977 -1.000000 
-0.007919 -2.001083 0.002320 -1.070382 -2.058429 -0.152608 1.937647 -56.398977 -1.000000 
-0.007919 -2.001083 0.002320 -1.070382 -2.058429 -0.152608 1.937647 -56.398977 -1.000000 
-0.007919 -2.001083 0.002320 -1.070382 -2.058429 -0.152608 1.937647 -56.398977 -1.000000 
-0.007919 -2.001083 0.002320 -1.070382 -2.058429 -0.152608 1.937647 -56.398977 -1.000000 
-0.007919 -2.001083 0.002320 -1.070382 -2.058429 -0.152608 1.937647 -56.398977 -1.000000 
-0.007919 -2.001083 0.002320 -1.070382 -2.058429 -0.152608 1.937647 -56.398977 -1.000000 
-0.007919 -2.001083 0.002320 -1.070382 -2.058429 -0.152608 1.937647 -56.398977 -1.000000 
-0.007919 -2.001083 0.002320 -1.070382 -2.058429 -0.152608 1.937647 -56.398977 -1.000000 
-0.007919 -2.001083 0.002320 -1.070382 -2.058429 -0.152608 1.937647 -56.398977 -1.000000 
-0.007919 -2.001083 0.002320 -1.070382 -2.058429 -0.152608 1.937647 -56.398977 -1.000000 
-0.007919 -2.001083 0.002320 -1.070382 -2.058429 -0.152608 1.937647 -56.398977 -1.000000 
-0.007919 -2.001083 0.002320 -1.070382 -2.058429 -0.152608 1.937647 -56.398977 -1.000000 
-0.007919 -2.001083 0.002320 -1.070382 -2.058429 -0.152608 1.937647 -56.398977 -1.000000 
-0.007919 -2.001083 0.002320 -1.070382 -2.058429 -0.152608 1.937647 -56.398977 -1.000000 
-0.007919 -2.001083 0.002320 -1.070382 -2.058429 -0.152608 1.937647 -56.398977 -1.000000 
-0.007919 -2.001083 0.002320 -1.070382 -2.058429 -0.152608 1.937647 -56.398977 -1.000000 
-0.007919 -2.001083 0.002320 -1.070382 -2.058429 -0.152608 1.937647 -56.398977 -1.000000 
-0.007919 -2.001083 0.002320 -1.070382 -2.058429 -0.152608 1.937647 -56.398977 -1.000000 
-0.007919 -2.001083 0.002320 -1.070382 -2.058429 -0.152608 1.937647 -56.398977 -1.000000 
-0.007919 -2.001083 0.002320 -1.070382 -2.058429 -0.152608 1.937647 -56.398977 -1.000000 
-0.007919 -2.001083 0.002320 -1.070382 -2.058429 -0.152608 1.937647 -56.398977 -1.000000 
-0.007919 -2.001083 0.002320 -1.070382 -2.058429 -0.152608 1.937647 -56.398977 -1.000000 
-0.007919 -2.001083 0.002320 -1.070382 -2.058429 -0.152608 1.937647 -56.398977 -1.000000 
-0.007919 -2.001083 0.002320 -1.070382 -2.058429 -0.152608 1.937647 -56.398977 -1.000000 
-0.007919 -2.001083 0.002320 -1.070382 -2.058429 -0.152608 1.937647 -56.398977 -1.000000 
-0.007919 -2.001083 0.002320 -1.070382 -2.058429 -0.152608 1.937647 -56.398977 -1.000000 
-0.007919 -2.001083 0.002320 -1.070382 -2.058429 -0.152608 1.937647 -56.398977 -1.000000 
-0.007919 -2.001083 0.002320 -1.070382 -2.058429 -0.152608 1.937647 -56.398977 -1.000000 
-0.007919 -2.001083 0.002320 -1.070382 -2.058429 -0.152608 1.937647 -56.398977 -1.000000 
-0.007919 -2.001083 0.002320 -1.070382 -2.058429 -0.152608 1.937647 -56.398977 -1.000000 
-0.007919 -2.001083 0.002320 -1.070382 -2.058429 -0.152608 1.937647 -56.398977 -1.000000 
-0.007919 -2.001083 0.002320 -1.070382 -2.058429 -0.152608 1.937647 -56.398977 -1.000000 
-0.007919 -2.001083 0.002320 -1.070382 -2.058429 -0.152608 1.937647 -56.398977 -1.000000 
-0.007919 -2.001083 0.002320 -1.070382 -2.058429 -0.152608 1.937647 -56.398977 -1.000000 
-0.007919 -2.001083 0.002320 -1.070382 -2.058429 -0.152608 1.937647 -56.398977 -1.000000 
-0.007919 -2.001083 0.002320 -1.070382 -2.058429 -0.152608 1.937647 -56.398977 -1.000000 
-0.007919 -2.001083 0.002320 -1.070382 -2.058429 -0.152608 1.937647 -56.398977 -1.000000 
-0.007919 -2.001083 0.002320 -1.070382 -2.058429 -0.152608 1.937647 -56.398977 -1.000000 
-0.007919 -2.001083 0.002320 -1.070382 -2.058429 -0.152608 1.937647 -56.398977 -1.000000 
-0.007919 -2.001083 0.002320 -1.070382 -2.058429 -0.152608 1.937647 -56.398977 -1.000000 
-0.007919 -2.001083 0.002320 -1.070382 -2.058429 -0.152608 1.937647 -56.398977 -1.000000 
-0.007919 -2.001083 0.002320 -1.070382 -2.058429 -0.152608 1.937647 -56.398977 -1.000000 
-0.007919 -2.001083 0.002320 -1.070382 -2.058429 -0.152608 1.937647 -56.398977 -1.000000 
-0.007919 -2.001083 0.002320 -1.070382 -2.058429 -0.152608 1.937647 -56.398977 -1.000000 
-0.007919 -2.001083 0.002320 -1.070382 -2.058429 -0.152608 1.937647 -56.398977 -1.000000 
-0.007919 -2.001083 0.002320 -1.070382 -2.058429 -0.152608 1.937647 -56.398977 -1.000000 
-0.007919 -2.001083 0.002320 -1.070382 -2.058429 -0.152608 1.937647 -56.398977 -1.000000 
-0.007919 -2.001083 0.002320 -1.070382 -2.058429 -0.152608 1.937647 -56.398977 -1.000000 
-0.007919 -2.001083 0.002320 -1.070382 -2.058429 -0.152608 1.937647 -56.398977 -1.000000 
-0.007919 -2.001083 0.002320 -1.070382 -2.058429 -0.152608 1.937647 -56.398977 -1.000000 
-0.007919 -2.001083 0.002320 -1.070382 -2.058429 -0.152608 1.937647 -56.398977 -1.000000 
-0.007919 -2.001083 0.002320 -1.070382 -2.058429 -0.152608 1.937647 -56.398977 -1.000000 
-0.007919 -2.001083 0.002320 -1.070382 -2.058429 -0.152608 1.937647 -56.398977 -1.000000 
-0.007919 -2.001083 0.002320 -1.070382 -2.058429 -0.152608 1.937647 -56.398977 -1.000000 
-0.007919 -2.001083 0.002320 -1.070382 -2.058429 -0.152608 1.937647 -56.398977 -1.000000 
-0.007919 -2.001083 0.002320 -1.070382 -2.058429 -0.152608 1.937647 -56.398977 -1.000000 
-0.007919 -2.001083 0.002320 -1.070382 -2.058429 -0.152608 1.937647 -56.398977 -1.000000 
-0.007919 -2.001083 0.002320 -1.070382 -2.058429 -0.152608 1.937647 -56.398977 -1.000000 
-0.007919 -2.001083 0.002320 -1.070382 -2.058429 -0.152608 1.937647 -56.398977 -1.000000 
-0.007919 -2.001083 0.002320 -1.070382 -2.058429 -0.152608 1.937647 -56.398977 -1.000000 
-0.007919 -2.001083 0.002320 -1.070382 -2.058429 -0.152608 1.937647 -56.398977 -1.000000 
-0.007919 -2.001083 0.002320 -1.070382 -2.058429 -0.152608 1.937647 -56.398977 -1.000000 
-0.007919 -2.001083 0.002320 -1.070382 -2.058429 -0.152608 1.937647 -56.398977 -1.000000 
-0.007919 -2.001083 0.002320 -1.070382 -2.058429 -0.152608 1.937647 -56.398977 -1.000000 
-0.007919 -2.001083 0.002320 -1.070382 -2.058429 -0.152608 1.937647 -56.398977 -1.000000 
-0.007919 -2.001083 0.002320 -1.070382 -2.058429 -0.152608 1.937647 -56.398977 -1.000000 
-0.007919 -2.001083 0.002320 -1.070382 -2.058429 -0.152608 1.937647 -56.398977 -1.000000 
-0.007919 -2.001083 0.002320 -1.070382 -2.058429 -0.152608 1.937647 -56.398977 -1.000000 
-0.007919 -2.001083 0.002320 -1.070382 -2.058429 -0.152608 1.937647 -56.398977 -1.000000 
-0.007919 -2.001083 0.002320 -1.070382 -2.058429 -0.152608 1.937647 -56.398977 -1.000000 
-0.007919 -2.001083 0.002320 -1.070382 -2.058429 -0.152608 1.937647 -56.398977 -1.000000 
-0.007919 -2.001083 0.002320 -1.070382 -2.058429 -0.152608 1.937647 -56.398977 -1.000000 
-0.007919 -2.001083 0.002320 -1.070382 -2.058429 -0.152608 1.937647 -56.398977 -1.000000 
-0.007919 -2.001083 0.002320 -1.070382 -2.058429 -0.152608 1.937647 -56.398977 -1.000000 
-0.007919 -2.001083 0.002320 -1.070382 -2.058429 -0.152608 1.937647 -56.398977 -1.000000 
-0.007919 -2.001083 0.002320 -1.070382 -2.058429 -0.152608 1.937647 -56.398977 -1.000000 
-0.007919 -2.001083 0.002320 -1.070382 -2.058429 -0.152608 1.937647 -56.398977 -1.000000 
-0.007919 -2.001083 0.002320 -1.070382 -2.058429 -0.152608 1.937647 -56.398977 -1.000000 
-0.007919 -2.001083 0.002320 -1.070382 -2.058429 -0.152608 1.937647 -56.398977 -1.000000 
-0.007919 -2.001083 0.002320 -1.070382 -2.058429 -0.152608 1.937647 -56.398977 -1.000000 
-0.007919 -2.001083 0.002320 -1.070382 -2.058429 -0.152608 1.937647 -56.398977 -1.000000 
-0.007919 -2.001083 0.002320 -1.070382 -2.058429 -0.152608 1.937647 -56.398977 -1.000000 
-0.007919 -2.001083 0.002320 -1.070382 -2.058429 -0.152608 1.937647 -56.398977 -1.000000 
-0.007919 -2.001083 0.002320 -1.070382 -2.058429 -0.152608 1.937647 -56.398977 -1.000000 
-0.007919 -2.001083 0.002320 -1.070382 -2.058429 -0.152608 1.937647 -56.398977 -1.000000 
-0.007919 -2.001083 0.002320 -1.070382 -2.058429 -0.152608 1.937647 -56.398977 -1.000000 
-0.007919 -2.001083 0.002320 -1.070382 -2.058429 -0.152608 1.937647 -56.398977 -1.000000 
-0.007919 -2.001083 0.002320 -1.070382 -2.058429 -0.152608 1.937647 -56.398977 -1.000000 
-0.007919 -2.001083 0.002320 -1.070382 -2.058429 -0.152608 1.937647 -56.398977 -1.000000 
-0.007919 -2.001083 0.002320 -1.070382 -2.058429 -0.152608 1.937647 -56.398977 -1.000000 
-0.007919 -2.001083 0.002320 -1.070382 -2.058429 -0.152608 1.937647 -56.398977 -1.000000 
-0.007919 -2.001083 0.002320 -1.070382 -2.058429 -0.152608 1.937647 -56.398977 -1.000000 
-0.007919 -2.001083 0.002320 -1.070382 -2.058429 -0.152608 1.937647 -56.398977 -1.000000 
-0.007919 -2.001083 0.002320 -1.070382 -2.058429 -0.152608 1.937647 -56.398977 -1.000000 
-0.007919 -2.001083 0.002320 -1.070382 -2.058429 -0.152608 1.937647 -56.398977 -1.000000 
-0.007919 -2.001083 0.002320 -1.070382 -2.058429 -0.152608 1.937647 -56.398977 -1.000000 
-0.007919 -2.001083 0.002320 -1.070382 -2.058429 -0.152608 1.937647 -56.398977 -1.000000 
-0.007919 -2.001083 0.002320 -1.070382 -2.058429 -0.152608 1.937647 -56.398977 -1.000000 
-0.007919 -2.001083 0.002320 -1.070382 -2.058429 -0.152608 1.937647 -56.398977 -1.000000 
-0.007919 -2.001083 0.002320 -1.070382 -2.058429 -0.152608 1.937647 -56.398977 -1.000000 
-0.007919 -2.001083 0.002320 -1.070382 -2.058429 -0.152608 1.937647 -56.398977 -1.000000 
-0.007919 -2.001083 0.002320 -1.070382 -2.058429 -0.152608 1.937647 -56.398977 -1.000000 
-0.007919 -2.001083 0.002320 -1.070382 -2.058429 -0.152608 1.937647 -56.398977 -1.000000 
-0.007919 -2.001083 0.002320 -1.070382 -2.058429 -0.152608 1.937647 -56.398977 -1.000000 
-0.007919 -2.001083 0.002320 -1.070382 -2.058429 -0.152608 1.937647 -56.398977 -1.000000 
-0.007919 -2.001083 0.002320 -1.070382 -2.058429 -0.152608 1.937647 -56.398977 -1.000000 
-0.007919 -2.001083 0.002320 -1.070382 -2.058429 -0.152608 1.937647 -56.398977 -1.000000 
-0.007919 -2.001083 0.002320 -1.070382 -2.058429 -0.152608 1.937647 -56.398977 -1.000000 
-0.007919 -2.001083 0.002320 -1.070382 -2.058429 -0.152608 1.937647 -56.398977 -1.000000 
-0.007919 -2.001083 0.002320 -1.070382 -2.058429 -0.152608 1.937647 -56.398977 -1.000000 
-0.007919 -2.001083 0.002320 -1.070382 -2.058429 -0.152608 1.937647 -56.398977 -1.000000 
-0.007919 -2.001083 0.002320 -1.070382 -2.058429 -0.152608 1.937647 -56.398977 -1.000000 
-0.007919 -2.001083 0.002320 -1.070382 -2.058429 -0.152608 1.937647 -56.398977 -1.000000 
-0.007919 -2.001083 0.002320 -1.070382 -2.058429 -0.152608 1.937647 -56.398977 -1.000000 
-0.007919 -2.001083 0.002320 -1.070382 -2.058429 -0.152608 1.937647 -56.398977 -1.000000 
-0.007919 -2.001083 0.002320 -1.070382 -2.058429 -0.152608 1.937647 -56.398977 -1.000000 
-0.007919 -2.001083 0.002320 -1.070382 -2.058429 -0.152608 1.937647 -56.398977 -1.000000 
-0.007919 -2.001083 0.002320 -1.070382 -2.058429 -0.152608 1.937647 -56.398977 -1.000000 
-0.007919 -2.001083 0.002320 -1.070382 -2.058429 -0.152608 1.937647 -56.398977 -1.000000 
-0.007919 -2.001083 0.002320 -1.070382 -2.058429 -0.152608 1.937647 -56.398977 -1.000000 
-0.007919 -2.001083 0.002320 -1.070382 -2.058429 -0.152608 1.937647 -56.398977 -1.000000 
-0.007919 -2.001083 0.002320 -1.070382 -2.058429 -0.152608 1.937647 -56.398977 -1.000000 
-0.007919 -2.001083 0.002320 -1.070382 -2.058429 -0.152608 1.937647 -56.398977 -1.000000 
-0.007919 -2.001083 0.002320 -1.070382 -2.058429 -0.152608 1.937647 -56.398977 -1.000000 
-0.007919 -2.001083 0.002320 -1.070382 -2.058429 -0.152608 1.937647 -56.398977 -1.000000 
-0.007919 -2.001083 0.002320 -1.070382 -2.058429 -0.152608 1.937647 -56.398977 -1.000000 
-0.007919 -2.001083 0.002320 -1.070382 -2.058429 -0.152608 1.937647 -56.398977 -1.000000 
-0.007919 -2.001083 0.002320 -1.070382 -2.058429 -0.152608 1.937647 -56.398977 -1.000000 
-0.007919 -2.001083 0.002320 -1.070382 -2.058429 -0.152608 1.937647 -56.398977 -1.000000 
-0.007919 -2.001083 0.002320 -1.070382 -2.058429 -0.152608 1.937647 -56.398977 -1.000000 
-0.007919 -2.001083 0.002320 -1.070382 -2.058429 -0.152608 1.937647 -56.398977 -1.000000 
-0.007919 -2.001083 0.002320 -1.070382 -2.058429 -0.152608 1.937647 -56.398977 -1.000000 
-0.007919 -2.001083 0.002320 -1.070382 -2.058429 -0.152608 1.937647 -56.398977 -1.000000 
-0.007919 -2.001083 0.002320 -1.070382 -2.058429 -0.152608 1.937647 -56.398977 -1.000000 
-0.007919 -2.001083 0.002320 -1.070382 -2.058429 -0.152608 1.937647 -56.398977 -1.000000 
-0.007919 -2.001083 0.002320 -1.070382 -2.058429 -0.152608 1.937647 -56.398977 -1.000000 
-0.007919 -2.001083 0.002320 -1.070382 -2.058429 -0.152608 1.937647 -56.398977 -1.000000 
-0.007919 -2.001083 0.002320 -1.070382 -2.058429 -0.152608 1.937647 -56.398977 -1.000000 
-0.007919 -2.001083 0.002320 -1.070382 -2.058429 -0.152608 1.937647 -56.398977 -1.000000 
-0.007919 -2.001083 0.002320 -1.070382 -2.058429 -0.152608 1.937647 -56.398977 -1.000000 
-0.007919 -2.001083 0.002320 -1.070382 -2.058429 -0.152608 1.937647 -56.398977 -1.000000 
-0.007919 -2.001083 0.002320 -1.070382 -2.058429 -0.152608 1.937647 -56.398977 -1.000000 
-0.007919 -2.001083 0.002320 -1.070382 -2.058429 -0.152608 1.937647 -56.398977 -1.000000 
-0.007919 -2.001083 0.002320 -1.070382 -2.058429 -0.152608 1.937647 -56.398977 -1.000000 
-0.007919 -2.001083 0.002320 -1.070382 -2.058429 -0.152608 1.937647 -56.398977 -1.000000 
-0.007919 -2.001083 0.002320 -1.070382 -2.058429 -0.152608 1.937647 -56.398977 -1.000000 
-0.007919 -2.001083 0.002320 -1.070382 -2.058429 -0.152608 1.937647 -56.398977 -1.000000 
-0.007919 -2.001083 0.002320 -1.070382 -2.058429 -0.152608 1.937647 -56.398977 -1.000000 
-0.007919 -2.001083 0.002320 -1.070382 -2.058429 -0.152608 1.937647 -56.398977 -1.000000 
-0.007919 -2.001083 0.002320 -1.070382 -2.058429 -0.152608 1.937647 -56.398977 -1.000000 
-0.007919 -2.001083 0.002320 -1.070382 -2.058429 -0.152608 1.937647 -56.398977 -1.000000 
-0.007919 -2.001083 0.002320 -1.070382 -2.058429 -0.152608 1.937647 -56.398977 -1.000000 
-0.007919 -2.001083 0.002320 -1.070382 -2.058429 -0.152608 1.937647 -56.398977 -1.000000 
-0.007919 -2.001083 0.002320 -1.070382 -2.058429 -0.152608 1.937647 -56.398977 -1.000000 
-0.007919 -2.001083 0.002320 -1.070382 -2.058429 -0.152608 1.937647 -56.398977 -1.000000 
-0.007919 -2.001083 0.002320 -1.070382 -2.058429 -0.152608 1.937647 -56.398977 -1.000000 
-0.007919 -2.001083 0.002320 -1.070382 -2.058429 -0.152608 1.937647 -56.398977 -1.000000 
-0.007919 -2.001083 0.002320 -1.070382 -2.058429 -0.152608 1.937647 -56.398977 -1.000000 
-0.007919 -2.001083 0.002320 -1.070382 -2.058429 -0.152608 1.937647 -56.398977 -1.000000 
-0.007919 -2.001083 0.002320 -1.070382 -2.058429 -0.152608 1.937647 -56.398977 -1.000000 
-0.007919 -2.001083 0.002320 -1.070382 -2.058429 -0.152608 1.937647 -56.398977 -1.000000 
-0.007919 -2.001083 0.002320 -1.070382 -2.058429 -0.152608 1.937647 -56.398977 -1.000000 
-0.007919 -2.001083 0.002320 -1.070382 -2.058429 -0.152608 1.937647 -56.398977 -1.000000 
-0.007919 -2.001083 0.002320 -1.070382 -2.058429 -0.152608 1.937647 -56.398977 -1.000000 
-0.007919 -2.001083 0.002320 -1.070382 -2.058429 -0.152608 1.937647 -56.398977 -1.000000 
-0.007919 -2.001083 0.002320 -1.070382 -2.058429 -0.152608 1.937647 -56.398977 -1.000000 
-0.007919 -2.001083 0.002320 -1.070382 -2.058429 -0.152608 1.937647 -56.398977 -1.000000 
-0.007919 -2.001083 0.002320 -1.070382 -2.058429 -0.152608 1.937647 -56.398977 -1.000000 
-0.007919 -2.001083 0.002320 -1.070382 -2.058429 -0.152608 1.937647 -56.398977 -1.000000 
-0.007919 -2.001083 0.002320 -1.070382 -2.058429 -0.152608 1.937647 -56.398977 -1.000000 
-0.007919 -2.001083 0.002320 -1.070382 -2.058429 -0.152608 1.937647 -56.398977 -1.000000 
-0.007919 -2.001083 0.002320 -1.070382 -2.058429 -0.152608 1.937647 -56.398977 -1.000000 
-0.007919 -2.001083 0.002320 -1.070382 -2.058429 -0.152608 1.937647 -56.398977 -1.000000 
-0.007919 -2.001083 0.002320 -1.070382 -2.058429 -0.152608 1.937647 -56.398977 -1.000000 
-0.007919 -2.001083 0.002320 -1.070382 -2.058429 -0.152608 1.937647 -56.398977 -1.000000 
-0.007919 -2.001083 0.002320 -1.070382 -2.058429 -0.152608 1.937647 -56.398977 -1.000000 
-0.007919 -2.001083 0.002320 -1.070382 -2.058429 -0.152608 1.937647 -56.398977 -1.000000 
-0.007919 -2.001083 0.002320 -1.070382 -2.058429 -0.152608 1.937647 -56.398977 -1.000000 
-0.007919 -2.001083 0.002320 -1.070382 -2.058429 -0.152608 1.937647 -56.398977 -1.000000 
-0.007919 -2.001083 0.002320 -1.070382 -2.058429 -0.152608 1.937647 -56.398977 -1.000000 
-0.007919 -2.001083 0.002320 -1.070382 -2.058429 -0.152608 1.937647 -56.398977 -1.000000 
-0.007919 -2.001083 0.002320 -1.070382 -2.058429 -0.152608 1.937647 -56.398977 -1.000000 
-0.007919 -2.001083 0.002320 -1.070382 -2.058429 -0.152608 1.937647 -56.398977 -1.000000 
-0.007919 -2.001083 0.002320 -1.070382 -2.058429 -0.152608 1.937647 -56.398977 -1.000000 
-0.007919 -2.001083 0.002320 -1.070382 -2.058429 -0.152608 1.937647 -56.398977 -1.000000 
-0.007919 -2.001083 0.002320 -1.070382 -2.058429 -0.152608 1.937647 -56.398977 -1.000000 
-0.007919 -2.001083 0.002320 -1.070382 -2.058429 -0.152608 1.937647 -56.398977 -1.000000 
-0.007919 -2.001083 0.002320 -1.070382 -2.058429 -0.152608 1.937647 -56.398977 -1.000000 
-0.007919 -2.001083 0.002320 -1.070382 -2.058429 -0.152608 1.937647 -56.398977 -1.000000 
-0.007919 -2.001083 0.002320 -1.070382 -2.058429 -0.152608 1.937647 -56.398977 -1.000000 
-0.007919 -2.001083 0.002320 -1.070382 -2.058429 -0.152608 1.937647 -56.398977 -1.000000 
-0.007919 -2.001083 0.002320 -1.070382 -2.058429 -0.152608 1.937647 -56.398977 -1.000000 
-0.007919 -2.001083 0.002320 -1.070382 -2.058429 -0.152608 1.937647 -56.398977 -1.000000 
-0.007919 -2.001083 0.002320 -1.070382 -2.058429 -0.152608 1.937647 -56.398977 -1.000000 
-0.007919 -2.001083 0.002320 -1.070382 -2.058429 -0.152608 1.937647 -56.398977 -1.000000 
-0.007919 -2.001083 0.002320 -1.070382 -2.058429 -0.152608 1.937647 -56.398977 -1.000000 
-0.007919 -2.001083 0.002320 -1.070382 -2.058429 -0.152608 1.937647 -56.398977 -1.000000 
-0.007919 -2.001083 0.002320 -1.070382 -2.058429 -0.152608 1.937647 -56.398977 -1.000000 
-0.007919 -2.001083 0.002320 -1.070382 -2.058429 -0.152608 1.937647 -56.398977 -1.000000 
0.000000 0.000000 0.000000 0.000000 0.000000 0.000000 0.000000 0.000000 0.000000 
