1.055498 1.422707 -0.260185 -1.289463 -1.530706 1.282209 0.083677 0.022321 -1.000000 
1.066680 1.372726 -0.270447 -1.275990 -1.520488 1.271955 0.083852 0.021343 -1.000000 
1.077463 1.323005 -0.280600 -1.262250 -1.510359 1.260175 0.084019 0.020436 -1.000000 
1.087849 1.273570 -0.290642 -1.248260 -1.500329 1.246896 0.084179 0.019596 -1.000000 
1.097841 1.224446 -0.300572 -1.234037 -1.490412 1.232150 0.084333 0.018816 -1.000000 
1.107441 1.175657 -0.310386 -1.219598 -1.480619 1.215966 0.084480 0.018092 -1.000000 
1.116652 1.127222 -0.320085 -1.204959 -1.470961 1.198378 0.084622 0.017419 -1.000000 
1.125477 1.079162 -0.329665 -1.190134 -1.461448 1.179419 0.084759 0.016792 -1.000000 
1.133920 1.031491 -0.339126 -1.175140 -1.452093 1.159123 0.084891 0.016208 -1.000000 
1.141982 0.984226 -0.348467 -1.159988 -1.442906 1.137525 0.085018 0.015664 -1.000000 
1.149668 0.937378 -0.357686 -1.144692 -1.433896 1.114661 0.085142 0.015157 -1.000000 
1.156981 0.890957 -0.366782 -1.129265 -1.425075 1.090569 0.085261 0.014683 -1.000000 
1.163925 0.844973 -0.375754 -1.113717 -1.416450 1.065286 0.085377 0.014242 -1.000000 
1.170502 0.799432 -0.384601 -1.098059 -1.408033 1.038849 0.085489 0.013829 -1.000000 
1.176717 0.754338 -0.393322 -1.082300 -1.399832 1.011298 0.085598 0.013444 -1.000000 
1.182573 0.709694 -0.401917 -1.066449 -1.391855 0.982671 0.085704 0.013084 -1.000000 
1.188073 0.665502 -0.410385 -1.050514 -1.384112 0.953007 0.085807 0.012748 -1.000000 
1.193222 0.621760 -0.418725 -1.034502 -1.376610 0.922347 0.085908 0.012434 -1.000000 
1.198023 0.578466 -0.426937 -1.018419 -1.369357 0.890730 0.086006 0.012141 -1.000000 
1.202479 0.535617 -0.435020 -1.002271 -1.362361 0.858197 0.086102 0.011868 -1.000000 
1.206594 0.493206 -0.442973 -0.986061 -1.355628 0.824788 0.086196 0.011613 -1.000000 
1.210371 0.451228 -0.450797 -0.969792 -1.349166 0.790542 0.086288 0.011375 -1.000000 
1.213814 0.409672 -0.458490 -0.953469 -1.342982 0.755502 0.086378 0.011154 -1.000000 
1.216927 0.368530 -0.466052 -0.937092 -1.337080 0.719706 0.086467 0.010949 -1.000000 
1.219712 0.327791 -0.473483 -0.920663 -1.331468 0.683197 0.086554 0.010758 -1.000000 
1.222173 0.287442 -0.480783 -0.904181 -1.326151 0.646014 0.086639 0.010581 -1.000000 
1.224312 0.247469 -0.487950 -0.887646 -1.321134 0.608197 0.086723 0.010417 -1.000000 
1.226133 0.207859 -0.494985 -0.871057 -1.316421 0.569789 0.086806 0.010267 -1.000000 
1.227639 0.168596 -0.501887 -0.854411 -1.312018 0.530828 0.086887 0.010128 -1.000000 
1.228832 0.129664 -0.508655 -0.837706 -1.307929 0.491356 0.086968 0.010001 -1.000000 
1.229714 0.091045 -0.515290 -0.820937 -1.304158 0.451413 0.087047 0.009886 -1.000000 
1.230289 0.052722 -0.521790 -0.804100 -1.300708 0.411038 0.087126 0.009781 -1.000000 
1.230559 0.014676 -0.528155 -0.787191 -1.297582 0.370273 0.087204 0.009687 -1.000000 
1.230525 -0.023112 -0.534385 -0.770203 -1.294785 0.329157 0.087281 0.009603 -1.000000 
1.230189 -0.060662 -0.540478 -0.753131 -1.292317 0.287730 0.087358 0.009529 -1.000000 
1.229555 -0.097994 -0.546435 -0.735966 -1.290182 0.246033 0.087434 0.009465 -1.000000 
1.228622 -0.135128 -0.552253 -0.718703 -1.288381 0.204104 0.087509 0.009410 -1.000000 
1.227393 -0.172086 -0.557934 -0.701332 -1.286916 0.161984 0.087584 0.009365 -1.000000 
1.225869 -0.208888 -0.563474 -0.683845 -1.285790 0.119713 0.087659 0.009328 -1.000000 
1.224051 -0.245555 -0.568875 -0.666234 -1.285001 0.077330 0.087733 0.009301 -1.000000 
1.221940 -0.282109 -0.574134 -0.648488 -1.284552 0.034875 0.087808 0.009282 -1.000000 
1.219538 -0.318570 -0.579250 -0.630597 -1.284443 -0.007613 0.087882 0.009273 -1.000000 
1.216844 -0.354961 -0.584223 -0.612553 -1.284674 -0.050093 0.087956 0.009272 -1.000000 
1.213858 -0.391300 -0.589051 -0.594343 -1.285245 -0.092527 0.088030 0.009280 -1.000000 
1.210583 -0.427611 -0.593732 -0.575958 -1.286154 -0.134874 0.088105 0.009297 -1.000000 
1.207017 -0.463911 -0.598265 -0.557385 -1.287402 -0.177095 0.088179 0.009323 -1.000000 
1.203160 -0.500222 -0.602650 -0.538614 -1.288987 -0.219149 0.088254 0.009358 -1.000000 
1.199013 -0.536563 -0.606883 -0.519633 -1.290908 -0.260998 0.088329 0.009402 -1.000000 
1.194575 -0.572953 -0.610963 -0.500430 -1.293163 -0.302602 0.088404 0.009455 -1.000000 
1.189846 -0.609410 -0.614889 -0.480995 -1.295749 -0.343919 0.088480 0.009518 -1.000000 
1.184824 -0.645951 -0.618658 -0.461314 -1.298665 -0.384911 0.088557 0.009590 -1.000000 
1.179510 -0.682593 -0.622269 -0.441376 -1.301907 -0.425538 0.088634 0.009672 -1.000000 
1.173902 -0.719353 -0.625720 -0.421170 -1.305472 -0.465758 0.088711 0.009764 -1.000000 
1.168000 -0.756245 -0.629007 -0.400683 -1.309358 -0.505531 0.088790 0.009867 -1.000000 
1.161802 -0.793284 -0.632130 -0.379904 -1.313559 -0.544818 0.088869 0.009981 -1.000000 
1.155307 -0.830482 -0.635085 -0.358823 -1.318073 -0.583578 0.088950 0.010106 -1.000000 
1.148514 -0.867852 -0.637870 -0.337427 -1.322895 -0.621769 0.089031 0.010242 -1.000000 
1.141421 -0.905404 -0.640483 -0.315705 -1.328020 -0.659352 0.089113 0.010391 -1.000000 
1.134027 -0.943148 -0.642921 -0.293649 -1.333443 -0.696286 0.089197 0.010552 -1.000000 
1.126330 -0.981092 -0.645180 -0.271246 -1.339159 -0.732529 0.089282 0.010727 -1.000000 
1.118329 -1.019242 -0.647260 -0.248487 -1.345161 -0.768041 0.089369 0.010916 -1.000000 
1.110022 -1.057606 -0.649155 -0.225364 -1.351445 -0.802781 0.089457 0.011119 -1.000000 
1.101407 -1.096186 -0.650864 -0.201867 -1.358004 -0.836709 0.089547 0.011338 -1.000000 
1.092482 -1.134985 -0.652384 -0.177988 -1.364830 -0.869782 0.089638 0.011573 -1.000000 
1.083246 -1.174004 -0.653711 -0.153720 -1.371918 -0.901962 0.089732 0.011826 -1.000000 
1.073698 -1.213242 -0.654842 -0.129055 -1.379259 -0.933207 0.089828 0.012097 -1.000000 
1.063834 -1.252698 -0.655775 -0.103988 -1.386847 -0.963476 0.089926 0.012387 -1.000000 
1.053654 -1.292366 -0.656505 -0.078514 -1.394672 -0.992730 0.090026 0.012699 -1.000000 
1.043156 -1.332243 -0.657030 -0.052626 -1.402728 -1.020928 0.090129 0.013033 -1.000000 
1.032337 -1.372319 -0.657346 -0.026323 -1.411004 -1.048031 0.090235 0.013391 -1.000000 
1.021198 -1.412585 -0.657450 0.000400 -1.419493 -1.073999 0.090343 0.013774 -1.000000 
1.009736 -1.453032 -0.657339 0.027544 -1.428185 -1.098794 0.090455 0.014185 -1.000000 
0.997949 -1.493644 -0.657008 0.055109 -1.437070 -1.122378 0.090570 0.014626 -1.000000 
0.985837 -1.534409 -0.656456 0.083097 -1.446140 -1.144712 0.090689 0.015098 -1.000000 
0.973398 -1.575308 -0.655678 0.111505 -1.455382 -1.165759 0.090812 0.015605 -1.000000 
0.960632 -1.616323 -0.654671 0.140331 -1.464788 -1.185484 0.090939 0.016149 -1.000000 
0.947537 -1.657435 -0.653431 0.169572 -1.474347 -1.203850 0.091070 0.016734 -1.000000 
0.934112 -1.698619 -0.651956 0.199222 -1.484046 -1.220823 0.091207 0.017363 -1.000000 
0.920359 -1.739853 -0.650243 0.229277 -1.493876 -1.236369 0.091348 0.018040 -1.000000 
0.906275 -1.781110 -0.648287 0.259729 -1.503824 -1.250455 0.091496 0.018769 -1.000000 
0.891861 -1.822361 -0.646086 0.290570 -1.513879 -1.263051 0.091649 0.019555 -1.000000 
0.877117 -1.863578 -0.643637 0.321789 -1.524029 -1.274126 0.091809 0.020403 -1.000000 
0.862044 -1.904727 -0.640936 0.353377 -1.534261 -1.283652 0.091975 0.021321 -1.000000 
0.846642 -1.945777 -0.637982 0.385319 -1.544563 -1.291600 0.092150 0.022313 -1.000000 
0.830912 -1.986691 -0.634770 0.417604 -1.554922 -1.297946 0.092333 0.023389 -1.000000 
0.814855 -2.027433 -0.631299 0.450215 -1.565326 -1.302666 0.092524 0.024556 -1.000000 
0.798473 -2.067964 -0.627566 0.483136 -1.575761 -1.305737 0.092726 0.025825 -1.000000 
0.781768 -2.108245 -0.623568 0.516350 -1.586213 -1.307139 0.092938 0.027207 -1.000000 
0.764742 -2.148233 -0.619304 0.549836 -1.596670 -1.306854 0.093161 0.028713 -1.000000 
0.747398 -2.187887 -0.614770 0.583575 -1.607118 -1.304866 0.093398 0.030359 -1.000000 
0.729737 -2.227161 -0.609966 0.617546 -1.617544 -1.301160 0.093648 0.032161 -1.000000 
0.711764 -2.266011 -0.604889 0.651723 -1.627932 -1.295726 0.093913 0.034137 -1.000000 
0.693482 -2.304389 -0.599538 0.686084 -1.638271 -1.288553 0.094194 0.036310 -1.000000 
0.674895 -2.342249 -0.593911 0.720602 -1.648545 -1.279636 0.094494 0.038702 -1.000000 
0.656008 -2.379541 -0.588008 0.755250 -1.658740 -1.268969 0.094814 0.041344 -1.000000 
0.636824 -2.416217 -0.581827 0.790000 -1.668843 -1.256551 0.095157 0.044268 -1.000000 
0.617350 -2.452227 -0.575368 0.824823 -1.678840 -1.242384 0.095523 0.047511 -1.000000 
0.597590 -2.487519 -0.568630 0.859688 -1.688717 -1.226471 0.095918 0.051120 -1.000000 
0.577552 -2.522043 -0.561613 0.894563 -1.698459 -1.208820 0.096342 0.055145 -1.000000 
0.557240 -2.555748 -0.554317 0.929417 -1.708053 -1.189439 0.096801 0.059648 -1.000000 
0.536662 -2.588582 -0.546742 0.964216 -1.717486 -1.168342 0.097298 0.064700 -1.000000 
0.515825 -2.620493 -0.538889 0.998924 -1.726742 -1.145543 0.097838 0.070387 -1.000000 
0.494737 -2.651431 -0.530760 1.033508 -1.735810 -1.121062 0.098426 0.076808 -1.000000 
0.473405 -2.681345 -0.522354 1.067932 -1.744675 -1.094921 0.099069 0.084084 -1.000000 
0.451838 -2.710184 -0.513673 1.102158 -1.753324 -1.067142 0.099774 0.092356 -1.000000 
0.430045 -2.737897 -0.504720 1.136151 -1.761745 -1.037755 0.100550 0.101796 -1.000000 
0.408035 -2.764436 -0.495495 1.169872 -1.769924 -1.006790 0.101407 0.112608 -1.000000 
0.385817 -2.789752 -0.486003 1.203284 -1.777849 -0.974279 0.102356 0.125040 -1.000000 
0.363402 -2.813797 -0.476244 1.236349 -1.785509 -0.940258 0.103413 0.139392 -1.000000 
0.340800 -2.836526 -0.466222 1.269028 -1.792890 -0.904767 0.104593 0.156025 -1.000000 
0.318021 -2.857892 -0.455941 1.301284 -1.799981 -0.867846 0.105916 0.175379 -1.000000 
0.295078 -2.877853 -0.445403 1.333079 -1.806771 -0.829539 0.107407 0.197989 -1.000000 
0.271980 -2.896367 -0.434613 1.364374 -1.813250 -0.789891 0.109094 0.224504 -1.000000 
0.248740 -2.913392 -0.423574 1.395132 -1.819406 -0.748950 0.111012 0.255710 -1.000000 
0.225370 -2.928889 -0.412292 1.425316 -1.825230 -0.706765 0.113201 0.292557 -1.000000 
0.201882 -2.942821 -0.400771 1.454888 -1.830711 -0.663384 0.115711 0.336178 -1.000000 
0.178289 -2.955153 -0.389016 1.483814 -1.835841 -0.618861 0.118601 0.387906 -1.000000 
0.154604 -2.965850 -0.377032 1.512056 -1.840610 -0.573244 0.121943 0.449280 -1.000000 
0.130839 -2.974881 -0.364825 1.539582 -1.845010 -0.526585 0.125820 0.521998 -1.000000 
0.107010 -2.982213 -0.352400 1.566357 -1.849033 -0.478932 0.130330 0.607826 -1.000000 
0.083129 -2.987818 -0.339765 1.592349 -1.852671 -0.430335 0.135585 0.708383 -1.000000 
0.059210 -2.991666 -0.326925 1.617524 -1.855916 -0.380837 0.141706 0.824765 -1.000000 
0.035267 -2.993731 -0.313887 1.641853 -1.858762 -0.330480 0.148823 0.956939 -1.000000 
0.011315 -2.993984 -0.300658 1.665304 -1.861201 -0.279305 0.157054 1.102892 -1.000000 
-0.012632 -2.992398 -0.287244 1.687847 -1.863228 -0.227349 0.166493 1.257601 -1.000000 
-0.036559 -2.988946 -0.273655 1.709450 -1.864837 -0.174648 0.177176 1.412147 -1.000000 
-0.060450 -2.983600 -0.259896 1.730081 -1.866021 -0.121244 0.189053 1.553537 -1.000000 
-0.084291 -2.976333 -0.245976 1.749707 -1.866775 -0.067185 0.201955 1.665980 -1.000000 
-0.108066 -2.967120 -0.231903 1.768290 -1.867094 -0.012534 0.215589 1.733995 -1.000000 
-0.131760 -2.955939 -0.217686 1.785794 -1.866974 0.042629 0.229551 1.746723 -1.000000 
-0.155356 -2.942774 -0.203334 1.802177 -1.866411 0.098202 0.243382 1.701601 -1.000000 
-0.178839 -2.927614 -0.188854 1.817403 -1.865402 0.154065 0.256640 1.605384 -1.000000 
-0.202193 -2.910456 -0.174258 1.831432 -1.863946 0.210083 0.268968 1.471843 -1.000000 
-0.225401 -2.891307 -0.159555 1.844232 -1.862041 0.266111 0.280134 1.317479 -1.000000 
-0.248448 -2.870179 -0.144754 1.855773 -1.859688 0.321999 0.290033 1.157445 -1.000000 
-0.271319 -2.847095 -0.129866 1.866030 -1.856890 0.377599 0.298669 1.003128 -1.000000 
-0.293997 -2.822081 -0.114901 1.874984 -1.853648 0.432765 0.306118 0.861587 -1.000000 
-0.316467 -2.795173 -0.099870 1.882621 -1.849967 0.487355 0.312497 0.736181 -1.000000 
-0.338714 -2.766412 -0.084783 1.888933 -1.845852 0.541234 0.317942 0.627662 -1.000000 
-0.360725 -2.735844 -0.069650 1.893914 -1.841309 0.594274 0.322583 0.535200 -1.000000 
-0.382483 -2.703518 -0.054483 1.897565 -1.836346 0.646350 0.326543 0.457176 -1.000000 
-0.403976 -2.669492 -0.039293 1.899890 -1.830971 0.697348 0.329931 0.391685 -1.000000 
-0.425191 -2.633823 -0.024089 1.900898 -1.825192 0.747158 0.332839 0.336841 -1.000000 
-0.446113 -2.596576 -0.008882 1.900600 -1.819020 0.795676 0.335344 0.290915 -1.000000 
-0.466732 -2.557815 0.006317 1.899011 -1.812465 0.842804 0.337513 0.252401 -1.000000 
-0.487034 -2.517610 0.021499 1.896150 -1.805539 0.888451 0.339399 0.220019 -1.000000 
-0.507010 -2.476031 0.036653 1.892039 -1.798254 0.932532 0.341047 0.192704 -1.000000 
-0.526648 -2.433153 0.051768 1.886701 -1.790623 0.974967 0.342493 0.169576 -1.000000 
-0.545937 -2.389051 0.066837 1.880163 -1.782659 1.015681 0.343769 0.149915 -1.000000 
-0.564869 -2.343800 0.081848 1.872455 -1.774377 1.054608 0.344900 0.133129 -1.000000 
-0.583435 -2.297480 0.096793 1.863608 -1.765790 1.091683 0.345906 0.118738 -1.000000 
-0.601626 -2.250168 0.111663 1.853656 -1.756915 1.126850 0.346805 0.106348 -1.000000 
-0.619435 -2.201943 0.126448 1.842633 -1.747766 1.160058 0.347612 0.095634 -1.000000 
-0.636855 -2.152885 0.141142 1.830577 -1.738359 1.191259 0.348339 0.086333 -1.000000 
-0.653879 -2.103073 0.155735 1.817525 -1.728711 1.220415 0.348996 0.078225 -1.000000 
-0.670503 -2.052586 0.170220 1.803519 -1.718838 1.247490 0.349593 0.071131 -1.000000 
-0.686719 -2.001503 0.184589 1.788597 -1.708757 1.272453 0.350137 0.064900 -1.000000 
-0.702525 -1.949899 0.198835 1.772802 -1.698484 1.295280 0.350633 0.059407 -1.000000 
-0.717916 -1.897852 0.212951 1.756177 -1.688038 1.315951 0.351089 0.054549 -1.000000 
-0.732890 -1.845437 0.226932 1.738763 -1.677435 1.334451 0.351508 0.050238 -1.000000 
-0.747443 -1.792727 0.240770 1.720604 -1.666693 1.350770 0.351894 0.046399 -1.000000 
-0.761573 -1.739793 0.254460 1.701744 -1.655829 1.364904 0.352251 0.042972 -1.000000 
-0.775279 -1.686705 0.267996 1.682226 -1.644860 1.376851 0.352582 0.039903 -1.000000 
-0.788560 -1.633530 0.281374 1.662092 -1.633805 1.386614 0.352890 0.037147 -1.000000 
-0.801415 -1.580333 0.294588 1.641387 -1.622680 1.394202 0.353178 0.034665 -1.000000 
-0.813845 -1.527176 0.307634 1.620152 -1.611503 1.399626 0.353446 0.032425 -1.000000 
-0.825850 -1.474121 0.320509 1.598430 -1.600292 1.402902 0.353697 0.030398 -1.000000 
-0.837432 -1.421222 0.333208 1.576261 -1.589063 1.404049 0.353933 0.028560 -1.000000 
-0.848591 -1.368536 0.345728 1.553687 -1.577833 1.403090 0.354154 0.026889 -1.000000 
-0.859329 -1.316114 0.358066 1.530745 -1.566619 1.400050 0.354363 0.025367 -1.000000 
-0.869649 -1.264003 0.370219 1.507476 -1.555437 1.394959 0.354561 0.023979 -1.000000 
-0.879554 -1.212249 0.382185 1.483915 -1.544305 1.387849 0.354747 0.022710 -1.000000 
-0.889046 -1.160895 0.393961 1.460099 -1.533237 1.378754 0.354924 0.021547 -1.000000 
-0.898129 -1.109979 0.405546 1.436062 -1.522250 1.367711 0.355092 0.020481 -1.000000 
-0.906807 -1.059537 0.416938 1.411837 -1.511359 1.354760 0.355252 0.019501 -1.000000 
-0.915083 -1.009602 0.428135 1.387456 -1.500579 1.339941 0.355404 0.018599 -1.000000 
-0.922962 -0.960204 0.439137 1.362948 -1.489924 1.323298 0.355550 0.017769 -1.000000 
-0.930448 -0.911368 0.449942 1.338343 -1.479411 1.304877 0.355689 0.017002 -1.000000 
-0.937546 -0.863118 0.460550 1.313665 -1.469051 1.284723 0.355822 0.016295 -1.000000 
-0.944260 -0.815474 0.470960 1.288941 -1.458860 1.262885 0.355950 0.015640 -1.000000 
-0.950595 -0.768453 0.481173 1.264192 -1.448849 1.239411 0.356072 0.015034 -1.000000 
-0.956557 -0.722069 0.491187 1.239442 -1.439033 1.214352 0.356190 0.014473 -1.000000 
-0.962150 -0.676333 0.501004 1.214708 -1.429424 1.187759 0.356304 0.013953 -1.000000 
-0.967380 -0.631254 0.510623 1.190008 -1.420033 1.159684 0.356414 0.013471 -1.000000 
-0.972252 -0.586836 0.520044 1.165359 -1.410873 1.130178 0.356520 0.013023 -1.000000 
-0.976771 -0.543082 0.529269 1.140774 -1.401954 1.099295 0.356622 0.012607 -1.000000 
-0.980943 -0.499993 0.538297 1.116265 -1.393287 1.067089 0.356722 0.012221 -1.000000 
-0.984773 -0.457566 0.547129 1.091842 -1.384884 1.033612 0.356818 0.011863 -1.000000 
-0.988266 -0.415796 0.555766 1.067514 -1.376753 0.998919 0.356911 0.011529 -1.000000 
-0.991427 -0.374676 0.564210 1.043287 -1.368904 0.963063 0.357002 0.011220 -1.000000 
-0.994262 -0.334196 0.572459 1.019166 -1.361347 0.926098 0.357091 0.010933 -1.000000 
-0.996776 -0.294345 0.580517 0.995155 -1.354089 0.888078 0.357177 0.010666 -1.000000 
-0.998973 -0.255108 0.588382 0.971254 -1.347140 0.849056 0.357262 0.010419 -1.000000 
-1.000859 -0.216471 0.596057 0.947463 -1.340507 0.809087 0.357344 0.010191 -1.000000 
-1.002438 -0.178416 0.603542 0.923781 -1.334197 0.768223 0.357425 0.009979 -1.000000 
-1.003715 -0.140924 0.610838 0.900203 -1.328218 0.726517 0.357504 0.009784 -1.000000 
-1.004695 -0.103974 0.617945 0.876725 -1.322575 0.684021 0.357581 0.009604 -1.000000 
-1.005380 -0.067544 0.624866 0.853340 -1.317275 0.640789 0.357658 0.009438 -1.000000 
-1.005777 -0.031612 0.631599 0.830040 -1.312324 0.596872 0.357732 0.009287 -1.000000 
-1.005887 0.003848 0.638146 0.806815 -1.307727 0.552322 0.357806 0.009149 -1.000000 
-1.005716 0.038862 0.644508 0.783655 -1.303489 0.507190 0.357879 0.009023 -1.000000 
-1.005267 0.073455 0.650685 0.760548 -1.299613 0.461527 0.357951 0.008910 -1.000000 
-1.004542 0.107656 0.656677 0.737480 -1.296106 0.415384 0.358021 0.008808 -1.000000 
-1.003545 0.141493 0.662485 0.714436 -1.292968 0.368811 0.358092 0.008718 -1.000000 
-1.002279 0.174994 0.668108 0.691402 -1.290206 0.321858 0.358161 0.008638 -1.000000 
-1.000746 0.208189 0.673547 0.668361 -1.287820 0.274575 0.358230 0.008569 -1.000000 
-0.998949 0.241109 0.678802 0.645295 -1.285813 0.227012 0.358298 0.008511 -1.000000 
-0.996889 0.273782 0.683872 0.622185 -1.284188 0.179217 0.358366 0.008463 -1.000000 
-0.994569 0.306239 0.688757 0.599012 -1.282946 0.131241 0.358433 0.008424 -1.000000 
-0.991990 0.338512 0.693456 0.575757 -1.282089 0.083131 0.358501 0.008396 -1.000000 
-0.989153 0.370629 0.697968 0.552399 -1.281616 0.034937 0.358568 0.008377 -1.000000 
-0.986060 0.402621 0.702294 0.528915 -1.281530 -0.013292 0.358635 0.008368 -1.000000 
-0.982711 0.434518 0.706431 0.505285 -1.281829 -0.061507 0.358702 0.008368 -1.000000 
-0.979108 0.466350 0.710378 0.481486 -1.282514 -0.109660 0.358769 0.008378 -1.000000 
-0.975250 0.498145 0.714134 0.457496 -1.283583 -0.157702 0.358836 0.008398 -1.000000 
-0.971137 0.529933 0.717697 0.433291 -1.285036 -0.205583 0.358903 0.008427 -1.000000 
-0.966771 0.561740 0.721066 0.408848 -1.286872 -0.253255 0.358971 0.008466 -1.000000 
-0.962149 0.593594 0.724238 0.384144 -1.289088 -0.300668 0.359039 0.008515 -1.000000 
-0.957273 0.625521 0.727212 0.359156 -1.291682 -0.347773 0.359107 0.008574 -1.000000 
-0.952141 0.657547 0.729984 0.333861 -1.294651 -0.394520 0.359176 0.008644 -1.000000 
-0.946752 0.689694 0.732552 0.308235 -1.297993 -0.440858 0.359245 0.008724 -1.000000 
-0.941105 0.721987 0.734915 0.282255 -1.301704 -0.486738 0.359315 0.008815 -1.000000 
-0.935200 0.754446 0.737067 0.255898 -1.305779 -0.532109 0.359386 0.008917 -1.000000 
-0.929034 0.787092 0.739008 0.229144 -1.310216 -0.576919 0.359458 0.009031 -1.000000 
-0.922606 0.819944 0.740733 0.201969 -1.315009 -0.621117 0.359531 0.009157 -1.000000 
-0.915914 0.853019 0.742238 0.174353 -1.320152 -0.664652 0.359605 0.009296 -1.000000 
-0.908957 0.886332 0.743521 0.146275 -1.325641 -0.707472 0.359680 0.009448 -1.000000 
-0.901732 0.919897 0.744577 0.117716 -1.331470 -0.749523 0.359756 0.009614 -1.000000 
-0.894238 0.953726 0.745403 0.088658 -1.337631 -0.790753 0.359834 0.009794 -1.000000 
-0.886472 0.987829 0.745995 0.059081 -1.344119 -0.831110 0.359913 0.009990 -1.000000 
-0.878432 1.022214 0.746347 0.028970 -1.350927 -0.870538 0.359993 0.010202 -1.000000 
-0.870116 1.056888 0.746457 -0.001691 -1.358045 -0.908985 0.360076 0.010431 -1.000000 
-0.861521 1.091853 0.746319 -0.032916 -1.365468 -0.946397 0.360160 0.010679 -1.000000 
-0.852645 1.127111 0.745928 -0.064719 -1.373185 -0.982719 0.360247 0.010946 -1.000000 
-0.843486 1.162662 0.745281 -0.097109 -1.381188 -1.017896 0.360336 0.011234 -1.000000 
-0.834042 1.198503 0.744373 -0.130098 -1.389468 -1.051876 0.360427 0.011544 -1.000000 
-0.824309 1.234629 0.743198 -0.163693 -1.398015 -1.084603 0.360520 0.011878 -1.000000 
-0.814287 1.271030 0.741752 -0.197901 -1.406818 -1.116023 0.360617 0.012238 -1.000000 
-0.803972 1.307697 0.740030 -0.232727 -1.415867 -1.146082 0.360716 0.012626 -1.000000 
-0.793363 1.344618 0.738027 -0.268172 -1.425152 -1.174726 0.360819 0.013044 -1.000000 
-0.782458 1.381775 0.735738 -0.304238 -1.434659 -1.201901 0.360925 0.013495 -1.000000 
-0.771254 1.419152 0.733158 -0.340923 -1.444378 -1.227556 0.361035 0.013981 -1.000000 
-0.759751 1.456727 0.730281 -0.378224 -1.454296 -1.251637 0.361149 0.014506 -1.000000 
-0.747946 1.494477 0.727104 -0.416134 -1.464400 -1.274093 0.361267 0.015072 -1.000000 
-0.735839 1.532376 0.723622 -0.454645 -1.474677 -1.294875 0.361390 0.015685 -1.000000 
-0.723428 1.570394 0.719828 -0.493747 -1.485113 -1.313931 0.361518 0.016348 -1.000000 
-0.710712 1.608501 0.715720 -0.533427 -1.495695 -1.331215 0.361652 0.017066 -1.000000 
-0.697692 1.646663 0.711292 -0.573668 -1.506408 -1.346680 0.361791 0.017845 -1.000000 
-0.684365 1.684842 0.706540 -0.614453 -1.517237 -1.360279 0.361937 0.018692 -1.000000 
-0.670734 1.723001 0.701459 -0.655762 -1.528167 -1.371971 0.362091 0.019612 -1.000000 
-0.656798 1.761096 0.696046 -0.697570 -1.539183 -1.381713 0.362251 0.020615 -1.000000 
-0.642557 1.799084 0.690297 -0.739852 -1.550269 -1.389467 0.362421 0.021710 -1.000000 
-0.628013 1.836919 0.684208 -0.782579 -1.561409 -1.395194 0.362599 0.022908 -1.000000 
-0.613167 1.874552 0.677775 -0.825720 -1.572587 -1.398862 0.362788 0.024219 -1.000000 
-0.598021 1.911932 0.670995 -0.869242 -1.583785 -1.400437 0.362987 0.025659 -1.000000 
-0.582577 1.949006 0.663866 -0.913107 -1.594988 -1.399892 0.363198 0.027242 -1.000000 
-0.566837 1.985720 0.656385 -0.957276 -1.606178 -1.397201 0.363423 0.028988 -1.000000 
-0.550806 2.022017 0.648549 -1.001709 -1.617338 -1.392340 0.363663 0.030918 -1.000000 
-0.534486 2.057838 0.640357 -1.046361 -1.628450 -1.385291 0.363919 0.033055 -1.000000 
-0.517882 2.093124 0.631807 -1.091186 -1.639496 -1.376040 0.364192 0.035430 -1.000000 
-0.500998 2.127814 0.622897 -1.136134 -1.650460 -1.364573 0.364486 0.038076 -1.000000 
-0.483839 2.161845 0.613628 -1.181156 -1.661324 -1.350884 0.364802 0.041032 -1.000000 
-0.466410 2.195155 0.603999 -1.226197 -1.672069 -1.334969 0.365144 0.044345 -1.000000 
-0.448719 2.227679 0.594009 -1.271202 -1.682677 -1.316829 0.365513 0.048071 -1.000000 
-0.430770 2.259353 0.583660 -1.316115 -1.693132 -1.296470 0.365914 0.052275 -1.000000 
-0.412571 2.290112 0.572952 -1.360876 -1.703415 -1.273901 0.366351 0.057036 -1.000000 
-0.394131 2.319891 0.561886 -1.405425 -1.713508 -1.249136 0.366828 0.062447 -1.000000 
-0.375456 2.348625 0.550466 -1.449701 -1.723395 -1.222194 0.367352 0.068624 -1.000000 
-0.356556 2.376250 0.538692 -1.493640 -1.733058 -1.193100 0.367929 0.075703 -1.000000 
-0.337439 2.402702 0.526568 -1.537179 -1.742479 -1.161881 0.368566 0.083852 -1.000000 
-0.318116 2.427916 0.514098 -1.580251 -1.751642 -1.128571 0.369274 0.093276 -1.000000 
-0.298596 2.451832 0.501286 -1.622792 -1.760531 -1.093207 0.370063 0.104229 -1.000000 
-0.278890 2.474387 0.488135 -1.664735 -1.769128 -1.055832 0.370946 0.117021 -1.000000 
-0.259009 2.495523 0.474652 -1.706015 -1.777419 -1.016493 0.371941 0.132040 -1.000000 
-0.238966 2.515181 0.460841 -1.746563 -1.785387 -0.975241 0.373066 0.149769 -1.000000 
-0.218771 2.533306 0.446709 -1.786316 -1.793018 -0.932130 0.374346 0.170813 -1.000000 
-0.198437 2.549843 0.432262 -1.825206 -1.800296 -0.887221 0.375810 0.195933 -1.000000 
-0.177977 2.564740 0.417508 -1.863169 -1.807209 -0.840574 0.377494 0.226086 -1.000000 
-0.157406 2.577948 0.402454 -1.900141 -1.813741 -0.792255 0.379444 0.262477 -1.000000 
-0.136735 2.589420 0.387109 -1.936060 -1.819880 -0.742330 0.381715 0.306622 -1.000000 
-0.115980 2.599110 0.371480 -1.970862 -1.825614 -0.690869 0.384376 0.360411 -1.000000 
-0.095154 2.606977 0.355578 -2.004490 -1.830930 -0.637940 0.387513 0.426172 -1.000000 
-0.074273 2.612980 0.339412 -2.036884 -1.835818 -0.583610 0.391234 0.506708 -1.000000 
-0.053351 2.617080 0.322991 -2.067989 -1.840265 -0.527944 0.395668 0.605249 -1.000000 
-0.032405 2.619241 0.306327 -2.097750 -1.844261 -0.471004 0.400975 0.725252 -1.000000 
-0.011449 2.619428 0.289431 -2.126115 -1.847797 -0.412845 0.407338 0.869873 -1.000000 
0.009501 2.617603 0.272314 -2.153032 -1.850864 -0.353513 0.414964 1.040913 -1.000000 
0.030427 2.613731 0.254987 -2.178452 -1.853451 -0.293047 0.424060 1.237014 -1.000000 
0.051315 2.607775 0.237462 -2.202324 -1.855550 -0.231477 0.434805 1.451092 -1.000000 
0.072146 2.599693 0.219754 -2.224595 -1.857151 -0.168830 0.447285 1.667640 -1.000000 
0.092904 2.589444 0.201873 -2.245210 -1.858248 -0.105138 0.461427 1.861676 -1.000000 
0.113571 2.576988 0.183835 -2.264107 -1.858831 -0.040454 0.476928 2.002003 -1.000000 
0.134130 2.562287 0.165652 -2.281217 -1.858893 0.025137 0.493239 2.060213 -1.000000 
0.154562 2.545310 0.147340 -2.296471 -1.858427 0.091500 0.509634 2.022349 -1.000000 
0.174849 2.526041 0.128914 -2.309795 -1.857427 0.158455 0.525359 1.895826 -1.000000 
0.194972 2.504477 0.110389 -2.321122 -1.855890 0.225784 0.539798 1.706090 -1.000000 
0.214914 2.480629 0.091781 -2.330396 -1.853814 0.293246 0.552574 1.485565 -1.000000 
0.234656 2.454523 0.073108 -2.337569 -1.851199 0.360592 0.563561 1.262675 -1.000000 
0.254181 2.426198 0.054386 -2.342609 -1.848046 0.427576 0.572822 1.056328 -1.000000 
0.273470 2.395703 0.035632 -2.345496 -1.844359 0.493964 0.580532 0.875850 -1.000000 
0.292506 2.363097 0.016864 -2.346221 -1.840145 0.559530 0.586911 0.723622 -1.000000 
0.311274 2.328447 -0.001902 -2.344788 -1.835409 0.624064 0.592181 0.598042 -1.000000 
0.329756 2.291829 -0.020647 -2.341209 -1.830163 0.687369 0.596542 0.495732 -1.000000 
0.347938 2.253323 -0.039355 -2.335507 -1.824415 0.749259 0.600165 0.412867 -1.000000 
0.365805 2.213019 -0.058010 -2.327713 -1.818179 0.809563 0.603190 0.345844 -1.000000 
0.383342 2.171008 -0.076593 -2.317864 -1.811467 0.868120 0.605732 0.291548 -1.000000 
0.400536 2.127387 -0.095090 -2.306008 -1.804294 0.924781 0.607882 0.247406 -1.000000 
0.417376 2.082258 -0.113484 -2.292195 -1.796676 0.979410 0.609712 0.211348 -1.000000 
0.433849 2.035724 -0.131760 -2.276484 -1.788629 1.031878 0.611281 0.181732 -1.000000 
0.449944 1.987893 -0.149903 -2.258938 -1.780172 1.082070 0.612634 0.157263 -1.000000 
0.465652 1.938872 -0.167898 -2.239624 -1.771323 1.129880 0.613808 0.136925 -1.000000 
0.480963 1.888771 -0.185732 -2.218615 -1.762100 1.175213 0.614833 0.119917 -1.000000 
0.495870 1.837700 -0.203392 -2.195986 -1.752526 1.217982 0.615734 0.105610 -1.000000 
0.510364 1.785772 -0.220864 -2.171818 -1.742620 1.258113 0.616529 0.093505 -1.000000 
0.524440 1.733095 -0.238137 -2.146191 -1.732403 1.295539 0.617235 0.083205 -1.000000 
0.538092 1.679780 -0.255199 -2.119189 -1.721899 1.330204 0.617864 0.074394 -1.000000 
0.551315 1.625936 -0.272041 -2.090899 -1.711128 1.362062 0.618428 0.066817 -1.000000 
0.564106 1.571669 -0.288651 -2.061409 -1.700113 1.391075 0.618936 0.060270 -1.000000 
0.576461 1.517084 -0.305020 -2.030804 -1.688878 1.417214 0.619395 0.054587 -1.000000 
0.588379 1.462284 -0.321141 -1.999176 -1.677445 1.440459 0.619811 0.049631 -1.000000 
0.599857 1.407367 -0.337005 -1.966611 -1.665838 1.460798 0.620191 0.045290 -1.000000 
0.610896 1.352429 -0.352604 -1.933198 -1.654080 1.478228 0.620537 0.041474 -1.000000 
0.621496 1.297563 -0.367934 -1.899024 -1.642195 1.492754 0.620855 0.038106 -1.000000 
0.631658 1.242858 -0.382987 -1.864175 -1.630204 1.504386 0.621148 0.035123 -1.000000 
0.641383 1.188399 -0.397759 -1.828736 -1.618132 1.513143 0.621418 0.032471 -1.000000 
0.650673 1.134265 -0.412245 -1.792789 -1.606001 1.519051 0.621668 0.030107 -1.000000 
0.659532 1.080533 -0.426442 -1.756415 -1.593835 1.522141 0.621901 0.027992 -1.000000 
0.667963 1.027273 -0.440347 -1.719691 -1.581655 1.522450 0.622117 0.026095 -1.000000 
0.675970 0.974552 -0.453957 -1.682693 -1.569483 1.520021 0.622319 0.024389 -1.000000 
0.683557 0.922431 -0.467270 -1.645494 -1.557341 1.514902 0.622508 0.022850 -1.000000 
0.690730 0.870968 -0.480284 -1.608162 -1.545251 1.507144 0.622685 0.021458 -1.000000 
0.697495 0.820213 -0.493000 -1.570762 -1.533234 1.496805 0.622851 0.020198 -1.000000 
0.703856 0.770213 -0.505416 -1.533359 -1.521309 1.483945 0.623008 0.019053 -1.000000 
0.709820 0.721010 -0.517534 -1.496008 -1.509497 1.468626 0.623156 0.018011 -1.000000 
0.715394 0.672640 -0.529353 -1.458767 -1.497818 1.450916 0.623297 0.017061 -1.000000 
0.720585 0.625136 -0.540875 -1.421685 -1.486289 1.430883 0.623430 0.016193 -1.000000 
0.725399 0.578523 -0.552100 -1.384809 -1.474930 1.408600 0.623556 0.015400 -1.000000 
0.729844 0.532824 -0.563032 -1.348182 -1.463757 1.384138 0.623676 0.014673 -1.000000 
0.733926 0.488057 -0.573672 -1.311843 -1.452789 1.357573 0.623791 0.014005 -1.000000 
0.737655 0.444234 -0.584023 -1.275828 -1.442041 1.328981 0.623900 0.013393 -1.000000 
0.741037 0.401365 -0.594086 -1.240165 -1.431530 1.298439 0.624005 0.012829 -1.000000 
0.744079 0.359453 -0.603866 -1.204883 -1.421271 1.266023 0.624106 0.012310 -1.000000 
0.746791 0.318498 -0.613365 -1.170003 -1.411279 1.231812 0.624202 0.011832 -1.000000 
0.749178 0.278498 -0.622587 -1.135545 -1.401567 1.195884 0.624295 0.011392 -1.000000 
0.751249 0.239444 -0.631535 -1.101523 -1.392149 1.158317 0.624385 0.010985 -1.000000 
0.753012 0.201327 -0.640213 -1.067947 -1.383038 1.119188 0.624471 0.010611 -1.000000 
0.754473 0.164131 -0.648624 -1.034825 -1.374246 1.078575 0.624554 0.010265 -1.000000 
0.755640 0.127839 -0.656771 -1.002161 -1.365785 1.036554 0.624635 0.009946 -1.000000 
0.756521 0.092430 -0.664659 -0.969954 -1.357665 0.993201 0.624714 0.009651 -1.000000 
0.757121 0.057882 -0.672292 -0.938199 -1.349897 0.948591 0.624790 0.009380 -1.000000 
0.757449 0.024169 -0.679672 -0.906891 -1.342490 0.902798 0.624864 0.009130 -1.000000 
0.757510 -0.008738 -0.686803 -0.876019 -1.335455 0.855897 0.624936 0.008901 -1.000000 
0.757311 -0.040869 -0.693689 -0.845569 -1.328799 0.807957 0.625006 0.008690 -1.000000 
0.756858 -0.072257 -0.700333 -0.815525 -1.322530 0.759052 0.625075 0.008496 -1.000000 
0.756157 -0.102935 -0.706739 -0.785867 -1.316656 0.709249 0.625142 0.008320 -1.000000 
0.755213 -0.132941 -0.712908 -0.756574 -1.311184 0.658620 0.625208 0.008159 -1.000000 
0.754032 -0.162310 -0.718845 -0.727620 -1.306121 0.607230 0.625273 0.008013 -1.000000 
0.752618 -0.191083 -0.724551 -0.698978 -1.301471 0.555148 0.625336 0.007881 -1.000000 
0.750976 -0.219298 -0.730029 -0.670619 -1.297240 0.502437 0.625399 0.007763 -1.000000 
0.749110 -0.246997 -0.735282 -0.642510 -1.293433 0.449165 0.625461 0.007658 -1.000000 
0.747025 -0.274220 -0.740310 -0.614619 -1.290055 0.395393 0.625522 0.007565 -1.000000 
0.744724 -0.301010 -0.745116 -0.586910 -1.287108 0.341184 0.625582 0.007484 -1.000000 
0.742210 -0.327409 -0.749701 -0.559344 -1.284597 0.286602 0.625641 0.007415 -1.000000 
0.739486 -0.353461 -0.754066 -0.531883 -1.282523 0.231708 0.625700 0.007358 -1.000000 
0.736555 -0.379206 -0.758211 -0.504487 -1.280890 0.176563 0.625759 0.007311 -1.000000 
0.733420 -0.404690 -0.762138 -0.477113 -1.279699 0.121226 0.625817 0.007276 -1.000000 
0.730081 -0.429952 -0.765845 -0.449719 -1.278951 0.065759 0.625876 0.007251 -1.000000 
0.726541 -0.455037 -0.769333 -0.422261 -1.278647 0.010221 0.625933 0.007237 -1.000000 
0.722801 -0.479985 -0.772601 -0.394693 -1.278787 -0.045327 0.625991 0.007233 -1.000000 
0.718861 -0.504836 -0.775648 -0.366971 -1.279372 -0.100827 0.626049 0.007240 -1.000000 
0.714723 -0.529633 -0.778472 -0.339048 -1.280400 -0.156218 0.626107 0.007258 -1.000000 
0.710387 -0.554412 -0.781072 -0.310878 -1.281871 -0.211440 0.626165 0.007286 -1.000000 
0.705853 -0.579213 -0.783445 -0.282415 -1.283782 -0.266433 0.626224 0.007325 -1.000000 
0.701120 -0.604071 -0.785589 -0.253611 -1.286133 -0.321135 0.626283 0.007375 -1.000000 
0.696187 -0.629023 -0.787502 -0.224421 -1.288920 -0.375485 0.626342 0.007435 -1.000000 
0.691055 -0.654103 -0.789179 -0.194798 -1.292140 -0.429421 0.626402 0.007507 -1.000000 
0.685721 -0.679341 -0.790617 -0.164696 -1.295789 -0.482881 0.626462 0.007591 -1.000000 
0.680185 -0.704770 -0.791813 -0.134070 -1.299864 -0.535800 0.626523 0.007687 -1.000000 
0.674444 -0.730417 -0.792761 -0.102877 -1.304360 -0.588113 0.626585 0.007795 -1.000000 
0.668498 -0.756309 -0.793457 -0.071073 -1.309272 -0.639756 0.626648 0.007916 -1.000000 
0.662343 -0.782470 -0.793896 -0.038617 -1.314594 -0.690662 0.626712 0.008051 -1.000000 
0.655977 -0.808922 -0.794073 -0.005467 -1.320321 -0.740762 0.626777 0.008200 -1.000000 
0.649399 -0.835685 -0.793982 0.028415 -1.326444 -0.789988 0.626843 0.008363 -1.000000 
0.642606 -0.862776 -0.793617 0.063066 -1.332958 -0.838270 0.626911 0.008543 -1.000000 
0.635594 -0.890209 -0.792971 0.098522 -1.339854 -0.885537 0.626980 0.008738 -1.000000 
0.628361 -0.917996 -0.792038 0.134814 -1.347124 -0.931716 0.627050 0.008952 -1.000000 
0.620905 -0.946146 -0.790811 0.171974 -1.354758 -0.976734 0.627123 0.009184 -1.000000 
0.613222 -0.974665 -0.789284 0.210029 -1.362748 -1.020517 0.627197 0.009436 -1.000000 
0.605309 -1.003554 -0.787448 0.249004 -1.371083 -1.062989 0.627274 0.009710 -1.000000 
0.597164 -1.032814 -0.785297 0.288921 -1.379752 -1.104073 0.627353 0.010007 -1.000000 
0.588783 -1.062442 -0.782823 0.329799 -1.388744 -1.143693 0.627434 0.010328 -1.000000 
0.580164 -1.092428 -0.780018 0.371653 -1.398047 -1.181771 0.627518 0.010677 -1.000000 
0.571304 -1.122764 -0.776874 0.414494 -1.407648 -1.218227 0.627605 0.011055 -1.000000 
0.562199 -1.153435 -0.773383 0.458330 -1.417534 -1.252983 0.627695 0.011465 -1.000000 
0.552848 -1.184422 -0.769538 0.503165 -1.427691 -1.285960 0.627789 0.011909 -1.000000 
0.543247 -1.215706 -0.765330 0.548997 -1.438105 -1.317078 0.627886 0.012391 -1.000000 
0.533396 -1.247261 -0.760752 0.595823 -1.448759 -1.346260 0.627987 0.012915 -1.000000 
0.523291 -1.279058 -0.755794 0.643632 -1.459640 -1.373425 0.628093 0.013485 -1.000000 
0.512930 -1.311064 -0.750451 0.692409 -1.470729 -1.398498 0.628203 0.014106 -1.000000 
0.502313 -1.343245 -0.744713 0.742137 -1.482010 -1.421400 0.628318 0.014782 -1.000000 
0.491438 -1.375559 -0.738574 0.792789 -1.493465 -1.442056 0.628440 0.015521 -1.000000 
0.480304 -1.407965 -0.732026 0.844338 -1.505076 -1.460393 0.628567 0.016328 -1.000000 
0.468910 -1.440414 -0.725062 0.896747 -1.516825 -1.476339 0.628701 0.017213 -1.000000 
0.457257 -1.472856 -0.717676 0.949978 -1.528691 -1.489825 0.628843 0.018185 -1.000000 
0.445345 -1.505239 -0.709861 1.003985 -1.540655 -1.500783 0.628992 0.019253 -1.000000 
0.433174 -1.537503 -0.701610 1.058716 -1.552697 -1.509152 0.629151 0.020431 -1.000000 
0.420745 -1.569589 -0.692920 1.114116 -1.564795 -1.514869 0.629319 0.021734 -1.000000 
0.408061 -1.601434 -0.683783 1.170123 -1.576928 -1.517880 0.629499 0.023176 -1.000000 
0.395123 -1.632972 -0.674196 1.226671 -1.589074 -1.518132 0.629691 0.024779 -1.000000 
0.381934 -1.664133 -0.664155 1.283686 -1.601210 -1.515578 0.629896 0.026565 -1.000000 
0.368498 -1.694846 -0.653656 1.341091 -1.613315 -1.510177 0.630116 0.028561 -1.000000 
0.354818 -1.725038 -0.642697 1.398805 -1.625365 -1.501892 0.630354 0.030799 -1.000000 
0.340899 -1.754632 -0.631275 1.456739 -1.637338 -1.490692 0.630610 0.033317 -1.000000 
0.326746 -1.783553 -0.619389 1.514801 -1.649209 -1.476553 0.630888 0.036161 -1.000000 
0.312364 -1.811721 -0.607038 1.572896 -1.660955 -1.459457 0.631189 0.039385 -1.000000 
0.297761 -1.839056 -0.594222 1.630921 -1.672552 -1.439395 0.631519 0.043056 -1.000000 
0.282942 -1.865478 -0.580943 1.688774 -1.683977 -1.416362 0.631880 0.047253 -1.000000 
0.267916 -1.890907 -0.567203 1.746345 -1.695206 -1.390363 0.632277 0.052075 -1.000000 
0.252690 -1.915261 -0.553003 1.803524 -1.706215 -1.361409 0.632715 0.057641 -1.000000 
0.237275 -1.938459 -0.538348 1.860196 -1.716981 -1.329521 0.633201 0.064101 -1.000000 
0.221678 -1.960423 -0.523242 1.916244 -1.727480 -1.294727 0.633743 0.071640 -1.000000 
0.205911 -1.981071 -0.507690 1.971552 -1.737689 -1.257064 0.634351 0.080490 -1.000000 
0.189985 -2.000328 -0.491699 2.025998 -1.747585 -1.216575 0.635036 0.090945 -1.000000 
0.173910 -2.018118 -0.475276 2.079463 -1.757146 -1.173314 0.635811 0.103377 -1.000000 
0.157699 -2.034366 -0.458431 2.131825 -1.766351 -1.127341 0.636696 0.118265 -1.000000 
0.141364 -2.049002 -0.441170 2.182964 -1.775177 -1.078725 0.637712 0.136226 -1.000000 
0.124919 -2.061958 -0.423507 2.232758 -1.783604 -1.027542 0.638886 0.158064 -1.000000 
0.108378 -2.073167 -0.405450 2.281090 -1.791611 -0.973875 0.640254 0.184832 -1.000000 
0.091754 -2.082568 -0.387013 2.327842 -1.799179 -0.917812 0.641860 0.217917 -1.000000 
0.075062 -2.090102 -0.368209 2.372898 -1.806290 -0.859446 0.643762 0.259158 -1.000000 
0.058317 -2.095715 -0.349052 2.416149 -1.812924 -0.798875 0.646035 0.310997 -1.000000 
0.041536 -2.099354 -0.329556 2.457483 -1.819066 -0.736197 0.648775 0.376670 -1.000000 
0.024733 -2.100970 -0.309738 2.496798 -1.824698 -0.671509 0.652110 0.460433 -1.000000 
0.007925 -2.100518 -0.289613 2.533991 -1.829805 -0.604904 0.656205 0.567771 -1.000000 
-0.008870 -2.097953 -0.269200 2.568967 -1.834372 -0.536467 0.661275 0.705475 -1.000000 
-0.025636 -2.093231 -0.248516 2.601632 -1.838384 -0.466268 0.667594 0.881279 -1.000000 
-0.042356 -2.086306 -0.227580 2.631898 -1.841828 -0.394354 0.675497 1.102479 -1.000000 
-0.059011 -2.077129 -0.206412 2.659675 -1.844689 -0.320748 0.685365 1.372529 -1.000000 
-0.075584 -2.065644 -0.185032 2.684874 -1.846955 -0.245443 0.697571 1.684560 -1.000000 
-0.092055 -2.051785 -0.163461 2.707396 -1.848612 -0.168406 0.712362 2.012235 -1.000000 
-0.108406 -2.035481 -0.141721 2.727130 -1.849645 -0.089611 0.729671 2.303242 -1.000000 
-0.124616 -2.016659 -0.119835 2.743943 -1.850041 -0.009081 0.748927 2.487157 -1.000000 
-0.140665 -1.995259 -0.097826 2.757684 -1.849786 0.073054 0.769020 2.505784 -1.000000 
-0.156533 -1.971246 -0.075720 2.768195 -1.848868 0.156522 0.788549 2.349797 -1.000000 
-0.172198 -1.944618 -0.053544 2.775328 -1.847279 0.240930 0.806275 2.066416 -1.000000 
-0.187640 -1.915405 -0.031325 2.778961 -1.845012 0.325814 0.821468 1.728865 -1.000000 
-0.202838 -1.883663 -0.009090 2.779010 -1.842066 0.410698 0.833960 1.398997 -1.000000 
-0.217772 -1.849467 0.013130 2.775425 -1.838442 0.495120 0.843966 1.111160 -1.000000 
-0.232423 -1.812909 0.035307 2.768193 -1.834146 0.578650 0.851880 0.876044 -1.000000 
-0.246773 -1.774097 0.057411 2.757331 -1.829187 0.660892 0.858117 0.690900 -1.000000 
-0.260803 -1.733147 0.079415 2.742881 -1.823576 0.741482 0.863046 0.547713 -1.000000 
-0.274498 -1.690188 0.101288 2.724909 -1.817329 0.820088 0.866968 0.437683 -1.000000 
-0.287841 -1.645355 0.123004 2.703503 -1.810461 0.896407 0.870117 0.353071 -1.000000 
-0.300819 -1.598793 0.144535 2.678767 -1.802993 0.970162 0.872669 0.287682 -1.000000 
-0.313417 -1.550650 0.165856 2.650822 -1.794946 1.041101 0.874758 0.236775 -1.000000 
-0.325625 -1.501080 0.186940 2.619803 -1.786344 1.108997 0.876486 0.196798 -1.000000 
-0.337431 -1.450239 0.207765 2.585857 -1.777211 1.173645 0.877929 0.165115 -1.000000 
-0.348826 -1.398287 0.228306 2.549144 -1.767574 1.234863 0.879145 0.139771 -1.000000 
-0.359801 -1.345384 0.248544 2.509830 -1.757463 1.292491 0.880178 0.119311 -1.000000 
-0.370350 -1.291688 0.268457 2.468090 -1.746905 1.346389 0.881064 0.102647 -1.000000 
-0.380467 -1.237359 0.288028 2.424104 -1.735931 1.396438 0.881829 0.088959 -1.000000 
-0.390147 -1.182554 0.307237 2.378060 -1.724572 1.442540 0.882494 0.077626 -1.000000 
-0.399387 -1.127426 0.326071 2.330145 -1.712861 1.484616 0.883076 0.068171 -1.000000 
-0.408185 -1.072125 0.344515 2.280550 -1.700829 1.522605 0.883588 0.060226 -1.000000 
-0.416541 -1.016796 0.362556 2.229467 -1.688510 1.556466 0.884042 0.053505 -1.000000 
-0.424454 -0.961581 0.380183 2.177087 -1.675937 1.586175 0.884447 0.047783 -1.000000 
-0.431927 -0.906611 0.397387 2.123599 -1.663142 1.611725 0.884809 0.042883 -1.000000 
-0.438961 -0.852016 0.414158 2.069188 -1.650160 1.633123 0.885135 0.038663 -1.000000 
-0.445560 -0.797916 0.430492 2.014038 -1.637023 1.650394 0.885429 0.035010 -1.000000 
-0.451729 -0.744425 0.446382 1.958324 -1.623765 1.663575 0.885696 0.031832 -1.000000 
-0.457473 -0.691647 0.461824 1.902219 -1.610417 1.672718 0.885940 0.029054 -1.000000 
-0.462798 -0.639680 0.476816 1.845888 -1.597012 1.677885 0.886162 0.026616 -1.000000 
-0.467710 -0.588614 0.491358 1.789488 -1.583581 1.679151 0.886366 0.024467 -1.000000 
-0.472218 -0.538530 0.505448 1.733170 -1.570156 1.676598 0.886554 0.022565 -1.000000 
-0.476329 -0.489500 0.519089 1.677073 -1.556766 1.670321 0.886728 0.020876 -1.000000 
-0.480053 -0.441588 0.532283 1.621333 -1.543440 1.660421 0.886889 0.019371 -1.000000 
-0.483398 -0.394851 0.545032 1.566070 -1.530208 1.647004 0.887038 0.018026 -1.000000 
-0.486374 -0.349335 0.557341 1.511401 -1.517097 1.630184 0.887178 0.016820 -1.000000 
-0.488991 -0.305082 0.569216 1.457428 -1.504134 1.610080 0.887308 0.015736 -1.000000 
-0.491259 -0.262121 0.580662 1.404247 -1.491344 1.586814 0.887430 0.014758 -1.000000 
-0.493188 -0.220478 0.591686 1.351942 -1.478753 1.560511 0.887544 0.013875 -1.000000 
-0.494790 -0.180170 0.602296 1.300589 -1.466384 1.531300 0.887652 0.013076 -1.000000 
-0.496074 -0.141205 0.612499 1.250251 -1.454260 1.499309 0.887753 0.012350 -1.000000 
-0.497053 -0.103586 0.622303 1.200984 -1.442402 1.464669 0.887850 0.011690 -1.000000 
-0.497735 -0.067311 0.631717 1.152835 -1.430832 1.427508 0.887941 0.011089 -1.000000 
-0.498133 -0.032370 0.640751 1.105839 -1.419568 1.387956 0.888027 0.010542 -1.000000 
-0.498257 0.001253 0.649414 1.060024 -1.408630 1.346141 0.888109 0.010041 -1.000000 
-0.498117 0.033578 0.657715 1.015408 -1.398036 1.302191 0.888188 0.009584 -1.000000 
-0.497723 0.064631 0.665664 0.972000 -1.387801 1.256228 0.888263 0.009166 -1.000000 
-0.497086 0.094441 0.673270 0.929803 -1.377941 1.208375 0.888335 0.008784 -1.000000 
-0.496215 0.123043 0.680544 0.888810 -1.368471 1.158752 0.888404 0.008433 -1.000000 
-0.495120 0.150474 0.687494 0.849007 -1.359406 1.107475 0.888470 0.008113 -1.000000 
-0.493811 0.176776 0.694131 0.810372 -1.350756 1.054656 0.888533 0.007819 -1.000000 
-0.492295 0.201994 0.700463 0.772877 -1.342535 1.000406 0.888595 0.007551 -1.000000 
-0.490581 0.226174 0.706500 0.736487 -1.334753 0.944831 0.888654 0.007306 -1.000000 
-0.488679 0.249366 0.712250 0.701162 -1.327421 0.888034 0.888712 0.007083 -1.000000 
-0.486594 0.271622 0.717721 0.666854 -1.320547 0.830113 0.888768 0.006880 -1.000000 
-0.484335 0.292995 0.722922 0.633511 -1.314142 0.771166 0.888822 0.006696 -1.000000 
-0.481908 0.313540 0.727860 0.601077 -1.308211 0.711284 0.888875 0.006529 -1.000000 
-0.479320 0.333312 0.732541 0.569488 -1.302763 0.650557 0.888927 0.006380 -1.000000 
-0.476577 0.352368 0.736974 0.538678 -1.297804 0.589072 0.888977 0.006246 -1.000000 
-0.473684 0.370766 0.741162 0.508576 -1.293340 0.526911 0.889026 0.006128 -1.000000 
-0.470647 0.388563 0.745113 0.479108 -1.289375 0.464155 0.889075 0.006024 -1.000000 
-0.467469 0.405817 0.748829 0.450197 -1.285915 0.400883 0.889123 0.005933 -1.000000 
-0.464155 0.422585 0.752317 0.421761 -1.282962 0.337169 0.889170 0.005857 -1.000000 
-0.460709 0.438926 0.755579 0.393716 -1.280521 0.273089 0.889217 0.005793 -1.000000 
-0.457133 0.454895 0.758617 0.365977 -1.278594 0.208715 0.889263 0.005742 -1.000000 
-0.453431 0.470549 0.761435 0.338455 -1.277182 0.144118 0.889309 0.005704 -1.000000 
-0.449605 0.485942 0.764033 0.311060 -1.276288 0.079367 0.889354 0.005677 -1.000000 
-0.445657 0.501129 0.766412 0.283701 -1.275913 0.014532 0.889399 0.005663 -1.000000 
-0.441587 0.516162 0.768572 0.256283 -1.276056 -0.050319 0.889445 0.005661 -1.000000 
-0.437398 0.531092 0.770512 0.228715 -1.276718 -0.115116 0.889490 0.005670 -1.000000 
-0.433090 0.545969 0.772231 0.200900 -1.277897 -0.179790 0.889535 0.005692 -1.000000 
-0.428663 0.560840 0.773726 0.172744 -1.279594 -0.244272 0.889581 0.005726 -1.000000 
-0.424116 0.575750 0.774993 0.144152 -1.281805 -0.308491 0.889627 0.005771 -1.000000 
-0.419451 0.590745 0.776031 0.115029 -1.284529 -0.372375 0.889674 0.005829 -1.000000 
-0.414664 0.605863 0.776832 0.085283 -1.287762 -0.435851 0.889720 0.005900 -1.000000 
-0.409756 0.621145 0.777393 0.054818 -1.291501 -0.498843 0.889768 0.005983 -1.000000 
-0.404725 0.636627 0.777707 0.023545 -1.295742 -0.561274 0.889816 0.006080 -1.000000 
-0.399570 0.652341 0.777767 -0.008627 -1.300480 -0.623064 0.889865 0.006190 -1.000000 
-0.394287 0.668319 0.777567 -0.041786 -1.305709 -0.684131 0.889915 0.006315 -1.000000 
-0.388876 0.684587 0.777096 -0.076017 -1.311424 -0.744389 0.889966 0.006454 -1.000000 
-0.383333 0.701171 0.776347 -0.111403 -1.317617 -0.803749 0.890019 0.006610 -1.000000 
-0.377656 0.718090 0.775310 -0.148023 -1.324281 -0.862119 0.890072 0.006781 -1.000000 
-0.371843 0.735363 0.773975 -0.185953 -1.331408 -0.919405 0.890127 0.006970 -1.000000 
-0.365889 0.753003 0.772331 -0.225263 -1.338988 -0.975508 0.890184 0.007178 -1.000000 
-0.359794 0.771019 0.770367 -0.266022 -1.347013 -1.030324 0.890242 0.007405 -1.000000 
-0.353552 0.789419 0.768071 -0.308290 -1.355470 -1.083750 0.890302 0.007654 -1.000000 
-0.347162 0.808204 0.765430 -0.352123 -1.364349 -1.135674 0.890365 0.007926 -1.000000 
-0.340620 0.827371 0.762433 -0.397572 -1.373636 -1.185984 0.890429 0.008222 -1.000000 
-0.333923 0.846914 0.759065 -0.444680 -1.383320 -1.234564 0.890496 0.008545 -1.000000 
-0.327068 0.866823 0.755313 -0.493484 -1.393384 -1.281294 0.890566 0.008897 -1.000000 
-0.320053 0.887081 0.751164 -0.544012 -1.403815 -1.326051 0.890639 0.009281 -1.000000 
-0.312874 0.907670 0.746604 -0.596284 -1.414596 -1.368710 0.890714 0.009700 -1.000000 
-0.305529 0.928563 0.741619 -0.650314 -1.425709 -1.409143 0.890794 0.010158 -1.000000 
-0.298016 0.949731 0.736195 -0.706103 -1.437136 -1.447221 0.890877 0.010658 -1.000000 
-0.290333 0.971141 0.730317 -0.763645 -1.448857 -1.482813 0.890965 0.011206 -1.000000 
-0.282477 0.992754 0.723972 -0.822924 -1.460854 -1.515785 0.891057 0.011807 -1.000000 
-0.274448 1.014524 0.717146 -0.883912 -1.473103 -1.546006 0.891154 0.012467 -1.000000 
-0.266245 1.036405 0.709825 -0.946571 -1.485582 -1.573342 0.891256 0.013194 -1.000000 
-0.257866 1.058343 0.701996 -1.010852 -1.498268 -1.597663 0.891365 0.013996 -1.000000 
-0.249311 1.080280 0.693647 -1.076694 -1.511136 -1.618839 0.891480 0.014882 -1.000000 
-0.240581 1.102154 0.684765 -1.144024 -1.524161 -1.636741 0.891603 0.015866 -1.000000 
-0.231677 1.123899 0.675339 -1.212757 -1.537315 -1.651246 0.891735 0.016959 -1.000000 
-0.222600 1.145443 0.665357 -1.282796 -1.550571 -1.662234 0.891875 0.018179 -1.000000 
-0.213351 1.166714 0.654811 -1.354032 -1.563901 -1.669591 0.892026 0.019544 -1.000000 
-0.203933 1.187632 0.643690 -1.426344 -1.577275 -1.673209 0.892188 0.021078 -1.000000 
-0.194350 1.208117 0.631987 -1.499596 -1.590662 -1.672985 0.892364 0.022808 -1.000000 
-0.184605 1.228084 0.619694 -1.573644 -1.604032 -1.668827 0.892554 0.024766 -1.000000 
-0.174702 1.247446 0.606807 -1.648331 -1.617353 -1.660652 0.892761 0.026994 -1.000000 
-0.164647 1.266116 0.593320 -1.723486 -1.630592 -1.648386 0.892986 0.029539 -1.000000 
-0.154446 1.284001 0.579230 -1.798931 -1.643716 -1.631966 0.893234 0.032461 -1.000000 
-0.144106 1.301012 0.564537 -1.874475 -1.656692 -1.611344 0.893507 0.035835 -1.000000 
-0.133633 1.317054 0.549239 -1.949918 -1.669486 -1.586482 0.893809 0.039752 -1.000000 
-0.123036 1.332037 0.533339 -2.025052 -1.682064 -1.557357 0.894145 0.044329 -1.000000 
-0.112323 1.345868 0.516840 -2.099661 -1.694392 -1.523962 0.894520 0.049710 -1.000000 
-0.101505 1.358455 0.499746 -2.173522 -1.706436 -1.486305 0.894943 0.056084 -1.000000 
-0.090591 1.369711 0.482066 -2.246405 -1.718162 -1.444408 0.895421 0.063691 -1.000000 
-0.079593 1.379547 0.463807 -2.318077 -1.729536 -1.398313 0.895966 0.072843 -1.000000 
-0.068523 1.387881 0.444980 -2.388300 -1.740524 -1.348075 0.896592 0.083952 -1.000000 
-0.057392 1.394630 0.425599 -2.456838 -1.751094 -1.293769 0.897316 0.097567 -1.000000 
-0.046213 1.399719 0.405676 -2.523450 -1.761214 -1.235483 0.898161 0.114423 -1.000000 
-0.035001 1.403075 0.385229 -2.587898 -1.770851 -1.173325 0.899158 0.135526 -1.000000 
-0.023769 1.404630 0.364276 -2.649946 -1.779977 -1.107413 0.900345 0.162261 -1.000000 
-0.012532 1.404322 0.342837 -2.709364 -1.788560 -1.037883 0.901774 0.196567 -1.000000 
-0.001305 1.402094 0.320934 -2.765924 -1.796574 -0.964879 0.903517 0.241183 -1.000000 
0.009897 1.397893 0.298591 -2.819408 -1.803990 -0.888553 0.905671 0.300034 -1.000000 
0.021056 1.391671 0.275832 -2.869606 -1.810782 -0.809060 0.908371 0.378775 -1.000000 
0.032158 1.383385 0.252686 -2.916314 -1.816926 -0.726550 0.911806 0.485587 -1.000000 
0.043185 1.372992 0.229181 -2.959341 -1.822399 -0.641158 0.916246 0.632183 -1.000000 
0.054120 1.360447 0.205347 -2.998505 -1.827178 -0.552987 0.922070 0.834813 -1.000000 
0.064946 1.345700 0.181216 -3.033630 -1.831240 -0.462085 0.929807 1.114243 -1.000000 
0.075645 1.328685 0.156820 -3.064543 -1.834564 -0.368414 0.940160 1.491815 -1.000000 
0.086199 1.309312 0.132195 -3.091061 -1.837127 -0.271817 0.953962 1.975205 -1.000000 
0.096588 1.287459 0.107375 -3.112970 -1.838904 -0.172009 0.971952 2.526253 -1.000000 
0.106791 1.262973 0.082400 -3.129991 -1.839869 -0.068642 0.994240 3.020707 -1.000000 
0.116788 1.235706 0.057310 -3.141755 -1.839992 0.038468 1.019604 3.262246 -1.000000 
0.126555 1.205575 0.032147 -3.147819 -1.839244 0.149059 1.045385 3.117543 -1.000000 
0.136069 1.172606 0.006961 -3.147749 -1.837600 0.262316 1.068621 2.654118 -1.000000 
0.145309 1.136916 -0.018199 -3.141207 -1.835043 0.377103 1.087545 2.074265 -1.000000 
0.154253 1.098669 -0.043281 -3.127995 -1.831566 0.492249 1.101950 1.543464 -1.000000 
0.162882 1.058051 -0.068229 -3.108043 -1.827169 0.606693 1.112550 1.126459 -1.000000 
0.171176 1.015256 -0.092991 -3.081387 -1.821863 0.719497 1.120276 0.821968 -1.000000 
0.179120 0.970496 -0.117514 -3.048155 -1.815664 0.829838 1.125937 0.606040 -1.000000 
0.186699 0.923987 -0.141745 -3.008543 -1.808594 0.936989 1.130141 0.453750 -1.000000 
0.193900 0.875960 -0.165634 -2.962812 -1.800682 1.040309 1.133315 0.345595 -1.000000 
0.200711 0.826645 -0.189134 -2.911271 -1.791961 1.139233 1.135751 0.267785 -1.000000 
0.207124 0.776281 -0.212200 -2.854272 -1.782467 1.233267 1.137655 0.210932 -1.000000 
0.213130 0.725105 -0.234789 -2.792205 -1.772243 1.321983 1.139165 0.168715 -1.000000 
0.218724 0.673353 -0.256863 -2.725485 -1.761331 1.405012 1.140382 0.136861 -1.000000 
0.223902 0.621257 -0.278386 -2.654553 -1.749779 1.482046 1.141375 0.112459 -1.000000 
0.228664 0.569044 -0.299326 -2.579866 -1.737635 1.552835 1.142196 0.093497 -1.000000 
0.233007 0.516933 -0.319655 -2.501890 -1.724950 1.617181 1.142881 0.078566 -1.000000 
0.236935 0.465134 -0.339349 -2.421100 -1.711777 1.674939 1.143461 0.066663 -1.000000 
0.240451 0.413846 -0.358386 -2.337969 -1.698169 1.726016 1.143954 0.057067 -1.000000 
0.243559 0.363255 -0.376751 -2.252969 -1.684179 1.770364 1.144378 0.049248 -1.000000 
0.246265 0.313534 -0.394430 -2.166563 -1.669861 1.807982 1.144746 0.042815 -1.000000 
0.248578 0.264844 -0.411413 -2.079201 -1.655269 1.838909 1.145066 0.037475 -1.000000 
0.250506 0.217327 -0.427696 -1.991318 -1.640456 1.863222 1.145348 0.033006 -1.000000 
0.252059 0.171113 -0.443274 -1.903330 -1.625475 1.881036 1.145596 0.029236 -1.000000 
0.253247 0.126316 -0.458150 -1.815632 -1.610377 1.892495 1.145817 0.026032 -1.000000 
0.254084 0.083032 -0.472326 -1.728596 -1.595212 1.897771 1.146014 0.023293 -1.000000 
0.254580 0.041345 -0.485810 -1.642567 -1.580028 1.897062 1.146191 0.020934 -1.000000 
0.254750 0.001320 -0.498611 -1.557862 -1.564874 1.890585 1.146350 0.018893 -1.000000 
0.254606 -0.036989 -0.510740 -1.474774 -1.549794 1.878576 1.146494 0.017115 -1.000000 
0.254163 -0.073546 -0.522212 -1.393563 -1.534831 1.861284 1.146624 0.015560 -1.000000 
0.253434 -0.108325 -0.533043 -1.314462 -1.520027 1.838967 1.146743 0.014192 -1.000000 
0.252434 -0.141314 -0.543250 -1.237674 -1.505420 1.811893 1.146852 0.012984 -1.000000 
0.251178 -0.172516 -0.552852 -1.163374 -1.491048 1.780333 1.146951 0.011913 -1.000000 
0.249679 -0.201940 -0.561871 -1.091709 -1.476946 1.744561 1.147043 0.010958 -1.000000 
0.247951 -0.229609 -0.570327 -1.022798 -1.463146 1.704848 1.147127 0.010105 -1.000000 
0.246010 -0.255554 -0.578243 -0.956732 -1.449678 1.661464 1.147205 0.009340 -1.000000 
0.243867 -0.279814 -0.585642 -0.893580 -1.436572 1.614674 1.147277 0.008652 -1.000000 
0.241537 -0.302435 -0.592548 -0.833383 -1.423852 1.564736 1.147343 0.008031 -1.000000 
0.239032 -0.323470 -0.598984 -0.776161 -1.411543 1.511901 1.147405 0.007470 -1.000000 
0.236365 -0.342978 -0.604975 -0.721913 -1.399669 1.456408 1.147463 0.006961 -1.000000 
0.233549 -0.361023 -0.610543 -0.670616 -1.388247 1.398489 1.147517 0.006499 -1.000000 
0.230593 -0.377672 -0.615712 -0.622229 -1.377299 1.338362 1.147567 0.006079 -1.000000 
0.227509 -0.392993 -0.620506 -0.576694 -1.366839 1.276236 1.147614 0.005697 -1.000000 
0.224308 -0.407061 -0.624947 -0.533937 -1.356884 1.212307 1.147658 0.005348 -1.000000 
0.220999 -0.419950 -0.629056 -0.493869 -1.347446 1.146757 1.147700 0.005032 -1.000000 
0.217592 -0.431734 -0.632856 -0.456387 -1.338539 1.079759 1.147739 0.004743 -1.000000 
0.214094 -0.442489 -0.636365 -0.421377 -1.330174 1.011470 1.147776 0.004481 -1.000000 
0.210515 -0.452292 -0.639604 -0.388713 -1.322359 0.942038 1.147811 0.004243 -1.000000 
0.206860 -0.461217 -0.642590 -0.358260 -1.315104 0.871598 1.147844 0.004029 -1.000000 
0.203137 -0.469337 -0.645342 -0.329875 -1.308416 0.800275 1.147875 0.003835 -1.000000 
0.199353 -0.476727 -0.647874 -0.303405 -1.302301 0.728182 1.147905 0.003662 -1.000000 
0.195512 -0.483457 -0.650201 -0.278691 -1.296767 0.655423 1.147934 0.003508 -1.000000 
0.191619 -0.489596 -0.652337 -0.255569 -1.291816 0.582093 1.147961 0.003372 -1.000000 
0.187679 -0.495210 -0.654294 -0.233868 -1.287454 0.508278 1.147988 0.003254 -1.000000 
0.183697 -0.500364 -0.656082 -0.213414 -1.283685 0.434056 1.148013 0.003153 -1.000000 
0.179675 -0.505119 -0.657711 -0.194026 -1.280510 0.359501 1.148038 0.003069 -1.000000 
0.175616 -0.509534 -0.659189 -0.175523 -1.277933 0.284676 1.148063 0.003000 -1.000000 
0.171523 -0.513664 -0.660521 -0.157718 -1.275956 0.209646 1.148086 0.002948 -1.000000 
0.167398 -0.517561 -0.661714 -0.140424 -1.274580 0.134466 1.148110 0.002911 -1.000000 
0.163242 -0.521274 -0.662769 -0.123451 -1.273805 0.059193 1.148133 0.002890 -1.000000 
0.159058 -0.524848 -0.663689 -0.106606 -1.273633 -0.016122 1.148156 0.002884 -1.000000 
0.154845 -0.528325 -0.664475 -0.089697 -1.274063 -0.091425 1.148179 0.002893 -1.000000 
0.150605 -0.531742 -0.665124 -0.072530 -1.275095 -0.166664 1.148202 0.002917 -1.000000 
0.146337 -0.535134 -0.665634 -0.054911 -1.276729 -0.241786 1.148226 0.002957 -1.000000 
0.142043 -0.538531 -0.666001 -0.036646 -1.278963 -0.316734 1.148250 0.003012 -1.000000 
0.137721 -0.541960 -0.666218 -0.017541 -1.281796 -0.391449 1.148274 0.003083 -1.000000 
0.133371 -0.545443 -0.666278 0.002596 -1.285226 -0.465868 1.148299 0.003169 -1.000000 
0.128993 -0.548999 -0.666173 0.023957 -1.289249 -0.539920 1.148325 0.003272 -1.000000 
0.124587 -0.552641 -0.665891 0.046729 -1.293863 -0.613532 1.148351 0.003390 -1.000000 
0.120151 -0.556380 -0.665421 0.071100 -1.299064 -0.686619 1.148379 0.003526 -1.000000 
0.115685 -0.560221 -0.664749 0.097252 -1.304848 -0.759093 1.148408 0.003678 -1.000000 
0.111187 -0.564166 -0.663860 0.125364 -1.311208 -0.830854 1.148438 0.003849 -1.000000 
0.106658 -0.568211 -0.662738 0.155609 -1.318139 -0.901792 1.148470 0.004039 -1.000000 
0.102095 -0.572350 -0.661364 0.188154 -1.325634 -0.971788 1.148503 0.004248 -1.000000 
0.097500 -0.576571 -0.659721 0.223161 -1.333685 -1.040711 1.148538 0.004477 -1.000000 
0.092870 -0.580856 -0.657787 0.260782 -1.342282 -1.108419 1.148574 0.004729 -1.000000 
0.088206 -0.585185 -0.655541 0.301161 -1.351416 -1.174759 1.148613 0.005004 -1.000000 
0.083507 -0.589533 -0.652960 0.344429 -1.361074 -1.239562 1.148654 0.005305 -1.000000 
0.078773 -0.593869 -0.650022 0.390709 -1.371244 -1.302650 1.148698 0.005633 -1.000000 
0.074005 -0.598158 -0.646701 0.440108 -1.381911 -1.363831 1.148745 0.005990 -1.000000 
0.069203 -0.602362 -0.642971 0.492718 -1.393060 -1.422900 1.148794 0.006380 -1.000000 
0.064368 -0.606436 -0.638808 0.548617 -1.404672 -1.479639 1.148847 0.006807 -1.000000 
0.059501 -0.610334 -0.634185 0.607862 -1.416727 -1.533820 1.148903 0.007273 -1.000000 
0.054603 -0.614003 -0.629073 0.670491 -1.429205 -1.585203 1.148963 0.007784 -1.000000 
0.049677 -0.617388 -0.623448 0.736523 -1.442082 -1.633537 1.149028 0.008345 -1.000000 
0.044726 -0.620429 -0.617280 0.805952 -1.455333 -1.678560 1.149097 0.008963 -1.000000 
0.039752 -0.623063 -0.610544 0.878745 -1.468930 -1.720007 1.149171 0.009646 -1.000000 
0.034758 -0.625224 -0.603211 0.954846 -1.482843 -1.757601 1.149252 0.010403 -1.000000 
0.029749 -0.626844 -0.595257 1.034171 -1.497040 -1.791064 1.149338 0.011246 -1.000000 
0.024730 -0.627853 -0.586656 1.116603 -1.511488 -1.820114 1.149432 0.012187 -1.000000 
0.019706 -0.628177 -0.577384 1.202000 -1.526150 -1.844470 1.149533 0.013243 -1.000000 
0.014681 -0.627743 -0.567417 1.290182 -1.540986 -1.863851 1.149644 0.014434 -1.000000 
0.009664 -0.626478 -0.556734 1.380942 -1.555957 -1.877985 1.149765 0.015785 -1.000000 
0.004660 -0.624307 -0.545316 1.474038 -1.571019 -1.886604 1.149897 0.017324 -1.000000 
-0.000322 -0.621157 -0.533144 1.569193 -1.586128 -1.889455 1.150043 0.019089 -1.000000 
-0.005276 -0.616958 -0.520204 1.666099 -1.601235 -1.886298 1.150203 0.021126 -1.000000 
-0.010191 -0.611640 -0.506483 1.764416 -1.616292 -1.876912 1.150381 0.023493 -1.000000 
-0.015059 -0.605138 -0.491970 1.863770 -1.631248 -1.861096 1.150580 0.026264 -1.000000 
-0.019870 -0.597391 -0.476661 1.963758 -1.646052 -1.838677 1.150803 0.029535 -1.000000 
-0.024613 -0.588342 -0.460550 2.063948 -1.660649 -1.809510 1.151054 0.033427 -1.000000 
-0.029279 -0.577942 -0.443638 2.163883 -1.674986 -1.773480 1.151340 0.038104 -1.000000 
-0.033857 -0.566145 -0.425930 2.263081 -1.689006 -1.730510 1.151667 0.043778 -1.000000 
-0.038334 -0.552916 -0.407432 2.361041 -1.702655 -1.680560 1.152044 0.050741 -1.000000 
-0.042699 -0.538226 -0.388158 2.457245 -1.715877 -1.623630 1.152483 0.059387 -1.000000 
-0.046942 -0.522056 -0.368122 2.551164 -1.728615 -1.559763 1.153000 0.070266 -1.000000 
-0.051048 -0.504396 -0.347346 2.642258 -1.740814 -1.489045 1.153615 0.084156 -1.000000 
-0.055008 -0.485244 -0.325855 2.729989 -1.752422 -1.411605 1.154357 0.102178 -1.000000 
-0.058808 -0.464609 -0.303677 2.813816 -1.763383 -1.327617 1.155265 0.125986 -1.000000 
-0.062438 -0.442509 -0.280846 2.893209 -1.773646 -1.237291 1.156395 0.158070 -1.000000 
-0.065885 -0.418969 -0.257399 2.967650 -1.783163 -1.140876 1.157827 0.202278 -1.000000 
-0.069138 -0.394023 -0.233378 3.036638 -1.791885 -1.038644 1.159680 0.264712 -1.000000 
-0.072185 -0.367708 -0.208829 3.099693 -1.799767 -0.930880 1.162137 0.355307 -1.000000 
-0.075017 -0.340060 -0.183800 3.156362 -1.806765 -0.817857 1.165483 0.490630 -1.000000 
-0.077623 -0.311107 -0.158345 3.206217 -1.812839 -0.699790 1.170179 0.698748 -1.000000 
-0.079992 -0.280854 -0.132520 3.248852 -1.817948 -0.576759 1.176981 1.026915 -1.000000 
-0.082113 -0.249255 -0.106384 3.283865 -1.822053 -0.448565 1.187126 1.549565 -1.000000 
-0.083976 -0.216168 -0.079999 3.310808 -1.825110 -0.314477 1.202538 2.356903 -1.000000 
-0.085567 -0.181293 -0.053434 3.329066 -1.827065 -0.172883 1.225635 3.451008 -1.000000 
-0.086870 -0.144183 -0.026760 3.337601 -1.827849 -0.021300 1.257586 4.461489 -1.000000 
-0.087867 -0.104553 -0.000063 3.334725 -1.827374 0.142048 1.294640 4.602118 -1.000000 
-0.088538 -0.062780 0.026560 3.318463 -1.825549 0.315526 1.328267 3.678836 -1.000000 
-0.088868 -0.019768 0.052993 3.287420 -1.822311 0.494605 1.352772 2.467806 -1.000000 
-0.088853 0.023660 0.079117 3.241047 -1.817633 0.674850 1.368575 1.545845 -1.000000 
-0.088490 0.066912 0.104809 3.179404 -1.811519 0.852844 1.378434 0.967750 -1.000000 
-0.087784 0.109525 0.129948 3.102983 -1.804000 1.025868 1.384679 0.623280 -1.000000 
-0.086741 0.151101 0.154420 3.012614 -1.795125 1.191676 1.388770 0.416376 -1.000000 
-0.085370 0.191290 0.178116 2.909379 -1.784958 1.348411 1.391549 0.288395 -1.000000 
-0.083684 0.229787 0.200939 2.794559 -1.773578 1.494546 1.393505 0.206406 -1.000000 
-0.081699 0.266333 0.222802 2.669575 -1.761077 1.628858 1.394925 0.152027 -1.000000 
-0.079429 0.300710 0.243629 2.535948 -1.747551 1.750402 1.395983 0.114786 -1.000000 
-0.076893 0.332748 0.263358 2.395257 -1.733106 1.858490 1.396791 0.088534 -1.000000 
-0.074111 0.362320 0.281939 2.249104 -1.717852 1.952673 1.397419 0.069545 -1.000000 
-0.071103 0.389343 0.299333 2.099078 -1.701901 2.032732 1.397916 0.055489 -1.000000 
-0.067889 0.413774 0.315518 1.946731 -1.685366 2.098650 1.398316 0.044866 -1.000000 
-0.064490 0.435612 0.330479 1.793545 -1.668360 2.150599 1.398641 0.036687 -1.000000 
-0.060926 0.454887 0.344216 1.640918 -1.650993 2.188919 1.398908 0.030281 -1.000000 
-0.057218 0.471666 0.356739 1.490139 -1.633372 2.214091 1.399129 0.025184 -1.000000 
-0.053386 0.486042 0.368066 1.342383 -1.615601 2.226719 1.399313 0.021068 -1.000000 
-0.049448 0.498133 0.378228 1.198693 -1.597776 2.227507 1.399468 0.017700 -1.000000 
-0.045421 0.508075 0.387259 1.059983 -1.579990 2.217233 1.399598 0.014905 -1.000000 
-0.041324 0.516023 0.395203 0.927030 -1.562328 2.196731 1.399707 0.012558 -1.000000 
-0.037170 0.522142 0.402108 0.800478 -1.544867 2.166869 1.399800 0.010561 -1.000000 
-0.032974 0.526604 0.408029 0.680842 -1.527681 2.128533 1.399877 0.008843 -1.000000 
-0.028748 0.529588 0.413021 0.568513 -1.510831 2.082608 1.399942 0.007346 -1.000000 
-0.024504 0.531273 0.417145 0.463767 -1.494377 2.029965 1.399995 0.006027 -1.000000 
-0.020251 0.531836 0.420462 0.366773 -1.478367 1.971450 1.400039 0.004852 -1.000000 
-0.015997 0.531451 0.423034 0.277601 -1.462847 1.907872 1.400073 0.003794 -1.000000 
-0.011750 0.530286 0.424925 0.196238 -1.447853 1.839995 1.400100 0.002830 -1.000000 
-0.007514 0.528501 0.426195 0.122592 -1.433417 1.768534 1.400119 0.001945 -1.000000 
-0.003295 0.526247 0.426906 0.056508 -1.419564 1.694148 1.400131 0.001123 -1.000000 
0.000903 0.522761 0.426780 0.042965 -1.418236 1.616970 1.400140 0.001039 -1.000000 
0.005067 0.519337 0.426549 0.035342 -1.418390 1.539581 1.400149 0.001040 -1.000000 
0.009200 0.516091 0.426279 0.027749 -1.418545 1.462153 1.400158 0.001042 -1.000000 
0.013303 0.513013 0.425971 0.020174 -1.418699 1.384687 1.400167 0.001045 -1.000000 
0.017378 0.510091 0.425626 0.012610 -1.418853 1.307184 1.400176 0.001048 -1.000000 
0.021427 0.507315 0.425243 0.005048 -1.419008 1.229646 1.400185 0.001052 -1.000000 
0.025451 0.504673 0.424824 -0.002519 -1.419162 1.152073 1.400194 0.001055 -1.000000 
0.029452 0.502155 0.424369 -0.010098 -1.419317 1.074465 1.400203 0.001060 -1.000000 
0.033432 0.499748 0.423878 -0.017695 -1.419472 0.996824 1.400212 0.001064 -1.000000 
0.037391 0.497441 0.423352 -0.025316 -1.419627 0.919150 1.400221 0.001070 -1.000000 
0.041331 0.495223 0.422790 -0.032966 -1.419782 0.841443 1.400230 0.001075 -1.000000 
0.045253 0.493081 0.422194 -0.040650 -1.419937 0.763704 1.400239 0.001081 -1.000000 
0.049158 0.491004 0.421562 -0.048371 -1.420092 0.685934 1.400248 0.001087 -1.000000 
0.053048 0.488980 0.420896 -0.056133 -1.420247 0.608133 1.400257 0.001093 -1.000000 
0.056923 0.486997 0.420194 -0.063938 -1.420402 0.530301 1.400266 0.001100 -1.000000 
0.060784 0.485043 0.419459 -0.071789 -1.420558 0.452438 1.400275 0.001107 -1.000000 
0.064632 0.483106 0.418688 -0.079688 -1.420714 0.374545 1.400284 0.001115 -1.000000 
0.068468 0.481174 0.417883 -0.087637 -1.420869 0.296622 1.400293 0.001122 -1.000000 
0.072292 0.479235 0.417044 -0.095634 -1.421025 0.218669 1.400302 0.001130 -1.000000 
0.076104 0.477276 0.416169 -0.103682 -1.421181 0.140686 1.400311 0.001138 -1.000000 
0.079905 0.475287 0.415260 -0.111780 -1.421337 0.062674 1.400321 0.001147 -1.000000 
0.083696 0.473254 0.414317 -0.119926 -1.421493 -0.015368 1.400330 0.001155 -1.000000 
0.087474 0.471136 0.413324 -0.128176 -1.421928 -0.093419 1.400339 0.001179 -1.000000 
0.091234 0.468835 0.412265 -0.136808 -1.422988 -0.171433 1.400349 0.001238 -1.000000 
0.094975 0.466250 0.411134 -0.146153 -1.424671 -0.249375 1.400359 0.001330 -1.000000 
0.098693 0.463274 0.409924 -0.156538 -1.426977 -0.327204 1.400370 0.001458 -1.000000 
0.102386 0.459788 0.408625 -0.168288 -1.429906 -0.404870 1.400382 0.001620 -1.000000 
0.106048 0.455666 0.407226 -0.181722 -1.433455 -0.482307 1.400396 0.001817 -1.000000 
0.109674 0.450774 0.405712 -0.197152 -1.437622 -0.559436 1.400412 0.002050 -1.000000 
0.113258 0.444969 0.404066 -0.214886 -1.442404 -0.636159 1.400429 0.002319 -1.000000 
0.116791 0.438101 0.402267 -0.235223 -1.447799 -0.712354 1.400449 0.002625 -1.000000 
0.120264 0.430013 0.400295 -0.258449 -1.453800 -0.787877 1.400471 0.002968 -1.000000 
0.123667 0.420544 0.398124 -0.284842 -1.460403 -0.862557 1.400496 0.003351 -1.000000 
0.126989 0.409525 0.395728 -0.314662 -1.467598 -0.936192 1.400525 0.003775 -1.000000 
0.130215 0.396786 0.393079 -0.348152 -1.475378 -1.008548 1.400557 0.004243 -1.000000 
0.133332 0.382155 0.390147 -0.385536 -1.483731 -1.079361 1.400593 0.004757 -1.000000 
0.136324 0.365459 0.386900 -0.427011 -1.492643 -1.148328 1.400633 0.005321 -1.000000 
0.139174 0.346527 0.383304 -0.472748 -1.502099 -1.215112 1.400678 0.005941 -1.000000 
0.141862 0.325193 0.379324 -0.522883 -1.512078 -1.279341 1.400728 0.006623 -1.000000 
0.144370 0.301297 0.374926 -0.577516 -1.522560 -1.340605 1.400784 0.007374 -1.000000 
0.146676 0.274688 0.370072 -0.636704 -1.533519 -1.398459 1.400847 0.008204 -1.000000 
0.148757 0.245232 0.364726 -0.700458 -1.544925 -1.452428 1.400916 0.009126 -1.000000 
0.150591 0.212806 0.358852 -0.768735 -1.556746 -1.502002 1.400993 0.010154 -1.000000 
0.152154 0.177312 0.352415 -0.841435 -1.568944 -1.546649 1.401079 0.011309 -1.000000 
0.153420 0.138672 0.345378 -0.918397 -1.581478 -1.585814 1.401174 0.012613 -1.000000 
0.154364 0.096840 0.337709 -0.999393 -1.594301 -1.618924 1.401281 0.014099 -1.000000 
0.154961 0.051799 0.329378 -1.084122 -1.607363 -1.645403 1.401400 0.015805 -1.000000 
0.155185 0.003568 0.320354 -1.172214 -1.620608 -1.664671 1.401534 0.017782 -1.000000 
0.155010 -0.047794 0.310615 -1.263220 -1.633977 -1.676160 1.401686 0.020097 -1.000000 
0.154412 -0.102185 0.300137 -1.356615 -1.647404 -1.679323 1.401857 0.022836 -1.000000 
0.153367 -0.159458 0.288904 -1.451799 -1.660822 -1.673643 1.402053 0.026116 -1.000000 
0.151853 -0.219419 0.276905 -1.548099 -1.674158 -1.658650 1.402277 0.030095 -1.000000 
0.149850 -0.281824 0.264133 -1.644768 -1.687335 -1.633927 1.402536 0.034988 -1.000000 
0.147338 -0.346379 0.250590 -1.741000 -1.700274 -1.599128 1.402840 0.041099 -1.000000 
0.144303 -0.412745 0.236281 -1.835927 -1.712893 -1.553987 1.403198 0.048860 -1.000000 
0.140731 -0.480530 0.221221 -1.928639 -1.725110 -1.498328 1.403628 0.058901 -1.000000 
0.136612 -0.549304 0.205431 -2.018187 -1.736838 -1.432079 1.404149 0.072168 -1.000000 
0.131940 -0.618595 0.188941 -2.103599 -1.747995 -1.355272 1.404795 0.090114 -1.000000 
0.126714 -0.687898 0.171787 -2.183898 -1.758495 -1.268051 1.405610 0.115047 -1.000000 
0.120935 -0.756685 0.154015 -2.258109 -1.768256 -1.170665 1.406664 0.150768 -1.000000 
0.114610 -0.824414 0.135676 -2.325283 -1.777199 -1.063460 1.408068 0.203793 -1.000000 
0.107749 -0.890543 0.116831 -2.384501 -1.785247 -0.946849 1.410001 0.285807 -1.000000 
0.100367 -0.954546 0.097548 -2.434891 -1.792325 -0.821254 1.412775 0.418821 -1.000000 
0.092483 -1.015946 0.077899 -2.475619 -1.798364 -0.686990 1.416951 0.646383 -1.000000 
0.084120 -1.074362 0.057966 -2.505859 -1.803294 -0.543999 1.423600 1.057855 -1.000000 
0.075302 -1.129606 0.037836 -2.524679 -1.807042 -0.391203 1.434834 1.833046 -1.000000 
0.066054 -1.181873 0.017605 -2.530658 -1.809517 -0.224882 1.454659 3.251486 -1.000000 
0.056398 -1.231866 -0.002613 -2.520656 -1.810579 -0.035360 1.488474 5.204022 -1.000000 
0.046351 -1.279229 -0.022664 -2.487428 -1.809980 0.192296 1.534300 5.792105 -1.000000 
0.035953 -1.317988 -0.042324 -2.421702 -1.807402 0.456493 1.573976 3.894028 -1.000000 
0.025309 -1.339783 -0.061316 -2.320415 -1.802644 0.733093 1.596878 1.986261 -1.000000 
0.014572 -1.341018 -0.079360 -2.185026 -1.795688 1.003811 1.608269 0.986613 -1.000000 
0.003908 -1.321306 -0.096193 -2.018540 -1.786628 1.257846 1.614071 0.522099 -1.000000 
0.000000 0.000000 0.000000 0.000000 0.000000 0.000000 0.000000 0.000000 0.000000 
