-0.138526 0.201180 -0.000193 0.141951 -1.652167 -0.049339 1.144203 0.075003 -1.000000 
-0.136836 0.221233 0.000931 0.138983 -1.652580 -0.053830 1.144807 0.076192 -1.000000 
-0.134987 0.241077 0.002030 0.135842 -1.653028 -0.058071 1.145422 0.077678 -1.000000 
-0.132979 0.260692 0.003104 0.132529 -1.653509 -0.062042 1.146051 0.079490 -1.000000 
-0.130816 0.280057 0.004150 0.129047 -1.654020 -0.065724 1.146695 0.081658 -1.000000 
-0.128499 0.299150 0.005168 0.125397 -1.654559 -0.069097 1.147358 0.084223 -1.000000 
-0.126031 0.317948 0.006156 0.121583 -1.655124 -0.072146 1.148044 0.087233 -1.000000 
-0.123413 0.336430 0.007113 0.117606 -1.655713 -0.074854 1.148756 0.090746 -1.000000 
-0.120649 0.354572 0.008037 0.113470 -1.656321 -0.077208 1.149497 0.094834 -1.000000 
-0.117741 0.372352 0.008928 0.109178 -1.656947 -0.079195 1.150275 0.099585 -1.000000 
-0.114692 0.389745 0.009784 0.104733 -1.657587 -0.080803 1.151093 0.105107 -1.000000 
-0.111506 0.406728 0.010603 0.100138 -1.658239 -0.082024 1.151959 0.111531 -1.000000 
-0.108186 0.423276 0.011386 0.095397 -1.658899 -0.082848 1.152880 0.119024 -1.000000 
-0.104735 0.439366 0.012129 0.090515 -1.659563 -0.083271 1.153867 0.127792 -1.000000 
-0.101157 0.454973 0.012833 0.085495 -1.660230 -0.083287 1.154929 0.138095 -1.000000 
-0.097456 0.470072 0.013497 0.080343 -1.660895 -0.082893 1.156081 0.150265 -1.000000 
-0.093637 0.484638 0.014119 0.075062 -1.661555 -0.082089 1.157339 0.164726 -1.000000 
-0.089704 0.498647 0.014698 0.069657 -1.662207 -0.080875 1.158724 0.182030 -1.000000 
-0.085660 0.512074 0.015233 0.064135 -1.662848 -0.079253 1.160261 0.202898 -1.000000 
-0.081512 0.524894 0.015723 0.058499 -1.663474 -0.077226 1.161983 0.228290 -1.000000 
-0.077264 0.537083 0.016168 0.052755 -1.664083 -0.074799 1.163929 0.259495 -1.000000 
-0.072921 0.548615 0.016567 0.046908 -1.664670 -0.071979 1.166155 0.298272 -1.000000 
-0.068488 0.559467 0.016919 0.040963 -1.665233 -0.068770 1.168728 0.347059 -1.000000 
-0.063971 0.569614 0.017222 0.034925 -1.665769 -0.065181 1.171743 0.409286 -1.000000 
-0.059376 0.579030 0.017477 0.028798 -1.666275 -0.061217 1.175326 0.489872 -1.000000 
-0.054709 0.587691 0.017683 0.022584 -1.666748 -0.056883 1.179649 0.595994 -1.000000 
-0.049975 0.595569 0.017838 0.016286 -1.667184 -0.052179 1.184958 0.738325 -1.000000 
-0.045182 0.602636 0.017943 0.009902 -1.667582 -0.047098 1.191601 0.933029 -1.000000 
-0.040335 0.608860 0.017997 0.003428 -1.667937 -0.041621 1.200091 1.204954 -1.000000 
-0.035442 0.614203 0.017998 -0.003150 -1.668246 -0.035706 1.211187 1.592620 -1.000000 
-0.030510 0.618614 0.017946 -0.009853 -1.668507 -0.029263 1.226037 2.155192 -1.000000 
-0.025547 0.622021 0.017840 -0.016724 -1.668713 -0.022116 1.246365 2.979042 -1.000000 
-0.020561 0.624309 0.017678 -0.023844 -1.668858 -0.013900 1.274684 4.170203 -1.000000 
-0.015562 0.625259 0.017457 -0.031363 -1.668930 -0.003835 1.314236 5.783233 -1.000000 
-0.010561 0.624406 0.017174 -0.039574 -1.668910 0.009791 1.367757 7.573778 -1.000000 
-0.005579 0.620622 0.016821 -0.049005 -1.668755 0.030537 1.433425 8.596785 -1.000000 
-0.000646 0.611200 0.016385 -0.060273 -1.668387 0.063974 1.499813 7.627944 -1.000000 
0.004172 0.591284 0.015853 -0.072813 -1.667689 0.112628 1.551203 5.118191 -1.000000 
0.008776 0.557187 0.015225 -0.083377 -1.666567 0.167843 1.582513 2.854449 -1.000000 
0.013054 0.510751 0.014533 -0.088581 -1.665024 0.215855 1.599409 1.510163 -1.000000 
0.016928 0.456747 0.013824 -0.087933 -1.663152 0.249466 1.608410 0.818329 -1.000000 
0.020353 0.399205 0.013138 -0.082786 -1.661074 0.267564 1.613390 0.464867 -1.000000 
0.023313 0.340997 0.012507 -0.074741 -1.658910 0.271087 1.616281 0.276587 -1.000000 
0.025813 0.284244 0.011947 -0.065119 -1.656772 0.261461 1.618032 0.170932 -1.000000 
0.027869 0.230456 0.011466 -0.054890 -1.654757 0.240323 1.619130 0.108627 -1.000000 
0.029510 0.180523 0.011068 -0.044696 -1.652952 0.209469 1.619833 0.070178 -1.000000 
0.030769 0.134720 0.010750 -0.034905 -1.651427 0.170775 1.620289 0.045369 -1.000000 
0.031676 0.092761 0.010508 -0.025652 -1.650236 0.126109 1.620580 0.028519 -1.000000 
0.032261 0.053897 0.010338 -0.016901 -1.649420 0.077273 1.620757 0.016255 -1.000000 
0.032544 0.017033 0.010237 -0.008486 -1.649006 0.025980 1.620847 0.006390 -1.000000 
0.032535 -0.019130 0.010202 -0.000166 -1.649007 -0.026129 1.620861 -0.002694 -1.000000 
0.032236 -0.055963 0.010235 0.008330 -1.649422 -0.077436 1.620802 -0.012447 -1.000000 
0.031635 -0.094767 0.010337 0.017254 -1.650239 -0.126298 1.620656 -0.024484 -1.000000 
0.030712 -0.136637 0.010513 0.026792 -1.651432 -0.170996 1.620398 -0.040996 -1.000000 
0.029438 -0.182326 0.010767 0.037010 -1.652959 -0.209723 1.619979 -0.065377 -1.000000 
0.027783 -0.232123 0.011106 0.047800 -1.654766 -0.240596 1.619316 -0.103387 -1.000000 
0.025714 -0.285755 0.011533 0.058823 -1.656783 -0.261721 1.618262 -0.165498 -1.000000 
0.023203 -0.342336 0.012046 0.069450 -1.658923 -0.271273 1.616552 -0.271989 -1.000000 
0.020233 -0.400368 0.012640 0.078705 -1.661088 -0.267562 1.613684 -0.464555 -1.000000 
0.016799 -0.457750 0.013298 0.085216 -1.663165 -0.249054 1.608658 -0.833367 -1.000000 
0.012918 -0.511620 0.013992 0.087260 -1.665030 -0.214602 1.599373 -1.575491 -1.000000 
0.008633 -0.557839 0.014678 0.083292 -1.666558 -0.165149 1.581454 -3.070043 -1.000000 
0.004027 -0.591334 0.015309 0.073710 -1.667652 -0.108452 1.547181 -5.678966 -1.000000 
-0.000788 -0.610289 0.015852 0.062111 -1.668315 -0.059646 1.489540 -8.607283 -1.000000 
-0.005710 -0.618910 0.016307 0.051833 -1.668652 -0.027412 1.414719 -9.646258 -1.000000 
-0.010677 -0.622261 0.016686 0.043316 -1.668788 -0.008098 1.341640 -8.349461 -1.000000 
-0.015659 -0.622956 0.017003 0.035908 -1.668800 0.004376 1.283151 -6.263478 -1.000000 
-0.020640 -0.622024 0.017263 0.029106 -1.668726 0.013563 1.240604 -4.455367 -1.000000 
-0.025609 -0.619882 0.017469 0.022647 -1.668587 0.021082 1.210495 -3.152045 -1.000000 
-0.030556 -0.616720 0.017626 0.016394 -1.668391 0.027651 1.189060 -2.264716 -1.000000 
-0.035474 -0.612640 0.017732 0.010278 -1.668146 0.033600 1.173495 -1.665152 -1.000000 
-0.040356 -0.607706 0.017790 0.004261 -1.667855 0.039087 1.161916 -1.254983 -1.000000 
-0.045195 -0.601961 0.017801 -0.001677 -1.667522 0.044189 1.153087 -0.968750 -1.000000 
-0.049985 -0.595438 0.017764 -0.007547 -1.667149 0.048947 1.146198 -0.764572 -1.000000 
-0.054720 -0.588164 0.017680 -0.013353 -1.666739 0.053376 1.140707 -0.615736 -1.000000 
-0.059394 -0.580165 0.017550 -0.019097 -1.666296 0.057482 1.136245 -0.505005 -1.000000 
-0.064001 -0.571462 0.017375 -0.024776 -1.665821 0.061266 1.132556 -0.421062 -1.000000 
-0.068535 -0.562078 0.017154 -0.030389 -1.665316 0.064722 1.129457 -0.356329 -1.000000 
-0.072992 -0.552035 0.016889 -0.035931 -1.664786 0.067845 1.126818 -0.305633 -1.000000 
-0.077366 -0.541352 0.016579 -0.041399 -1.664232 0.070628 1.124540 -0.265372 -1.000000 
-0.081652 -0.530052 0.016226 -0.046789 -1.663657 0.073066 1.122551 -0.232993 -1.000000 
-0.085845 -0.518155 0.015831 -0.052095 -1.663064 0.075152 1.120796 -0.206658 -1.000000 
-0.089941 -0.505682 0.015393 -0.057312 -1.662455 0.076881 1.119232 -0.185020 -1.000000 
-0.093935 -0.492655 0.014914 -0.062437 -1.661835 0.078249 1.117825 -0.167080 -1.000000 
-0.097822 -0.479096 0.014394 -0.067464 -1.661204 0.079253 1.116550 -0.152083 -1.000000 
-0.101599 -0.465025 0.013835 -0.072389 -1.660567 0.079891 1.115386 -0.139458 -1.000000 
-0.105261 -0.450464 0.013236 -0.077207 -1.659927 0.080164 1.114314 -0.128761 -1.000000 
-0.108805 -0.435435 0.012600 -0.081915 -1.659286 0.080071 1.113321 -0.119648 -1.000000 
-0.112227 -0.419959 0.011926 -0.086508 -1.658647 0.079617 1.112396 -0.111849 -1.000000 
-0.115523 -0.404057 0.011216 -0.090981 -1.658013 0.078805 1.111529 -0.105149 -1.000000 
-0.118691 -0.387752 0.010471 -0.095332 -1.657387 0.077639 1.110711 -0.099375 -1.000000 
-0.121726 -0.371064 0.009691 -0.099558 -1.656772 0.076128 1.109937 -0.094390 -1.000000 
-0.124627 -0.354014 0.008878 -0.103653 -1.656170 0.074279 1.109199 -0.090081 -1.000000 
-0.127390 -0.336623 0.008033 -0.107617 -1.655584 0.072102 1.108494 -0.086357 -1.000000 
-0.130012 -0.318912 0.007157 -0.111444 -1.655017 0.069606 1.107816 -0.083143 -1.000000 
-0.132491 -0.300901 0.006250 -0.115134 -1.654471 0.066806 1.107162 -0.080377 -1.000000 
-0.134826 -0.282610 0.005315 -0.118683 -1.653949 0.063713 1.106529 -0.078009 -1.000000 
-0.137012 -0.264059 0.004352 -0.122088 -1.653452 0.060343 1.105913 -0.075997 -1.000000 
-0.139050 -0.245268 0.003362 -0.125348 -1.652984 0.056710 1.105312 -0.074305 -1.000000 
-0.140936 -0.226255 0.002346 -0.128461 -1.652546 0.052831 1.104724 -0.072907 -1.000000 
-0.142669 -0.207040 0.001307 -0.131424 -1.652139 0.048724 1.104145 -0.071777 -1.000000 
-0.144248 -0.187641 0.000244 -0.134235 -1.651767 0.044406 1.103575 -0.070898 -1.000000 
-0.145671 -0.168078 -0.000841 -0.136893 -1.651429 0.039898 1.103010 -0.070253 -1.000000 
-0.146937 -0.148367 -0.001946 -0.139397 -1.651129 0.035218 1.102450 -0.069833 -1.000000 
-0.148045 -0.128527 -0.003070 -0.141744 -1.650866 0.030388 1.101892 -0.069626 -1.000000 
-0.148993 -0.108576 -0.004213 -0.143933 -1.650643 0.025427 1.101335 -0.069629 -1.000000 
-0.149782 -0.088530 -0.005373 -0.145964 -1.650460 0.020358 1.100778 -0.069836 -1.000000 
-0.150410 -0.068408 -0.006548 -0.147834 -1.650317 0.015203 1.100217 -0.070246 -1.000000 
-0.150876 -0.048227 -0.007738 -0.149543 -1.650217 0.009982 1.099653 -0.070861 -1.000000 
-0.151181 -0.028003 -0.008940 -0.151089 -1.650158 0.004720 1.099083 -0.071683 -1.000000 
-0.151324 -0.007754 -0.010155 -0.152471 -1.650141 -0.000563 1.098506 -0.072718 -1.000000 
-0.151305 0.012504 -0.011380 -0.153689 -1.650167 -0.005843 1.097919 -0.073973 -1.000000 
-0.151124 0.032754 -0.012613 -0.154741 -1.650235 -0.011099 1.097321 -0.075459 -1.000000 
-0.150781 0.052978 -0.013855 -0.155627 -1.650344 -0.016307 1.096711 -0.077187 -1.000000 
-0.150277 0.073160 -0.015103 -0.156346 -1.650495 -0.021447 1.096086 -0.079173 -1.000000 
-0.149611 0.093283 -0.016356 -0.156897 -1.650687 -0.026497 1.095443 -0.081435 -1.000000 
-0.148784 0.113330 -0.017613 -0.157279 -1.650919 -0.031434 1.094782 -0.083995 -1.000000 
-0.147798 0.133283 -0.018872 -0.157492 -1.651190 -0.036240 1.094099 -0.086878 -1.000000 
-0.146652 0.153125 -0.020132 -0.157535 -1.651498 -0.040893 1.093391 -0.090112 -1.000000 
-0.145348 0.172839 -0.021392 -0.157408 -1.651844 -0.045374 1.092656 -0.093733 -1.000000 
-0.143887 0.192408 -0.022650 -0.157109 -1.652224 -0.049665 1.091890 -0.097781 -1.000000 
-0.142270 0.211812 -0.023906 -0.156640 -1.652638 -0.053747 1.091090 -0.102300 -1.000000 
-0.140498 0.231035 -0.025156 -0.156000 -1.653083 -0.057604 1.090252 -0.107345 -1.000000 
-0.138574 0.250057 -0.026401 -0.155188 -1.653559 -0.061219 1.089371 -0.112978 -1.000000 
-0.136498 0.268861 -0.027639 -0.154204 -1.654062 -0.064579 1.088443 -0.119270 -1.000000 
-0.134273 0.287428 -0.028868 -0.153049 -1.654591 -0.067668 1.087461 -0.126306 -1.000000 
-0.131900 0.305739 -0.030087 -0.151723 -1.655144 -0.070474 1.086419 -0.134185 -1.000000 
-0.129382 0.323776 -0.031295 -0.150226 -1.655718 -0.072987 1.085311 -0.143019 -1.000000 
-0.126720 0.341519 -0.032490 -0.148559 -1.656311 -0.075195 1.084128 -0.152945 -1.000000 
-0.123918 0.358949 -0.033671 -0.146722 -1.656920 -0.077090 1.082861 -0.164119 -1.000000 
-0.120978 0.376047 -0.034837 -0.144717 -1.657544 -0.078665 1.081498 -0.176728 -1.000000 
-0.117902 0.392794 -0.035986 -0.142544 -1.658178 -0.079913 1.080029 -0.190993 -1.000000 
-0.114694 0.409171 -0.037118 -0.140204 -1.658821 -0.080831 1.078437 -0.207174 -1.000000 
-0.111357 0.425158 -0.038229 -0.137699 -1.659471 -0.081415 1.076708 -0.225582 -1.000000 
-0.107893 0.440737 -0.039320 -0.135030 -1.660123 -0.081665 1.074821 -0.246585 -1.000000 
-0.104306 0.455890 -0.040389 -0.132200 -1.660776 -0.081580 1.072755 -0.270627 -1.000000 
-0.100600 0.470597 -0.041435 -0.129210 -1.661427 -0.081161 1.070482 -0.298234 -1.000000 
-0.096778 0.484841 -0.042456 -0.126062 -1.662074 -0.080414 1.067972 -0.330042 -1.000000 
-0.092844 0.498604 -0.043452 -0.122759 -1.662713 -0.079342 1.065188 -0.366812 -1.000000 
-0.088801 0.511868 -0.044420 -0.119302 -1.663343 -0.077952 1.062087 -0.409454 -1.000000 
-0.084655 0.524619 -0.045360 -0.115696 -1.663960 -0.076252 1.058618 -0.459064 -1.000000 
-0.080409 0.536838 -0.046271 -0.111943 -1.664562 -0.074253 1.054720 -0.516948 -1.000000 
-0.076067 0.548513 -0.047151 -0.108046 -1.665147 -0.071965 1.050321 -0.584658 -1.000000 
-0.071634 0.559627 -0.047999 -0.104009 -1.665713 -0.069400 1.045334 -0.664020 -1.000000 
-0.067115 0.570169 -0.048815 -0.099834 -1.666257 -0.066575 1.039660 -0.757153 -1.000000 
-0.062513 0.580125 -0.049596 -0.095526 -1.666777 -0.063503 1.033177 -0.866464 -1.000000 
-0.057834 0.589485 -0.050343 -0.091089 -1.667272 -0.060203 1.025746 -0.994594 -1.000000 
-0.053083 0.598239 -0.051053 -0.086527 -1.667740 -0.056692 1.017206 -1.144287 -1.000000 
-0.048264 0.606379 -0.051727 -0.081844 -1.668179 -0.052991 1.007373 -1.318138 -1.000000 
-0.043383 0.613896 -0.052362 -0.077046 -1.668587 -0.049121 0.996046 -1.518158 -1.000000 
-0.038443 0.620786 -0.052959 -0.072139 -1.668964 -0.045105 0.983010 -1.745108 -1.000000 
-0.033452 0.627045 -0.053516 -0.067129 -1.669309 -0.040968 0.968056 -1.997575 -1.000000 
-0.028412 0.632671 -0.054033 -0.062023 -1.669619 -0.036738 0.950993 -2.270862 -1.000000 
-0.023331 0.637665 -0.054509 -0.056832 -1.669896 -0.032445 0.931690 -2.555902 -1.000000 
-0.018211 0.642031 -0.054942 -0.051565 -1.670138 -0.028120 0.910105 -2.838640 -1.000000 
-0.013060 0.645773 -0.055333 -0.046235 -1.670346 -0.023798 0.886327 -3.100454 -1.000000 
-0.007881 0.648904 -0.055682 -0.040854 -1.670519 -0.019513 0.860610 -3.320114 -1.000000 
-0.002679 0.651434 -0.055987 -0.035436 -1.670659 -0.015298 0.833373 -3.477279 -1.000000 
0.002541 0.653382 -0.056249 -0.029994 -1.670764 -0.011183 0.805181 -3.556737 -1.000000 
0.007774 0.654767 -0.056467 -0.024541 -1.670838 -0.007192 0.776691 -3.551900 -1.000000 
0.013016 0.655609 -0.056641 -0.019087 -1.670880 -0.003339 0.748567 -3.466166 -1.000000 
0.018262 0.655929 -0.056772 -0.013641 -1.670892 0.000367 0.721416 -3.311622 -1.000000 
0.023509 0.655750 -0.056860 -0.008210 -1.670874 0.003923 0.695718 -3.105799 -1.000000 
0.028753 0.655091 -0.056904 -0.002799 -1.670829 0.007334 0.671809 -2.867849 -1.000000 
0.033989 0.653970 -0.056905 0.002587 -1.670757 0.010604 0.649871 -2.615386 -1.000000 
0.039215 0.652404 -0.056862 0.007947 -1.670660 0.013741 0.629963 -2.362621 -1.000000 
0.044427 0.650409 -0.056777 0.013278 -1.670538 0.016753 0.612043 -2.119746 -1.000000 
0.049621 0.647996 -0.056650 0.018579 -1.670392 0.019646 0.596003 -1.893207 -1.000000 
0.054794 0.645179 -0.056480 0.023847 -1.670224 0.022426 0.581698 -1.686407 -1.000000 
0.059942 0.641966 -0.056269 0.029083 -1.670034 0.025097 0.568965 -1.500532 -1.000000 
0.065064 0.638368 -0.056015 0.034284 -1.669823 0.027662 0.557635 -1.335286 -1.000000 
0.070155 0.634393 -0.055720 0.039448 -1.669591 0.030123 0.547548 -1.189482 -1.000000 
0.075213 0.630049 -0.055384 0.044575 -1.669341 0.032482 0.538556 -1.061465 -1.000000 
0.080235 0.625343 -0.055007 0.049663 -1.669072 0.034738 0.530522 -0.949394 -1.000000 
0.085218 0.620282 -0.054589 0.054709 -1.668785 0.036893 0.523328 -0.851426 -1.000000 
0.090159 0.614873 -0.054132 0.059712 -1.668482 0.038945 0.516866 -0.765812 -1.000000 
0.095055 0.609122 -0.053634 0.064671 -1.668162 0.040893 0.511046 -0.690954 -1.000000 
0.099904 0.603035 -0.053097 0.069583 -1.667828 0.042737 0.505786 -0.625425 -1.000000 
0.104703 0.596618 -0.052521 0.074446 -1.667479 0.044473 0.501018 -0.567968 -1.000000 
0.109449 0.589878 -0.051906 0.079258 -1.667117 0.046102 0.496680 -0.517490 -1.000000 
0.114140 0.582821 -0.051253 0.084017 -1.666742 0.047622 0.492722 -0.473047 -1.000000 
0.118773 0.575451 -0.050562 0.088722 -1.666355 0.049031 0.489098 -0.433826 -1.000000 
0.123346 0.567777 -0.049834 0.093370 -1.665957 0.050327 0.485769 -0.399128 -1.000000 
0.127857 0.559802 -0.049068 0.097959 -1.665550 0.051509 0.482701 -0.368357 -1.000000 
0.132302 0.551534 -0.048266 0.102487 -1.665134 0.052576 0.479866 -0.341000 -1.000000 
0.136680 0.542978 -0.047429 0.106952 -1.664709 0.053526 0.477237 -0.316619 -1.000000 
0.140989 0.534141 -0.046555 0.111353 -1.664277 0.054359 0.474793 -0.294838 -1.000000 
0.145226 0.525028 -0.045647 0.115686 -1.663840 0.055074 0.472514 -0.275333 -1.000000 
0.149389 0.515646 -0.044705 0.119951 -1.663397 0.055669 0.470382 -0.257827 -1.000000 
0.153476 0.506001 -0.043728 0.124145 -1.662949 0.056145 0.468384 -0.242080 -1.000000 
0.157484 0.496099 -0.042718 0.128267 -1.662499 0.056501 0.466505 -0.227887 -1.000000 
0.161413 0.485947 -0.041676 0.132315 -1.662046 0.056737 0.464734 -0.215069 -1.000000 
0.165259 0.475551 -0.040602 0.136287 -1.661591 0.056852 0.463061 -0.203470 -1.000000 
0.169021 0.464917 -0.039496 0.140181 -1.661136 0.056848 0.461475 -0.192957 -1.000000 
0.172697 0.454052 -0.038359 0.143996 -1.660682 0.056724 0.459971 -0.183411 -1.000000 
0.176285 0.442962 -0.037192 0.147729 -1.660229 0.056482 0.458539 -0.174731 -1.000000 
0.179784 0.431654 -0.035995 0.151380 -1.659779 0.056121 0.457173 -0.166828 -1.000000 
0.183191 0.420134 -0.034770 0.154948 -1.659331 0.055644 0.455868 -0.159623 -1.000000 
0.186505 0.408410 -0.033517 0.158429 -1.658889 0.055052 0.454617 -0.153047 -1.000000 
0.189725 0.396487 -0.032235 0.161824 -1.658451 0.054345 0.453417 -0.147040 -1.000000 
0.192848 0.384372 -0.030928 0.165130 -1.658019 0.053527 0.452263 -0.141548 -1.000000 
0.195874 0.372072 -0.029594 0.168346 -1.657595 0.052598 0.451151 -0.136525 -1.000000 
0.198801 0.359594 -0.028234 0.171472 -1.657178 0.051561 0.450078 -0.131929 -1.000000 
0.201627 0.346944 -0.026850 0.174505 -1.656770 0.050419 0.449039 -0.127722 -1.000000 
0.204352 0.334128 -0.025442 0.177445 -1.656372 0.049173 0.448033 -0.123873 -1.000000 
0.206973 0.321155 -0.024011 0.180291 -1.655984 0.047827 0.447056 -0.120351 -1.000000 
0.209490 0.308030 -0.022558 0.183041 -1.655607 0.046383 0.446107 -0.117132 -1.000000 
0.211901 0.294761 -0.021083 0.185694 -1.655242 0.044846 0.445182 -0.114192 -1.000000 
0.214206 0.281353 -0.019587 0.188249 -1.654889 0.043216 0.444279 -0.111510 -1.000000 
0.216402 0.267814 -0.018071 0.190706 -1.654550 0.041500 0.443397 -0.109069 -1.000000 
0.218490 0.254150 -0.016536 0.193063 -1.654226 0.039699 0.442533 -0.106852 -1.000000 
0.220468 0.240368 -0.014983 0.195320 -1.653915 0.037818 0.441687 -0.104845 -1.000000 
0.222336 0.226475 -0.013411 0.197476 -1.653621 0.035860 0.440855 -0.103035 -1.000000 
0.224092 0.212478 -0.011823 0.199530 -1.653342 0.033830 0.440038 -0.101411 -1.000000 
0.225735 0.198383 -0.010219 0.201481 -1.653080 0.031732 0.439232 -0.099962 -1.000000 
0.227266 0.184197 -0.008600 0.203329 -1.652834 0.029570 0.438438 -0.098680 -1.000000 
0.228682 0.169927 -0.006966 0.205072 -1.652607 0.027349 0.437653 -0.097556 -1.000000 
0.229984 0.155579 -0.005319 0.206711 -1.652397 0.025073 0.436876 -0.096584 -1.000000 
0.231171 0.141161 -0.003659 0.208245 -1.652206 0.022746 0.436107 -0.095758 -1.000000 
0.232243 0.126678 -0.001987 0.209673 -1.652033 0.020374 0.435344 -0.095073 -1.000000 
0.233198 0.112137 -0.000305 0.210995 -1.651880 0.017960 0.434586 -0.094525 -1.000000 
0.234037 0.097546 0.001388 0.212210 -1.651746 0.015511 0.433831 -0.094110 -1.000000 
0.234759 0.082911 0.003091 0.213318 -1.651632 0.013031 0.433080 -0.093825 -1.000000 
0.235363 0.068238 0.004801 0.214318 -1.651537 0.010525 0.432330 -0.093667 -1.000000 
0.235850 0.053534 0.006519 0.215211 -1.651463 0.007997 0.431580 -0.093637 -1.000000 
0.236220 0.038805 0.008244 0.215996 -1.651409 0.005454 0.430831 -0.093731 -1.000000 
0.236471 0.024059 0.009975 0.216672 -1.651376 0.002900 0.430080 -0.093951 -1.000000 
0.236605 0.009302 0.011711 0.217240 -1.651363 0.000339 0.429328 -0.094296 -1.000000 
0.236620 -0.005459 0.013450 0.217699 -1.651371 -0.002222 0.428571 -0.094767 -1.000000 
0.236517 -0.020219 0.015194 0.218049 -1.651399 -0.004779 0.427811 -0.095365 -1.000000 
0.236296 -0.034969 0.016939 0.218290 -1.651447 -0.007326 0.427045 -0.096093 -1.000000 
0.235958 -0.049705 0.018686 0.218422 -1.651516 -0.009859 0.426273 -0.096954 -1.000000 
0.235501 -0.064418 0.020433 0.218445 -1.651605 -0.012373 0.425494 -0.097950 -1.000000 
0.234927 -0.079103 0.022181 0.218359 -1.651714 -0.014863 0.424706 -0.099085 -1.000000 
0.234236 -0.093753 0.023927 0.218164 -1.651842 -0.017323 0.423908 -0.100364 -1.000000 
0.233427 -0.108361 0.025671 0.217860 -1.651991 -0.019749 0.423099 -0.101792 -1.000000 
0.232502 -0.122921 0.027412 0.217447 -1.652158 -0.022137 0.422279 -0.103376 -1.000000 
0.231461 -0.137426 0.029150 0.216926 -1.652345 -0.024481 0.421445 -0.105122 -1.000000 
0.230303 -0.151870 0.030883 0.216296 -1.652550 -0.026777 0.420596 -0.107039 -1.000000 
0.229031 -0.166247 0.032610 0.215557 -1.652773 -0.029020 0.419732 -0.109133 -1.000000 
0.227644 -0.180548 0.034332 0.214711 -1.653014 -0.031207 0.418850 -0.111416 -1.000000 
0.226142 -0.194769 0.036045 0.213757 -1.653272 -0.033332 0.417949 -0.113899 -1.000000 
0.224528 -0.208903 0.037751 0.212696 -1.653547 -0.035392 0.417027 -0.116592 -1.000000 
0.222800 -0.222942 0.039448 0.211528 -1.653838 -0.037382 0.416083 -0.119509 -1.000000 
0.220961 -0.236881 0.041136 0.210254 -1.654145 -0.039300 0.415114 -0.122666 -1.000000 
0.219010 -0.250714 0.042812 0.208873 -1.654467 -0.041140 0.414119 -0.126077 -1.000000 
0.216950 -0.264432 0.044477 0.207387 -1.654803 -0.042901 0.413096 -0.129762 -1.000000 
0.214780 -0.278031 0.046130 0.205797 -1.655153 -0.044577 0.412042 -0.133739 -1.000000 
0.212501 -0.291504 0.047770 0.204102 -1.655516 -0.046166 0.410955 -0.138031 -1.000000 
0.210116 -0.304844 0.049395 0.202303 -1.655892 -0.047665 0.409833 -0.142662 -1.000000 
0.207624 -0.318045 0.051006 0.200402 -1.656279 -0.049072 0.408672 -0.147658 -1.000000 
0.205028 -0.331100 0.052602 0.198399 -1.656676 -0.050382 0.407469 -0.153048 -1.000000 
0.202327 -0.344004 0.054180 0.196294 -1.657084 -0.051595 0.406222 -0.158866 -1.000000 
0.199524 -0.356750 0.055742 0.194090 -1.657502 -0.052707 0.404926 -0.165148 -1.000000 
0.196620 -0.369332 0.057286 0.191785 -1.657927 -0.053717 0.403578 -0.171932 -1.000000 
0.193615 -0.381743 0.058810 0.189383 -1.658361 -0.054623 0.402174 -0.179264 -1.000000 
0.190512 -0.393977 0.060315 0.186882 -1.658801 -0.055423 0.400708 -0.187192 -1.000000 
0.187312 -0.406029 0.061800 0.184286 -1.659247 -0.056116 0.399177 -0.195770 -1.000000 
0.184016 -0.417892 0.063264 0.181594 -1.659699 -0.056700 0.397574 -0.205059 -1.000000 
0.180626 -0.429560 0.064705 0.178808 -1.660154 -0.057175 0.395894 -0.215124 -1.000000 
0.177144 -0.441028 0.066124 0.175929 -1.660613 -0.057540 0.394130 -0.226041 -1.000000 
0.173570 -0.452289 0.067520 0.172959 -1.661075 -0.057794 0.392275 -0.237891 -1.000000 
0.169908 -0.463338 0.068892 0.169898 -1.661538 -0.057938 0.390321 -0.250765 -1.000000 
0.166158 -0.474169 0.070238 0.166748 -1.662001 -0.057970 0.388260 -0.264765 -1.000000 
0.162322 -0.484777 0.071559 0.163511 -1.662465 -0.057892 0.386081 -0.280003 -1.000000 
0.158402 -0.495156 0.072854 0.160188 -1.662927 -0.057704 0.383776 -0.296604 -1.000000 
0.154400 -0.505301 0.074122 0.156781 -1.663388 -0.057406 0.381332 -0.314706 -1.000000 
0.150318 -0.515207 0.075362 0.153291 -1.663846 -0.057000 0.378736 -0.334462 -1.000000 
0.146157 -0.524868 0.076574 0.149720 -1.664300 -0.056486 0.375975 -0.356041 -1.000000 
0.141920 -0.534280 0.077758 0.146069 -1.664749 -0.055867 0.373034 -0.379631 -1.000000 
0.137609 -0.543437 0.078911 0.142340 -1.665193 -0.055143 0.369895 -0.405438 -1.000000 
0.133226 -0.552335 0.080035 0.138536 -1.665631 -0.054316 0.366541 -0.433685 -1.000000 
0.128773 -0.560970 0.081128 0.134657 -1.666062 -0.053389 0.362949 -0.464619 -1.000000 
0.124251 -0.569338 0.082189 0.130707 -1.666485 -0.052364 0.359099 -0.498507 -1.000000 
0.119664 -0.577433 0.083219 0.126686 -1.666899 -0.051244 0.354965 -0.535635 -1.000000 
0.115013 -0.585252 0.084216 0.122597 -1.667305 -0.050031 0.350519 -0.576308 -1.000000 
0.110301 -0.592792 0.085180 0.118441 -1.667700 -0.048729 0.345733 -0.620847 -1.000000 
0.105529 -0.600048 0.086111 0.114222 -1.668084 -0.047340 0.340575 -0.669585 -1.000000 
0.100701 -0.607018 0.087008 0.109940 -1.668457 -0.045868 0.335008 -0.722855 -1.000000 
0.095818 -0.613698 0.087870 0.105599 -1.668818 -0.044317 0.328996 -0.780985 -1.000000 
0.090882 -0.620085 0.088697 0.101201 -1.669166 -0.042690 0.322498 -0.844277 -1.000000 
0.085897 -0.626177 0.089489 0.096747 -1.669501 -0.040992 0.315473 -0.912994 -1.000000 
0.080864 -0.631971 0.090245 0.092240 -1.669822 -0.039226 0.307875 -0.987325 -1.000000 
0.075786 -0.637465 0.090965 0.087682 -1.670128 -0.037398 0.299661 -1.067360 -1.000000 
0.070666 -0.642657 0.091648 0.083077 -1.670420 -0.035512 0.290783 -1.153047 -1.000000 
0.065505 -0.647546 0.092294 0.078425 -1.670696 -0.033572 0.281197 -1.244149 -1.000000 
0.060306 -0.652130 0.092902 0.073731 -1.670957 -0.031584 0.270863 -1.340189 -1.000000 
0.055071 -0.656409 0.093473 0.068996 -1.671201 -0.029552 0.259743 -1.440405 -1.000000 
0.049804 -0.660381 0.094006 0.064224 -1.671429 -0.027482 0.247808 -1.543701 -1.000000 
0.044506 -0.664046 0.094501 0.059417 -1.671641 -0.025380 0.235040 -1.648611 -1.000000 
0.039180 -0.667405 0.094957 0.054578 -1.671835 -0.023250 0.221431 -1.753285 -1.000000 
0.033828 -0.670457 0.095374 0.049710 -1.672013 -0.021098 0.206994 -1.855508 -1.000000 
0.028454 -0.673204 0.095752 0.044815 -1.672173 -0.018931 0.191756 -1.952752 -1.000000 
0.023058 -0.675647 0.096091 0.039898 -1.672316 -0.016753 0.175770 -2.042282 -1.000000 
0.017644 -0.677787 0.096390 0.034961 -1.672441 -0.014570 0.159108 -2.121300 -1.000000 
0.012214 -0.679626 0.096650 0.030007 -1.672549 -0.012387 0.141864 -2.187129 -1.000000 
0.006771 -0.681166 0.096870 0.025040 -1.672639 -0.010211 0.124155 -2.237416 -1.000000 
0.001316 -0.682410 0.097051 0.020063 -1.672712 -0.008045 0.106112 -2.270326 -1.000000 
-0.004147 -0.683361 0.097191 0.015078 -1.672768 -0.005895 0.087880 -2.284700 -1.000000 
-0.009617 -0.684022 0.097292 0.010089 -1.672807 -0.003764 0.069608 -2.280159 -1.000000 
-0.015091 -0.684397 0.097353 0.005099 -1.672828 -0.001657 0.051446 -2.257129 -1.000000 
-0.020566 -0.684488 0.097374 0.000110 -1.672833 0.000424 0.033540 -2.216785 -1.000000 
-0.026042 -0.684300 0.097355 -0.004875 -1.672822 0.002474 0.016019 -2.160930 -1.000000 
-0.031514 -0.683836 0.097296 -0.009854 -1.672794 0.004493 -0.001000 -2.091831 1.000000 
-0.036973 -0.680977 0.097192 -0.015137 -1.672625 0.022049 0.015240 1.967602 1.000000 
-0.042409 -0.678138 0.097054 -0.019505 -1.672441 0.024026 0.030478 1.841948 1.000000 
-0.047822 -0.675025 0.096880 -0.023861 -1.672241 0.025982 0.044714 1.717386 1.000000 
-0.053209 -0.671639 0.096672 -0.028204 -1.672025 0.027911 0.057965 1.595947 1.000000 
-0.058568 -0.667979 0.096429 -0.032530 -1.671794 0.029810 0.070262 1.479175 1.000000 
-0.063896 -0.664046 0.096151 -0.036838 -1.671548 0.031673 0.081647 1.368170 1.000000 
-0.069192 -0.659840 0.095839 -0.041126 -1.671288 0.033497 0.092170 1.263639 1.000000 
-0.074453 -0.655362 0.095493 -0.045392 -1.671013 0.035277 0.101883 1.165969 1.000000 
-0.079677 -0.650613 0.095113 -0.049634 -1.670723 0.037009 0.110844 1.075283 1.000000 
-0.084862 -0.645595 0.094699 -0.053850 -1.670421 0.038691 0.119106 0.991514 1.000000 
-0.090005 -0.640308 0.094252 -0.058038 -1.670105 0.040317 0.126726 0.914447 1.000000 
-0.095106 -0.634754 0.093771 -0.062197 -1.669776 0.041885 0.133755 0.843773 1.000000 
-0.100161 -0.628937 0.093257 -0.066324 -1.669435 0.043390 0.140242 0.779119 1.000000 
-0.105168 -0.622856 0.092710 -0.070417 -1.669082 0.044831 0.146235 0.720078 1.000000 
-0.110126 -0.616516 0.092130 -0.074476 -1.668717 0.046203 0.151777 0.666231 1.000000 
-0.115032 -0.609918 0.091518 -0.078498 -1.668343 0.047504 0.156908 0.617162 1.000000 
-0.119884 -0.603064 0.090874 -0.082481 -1.667958 0.048731 0.161664 0.572466 1.000000 
-0.124680 -0.595959 0.090199 -0.086424 -1.667563 0.049881 0.166078 0.531759 1.000000 
-0.129419 -0.588604 0.089492 -0.090325 -1.667160 0.050952 0.170181 0.494679 1.000000 
-0.134097 -0.581004 0.088754 -0.094182 -1.666748 0.051942 0.174002 0.460891 1.000000 
-0.138714 -0.573160 0.087985 -0.097995 -1.666329 0.052848 0.177564 0.430088 1.000000 
-0.143267 -0.565078 0.087186 -0.101760 -1.665903 0.053669 0.180890 0.401985 1.000000 
-0.147755 -0.556759 0.086357 -0.105477 -1.665470 0.054402 0.184002 0.376327 1.000000 
-0.152175 -0.548208 0.085498 -0.109144 -1.665033 0.055047 0.186917 0.352880 1.000000 
-0.156525 -0.539429 0.084611 -0.112759 -1.664590 0.055601 0.189653 0.331434 1.000000 
-0.160805 -0.530426 0.083694 -0.116321 -1.664143 0.056064 0.192225 0.311798 1.000000 
-0.165012 -0.521202 0.082750 -0.119829 -1.663693 0.056434 0.194646 0.293802 1.000000 
-0.169144 -0.511762 0.081777 -0.123280 -1.663240 0.056710 0.196930 0.277290 1.000000 
-0.173199 -0.502110 0.080777 -0.126675 -1.662786 0.056892 0.199087 0.262124 1.000000 
-0.177177 -0.492251 0.079750 -0.130010 -1.662330 0.056980 0.201127 0.248180 1.000000 
-0.181075 -0.482188 0.078697 -0.133285 -1.661875 0.056972 0.203061 0.235346 1.000000 
-0.184891 -0.471926 0.077618 -0.136499 -1.661419 0.056869 0.204895 0.223522 1.000000 
-0.188625 -0.461470 0.076513 -0.139650 -1.660965 0.056670 0.206639 0.212616 1.000000 
-0.192274 -0.450825 0.075384 -0.142736 -1.660513 0.056377 0.208299 0.202547 1.000000 
-0.195838 -0.439995 0.074230 -0.145758 -1.660063 0.055988 0.209882 0.193243 1.000000 
-0.199314 -0.428985 0.073052 -0.148713 -1.659617 0.055505 0.211393 0.184638 1.000000 
-0.202701 -0.417800 0.071851 -0.151600 -1.659175 0.054929 0.212838 0.176671 1.000000 
-0.205998 -0.406444 0.070627 -0.154418 -1.658739 0.054259 0.214221 0.169290 1.000000 
-0.209204 -0.394924 0.069380 -0.157167 -1.658307 0.053498 0.215548 0.162447 1.000000 
-0.212316 -0.383243 0.068112 -0.159844 -1.657883 0.052646 0.216822 0.156098 1.000000 
-0.215335 -0.371406 0.066823 -0.162450 -1.657465 0.051706 0.218047 0.150203 1.000000 
-0.218258 -0.359420 0.065513 -0.164982 -1.657056 0.050677 0.219226 0.144726 1.000000 
-0.221085 -0.347288 0.064183 -0.167441 -1.656655 0.049562 0.220364 0.139637 1.000000 
-0.223815 -0.335017 0.062834 -0.169825 -1.656263 0.048363 0.221461 0.134905 1.000000 
-0.226445 -0.322611 0.061466 -0.172133 -1.655881 0.047082 0.222523 0.130503 1.000000 
-0.228976 -0.310075 0.060080 -0.174364 -1.655510 0.045721 0.223550 0.126409 1.000000 
-0.231406 -0.297415 0.058677 -0.176518 -1.655150 0.044282 0.224546 0.122600 1.000000 
-0.233734 -0.284637 0.057256 -0.178593 -1.654802 0.042768 0.225513 0.119056 1.000000 
-0.235960 -0.271744 0.055819 -0.180590 -1.654466 0.041180 0.226452 0.115759 1.000000 
-0.238082 -0.258744 0.054367 -0.182507 -1.654143 0.039523 0.227365 0.112694 1.000000 
-0.240100 -0.245640 0.052900 -0.184343 -1.653834 0.037798 0.228255 0.109845 1.000000 
-0.242012 -0.232439 0.051418 -0.186098 -1.653538 0.036008 0.229123 0.107198 1.000000 
-0.243818 -0.219145 0.049922 -0.187771 -1.653258 0.034158 0.229971 0.104742 1.000000 
-0.245518 -0.205765 0.048414 -0.189362 -1.652992 0.032248 0.230800 0.102466 1.000000 
-0.247110 -0.192303 0.046893 -0.190870 -1.652742 0.030284 0.231611 0.100358 1.000000 
-0.248595 -0.178765 0.045360 -0.192295 -1.652507 0.028267 0.232406 0.098411 1.000000 
-0.249971 -0.165156 0.043816 -0.193635 -1.652290 0.026203 0.233186 0.096616 1.000000 
-0.251237 -0.151482 0.042262 -0.194891 -1.652088 0.024094 0.233952 0.094964 1.000000 
-0.252394 -0.137749 0.040698 -0.196062 -1.651904 0.021943 0.234706 0.093451 1.000000 
-0.253441 -0.123961 0.039125 -0.197147 -1.651737 0.019755 0.235448 0.092068 1.000000 
-0.254377 -0.110124 0.037544 -0.198147 -1.651588 0.017533 0.236179 0.090812 1.000000 
-0.255203 -0.096243 0.035955 -0.199060 -1.651457 0.015281 0.236901 0.089677 1.000000 
-0.255917 -0.082325 0.034359 -0.199887 -1.651344 0.013002 0.237614 0.088658 1.000000 
-0.256520 -0.068374 0.032757 -0.200627 -1.651249 0.010702 0.238320 0.087753 1.000000 
-0.257011 -0.054396 0.031149 -0.201280 -1.651173 0.008383 0.239019 0.086957 1.000000 
-0.257390 -0.040397 0.029537 -0.201845 -1.651115 0.006050 0.239711 0.086269 1.000000 
-0.257657 -0.026381 0.027920 -0.202323 -1.651076 0.003706 0.240399 0.085685 1.000000 
-0.257812 -0.012355 0.026300 -0.202713 -1.651056 0.001356 0.241083 0.085204 1.000000 
-0.257855 0.001676 0.024677 -0.203014 -1.651054 -0.000996 0.241763 0.084825 1.000000 
-0.257785 0.015707 0.023052 -0.203228 -1.651072 -0.003346 0.242440 0.084546 1.000000 
-0.257604 0.029732 0.021426 -0.203353 -1.651108 -0.005691 0.243116 0.084367 1.000000 
-0.257310 0.043745 0.019799 -0.203389 -1.651163 -0.008025 0.243790 0.084287 1.000000 
-0.256904 0.057742 0.018172 -0.203337 -1.651236 -0.010346 0.244465 0.084307 1.000000 
-0.256386 0.071716 0.016545 -0.203197 -1.651328 -0.012648 0.245140 0.084428 1.000000 
-0.255756 0.085662 0.014921 -0.202967 -1.651438 -0.014929 0.245816 0.084651 1.000000 
-0.255015 0.099574 0.013298 -0.202649 -1.651567 -0.017183 0.246494 0.084977 1.000000 
-0.254163 0.113447 0.011678 -0.202243 -1.651713 -0.019408 0.247176 0.085408 1.000000 
-0.253200 0.127276 0.010062 -0.201748 -1.651877 -0.021599 0.247861 0.085946 1.000000 
-0.252127 0.141054 0.008451 -0.201165 -1.652059 -0.023753 0.248551 0.086596 1.000000 
-0.250944 0.154777 0.006844 -0.200493 -1.652257 -0.025865 0.249247 0.087360 1.000000 
-0.249651 0.168438 0.005243 -0.199733 -1.652472 -0.027932 0.249949 0.088242 1.000000 
-0.248249 0.182032 0.003649 -0.198885 -1.652704 -0.029950 0.250659 0.089248 1.000000 
-0.246738 0.195554 0.002061 -0.197949 -1.652951 -0.031916 0.251377 0.090382 1.000000 
-0.245120 0.208998 0.000482 -0.196926 -1.653214 -0.033826 0.252106 0.091651 1.000000 
-0.243395 0.222358 -0.001089 -0.195815 -1.653493 -0.035677 0.252844 0.093062 1.000000 
-0.241563 0.235629 -0.002651 -0.194617 -1.653785 -0.037466 0.253595 0.094622 1.000000 
-0.239625 0.248805 -0.004203 -0.193333 -1.654092 -0.039189 0.254359 0.096341 1.000000 
-0.237582 0.261881 -0.005744 -0.191962 -1.654412 -0.040843 0.255137 0.098228 1.000000 
-0.235435 0.274851 -0.007274 -0.190505 -1.654745 -0.042426 0.255931 0.100294 1.000000 
-0.233185 0.287709 -0.008792 -0.188963 -1.655091 -0.043934 0.256742 0.102551 1.000000 
-0.230832 0.300450 -0.010297 -0.187336 -1.655448 -0.045364 0.257572 0.105013 1.000000 
-0.228378 0.313068 -0.011789 -0.185624 -1.655816 -0.046715 0.258423 0.107695 1.000000 
-0.225823 0.325558 -0.013267 -0.183828 -1.656195 -0.047983 0.259296 0.110614 1.000000 
-0.223169 0.337914 -0.014730 -0.181948 -1.656584 -0.049167 0.260193 0.113790 1.000000 
-0.220417 0.350131 -0.016178 -0.179986 -1.656981 -0.050263 0.261117 0.117242 1.000000 
-0.217568 0.362203 -0.017610 -0.177941 -1.657388 -0.051270 0.262070 0.120996 1.000000 
-0.214622 0.374124 -0.019025 -0.175814 -1.657802 -0.052187 0.263054 0.125077 1.000000 
-0.211582 0.385890 -0.020423 -0.173607 -1.658222 -0.053010 0.264072 0.129516 1.000000 
-0.208448 0.397493 -0.021802 -0.171319 -1.658649 -0.053739 0.265127 0.134345 1.000000 
-0.205223 0.408930 -0.023164 -0.168952 -1.659082 -0.054372 0.266223 0.139603 1.000000 
-0.201906 0.420195 -0.024505 -0.166506 -1.659519 -0.054908 0.267362 0.145332 1.000000 
-0.198500 0.431281 -0.025827 -0.163982 -1.659960 -0.055346 0.268550 0.151580 1.000000 
-0.195006 0.442185 -0.027129 -0.161381 -1.660404 -0.055684 0.269789 0.158401 1.000000 
-0.191426 0.452899 -0.028409 -0.158703 -1.660851 -0.055922 0.271086 0.165856 1.000000 
-0.187760 0.463420 -0.029668 -0.155951 -1.661299 -0.056059 0.272445 0.174014 1.000000 
-0.184011 0.473741 -0.030904 -0.153124 -1.661748 -0.056094 0.273872 0.182956 1.000000 
-0.180181 0.483858 -0.032118 -0.150224 -1.662196 -0.056028 0.275374 0.192770 1.000000 
-0.176270 0.493765 -0.033308 -0.147252 -1.662644 -0.055860 0.276959 0.203561 1.000000 
-0.172281 0.503457 -0.034474 -0.144209 -1.663090 -0.055589 0.278634 0.215446 1.000000 
-0.168215 0.512929 -0.035615 -0.141096 -1.663533 -0.055217 0.280409 0.228561 1.000000 
-0.164075 0.522175 -0.036731 -0.137914 -1.663973 -0.054743 0.282295 0.243061 1.000000 
-0.159861 0.531191 -0.037821 -0.134664 -1.664409 -0.054167 0.284302 0.259127 1.000000 
-0.155576 0.539972 -0.038885 -0.131347 -1.664839 -0.053491 0.286446 0.276966 1.000000 
-0.151222 0.548512 -0.039923 -0.127965 -1.665264 -0.052715 0.288739 0.296819 1.000000 
-0.146801 0.556806 -0.040933 -0.124519 -1.665682 -0.051840 0.291201 0.318966 1.000000 
-0.142314 0.564851 -0.041915 -0.121010 -1.666093 -0.050866 0.293850 0.343732 1.000000 
-0.137764 0.572640 -0.042869 -0.117440 -1.666496 -0.049795 0.296709 0.371495 1.000000 
-0.133153 0.580170 -0.043794 -0.113809 -1.666890 -0.048629 0.299803 0.402701 1.000000 
-0.128482 0.587434 -0.044690 -0.110119 -1.667274 -0.047367 0.303162 0.437866 1.000000 
-0.123754 0.594430 -0.045556 -0.106372 -1.667647 -0.046012 0.306821 0.477599 1.000000 
-0.118972 0.601151 -0.046391 -0.102568 -1.668010 -0.044565 0.310818 0.522610 1.000000 
-0.114137 0.607593 -0.047196 -0.098709 -1.668360 -0.043027 0.315199 0.573734 1.000000 
-0.109251 0.613751 -0.047971 -0.094796 -1.668698 -0.041399 0.320017 0.631947 1.000000 
-0.104317 0.619621 -0.048713 -0.090831 -1.669022 -0.039684 0.325332 0.698387 1.000000 
-0.099338 0.625197 -0.049424 -0.086815 -1.669333 -0.037882 0.331216 0.774381 1.000000 
-0.094315 0.630476 -0.050102 -0.082748 -1.669628 -0.035995 0.337752 0.861458 1.000000 
-0.089251 0.635451 -0.050748 -0.078633 -1.669908 -0.034022 0.345034 0.961369 1.000000 
-0.084149 0.640118 -0.051360 -0.074469 -1.670172 -0.031966 0.353173 1.076087 1.000000 
-0.079010 0.644471 -0.051939 -0.070259 -1.670420 -0.029826 0.362296 1.207787 1.000000 
-0.073838 0.648505 -0.052484 -0.066003 -1.670649 -0.027602 0.372549 1.358783 1.000000 
-0.068635 0.652214 -0.052995 -0.061702 -1.670861 -0.025293 0.384095 1.531411 1.000000 
-0.063403 0.655590 -0.053471 -0.057357 -1.671054 -0.022897 0.397115 1.727804 1.000000 
-0.058146 0.658628 -0.053912 -0.052967 -1.671227 -0.020413 0.411807 1.949540 1.000000 
-0.052866 0.661318 -0.054318 -0.048534 -1.671380 -0.017836 0.428377 2.197100 1.000000 
-0.047566 0.663653 -0.054689 -0.044059 -1.671512 -0.015161 0.447026 2.469115 1.000000 
-0.042249 0.665622 -0.055023 -0.039540 -1.671622 -0.012383 0.467937 2.761394 1.000000 
-0.036917 0.667214 -0.055321 -0.034979 -1.671710 -0.009495 0.491241 3.065855 1.000000 
-0.031574 0.668416 -0.055583 -0.030377 -1.671774 -0.006488 0.516989 3.369590 1.000000 
-0.026224 0.669212 -0.055807 -0.025734 -1.671814 -0.003355 0.545105 3.654538 1.000000 
-0.020868 0.669587 -0.055994 -0.021053 -1.671827 -0.000090 0.575352 3.898353 1.000000 
-0.015511 0.669523 -0.056144 -0.016337 -1.671815 0.003312 0.607305 4.076970 1.000000 
-0.010157 0.669001 -0.056256 -0.011591 -1.671774 0.006850 0.640352 4.168866 1.000000 
-0.004809 0.668001 -0.056329 -0.006820 -1.671705 0.010517 0.673737 4.160070 1.000000 
0.000530 0.666504 -0.056365 -0.002033 -1.671606 0.014298 0.706637 4.048174 1.000000 
0.005854 0.664493 -0.056362 0.002761 -1.671476 0.018172 0.738259 3.843510 1.000000 
0.011160 0.661953 -0.056321 0.007551 -1.671315 0.022115 0.767940 3.566810 1.000000 
0.016444 0.658872 -0.056241 0.012328 -1.671122 0.026096 0.795206 3.244271 1.000000 
0.021701 0.655239 -0.056124 0.017082 -1.670897 0.030086 0.819797 2.902087 1.000000 
0.026926 0.651050 -0.055968 0.021803 -1.670640 0.034057 0.841647 2.562296 1.000000 
0.032116 0.646299 -0.055775 0.026485 -1.670352 0.037980 0.860843 2.240767 1.000000 
0.037265 0.640986 -0.055544 0.031121 -1.670033 0.041833 0.877574 1.947105 1.000000 
0.042370 0.635111 -0.055277 0.035705 -1.669683 0.045591 0.892083 1.685721 1.000000 
0.047426 0.628676 -0.054973 0.040232 -1.669304 0.049236 0.904633 1.457303 1.000000 
0.052428 0.621683 -0.054633 0.044699 -1.668896 0.052749 0.915483 1.260206 1.000000 
0.057371 0.614138 -0.054258 0.049100 -1.668460 0.056110 0.924872 1.091544 1.000000 
0.062252 0.606047 -0.053848 0.053434 -1.667998 0.059305 0.933015 0.947932 1.000000 
0.067066 0.597415 -0.053403 0.057696 -1.667512 0.062318 0.940097 0.825955 1.000000 
0.071810 0.588252 -0.052925 0.061883 -1.667002 0.065134 0.946279 0.722419 1.000000 
0.076477 0.578566 -0.052414 0.065992 -1.666470 0.067740 0.951697 0.634472 1.000000 
0.081065 0.568365 -0.051869 0.070020 -1.665919 0.070123 0.956466 0.559638 1.000000 
0.085570 0.557662 -0.051293 0.073963 -1.665349 0.072273 0.960681 0.495807 1.000000 
0.089986 0.546467 -0.050686 0.077820 -1.664763 0.074178 0.964423 0.441203 1.000000 
0.094312 0.534791 -0.050049 0.081586 -1.664163 0.075831 0.967761 0.394341 1.000000 
0.098542 0.522648 -0.049381 0.085259 -1.663550 0.077223 0.970750 0.353986 1.000000 
0.102673 0.510049 -0.048685 0.088836 -1.662928 0.078347 0.973439 0.319112 1.000000 
0.106702 0.497009 -0.047960 0.092315 -1.662297 0.079197 0.975868 0.288868 1.000000 
0.110624 0.483542 -0.047208 0.095692 -1.661661 0.079770 0.978071 0.262546 1.000000 
0.114437 0.469661 -0.046429 0.098966 -1.661022 0.080061 0.980078 0.239559 1.000000 
0.118138 0.455382 -0.045625 0.102134 -1.660381 0.080069 0.981912 0.219416 1.000000 
0.121722 0.440719 -0.044795 0.105194 -1.659742 0.079793 0.983595 0.201708 1.000000 
0.125188 0.425686 -0.043942 0.108143 -1.659105 0.079232 0.985145 0.186093 1.000000 
0.128532 0.410301 -0.043065 0.110979 -1.658475 0.078389 0.986577 0.172283 1.000000 
0.131752 0.394576 -0.042167 0.113702 -1.657852 0.077264 0.987905 0.160034 1.000000 
0.134845 0.378529 -0.041246 0.116308 -1.657239 0.075863 0.989141 0.149142 1.000000 
0.137808 0.362175 -0.040306 0.118796 -1.656639 0.074190 0.990295 0.139432 1.000000 
0.140639 0.345529 -0.039346 0.121165 -1.656053 0.072250 0.991375 0.130757 1.000000 
0.143335 0.328607 -0.038368 0.123414 -1.655483 0.070050 0.992389 0.122990 1.000000 
0.145896 0.311424 -0.037372 0.125540 -1.654933 0.067597 0.993345 0.116024 1.000000 
0.148317 0.293996 -0.036359 0.127543 -1.654402 0.064901 0.994248 0.109766 1.000000 
0.150599 0.276338 -0.035331 0.129422 -1.653895 0.061971 0.995103 0.104135 1.000000 
0.152738 0.258466 -0.034289 0.131175 -1.653412 0.058817 0.995915 0.099064 1.000000 
0.154734 0.240394 -0.033233 0.132802 -1.652954 0.055450 0.996689 0.094493 1.000000 
0.156584 0.222139 -0.032164 0.134302 -1.652525 0.051883 0.997428 0.090370 1.000000 
0.158288 0.203714 -0.031084 0.135674 -1.652125 0.048129 0.998136 0.086651 1.000000 
0.159843 0.185135 -0.029994 0.136917 -1.651755 0.044200 0.998816 0.083298 1.000000 
0.161249 0.166417 -0.028894 0.138031 -1.651418 0.040112 0.999470 0.080276 1.000000 
0.162505 0.147574 -0.027786 0.139016 -1.651114 0.035878 1.000101 0.077556 1.000000 
0.163610 0.128621 -0.026670 0.139871 -1.650844 0.031514 1.000712 0.075113 1.000000 
0.164563 0.109572 -0.025548 0.140595 -1.650610 0.027036 1.001304 0.072924 1.000000 
0.165363 0.090442 -0.024421 0.141188 -1.650412 0.022459 1.001879 0.070971 1.000000 
0.166010 0.071245 -0.023290 0.141651 -1.650251 0.017801 1.002440 0.069238 1.000000 
0.166503 0.051996 -0.022155 0.141982 -1.650127 0.013079 1.002987 0.067709 1.000000 
0.166842 0.032708 -0.021018 0.142182 -1.650042 0.008309 1.003524 0.066373 1.000000 
0.167026 0.013397 -0.019880 0.142250 -1.649994 0.003509 1.004050 0.065220 1.000000 
0.167056 -0.005925 -0.018743 0.142186 -1.649986 -0.001305 1.004568 0.064242 1.000000 
0.166931 -0.025242 -0.017606 0.141991 -1.650015 -0.006113 1.005078 0.063432 1.000000 
0.166652 -0.044541 -0.016471 0.141664 -1.650083 -0.010899 1.005583 0.062784 1.000000 
0.166219 -0.063807 -0.015339 0.141206 -1.650190 -0.015645 1.006083 0.062295 1.000000 
0.165632 -0.083026 -0.014212 0.140616 -1.650334 -0.020334 1.006580 0.061964 1.000000 
0.164891 -0.102184 -0.013090 0.139895 -1.650515 -0.024949 1.007075 0.061789 1.000000 
0.163997 -0.121265 -0.011974 0.139043 -1.650732 -0.029472 1.007569 0.061772 1.000000 
0.162951 -0.140256 -0.010866 0.138061 -1.650986 -0.033887 1.008064 0.061915 1.000000 
0.161753 -0.159141 -0.009766 0.136948 -1.651274 -0.038177 1.008560 0.062221 1.000000 
0.160405 -0.177906 -0.008675 0.135704 -1.651596 -0.042326 1.009060 0.062697 1.000000 
0.158907 -0.196536 -0.007595 0.134332 -1.651951 -0.046320 1.009564 0.063351 1.000000 
0.157261 -0.215016 -0.006526 0.132830 -1.652337 -0.050142 1.010074 0.064192 1.000000 
0.155467 -0.233329 -0.005470 0.131199 -1.652753 -0.053778 1.010591 0.065232 1.000000 
0.153528 -0.251461 -0.004427 0.129441 -1.653197 -0.057215 1.011118 0.066488 1.000000 
0.151444 -0.269396 -0.003399 0.127556 -1.653668 -0.060439 1.011656 0.067976 1.000000 
0.149218 -0.287118 -0.002386 0.125545 -1.654163 -0.063437 1.012206 0.069718 1.000000 
0.146851 -0.304610 -0.001391 0.123409 -1.654682 -0.066199 1.012772 0.071741 1.000000 
0.144345 -0.321857 -0.000412 0.121148 -1.655222 -0.068712 1.013355 0.074076 1.000000 
0.141702 -0.338843 0.000548 0.118765 -1.655781 -0.070967 1.013958 0.076760 1.000000 
0.138924 -0.355550 0.001488 0.116260 -1.656357 -0.072955 1.014584 0.079837 1.000000 
0.136014 -0.371962 0.002407 0.113634 -1.656947 -0.074667 1.015237 0.083362 1.000000 
0.132974 -0.388062 0.003306 0.110890 -1.657551 -0.076096 1.015919 0.087398 1.000000 
0.129806 -0.403833 0.004181 0.108029 -1.658164 -0.077235 1.016637 0.092024 1.000000 
0.126513 -0.419258 0.005034 0.105052 -1.658786 -0.078080 1.017394 0.097333 1.000000 
0.123099 -0.434319 0.005862 0.101961 -1.659413 -0.078626 1.018196 0.103442 1.000000 
0.119565 -0.449001 0.006665 0.098759 -1.660043 -0.078870 1.019051 0.110491 1.000000 
0.115916 -0.463285 0.007442 0.095448 -1.660674 -0.078808 1.019967 0.118658 1.000000 
0.112154 -0.477155 0.008192 0.092029 -1.661303 -0.078441 1.020953 0.128159 1.000000 
0.108282 -0.490593 0.008914 0.088506 -1.661928 -0.077768 1.022022 0.139269 1.000000 
0.104305 -0.503582 0.009607 0.084880 -1.662546 -0.076790 1.023187 0.152337 1.000000 
0.100226 -0.516106 0.010272 0.081154 -1.663156 -0.075509 1.024466 0.167807 1.000000 
0.096049 -0.528147 0.010906 0.077332 -1.663754 -0.073927 1.025880 0.186253 1.000000 
0.091777 -0.539689 0.011509 0.073415 -1.664338 -0.072048 1.027456 0.208427 1.000000 
0.087415 -0.550715 0.012080 0.069406 -1.664906 -0.069877 1.029227 0.235323 1.000000 
0.082967 -0.561208 0.012619 0.065309 -1.665455 -0.067420 1.031237 0.268271 1.000000 
0.078437 -0.571154 0.013125 0.061125 -1.665984 -0.064680 1.033540 0.309080 1.000000 
0.073830 -0.580534 0.013597 0.056858 -1.666489 -0.061666 1.036210 0.360248 1.000000 
0.069150 -0.589334 0.014034 0.052509 -1.666970 -0.058382 1.039341 0.425275 1.000000 
0.064403 -0.597537 0.014437 0.048081 -1.667423 -0.054835 1.043064 0.509160 1.000000 
0.059591 -0.605126 0.014803 0.043574 -1.667846 -0.051027 1.047557 0.619178 1.000000 
0.054722 -0.612085 0.015134 0.038989 -1.668238 -0.046963 1.053069 0.766127 1.000000 
0.049800 -0.618396 0.015427 0.034324 -1.668597 -0.042638 1.059956 0.966360 1.000000 
0.044830 -0.624037 0.015683 0.029576 -1.668920 -0.038042 1.068739 1.245133 1.000000 
0.039817 -0.628987 0.015900 0.024737 -1.669205 -0.033151 1.080192 1.642082 1.000000 
0.034768 -0.633216 0.016078 0.019792 -1.669449 -0.027916 1.095491 2.219838 1.000000 
0.029688 -0.636683 0.016216 0.014716 -1.669650 -0.022235 1.116447 3.075844 1.000000 
0.024583 -0.639326 0.016313 0.009463 -1.669803 -0.015906 1.145820 4.350876 1.000000 
0.019461 -0.641035 0.016367 0.003948 -1.669902 -0.008497 1.187603 6.200199 1.000000 
0.014330 -0.641590 0.016375 -0.001996 -1.669934 0.000954 1.246578 8.610727 1.000000 
0.009200 -0.640475 0.016333 -0.008694 -1.669876 0.014621 1.325090 10.866783 1.000000 
0.004090 -0.636371 0.016233 -0.016703 -1.669677 0.036872 1.415109 11.137738 1.000000 
-0.000966 -0.626231 0.016061 -0.026438 -1.669248 0.072956 1.494977 8.437058 1.000000 
-0.005902 -0.605820 0.015808 -0.036650 -1.668477 0.121183 1.547967 4.912701 1.000000 
-0.010628 -0.573780 0.015481 -0.044367 -1.667308 0.170073 1.576910 2.554086 1.000000 
-0.015059 -0.532656 0.015109 -0.047927 -1.665780 0.210044 1.591895 1.335009 1.000000 
-0.019134 -0.485559 0.014725 -0.047707 -1.663979 0.238237 1.599895 0.734188 1.000000 
-0.022818 -0.434844 0.014353 -0.044745 -1.661999 0.254702 1.604410 0.427021 1.000000 
-0.026087 -0.382384 0.014014 -0.040010 -1.659933 0.260018 1.607096 0.260532 1.000000 
-0.028936 -0.329760 0.013716 -0.034254 -1.657867 0.254894 1.608764 0.164921 1.000000 
-0.031367 -0.278253 0.013467 -0.028022 -1.655880 0.240212 1.609834 0.107111 1.000000 
-0.033393 -0.228778 0.013268 -0.021690 -1.654046 0.217054 1.610534 0.070524 1.000000 
-0.035034 -0.181856 0.013119 -0.015493 -1.652427 0.186658 1.610995 0.046353 1.000000 
-0.036310 -0.137614 0.013019 -0.009554 -1.651075 0.150356 1.611295 0.029644 1.000000 
-0.037242 -0.095824 0.012966 -0.003908 -1.650033 0.109514 1.611481 0.017451 1.000000 
-0.037848 -0.055971 0.012956 0.001469 -1.649332 0.065489 1.611582 0.007896 1.000000 
-0.038141 -0.017329 0.012989 0.006648 -1.648990 0.019615 1.611611 -0.000325 1.000000 
-0.038127 0.020954 0.013062 0.011715 -1.649019 -0.026798 1.611577 -0.008241 1.000000 
-0.037804 0.059767 0.013176 0.016762 -1.649417 -0.072447 1.611478 -0.016806 1.000000 
-0.037167 0.099947 0.013330 0.021863 -1.650173 -0.116022 1.611304 -0.027086 1.000000 
-0.036200 0.142186 0.013526 0.027055 -1.651264 -0.156193 1.611036 -0.040467 1.000000 
-0.034885 0.186957 0.013764 0.032325 -1.652659 -0.191609 1.610643 -0.058965 1.000000 
-0.033201 0.234428 0.014043 0.037588 -1.654314 -0.220922 1.610071 -0.085756 1.000000 
-0.031127 0.284410 0.014365 0.042669 -1.656174 -0.242829 1.609235 -0.126142 1.000000 
-0.028645 0.336321 0.014725 0.047287 -1.658176 -0.256137 1.607992 -0.189454 1.000000 
-0.025744 0.389185 0.015119 0.051033 -1.660247 -0.259825 1.606098 -0.292939 1.000000 
-0.022419 0.441668 0.015538 0.053352 -1.662306 -0.253093 1.603111 -0.470076 1.000000 
-0.018682 0.492133 0.015967 0.053525 -1.664267 -0.235359 1.598206 -0.788467 1.000000 
-0.014556 0.538636 0.016386 0.050704 -1.666041 -0.206309 1.589763 -1.385829 1.000000 
-0.010081 0.578779 0.016768 0.044132 -1.667539 -0.166481 1.574615 -2.518707 1.000000 
-0.005320 0.609697 0.017082 0.033891 -1.668685 -0.119400 1.547173 -4.496043 1.000000 
-0.000356 0.629509 0.017305 0.021842 -1.669453 -0.073818 1.500897 -7.086870 1.000000 
0.004726 0.639734 0.017434 0.010579 -1.669895 -0.038864 1.436117 -8.808334 1.000000 
0.009864 0.644042 0.017479 0.001098 -1.670107 -0.015882 1.365689 -8.469045 1.000000 
0.015023 0.645159 0.017455 -0.006985 -1.670170 -0.000822 1.304147 -6.812353 1.000000 
0.020182 0.644374 0.017370 -0.014211 -1.670132 0.010009 1.256964 -5.024482 1.000000 
0.025329 0.642235 0.017229 -0.020920 -1.670016 0.018638 1.222724 -3.608343 1.000000 
0.030455 0.638991 0.017036 -0.027296 -1.669837 0.026033 1.198130 -2.601404 1.000000 
0.035550 0.634771 0.016793 -0.033438 -1.669602 0.032652 1.180267 -1.907892 1.000000 
0.040609 0.629651 0.016502 -0.039397 -1.669316 0.038720 1.167031 -1.430174 1.000000 
0.045622 0.623680 0.016163 -0.045205 -1.668983 0.044348 1.157002 -1.096594 1.000000 
0.050585 0.616897 0.015779 -0.050879 -1.668607 0.049594 1.149230 -0.859258 1.000000 
0.055491 0.609331 0.015349 -0.056426 -1.668191 0.054483 1.143081 -0.686975 1.000000 
0.060333 0.601011 0.014876 -0.061851 -1.667736 0.059027 1.138120 -0.559429 1.000000 
0.065105 0.591961 0.014360 -0.067156 -1.667247 0.063229 1.134047 -0.463238 1.000000 
0.069802 0.582203 0.013802 -0.072340 -1.666726 0.067085 1.130649 -0.389440 1.000000 
0.074418 0.571761 0.013203 -0.077400 -1.666175 0.070590 1.127773 -0.331932 1.000000 
0.078949 0.560657 0.012564 -0.082335 -1.665597 0.073738 1.125306 -0.286477 1.000000 
0.083387 0.548914 0.011886 -0.087142 -1.664996 0.076522 1.123165 -0.250083 1.000000 
0.087729 0.536553 0.011170 -0.091817 -1.664374 0.078936 1.121286 -0.220604 1.000000 
0.091970 0.523598 0.010417 -0.096357 -1.663734 0.080973 1.119621 -0.196474 1.000000 
0.096106 0.510070 0.009629 -0.100760 -1.663079 0.082629 1.118132 -0.176536 1.000000 
0.100130 0.495993 0.008805 -0.105020 -1.662413 0.083900 1.116788 -0.159921 1.000000 
0.104040 0.481388 0.007949 -0.109136 -1.661738 0.084783 1.115566 -0.145971 1.000000 
0.107831 0.466280 0.007060 -0.113105 -1.661057 0.085279 1.114446 -0.134179 1.000000 
0.111499 0.450690 0.006139 -0.116923 -1.660374 0.085387 1.113414 -0.124154 1.000000 
0.115041 0.434641 0.005189 -0.120588 -1.659692 0.085109 1.112456 -0.115586 1.000000 
0.118452 0.418156 0.004210 -0.124098 -1.659014 0.084448 1.111561 -0.108233 1.000000 
0.121730 0.401256 0.003204 -0.127450 -1.658342 0.083411 1.110722 -0.101901 1.000000 
0.124871 0.383965 0.002172 -0.130643 -1.657680 0.082002 1.109929 -0.096433 1.000000 
0.127873 0.366305 0.001114 -0.133673 -1.657031 0.080230 1.109177 -0.091703 1.000000 
0.130731 0.348296 0.000033 -0.136541 -1.656397 0.078104 1.108460 -0.087609 1.000000 
0.133445 0.329962 -0.001070 -0.139243 -1.655782 0.075635 1.107773 -0.084065 1.000000 
0.136010 0.311322 -0.002194 -0.141780 -1.655188 0.072835 1.107114 -0.081005 1.000000 
0.138425 0.292398 -0.003338 -0.144149 -1.654618 0.069718 1.106476 -0.078370 1.000000 
0.140688 0.273211 -0.004500 -0.146350 -1.654073 0.066297 1.105859 -0.076113 1.000000 
0.142796 0.253780 -0.005679 -0.148382 -1.653558 0.062589 1.105258 -0.074195 1.000000 
0.144747 0.234127 -0.006874 -0.150244 -1.653073 0.058611 1.104671 -0.072585 1.000000 
0.146541 0.214269 -0.008083 -0.151936 -1.652621 0.054381 1.104095 -0.071256 1.000000 
0.148175 0.194227 -0.009304 -0.153457 -1.652203 0.049916 1.103530 -0.070186 1.000000 
0.149648 0.174020 -0.010537 -0.154807 -1.651823 0.045238 1.102972 -0.069358 1.000000 
0.150959 0.153666 -0.011781 -0.155985 -1.651480 0.040367 1.102420 -0.068757 1.000000 
0.152107 0.133183 -0.013033 -0.156992 -1.651177 0.035323 1.101871 -0.068373 1.000000 
0.153090 0.112589 -0.014292 -0.157827 -1.650915 0.030129 1.101325 -0.068198 1.000000 
0.153908 0.091903 -0.015558 -0.158490 -1.650695 0.024806 1.100779 -0.068226 1.000000 
0.154560 0.071142 -0.016828 -0.158981 -1.650519 0.019379 1.100233 -0.068454 1.000000 
0.155046 0.050323 -0.018101 -0.159300 -1.650386 0.013870 1.099684 -0.068882 1.000000 
0.155365 0.029463 -0.019376 -0.159448 -1.650297 0.008301 1.099130 -0.069510 1.000000 
0.155517 0.008581 -0.020651 -0.159425 -1.650253 0.002698 1.098571 -0.070342 1.000000 
0.155502 -0.012309 -0.021926 -0.159230 -1.650254 -0.002916 1.098004 -0.071384 1.000000 
0.155320 -0.033187 -0.023199 -0.158865 -1.650299 -0.008518 1.097428 -0.072643 1.000000 
0.154971 -0.054037 -0.024468 -0.158329 -1.650390 -0.014085 1.096841 -0.074130 1.000000 
0.154456 -0.074843 -0.025732 -0.157623 -1.650525 -0.019592 1.096241 -0.075858 1.000000 
0.153774 -0.095587 -0.026989 -0.156748 -1.650703 -0.025017 1.095627 -0.077842 1.000000 
0.152927 -0.116252 -0.028239 -0.155703 -1.650925 -0.030338 1.094995 -0.080100 1.000000 
0.151914 -0.136821 -0.029480 -0.154490 -1.651188 -0.035531 1.094344 -0.082654 1.000000 
0.150738 -0.157276 -0.030710 -0.153109 -1.651493 -0.040576 1.093672 -0.085529 1.000000 
0.149398 -0.177600 -0.031929 -0.151561 -1.651837 -0.045450 1.092975 -0.088756 1.000000 
0.147897 -0.197775 -0.033135 -0.149847 -1.652219 -0.050135 1.092251 -0.092369 1.000000 
0.146234 -0.217782 -0.034326 -0.147967 -1.652639 -0.054611 1.091496 -0.096407 1.000000 
0.144413 -0.237605 -0.035502 -0.145923 -1.653093 -0.058858 1.090707 -0.100918 1.000000 
0.142433 -0.257224 -0.036661 -0.143715 -1.653580 -0.062861 1.089880 -0.105956 1.000000 
0.140298 -0.276621 -0.037801 -0.141346 -1.654098 -0.066600 1.089010 -0.111583 1.000000 
0.138008 -0.295777 -0.038922 -0.138816 -1.654645 -0.070063 1.088093 -0.117872 1.000000 
0.135566 -0.314672 -0.040022 -0.136127 -1.655218 -0.073234 1.087122 -0.124909 1.000000 
0.132974 -0.333289 -0.041099 -0.133280 -1.655815 -0.076100 1.086092 -0.132793 1.000000 
0.130234 -0.351606 -0.042154 -0.130278 -1.656435 -0.078650 1.084995 -0.141640 1.000000 
0.127349 -0.369606 -0.043183 -0.127122 -1.657073 -0.080874 1.083823 -0.151587 1.000000 
0.124321 -0.387267 -0.044187 -0.123815 -1.657728 -0.082762 1.082566 -0.162793 1.000000 
0.121154 -0.404571 -0.045164 -0.120359 -1.658396 -0.084308 1.081214 -0.175450 1.000000 
0.117849 -0.421498 -0.046113 -0.116756 -1.659076 -0.085506 1.079755 -0.189781 1.000000 
0.114411 -0.438027 -0.047032 -0.113009 -1.659763 -0.086352 1.078173 -0.206051 1.000000 
0.110842 -0.454140 -0.047920 -0.109122 -1.660456 -0.086842 1.076452 -0.224578 1.000000 
0.107146 -0.469817 -0.048777 -0.105097 -1.661152 -0.086977 1.074572 -0.245739 1.000000 
0.103326 -0.485039 -0.049602 -0.100937 -1.661847 -0.086756 1.072512 -0.269984 1.000000 
0.099386 -0.499786 -0.050392 -0.096647 -1.662539 -0.086183 1.070243 -0.297855 1.000000 
0.095331 -0.514041 -0.051148 -0.092229 -1.663225 -0.085262 1.067735 -0.330000 1.000000 
0.091163 -0.527785 -0.051867 -0.087689 -1.663902 -0.083998 1.064950 -0.367196 1.000000 
0.086888 -0.541001 -0.052550 -0.083029 -1.664568 -0.082398 1.061844 -0.410378 1.000000 
0.082509 -0.553671 -0.053195 -0.078254 -1.665220 -0.080473 1.058365 -0.460663 1.000000 
0.078030 -0.565780 -0.053802 -0.073369 -1.665855 -0.078233 1.054450 -0.519384 1.000000 
0.073458 -0.577312 -0.054369 -0.068378 -1.666471 -0.075690 1.050028 -0.588122 1.000000 
0.068795 -0.588254 -0.054896 -0.063286 -1.667065 -0.072859 1.045009 -0.668730 1.000000 
0.064047 -0.598591 -0.055381 -0.058098 -1.667636 -0.069755 1.039291 -0.763348 1.000000 
0.059219 -0.608311 -0.055825 -0.052818 -1.668181 -0.066395 1.032752 -0.874382 1.000000 
0.054316 -0.617403 -0.056226 -0.047453 -1.668698 -0.062798 1.025250 -1.004437 1.000000 
0.049342 -0.625858 -0.056584 -0.042006 -1.669185 -0.058984 1.016623 -1.156160 1.000000 
0.044304 -0.633668 -0.056898 -0.036485 -1.669641 -0.054975 1.006687 -1.331943 1.000000 
0.039205 -0.640825 -0.057168 -0.030895 -1.670064 -0.050794 0.995243 -1.533438 1.000000 
0.034052 -0.647325 -0.057392 -0.025243 -1.670453 -0.046466 0.982083 -1.760832 1.000000 
0.028850 -0.653165 -0.057571 -0.019536 -1.670807 -0.042019 0.967006 -2.011878 1.000000 
0.023604 -0.658344 -0.057705 -0.013783 -1.671125 -0.037482 0.949845 -2.280792 1.000000 
0.018318 -0.662864 -0.057792 -0.007994 -1.671407 -0.032887 0.930493 -2.557280 1.000000 
0.012999 -0.666731 -0.057833 -0.002180 -1.671651 -0.028269 0.908948 -2.826183 1.000000 
0.007652 -0.669952 -0.057827 0.003648 -1.671859 -0.023663 0.885345 -3.068320 1.000000 
0.002282 -0.672540 -0.057774 0.009476 -1.672030 -0.019106 0.859982 -3.262903 1.000000 
-0.003107 -0.674510 -0.057675 0.015293 -1.672165 -0.014631 0.833316 -3.391307 1.000000 
-0.008509 -0.675880 -0.057530 0.021085 -1.672264 -0.010269 0.805931 -3.441155 1.000000 
-0.013919 -0.676672 -0.057338 0.026843 -1.672330 -0.006040 0.778476 -3.409190 1.000000 
-0.019334 -0.676908 -0.057100 0.032557 -1.672361 -0.001959 0.751586 -3.301764 1.000000 
-0.024748 -0.676609 -0.056817 0.038220 -1.672361 0.001967 0.725813 -3.132829 1.000000 
-0.030158 -0.675799 -0.056489 0.043828 -1.672330 0.005737 0.701577 -2.920411 1.000000 
-0.035560 -0.674497 -0.056116 0.049377 -1.672270 0.009355 0.679153 -2.682963 1.000000 
-0.040949 -0.672722 -0.055699 0.054865 -1.672181 0.012828 0.658673 -2.436668 1.000000 
-0.046322 -0.670489 -0.055238 0.060291 -1.672065 0.016163 0.640156 -2.194045 1.000000 
-0.051676 -0.667815 -0.054735 0.065653 -1.671923 0.019366 0.623535 -1.963694 1.000000 
-0.057006 -0.664712 -0.054188 0.070951 -1.671756 0.022445 0.608690 -1.750759 1.000000 
-0.062310 -0.661191 -0.053599 0.076184 -1.671564 0.025404 0.595470 -1.557689 1.000000 
-0.067584 -0.657263 -0.052969 0.081351 -1.671349 0.028246 0.583712 -1.385033 1.000000 
-0.072825 -0.652938 -0.052298 0.086452 -1.671112 0.030976 0.573257 -1.232118 1.000000 
-0.078030 -0.648224 -0.051586 0.091484 -1.670854 0.033594 0.563949 -1.097569 1.000000 
-0.083196 -0.643130 -0.050834 0.096448 -1.670575 0.036101 0.555651 -0.979670 1.000000 
-0.088319 -0.637662 -0.050043 0.101342 -1.670277 0.038497 0.548235 -0.876603 1.000000 
-0.093397 -0.631829 -0.049213 0.106164 -1.669960 0.040782 0.541591 -0.786590 1.000000 
-0.098427 -0.625638 -0.048345 0.110912 -1.669624 0.042954 0.535619 -0.707973 1.000000 
-0.103407 -0.619094 -0.047439 0.115587 -1.669273 0.045013 0.530237 -0.639253 1.000000 
-0.108332 -0.612205 -0.046496 0.120184 -1.668905 0.046956 0.525369 -0.579102 1.000000 
-0.113201 -0.604978 -0.045516 0.124704 -1.668522 0.048782 0.520951 -0.526357 1.000000 
-0.118011 -0.597419 -0.044501 0.129145 -1.668124 0.050489 0.516930 -0.480009 1.000000 
-0.122759 -0.589535 -0.043450 0.133504 -1.667714 0.052075 0.513256 -0.439189 1.000000 
-0.127442 -0.581332 -0.042365 0.137780 -1.667292 0.053540 0.509890 -0.403152 1.000000 
-0.132059 -0.572816 -0.041246 0.141971 -1.666858 0.054880 0.506795 -0.371259 1.000000 
-0.136607 -0.563995 -0.040093 0.146076 -1.666414 0.056095 0.503940 -0.342962 1.000000 
-0.141082 -0.554874 -0.038909 0.150092 -1.665961 0.057183 0.501299 -0.317793 1.000000 
-0.145484 -0.545461 -0.037692 0.154020 -1.665499 0.058143 0.498848 -0.295352 1.000000 
-0.149809 -0.535763 -0.036445 0.157855 -1.665031 0.058974 0.496567 -0.275294 1.000000 
-0.154055 -0.525785 -0.035167 0.161598 -1.664556 0.059674 0.494438 -0.257324 1.000000 
-0.158221 -0.515534 -0.033859 0.165247 -1.664076 0.060244 0.492445 -0.241189 1.000000 
-0.162303 -0.505019 -0.032523 0.168800 -1.663592 0.060682 0.490575 -0.226670 1.000000 
-0.166300 -0.494244 -0.031159 0.172256 -1.663106 0.060989 0.488815 -0.213579 1.000000 
-0.170210 -0.483218 -0.029767 0.175613 -1.662617 0.061165 0.487154 -0.201751 1.000000 
-0.174031 -0.471947 -0.028349 0.178870 -1.662127 0.061208 0.485584 -0.191045 1.000000 
-0.177761 -0.460439 -0.026906 0.182026 -1.661638 0.061121 0.484095 -0.181339 1.000000 
-0.181398 -0.448699 -0.025437 0.185080 -1.661150 0.060904 0.482680 -0.172525 1.000000 
-0.184940 -0.436736 -0.023945 0.188030 -1.660664 0.060557 0.481332 -0.164509 1.000000 
-0.188385 -0.424557 -0.022429 0.190875 -1.660181 0.060082 0.480046 -0.157209 1.000000 
-0.191732 -0.412168 -0.020891 0.193615 -1.659703 0.059479 0.478815 -0.150555 1.000000 
-0.194979 -0.399576 -0.019331 0.196249 -1.659230 0.058752 0.477635 -0.144482 1.000000 
-0.198125 -0.386789 -0.017751 0.198774 -1.658763 0.057901 0.476502 -0.138935 1.000000 
-0.201167 -0.373815 -0.016151 0.201192 -1.658304 0.056929 0.475411 -0.133866 1.000000 
-0.204105 -0.360659 -0.014532 0.203500 -1.657853 0.055837 0.474359 -0.129231 1.000000 
-0.206937 -0.347330 -0.012896 0.205697 -1.657411 0.054629 0.473342 -0.124992 1.000000 
-0.209662 -0.333835 -0.011242 0.207785 -1.656979 0.053308 0.472358 -0.121116 1.000000 
-0.212278 -0.320180 -0.009571 0.209760 -1.656558 0.051875 0.471404 -0.117571 1.000000 
-0.214784 -0.306373 -0.007886 0.211624 -1.656149 0.050335 0.470476 -0.114332 1.000000 
-0.217180 -0.292421 -0.006186 0.213375 -1.655753 0.048691 0.469574 -0.111375 1.000000 
-0.219463 -0.278332 -0.004472 0.215013 -1.655370 0.046946 0.468693 -0.108678 1.000000 
-0.221633 -0.264112 -0.002746 0.216537 -1.655002 0.045104 0.467834 -0.106223 1.000000 
-0.223688 -0.249769 -0.001008 0.217947 -1.654649 0.043168 0.466993 -0.103994 1.000000 
-0.225629 -0.235309 0.000741 0.219243 -1.654312 0.041145 0.466170 -0.101975 1.000000 
-0.227453 -0.220741 0.002500 0.220425 -1.653991 0.039036 0.465361 -0.100154 1.000000 
-0.229160 -0.206071 0.004268 0.221491 -1.653687 0.036847 0.464567 -0.098518 1.000000 
-0.230750 -0.191305 0.006043 0.222442 -1.653402 0.034583 0.463784 -0.097058 1.000000 
-0.232221 -0.176453 0.007826 0.223277 -1.653134 0.032248 0.463013 -0.095763 1.000000 
-0.233573 -0.161519 0.009616 0.223997 -1.652886 0.029847 0.462252 -0.094627 1.000000 
-0.234805 -0.146513 0.011410 0.224602 -1.652657 0.027385 0.461499 -0.093642 1.000000 
-0.235917 -0.131439 0.013209 0.225090 -1.652448 0.024867 0.460753 -0.092802 1.000000 
-0.236908 -0.116307 0.015011 0.225463 -1.652259 0.022299 0.460014 -0.092102 1.000000 
-0.237778 -0.101122 0.016816 0.225720 -1.652091 0.019684 0.459279 -0.091537 1.000000 
-0.238526 -0.085892 0.018622 0.225862 -1.651944 0.017030 0.458549 -0.091104 1.000000 
-0.239152 -0.070623 0.020429 0.225888 -1.651819 0.014341 0.457821 -0.090800 1.000000 
-0.239656 -0.055323 0.022236 0.225798 -1.651715 0.011623 0.457096 -0.090622 1.000000 
-0.240037 -0.039999 0.024042 0.225593 -1.651633 0.008881 0.456371 -0.090569 1.000000 
-0.240296 -0.024657 0.025845 0.225273 -1.651573 0.006121 0.455646 -0.090639 1.000000 
-0.240431 -0.009304 0.027646 0.224839 -1.651535 0.003349 0.454920 -0.090833 1.000000 
-0.240444 0.006052 0.029443 0.224289 -1.651519 0.000569 0.454192 -0.091151 1.000000 
-0.240335 0.021404 0.031234 0.223626 -1.651526 -0.002212 0.453462 -0.091592 1.000000 
-0.240102 0.036746 0.033020 0.222849 -1.651555 -0.004988 0.452727 -0.092159 1.000000 
-0.239747 0.052071 0.034800 0.221958 -1.651606 -0.007755 0.451987 -0.092854 1.000000 
-0.239269 0.067372 0.036571 0.220954 -1.651679 -0.010506 0.451241 -0.093678 1.000000 
-0.238669 0.082643 0.038335 0.219838 -1.651774 -0.013236 0.450487 -0.094636 1.000000 
-0.237947 0.097875 0.040088 0.218610 -1.651890 -0.015940 0.449726 -0.095731 1.000000 
-0.237103 0.113062 0.041832 0.217270 -1.652029 -0.018611 0.448955 -0.096968 1.000000 
-0.236138 0.128198 0.043564 0.215820 -1.652188 -0.021246 0.448174 -0.098351 1.000000 
-0.235052 0.143276 0.045285 0.214259 -1.652368 -0.023838 0.447381 -0.099888 1.000000 
-0.233846 0.158288 0.046992 0.212589 -1.652569 -0.026382 0.446576 -0.101584 1.000000 
-0.232520 0.173228 0.048686 0.210810 -1.652790 -0.028874 0.445756 -0.103447 1.000000 
-0.231074 0.188089 0.050365 0.208923 -1.653031 -0.031308 0.444920 -0.105487 1.000000 
-0.229510 0.202864 0.052028 0.206928 -1.653291 -0.033680 0.444067 -0.107712 1.000000 
-0.227829 0.217547 0.053676 0.204827 -1.653570 -0.035984 0.443196 -0.110133 1.000000 
-0.226030 0.232130 0.055305 0.202620 -1.653867 -0.038217 0.442305 -0.112763 1.000000 
-0.224115 0.246607 0.056917 0.200309 -1.654181 -0.040373 0.441391 -0.115614 1.000000 
-0.222084 0.260970 0.058510 0.197894 -1.654512 -0.042449 0.440454 -0.118702 1.000000 
-0.219940 0.275214 0.060083 0.195377 -1.654860 -0.044440 0.439491 -0.122041 1.000000 
-0.217681 0.289331 0.061636 0.192758 -1.655223 -0.046343 0.438501 -0.125652 1.000000 
-0.215311 0.303315 0.063167 0.190038 -1.655601 -0.048154 0.437480 -0.129552 1.000000 
-0.212829 0.317158 0.064676 0.187219 -1.655993 -0.049869 0.436427 -0.133764 1.000000 
-0.210237 0.330855 0.066162 0.184302 -1.656399 -0.051485 0.435339 -0.138312 1.000000 
-0.207535 0.344398 0.067625 0.181287 -1.656817 -0.052999 0.434213 -0.143224 1.000000 
-0.204727 0.357781 0.069063 0.178178 -1.657247 -0.054408 0.433046 -0.148528 1.000000 
-0.201811 0.370997 0.070475 0.174974 -1.657687 -0.055708 0.431836 -0.154258 1.000000 
-0.198791 0.384040 0.071862 0.171677 -1.658138 -0.056899 0.430577 -0.160450 1.000000 
-0.195667 0.396902 0.073222 0.168289 -1.658597 -0.057977 0.429267 -0.167144 1.000000 
-0.192441 0.409578 0.074554 0.164811 -1.659065 -0.058940 0.427901 -0.174385 1.000000 
-0.189114 0.422062 0.075859 0.161244 -1.659540 -0.059787 0.426475 -0.182223 1.000000 
-0.185689 0.434346 0.077134 0.157591 -1.660021 -0.060517 0.424984 -0.190712 1.000000 
-0.182165 0.446424 0.078380 0.153853 -1.660508 -0.061127 0.423422 -0.199914 1.000000 
-0.178546 0.458290 0.079595 0.150031 -1.660999 -0.061617 0.421783 -0.209896 1.000000 
-0.174833 0.469939 0.080780 0.146128 -1.661493 -0.061986 0.420061 -0.220735 1.000000 
-0.171028 0.481363 0.081933 0.142145 -1.661990 -0.062234 0.418249 -0.232513 1.000000 
-0.167132 0.492557 0.083054 0.138084 -1.662489 -0.062361 0.416338 -0.245325 1.000000 
-0.163148 0.503515 0.084142 0.133947 -1.662988 -0.062365 0.414321 -0.259274 1.000000 
-0.159077 0.514231 0.085197 0.129737 -1.663486 -0.062249 0.412187 -0.274475 1.000000 
-0.154921 0.524699 0.086218 0.125454 -1.663984 -0.062011 0.409926 -0.291056 1.000000 
-0.150682 0.534914 0.087204 0.121101 -1.664478 -0.061654 0.407526 -0.309161 1.000000 
-0.146363 0.544871 0.088155 0.116680 -1.664970 -0.061178 0.404974 -0.328946 1.000000 
-0.141965 0.554564 0.089071 0.112194 -1.665457 -0.060585 0.402258 -0.350586 1.000000 
-0.137491 0.563988 0.089950 0.107644 -1.665939 -0.059876 0.399360 -0.374275 1.000000 
-0.132942 0.573137 0.090793 0.103033 -1.666415 -0.059053 0.396263 -0.400223 1.000000 
-0.128321 0.582008 0.091599 0.098363 -1.666883 -0.058118 0.392949 -0.428665 1.000000 
-0.123630 0.590595 0.092367 0.093636 -1.667344 -0.057073 0.389397 -0.459854 1.000000 
-0.118872 0.598894 0.093097 0.088856 -1.667796 -0.055922 0.385584 -0.494065 1.000000 
-0.114049 0.606901 0.093788 0.084023 -1.668239 -0.054667 0.381483 -0.531594 1.000000 
-0.109163 0.614612 0.094441 0.079141 -1.668671 -0.053312 0.377068 -0.572757 1.000000 
-0.104216 0.622022 0.095054 0.074213 -1.669091 -0.051859 0.372309 -0.617881 1.000000 
-0.099211 0.629128 0.095628 0.069240 -1.669500 -0.050313 0.367171 -0.667307 1.000000 
-0.094151 0.635927 0.096162 0.064225 -1.669896 -0.048677 0.361619 -0.721373 1.000000 
-0.089037 0.642416 0.096656 0.059171 -1.670279 -0.046956 0.355616 -0.780405 1.000000 
-0.083873 0.648591 0.097109 0.054081 -1.670647 -0.045153 0.349119 -0.844702 1.000000 
-0.078661 0.654450 0.097521 0.048957 -1.671001 -0.043274 0.342086 -0.914508 1.000000 
-0.073403 0.659991 0.097892 0.043802 -1.671339 -0.041323 0.334472 -0.989985 1.000000 
-0.068102 0.665212 0.098222 0.038618 -1.671662 -0.039305 0.326231 -1.071179 1.000000 
0.000000 0.000000 0.000000 0.000000 0.000000 0.000000 0.000000 0.000000 0.000000 
