-0.190568 1.202445 0.384304 -0.514775 -1.633214 -0.743386 1.036016 -0.055082 1.000000 
-0.180849 1.227165 0.380005 -0.560093 -1.639185 -0.749003 1.035559 -0.059125 1.000000 
-0.170935 1.251192 0.375341 -0.605820 -1.645192 -0.752329 1.035068 -0.063673 1.000000 
-0.160832 1.274453 0.370310 -0.651889 -1.651216 -0.753327 1.034539 -0.068802 1.000000 
-0.150546 1.296874 0.364910 -0.698228 -1.657239 -0.751967 1.033966 -0.074603 1.000000 
-0.140085 1.318377 0.359138 -0.744757 -1.663242 -0.748228 1.033343 -0.081182 1.000000 
-0.129455 1.338885 0.352994 -0.791392 -1.669204 -0.742094 1.032664 -0.088665 1.000000 
-0.118665 1.358318 0.346476 -0.838044 -1.675109 -0.733562 1.031922 -0.097202 1.000000 
-0.107725 1.376597 0.339585 -0.884618 -1.680935 -0.722637 1.031106 -0.106972 1.000000 
-0.096643 1.393645 0.332323 -0.931013 -1.686665 -0.709333 1.030206 -0.118187 1.000000 
-0.085430 1.409384 0.324690 -0.977126 -1.692278 -0.693675 1.029210 -0.131101 1.000000 
-0.074097 1.423738 0.316690 -1.022849 -1.697757 -0.675701 1.028103 -0.146015 1.000000 
-0.062654 1.436635 0.308326 -1.068073 -1.703083 -0.655455 1.026868 -0.163287 1.000000 
-0.051115 1.448005 0.299602 -1.112683 -1.708239 -0.632996 1.025483 -0.183339 1.000000 
-0.039490 1.457782 0.290525 -1.156567 -1.713206 -0.608394 1.023926 -0.206665 1.000000 
-0.027795 1.465904 0.281099 -1.199608 -1.717967 -0.581730 1.022166 -0.233840 1.000000 
-0.016041 1.472317 0.271333 -1.241693 -1.722508 -0.553096 1.020172 -0.265513 1.000000 
-0.004242 1.476969 0.261235 -1.282705 -1.726812 -0.522596 1.017904 -0.302404 1.000000 
0.007586 1.479817 0.250813 -1.322534 -1.730865 -0.490346 1.015318 -0.345274 1.000000 
0.019430 1.480826 0.240078 -1.361068 -1.734653 -0.456472 1.012362 -0.394866 1.000000 
0.031274 1.479967 0.229040 -1.398203 -1.738164 -0.421114 1.008980 -0.451812 1.000000 
0.043104 1.477222 0.217711 -1.433835 -1.741387 -0.384419 1.005112 -0.516473 1.000000 
0.054905 1.472579 0.206103 -1.467871 -1.744312 -0.346546 1.000696 -0.588712 1.000000 
0.066661 1.466038 0.194229 -1.500219 -1.746929 -0.307662 0.995675 -0.667597 1.000000 
0.078356 1.457609 0.182104 -1.530799 -1.749232 -0.267944 0.990002 -0.751073 1.000000 
0.089977 1.447313 0.169741 -1.559537 -1.751215 -0.227573 0.983655 -0.835677 1.000000 
0.101509 1.435179 0.157156 -1.586370 -1.752872 -0.186737 0.976642 -0.916464 1.000000 
0.112935 1.421250 0.144365 -1.611244 -1.754202 -0.145623 0.969018 -0.987306 1.000000 
0.124244 1.405574 0.131382 -1.634119 -1.755202 -0.104418 0.960889 -1.041686 1.000000 
0.135420 1.388212 0.118224 -1.654965 -1.755873 -0.063299 0.952410 -1.073924 1.000000 
0.146451 1.369228 0.104908 -1.673764 -1.756215 -0.022435 0.943775 -1.080483 1.000000 
0.157324 1.348691 0.091449 -1.690509 -1.756233 0.018024 0.935192 -1.060865 1.000000 
0.168026 1.326672 0.077865 -1.705206 -1.755929 0.057945 0.926864 -1.017707 1.000000 
0.178547 1.303243 0.064172 -1.717866 -1.755307 0.097212 0.918959 -0.956037 1.000000 
0.188874 1.278474 0.050385 -1.728510 -1.754375 0.135727 0.911600 -0.882045 1.000000 
0.198999 1.252433 0.036521 -1.737163 -1.753138 0.173406 0.904862 -0.801851 1.000000 
0.208910 1.225189 0.022595 -1.743851 -1.751603 0.210173 0.898773 -0.720634 1.000000 
0.218599 1.196807 0.008624 -1.748606 -1.749778 0.245958 0.893325 -0.642227 1.000000 
0.228056 1.167353 -0.005377 -1.751462 -1.747671 0.280696 0.888483 -0.569107 1.000000 
0.237274 1.136891 -0.019394 -1.752452 -1.745290 0.314325 0.884201 -0.502602 1.000000 
0.246244 1.105487 -0.033412 -1.751614 -1.742644 0.346781 0.880423 -0.443192 1.000000 
0.254959 1.073206 -0.047415 -1.748987 -1.739744 0.378004 0.877091 -0.390786 1.000000 
0.263413 1.040114 -0.061391 -1.744611 -1.736600 0.407935 0.874153 -0.344953 1.000000 
0.271599 1.006277 -0.075324 -1.738529 -1.733221 0.436516 0.871556 -0.305091 1.000000 
0.279512 0.971762 -0.089203 -1.730788 -1.729619 0.463690 0.869257 -0.270532 1.000000 
0.287146 0.936635 -0.103013 -1.721434 -1.725806 0.489406 0.867215 -0.240616 1.000000 
0.294496 0.900962 -0.116742 -1.710518 -1.721793 0.513613 0.865396 -0.214724 1.000000 
0.301560 0.864809 -0.130377 -1.698091 -1.717592 0.536264 0.863770 -0.192296 1.000000 
0.308332 0.828241 -0.143907 -1.684207 -1.713217 0.557318 0.862312 -0.172841 1.000000 
0.314811 0.791322 -0.157321 -1.668923 -1.708680 0.576737 0.860998 -0.155930 1.000000 
0.320993 0.754115 -0.170606 -1.652294 -1.703994 0.594487 0.859811 -0.141196 1.000000 
0.326876 0.716683 -0.183754 -1.634379 -1.699172 0.610538 0.858734 -0.128325 1.000000 
0.332459 0.679084 -0.196753 -1.615238 -1.694230 0.624868 0.857754 -0.117051 1.000000 
0.337741 0.641378 -0.209594 -1.594931 -1.689179 0.637456 0.856858 -0.107148 1.000000 
0.342721 0.603620 -0.222269 -1.573517 -1.684035 0.648289 0.856036 -0.098424 1.000000 
0.347399 0.565864 -0.234768 -1.551058 -1.678811 0.657357 0.855280 -0.090717 1.000000 
0.351775 0.528163 -0.247083 -1.527613 -1.673522 0.664655 0.854582 -0.083889 1.000000 
0.355850 0.490565 -0.259207 -1.503244 -1.668181 0.670185 0.853936 -0.077824 1.000000 
0.359624 0.453117 -0.271133 -1.478009 -1.662804 0.673950 0.853335 -0.072421 1.000000 
0.363100 0.415862 -0.282853 -1.451967 -1.657403 0.675960 0.852776 -0.067597 1.000000 
0.366279 0.378841 -0.294362 -1.425174 -1.651993 0.676229 0.852252 -0.063279 1.000000 
0.369162 0.342092 -0.305654 -1.397687 -1.646588 0.674775 0.851762 -0.059405 1.000000 
0.371753 0.305650 -0.316724 -1.369560 -1.641201 0.671620 0.851301 -0.055921 1.000000 
0.374054 0.269548 -0.327566 -1.340845 -1.635846 0.666790 0.850866 -0.052783 1.000000 
0.376067 0.233813 -0.338176 -1.311592 -1.630537 0.660315 0.850456 -0.049950 1.000000 
0.377796 0.198473 -0.348550 -1.281849 -1.625286 0.652228 0.850066 -0.047388 1.000000 
0.379243 0.163550 -0.358684 -1.251662 -1.620105 0.642564 0.849697 -0.045068 1.000000 
0.380414 0.129064 -0.368575 -1.221073 -1.615009 0.631363 0.849345 -0.042964 1.000000 
0.381310 0.095032 -0.378220 -1.190124 -1.610008 0.618667 0.849009 -0.041053 1.000000 
0.381935 0.061470 -0.387616 -1.158851 -1.605114 0.604521 0.848687 -0.039317 1.000000 
0.382295 0.028389 -0.396761 -1.127290 -1.600339 0.588972 0.848379 -0.037737 1.000000 
0.382391 -0.004202 -0.405652 -1.095473 -1.595694 0.572069 0.848083 -0.036300 1.000000 
0.382229 -0.036297 -0.414288 -1.063428 -1.591189 0.553862 0.847798 -0.034991 1.000000 
0.381812 -0.067890 -0.422667 -1.031183 -1.586835 0.534406 0.847523 -0.033800 1.000000 
0.381144 -0.098980 -0.430787 -0.998760 -1.582642 0.513755 0.847257 -0.032716 1.000000 
0.380229 -0.129567 -0.438646 -0.966179 -1.578618 0.491965 0.846999 -0.031730 1.000000 
0.379072 -0.159652 -0.446245 -0.933458 -1.574774 0.469093 0.846749 -0.030835 1.000000 
0.377676 -0.189241 -0.453581 -0.900612 -1.571116 0.445198 0.846506 -0.030023 1.000000 
0.376045 -0.218337 -0.460655 -0.867651 -1.567653 0.420340 0.846269 -0.029288 1.000000 
0.374184 -0.246949 -0.467464 -0.834586 -1.564393 0.394578 0.846037 -0.028625 1.000000 
0.372096 -0.275085 -0.474008 -0.801422 -1.561342 0.367974 0.845810 -0.028029 1.000000 
0.369784 -0.302754 -0.480286 -0.768162 -1.558507 0.340591 0.845588 -0.027495 1.000000 
0.367253 -0.329968 -0.486298 -0.734809 -1.555894 0.312490 0.845370 -0.027022 1.000000 
0.364506 -0.356736 -0.492043 -0.701361 -1.553509 0.283734 0.845156 -0.026604 1.000000 
0.361546 -0.383073 -0.497520 -0.667814 -1.551356 0.254387 0.844945 -0.026239 1.000000 
0.358378 -0.408991 -0.502728 -0.634163 -1.549440 0.224513 0.844736 -0.025926 1.000000 
0.355003 -0.434503 -0.507666 -0.600402 -1.547765 0.194175 0.844530 -0.025661 1.000000 
0.351427 -0.459623 -0.512334 -0.566520 -1.546335 0.163436 0.844325 -0.025443 1.000000 
0.347650 -0.484363 -0.516730 -0.532506 -1.545151 0.132363 0.844122 -0.025272 1.000000 
0.343678 -0.508739 -0.520853 -0.498349 -1.544217 0.101018 0.843921 -0.025145 1.000000 
0.339511 -0.532762 -0.524703 -0.464035 -1.543535 0.069467 0.843720 -0.025062 1.000000 
0.335154 -0.556446 -0.528277 -0.429549 -1.543106 0.037774 0.843520 -0.025022 1.000000 
0.330609 -0.579804 -0.531575 -0.394876 -1.542931 0.006003 0.843319 -0.025026 1.000000 
0.325878 -0.602846 -0.534595 -0.359999 -1.543010 -0.025780 0.843119 -0.025073 1.000000 
0.320964 -0.625585 -0.537335 -0.324902 -1.543344 -0.057513 0.842918 -0.025163 1.000000 
0.315870 -0.648031 -0.539793 -0.289566 -1.543930 -0.089129 0.842716 -0.025297 1.000000 
0.310597 -0.670191 -0.541967 -0.253975 -1.544769 -0.120566 0.842513 -0.025475 1.000000 
0.305147 -0.692075 -0.543856 -0.218112 -1.545859 -0.151758 0.842309 -0.025700 1.000000 
0.299524 -0.713689 -0.545456 -0.181959 -1.547196 -0.182642 0.842102 -0.025971 1.000000 
0.293729 -0.735039 -0.546766 -0.145500 -1.548780 -0.213154 0.841893 -0.026291 1.000000 
0.287764 -0.756128 -0.547783 -0.108718 -1.550606 -0.243230 0.841681 -0.026661 1.000000 
0.281632 -0.776959 -0.548505 -0.071599 -1.552670 -0.272807 0.841466 -0.027084 1.000000 
0.275334 -0.797533 -0.548928 -0.034129 -1.554969 -0.301822 0.841248 -0.027562 1.000000 
0.268872 -0.817849 -0.549050 0.003706 -1.557498 -0.330213 0.841025 -0.028098 1.000000 
0.262249 -0.837904 -0.548868 0.041916 -1.560251 -0.357918 0.840798 -0.028697 1.000000 
0.255466 -0.857694 -0.548378 0.080511 -1.563222 -0.384874 0.840566 -0.029361 1.000000 
0.248526 -0.877213 -0.547578 0.119499 -1.566407 -0.411022 0.840328 -0.030095 1.000000 
0.241432 -0.896454 -0.546465 0.158886 -1.569796 -0.436300 0.840084 -0.030904 1.000000 
0.234184 -0.915405 -0.545035 0.198675 -1.573385 -0.460650 0.839833 -0.031794 1.000000 
0.226786 -0.934056 -0.543285 0.238867 -1.577164 -0.484013 0.839575 -0.032771 1.000000 
0.219240 -0.952393 -0.541212 0.279462 -1.581126 -0.506333 0.839309 -0.033843 1.000000 
0.211548 -0.970400 -0.538813 0.320454 -1.585263 -0.527552 0.839033 -0.035017 1.000000 
0.203714 -0.988060 -0.536084 0.361837 -1.589564 -0.547616 0.838748 -0.036302 1.000000 
0.195740 -1.005354 -0.533022 0.403601 -1.594021 -0.566472 0.838452 -0.037710 1.000000 
0.187630 -1.022261 -0.529625 0.445733 -1.598624 -0.584069 0.838145 -0.039251 1.000000 
0.179385 -1.038759 -0.525890 0.488217 -1.603363 -0.600357 0.837824 -0.040939 1.000000 
0.171011 -1.054823 -0.521813 0.531033 -1.608226 -0.615288 0.837489 -0.042788 1.000000 
0.162509 -1.070427 -0.517392 0.574159 -1.613204 -0.628818 0.837139 -0.044816 1.000000 
0.153885 -1.085544 -0.512626 0.617567 -1.618284 -0.640902 0.836771 -0.047041 1.000000 
0.145142 -1.100145 -0.507511 0.661229 -1.623454 -0.651502 0.836386 -0.049485 1.000000 
0.136284 -1.114201 -0.502045 0.705111 -1.628704 -0.660579 0.835979 -0.052174 1.000000 
0.127316 -1.127681 -0.496228 0.749175 -1.634019 -0.668099 0.835550 -0.055134 1.000000 
0.118243 -1.140553 -0.490058 0.793383 -1.639389 -0.674032 0.835096 -0.058399 1.000000 
0.109069 -1.152783 -0.483534 0.837690 -1.644800 -0.678350 0.834615 -0.062005 1.000000 
0.099800 -1.164340 -0.476655 0.882049 -1.650238 -0.681029 0.834103 -0.065995 1.000000 
0.090442 -1.175188 -0.469421 0.926409 -1.655692 -0.682050 0.833558 -0.070415 1.000000 
0.080999 -1.185295 -0.461833 0.970718 -1.661146 -0.681396 0.832975 -0.075323 1.000000 
0.071479 -1.194626 -0.453890 1.014919 -1.666589 -0.679058 0.832351 -0.080782 1.000000 
0.061887 -1.203146 -0.445594 1.058952 -1.672007 -0.675027 0.831681 -0.086865 1.000000 
0.052231 -1.210823 -0.436947 1.102755 -1.677385 -0.669303 0.830959 -0.093657 1.000000 
0.042517 -1.217622 -0.427951 1.146263 -1.682711 -0.661888 0.830180 -0.101256 1.000000 
0.032751 -1.223513 -0.418608 1.189410 -1.687971 -0.652791 0.829337 -0.109774 1.000000 
0.022943 -1.228463 -0.408922 1.232128 -1.693151 -0.642025 0.828421 -0.119342 1.000000 
0.013099 -1.232443 -0.398895 1.274344 -1.698239 -0.629608 0.827424 -0.130107 1.000000 
0.003226 -1.235424 -0.388534 1.315988 -1.703221 -0.615566 0.826336 -0.142242 1.000000 
-0.006665 -1.237378 -0.377841 1.356987 -1.708084 -0.599928 0.825144 -0.155942 1.000000 
-0.016569 -1.238282 -0.366824 1.397265 -1.712816 -0.582730 0.823836 -0.171430 1.000000 
-0.026475 -1.238111 -0.355487 1.436751 -1.717403 -0.564012 0.822396 -0.188958 1.000000 
-0.036376 -1.236846 -0.343838 1.475368 -1.721836 -0.543823 0.820806 -0.208804 1.000000 
-0.046262 -1.234468 -0.331884 1.513044 -1.726101 -0.522215 0.819048 -0.231278 1.000000 
-0.056124 -1.230963 -0.319632 1.549706 -1.730188 -0.499247 0.817098 -0.256709 1.000000 
-0.065954 -1.226318 -0.307091 1.585281 -1.734085 -0.474983 0.814932 -0.285442 1.000000 
-0.075742 -1.220524 -0.294271 1.619699 -1.737784 -0.449493 0.812521 -0.317814 1.000000 
-0.085479 -1.213576 -0.281179 1.652893 -1.741274 -0.422853 0.809836 -0.354133 1.000000 
-0.095156 -1.205471 -0.267828 1.684796 -1.744547 -0.395142 0.806844 -0.394634 1.000000 
-0.104764 -1.196211 -0.254226 1.715346 -1.747594 -0.366448 0.803511 -0.439421 1.000000 
-0.114293 -1.185801 -0.240386 1.744484 -1.750408 -0.336860 0.799802 -0.488393 1.000000 
-0.123734 -1.174251 -0.226318 1.772154 -1.752981 -0.306474 0.795686 -0.541150 1.000000 
-0.133078 -1.161574 -0.212036 1.798305 -1.755309 -0.275388 0.791136 -0.596892 1.000000 
-0.142316 -1.147787 -0.197550 1.822892 -1.757386 -0.243705 0.786131 -0.654325 1.000000 
-0.151439 -1.132911 -0.182874 1.845871 -1.759207 -0.211531 0.780667 -0.711601 1.000000 
-0.160439 -1.116971 -0.168020 1.867209 -1.760770 -0.178972 0.774752 -0.766330 1.000000 
-0.169308 -1.099997 -0.153003 1.886874 -1.762070 -0.146135 0.768420 -0.815699 1.000000 
-0.178037 -1.082020 -0.137835 1.904842 -1.763107 -0.113129 0.761724 -0.856718 1.000000 
-0.186618 -1.063076 -0.122530 1.921096 -1.763880 -0.080058 0.754742 -0.886585 1.000000 
-0.195044 -1.043203 -0.107102 1.935624 -1.764388 -0.047024 0.747574 -0.903099 1.000000 
-0.203307 -1.022439 -0.091564 1.948420 -1.764633 -0.014123 0.740331 -0.905029 1.000000 
-0.211400 -1.000825 -0.075932 1.959483 -1.764615 0.018555 0.733133 -0.892331 1.000000 
-0.219318 -0.978402 -0.060217 1.968819 -1.764337 0.050924 0.726090 -0.866144 1.000000 
-0.227053 -0.955212 -0.044435 1.976436 -1.763801 0.082909 0.719305 -0.828574 1.000000 
-0.234599 -0.931295 -0.028599 1.982347 -1.763011 0.114439 0.712856 -0.782324 1.000000 
-0.241952 -0.906692 -0.012722 1.986570 -1.761971 0.145449 0.706803 -0.730297 1.000000 
-0.249105 -0.881442 0.003182 1.989122 -1.760686 0.175880 0.701179 -0.675243 1.000000 
-0.256053 -0.855585 0.019099 1.990025 -1.759159 0.205676 0.696001 -0.619521 1.000000 
-0.262792 -0.829160 0.035018 1.989302 -1.757397 0.234784 0.691264 -0.564981 1.000000 
-0.269318 -0.802205 0.050924 1.986977 -1.755405 0.263153 0.686954 -0.512949 1.000000 
-0.275626 -0.774760 0.066805 1.983079 -1.753188 0.290736 0.683048 -0.464277 1.000000 
-0.281713 -0.746863 0.082649 1.977634 -1.750755 0.317485 0.679516 -0.419432 1.000000 
-0.287575 -0.718553 0.098443 1.970673 -1.748111 0.343355 0.676326 -0.378583 1.000000 
-0.293209 -0.689867 0.114176 1.962228 -1.745264 0.368301 0.673448 -0.341691 1.000000 
-0.298612 -0.660845 0.129835 1.952331 -1.742221 0.392281 0.670849 -0.308582 1.000000 
-0.303782 -0.631524 0.145409 1.941018 -1.738990 0.415254 0.668501 -0.279001 1.000000 
-0.308716 -0.601942 0.160888 1.928324 -1.735579 0.437181 0.666376 -0.252649 1.000000 
-0.313412 -0.572137 0.176259 1.914287 -1.731998 0.458025 0.664451 -0.229218 1.000000 
-0.317869 -0.542146 0.191513 1.898947 -1.728254 0.477751 0.662702 -0.208404 1.000000 
-0.322086 -0.512005 0.206639 1.882344 -1.724357 0.496327 0.661110 -0.189916 1.000000 
-0.326061 -0.481751 0.221627 1.864519 -1.720316 0.513722 0.659658 -0.173491 1.000000 
-0.329794 -0.451418 0.236468 1.845514 -1.716141 0.529910 0.658329 -0.158885 1.000000 
-0.333284 -0.421042 0.251152 1.825373 -1.711841 0.544865 0.657111 -0.145883 1.000000 
-0.336531 -0.390656 0.265671 1.804139 -1.707426 0.558566 0.655992 -0.134293 1.000000 
-0.339534 -0.360293 0.280016 1.781858 -1.702907 0.570993 0.654959 -0.123945 1.000000 
-0.342295 -0.329983 0.294178 1.758574 -1.698294 0.582131 0.654005 -0.114691 1.000000 
-0.344814 -0.299757 0.308150 1.734332 -1.693596 0.591967 0.653122 -0.106399 1.000000 
-0.347092 -0.269645 0.321925 1.709178 -1.688826 0.600490 0.652301 -0.098957 1.000000 
-0.349129 -0.239674 0.335495 1.683156 -1.683992 0.607693 0.651536 -0.092265 1.000000 
-0.350927 -0.209871 0.348853 1.656313 -1.679106 0.613572 0.650823 -0.086236 1.000000 
-0.352487 -0.180260 0.361994 1.628691 -1.674178 0.618124 0.650155 -0.080794 1.000000 
-0.353812 -0.150867 0.374910 1.600336 -1.669220 0.621353 0.649529 -0.075873 1.000000 
-0.354902 -0.121712 0.387597 1.571290 -1.664240 0.623260 0.648940 -0.071416 1.000000 
-0.355760 -0.092817 0.400049 1.541597 -1.659251 0.623855 0.648385 -0.067372 1.000000 
-0.356388 -0.064201 0.412261 1.511297 -1.654262 0.623145 0.647861 -0.063697 1.000000 
-0.356788 -0.035883 0.424229 1.480430 -1.649284 0.621143 0.647365 -0.060351 1.000000 
-0.356963 -0.007878 0.435947 1.449037 -1.644327 0.617863 0.646895 -0.057301 1.000000 
-0.356915 0.019798 0.447412 1.417156 -1.639402 0.613323 0.646447 -0.054517 1.000000 
-0.356647 0.047132 0.458620 1.384822 -1.634517 0.607540 0.646022 -0.051972 1.000000 
-0.356162 0.074112 0.469568 1.352070 -1.629684 0.600537 0.645615 -0.049644 1.000000 
-0.355462 0.100727 0.480252 1.318935 -1.624912 0.592337 0.645227 -0.047510 1.000000 
-0.354551 0.126968 0.490670 1.285448 -1.620210 0.582965 0.644855 -0.045554 1.000000 
-0.353432 0.152826 0.500818 1.251639 -1.615588 0.572449 0.644497 -0.043758 1.000000 
-0.352107 0.178295 0.510695 1.217537 -1.611054 0.560817 0.644154 -0.042109 1.000000 
-0.350580 0.203370 0.520298 1.183168 -1.606617 0.548099 0.643823 -0.040594 1.000000 
-0.348854 0.228046 0.529625 1.148558 -1.602287 0.534329 0.643504 -0.039202 1.000000 
-0.346932 0.252320 0.538675 1.113728 -1.598071 0.519540 0.643196 -0.037921 1.000000 
-0.344818 0.276190 0.547444 1.078700 -1.593977 0.503765 0.642897 -0.036744 1.000000 
-0.342514 0.299655 0.555933 1.043494 -1.590013 0.487043 0.642608 -0.035662 1.000000 
-0.340024 0.322714 0.564140 1.008127 -1.586187 0.469410 0.642326 -0.034668 1.000000 
-0.337352 0.345369 0.572063 0.972614 -1.582505 0.450905 0.642053 -0.033755 1.000000 
-0.334500 0.367620 0.579701 0.936969 -1.578975 0.431567 0.641786 -0.032919 1.000000 
-0.331471 0.389471 0.587054 0.901204 -1.575602 0.411436 0.641526 -0.032152 1.000000 
-0.328269 0.410924 0.594120 0.865330 -1.572394 0.390554 0.641272 -0.031452 1.000000 
-0.324897 0.431982 0.600899 0.829355 -1.569355 0.368962 0.641023 -0.030814 1.000000 
-0.321358 0.452650 0.607390 0.793285 -1.566492 0.346704 0.640778 -0.030234 1.000000 
-0.317656 0.472932 0.613592 0.757127 -1.563809 0.323822 0.640539 -0.029708 1.000000 
-0.313793 0.492832 0.619504 0.720883 -1.561312 0.300361 0.640303 -0.029235 1.000000 
-0.309772 0.512357 0.625125 0.684557 -1.559005 0.276363 0.640071 -0.028811 1.000000 
-0.305596 0.531511 0.630456 0.648149 -1.556892 0.251876 0.639842 -0.028434 1.000000 
-0.301268 0.550300 0.635496 0.611659 -1.554976 0.226942 0.639616 -0.028103 1.000000 
-0.296792 0.568729 0.640243 0.575086 -1.553262 0.201608 0.639392 -0.027814 1.000000 
-0.292170 0.586804 0.644697 0.538426 -1.551751 0.175919 0.639171 -0.027568 1.000000 
-0.287404 0.604531 0.648857 0.501676 -1.550448 0.149922 0.638951 -0.027362 1.000000 
-0.282498 0.621915 0.652723 0.464832 -1.549353 0.123662 0.638733 -0.027196 1.000000 
-0.277454 0.638962 0.656294 0.427888 -1.548470 0.097186 0.638516 -0.027069 1.000000 
-0.272276 0.655675 0.659569 0.390838 -1.547799 0.070540 0.638299 -0.026980 1.000000 
-0.266964 0.672061 0.662547 0.353675 -1.547342 0.043771 0.638084 -0.026928 1.000000 
-0.261523 0.688123 0.665228 0.316392 -1.547099 0.016925 0.637868 -0.026913 1.000000 
-0.255955 0.703865 0.667609 0.278981 -1.547071 -0.009951 0.637653 -0.026936 1.000000 
-0.250262 0.719292 0.669691 0.241435 -1.547258 -0.036810 0.637437 -0.026996 1.000000 
-0.244447 0.734405 0.671472 0.203745 -1.547660 -0.063607 0.637221 -0.027094 1.000000 
-0.238513 0.749207 0.672951 0.165904 -1.548275 -0.090293 0.637004 -0.027230 1.000000 
-0.232461 0.763700 0.674126 0.127904 -1.549104 -0.116824 0.636785 -0.027404 1.000000 
-0.226294 0.777885 0.674997 0.089735 -1.550144 -0.143153 0.636565 -0.027617 1.000000 
-0.220016 0.791764 0.675561 0.051392 -1.551394 -0.169233 0.636343 -0.027871 1.000000 
-0.213627 0.805334 0.675818 0.012867 -1.552851 -0.195019 0.636119 -0.028167 1.000000 
-0.207131 0.818596 0.675767 -0.025846 -1.554513 -0.220466 0.635893 -0.028505 1.000000 
-0.200530 0.831549 0.675404 -0.064754 -1.556377 -0.245527 0.635663 -0.028888 1.000000 
-0.193827 0.844188 0.674730 -0.103861 -1.558440 -0.270158 0.635430 -0.029318 1.000000 
-0.187024 0.856512 0.673742 -0.143172 -1.560699 -0.294315 0.635194 -0.029796 1.000000 
-0.180124 0.868517 0.672439 -0.182690 -1.563148 -0.317953 0.634953 -0.030326 1.000000 
-0.173129 0.880196 0.670818 -0.222417 -1.565784 -0.341028 0.634708 -0.030909 1.000000 
-0.166042 0.891546 0.668879 -0.262354 -1.568603 -0.363497 0.634459 -0.031550 1.000000 
-0.158865 0.902559 0.666620 -0.302501 -1.571599 -0.385318 0.634203 -0.032250 1.000000 
-0.151602 0.913229 0.664039 -0.342856 -1.574766 -0.406449 0.633942 -0.033015 1.000000 
-0.144254 0.923546 0.661134 -0.383415 -1.578100 -0.426848 0.633675 -0.033849 1.000000 
-0.136826 0.933503 0.657904 -0.424175 -1.581594 -0.446475 0.633401 -0.034755 1.000000 
-0.129319 0.943090 0.654347 -0.465127 -1.585241 -0.465292 0.633119 -0.035741 1.000000 
-0.121737 0.952297 0.650461 -0.506266 -1.589036 -0.483258 0.632829 -0.036810 1.000000 
-0.114083 0.961113 0.646246 -0.547579 -1.592971 -0.500336 0.632530 -0.037971 1.000000 
-0.106361 0.969525 0.641699 -0.589057 -1.597039 -0.516491 0.632221 -0.039230 1.000000 
-0.098572 0.977523 0.636821 -0.630684 -1.601232 -0.531686 0.631902 -0.040595 1.000000 
-0.090721 0.985093 0.631608 -0.672446 -1.605543 -0.545889 0.631571 -0.042076 1.000000 
-0.082812 0.992221 0.626061 -0.714324 -1.609964 -0.559066 0.631228 -0.043683 1.000000 
-0.074847 0.998894 0.620179 -0.756299 -1.614486 -0.571186 0.630872 -0.045426 1.000000 
-0.066831 1.005098 0.613960 -0.798350 -1.619100 -0.582221 0.630501 -0.047319 1.000000 
-0.058767 1.010818 0.607405 -0.840452 -1.623798 -0.592141 0.630114 -0.049375 1.000000 
-0.050659 1.016039 0.600513 -0.882581 -1.628571 -0.600922 0.629710 -0.051610 1.000000 
-0.042512 1.020746 0.593284 -0.924707 -1.633410 -0.608540 0.629288 -0.054041 1.000000 
-0.034329 1.024923 0.585718 -0.966801 -1.638305 -0.614971 0.628845 -0.056689 1.000000 
-0.026114 1.028555 0.577815 -1.008832 -1.643246 -0.620198 0.628380 -0.059576 1.000000 
-0.017873 1.031627 0.569577 -1.050766 -1.648225 -0.624201 0.627891 -0.062725 1.000000 
-0.009610 1.034123 0.561003 -1.092566 -1.653230 -0.626966 0.627376 -0.066166 1.000000 
-0.001329 1.036028 0.552096 -1.134196 -1.658253 -0.628480 0.626832 -0.069929 1.000000 
0.006965 1.037328 0.542857 -1.175615 -1.663282 -0.628732 0.626256 -0.074050 1.000000 
0.015267 1.038006 0.533287 -1.216784 -1.668309 -0.627716 0.625646 -0.078569 1.000000 
0.023572 1.038049 0.523389 -1.257660 -1.673322 -0.625425 0.624998 -0.083531 1.000000 
0.031874 1.037443 0.513165 -1.298198 -1.678312 -0.621858 0.624308 -0.088986 1.000000 
0.040169 1.036176 0.502619 -1.338353 -1.683269 -0.617016 0.623572 -0.094991 1.000000 
0.048451 1.034233 0.491753 -1.378079 -1.688181 -0.610902 0.622786 -0.101612 1.000000 
0.056715 1.031605 0.480571 -1.417327 -1.693040 -0.603523 0.621945 -0.108919 1.000000 
0.064955 1.028278 0.469077 -1.456050 -1.697834 -0.594890 0.621042 -0.116996 1.000000 
0.073165 1.024245 0.457275 -1.494198 -1.702555 -0.585015 0.620071 -0.125934 1.000000 
0.081341 1.019495 0.445171 -1.531721 -1.707191 -0.573915 0.619024 -0.135834 1.000000 
0.089475 1.014021 0.432770 -1.568568 -1.711734 -0.561610 0.617894 -0.146813 1.000000 
0.097563 1.007816 0.420076 -1.604689 -1.716174 -0.548121 0.616672 -0.158995 1.000000 
0.105598 1.000874 0.407097 -1.640033 -1.720501 -0.533476 0.615347 -0.172522 1.000000 
0.113575 0.993192 0.393838 -1.674550 -1.724706 -0.517704 0.613908 -0.187545 1.000000 
0.121487 0.984767 0.380306 -1.708189 -1.728781 -0.500838 0.612342 -0.204228 1.000000 
0.129329 0.975597 0.366509 -1.740901 -1.732717 -0.482914 0.610635 -0.222745 1.000000 
0.137095 0.965683 0.352454 -1.772638 -1.736505 -0.463971 0.608772 -0.243274 1.000000 
0.144778 0.955028 0.338150 -1.803350 -1.740138 -0.444053 0.606737 -0.265994 1.000000 
0.152374 0.943633 0.323604 -1.832992 -1.743608 -0.423204 0.604510 -0.291073 1.000000 
0.159875 0.931506 0.308825 -1.861519 -1.746907 -0.401473 0.602073 -0.318656 1.000000 
0.167276 0.918652 0.293822 -1.888888 -1.750029 -0.378913 0.599405 -0.348846 1.000000 
0.174571 0.905080 0.278606 -1.915056 -1.752967 -0.355579 0.596484 -0.381682 1.000000 
0.181755 0.890801 0.263185 -1.939985 -1.755716 -0.331527 0.593291 -0.417107 1.000000 
0.188822 0.875828 0.247570 -1.963638 -1.758270 -0.306818 0.589804 -0.454934 1.000000 
0.195766 0.860173 0.231770 -1.985980 -1.760624 -0.281513 0.586007 -0.494808 1.000000 
0.202583 0.843854 0.215797 -2.006980 -1.762773 -0.255678 0.581883 -0.536168 1.000000 
0.209266 0.826887 0.199662 -2.026609 -1.764713 -0.229379 0.577426 -0.578218 1.000000 
0.215812 0.809293 0.183375 -2.044842 -1.766442 -0.202683 0.572633 -0.619910 1.000000 
0.222213 0.791090 0.166948 -2.061657 -1.767955 -0.175659 0.567512 -0.659960 1.000000 
0.228467 0.772303 0.150393 -2.077036 -1.769252 -0.148376 0.562082 -0.696895 1.000000 
0.234569 0.752954 0.133720 -2.090962 -1.770329 -0.120904 0.556374 -0.729146 1.000000 
0.240513 0.733068 0.116941 -2.103425 -1.771186 -0.093310 0.550432 -0.755176 1.000000 
0.246297 0.712671 0.100069 -2.114417 -1.771822 -0.065663 0.544311 -0.773636 1.000000 
0.251915 0.691788 0.083114 -2.123932 -1.772237 -0.038028 0.538077 -0.783524 1.000000 
0.257364 0.670448 0.066090 -2.131971 -1.772430 -0.010468 0.531799 -0.784304 1.000000 
0.262641 0.648676 0.049007 -2.138535 -1.772404 0.016956 0.525552 -0.775983 1.000000 
0.267742 0.626501 0.031877 -2.143628 -1.772160 0.044186 0.519406 -0.759099 1.000000 
0.272664 0.603948 0.014713 -2.147260 -1.771698 0.071168 0.513427 -0.734652 1.000000 
0.277404 0.581045 -0.002475 -2.149438 -1.771022 0.097851 0.507669 -0.703970 1.000000 
0.281960 0.557817 -0.019674 -2.150177 -1.770133 0.124186 0.502176 -0.668555 1.000000 
0.286328 0.534292 -0.036874 -2.149489 -1.769036 0.150127 0.496980 -0.629938 1.000000 
0.290508 0.510494 -0.054063 -2.147391 -1.767733 0.175631 0.492102 -0.589551 1.000000 
0.294495 0.486449 -0.071229 -2.143899 -1.766227 0.200656 0.487549 -0.548643 1.000000 
0.298290 0.462182 -0.088361 -2.139033 -1.764523 0.225163 0.483322 -0.508238 1.000000 
0.301890 0.437718 -0.105450 -2.132813 -1.762626 0.249112 0.479414 -0.469120 1.000000 
0.305293 0.413082 -0.122483 -2.125260 -1.760539 0.272467 0.475811 -0.431851 1.000000 
0.308499 0.388298 -0.139450 -2.116396 -1.758268 0.295192 0.472498 -0.396795 1.000000 
0.311506 0.363389 -0.156342 -2.106246 -1.755818 0.317253 0.469456 -0.364154 1.000000 
0.314313 0.338380 -0.173147 -2.094834 -1.753194 0.338616 0.466665 -0.334006 1.000000 
0.316919 0.313295 -0.189856 -2.082186 -1.750402 0.359249 0.464105 -0.306335 1.000000 
0.319325 0.288156 -0.206458 -2.068330 -1.747448 0.379120 0.461757 -0.281061 1.000000 
0.321530 0.262987 -0.222946 -2.053294 -1.744338 0.398200 0.459602 -0.258060 1.000000 
0.323533 0.237810 -0.239308 -2.037106 -1.741079 0.416460 0.457623 -0.237184 1.000000 
0.325335 0.212648 -0.255536 -2.019798 -1.737677 0.433874 0.455802 -0.218270 1.000000 
0.326936 0.187522 -0.271622 -2.001399 -1.734139 0.450417 0.454125 -0.201156 1.000000 
0.328335 0.162453 -0.287556 -1.981942 -1.730473 0.466064 0.452579 -0.185680 1.000000 
0.329535 0.137462 -0.303330 -1.961459 -1.726685 0.480793 0.451151 -0.171687 1.000000 
0.330535 0.112569 -0.318937 -1.939983 -1.722783 0.494584 0.449829 -0.159035 1.000000 
0.331336 0.087794 -0.334367 -1.917548 -1.718774 0.507418 0.448603 -0.147588 1.000000 
0.331940 0.063155 -0.349615 -1.894187 -1.714667 0.519279 0.447464 -0.137226 1.000000 
0.332347 0.038672 -0.364672 -1.869934 -1.710468 0.530152 0.446405 -0.127838 1.000000 
0.332559 0.014360 -0.379532 -1.844825 -1.706187 0.540023 0.445417 -0.119323 1.000000 
0.332578 -0.009763 -0.394187 -1.818893 -1.701830 0.548882 0.444493 -0.111592 1.000000 
0.332404 -0.033681 -0.408632 -1.792174 -1.697407 0.556719 0.443629 -0.104565 1.000000 
0.332039 -0.057378 -0.422860 -1.764702 -1.692926 0.563528 0.442819 -0.098169 1.000000 
0.331486 -0.080842 -0.436865 -1.736511 -1.688394 0.569302 0.442057 -0.092341 1.000000 
0.330746 -0.104057 -0.450642 -1.707635 -1.683820 0.574038 0.441340 -0.087023 1.000000 
0.329822 -0.127011 -0.464186 -1.678110 -1.679212 0.577735 0.440663 -0.082164 1.000000 
0.328715 -0.149693 -0.477490 -1.647967 -1.674579 0.580393 0.440024 -0.077719 1.000000 
0.327428 -0.172091 -0.490552 -1.617240 -1.669928 0.582013 0.439419 -0.073648 1.000000 
0.325962 -0.194194 -0.503365 -1.585961 -1.665269 0.582601 0.438845 -0.069914 1.000000 
0.324321 -0.215994 -0.515926 -1.554162 -1.660609 0.582160 0.438299 -0.066486 1.000000 
0.322507 -0.237481 -0.528230 -1.521873 -1.655957 0.580700 0.437780 -0.063335 1.000000 
0.320523 -0.258648 -0.540274 -1.489126 -1.651321 0.578228 0.437285 -0.060435 1.000000 
0.318370 -0.279488 -0.552055 -1.455949 -1.646708 0.574755 0.436813 -0.057764 1.000000 
0.316052 -0.299993 -0.563568 -1.422370 -1.642128 0.570294 0.436361 -0.055300 1.000000 
0.313571 -0.320160 -0.574812 -1.388417 -1.637586 0.564858 0.435927 -0.053027 1.000000 
0.310930 -0.339982 -0.585782 -1.354116 -1.633092 0.558462 0.435512 -0.050927 1.000000 
0.308132 -0.359455 -0.596477 -1.319492 -1.628653 0.551123 0.435112 -0.048986 1.000000 
0.305180 -0.378577 -0.606893 -1.284570 -1.624277 0.542858 0.434728 -0.047191 1.000000 
0.302076 -0.397344 -0.617029 -1.249373 -1.619970 0.533688 0.434357 -0.045529 1.000000 
0.298823 -0.415753 -0.626882 -1.213922 -1.615740 0.523632 0.433999 -0.043990 1.000000 
0.295425 -0.433804 -0.636451 -1.178238 -1.611594 0.512711 0.433653 -0.042565 1.000000 
0.291883 -0.451496 -0.645734 -1.142341 -1.607539 0.500949 0.433317 -0.041245 1.000000 
0.288202 -0.468826 -0.654728 -1.106249 -1.603581 0.488370 0.432992 -0.040021 1.000000 
0.284383 -0.485796 -0.663433 -1.069978 -1.599727 0.474997 0.432677 -0.038888 1.000000 
0.280430 -0.502407 -0.671847 -1.033546 -1.595983 0.460858 0.432370 -0.037838 1.000000 
0.276345 -0.518657 -0.679970 -0.996965 -1.592356 0.445977 0.432071 -0.036866 1.000000 
0.272132 -0.534550 -0.687799 -0.960251 -1.588850 0.430384 0.431780 -0.035966 1.000000 
0.267794 -0.550085 -0.695333 -0.923414 -1.585471 0.414105 0.431496 -0.035135 1.000000 
0.263332 -0.565266 -0.702573 -0.886467 -1.582226 0.397170 0.431218 -0.034367 1.000000 
0.258750 -0.580094 -0.709516 -0.849418 -1.579118 0.379609 0.430946 -0.033658 1.000000 
0.254051 -0.594571 -0.716163 -0.812278 -1.576154 0.361451 0.430679 -0.033006 1.000000 
0.249238 -0.608700 -0.722513 -0.775053 -1.573336 0.342728 0.430417 -0.032408 1.000000 
0.244313 -0.622484 -0.728564 -0.737751 -1.570671 0.323471 0.430160 -0.031859 1.000000 
0.239279 -0.635925 -0.734317 -0.700376 -1.568162 0.303712 0.429908 -0.031358 1.000000 
0.234139 -0.649026 -0.739770 -0.662935 -1.565813 0.283483 0.429658 -0.030903 1.000000 
0.228896 -0.661790 -0.744923 -0.625429 -1.563628 0.262816 0.429413 -0.030491 1.000000 
0.223551 -0.674220 -0.749776 -0.587864 -1.561609 0.241746 0.429171 -0.030120 1.000000 
0.218109 -0.686318 -0.754329 -0.550240 -1.559761 0.220304 0.428931 -0.029790 1.000000 
0.212571 -0.698088 -0.758580 -0.512559 -1.558085 0.198526 0.428694 -0.029498 1.000000 
0.206940 -0.709533 -0.762530 -0.474822 -1.556585 0.176445 0.428459 -0.029243 1.000000 
0.201220 -0.720654 -0.766177 -0.437028 -1.555263 0.154095 0.428226 -0.029025 1.000000 
0.195411 -0.731455 -0.769522 -0.399177 -1.554120 0.131511 0.427994 -0.028841 1.000000 
0.189517 -0.741938 -0.772564 -0.361269 -1.553159 0.108727 0.427764 -0.028693 1.000000 
0.183541 -0.752104 -0.775302 -0.323300 -1.552381 0.085778 0.427535 -0.028578 1.000000 
0.177484 -0.761956 -0.777737 -0.285270 -1.551787 0.062699 0.427307 -0.028496 1.000000 
0.171350 -0.771496 -0.779866 -0.247176 -1.551378 0.039524 0.427079 -0.028447 1.000000 
0.165141 -0.780724 -0.781691 -0.209016 -1.551155 0.016290 0.426852 -0.028431 1.000000 
0.158859 -0.789642 -0.783210 -0.170786 -1.551118 -0.006970 0.426624 -0.028447 1.000000 
0.152508 -0.798251 -0.784424 -0.132484 -1.551266 -0.030219 0.426396 -0.028497 1.000000 
0.146088 -0.806552 -0.785330 -0.094108 -1.551601 -0.053424 0.426168 -0.028579 1.000000 
0.139604 -0.814543 -0.785929 -0.055653 -1.552121 -0.076549 0.425939 -0.028694 1.000000 
0.133056 -0.822226 -0.786220 -0.017118 -1.552825 -0.099560 0.425709 -0.028843 1.000000 
0.126449 -0.829599 -0.786203 0.021501 -1.553713 -0.122420 0.425478 -0.029025 1.000000 
0.119784 -0.836662 -0.785876 0.060205 -1.554784 -0.145097 0.425244 -0.029243 1.000000 
0.113063 -0.843413 -0.785239 0.098997 -1.556034 -0.167555 0.425010 -0.029496 1.000000 
0.106290 -0.849851 -0.784292 0.137879 -1.557464 -0.189761 0.424772 -0.029786 1.000000 
0.099466 -0.855974 -0.783033 0.176851 -1.559070 -0.211680 0.424533 -0.030114 1.000000 
0.092595 -0.861779 -0.781462 0.215916 -1.560850 -0.233278 0.424290 -0.030481 1.000000 
0.085679 -0.867263 -0.779578 0.255071 -1.562801 -0.254522 0.424045 -0.030889 1.000000 
0.078720 -0.872423 -0.777380 0.294319 -1.564921 -0.275378 0.423796 -0.031339 1.000000 
0.071721 -0.877257 -0.774869 0.333656 -1.567206 -0.295815 0.423543 -0.031833 1.000000 
0.064685 -0.881759 -0.772042 0.373082 -1.569653 -0.315799 0.423287 -0.032373 1.000000 
0.057614 -0.885926 -0.768899 0.412593 -1.572258 -0.335299 0.423025 -0.032963 1.000000 
0.050511 -0.889752 -0.765440 0.452187 -1.575016 -0.354283 0.422759 -0.033603 1.000000 
0.043379 -0.893234 -0.761664 0.491858 -1.577925 -0.372719 0.422488 -0.034298 1.000000 
0.036220 -0.896365 -0.757570 0.531601 -1.580978 -0.390579 0.422210 -0.035050 1.000000 
0.029038 -0.899141 -0.753158 0.571410 -1.584172 -0.407831 0.421927 -0.035863 1.000000 
0.021835 -0.901555 -0.748427 0.611276 -1.587502 -0.424447 0.421636 -0.036740 1.000000 
0.014614 -0.903601 -0.743378 0.651193 -1.590962 -0.440398 0.421339 -0.037686 1.000000 
0.007378 -0.905273 -0.738008 0.691148 -1.594547 -0.455656 0.421033 -0.038706 1.000000 
0.000130 -0.906565 -0.732319 0.731133 -1.598250 -0.470195 0.420719 -0.039805 1.000000 
-0.007126 -0.907470 -0.726310 0.771133 -1.602068 -0.483988 0.420396 -0.040988 1.000000 
-0.014388 -0.907981 -0.719981 0.811137 -1.605992 -0.497011 0.420063 -0.042262 1.000000 
-0.021653 -0.908090 -0.713332 0.851129 -1.610018 -0.509238 0.419720 -0.043633 1.000000 
-0.028916 -0.907792 -0.706363 0.891094 -1.614138 -0.520647 0.419365 -0.045109 1.000000 
-0.036176 -0.907079 -0.699075 0.931014 -1.618346 -0.531216 0.418997 -0.046699 1.000000 
0.000000 0.000000 0.000000 0.000000 0.000000 0.000000 0.000000 0.000000 0.000000 
