0.455822 1.602662 0.302224 0.678268 -1.724026 0.961487 0.757699 -0.020697 1.000000 
0.468488 1.563688 0.307539 0.650486 -1.716314 0.966163 0.757539 -0.019191 1.000000 
0.480840 1.524318 0.312631 0.622739 -1.708573 0.968758 0.757391 -0.017859 1.000000 
0.492876 1.484619 0.317503 0.595060 -1.700819 0.969293 0.757253 -0.016676 1.000000 
0.504593 1.444652 0.322153 0.567483 -1.693070 0.967788 0.757124 -0.015621 1.000000 
0.515990 1.404477 0.326583 0.540040 -1.685340 0.964270 0.757003 -0.014678 1.000000 
0.527065 1.364150 0.330794 0.512758 -1.677647 0.958771 0.756889 -0.013833 1.000000 
0.537816 1.323727 0.334787 0.485665 -1.670005 0.951324 0.756781 -0.013072 1.000000 
0.548244 1.283255 0.338565 0.458784 -1.662430 0.941967 0.756680 -0.012387 1.000000 
0.558348 1.242784 0.342128 0.432138 -1.654938 0.930741 0.756583 -0.011768 1.000000 
0.568129 1.202356 0.345480 0.405747 -1.647543 0.917690 0.756491 -0.011207 1.000000 
0.577586 1.162012 0.348621 0.379628 -1.640260 0.902861 0.756404 -0.010698 1.000000 
0.586721 1.121788 0.351555 0.353796 -1.633102 0.886302 0.756320 -0.010236 1.000000 
0.595535 1.081717 0.354283 0.328266 -1.626084 0.868065 0.756240 -0.009816 1.000000 
0.604029 1.041829 0.356808 0.303047 -1.619218 0.848203 0.756163 -0.009433 1.000000 
0.612205 1.002149 0.359132 0.278149 -1.612517 0.826771 0.756089 -0.009084 1.000000 
0.620064 0.962700 0.361259 0.253579 -1.605993 0.803827 0.756017 -0.008765 1.000000 
0.627609 0.923502 0.363190 0.229341 -1.599659 0.779427 0.755948 -0.008474 1.000000 
0.634841 0.884568 0.364929 0.205439 -1.593526 0.753632 0.755882 -0.008209 1.000000 
0.641763 0.845911 0.366478 0.181873 -1.587605 0.726502 0.755817 -0.007966 1.000000 
0.648376 0.807540 0.367840 0.158643 -1.581906 0.698099 0.755754 -0.007745 1.000000 
0.654684 0.769460 0.369018 0.135745 -1.576438 0.668483 0.755693 -0.007544 1.000000 
0.660689 0.731674 0.370013 0.113177 -1.571213 0.637718 0.755633 -0.007361 1.000000 
0.666392 0.694180 0.370829 0.090932 -1.566238 0.605868 0.755575 -0.007195 1.000000 
0.671796 0.656975 0.371469 0.069004 -1.561522 0.572994 0.755518 -0.007044 1.000000 
0.676904 0.620052 0.371934 0.047383 -1.557072 0.539162 0.755462 -0.006909 1.000000 
0.681718 0.583402 0.372228 0.026061 -1.552897 0.504435 0.755408 -0.006787 1.000000 
0.686239 0.547014 0.372352 0.005026 -1.549004 0.468878 0.755354 -0.006678 1.000000 
0.690471 0.510874 0.372309 -0.015733 -1.545397 0.432554 0.755301 -0.006582 1.000000 
0.694414 0.474964 0.372101 -0.036229 -1.542085 0.395528 0.755249 -0.006497 1.000000 
0.698071 0.439268 0.371730 -0.056476 -1.539071 0.357863 0.755197 -0.006424 1.000000 
0.701443 0.403763 0.371198 -0.076488 -1.536360 0.319625 0.755146 -0.006362 1.000000 
0.704531 0.368430 0.370507 -0.096279 -1.533958 0.280876 0.755095 -0.006311 1.000000 
0.707338 0.333243 0.369658 -0.115866 -1.531868 0.241682 0.755045 -0.006269 1.000000 
0.709864 0.298178 0.368653 -0.135265 -1.530092 0.202105 0.754995 -0.006238 1.000000 
0.712109 0.263209 0.367494 -0.154490 -1.528635 0.162209 0.754945 -0.006217 1.000000 
0.714075 0.228308 0.366182 -0.173560 -1.527498 0.122058 0.754895 -0.006205 1.000000 
0.715762 0.193447 0.364718 -0.192489 -1.526682 0.081716 0.754846 -0.006203 1.000000 
0.717170 0.158598 0.363102 -0.211295 -1.526190 0.041246 0.754796 -0.006211 1.000000 
0.718300 0.123730 0.361337 -0.229994 -1.526023 0.000712 0.754746 -0.006229 1.000000 
0.719150 0.088815 0.359423 -0.248602 -1.526179 -0.039824 0.754696 -0.006256 1.000000 
0.719720 0.053821 0.357360 -0.267134 -1.526660 -0.080298 0.754646 -0.006294 1.000000 
0.720011 0.018720 0.355149 -0.285607 -1.527463 -0.120645 0.754595 -0.006341 1.000000 
0.720020 -0.016519 0.352790 -0.304035 -1.528589 -0.160804 0.754545 -0.006399 1.000000 
0.719746 -0.051924 0.350284 -0.322433 -1.530036 -0.200710 0.754493 -0.006468 1.000000 
0.719188 -0.087525 0.347631 -0.340813 -1.531800 -0.240300 0.754441 -0.006548 1.000000 
0.718345 -0.123350 0.344831 -0.359190 -1.533879 -0.279511 0.754388 -0.006640 1.000000 
0.717214 -0.159424 0.341884 -0.377575 -1.536271 -0.318278 0.754335 -0.006744 1.000000 
0.715793 -0.195776 0.338790 -0.395978 -1.538971 -0.356538 0.754280 -0.006861 1.000000 
0.714081 -0.232428 0.335548 -0.414411 -1.541974 -0.394227 0.754225 -0.006991 1.000000 
0.712074 -0.269405 0.332159 -0.432882 -1.545276 -0.431281 0.754168 -0.007135 1.000000 
0.709769 -0.306726 0.328622 -0.451398 -1.548873 -0.467636 0.754111 -0.007295 1.000000 
0.707165 -0.344414 0.324937 -0.469967 -1.552757 -0.503229 0.754052 -0.007470 1.000000 
0.704258 -0.382484 0.321103 -0.488593 -1.556922 -0.537995 0.753991 -0.007663 1.000000 
0.701044 -0.420952 0.317119 -0.507280 -1.561362 -0.571871 0.753929 -0.007875 1.000000 
0.697521 -0.459831 0.312986 -0.526030 -1.566069 -0.604793 0.753865 -0.008106 1.000000 
0.693686 -0.499132 0.308702 -0.544845 -1.571036 -0.636698 0.753799 -0.008359 1.000000 
0.689534 -0.538863 0.304268 -0.563723 -1.576254 -0.667522 0.753731 -0.008636 1.000000 
0.685063 -0.579029 0.299683 -0.582662 -1.581713 -0.697203 0.753661 -0.008938 1.000000 
0.680269 -0.619632 0.294945 -0.601658 -1.587406 -0.725678 0.753588 -0.009268 1.000000 
0.675148 -0.660672 0.290056 -0.620705 -1.593321 -0.752887 0.753513 -0.009628 1.000000 
0.669697 -0.702143 0.285014 -0.639796 -1.599448 -0.778767 0.753434 -0.010021 1.000000 
0.663912 -0.744039 0.279819 -0.658921 -1.605778 -0.803261 0.753352 -0.010452 1.000000 
0.657791 -0.786349 0.274471 -0.678070 -1.612297 -0.826307 0.753267 -0.010922 1.000000 
0.651330 -0.829058 0.268970 -0.697228 -1.618994 -0.847850 0.753177 -0.011438 1.000000 
0.644525 -0.872148 0.263316 -0.716383 -1.625858 -0.867833 0.753084 -0.012003 1.000000 
0.637374 -0.915599 0.257508 -0.735517 -1.632875 -0.886202 0.752985 -0.012624 1.000000 
0.629874 -0.959384 0.251547 -0.754613 -1.640033 -0.902903 0.752881 -0.013306 1.000000 
0.622023 -1.003474 0.245434 -0.773649 -1.647317 -0.917887 0.752772 -0.014058 1.000000 
0.613818 -1.047837 0.239169 -0.792605 -1.654714 -0.931105 0.752656 -0.014887 1.000000 
0.605257 -1.092436 0.232753 -0.811458 -1.662210 -0.942511 0.752534 -0.015804 1.000000 
0.596339 -1.137231 0.226186 -0.830182 -1.669790 -0.952062 0.752403 -0.016820 1.000000 
0.587061 -1.182177 0.219470 -0.848751 -1.677438 -0.959719 0.752264 -0.017949 1.000000 
0.577424 -1.227226 0.212607 -0.867136 -1.685140 -0.965444 0.752116 -0.019206 1.000000 
0.567425 -1.272328 0.205597 -0.885309 -1.692880 -0.969204 0.751957 -0.020610 1.000000 
0.557066 -1.317428 0.198442 -0.903239 -1.700642 -0.970970 0.751785 -0.022183 1.000000 
0.546347 -1.362467 0.191146 -0.920894 -1.708410 -0.970716 0.751601 -0.023949 1.000000 
0.535267 -1.407383 0.183709 -0.938239 -1.716168 -0.968421 0.751402 -0.025941 1.000000 
0.523829 -1.452113 0.176135 -0.955243 -1.723899 -0.964069 0.751185 -0.028194 1.000000 
0.512034 -1.496589 0.168426 -0.971869 -1.731588 -0.957646 0.750950 -0.030753 1.000000 
0.499884 -1.540740 0.160586 -0.988082 -1.739216 -0.949147 0.750692 -0.033671 1.000000 
0.487383 -1.584495 0.152618 -1.003845 -1.746768 -0.938569 0.750410 -0.037013 1.000000 
0.474534 -1.627778 0.144526 -1.019122 -1.754228 -0.925915 0.750099 -0.040860 1.000000 
0.461340 -1.670513 0.136313 -1.033877 -1.761578 -0.911196 0.749755 -0.045309 1.000000 
0.447807 -1.712622 0.127985 -1.048071 -1.768801 -0.894426 0.749372 -0.050484 1.000000 
0.433940 -1.754026 0.119546 -1.061669 -1.775883 -0.875626 0.748944 -0.056536 1.000000 
0.419745 -1.794642 0.111000 -1.074633 -1.782806 -0.854823 0.748464 -0.063661 1.000000 
0.405228 -1.834391 0.102354 -1.086928 -1.789555 -0.832050 0.747922 -0.072104 1.000000 
0.390397 -1.873191 0.093611 -1.098517 -1.796114 -0.807347 0.747306 -0.082182 1.000000 
0.375260 -1.910961 0.084779 -1.109367 -1.802467 -0.780760 0.746602 -0.094307 1.000000 
0.359825 -1.947619 0.075864 -1.119444 -1.808601 -0.752343 0.745791 -0.109020 1.000000 
0.344101 -1.983087 0.066870 -1.128715 -1.814500 -0.722155 0.744849 -0.127039 1.000000 
0.328099 -2.017284 0.057806 -1.137149 -1.820151 -0.690262 0.743747 -0.149328 1.000000 
0.311828 -2.050135 0.048678 -1.144719 -1.825540 -0.656737 0.742445 -0.177201 1.000000 
0.295300 -2.081565 0.039493 -1.151395 -1.830655 -0.621663 0.740892 -0.212473 1.000000 
0.278527 -2.111501 0.030258 -1.157154 -1.835483 -0.585127 0.739019 -0.257682 1.000000 
0.261521 -2.139875 0.020981 -1.161971 -1.840013 -0.547226 0.736733 -0.316438 1.000000 
0.244294 -2.166622 0.011669 -1.165828 -1.844235 -0.508064 0.733906 -0.393943 1.000000 
0.226859 -2.191680 0.002331 -1.168706 -1.848139 -0.467757 0.730360 -0.497807 1.000000 
0.209231 -2.214993 -0.007027 -1.170591 -1.851716 -0.426429 0.725841 -0.639287 1.000000 
0.191424 -2.236510 -0.016396 -1.171472 -1.854959 -0.384217 0.719987 -0.835157 1.000000 
0.173452 -2.256188 -0.025768 -1.171343 -1.857862 -0.341273 0.712268 -1.110341 1.000000 
0.155330 -2.273987 -0.035135 -1.170200 -1.860418 -0.297768 0.701915 -1.501061 1.000000 
0.137073 -2.289880 -0.044489 -1.168048 -1.862625 -0.253891 0.687812 -2.056683 1.000000 
0.118697 -2.303849 -0.053821 -1.164895 -1.864480 -0.209864 0.668415 -2.834001 1.000000 
0.100217 -2.315886 -0.063124 -1.160762 -1.865983 -0.165942 0.641775 -3.868512 1.000000 
0.081648 -2.325998 -0.072391 -1.155681 -1.867136 -0.122434 0.605973 -5.100742 1.000000 
0.063006 -2.334210 -0.081613 -1.149704 -1.867944 -0.079718 0.560300 -6.274092 1.000000 
0.044306 -2.340568 -0.090784 -1.142904 -1.868415 -0.038221 0.506923 -6.950307 1.000000 
0.025562 -2.345150 -0.099897 -1.135369 -1.868560 0.001698 0.451325 -6.806753 1.000000 
0.006788 -2.348059 -0.108948 -1.127179 -1.868393 0.039902 0.399949 -5.948847 1.000000 
-0.012003 -2.349405 -0.117931 -1.118388 -1.867926 0.076514 0.356957 -4.783080 1.000000 
-0.030799 -2.349281 -0.126841 -1.109024 -1.867172 0.111795 0.323277 -3.663312 1.000000 
-0.049588 -2.347759 -0.135674 -1.099101 -1.866140 0.146003 0.297787 -2.747605 1.000000 
-0.068359 -2.344887 -0.144425 -1.088628 -1.864838 0.179334 0.278717 -2.054721 1.000000 
-0.087103 -2.340705 -0.153090 -1.077611 -1.863273 0.211915 0.264416 -1.547715 1.000000 
-0.105807 -2.335241 -0.161665 -1.066059 -1.861449 0.243818 0.253582 -1.180274 1.000000 
-0.124463 -2.328519 -0.170146 -1.053983 -1.859373 0.275077 0.245265 -0.913161 1.000000 
-0.143060 -2.320562 -0.178527 -1.041394 -1.857050 0.305700 0.238783 -0.717119 1.000000 
-0.161589 -2.311390 -0.186807 -1.028304 -1.854484 0.335681 0.233657 -0.571415 1.000000 
-0.180039 -2.301026 -0.194979 -1.014727 -1.851681 0.365002 0.229545 -0.461625 1.000000 
-0.198402 -2.289490 -0.203041 -1.000677 -1.848646 0.393638 0.226202 -0.377742 1.000000 
-0.216668 -2.276804 -0.210989 -0.986170 -1.845384 0.421561 0.223451 -0.312783 1.000000 
-0.234828 -2.262992 -0.218819 -0.971222 -1.841903 0.448740 0.221160 -0.261832 1.000000 
-0.252873 -2.248077 -0.226527 -0.955848 -1.838207 0.475142 0.219234 -0.221385 1.000000 
-0.270794 -2.232084 -0.234111 -0.940066 -1.834302 0.500736 0.217597 -0.188915 1.000000 
-0.288584 -2.215038 -0.241567 -0.923893 -1.830197 0.525488 0.216195 -0.162576 1.000000 
-0.306232 -2.196967 -0.248892 -0.907346 -1.825897 0.549367 0.214983 -0.141005 1.000000 
-0.323732 -2.177897 -0.256084 -0.890444 -1.821410 0.572341 0.213929 -0.123178 1.000000 
-0.341076 -2.157857 -0.263139 -0.873204 -1.816742 0.594382 0.213004 -0.108325 1.000000 
-0.358256 -2.136877 -0.270054 -0.855644 -1.811902 0.615459 0.212189 -0.095853 1.000000 
-0.375264 -2.114986 -0.276828 -0.837784 -1.806897 0.635547 0.211466 -0.085305 1.000000 
-0.392093 -2.092215 -0.283458 -0.819641 -1.801736 0.654620 0.210820 -0.076326 1.000000 
-0.408737 -2.068595 -0.289942 -0.801234 -1.796426 0.672655 0.210241 -0.068635 1.000000 
-0.425188 -2.044157 -0.296277 -0.782581 -1.790976 0.689629 0.209719 -0.062008 1.000000 
-0.441441 -2.018933 -0.302462 -0.763701 -1.785395 0.705523 0.209246 -0.056268 1.000000 
-0.457489 -1.992956 -0.308496 -0.744612 -1.779691 0.720318 0.208817 -0.051272 1.000000 
-0.473327 -1.966258 -0.314376 -0.725332 -1.773873 0.733998 0.208424 -0.046901 1.000000 
-0.488948 -1.938871 -0.320100 -0.705879 -1.767950 0.746549 0.208065 -0.043061 1.000000 
-0.504347 -1.910829 -0.325669 -0.686270 -1.761931 0.757958 0.207734 -0.039674 1.000000 
-0.519519 -1.882162 -0.331080 -0.666523 -1.755826 0.768216 0.207429 -0.036674 1.000000 
-0.534460 -1.852905 -0.336333 -0.646654 -1.749643 0.777313 0.207147 -0.034007 1.000000 
-0.549164 -1.823089 -0.341427 -0.626681 -1.743392 0.785244 0.206884 -0.031628 1.000000 
-0.563628 -1.792746 -0.346360 -0.606620 -1.737082 0.792003 0.206640 -0.029500 1.000000 
-0.577847 -1.761907 -0.351132 -0.586486 -1.730723 0.797587 0.206412 -0.027589 1.000000 
-0.591817 -1.730603 -0.355744 -0.566294 -1.724324 0.801996 0.206198 -0.025869 1.000000 
-0.605535 -1.698866 -0.360193 -0.546060 -1.717894 0.805231 0.205997 -0.024316 1.000000 
-0.618998 -1.666725 -0.364480 -0.525798 -1.711443 0.807294 0.205808 -0.022911 1.000000 
-0.632202 -1.634208 -0.368606 -0.505522 -1.704980 0.808190 0.205630 -0.021637 1.000000 
-0.645144 -1.601346 -0.372569 -0.485245 -1.698515 0.807924 0.205462 -0.020478 1.000000 
-0.657823 -1.568165 -0.376370 -0.464979 -1.692057 0.806505 0.205302 -0.019422 1.000000 
-0.670234 -1.534692 -0.380008 -0.444738 -1.685614 0.803942 0.205151 -0.018458 1.000000 
-0.682377 -1.500954 -0.383486 -0.424531 -1.679197 0.800245 0.205007 -0.017577 1.000000 
-0.694249 -1.466976 -0.386801 -0.404371 -1.672813 0.795427 0.204870 -0.016769 1.000000 
-0.705848 -1.432782 -0.389956 -0.384267 -1.666473 0.789503 0.204738 -0.016027 1.000000 
-0.717173 -1.398395 -0.392950 -0.364230 -1.660184 0.782486 0.204613 -0.015346 1.000000 
-0.728222 -1.363837 -0.395783 -0.344268 -1.653956 0.774394 0.204493 -0.014719 1.000000 
-0.738994 -1.329130 -0.398458 -0.324390 -1.647797 0.765245 0.204377 -0.014141 1.000000 
-0.749488 -1.294293 -0.400974 -0.304603 -1.641715 0.755056 0.204266 -0.013607 1.000000 
-0.759702 -1.259345 -0.403332 -0.284915 -1.635718 0.743850 0.204159 -0.013115 1.000000 
-0.769637 -1.224305 -0.405533 -0.265333 -1.629816 0.731646 0.204056 -0.012659 1.000000 
-0.779291 -1.189188 -0.407578 -0.245861 -1.624015 0.718468 0.203957 -0.012238 1.000000 
-0.788664 -1.154011 -0.409467 -0.226507 -1.618323 0.704338 0.203860 -0.011848 1.000000 
-0.797755 -1.118788 -0.411202 -0.207274 -1.612748 0.689280 0.203767 -0.011487 1.000000 
-0.806564 -1.083531 -0.412784 -0.188166 -1.607297 0.673321 0.203677 -0.011152 1.000000 
-0.815091 -1.048254 -0.414213 -0.169187 -1.601977 0.656485 0.203589 -0.010842 1.000000 
-0.823336 -1.012966 -0.415491 -0.150341 -1.596795 0.638799 0.203503 -0.010555 1.000000 
-0.831299 -0.977679 -0.416619 -0.131630 -1.591758 0.620292 0.203420 -0.010288 1.000000 
-0.838979 -0.942399 -0.417597 -0.113055 -1.586873 0.600990 0.203338 -0.010042 1.000000 
-0.846377 -0.907136 -0.418428 -0.094618 -1.582145 0.580923 0.203259 -0.009813 1.000000 
-0.853493 -0.871896 -0.419112 -0.076321 -1.577580 0.560120 0.203181 -0.009602 1.000000 
-0.860328 -0.836684 -0.419650 -0.058163 -1.573185 0.538611 0.203105 -0.009406 1.000000 
-0.866880 -0.801504 -0.420043 -0.040145 -1.568964 0.516426 0.203031 -0.009226 1.000000 
-0.873152 -0.766361 -0.420292 -0.022267 -1.564923 0.493596 0.202958 -0.009060 1.000000 
-0.879142 -0.731256 -0.420399 -0.004527 -1.561068 0.470153 0.202886 -0.008907 1.000000 
-0.884852 -0.696191 -0.420365 0.013076 -1.557403 0.446127 0.202815 -0.008767 1.000000 
-0.890281 -0.661167 -0.420191 0.030542 -1.553931 0.421551 0.202746 -0.008639 1.000000 
-0.895431 -0.626183 -0.419877 0.047874 -1.550659 0.396458 0.202677 -0.008522 1.000000 
-0.900300 -0.591239 -0.419425 0.065074 -1.547589 0.370879 0.202609 -0.008417 1.000000 
-0.904891 -0.556332 -0.418836 0.082145 -1.544726 0.344848 0.202542 -0.008322 1.000000 
-0.909202 -0.521460 -0.418111 0.099088 -1.542073 0.318398 0.202476 -0.008237 1.000000 
-0.913234 -0.486620 -0.417251 0.115906 -1.539633 0.291562 0.202410 -0.008162 1.000000 
-0.916988 -0.451808 -0.416257 0.132604 -1.537409 0.264373 0.202345 -0.008096 1.000000 
-0.920463 -0.417019 -0.415130 0.149184 -1.535404 0.236866 0.202281 -0.008040 1.000000 
-0.923660 -0.382249 -0.413870 0.165649 -1.533620 0.209074 0.202217 -0.007992 1.000000 
-0.926579 -0.347491 -0.412479 0.182002 -1.532059 0.181031 0.202153 -0.007953 1.000000 
-0.929220 -0.312740 -0.410958 0.198248 -1.530724 0.152771 0.202089 -0.007923 1.000000 
-0.931583 -0.277989 -0.409308 0.214390 -1.529615 0.124328 0.202026 -0.007901 1.000000 
-0.933668 -0.243232 -0.407528 0.230432 -1.528735 0.095737 0.201963 -0.007888 1.000000 
-0.935475 -0.208462 -0.405621 0.246377 -1.528084 0.067031 0.201900 -0.007883 1.000000 
-0.937003 -0.173670 -0.403587 0.262229 -1.527663 0.038245 0.201837 -0.007886 1.000000 
-0.938253 -0.138851 -0.401426 0.277992 -1.527472 0.009414 0.201774 -0.007897 1.000000 
-0.939225 -0.103996 -0.399139 0.293668 -1.527512 -0.019428 0.201710 -0.007917 1.000000 
-0.939917 -0.069097 -0.396727 0.309262 -1.527783 -0.048247 0.201647 -0.007945 1.000000 
-0.940330 -0.034148 -0.394191 0.324777 -1.528284 -0.077009 0.201583 -0.007982 1.000000 
-0.940463 0.000860 -0.391531 0.340215 -1.529015 -0.105679 0.201519 -0.008027 1.000000 
-0.940316 0.035934 -0.388748 0.355580 -1.529975 -0.134223 0.201455 -0.008081 1.000000 
-0.939888 0.071081 -0.385842 0.370875 -1.531162 -0.162607 0.201390 -0.008144 1.000000 
-0.939179 0.106309 -0.382814 0.386102 -1.532576 -0.190796 0.201325 -0.008216 1.000000 
-0.938187 0.141624 -0.379664 0.401264 -1.534214 -0.218756 0.201258 -0.008298 1.000000 
-0.936912 0.177033 -0.376394 0.416362 -1.536075 -0.246454 0.201192 -0.008389 1.000000 
-0.935354 0.212542 -0.373003 0.431399 -1.538157 -0.273856 0.201124 -0.008491 1.000000 
-0.933512 0.248156 -0.369492 0.446375 -1.540456 -0.300928 0.201056 -0.008603 1.000000 
-0.931383 0.283881 -0.365861 0.461292 -1.542970 -0.327636 0.200987 -0.008726 1.000000 
-0.928969 0.319722 -0.362111 0.476151 -1.545697 -0.353947 0.200916 -0.008861 1.000000 
-0.926268 0.355682 -0.358243 0.490952 -1.548632 -0.379829 0.200845 -0.009008 1.000000 
-0.923278 0.391765 -0.354256 0.505695 -1.551773 -0.405247 0.200772 -0.009167 1.000000 
-0.919999 0.427974 -0.350152 0.520379 -1.555115 -0.430170 0.200698 -0.009340 1.000000 
-0.916430 0.464310 -0.345930 0.535005 -1.558654 -0.454565 0.200623 -0.009527 1.000000 
-0.912570 0.500775 -0.341592 0.549571 -1.562387 -0.478399 0.200546 -0.009729 1.000000 
-0.908417 0.537369 -0.337137 0.564075 -1.566307 -0.501642 0.200467 -0.009946 1.000000 
-0.903971 0.574092 -0.332567 0.578515 -1.570411 -0.524262 0.200386 -0.010181 1.000000 
-0.899231 0.610942 -0.327881 0.592889 -1.574694 -0.546228 0.200304 -0.010433 1.000000 
-0.894196 0.647917 -0.323081 0.607194 -1.579149 -0.567510 0.200219 -0.010705 1.000000 
-0.888864 0.685014 -0.318166 0.621426 -1.583772 -0.588077 0.200133 -0.010998 1.000000 
-0.883235 0.722228 -0.313138 0.635582 -1.588556 -0.607899 0.200043 -0.011312 1.000000 
-0.877308 0.759553 -0.307997 0.649657 -1.593496 -0.626949 0.199952 -0.011650 1.000000 
-0.871082 0.796983 -0.302744 0.663646 -1.598585 -0.645198 0.199857 -0.012014 1.000000 
-0.864556 0.834511 -0.297379 0.677543 -1.603817 -0.662618 0.199759 -0.012405 1.000000 
-0.857730 0.872128 -0.291903 0.691344 -1.609185 -0.679183 0.199658 -0.012826 1.000000 
-0.850602 0.909824 -0.286318 0.705042 -1.614682 -0.694865 0.199554 -0.013280 1.000000 
-0.843173 0.947587 -0.280623 0.718629 -1.620300 -0.709640 0.199446 -0.013769 1.000000 
-0.835441 0.985405 -0.274820 0.732100 -1.626034 -0.723483 0.199334 -0.014296 1.000000 
-0.827406 1.023266 -0.268910 0.745445 -1.631874 -0.736371 0.199217 -0.014864 1.000000 
-0.819068 1.061154 -0.262893 0.758657 -1.637813 -0.748281 0.199096 -0.015479 1.000000 
-0.810427 1.099053 -0.256772 0.771727 -1.643843 -0.759191 0.198969 -0.016143 1.000000 
-0.801483 1.136947 -0.250546 0.784647 -1.649957 -0.769081 0.198837 -0.016862 1.000000 
-0.792236 1.174817 -0.244218 0.797406 -1.656146 -0.777931 0.198699 -0.017641 1.000000 
-0.782687 1.212644 -0.237788 0.809995 -1.662401 -0.785723 0.198555 -0.018486 1.000000 
-0.772834 1.250407 -0.231258 0.822403 -1.668715 -0.792440 0.198403 -0.019405 1.000000 
-0.762680 1.288084 -0.224630 0.834621 -1.675077 -0.798066 0.198244 -0.020405 1.000000 
-0.752225 1.325653 -0.217905 0.846636 -1.681481 -0.802588 0.198076 -0.021494 1.000000 
-0.741470 1.363089 -0.211084 0.858439 -1.687916 -0.805992 0.197900 -0.022684 1.000000 
-0.730416 1.400368 -0.204170 0.870016 -1.694374 -0.808267 0.197713 -0.023986 1.000000 
-0.719065 1.437463 -0.197165 0.881357 -1.700845 -0.809403 0.197516 -0.025412 1.000000 
-0.707417 1.474348 -0.190069 0.892449 -1.707321 -0.809391 0.197306 -0.026978 1.000000 
-0.695476 1.510994 -0.182886 0.903281 -1.713792 -0.808226 0.197084 -0.028702 1.000000 
-0.683242 1.547372 -0.175618 0.913838 -1.720250 -0.805902 0.196847 -0.030603 1.000000 
-0.670719 1.583454 -0.168266 0.924110 -1.726684 -0.802416 0.196593 -0.032704 1.000000 
-0.657908 1.619207 -0.160833 0.934083 -1.733085 -0.797766 0.196323 -0.035033 1.000000 
-0.644812 1.654601 -0.153321 0.943744 -1.739445 -0.791954 0.196032 -0.037621 1.000000 
-0.631435 1.689605 -0.145734 0.953081 -1.745753 -0.784981 0.195720 -0.040505 1.000000 
-0.617780 1.724185 -0.138073 0.962081 -1.752001 -0.776851 0.195383 -0.043728 1.000000 
-0.603849 1.758308 -0.130341 0.970730 -1.758180 -0.767572 0.195019 -0.047342 1.000000 
-0.589648 1.791942 -0.122542 0.979017 -1.764279 -0.757150 0.194625 -0.051406 1.000000 
-0.575180 1.825052 -0.114678 0.986928 -1.770291 -0.745597 0.194195 -0.055993 1.000000 
-0.560449 1.857604 -0.106752 0.994451 -1.776206 -0.732925 0.193727 -0.061190 1.000000 
-0.545460 1.889565 -0.098768 1.001574 -1.782015 -0.719148 0.193214 -0.067100 1.000000 
-0.530217 1.920899 -0.090728 1.008285 -1.787709 -0.704282 0.192651 -0.073849 1.000000 
-0.514727 1.951573 -0.082636 1.014571 -1.793281 -0.688347 0.192030 -0.081590 1.000000 
-0.498994 1.981551 -0.074496 1.020422 -1.798720 -0.671362 0.191343 -0.090509 1.000000 
-0.483024 2.010801 -0.066311 1.025827 -1.804020 -0.653352 0.190578 -0.100836 1.000000 
-0.466823 2.039289 -0.058084 1.030774 -1.809171 -0.634341 0.189725 -0.112856 1.000000 
-0.450398 2.066981 -0.049820 1.035254 -1.814167 -0.614356 0.188767 -0.126924 1.000000 
-0.433754 2.093844 -0.041521 1.039256 -1.818998 -0.593427 0.187687 -0.143485 1.000000 
-0.416898 2.119847 -0.033193 1.042772 -1.823659 -0.571586 0.186463 -0.163103 1.000000 
-0.399839 2.144957 -0.024838 1.045793 -1.828141 -0.548867 0.185068 -0.186493 1.000000 
-0.382582 2.169144 -0.016462 1.048312 -1.832439 -0.525305 0.183467 -0.214577 1.000000 
-0.365135 2.192379 -0.008067 1.050319 -1.836544 -0.500941 0.181619 -0.248543 1.000000 
-0.347506 2.214633 0.000342 1.051810 -1.840452 -0.475814 0.179470 -0.289938 1.000000 
-0.329703 2.235879 0.008761 1.052779 -1.844155 -0.449970 0.176955 -0.340793 1.000000 
-0.311735 2.256090 0.017185 1.053219 -1.847649 -0.423453 0.173985 -0.403781 1.000000 
-0.293609 2.275242 0.025611 1.053128 -1.850929 -0.396314 0.170452 -0.482447 1.000000 
-0.275334 2.293311 0.034034 1.052501 -1.853989 -0.368605 0.166212 -0.581495 1.000000 
-0.256919 2.310277 0.042450 1.051338 -1.856825 -0.340382 0.161078 -0.707158 1.000000 
-0.238372 2.326121 0.050854 1.049636 -1.859434 -0.311706 0.154805 -0.867622 1.000000 
-0.219704 2.340825 0.059242 1.047396 -1.861811 -0.282640 0.147075 -1.073430 1.000000 
-0.200922 2.354374 0.067611 1.044620 -1.863955 -0.253254 0.137475 -1.337625 1.000000 
-0.182037 2.366757 0.075955 1.041310 -1.865863 -0.223624 0.125478 -1.675125 1.000000 
-0.163057 2.377965 0.084270 1.037472 -1.867533 -0.193834 0.110438 -2.100262 1.000000 
-0.143993 2.387992 0.092553 1.033114 -1.868964 -0.163975 0.091617 -2.620843 1.000000 
-0.124853 2.396838 0.100799 1.028244 -1.870156 -0.134148 0.068274 -3.227022 1.000000 
-0.105646 2.404505 0.109004 1.022877 -1.871111 -0.104465 0.039867 -3.875806 1.000000 
-0.086384 2.411004 0.117163 1.017030 -1.871829 -0.075046 0.006377 -4.479522 1.000000 
-0.067064 2.417301 0.125251 1.006270 -1.871986 0.008689 0.025497 4.767840 -1.000000 
-0.047715 2.419620 0.133269 0.998118 -1.871797 0.038633 0.063646 4.718526 -1.000000 
-0.028353 2.420761 0.141220 0.989433 -1.871366 0.069139 0.100227 4.384834 -1.000000 
-0.008986 2.420687 0.149098 0.980215 -1.870689 0.100092 0.133278 3.855091 -1.000000 
0.010375 2.419367 0.156902 0.970470 -1.869764 0.131360 0.161702 3.246864 -1.000000 
0.029720 2.416779 0.164625 0.960204 -1.868587 0.162808 0.185278 2.655971 -1.000000 
0.049040 2.412908 0.172263 0.949426 -1.867159 0.194312 0.204390 2.136276 -1.000000 
0.068323 2.407746 0.179814 0.938145 -1.865478 0.225758 0.219698 1.705796 -1.000000 
0.087560 2.401291 0.187272 0.926372 -1.863547 0.257043 0.231913 1.361346 -1.000000 
0.106741 2.393544 0.194635 0.914117 -1.861366 0.288073 0.241677 1.090685 -1.000000 
0.125854 2.384512 0.201897 0.901393 -1.858939 0.318763 0.249523 0.879594 -1.000000 
0.144889 2.374206 0.209056 0.888213 -1.856267 0.349034 0.255874 0.715090 -1.000000 
0.163838 2.362639 0.216107 0.874592 -1.853355 0.378813 0.261060 0.586455 -1.000000 
0.182688 2.349827 0.223048 0.860544 -1.850208 0.408032 0.265331 0.485274 -1.000000 
0.201432 2.335789 0.229875 0.846085 -1.846828 0.436629 0.268880 0.405107 -1.000000 
0.220058 2.320547 0.236584 0.831232 -1.843223 0.464545 0.271855 0.341079 -1.000000 
0.238557 2.304122 0.243174 0.816000 -1.839398 0.491724 0.274370 0.289518 -1.000000 
0.256921 2.286541 0.249639 0.800407 -1.835358 0.518115 0.276513 0.247654 -1.000000 
0.275139 2.267830 0.255979 0.784471 -1.831110 0.543668 0.278353 0.213387 -1.000000 
0.293203 2.248019 0.262190 0.768209 -1.826661 0.568339 0.279944 0.185122 -1.000000 
0.311104 2.227136 0.268270 0.751641 -1.822019 0.592083 0.281328 0.161632 -1.000000 
0.328834 2.205213 0.274216 0.734783 -1.817191 0.614862 0.282540 0.141974 -1.000000 
0.346385 2.182283 0.280026 0.717655 -1.812184 0.636638 0.283608 0.125411 -1.000000 
0.363748 2.158379 0.285697 0.700275 -1.807007 0.657375 0.284553 0.111368 -1.000000 
0.380917 2.133536 0.291229 0.682661 -1.801669 0.677042 0.285395 0.099391 -1.000000 
0.397882 2.107788 0.296619 0.664834 -1.796178 0.695609 0.286148 0.089118 -1.000000 
0.414639 2.081172 0.301866 0.646810 -1.790542 0.713049 0.286825 0.080260 -1.000000 
0.431179 2.053724 0.306968 0.628608 -1.784772 0.729339 0.287435 0.072583 -1.000000 
0.447496 2.025481 0.311923 0.610247 -1.778876 0.744455 0.287989 0.065899 -1.000000 
0.463585 1.996479 0.316732 0.591745 -1.772864 0.758378 0.288492 0.060054 -1.000000 
0.479438 1.966757 0.321391 0.573119 -1.766745 0.771092 0.288951 0.054921 -1.000000 
0.495051 1.936351 0.325901 0.554387 -1.760530 0.782582 0.289372 0.050395 -1.000000 
0.510418 1.905298 0.330261 0.535566 -1.754227 0.792836 0.289759 0.046390 -1.000000 
0.525534 1.873635 0.334470 0.516672 -1.747847 0.801843 0.290116 0.042832 -1.000000 
0.540395 1.841400 0.338528 0.497722 -1.741401 0.809598 0.290445 0.039663 -1.000000 
0.554995 1.808628 0.342433 0.478731 -1.734897 0.816094 0.290751 0.036829 -1.000000 
0.569331 1.775356 0.346187 0.459715 -1.728347 0.821329 0.291035 0.034289 -1.000000 
0.583400 1.741618 0.349789 0.440689 -1.721759 0.825301 0.291300 0.032005 -1.000000 
0.597196 1.707450 0.353238 0.421666 -1.715145 0.828014 0.291548 0.029946 -1.000000 
0.610718 1.672885 0.356536 0.402661 -1.708514 0.829469 0.291780 0.028085 -1.000000 
0.623961 1.637956 0.359681 0.383687 -1.701877 0.829673 0.291998 0.026399 -1.000000 
0.636924 1.602696 0.362675 0.364755 -1.695243 0.828633 0.292203 0.024868 -1.000000 
0.649604 1.567135 0.365517 0.345879 -1.688622 0.826358 0.292396 0.023475 -1.000000 
0.661998 1.531305 0.368209 0.327068 -1.682025 0.822860 0.292579 0.022205 -1.000000 
0.674104 1.495233 0.370750 0.308334 -1.675460 0.818152 0.292752 0.021044 -1.000000 
0.685921 1.458948 0.373142 0.289686 -1.668937 0.812248 0.292916 0.019982 -1.000000 
0.697447 1.422476 0.375386 0.271135 -1.662467 0.805165 0.293072 0.019009 -1.000000 
0.708680 1.385844 0.377481 0.252687 -1.656058 0.796921 0.293220 0.018115 -1.000000 
0.719620 1.349075 0.379429 0.234352 -1.649719 0.787535 0.293362 0.017294 -1.000000 
0.730265 1.312192 0.381231 0.216136 -1.643460 0.777027 0.293497 0.016537 -1.000000 
0.740614 1.275216 0.382887 0.198046 -1.637290 0.765421 0.293627 0.015839 -1.000000 
0.750668 1.238169 0.384400 0.180089 -1.631216 0.752738 0.293751 0.015196 -1.000000 
0.760425 1.201069 0.385769 0.162268 -1.625249 0.739004 0.293870 0.014601 -1.000000 
0.769885 1.163932 0.386997 0.144590 -1.619395 0.724244 0.293984 0.014051 -1.000000 
0.779048 1.126776 0.388083 0.127058 -1.613663 0.708486 0.294095 0.013542 -1.000000 
0.787913 1.089616 0.389030 0.109676 -1.608062 0.691756 0.294201 0.013070 -1.000000 
0.796482 1.052463 0.389838 0.092446 -1.602598 0.674084 0.294304 0.012633 -1.000000 
0.804753 1.015332 0.390509 0.075370 -1.597279 0.655498 0.294403 0.012227 -1.000000 
0.812727 0.978231 0.391045 0.058451 -1.592112 0.636030 0.294500 0.011851 -1.000000 
0.820405 0.941170 0.391445 0.041690 -1.587105 0.615711 0.294593 0.011502 -1.000000 
0.827786 0.904158 0.391712 0.025088 -1.582263 0.594571 0.294684 0.011179 -1.000000 
0.834871 0.867200 0.391847 0.008643 -1.577594 0.572644 0.294772 0.010878 -1.000000 
0.841661 0.830303 0.391851 -0.007642 -1.573103 0.549963 0.294858 0.010600 -1.000000 
0.848156 0.793470 0.391725 -0.023770 -1.568796 0.526560 0.294942 0.010341 -1.000000 
0.854357 0.756705 0.391471 -0.039742 -1.564680 0.502471 0.295023 0.010102 -1.000000 
0.860264 0.720009 0.391090 -0.055558 -1.560758 0.477729 0.295103 0.009880 -1.000000 
0.865877 0.683382 0.390582 -0.071221 -1.557038 0.452370 0.295181 0.009675 -1.000000 
0.871198 0.646825 0.389950 -0.086734 -1.553522 0.426428 0.295258 0.009486 -1.000000 
0.876227 0.610336 0.389195 -0.102097 -1.550216 0.399940 0.295333 0.009312 -1.000000 
0.880964 0.573913 0.388317 -0.117316 -1.547124 0.372942 0.295407 0.009152 -1.000000 
0.885410 0.537552 0.387318 -0.132391 -1.544250 0.345468 0.295480 0.009005 -1.000000 
0.889565 0.501249 0.386199 -0.147327 -1.541598 0.317557 0.295551 0.008870 -1.000000 
0.893430 0.464999 0.384962 -0.162127 -1.539171 0.289244 0.295622 0.008748 -1.000000 
0.897005 0.428796 0.383606 -0.176795 -1.536971 0.260566 0.295691 0.008638 -1.000000 
0.900291 0.392634 0.382133 -0.191335 -1.535002 0.231561 0.295760 0.008538 -1.000000 
0.903287 0.356506 0.380545 -0.205750 -1.533267 0.202265 0.295828 0.008450 -1.000000 
0.905995 0.320404 0.378841 -0.220044 -1.531767 0.172716 0.295895 0.008372 -1.000000 
0.908414 0.284320 0.377024 -0.234222 -1.530504 0.142951 0.295962 0.008303 -1.000000 
0.910544 0.248246 0.375094 -0.248287 -1.529480 0.113008 0.296028 0.008245 -1.000000 
0.912386 0.212172 0.373052 -0.262244 -1.528696 0.082924 0.296094 0.008196 -1.000000 
0.913939 0.176088 0.370899 -0.276096 -1.528154 0.052737 0.296159 0.008157 -1.000000 
0.915203 0.139987 0.368635 -0.289847 -1.527853 0.022484 0.296224 0.008126 -1.000000 
0.916178 0.103857 0.366261 -0.303502 -1.527794 -0.007797 0.296289 0.008105 -1.000000 
0.916864 0.067689 0.363779 -0.317064 -1.527977 -0.038068 0.296354 0.008093 -1.000000 
0.917261 0.031473 0.361189 -0.330536 -1.528403 -0.068292 0.296419 0.008090 -1.000000 
0.917368 -0.004800 0.358491 -0.343923 -1.529070 -0.098431 0.296484 0.008096 -1.000000 
0.917184 -0.041141 0.355686 -0.357226 -1.529977 -0.128447 0.296548 0.008111 -1.000000 
0.916709 -0.077558 0.352775 -0.370450 -1.531125 -0.158303 0.296613 0.008135 -1.000000 
0.915943 -0.114062 0.349759 -0.383597 -1.532510 -0.187960 0.296679 0.008168 -1.000000 
0.914884 -0.150661 0.346638 -0.396669 -1.534131 -0.217383 0.296744 0.008210 -1.000000 
0.913532 -0.187364 0.343412 -0.409669 -1.535987 -0.246533 0.296810 0.008262 -1.000000 
0.911886 -0.224179 0.340083 -0.422599 -1.538075 -0.275372 0.296876 0.008324 -1.000000 
0.909945 -0.261113 0.336651 -0.435460 -1.540392 -0.303865 0.296943 0.008396 -1.000000 
0.907708 -0.298174 0.333116 -0.448253 -1.542936 -0.331973 0.297011 0.008478 -1.000000 
0.905174 -0.335368 0.329479 -0.460980 -1.545703 -0.359660 0.297079 0.008571 -1.000000 
0.902342 -0.372701 0.325741 -0.473641 -1.548689 -0.386890 0.297148 0.008675 -1.000000 
0.899210 -0.410177 0.321901 -0.486236 -1.551892 -0.413625 0.297218 0.008790 -1.000000 
0.895778 -0.447802 0.317961 -0.498764 -1.555306 -0.439830 0.297288 0.008918 -1.000000 
0.892045 -0.485577 0.313921 -0.511226 -1.558927 -0.465469 0.297360 0.009058 -1.000000 
0.888009 -0.523506 0.309782 -0.523619 -1.562752 -0.490506 0.297433 0.009211 -1.000000 
0.883669 -0.561590 0.305543 -0.535942 -1.566774 -0.514906 0.297508 0.009379 -1.000000 
0.879023 -0.599828 0.301207 -0.548193 -1.570988 -0.538634 0.297584 0.009562 -1.000000 
0.874071 -0.638220 0.296772 -0.560370 -1.575390 -0.561655 0.297661 0.009760 -1.000000 
0.868811 -0.676764 0.292241 -0.572469 -1.579973 -0.583936 0.297740 0.009975 -1.000000 
0.863242 -0.715457 0.287613 -0.584487 -1.584731 -0.605443 0.297820 0.010208 -1.000000 
0.857363 -0.754293 0.282889 -0.596419 -1.589658 -0.626143 0.297903 0.010461 -1.000000 
0.851173 -0.793268 0.278071 -0.608263 -1.594747 -0.646004 0.297988 0.010734 -1.000000 
0.844671 -0.832375 0.273158 -0.620011 -1.599992 -0.664994 0.298075 0.011029 -1.000000 
0.837855 -0.871604 0.268151 -0.631659 -1.605384 -0.683082 0.298164 0.011348 -1.000000 
0.830725 -0.910945 0.263051 -0.643201 -1.610918 -0.700238 0.298257 0.011693 -1.000000 
0.823279 -0.950389 0.257860 -0.654630 -1.616586 -0.716432 0.298352 0.012067 -1.000000 
0.815518 -0.989921 0.252578 -0.665940 -1.622379 -0.731637 0.298450 0.012470 -1.000000 
0.807441 -1.029529 0.247205 -0.677123 -1.628289 -0.745824 0.298551 0.012907 -1.000000 
0.799046 -1.069195 0.241744 -0.688171 -1.634309 -0.758966 0.298656 0.013380 -1.000000 
0.790333 -1.108904 0.236195 -0.699075 -1.640430 -0.771040 0.298765 0.013893 -1.000000 
0.781303 -1.148637 0.230559 -0.709828 -1.646643 -0.782019 0.298879 0.014449 -1.000000 
0.771955 -1.188373 0.224838 -0.720419 -1.652939 -0.791881 0.298997 0.015053 -1.000000 
0.762289 -1.228092 0.219033 -0.730840 -1.659310 -0.800604 0.299120 0.015710 -1.000000 
0.752306 -1.267770 0.213145 -0.741079 -1.665746 -0.808168 0.299248 0.016424 -1.000000 
0.742005 -1.307383 0.207176 -0.751128 -1.672237 -0.814553 0.299383 0.017204 -1.000000 
0.731388 -1.346906 0.201128 -0.760975 -1.678775 -0.819743 0.299524 0.018055 -1.000000 
0.720455 -1.386311 0.195001 -0.770609 -1.685350 -0.823720 0.299672 0.018986 -1.000000 
0.709207 -1.425570 0.188798 -0.780019 -1.691952 -0.826471 0.299828 0.020007 -1.000000 
0.697646 -1.464654 0.182521 -0.789193 -1.698570 -0.827983 0.299992 0.021127 -1.000000 
0.685773 -1.503530 0.176172 -0.798120 -1.705196 -0.828245 0.300166 0.022361 -1.000000 
0.673590 -1.542168 0.169752 -0.806788 -1.711819 -0.827248 0.300350 0.023720 -1.000000 
0.661099 -1.580534 0.163264 -0.815184 -1.718429 -0.824985 0.300546 0.025224 -1.000000 
0.648303 -1.618594 0.156710 -0.823296 -1.725015 -0.821450 0.300754 0.026890 -1.000000 
0.635203 -1.656312 0.150092 -0.831111 -1.731568 -0.816640 0.300977 0.028743 -1.000000 
0.621803 -1.693652 0.143413 -0.838619 -1.738078 -0.810554 0.301215 0.030807 -1.000000 
0.608105 -1.730576 0.136675 -0.845804 -1.744534 -0.803193 0.301470 0.033115 -1.000000 
0.594115 -1.767048 0.129881 -0.852657 -1.750926 -0.794560 0.301745 0.035704 -1.000000 
0.579834 -1.803027 0.123034 -0.859163 -1.757243 -0.784660 0.302042 0.038618 -1.000000 
0.565268 -1.838476 0.116135 -0.865310 -1.763477 -0.773501 0.302364 0.041911 -1.000000 
0.550420 -1.873355 0.109190 -0.871087 -1.769616 -0.761092 0.302714 0.045646 -1.000000 
0.535296 -1.907622 0.102199 -0.876482 -1.775651 -0.747445 0.303096 0.049900 -1.000000 
0.519900 -1.941239 0.095167 -0.881482 -1.781572 -0.732574 0.303514 0.054766 -1.000000 
0.504238 -1.974165 0.088096 -0.886076 -1.787369 -0.716496 0.303974 0.060361 -1.000000 
0.488315 -2.006358 0.080991 -0.890253 -1.793033 -0.699229 0.304482 0.066826 -1.000000 
0.472138 -2.037779 0.073853 -0.894002 -1.798554 -0.680794 0.305046 0.074337 -1.000000 
0.455713 -2.068388 0.066688 -0.897312 -1.803922 -0.661215 0.305675 0.083114 -1.000000 
0.439046 -2.098143 0.059498 -0.900173 -1.809130 -0.640515 0.306380 0.093435 -1.000000 
0.422145 -2.127006 0.052286 -0.902575 -1.814168 -0.618723 0.307175 0.105654 -1.000000 
0.405016 -2.154937 0.045058 -0.904510 -1.819027 -0.595868 0.308077 0.120225 -1.000000 
0.387668 -2.181898 0.037816 -0.905967 -1.823699 -0.571979 0.309106 0.137737 -1.000000 
0.370109 -2.207851 0.030564 -0.906940 -1.828176 -0.547091 0.310290 0.158961 -1.000000 
0.352346 -2.232758 0.023306 -0.907420 -1.832450 -0.521236 0.311662 0.184918 -1.000000 
0.334387 -2.256585 0.016046 -0.907399 -1.836513 -0.494450 0.313265 0.216975 -1.000000 
0.316243 -2.279296 0.008789 -0.906872 -1.840359 -0.466769 0.315155 0.256987 -1.000000 
0.297922 -2.300856 0.001538 -0.905831 -1.843979 -0.438229 0.317405 0.307498 -1.000000 
0.279433 -2.321234 -0.005703 -0.904271 -1.847368 -0.408866 0.320112 0.372042 -1.000000 
0.260785 -2.340397 -0.012929 -0.902186 -1.850519 -0.378713 0.323408 0.455592 -1.000000 
0.241990 -2.358316 -0.020137 -0.899571 -1.853425 -0.347804 0.327471 0.565223 -1.000000 
0.223056 -2.374961 -0.027321 -0.896421 -1.856082 -0.316164 0.332548 0.711086 -1.000000 
0.203994 -2.390303 -0.034478 -0.892728 -1.858482 -0.283814 0.338984 0.907813 -1.000000 
0.184814 -2.404316 -0.041603 -0.888487 -1.860621 -0.250762 0.347264 1.176383 -1.000000 
0.165528 -2.416972 -0.048692 -0.883688 -1.862492 -0.216995 0.358075 1.546185 -1.000000 
0.146146 -2.428243 -0.055741 -0.878320 -1.864091 -0.182475 0.372375 2.055945 -1.000000 
0.126680 -2.438097 -0.062744 -0.872365 -1.865410 -0.147119 0.391461 2.749329 -1.000000 
0.107141 -2.446499 -0.069697 -0.865800 -1.866442 -0.110783 0.416937 3.655190 -1.000000 
0.087540 -2.453398 -0.076595 -0.858588 -1.867179 -0.073247 0.450425 4.736530 -1.000000 
0.067891 -2.458723 -0.083432 -0.850684 -1.867610 -0.034235 0.492715 5.808559 -1.000000 
0.048205 -2.462374 -0.090204 -0.842038 -1.867722 0.006510 0.542372 6.508844 -1.000000 
0.028497 -2.464217 -0.096903 -0.832613 -1.867501 0.049064 0.594888 6.483914 -1.000000 
0.008783 -2.464111 -0.103524 -0.822396 -1.866933 0.093220 0.644108 5.720450 -1.000000 
-0.010923 -2.461934 -0.110059 -0.811401 -1.866006 0.138563 0.685394 4.574385 -1.000000 
-0.030602 -2.457600 -0.116504 -0.799652 -1.864714 0.184637 0.717344 3.437933 -1.000000 
-0.050238 -2.451058 -0.122852 -0.787172 -1.863051 0.231052 0.740974 2.510519 -1.000000 
-0.069813 -2.442284 -0.129097 -0.773984 -1.861017 0.277483 0.758157 1.822856 -1.000000 
-0.089309 -2.431274 -0.135234 -0.760110 -1.858612 0.323662 0.770670 1.333740 -1.000000 
-0.108708 -2.418040 -0.141257 -0.745575 -1.855840 0.369354 0.779884 0.989950 -1.000000 
-0.127992 -2.402607 -0.147161 -0.730407 -1.852704 0.414355 0.786778 0.747377 -1.000000 
-0.147144 -2.385013 -0.152942 -0.714634 -1.849212 0.458483 0.792026 0.574218 -1.000000 
-0.166146 -2.365301 -0.158594 -0.698288 -1.845372 0.501574 0.796092 0.448725 -1.000000 
-0.184983 -2.343527 -0.164113 -0.681404 -1.841190 0.543481 0.799293 0.356282 -1.000000 
-0.203637 -2.319750 -0.169495 -0.664015 -1.836679 0.584068 0.801854 0.287069 -1.000000 
-0.222094 -2.294038 -0.174736 -0.646158 -1.831849 0.623213 0.803930 0.234434 -1.000000 
-0.240337 -2.266463 -0.179832 -0.627870 -1.826712 0.660802 0.805637 0.193814 -1.000000 
-0.258353 -2.237102 -0.184781 -0.609188 -1.821281 0.696734 0.807055 0.162036 -1.000000 
-0.276126 -2.206036 -0.189578 -0.590150 -1.815569 0.730914 0.808247 0.136860 -1.000000 
-0.293645 -2.173351 -0.194222 -0.570794 -1.809591 0.763258 0.809258 0.116681 -1.000000 
-0.310896 -2.139133 -0.198710 -0.551159 -1.803362 0.793688 0.810124 0.100332 -1.000000 
-0.327867 -2.103473 -0.203040 -0.531284 -1.796897 0.822136 0.810871 0.086957 -1.000000 
-0.344548 -2.066464 -0.207210 -0.511205 -1.790213 0.848542 0.811521 0.075913 -1.000000 
-0.360927 -2.028199 -0.211219 -0.490960 -1.783326 0.872853 0.812091 0.066718 -1.000000 
-0.376996 -1.988772 -0.215065 -0.470586 -1.776253 0.895024 0.812593 0.059004 -1.000000 
-0.392745 -1.948278 -0.218748 -0.450119 -1.769012 0.915019 0.813038 0.052484 -1.000000 
-0.408166 -1.906811 -0.222267 -0.429594 -1.761619 0.932806 0.813435 0.046938 -1.000000 
-0.423251 -1.864465 -0.225622 -0.409044 -1.754093 0.948364 0.813791 0.042190 -1.000000 
-0.437995 -1.821334 -0.228812 -0.388502 -1.746451 0.961677 0.814112 0.038103 -1.000000 
-0.452391 -1.777508 -0.231838 -0.368000 -1.738712 0.972735 0.814402 0.034566 -1.000000 
-0.466434 -1.733077 -0.234700 -0.347567 -1.730893 0.981535 0.814666 0.031489 -1.000000 
-0.480119 -1.688128 -0.237399 -0.327231 -1.723013 0.988083 0.814907 0.028801 -1.000000 
-0.493442 -1.642746 -0.239936 -0.307020 -1.715090 0.992387 0.815128 0.026441 -1.000000 
-0.506402 -1.597013 -0.242312 -0.286958 -1.707141 0.994463 0.815331 0.024362 -1.000000 
-0.518994 -1.551006 -0.244528 -0.267068 -1.699184 0.994332 0.815518 0.022523 -1.000000 
-0.531217 -1.504802 -0.246585 -0.247373 -1.691238 0.992020 0.815692 0.020891 -1.000000 
-0.543070 -1.458470 -0.248486 -0.227891 -1.683318 0.987558 0.815853 0.019437 -1.000000 
-0.554553 -1.412079 -0.250232 -0.208642 -1.675442 0.980981 0.816003 0.018139 -1.000000 
-0.565664 -1.365692 -0.251825 -0.189641 -1.667628 0.972328 0.816144 0.016976 -1.000000 
-0.576404 -1.319367 -0.253267 -0.170902 -1.659890 0.961644 0.816275 0.015931 -1.000000 
-0.586774 -1.273159 -0.254560 -0.152438 -1.652247 0.948975 0.816399 0.014991 -1.000000 
-0.596775 -1.227119 -0.255707 -0.134260 -1.644712 0.934370 0.816515 0.014142 -1.000000 
-0.606408 -1.181291 -0.256709 -0.116377 -1.637302 0.917885 0.816625 0.013374 -1.000000 
-0.615676 -1.135717 -0.257570 -0.098797 -1.630031 0.899574 0.816729 0.012679 -1.000000 
-0.624581 -1.090434 -0.258291 -0.081524 -1.622913 0.879495 0.816828 0.012048 -1.000000 
-0.633124 -1.045472 -0.258875 -0.064563 -1.615963 0.857710 0.816922 0.011474 -1.000000 
-0.641309 -1.000859 -0.259325 -0.047916 -1.609194 0.834279 0.817012 0.010952 -1.000000 
-0.649139 -0.956618 -0.259643 -0.031585 -1.602619 0.809268 0.817098 0.010476 -1.000000 
-0.656616 -0.912768 -0.259831 -0.015569 -1.596250 0.782741 0.817180 0.010042 -1.000000 
-0.663744 -0.869321 -0.259893 0.000134 -1.590099 0.754765 0.817258 0.009646 -1.000000 
-0.670526 -0.826287 -0.259830 0.015527 -1.584178 0.725407 0.817334 0.009284 -1.000000 
-0.676966 -0.783673 -0.259645 0.030614 -1.578496 0.694735 0.817407 0.008954 -1.000000 
-0.683066 -0.741479 -0.259341 0.045401 -1.573065 0.662819 0.817477 0.008652 -1.000000 
-0.688831 -0.699703 -0.258919 0.059894 -1.567894 0.629726 0.817546 0.008376 -1.000000 
-0.694262 -0.658339 -0.258383 0.074100 -1.562992 0.595528 0.817612 0.008125 -1.000000 
-0.699365 -0.617377 -0.257734 0.088029 -1.558368 0.560294 0.817676 0.007895 -1.000000 
-0.704142 -0.576805 -0.256975 0.101689 -1.554030 0.524094 0.817738 0.007687 -1.000000 
-0.708595 -0.536605 -0.256108 0.115090 -1.549985 0.486997 0.817799 0.007497 -1.000000 
-0.712728 -0.496759 -0.255135 0.128242 -1.546241 0.449075 0.817858 0.007325 -1.000000 
-0.716544 -0.457244 -0.254057 0.141156 -1.542802 0.410396 0.817916 0.007170 -1.000000 
-0.720045 -0.418037 -0.252877 0.153845 -1.539676 0.371032 0.817973 0.007030 -1.000000 
-0.723233 -0.379109 -0.251596 0.166319 -1.536867 0.331051 0.818028 0.006906 -1.000000 
-0.726111 -0.340433 -0.250216 0.178590 -1.534381 0.290523 0.818083 0.006795 -1.000000 
-0.728681 -0.301976 -0.248739 0.190672 -1.532220 0.249518 0.818137 0.006697 -1.000000 
-0.730943 -0.263706 -0.247166 0.202577 -1.530389 0.208104 0.818190 0.006612 -1.000000 
-0.732901 -0.225589 -0.245498 0.214316 -1.528891 0.166351 0.818243 0.006539 -1.000000 
-0.734553 -0.187588 -0.243737 0.225902 -1.527729 0.124328 0.818295 0.006478 -1.000000 
-0.735902 -0.149668 -0.241884 0.237348 -1.526903 0.082103 0.818347 0.006429 -1.000000 
-0.736948 -0.111791 -0.239940 0.248666 -1.526415 0.039745 0.818398 0.006390 -1.000000 
-0.737691 -0.073919 -0.237906 0.259867 -1.526267 -0.002677 0.818449 0.006362 -1.000000 
-0.738131 -0.036013 -0.235782 0.270964 -1.526458 -0.045094 0.818500 0.006345 -1.000000 
-0.738267 0.001965 -0.233571 0.281966 -1.526988 -0.087439 0.818551 0.006339 -1.000000 
-0.738099 0.040054 -0.231271 0.292885 -1.527857 -0.129642 0.818601 0.006343 -1.000000 
-0.737626 0.078291 -0.228885 0.303731 -1.529062 -0.171635 0.818652 0.006357 -1.000000 
-0.736846 0.116714 -0.226412 0.314513 -1.530602 -0.213348 0.818703 0.006382 -1.000000 
-0.735758 0.155359 -0.223853 0.325241 -1.532475 -0.254713 0.818754 0.006418 -1.000000 
-0.734359 0.194263 -0.221208 0.335921 -1.534676 -0.295660 0.818806 0.006465 -1.000000 
-0.732649 0.233459 -0.218478 0.346561 -1.537204 -0.336121 0.818858 0.006523 -1.000000 
-0.730623 0.272979 -0.215663 0.357169 -1.540053 -0.376025 0.818910 0.006593 -1.000000 
-0.728280 0.312856 -0.212763 0.367748 -1.543219 -0.415302 0.818963 0.006675 -1.000000 
-0.725616 0.353118 -0.209779 0.378304 -1.546696 -0.453884 0.819017 0.006769 -1.000000 
-0.722629 0.393792 -0.206711 0.388841 -1.550479 -0.491699 0.819071 0.006876 -1.000000 
-0.719314 0.434901 -0.203558 0.399361 -1.554561 -0.528677 0.819127 0.006997 -1.000000 
-0.715669 0.476468 -0.200321 0.409865 -1.558935 -0.564748 0.819183 0.007133 -1.000000 
-0.711690 0.518512 -0.197000 0.420354 -1.563594 -0.599841 0.819241 0.007284 -1.000000 
-0.707372 0.561048 -0.193595 0.430828 -1.568530 -0.633886 0.819300 0.007451 -1.000000 
-0.702712 0.604088 -0.190107 0.441283 -1.573733 -0.666813 0.819360 0.007636 -1.000000 
-0.697705 0.647641 -0.186535 0.451718 -1.579196 -0.698552 0.819422 0.007840 -1.000000 
-0.692348 0.691713 -0.182879 0.462127 -1.584907 -0.729032 0.819486 0.008065 -1.000000 
-0.686636 0.736305 -0.179141 0.472506 -1.590857 -0.758185 0.819551 0.008312 -1.000000 
-0.680566 0.781414 -0.175319 0.482847 -1.597034 -0.785941 0.819619 0.008583 -1.000000 
-0.674132 0.827033 -0.171415 0.493143 -1.603428 -0.812234 0.819689 0.008881 -1.000000 
-0.667332 0.873151 -0.167429 0.503384 -1.610026 -0.836995 0.819761 0.009208 -1.000000 
-0.660161 0.919753 -0.163361 0.513559 -1.616815 -0.860159 0.819836 0.009567 -1.000000 
-0.652615 0.966819 -0.159212 0.523658 -1.623784 -0.881662 0.819914 0.009961 -1.000000 
-0.644690 1.014323 -0.154983 0.533666 -1.630917 -0.901440 0.819996 0.010395 -1.000000 
-0.636384 1.062235 -0.150674 0.543571 -1.638202 -0.919433 0.820081 0.010873 -1.000000 
-0.627694 1.110523 -0.146286 0.553356 -1.645623 -0.935581 0.820170 0.011400 -1.000000 
-0.618615 1.159145 -0.141821 0.563005 -1.653166 -0.949829 0.820263 0.011983 -1.000000 
-0.609146 1.208059 -0.137279 0.572502 -1.660815 -0.962122 0.820362 0.012627 -1.000000 
-0.599285 1.257216 -0.132661 0.581827 -1.668555 -0.972409 0.820466 0.013342 -1.000000 
-0.589030 1.306561 -0.127970 0.590961 -1.676369 -0.980642 0.820575 0.014137 -1.000000 
-0.578380 1.356036 -0.123206 0.599884 -1.684240 -0.986778 0.820692 0.015023 -1.000000 
-0.567334 1.405579 -0.118372 0.608575 -1.692151 -0.990776 0.820816 0.016014 -1.000000 
-0.555891 1.455122 -0.113470 0.617012 -1.700086 -0.992599 0.820948 0.017126 -1.000000 
-0.544052 1.504594 -0.108501 0.625172 -1.708027 -0.992215 0.821090 0.018377 -1.000000 
-0.531818 1.553917 -0.103468 0.633034 -1.715956 -0.989599 0.821243 0.019789 -1.000000 
-0.519190 1.603013 -0.098373 0.640573 -1.723855 -0.984727 0.821408 0.021392 -1.000000 
-0.506170 1.651797 -0.093220 0.647766 -1.731705 -0.977583 0.821586 0.023217 -1.000000 
-0.492762 1.700183 -0.088010 0.654588 -1.739490 -0.968156 0.821780 0.025306 -1.000000 
-0.478969 1.748080 -0.082747 0.661017 -1.747190 -0.956441 0.821992 0.027708 -1.000000 
-0.464794 1.795396 -0.077435 0.667027 -1.754787 -0.942438 0.822224 0.030486 -1.000000 
-0.450244 1.842034 -0.072076 0.672596 -1.762263 -0.926155 0.822481 0.033717 -1.000000 
-0.435324 1.887898 -0.066674 0.677699 -1.769599 -0.907605 0.822765 0.037499 -1.000000 
-0.420040 1.932888 -0.061234 0.682314 -1.776778 -0.886807 0.823082 0.041956 -1.000000 
-0.404400 1.976904 -0.055759 0.686417 -1.783782 -0.863790 0.823439 0.047250 -1.000000 
-0.388413 2.019845 -0.050253 0.689987 -1.790593 -0.838586 0.823841 0.053587 -1.000000 
-0.372086 2.061609 -0.044720 0.693003 -1.797194 -0.811235 0.824299 0.061241 -1.000000 
-0.355430 2.102095 -0.039166 0.695444 -1.803567 -0.781785 0.824825 0.070577 -1.000000 
-0.338456 2.141203 -0.033595 0.697291 -1.809697 -0.750289 0.825434 0.082087 -1.000000 
-0.321175 2.178833 -0.028011 0.698526 -1.815567 -0.716805 0.826146 0.096445 -1.000000 
-0.303599 2.214887 -0.022420 0.699131 -1.821161 -0.681400 0.826988 0.114594 -1.000000 
-0.285741 2.249270 -0.016827 0.699092 -1.826464 -0.644145 0.827993 0.137870 -1.000000 
-0.267615 2.281889 -0.011237 0.698393 -1.831462 -0.605114 0.829212 0.168210 -1.000000 
-0.249236 2.312654 -0.005654 0.697022 -1.836141 -0.564385 0.830711 0.208490 -1.000000 
-0.230618 2.341478 -0.000086 0.694966 -1.840488 -0.522040 0.832586 0.263075 -1.000000 
-0.211778 2.368279 0.005463 0.692213 -1.844490 -0.478157 0.834976 0.338782 -1.000000 
-0.192731 2.392978 0.010988 0.688753 -1.848135 -0.432810 0.838092 0.446579 -1.000000 
-0.173496 2.415501 0.016481 0.684576 -1.851411 -0.386063 0.842255 0.604675 -1.000000 
-0.154089 2.435777 0.021939 0.679668 -1.854308 -0.337953 0.847982 0.844298 -1.000000 
-0.134530 2.453740 0.027354 0.674012 -1.856815 -0.288476 0.856124 1.220608 -1.000000 
-0.114836 2.469324 0.032721 0.667583 -1.858920 -0.237537 0.868134 1.832733 -1.000000 
-0.095027 2.482460 0.038033 0.660335 -1.860611 -0.184868 0.886533 2.855274 -1.000000 
-0.075123 2.493063 0.043284 0.652183 -1.861872 -0.129843 0.915626 4.556186 -1.000000 
-0.055145 2.500988 0.048465 0.642959 -1.862679 -0.071130 0.961836 7.133305 -1.000000 
-0.035115 2.505924 0.053568 0.632360 -1.862993 -0.006334 1.030498 9.912457 -1.000000 
-0.015060 2.507191 0.058578 0.620012 -1.862757 0.067121 1.114655 10.562791 -1.000000 
0.004987 2.503777 0.063483 0.605806 -1.861897 0.148881 1.190771 8.105410 -1.000000 
0.024986 2.494878 0.068267 0.589987 -1.860362 0.235461 1.242785 5.001949 -1.000000 
0.044890 2.480132 0.072919 0.572779 -1.858125 0.323914 1.273606 2.888595 -1.000000 
0.064652 2.459430 0.077428 0.554278 -1.855179 0.412585 1.291476 1.698133 -1.000000 
0.084225 2.432798 0.081784 0.534555 -1.851526 0.500327 1.302195 1.045274 -1.000000 
0.103561 2.400368 0.085978 0.513694 -1.847178 0.586201 1.308947 0.676187 -1.000000 
0.122616 2.362353 0.090000 0.491798 -1.842154 0.669419 1.313410 0.457730 -1.000000 
0.141345 2.319029 0.093844 0.468984 -1.836476 0.749314 1.316489 0.322272 -1.000000 
0.159707 2.270720 0.097502 0.445377 -1.830175 0.825319 1.318692 0.234634 -1.000000 
0.177664 2.217793 0.100968 0.421106 -1.823283 0.896951 1.320319 0.175773 -1.000000 
0.195180 2.160646 0.104238 0.396306 -1.815837 0.963800 1.321552 0.134932 -1.000000 
0.212224 2.099701 0.107308 0.371108 -1.807876 1.025525 1.322509 0.105782 -1.000000 
0.228767 2.035400 0.110175 0.345647 -1.799443 1.081843 1.323266 0.084457 -1.000000 
0.244783 1.968195 0.112838 0.320052 -1.790581 1.132532 1.323874 0.068517 -1.000000 
0.260251 1.898542 0.115296 0.294449 -1.781338 1.177424 1.324372 0.056375 -1.000000 
0.275154 1.826899 0.117550 0.268958 -1.771758 1.216406 1.324784 0.046969 -1.000000 
0.289478 1.753719 0.119600 0.243692 -1.761891 1.249413 1.325129 0.039574 -1.000000 
0.303211 1.679441 0.121450 0.218759 -1.751784 1.276426 1.325421 0.033681 -1.000000 
0.316347 1.604493 0.123101 0.194255 -1.741484 1.297471 1.325671 0.028928 -1.000000 
0.328882 1.529282 0.124559 0.170270 -1.731040 1.312613 1.325886 0.025055 -1.000000 
0.340816 1.454193 0.125827 0.146884 -1.720498 1.321954 1.326073 0.021866 -1.000000 
0.352150 1.379585 0.126911 0.124167 -1.709904 1.325626 1.326237 0.019218 -1.000000 
0.362891 1.305793 0.127816 0.102179 -1.699303 1.323792 1.326382 0.017001 -1.000000 
0.373046 1.233118 0.128548 0.080970 -1.688737 1.316638 1.326510 0.015132 -1.000000 
0.382625 1.161833 0.129114 0.060582 -1.678250 1.304371 1.326625 0.013544 -1.000000 
0.391640 1.092179 0.129520 0.041047 -1.667880 1.287213 1.326728 0.012188 -1.000000 
0.400105 1.024367 0.129773 0.022386 -1.657667 1.265402 1.326820 0.011023 -1.000000 
0.408035 0.958572 0.129880 0.004615 -1.647646 1.239183 1.326904 0.010018 -1.000000 
0.415447 0.894940 0.129849 -0.012262 -1.637851 1.208807 1.326981 0.009145 -1.000000 
0.422360 0.833587 0.129686 -0.028245 -1.628315 1.174532 1.327051 0.008386 -1.000000 
0.428791 0.774596 0.129399 -0.043344 -1.619068 1.136612 1.327115 0.007722 -1.000000 
0.434760 0.718025 0.128995 -0.057573 -1.610139 1.095302 1.327175 0.007139 -1.000000 
0.440286 0.663901 0.128480 -0.070954 -1.601552 1.050853 1.327230 0.006627 -1.000000 
0.445389 0.612227 0.127862 -0.083512 -1.593333 1.003510 1.327281 0.006176 -1.000000 
0.450088 0.562981 0.127146 -0.095277 -1.585503 0.953511 1.327329 0.005777 -1.000000 
0.454403 0.516118 0.126340 -0.106285 -1.578083 0.901086 1.327374 0.005425 -1.000000 
0.458352 0.471571 0.125448 -0.116572 -1.571091 0.846456 1.327416 0.005113 -1.000000 
0.461954 0.429256 0.124476 -0.126180 -1.564545 0.789831 1.327456 0.004838 -1.000000 
0.465226 0.389069 0.123431 -0.135151 -1.558459 0.731413 1.327493 0.004594 -1.000000 
0.468185 0.350890 0.122315 -0.143530 -1.552847 0.671393 1.327529 0.004379 -1.000000 
0.470845 0.314585 0.121136 -0.151362 -1.547720 0.609952 1.327563 0.004191 -1.000000 
0.473223 0.280008 0.119895 -0.158694 -1.543091 0.547261 1.327596 0.004026 -1.000000 
0.475330 0.246999 0.118598 -0.165573 -1.538967 0.483481 1.327628 0.003882 -1.000000 
0.477178 0.215390 0.117247 -0.172046 -1.535357 0.418765 1.327658 0.003759 -1.000000 
0.478779 0.185003 0.115846 -0.178160 -1.532269 0.353259 1.327688 0.003654 -1.000000 
0.480141 0.155653 0.114397 -0.183961 -1.529707 0.287101 1.327717 0.003566 -1.000000 
0.481272 0.127149 0.112903 -0.189493 -1.527677 0.220422 1.327745 0.003494 -1.000000 
0.482177 0.099293 0.111366 -0.194801 -1.526181 0.153348 1.327773 0.003438 -1.000000 
0.482862 0.071886 0.109787 -0.199927 -1.525224 0.086004 1.327800 0.003396 -1.000000 
0.483328 0.044723 0.108167 -0.204912 -1.524806 0.018509 1.327827 0.003368 -1.000000 
0.483577 0.017601 0.106509 -0.209795 -1.524928 -0.049019 1.327854 0.003354 -1.000000 
0.483609 -0.009688 0.104811 -0.214612 -1.525590 -0.116460 1.327881 0.003354 -1.000000 
0.483421 -0.037349 0.103075 -0.219398 -1.526791 -0.183697 1.327908 0.003367 -1.000000 
0.483010 -0.065587 0.101301 -0.224185 -1.528528 -0.250607 1.327935 0.003392 -1.000000 
0.482370 -0.094602 0.099488 -0.229002 -1.530799 -0.317066 1.327962 0.003431 -1.000000 
0.481494 -0.124594 0.097636 -0.233875 -1.533600 -0.382944 1.327990 0.003483 -1.000000 
0.480373 -0.155756 0.095746 -0.238829 -1.536924 -0.448106 1.328018 0.003549 -1.000000 
0.478998 -0.188275 0.093815 -0.243883 -1.540767 -0.512411 1.328047 0.003628 -1.000000 
0.477357 -0.222332 0.091843 -0.249054 -1.545120 -0.575710 1.328076 0.003721 -1.000000 
0.475436 -0.258099 0.089830 -0.254357 -1.549975 -0.637844 1.328106 0.003829 -1.000000 
0.473222 -0.295736 0.087773 -0.259800 -1.555322 -0.698647 1.328137 0.003953 -1.000000 
0.470699 -0.335394 0.085672 -0.265391 -1.561150 -0.757942 1.328169 0.004093 -1.000000 
0.467850 -0.377210 0.083526 -0.271131 -1.567445 -0.815542 1.328203 0.004250 -1.000000 
0.464658 -0.421305 0.081334 -0.277020 -1.574193 -0.871250 1.328237 0.004426 -1.000000 
0.461103 -0.467785 0.079094 -0.283050 -1.581379 -0.924858 1.328274 0.004623 -1.000000 
0.457167 -0.516737 0.076805 -0.289213 -1.588985 -0.976147 1.328312 0.004842 -1.000000 
0.452828 -0.568227 0.074466 -0.295493 -1.596991 -1.024891 1.328351 0.005086 -1.000000 
0.448068 -0.622302 0.072077 -0.301873 -1.605376 -1.070853 1.328393 0.005358 -1.000000 
0.442865 -0.678983 0.069636 -0.308328 -1.614116 -1.113787 1.328437 0.005661 -1.000000 
0.437197 -0.738264 0.067143 -0.314833 -1.623187 -1.153442 1.328484 0.005999 -1.000000 
0.431045 -0.800115 0.064598 -0.321354 -1.632562 -1.189561 1.328533 0.006377 -1.000000 
0.424389 -0.864476 0.062002 -0.327856 -1.642210 -1.221884 1.328586 0.006801 -1.000000 
0.417207 -0.931256 0.059353 -0.334299 -1.652101 -1.250150 1.328642 0.007279 -1.000000 
0.409483 -1.000333 0.056653 -0.340639 -1.662201 -1.274099 1.328702 0.007819 -1.000000 
0.401196 -1.071553 0.053903 -0.346827 -1.672475 -1.293476 1.328767 0.008434 -1.000000 
0.392332 -1.144727 0.051104 -0.352812 -1.682884 -1.308033 1.328838 0.009137 -1.000000 
0.382876 -1.219635 0.048259 -0.358541 -1.693390 -1.317530 1.328914 0.009947 -1.000000 
0.372814 -1.296022 0.045369 -0.363955 -1.703950 -1.321746 1.328997 0.010885 -1.000000 
0.362137 -1.373598 0.042437 -0.368997 -1.714523 -1.320475 1.329088 0.011981 -1.000000 
0.350834 -1.452043 0.039466 -0.373604 -1.725063 -1.313532 1.329189 0.013272 -1.000000 
0.338903 -1.531006 0.036460 -0.377717 -1.735524 -1.300759 1.329301 0.014810 -1.000000 
0.326338 -1.610104 0.033424 -0.381272 -1.745859 -1.282027 1.329427 0.016658 -1.000000 
0.313142 -1.688932 0.030361 -0.384208 -1.756020 -1.257240 1.329569 0.018908 -1.000000 
0.299317 -1.767057 0.027278 -0.386465 -1.765959 -1.226338 1.329731 0.021682 -1.000000 
0.284872 -1.844029 0.024180 -0.387984 -1.775625 -1.189301 1.329918 0.025153 -1.000000 
0.269817 -1.919379 0.021073 -0.388709 -1.784971 -1.146152 1.330136 0.029569 -1.000000 
0.254167 -1.992630 0.017963 -0.388589 -1.793948 -1.096959 1.330394 0.035292 -1.000000 
0.237942 -2.063297 0.014858 -0.387574 -1.802507 -1.041833 1.330706 0.042872 -1.000000 
0.221163 -2.130893 0.011764 -0.385622 -1.810601 -0.980936 1.331087 0.053159 -1.000000 
0.203857 -2.194937 0.008690 -0.382694 -1.818187 -0.914474 1.331567 0.067526 -1.000000 
0.186054 -2.254959 0.005644 -0.378760 -1.825219 -0.842697 1.332185 0.088286 -1.000000 
0.167789 -2.310504 0.002633 -0.373793 -1.831656 -0.765894 1.333007 0.119525 -1.000000 
0.149099 -2.361141 -0.000334 -0.367771 -1.837461 -0.684383 1.334145 0.168926 -1.000000 
0.130025 -2.406464 -0.003249 -0.360679 -1.842595 -0.598497 1.335798 0.252046 -1.000000 
0.110611 -2.446102 -0.006102 -0.352498 -1.847026 -0.508545 1.338356 0.403469 -1.000000 
0.090904 -2.479720 -0.008886 -0.343200 -1.850721 -0.414730 1.342655 0.709876 -1.000000 
0.070953 -2.507018 -0.011590 -0.332717 -1.853651 -0.316913 1.350760 1.425465 -1.000000 
0.050809 -2.527726 -0.014205 -0.320833 -1.855778 -0.213723 1.368784 3.462923 -1.000000 
0.030527 -2.541501 -0.016717 -0.306598 -1.857038 -0.097473 1.419308 10.765487 -1.000000 
0.010170 -2.544817 -0.019088 -0.282239 -1.857159 0.096739 1.577238 28.468289 -1.000000 
-0.009977 -2.461871 -0.021095 -0.211828 -1.854460 0.637563 1.741954 8.822005 -1.000000 
-0.028718 -2.196325 -0.022505 -0.144881 -1.846908 1.232542 1.772956 1.378481 -1.000000 
-0.044720 -1.781813 -0.023448 -0.091863 -1.835029 1.716867 1.778672 0.329817 -1.000000 
-0.056937 -1.258984 -0.023984 -0.042520 -1.819815 2.060480 1.780167 0.093391 -1.000000 
-0.064728 -0.685298 -0.024137 0.003416 -1.802498 2.241211 1.780577 0.022291 -1.000000 
-0.067915 -0.116200 -0.023943 0.044142 -1.784381 2.263131 1.780651 0.001154 -1.000000 
-0.068006 0.026974 -0.023906 -0.056334 -1.779861 2.187208 1.780652 0.000189 -1.000000 
-0.067928 0.032978 -0.024969 -0.192973 -1.780041 2.100694 1.780647 0.000445 -1.000000 
-0.067726 0.046000 -0.027051 -0.315079 -1.780244 2.006777 1.780635 0.000456 -1.000000 
-0.067327 0.069559 -0.030030 -0.421269 -1.780463 1.907386 1.780617 0.000234 -1.000000 
-0.066643 0.105043 -0.033770 -0.510488 -1.780693 1.804382 1.780592 -0.000181 -1.000000 
-0.065584 0.152095 -0.038129 -0.582039 -1.780929 1.699418 1.780561 -0.000741 -1.000000 
-0.064071 0.209097 -0.042964 -0.635648 -1.781168 1.593858 1.780525 -0.001393 -1.000000 
-0.062043 0.273676 -0.048129 -0.671518 -1.781406 1.488753 1.780483 -0.002090 -1.000000 
-0.059458 0.343131 -0.053486 -0.690323 -1.781640 1.384869 1.780437 -0.002795 -1.000000 
-0.056298 0.414767 -0.058903 -0.693150 -1.781870 1.282721 1.780387 -0.003480 -1.000000 
-0.052563 0.486116 -0.064261 -0.681414 -1.782094 1.182624 1.780333 -0.004128 -1.000000 
-0.048270 0.555066 -0.069454 -0.656742 -1.782311 1.084746 1.780275 -0.004727 -1.000000 
-0.043451 0.619922 -0.074389 -0.620878 -1.782522 0.989138 1.780216 -0.005273 -1.000000 
-0.038148 0.679403 -0.078989 -0.575580 -1.782726 0.895781 1.780154 -0.005763 -1.000000 
-0.032411 0.732618 -0.083190 -0.522555 -1.782924 0.804602 1.780091 -0.006201 -1.000000 
-0.026293 0.779015 -0.086942 -0.463401 -1.783116 0.715498 1.780026 -0.006590 -1.000000 
-0.019850 0.818322 -0.090208 -0.399569 -1.783302 0.628349 1.779960 -0.006933 -1.000000 
-0.013138 0.850495 -0.092960 -0.332347 -1.783483 0.543029 1.779894 -0.007236 -1.000000 
-0.006211 0.875662 -0.095179 -0.262852 -1.783658 0.459412 1.779826 -0.007505 -1.000000 
0.000876 0.894075 -0.096854 -0.192029 -1.783829 0.377373 1.779759 -0.007743 -1.000000 
0.008075 0.906070 -0.097983 -0.120664 -1.783996 0.296798 1.779691 -0.007955 -1.000000 
0.015340 0.912030 -0.098565 -0.049391 -1.784158 0.217580 1.779622 -0.008147 -1.000000 
0.022627 0.912364 -0.098604 0.021288 -1.784317 0.139621 1.779554 -0.008322 -1.000000 
0.029898 0.907478 -0.098110 0.090989 -1.784472 0.062833 1.779485 -0.008483 -1.000000 
0.037117 0.897766 -0.097091 0.159430 -1.784624 -0.012861 1.779416 -0.008634 -1.000000 
0.044245 0.883412 -0.095546 0.226580 -1.785027 -0.087863 1.779345 -0.009193 -1.000000 
0.051239 0.864177 -0.093467 0.293183 -1.786029 -0.162373 1.779266 -0.010699 -1.000000 
0.058058 0.839691 -0.090855 0.360083 -1.787623 -0.235914 1.779171 -0.013107 -1.000000 
0.064658 0.809391 -0.087703 0.427966 -1.789799 -0.307949 1.779054 -0.016389 -1.000000 
0.070991 0.772566 -0.084003 0.497318 -1.792544 -0.377853 1.778907 -0.020543 -1.000000 
0.077000 0.728403 -0.079741 0.568393 -1.795837 -0.444890 1.778723 -0.025595 -1.000000 
0.082623 0.676045 -0.074904 0.641184 -1.799652 -0.508201 1.778495 -0.031611 -1.000000 
0.087792 0.614660 -0.069479 0.715392 -1.803956 -0.566801 1.778214 -0.038707 -1.000000 
0.092432 0.543504 -0.063456 0.790415 -1.808706 -0.619592 1.777872 -0.047059 -1.000000 
0.096461 0.462005 -0.056832 0.865339 -1.813851 -0.665382 1.777457 -0.056912 -1.000000 
0.099795 0.369831 -0.049614 0.938942 -1.819330 -0.702927 1.776957 -0.068600 -1.000000 
0.102350 0.266974 -0.041817 1.009725 -1.825072 -0.730985 1.776354 -0.082554 -1.000000 
0.104039 0.153812 -0.033470 1.075952 -1.830997 -0.748382 1.775628 -0.099326 -1.000000 
0.104785 0.031161 -0.024619 1.135719 -1.837015 -0.754089 1.774755 -0.119591 -1.000000 
0.104516 -0.099696 -0.015321 1.187043 -1.843029 -0.747305 1.773703 -0.144144 -1.000000 
0.103173 -0.237007 -0.005654 1.227968 -1.848937 -0.727541 1.772435 -0.173856 -1.000000 
0.100712 -0.378586 0.004294 1.256684 -1.854635 -0.694692 1.770906 -0.209569 -1.000000 
0.097111 -0.521884 0.014416 1.271658 -1.860018 -0.649096 1.769064 -0.251867 -1.000000 
0.092365 -0.664097 0.024600 1.271749 -1.864989 -0.591565 1.766858 -0.300696 -1.000000 
0.086496 -0.802302 0.034723 1.256317 -1.869455 -0.523382 1.764239 -0.354814 -1.000000 
0.079547 -0.933620 0.044660 1.225297 -1.873339 -0.446263 1.761175 -0.411200 -1.000000 
0.071584 -1.055394 0.054288 1.179229 -1.876577 -0.362274 1.757667 -0.464755 -1.000000 
0.062692 -1.165358 0.063490 1.119225 -1.879123 -0.273703 1.753764 -0.508792 -1.000000 
0.052974 -1.261776 0.072162 1.046878 -1.880950 -0.182896 1.749570 -0.536640 -1.000000 
0.042543 -1.343533 0.080212 0.964102 -1.882049 -0.092078 1.745233 -0.543903 -1.000000 
0.031518 -1.410126 0.087566 0.872941 -1.882429 -0.003203 1.740924 -0.530145 -1.000000 
0.020021 -1.461589 0.094163 0.775406 -1.882110 0.082124 1.736798 -0.498902 -1.000000 
0.008172 -1.498363 0.099960 0.673357 -1.881127 0.162665 1.732972 -0.456080 -1.000000 
-0.003915 -1.521160 0.104929 0.568461 -1.879523 0.237492 1.729515 -0.407874 -1.000000 
-0.016132 -1.530861 0.109052 0.462188 -1.877345 0.305925 1.726447 -0.359284 -1.000000 
-0.028377 -1.528448 0.112323 0.355833 -1.874646 0.367467 1.723758 -0.313591 -1.000000 
-0.040558 -1.514963 0.114748 0.250532 -1.871485 0.421769 1.721417 -0.272512 -1.000000 
-0.052590 -1.491480 0.116337 0.147283 -1.867918 0.468600 1.719384 -0.236633 -1.000000 
-0.064398 -1.459095 0.117112 0.046950 -1.864007 0.507837 1.717618 -0.205857 -1.000000 
-0.075914 -1.418904 0.117098 -0.049735 -1.859813 0.539453 1.716078 -0.179737 -1.000000 
-0.087082 -1.371988 0.116328 -0.142166 -1.855396 0.563516 1.714731 -0.157687 -1.000000 
-0.097851 -1.319401 0.114836 -0.229863 -1.850816 0.580176 1.713546 -0.139108 -1.000000 
-0.108180 -1.262150 0.112664 -0.312467 -1.846132 0.589661 1.712497 -0.123449 -1.000000 
-0.118036 -1.201185 0.109851 -0.389738 -1.841400 0.592261 1.711564 -0.110226 -1.000000 
-0.127391 -1.137382 0.106442 -0.461538 -1.836674 0.588323 1.710728 -0.099030 -1.000000 
-0.136228 -1.071535 0.102481 -0.527829 -1.832003 0.578237 1.709975 -0.089522 -1.000000 
-0.144532 -1.004349 0.098012 -0.588659 -1.827437 0.562425 1.709292 -0.081426 -1.000000 
-0.152296 -0.936434 0.093077 -0.644147 -1.823019 0.541328 1.708669 -0.074513 -1.000000 
-0.159515 -0.868303 0.087719 -0.694471 -1.818789 0.515400 1.708097 -0.068602 -1.000000 
-0.166189 -0.800374 0.081979 -0.739855 -1.814784 0.485096 1.707569 -0.063543 -1.000000 
-0.172322 -0.732970 0.075894 -0.780559 -1.811038 0.450869 1.707079 -0.059216 -1.000000 
-0.177919 -0.666324 0.069501 -0.816860 -1.807579 0.413160 1.706620 -0.055526 -1.000000 
-0.182986 -0.600583 0.062835 -0.849048 -1.804435 0.372397 1.706189 -0.052392 -1.000000 
-0.187531 -0.535818 0.055927 -0.877411 -1.801628 0.328988 1.705781 -0.049754 -1.000000 
-0.191561 -0.472031 0.048806 -0.902228 -1.799177 0.283327 1.705392 -0.047560 -1.000000 
-0.195086 -0.409159 0.041500 -0.923761 -1.797100 0.235786 1.705019 -0.045770 -1.000000 
-0.198110 -0.347087 0.034034 -0.942248 -1.795409 0.186720 1.704658 -0.044354 -1.000000 
-0.200641 -0.285656 0.026432 -0.957896 -1.794116 0.136466 1.704308 -0.043286 -1.000000 
-0.202682 -0.224671 0.018715 -0.970880 -1.793228 0.085350 1.703965 -0.042549 -1.000000 
-0.204236 -0.163910 0.010904 -0.981337 -1.792751 0.033684 1.703626 -0.042129 -1.000000 
-0.205304 -0.103132 0.003020 -0.989364 -1.792690 -0.018230 1.703290 -0.042019 -1.000000 
-0.205886 -0.042088 -0.004919 -0.995017 -1.793043 -0.070091 1.702953 -0.042216 -1.000000 
-0.205976 0.019471 -0.012894 -0.998312 -1.793810 -0.121603 1.702614 -0.042719 -1.000000 
-0.205572 0.081788 -0.020886 -0.999224 -1.794987 -0.172470 1.702269 -0.043535 -1.000000 
-0.204665 0.145088 -0.028875 -0.997687 -1.796567 -0.222390 1.701916 -0.044673 -1.000000 
-0.203247 0.209571 -0.036842 -0.993599 -1.798542 -0.271056 1.701553 -0.046147 -1.000000 
-0.201308 0.275405 -0.044766 -0.986826 -1.800900 -0.318153 1.701177 -0.047979 -1.000000 
-0.198837 0.342720 -0.052624 -0.977200 -1.803627 -0.363357 1.700785 -0.050192 -1.000000 
-0.195821 0.411594 -0.060393 -0.964533 -1.806708 -0.406337 1.700373 -0.052821 -1.000000 
-0.192247 0.482054 -0.068048 -0.948613 -1.810122 -0.446751 1.699938 -0.055906 -1.000000 
-0.188104 0.554065 -0.075561 -0.929218 -1.813848 -0.484252 1.699477 -0.059494 -1.000000 
-0.183378 0.627526 -0.082905 -0.906120 -1.817861 -0.518489 1.698985 -0.063644 -1.000000 
-0.178060 0.702267 -0.090049 -0.879095 -1.822134 -0.549111 1.698457 -0.068428 -1.000000 
-0.172139 0.778043 -0.096960 -0.847927 -1.826636 -0.575771 1.697888 -0.073926 -1.000000 
-0.165609 0.854535 -0.103604 -0.812425 -1.831335 -0.598135 1.697272 -0.080238 -1.000000 
-0.158466 0.931351 -0.109946 -0.772424 -1.836194 -0.615886 1.696602 -0.087475 -1.000000 
-0.150708 1.008025 -0.115951 -0.727801 -1.841176 -0.628732 1.695870 -0.095767 -1.000000 
-0.142339 1.084025 -0.121579 -0.678479 -1.846240 -0.636418 1.695066 -0.105260 -1.000000 
-0.133367 1.158756 -0.126794 -0.624440 -1.851344 -0.638729 1.694182 -0.116116 -1.000000 
-0.123804 1.231574 -0.131557 -0.565730 -1.856445 -0.635503 1.693204 -0.128511 -1.000000 
-0.113669 1.301794 -0.135833 -0.502465 -1.861497 -0.626641 1.692121 -0.142624 -1.000000 
-0.102984 1.368703 -0.139585 -0.434837 -1.866456 -0.612110 1.690917 -0.158627 -1.000000 
-0.091780 1.431578 -0.142780 -0.363116 -1.871276 -0.591952 1.689578 -0.176666 -1.000000 
-0.080092 1.489704 -0.145385 -0.287651 -1.875913 -0.566291 1.688085 -0.196831 -1.000000 
-0.067960 1.542389 -0.147373 -0.208865 -1.880323 -0.535333 1.686423 -0.219113 -1.000000 
-0.055430 1.588985 -0.148719 -0.127256 -1.884465 -0.499368 1.684574 -0.243357 -1.000000 
-0.042554 1.628906 -0.149403 -0.043383 -1.888300 -0.458771 1.682525 -0.269196 -1.000000 
-0.029386 1.661647 -0.149409 0.042141 -1.891794 -0.413993 1.680264 -0.295998 -1.000000 
-0.015988 1.686794 -0.148726 0.128663 -1.894914 -0.365553 1.677789 -0.322825 -1.000000 
-0.002419 1.704045 -0.147350 0.215505 -1.897634 -0.314030 1.675102 -0.348440 -1.000000 
0.011256 1.713211 -0.145279 0.301978 -1.899932 -0.260049 1.672221 -0.371374 -1.000000 
0.024971 1.714223 -0.142521 0.387406 -1.901790 -0.204261 1.669172 -0.390080 -1.000000 
0.038662 1.707131 -0.139085 0.471136 -1.903197 -0.147328 1.665994 -0.403153 -1.000000 
0.052264 1.692096 -0.134989 0.552558 -1.904146 -0.089902 1.662739 -0.409567 -1.000000 
0.065715 1.669378 -0.130252 0.631120 -1.904636 -0.032615 1.659460 -0.408868 -1.000000 
0.078954 1.639326 -0.124900 0.706333 -1.904670 0.023944 1.656215 -0.401260 -1.000000 
0.091925 1.602353 -0.118961 0.777778 -1.904256 0.079229 1.653057 -0.387545 -1.000000 
0.104575 1.558930 -0.112466 0.845107 -1.903407 0.132749 1.650028 -0.368958 -1.000000 
0.116852 1.509562 -0.105451 0.908039 -1.902138 0.184069 1.647162 -0.346935 -1.000000 
0.128713 1.454782 -0.097950 0.966361 -1.900469 0.232803 1.644482 -0.322904 -1.000000 
0.140116 1.395137 -0.090002 1.019917 -1.898421 0.278618 1.641998 -0.298123 -1.000000 
0.000000 0.000000 0.000000 0.000000 0.000000 0.000000 0.000000 0.000000 0.000000 
