0.467961 0.655428 -0.289561 0.302288 -1.757977 0.266758 0.981448 -0.030870 -1.000000 
0.473072 0.622211 -0.287055 0.324335 -1.755932 0.244276 0.981203 -0.030365 -1.000000 
0.477916 0.588871 -0.284373 0.346041 -1.754070 0.221258 0.980962 -0.029922 -1.000000 
0.482493 0.555410 -0.281519 0.367409 -1.752393 0.197758 0.980724 -0.029538 -1.000000 
0.486802 0.521828 -0.278495 0.388446 -1.750907 0.173829 0.980489 -0.029211 -1.000000 
0.490842 0.488123 -0.275305 0.409156 -1.749613 0.149522 0.980256 -0.028938 -1.000000 
0.494612 0.454293 -0.271950 0.429545 -1.748515 0.124893 0.980026 -0.028718 -1.000000 
0.498111 0.420336 -0.268433 0.449619 -1.747615 0.099994 0.979797 -0.028548 -1.000000 
0.501337 0.386245 -0.264757 0.469382 -1.746916 0.074879 0.979569 -0.028429 -1.000000 
0.504290 0.352016 -0.260923 0.488840 -1.746418 0.049604 0.979342 -0.028359 -1.000000 
0.506969 0.317643 -0.256936 0.507997 -1.746122 0.024221 0.979115 -0.028337 -1.000000 
0.509372 0.283120 -0.252796 0.526860 -1.746030 -0.001213 0.978888 -0.028364 -1.000000 
0.511498 0.248438 -0.248507 0.545431 -1.746142 -0.026646 0.978661 -0.028439 -1.000000 
0.513347 0.213592 -0.244070 0.563714 -1.746457 -0.052023 0.978433 -0.028564 -1.000000 
0.514915 0.178574 -0.239488 0.581712 -1.746974 -0.077289 0.978204 -0.028738 -1.000000 
0.516203 0.143377 -0.234764 0.599428 -1.747693 -0.102391 0.977973 -0.028962 -1.000000 
0.517209 0.107993 -0.229898 0.616864 -1.748612 -0.127274 0.977740 -0.029239 -1.000000 
0.517931 0.072416 -0.224894 0.634020 -1.749728 -0.151885 0.977505 -0.029569 -1.000000 
0.518367 0.036639 -0.219755 0.650897 -1.751041 -0.176171 0.977267 -0.029954 -1.000000 
0.518516 0.000658 -0.214481 0.667493 -1.752546 -0.200078 0.977026 -0.030397 -1.000000 
0.518377 -0.035534 -0.209075 0.683807 -1.754241 -0.223555 0.976781 -0.030900 -1.000000 
0.517947 -0.071939 -0.203541 0.699836 -1.756122 -0.246548 0.976531 -0.031468 -1.000000 
0.517226 -0.108561 -0.197879 0.715576 -1.758184 -0.269007 0.976277 -0.032102 -1.000000 
0.516210 -0.145401 -0.192092 0.731023 -1.760424 -0.290881 0.976017 -0.032807 -1.000000 
0.514899 -0.182459 -0.186183 0.746170 -1.762837 -0.312121 0.975752 -0.033589 -1.000000 
0.513290 -0.219734 -0.180154 0.761010 -1.765416 -0.332675 0.975480 -0.034451 -1.000000 
0.511382 -0.257224 -0.174008 0.775536 -1.768158 -0.352498 0.975200 -0.035401 -1.000000 
0.509174 -0.294923 -0.167747 0.789738 -1.771054 -0.371541 0.974913 -0.036444 -1.000000 
0.506663 -0.332825 -0.161373 0.803606 -1.774100 -0.389758 0.974617 -0.037589 -1.000000 
0.503848 -0.370923 -0.154890 0.817128 -1.777288 -0.407104 0.974311 -0.038844 -1.000000 
0.500728 -0.409205 -0.148300 0.830292 -1.780611 -0.423536 0.973995 -0.040219 -1.000000 
0.497300 -0.447659 -0.141606 0.843085 -1.784062 -0.439011 0.973667 -0.041723 -1.000000 
0.493565 -0.486271 -0.134812 0.855492 -1.787633 -0.453489 0.973327 -0.043371 -1.000000 
0.489520 -0.525023 -0.127919 0.867498 -1.791315 -0.466932 0.972973 -0.045175 -1.000000 
0.485164 -0.563897 -0.120933 0.879086 -1.795101 -0.479302 0.972604 -0.047151 -1.000000 
0.480497 -0.602870 -0.113855 0.890239 -1.798981 -0.490565 0.972218 -0.049316 -1.000000 
0.475518 -0.641920 -0.106690 0.900940 -1.802947 -0.500686 0.971814 -0.051691 -1.000000 
0.470226 -0.681019 -0.099441 0.911169 -1.806989 -0.509637 0.971391 -0.054299 -1.000000 
0.464621 -0.720139 -0.092113 0.920908 -1.811098 -0.517388 0.970945 -0.057165 -1.000000 
0.458704 -0.759250 -0.084708 0.930136 -1.815264 -0.523914 0.970475 -0.060319 -1.000000 
0.452474 -0.798317 -0.077232 0.938834 -1.819477 -0.529192 0.969979 -0.063794 -1.000000 
0.445931 -0.837305 -0.069688 0.946982 -1.823728 -0.533202 0.969453 -0.067629 -1.000000 
0.439077 -0.876176 -0.062082 0.954557 -1.828005 -0.535926 0.968896 -0.071867 -1.000000 
0.431913 -0.914890 -0.054417 0.961539 -1.832299 -0.537351 0.968302 -0.076560 -1.000000 
0.424439 -0.953405 -0.046699 0.967908 -1.836599 -0.537465 0.967669 -0.081764 -1.000000 
0.416659 -0.991678 -0.038932 0.973642 -1.840895 -0.536262 0.966993 -0.087546 -1.000000 
0.408573 -1.029661 -0.031122 0.978721 -1.845176 -0.533736 0.966267 -0.093982 -1.000000 
0.400185 -1.067307 -0.023274 0.983125 -1.849431 -0.529889 0.965487 -0.101162 -1.000000 
0.391497 -1.104568 -0.015394 0.986834 -1.853650 -0.524722 0.964646 -0.109186 -1.000000 
0.382513 -1.141392 -0.007487 0.989829 -1.857823 -0.518244 0.963737 -0.118171 -1.000000 
0.373236 -1.177728 0.000441 0.992091 -1.861939 -0.510465 0.962752 -0.128254 -1.000000 
0.363671 -1.213524 0.008384 0.993604 -1.865987 -0.501400 0.961682 -0.139590 -1.000000 
0.353822 -1.248726 0.016337 0.994350 -1.869958 -0.491069 0.960515 -0.152359 -1.000000 
0.343693 -1.283279 0.024292 0.994315 -1.873841 -0.479495 0.959240 -0.166767 -1.000000 
0.333291 -1.317130 0.032244 0.993485 -1.877627 -0.466705 0.957842 -0.183050 -1.000000 
0.322621 -1.350224 0.040186 0.991847 -1.881305 -0.452730 0.956305 -0.201477 -1.000000 
0.311690 -1.382506 0.048111 0.989390 -1.884867 -0.437607 0.954612 -0.222350 -1.000000 
0.300503 -1.413924 0.056014 0.986106 -1.888304 -0.421376 0.952740 -0.246007 -1.000000 
0.289069 -1.444425 0.063887 0.981986 -1.891606 -0.404080 0.950667 -0.272816 -1.000000 
0.277395 -1.473955 0.071723 0.977025 -1.894766 -0.385767 0.948366 -0.303174 -1.000000 
0.265489 -1.502466 0.079517 0.971221 -1.897776 -0.366491 0.945806 -0.337489 -1.000000 
0.253358 -1.529907 0.087260 0.964571 -1.900628 -0.346308 0.942954 -0.376160 -1.000000 
0.241013 -1.556232 0.094948 0.957076 -1.903315 -0.325278 0.939775 -0.419543 -1.000000 
0.228462 -1.581396 0.102571 0.948740 -1.905830 -0.303464 0.936228 -0.467895 -1.000000 
0.215714 -1.605356 0.110125 0.939569 -1.908168 -0.280935 0.932275 -0.521307 -1.000000 
0.202779 -1.628074 0.117602 0.929571 -1.910323 -0.257762 0.927874 -0.579605 -1.000000 
0.189668 -1.649513 0.124996 0.918756 -1.912291 -0.234020 0.922990 -0.642238 -1.000000 
0.176391 -1.669640 0.132300 0.907139 -1.914066 -0.209784 0.917590 -0.708158 -1.000000 
0.162958 -1.688425 0.139508 0.894734 -1.915646 -0.185134 0.911655 -0.775710 -1.000000 
0.149380 -1.705845 0.146614 0.881562 -1.917028 -0.160153 0.905180 -0.842575 -1.000000 
0.135668 -1.721877 0.153611 0.867642 -1.918208 -0.134921 0.898183 -0.905808 -1.000000 
0.121833 -1.736505 0.160494 0.852998 -1.919186 -0.109521 0.890706 -0.962009 -1.000000 
0.107887 -1.749718 0.167257 0.837656 -1.919960 -0.084036 0.882819 -1.007653 -1.000000 
0.093842 -1.761507 0.173895 0.821643 -1.920531 -0.058543 0.874620 -1.039539 -1.000000 
0.079707 -1.771870 0.180402 0.804988 -1.920897 -0.033120 0.866230 -1.055290 -1.000000 
0.065496 -1.780807 0.186773 0.787720 -1.921061 -0.007837 0.857782 -1.053753 -1.000000 
0.051218 -1.788324 0.193004 0.769868 -1.921023 0.017239 0.849415 -1.035205 -1.000000 
0.036886 -1.794429 0.199090 0.751462 -1.920786 0.042049 0.841260 -1.001287 -1.000000 
0.022511 -1.799134 0.205026 0.732532 -1.920351 0.066537 0.833428 -0.954689 -1.000000 
0.008104 -1.802452 0.210809 0.713105 -1.919722 0.090656 0.826010 -0.898696 -1.000000 
-0.006325 -1.804399 0.216434 0.693210 -1.918902 0.114362 0.819065 -0.836718 -1.000000 
-0.020763 -1.804992 0.221899 0.672875 -1.917894 0.137613 0.812630 -0.771903 -1.000000 
-0.035201 -1.804249 0.227199 0.652125 -1.916701 0.160372 0.806715 -0.706887 -1.000000 
-0.049628 -1.802190 0.232332 0.630987 -1.915329 0.182605 0.801315 -0.643693 -1.000000 
-0.064033 -1.798834 0.237294 0.609487 -1.913781 0.204276 0.796407 -0.583736 -1.000000 
-0.078406 -1.794203 0.242083 0.587650 -1.912062 0.225354 0.791964 -0.527893 -1.000000 
-0.092736 -1.788319 0.246696 0.565502 -1.910177 0.245806 0.787949 -0.476613 -1.000000 
-0.107015 -1.781204 0.251130 0.543069 -1.908131 0.265600 0.784326 -0.430025 -1.000000 
-0.121233 -1.772882 0.255384 0.520374 -1.905929 0.284706 0.781056 -0.388035 -1.000000 
-0.135378 -1.763377 0.259455 0.497445 -1.903578 0.303093 0.778105 -0.350409 -1.000000 
-0.149443 -1.752716 0.263343 0.474304 -1.901082 0.320733 0.775439 -0.316829 -1.000000 
-0.163419 -1.740924 0.267044 0.450979 -1.898448 0.337598 0.773026 -0.286939 -1.000000 
-0.177295 -1.728030 0.270558 0.427492 -1.895682 0.353660 0.770839 -0.260377 -1.000000 
-0.191064 -1.714060 0.273883 0.403869 -1.892792 0.368894 0.768852 -0.236789 -1.000000 
-0.204717 -1.699044 0.277019 0.380134 -1.889782 0.383276 0.767043 -0.215843 -1.000000 
-0.218246 -1.683012 0.279965 0.356309 -1.886662 0.396782 0.765393 -0.197233 -1.000000 
-0.231643 -1.665994 0.282720 0.332420 -1.883436 0.409393 0.763882 -0.180685 -1.000000 
-0.244900 -1.648021 0.285284 0.308488 -1.880114 0.421089 0.762497 -0.165952 -1.000000 
-0.258009 -1.629124 0.287656 0.284536 -1.876701 0.431852 0.761223 -0.152817 -1.000000 
-0.270963 -1.609336 0.289836 0.260585 -1.873207 0.441667 0.760048 -0.141086 -1.000000 
-0.283756 -1.588688 0.291825 0.236658 -1.869637 0.450520 0.758962 -0.130593 -1.000000 
-0.296380 -1.567213 0.293623 0.212773 -1.866001 0.458401 0.757956 -0.121189 -1.000000 
-0.308829 -1.544943 0.295230 0.188952 -1.862305 0.465299 0.757020 -0.112746 -1.000000 
-0.321097 -1.521911 0.296647 0.165213 -1.858559 0.471207 0.756149 -0.105151 -1.000000 
-0.333178 -1.498150 0.297874 0.141574 -1.854769 0.476120 0.755336 -0.098307 -1.000000 
-0.345066 -1.473691 0.298912 0.118053 -1.850943 0.480034 0.754575 -0.092128 -1.000000 
-0.356755 -1.448567 0.299763 0.094666 -1.847091 0.482948 0.753860 -0.086538 -1.000000 
-0.368241 -1.422809 0.300427 0.071430 -1.843219 0.484862 0.753189 -0.081474 -1.000000 
-0.379519 -1.396449 0.300906 0.048359 -1.839336 0.485780 0.752556 -0.076878 -1.000000 
-0.390583 -1.369517 0.301201 0.025467 -1.835449 0.485705 0.751958 -0.072699 -1.000000 
-0.401429 -1.342044 0.301314 0.002768 -1.831567 0.484644 0.751391 -0.068894 -1.000000 
-0.412054 -1.314058 0.301246 -0.019726 -1.827697 0.482606 0.750854 -0.065424 -1.000000 
-0.422453 -1.285589 0.300999 -0.042004 -1.823848 0.479601 0.750344 -0.062256 -1.000000 
-0.432622 -1.256664 0.300575 -0.064054 -1.820026 0.475640 0.749857 -0.059359 -1.000000 
-0.442558 -1.227310 0.299975 -0.085867 -1.816240 0.470737 0.749393 -0.056708 -1.000000 
-0.452258 -1.197553 0.299201 -0.107435 -1.812497 0.464908 0.748950 -0.054278 -1.000000 
-0.461718 -1.167418 0.298257 -0.128748 -1.808804 0.458168 0.748524 -0.052049 -1.000000 
-0.470936 -1.136930 0.297142 -0.149800 -1.805169 0.450537 0.748116 -0.050002 -1.000000 
-0.479908 -1.106110 0.295860 -0.170584 -1.801598 0.442035 0.747724 -0.048122 -1.000000 
-0.488633 -1.074981 0.294414 -0.191095 -1.798098 0.432681 0.747346 -0.046394 -1.000000 
-0.497107 -1.043563 0.292804 -0.211327 -1.794677 0.422500 0.746981 -0.044805 -1.000000 
-0.505329 -1.011876 0.291033 -0.231275 -1.791341 0.411514 0.746629 -0.043343 -1.000000 
-0.513297 -0.979938 0.289104 -0.250937 -1.788095 0.399749 0.746287 -0.041998 -1.000000 
-0.521008 -0.947767 0.287019 -0.270309 -1.784947 0.387230 0.745956 -0.040762 -1.000000 
-0.528460 -0.915377 0.284780 -0.289388 -1.781901 0.373985 0.745635 -0.039625 -1.000000 
-0.535653 -0.882785 0.282389 -0.308174 -1.778965 0.360043 0.745322 -0.038581 -1.000000 
-0.542584 -0.850003 0.279850 -0.326663 -1.776142 0.345431 0.745017 -0.037622 -1.000000 
-0.549253 -0.817044 0.277164 -0.344856 -1.773440 0.330180 0.744720 -0.036744 -1.000000 
-0.555657 -0.783920 0.274333 -0.362752 -1.770861 0.314321 0.744429 -0.035940 -1.000000 
-0.561795 -0.750641 0.271360 -0.380350 -1.768412 0.297886 0.744145 -0.035207 -1.000000 
-0.567666 -0.717216 0.268248 -0.397652 -1.766096 0.280906 0.743866 -0.034539 -1.000000 
-0.573270 -0.683653 0.264999 -0.414657 -1.763919 0.263415 0.743592 -0.033933 -1.000000 
-0.578605 -0.649959 0.261614 -0.431367 -1.761883 0.245446 0.743323 -0.033386 -1.000000 
-0.583669 -0.616141 0.258098 -0.447782 -1.759993 0.227032 0.743058 -0.032894 -1.000000 
-0.588462 -0.582204 0.254451 -0.463903 -1.758252 0.208210 0.742796 -0.032456 -1.000000 
-0.592984 -0.548153 0.250676 -0.479733 -1.756663 0.189012 0.742538 -0.032068 -1.000000 
-0.597233 -0.513990 0.246776 -0.495272 -1.755228 0.169476 0.742283 -0.031729 -1.000000 
-0.601208 -0.479719 0.242752 -0.510522 -1.753952 0.149637 0.742030 -0.031438 -1.000000 
-0.604908 -0.445343 0.238608 -0.525485 -1.752835 0.129530 0.741780 -0.031191 -1.000000 
-0.608333 -0.410862 0.234345 -0.540161 -1.751880 0.109192 0.741531 -0.030989 -1.000000 
-0.611481 -0.376279 0.229966 -0.554553 -1.751088 0.088659 0.741284 -0.030830 -1.000000 
-0.614353 -0.341593 0.225473 -0.568661 -1.750462 0.067969 0.741038 -0.030713 -1.000000 
-0.616947 -0.306804 0.220869 -0.582488 -1.750001 0.047158 0.740793 -0.030638 -1.000000 
-0.619262 -0.271913 0.216154 -0.596033 -1.749707 0.026263 0.740548 -0.030605 -1.000000 
-0.621297 -0.236919 0.211333 -0.609298 -1.749581 0.005321 0.740303 -0.030612 -1.000000 
-0.623052 -0.201822 0.206406 -0.622282 -1.749622 -0.015631 0.740058 -0.030661 -1.000000 
-0.624526 -0.166620 0.201377 -0.634988 -1.749831 -0.036556 0.739812 -0.030751 -1.000000 
-0.625718 -0.131314 0.196247 -0.647414 -1.750207 -0.057418 0.739566 -0.030883 -1.000000 
-0.626627 -0.095901 0.191019 -0.659559 -1.750750 -0.078178 0.739318 -0.031056 -1.000000 
-0.627252 -0.060382 0.185695 -0.671425 -1.751458 -0.098800 0.739069 -0.031273 -1.000000 
-0.627592 -0.024756 0.180277 -0.683008 -1.752330 -0.119248 0.738817 -0.031534 -1.000000 
-0.627648 0.010977 0.174768 -0.694309 -1.753365 -0.139486 0.738564 -0.031840 -1.000000 
-0.627416 0.046817 0.169169 -0.705325 -1.754561 -0.159477 0.738308 -0.032192 -1.000000 
-0.626898 0.082763 0.163483 -0.716054 -1.755916 -0.179185 0.738049 -0.032593 -1.000000 
-0.626092 0.118815 0.157713 -0.726493 -1.757427 -0.198575 0.737786 -0.033043 -1.000000 
-0.624997 0.154971 0.151860 -0.736639 -1.759092 -0.217612 0.737520 -0.033546 -1.000000 
-0.623612 0.191228 0.145927 -0.746490 -1.760908 -0.236261 0.737249 -0.034104 -1.000000 
-0.621937 0.227583 0.139917 -0.756039 -1.762871 -0.254488 0.736974 -0.034719 -1.000000 
-0.619971 0.264034 0.133832 -0.765284 -1.764978 -0.272259 0.736694 -0.035395 -1.000000 
-0.617712 0.300575 0.127673 -0.774220 -1.767226 -0.289540 0.736408 -0.036135 -1.000000 
-0.615161 0.337201 0.121445 -0.782841 -1.769610 -0.306300 0.736115 -0.036943 -1.000000 
-0.612317 0.373906 0.115149 -0.791141 -1.772125 -0.322506 0.735816 -0.037823 -1.000000 
-0.609178 0.410682 0.108787 -0.799115 -1.774768 -0.338128 0.735510 -0.038781 -1.000000 
-0.605746 0.447522 0.102364 -0.806755 -1.777534 -0.353134 0.735196 -0.039821 -1.000000 
-0.602018 0.484415 0.095880 -0.814055 -1.780417 -0.367496 0.734873 -0.040949 -1.000000 
-0.597995 0.521350 0.089340 -0.821008 -1.783412 -0.381184 0.734540 -0.042173 -1.000000 
-0.593676 0.558318 0.082745 -0.827606 -1.786514 -0.394171 0.734197 -0.043499 -1.000000 
-0.589062 0.595303 0.076099 -0.833841 -1.789717 -0.406430 0.733844 -0.044936 -1.000000 
-0.584151 0.632293 0.069405 -0.839704 -1.793015 -0.417936 0.733478 -0.046493 -1.000000 
-0.578945 0.669271 0.062665 -0.845188 -1.796402 -0.428665 0.733100 -0.048179 -1.000000 
-0.573443 0.706222 0.055883 -0.850283 -1.799871 -0.438592 0.732707 -0.050007 -1.000000 
-0.567646 0.743127 0.049061 -0.854980 -1.803417 -0.447696 0.732299 -0.051988 -1.000000 
-0.561553 0.779967 0.042204 -0.859270 -1.807032 -0.455957 0.731875 -0.054137 -1.000000 
-0.555166 0.816721 0.035314 -0.863144 -1.810710 -0.463355 0.731432 -0.056469 -1.000000 
-0.548486 0.853368 0.028395 -0.866592 -1.814443 -0.469872 0.730971 -0.059002 -1.000000 
-0.541513 0.889886 0.021450 -0.869606 -1.818225 -0.475493 0.730488 -0.061754 -1.000000 
-0.534248 0.926249 0.014482 -0.872175 -1.822049 -0.480202 0.729982 -0.064749 -1.000000 
-0.526693 0.962432 0.007496 -0.874289 -1.825906 -0.483987 0.729451 -0.068010 -1.000000 
-0.518850 0.998409 0.000495 -0.875941 -1.829790 -0.486837 0.728893 -0.071564 -1.000000 
-0.510720 1.034152 -0.006518 -0.877120 -1.833693 -0.488742 0.728305 -0.075443 -1.000000 
-0.502304 1.069633 -0.013538 -0.877817 -1.837607 -0.489695 0.727685 -0.079681 -1.000000 
-0.493606 1.104822 -0.020561 -0.878024 -1.841526 -0.489691 0.727029 -0.084316 -1.000000 
-0.484628 1.139687 -0.027585 -0.877732 -1.845440 -0.488724 0.726335 -0.089393 -1.000000 
-0.475372 1.174199 -0.034604 -0.876934 -1.849343 -0.486795 0.725598 -0.094961 -1.000000 
-0.465842 1.208323 -0.041614 -0.875620 -1.853226 -0.483903 0.724814 -0.101075 -1.000000 
-0.456040 1.242028 -0.048612 -0.873784 -1.857083 -0.480051 0.723979 -0.107798 -1.000000 
-0.445971 1.275279 -0.055593 -0.871419 -1.860904 -0.475245 0.723087 -0.115199 -1.000000 
-0.435637 1.308043 -0.062554 -0.868519 -1.864684 -0.469489 0.722134 -0.123357 -1.000000 
-0.425043 1.340284 -0.069488 -0.865077 -1.868414 -0.462795 0.721111 -0.132363 -1.000000 
-0.414194 1.371967 -0.076393 -0.861090 -1.872086 -0.455173 0.720013 -0.142314 -1.000000 
-0.403093 1.403058 -0.083264 -0.856552 -1.875694 -0.446636 0.718831 -0.153323 -1.000000 
-0.391747 1.433522 -0.090097 -0.851460 -1.879230 -0.437202 0.717557 -0.165513 -1.000000 
-0.380159 1.463322 -0.096886 -0.845811 -1.882687 -0.426887 0.716180 -0.179022 -1.000000 
-0.368335 1.492423 -0.103628 -0.839602 -1.886058 -0.415714 0.714689 -0.194001 -1.000000 
-0.356282 1.520792 -0.110318 -0.832834 -1.889336 -0.403703 0.713071 -0.210617 -1.000000 
-0.344005 1.548392 -0.116952 -0.825505 -1.892515 -0.390881 0.711314 -0.229046 -1.000000 
-0.331510 1.575191 -0.123525 -0.817616 -1.895588 -0.377275 0.709401 -0.249479 -1.000000 
-0.318804 1.601155 -0.130032 -0.809169 -1.898549 -0.362914 0.707316 -0.272112 -1.000000 
-0.305894 1.626252 -0.136470 -0.800166 -1.901393 -0.347831 0.705041 -0.297144 -1.000000 
-0.292786 1.650450 -0.142834 -0.790612 -1.904113 -0.332058 0.702555 -0.324764 -1.000000 
-0.279489 1.673718 -0.149118 -0.780510 -1.906704 -0.315633 0.699838 -0.355142 -1.000000 
-0.266009 1.696028 -0.155320 -0.769868 -1.909161 -0.298593 0.696865 -0.388409 -1.000000 
-0.252355 1.717351 -0.161435 -0.758692 -1.911480 -0.280979 0.693615 -0.424633 -1.000000 
-0.238534 1.737662 -0.167458 -0.746989 -1.913655 -0.262832 0.690063 -0.463789 -1.000000 
-0.224555 1.756936 -0.173385 -0.734770 -1.915684 -0.244195 0.686187 -0.505725 -1.000000 
-0.210426 1.775149 -0.179213 -0.722044 -1.917561 -0.225116 0.681965 -0.550118 -1.000000 
-0.196156 1.792281 -0.184937 -0.708823 -1.919285 -0.205639 0.677380 -0.596439 -1.000000 
-0.181753 1.808313 -0.190553 -0.695119 -1.920851 -0.185813 0.672419 -0.643908 -1.000000 
-0.167226 1.823228 -0.196057 -0.680947 -1.922257 -0.165687 0.667077 -0.691480 -1.000000 
-0.152584 1.837012 -0.201447 -0.666321 -1.923501 -0.145312 0.661359 -0.737839 -1.000000 
-0.137837 1.849653 -0.206717 -0.651256 -1.924581 -0.124737 0.655279 -0.781438 -1.000000 
-0.122993 1.861140 -0.211866 -0.635768 -1.925496 -0.104012 0.648867 -0.820580 -1.000000 
-0.108061 1.871467 -0.216888 -0.619876 -1.926245 -0.083188 0.642166 -0.853534 -1.000000 
-0.093052 1.880628 -0.221783 -0.603597 -1.926827 -0.062313 0.635232 -0.878699 -1.000000 
-0.077975 1.888621 -0.226545 -0.586949 -1.927242 -0.041436 0.628131 -0.894772 -1.000000 
-0.062837 1.895446 -0.231173 -0.569951 -1.927490 -0.020603 0.620942 -0.900900 -1.000000 
-0.047650 1.901104 -0.235663 -0.552622 -1.927572 0.000141 0.613744 -0.896790 -1.000000 
-0.032423 1.905600 -0.240014 -0.534980 -1.927488 0.020756 0.606620 -0.882741 -1.000000 
-0.017164 1.908939 -0.244222 -0.517045 -1.927241 0.041202 0.599645 -0.859601 -1.000000 
-0.001883 1.911129 -0.248286 -0.498835 -1.926830 0.061440 0.592887 -0.828656 -1.000000 
0.013411 1.912177 -0.252203 -0.480367 -1.926258 0.081438 0.586403 -0.791472 -1.000000 
0.028709 1.912095 -0.255971 -0.461661 -1.925528 0.101161 0.580236 -0.749735 -1.000000 
0.044002 1.910893 -0.259589 -0.442734 -1.924640 0.120580 0.574415 -0.705094 -1.000000 
0.059280 1.908584 -0.263054 -0.423602 -1.923599 0.139665 0.568958 -0.659053 -1.000000 
0.074536 1.905180 -0.266366 -0.404284 -1.922407 0.158389 0.563870 -0.612891 -1.000000 
0.089760 1.900694 -0.269523 -0.384795 -1.921066 0.176724 0.559149 -0.567634 -1.000000 
0.104944 1.895142 -0.272522 -0.365154 -1.919580 0.194645 0.554784 -0.524054 -1.000000 
0.120080 1.888538 -0.275365 -0.345375 -1.917953 0.212126 0.550758 -0.482689 -1.000000 
0.135158 1.880898 -0.278048 -0.325476 -1.916187 0.229145 0.547054 -0.443876 -1.000000 
0.150171 1.872239 -0.280572 -0.305473 -1.914288 0.245676 0.543649 -0.407792 -1.000000 
0.165111 1.862578 -0.282935 -0.285382 -1.912258 0.261698 0.540522 -0.374488 -1.000000 
0.179970 1.851932 -0.285138 -0.265218 -1.910102 0.277187 0.537650 -0.343924 -1.000000 
0.194740 1.840320 -0.287179 -0.244997 -1.907824 0.292122 0.535012 -0.315997 -1.000000 
0.209413 1.827762 -0.289058 -0.224736 -1.905430 0.306482 0.532587 -0.290564 -1.000000 
0.223981 1.814277 -0.290774 -0.204448 -1.902922 0.320248 0.530357 -0.267456 -1.000000 
0.238439 1.799885 -0.292329 -0.184150 -1.900307 0.333400 0.528302 -0.246495 -1.000000 
0.252777 1.784606 -0.293721 -0.163856 -1.897590 0.345921 0.526408 -0.227503 -1.000000 
0.266990 1.768464 -0.294951 -0.143581 -1.894774 0.357792 0.524658 -0.210303 -1.000000 
0.281070 1.751478 -0.296018 -0.123339 -1.891867 0.368998 0.523038 -0.194728 -1.000000 
0.295011 1.733672 -0.296924 -0.103143 -1.888872 0.379524 0.521538 -0.180622 -1.000000 
0.308807 1.715067 -0.297669 -0.083009 -1.885796 0.389355 0.520145 -0.167840 -1.000000 
0.322450 1.695687 -0.298252 -0.062948 -1.882644 0.398480 0.518849 -0.156251 -1.000000 
0.335936 1.675556 -0.298676 -0.042973 -1.879422 0.406887 0.517642 -0.145735 -1.000000 
0.349257 1.654695 -0.298940 -0.023098 -1.876136 0.414565 0.516515 -0.136181 -1.000000 
0.362409 1.633129 -0.299046 -0.003334 -1.872791 0.421505 0.515461 -0.127495 -1.000000 
0.375386 1.610882 -0.298994 0.016307 -1.869394 0.427699 0.514473 -0.119586 -1.000000 
0.388181 1.587977 -0.298785 0.035814 -1.865950 0.433142 0.513546 -0.112378 -1.000000 
0.400792 1.564437 -0.298421 0.055176 -1.862466 0.437827 0.512673 -0.105800 -1.000000 
0.413211 1.540287 -0.297903 0.074384 -1.858947 0.441752 0.511851 -0.099789 -1.000000 
0.425435 1.515550 -0.297232 0.093427 -1.855400 0.444912 0.511075 -0.094290 -1.000000 
0.437458 1.490248 -0.296409 0.112295 -1.851830 0.447308 0.510341 -0.089254 -1.000000 
0.449277 1.464407 -0.295435 0.130981 -1.848245 0.448938 0.509646 -0.084634 -1.000000 
0.460887 1.438047 -0.294313 0.149476 -1.844649 0.449803 0.508986 -0.080393 -1.000000 
0.472285 1.411191 -0.293044 0.167771 -1.841050 0.449907 0.508359 -0.076494 -1.000000 
0.483465 1.383863 -0.291630 0.185860 -1.837453 0.449253 0.507762 -0.072905 -1.000000 
0.494425 1.356083 -0.290071 0.203736 -1.833864 0.447846 0.507192 -0.069599 -1.000000 
0.505161 1.327873 -0.288370 0.221392 -1.830289 0.445691 0.506647 -0.066551 -1.000000 
0.515670 1.299253 -0.286529 0.238822 -1.826735 0.442796 0.506126 -0.063736 -1.000000 
0.525948 1.270244 -0.284550 0.256021 -1.823207 0.439168 0.505627 -0.061136 -1.000000 
0.535993 1.240866 -0.282434 0.272984 -1.819710 0.434819 0.505148 -0.058732 -1.000000 
0.545801 1.211138 -0.280183 0.289706 -1.816251 0.429756 0.504687 -0.056507 -1.000000 
0.555370 1.181078 -0.277799 0.306182 -1.812836 0.423993 0.504243 -0.054447 -1.000000 
0.564698 1.150705 -0.275285 0.322410 -1.809469 0.417542 0.503815 -0.052538 -1.000000 
0.573781 1.120035 -0.272641 0.338385 -1.806157 0.410415 0.503402 -0.050768 -1.000000 
0.582617 1.089086 -0.269871 0.354105 -1.802904 0.402628 0.503003 -0.049127 -1.000000 
0.591205 1.057873 -0.266976 0.369567 -1.799717 0.394195 0.502616 -0.047605 -1.000000 
0.599543 1.026412 -0.263959 0.384768 -1.796599 0.385133 0.502241 -0.046193 -1.000000 
0.607627 0.994717 -0.260821 0.399707 -1.793556 0.375458 0.501876 -0.044883 -1.000000 
0.615458 0.962802 -0.257564 0.414383 -1.790593 0.365189 0.501522 -0.043668 -1.000000 
0.623032 0.930680 -0.254191 0.428793 -1.787715 0.354343 0.501177 -0.042541 -1.000000 
0.630348 0.898363 -0.250704 0.442936 -1.784925 0.342940 0.500841 -0.041497 -1.000000 
0.637405 0.865864 -0.247105 0.456812 -1.782229 0.331000 0.500513 -0.040529 -1.000000 
0.644201 0.833194 -0.243396 0.470420 -1.779631 0.318543 0.500193 -0.039634 -1.000000 
0.650736 0.800362 -0.239579 0.483760 -1.777134 0.305590 0.499879 -0.038807 -1.000000 
0.657007 0.767379 -0.235656 0.496831 -1.774743 0.292162 0.499572 -0.038043 -1.000000 
0.663013 0.734254 -0.231630 0.509633 -1.772460 0.278284 0.499270 -0.037340 -1.000000 
0.668754 0.700994 -0.227503 0.522166 -1.770291 0.263975 0.498974 -0.036694 -1.000000 
0.674229 0.667609 -0.223276 0.534431 -1.768238 0.249261 0.498683 -0.036101 -1.000000 
0.679436 0.634105 -0.218953 0.546428 -1.766304 0.234165 0.498396 -0.035560 -1.000000 
0.684374 0.600488 -0.214534 0.558157 -1.764492 0.218710 0.498114 -0.035068 -1.000000 
0.689043 0.566765 -0.210023 0.569619 -1.762805 0.202922 0.497835 -0.034623 -1.000000 
0.693442 0.532942 -0.205421 0.580813 -1.761246 0.186824 0.497560 -0.034223 -1.000000 
0.697570 0.499023 -0.200731 0.591742 -1.759817 0.170443 0.497287 -0.033866 -1.000000 
0.701426 0.465013 -0.195954 0.602404 -1.758520 0.153803 0.497018 -0.033550 -1.000000 
0.705010 0.430916 -0.191093 0.612801 -1.757357 0.136930 0.496750 -0.033275 -1.000000 
0.708321 0.396736 -0.186150 0.622933 -1.756330 0.119849 0.496485 -0.033039 -1.000000 
0.711358 0.362477 -0.181127 0.632800 -1.755440 0.102588 0.496222 -0.032842 -1.000000 
0.714120 0.328142 -0.176026 0.642403 -1.754689 0.085172 0.495960 -0.032682 -1.000000 
0.716608 0.293733 -0.170849 0.651741 -1.754077 0.067627 0.495699 -0.032558 -1.000000 
0.718820 0.259253 -0.165599 0.660816 -1.753607 0.049980 0.495439 -0.032471 -1.000000 
0.720756 0.224705 -0.160277 0.669627 -1.753278 0.032257 0.495179 -0.032420 -1.000000 
0.722415 0.190091 -0.154885 0.678174 -1.753091 0.014486 0.494920 -0.032405 -1.000000 
0.723797 0.155413 -0.149427 0.686457 -1.753046 -0.003307 0.494660 -0.032424 -1.000000 
0.724901 0.120673 -0.143903 0.694475 -1.753144 -0.021096 0.494401 -0.032480 -1.000000 
0.725728 0.085873 -0.138316 0.702228 -1.753384 -0.038854 0.494141 -0.032571 -1.000000 
0.726275 0.051016 -0.132668 0.709715 -1.753765 -0.056554 0.493880 -0.032698 -1.000000 
0.726544 0.016103 -0.126961 0.716935 -1.754288 -0.074170 0.493617 -0.032862 -1.000000 
0.726533 -0.018864 -0.121197 0.723888 -1.754952 -0.091675 0.493354 -0.033063 -1.000000 
0.726242 -0.053881 -0.115379 0.730572 -1.755755 -0.109043 0.493088 -0.033301 -1.000000 
0.725670 -0.088946 -0.109509 0.736985 -1.756696 -0.126248 0.492821 -0.033579 -1.000000 
0.724818 -0.124057 -0.103588 0.743125 -1.757774 -0.143264 0.492551 -0.033895 -1.000000 
0.723685 -0.159211 -0.097620 0.748992 -1.758988 -0.160064 0.492278 -0.034253 -1.000000 
0.722271 -0.194404 -0.091605 0.754583 -1.760334 -0.176625 0.492003 -0.034653 -1.000000 
0.720575 -0.229632 -0.085547 0.759896 -1.761813 -0.192919 0.491724 -0.035097 -1.000000 
0.718597 -0.264892 -0.079448 0.764928 -1.763420 -0.208923 0.491441 -0.035587 -1.000000 
0.716336 -0.300179 -0.073309 0.769676 -1.765155 -0.224612 0.491154 -0.036124 -1.000000 
0.713794 -0.335487 -0.067134 0.774138 -1.767013 -0.239961 0.490863 -0.036711 -1.000000 
0.710969 -0.370813 -0.060924 0.778312 -1.768993 -0.254946 0.490567 -0.037350 -1.000000 
0.707861 -0.406148 -0.054681 0.782192 -1.771091 -0.269545 0.490265 -0.038044 -1.000000 
0.704470 -0.441488 -0.048409 0.785778 -1.773305 -0.283733 0.489958 -0.038795 -1.000000 
0.700797 -0.476825 -0.042110 0.789063 -1.775630 -0.297488 0.489644 -0.039608 -1.000000 
0.696841 -0.512151 -0.035785 0.792046 -1.778063 -0.310789 0.489324 -0.040485 -1.000000 
0.692603 -0.547459 -0.029438 0.794722 -1.780601 -0.323614 0.488996 -0.041431 -1.000000 
0.688082 -0.582738 -0.023070 0.797088 -1.783240 -0.335941 0.488661 -0.042450 -1.000000 
0.683279 -0.617979 -0.016685 0.799139 -1.785975 -0.347751 0.488317 -0.043546 -1.000000 
0.678194 -0.653173 -0.010285 0.800871 -1.788802 -0.359024 0.487964 -0.044725 -1.000000 
0.672828 -0.688308 -0.003872 0.802279 -1.791718 -0.369741 0.487601 -0.045993 -1.000000 
0.667182 -0.723372 0.002551 0.803360 -1.794717 -0.379884 0.487228 -0.047356 -1.000000 
0.661255 -0.758353 0.008981 0.804110 -1.797794 -0.389434 0.486843 -0.048820 -1.000000 
0.655048 -0.793237 0.015415 0.804522 -1.800946 -0.398377 0.486446 -0.050395 -1.000000 
0.648563 -0.828012 0.021852 0.804595 -1.804167 -0.406694 0.486037 -0.052087 -1.000000 
0.641800 -0.862661 0.028288 0.804322 -1.807452 -0.414373 0.485613 -0.053906 -1.000000 
0.634761 -0.897170 0.034720 0.803699 -1.810795 -0.421397 0.485174 -0.055862 -1.000000 
0.627446 -0.931522 0.041146 0.802723 -1.814192 -0.427756 0.484718 -0.057967 -1.000000 
0.619857 -0.965701 0.047563 0.801388 -1.817637 -0.433435 0.484246 -0.060232 -1.000000 
0.611995 -0.999689 0.053967 0.799691 -1.821125 -0.438424 0.483754 -0.062673 -1.000000 
0.603863 -1.033468 0.060357 0.797627 -1.824650 -0.442714 0.483243 -0.065302 -1.000000 
0.595460 -1.067019 0.066729 0.795193 -1.828207 -0.446293 0.482709 -0.068138 -1.000000 
0.586791 -1.100322 0.073079 0.792385 -1.831789 -0.449156 0.482152 -0.071198 -1.000000 
0.577856 -1.133357 0.079406 0.789199 -1.835391 -0.451295 0.481569 -0.074502 -1.000000 
0.568658 -1.166104 0.085705 0.785631 -1.839008 -0.452704 0.480959 -0.078074 -1.000000 
0.559199 -1.198541 0.091975 0.781679 -1.842633 -0.453379 0.480319 -0.081938 -1.000000 
0.549482 -1.230646 0.098211 0.777340 -1.846260 -0.453317 0.479647 -0.086121 -1.000000 
0.539510 -1.262396 0.104411 0.772610 -1.849884 -0.452516 0.478940 -0.090654 -1.000000 
0.529285 -1.293770 0.110572 0.767488 -1.853498 -0.450975 0.478196 -0.095570 -1.000000 
0.518810 -1.324744 0.116690 0.761971 -1.857097 -0.448695 0.477410 -0.100907 -1.000000 
0.508090 -1.355293 0.122762 0.756059 -1.860675 -0.445677 0.476580 -0.106706 -1.000000 
0.497127 -1.385395 0.128786 0.749749 -1.864226 -0.441926 0.475701 -0.113013 -1.000000 
0.485925 -1.415026 0.134757 0.743040 -1.867744 -0.437445 0.474770 -0.119878 -1.000000 
0.474488 -1.444160 0.140673 0.735933 -1.871223 -0.432241 0.473782 -0.127356 -1.000000 
0.462820 -1.472773 0.146531 0.728426 -1.874658 -0.426321 0.472731 -0.135508 -1.000000 
0.450925 -1.500842 0.152327 0.720521 -1.878043 -0.419694 0.471612 -0.144402 -1.000000 
0.438808 -1.528341 0.158058 0.712218 -1.881371 -0.412371 0.470418 -0.154111 -1.000000 
0.426473 -1.555246 0.163722 0.703518 -1.884639 -0.404362 0.469143 -0.164714 -1.000000 
0.413926 -1.581532 0.169314 0.694424 -1.887839 -0.395681 0.467780 -0.176298 -1.000000 
0.401170 -1.607176 0.174831 0.684937 -1.890968 -0.386343 0.466320 -0.188956 -1.000000 
0.388213 -1.632153 0.180272 0.675060 -1.894019 -0.376362 0.464754 -0.202786 -1.000000 
0.375058 -1.656441 0.185631 0.664797 -1.896988 -0.365757 0.463072 -0.217892 -1.000000 
0.361711 -1.680015 0.190907 0.654152 -1.899870 -0.354546 0.461264 -0.234382 -1.000000 
0.348179 -1.702853 0.196097 0.643128 -1.902659 -0.342748 0.459318 -0.252364 -1.000000 
0.334468 -1.724933 0.201196 0.631732 -1.905352 -0.330386 0.457222 -0.271945 -1.000000 
0.320583 -1.746233 0.206203 0.619968 -1.907944 -0.317481 0.454962 -0.293226 -1.000000 
0.306530 -1.766733 0.211115 0.607843 -1.910431 -0.304057 0.452525 -0.316295 -1.000000 
0.292317 -1.786412 0.215928 0.595363 -1.912808 -0.290140 0.449896 -0.341218 -1.000000 
0.277950 -1.805252 0.220640 0.582536 -1.915071 -0.275755 0.447061 -0.368034 -1.000000 
0.263435 -1.823234 0.225248 0.569370 -1.917219 -0.260931 0.444003 -0.396737 -1.000000 
0.248780 -1.840341 0.229749 0.555873 -1.919245 -0.245695 0.440708 -0.427265 -1.000000 
0.233992 -1.856556 0.234141 0.542054 -1.921149 -0.230076 0.437162 -0.459485 -1.000000 
0.219078 -1.871865 0.238421 0.527922 -1.922926 -0.214107 0.433352 -0.493173 -1.000000 
0.204045 -1.886253 0.242587 0.513488 -1.924573 -0.197816 0.429268 -0.528000 -1.000000 
0.188900 -1.899709 0.246636 0.498762 -1.926090 -0.181238 0.424902 -0.563516 -1.000000 
0.173652 -1.912220 0.250566 0.483755 -1.927473 -0.164404 0.420252 -0.599146 -1.000000 
0.158307 -1.923777 0.254375 0.468479 -1.928720 -0.147347 0.415318 -0.634184 -1.000000 
0.142874 -1.934372 0.258061 0.452946 -1.929830 -0.130102 0.410108 -0.667811 -1.000000 
0.127360 -1.943996 0.261622 0.437167 -1.930801 -0.112701 0.404639 -0.699117 -1.000000 
0.111773 -1.952645 0.265055 0.421155 -1.931633 -0.095179 0.398931 -0.727146 -1.000000 
0.096120 -1.960314 0.268360 0.404924 -1.932324 -0.077568 0.393016 -0.750954 -1.000000 
0.080410 -1.967000 0.271533 0.388486 -1.932873 -0.059903 0.386930 -0.769673 -1.000000 
0.064651 -1.972703 0.274575 0.371855 -1.933282 -0.042216 0.380717 -0.782582 -1.000000 
0.048850 -1.977421 0.277483 0.355043 -1.933549 -0.024539 0.374425 -0.789170 -1.000000 
0.033015 -1.981157 0.280255 0.338065 -1.933675 -0.006902 0.368107 -0.789185 -1.000000 
0.017154 -1.983913 0.282891 0.320934 -1.933660 0.010665 0.361816 -0.782657 -1.000000 
0.001275 -1.985693 0.285390 0.303662 -1.933504 0.028132 0.355602 -0.769891 -1.000000 
-0.014615 -1.986501 0.287749 0.286263 -1.933210 0.045473 0.349513 -0.751438 -1.000000 
-0.030507 -1.986343 0.289970 0.268749 -1.932777 0.062661 0.343592 -0.728043 -1.000000 
-0.046394 -1.985226 0.292049 0.251134 -1.932208 0.079670 0.337875 -0.700577 -1.000000 
-0.062268 -1.983157 0.293987 0.233430 -1.931503 0.096477 0.332391 -0.669971 -1.000000 
-0.078122 -1.980146 0.295784 0.215649 -1.930665 0.113058 0.327161 -0.637155 -1.000000 
-0.093948 -1.976199 0.297438 0.197804 -1.929695 0.129392 0.322200 -0.602999 -1.000000 
-0.109738 -1.971328 0.298949 0.179905 -1.928595 0.145456 0.317515 -0.568285 -1.000000 
-0.125486 -1.965543 0.300316 0.161966 -1.927368 0.161230 0.313107 -0.533678 -1.000000 
-0.141185 -1.958853 0.301540 0.143997 -1.926016 0.176694 0.308974 -0.499722 -1.000000 
-0.156826 -1.951271 0.302620 0.126009 -1.924542 0.191828 0.305109 -0.466839 -1.000000 
-0.172403 -1.942808 0.303556 0.108015 -1.922948 0.206614 0.301501 -0.435339 -1.000000 
-0.187908 -1.933477 0.304348 0.090025 -1.921237 0.221033 0.298139 -0.405435 -1.000000 
-0.203336 -1.923291 0.304996 0.072051 -1.919412 0.235067 0.295009 -0.377254 -1.000000 
-0.218679 -1.912262 0.305501 0.054102 -1.917477 0.248699 0.292098 -0.350859 -1.000000 
-0.233930 -1.900405 0.305862 0.036189 -1.915434 0.261912 0.289391 -0.326258 -1.000000 
-0.249083 -1.887733 0.306080 0.018324 -1.913288 0.274689 0.286873 -0.303421 -1.000000 
-0.264131 -1.874263 0.306156 0.000515 -1.911041 0.287016 0.284532 -0.282288 -1.000000 
-0.279069 -1.860007 0.306089 -0.017226 -1.908697 0.298876 0.282352 -0.262781 -1.000000 
-0.293890 -1.844983 0.305880 -0.034890 -1.906260 0.310256 0.280323 -0.244810 -1.000000 
-0.308587 -1.829207 0.305531 -0.052468 -1.903734 0.321142 0.278432 -0.228275 -1.000000 
-0.323155 -1.812693 0.305041 -0.069950 -1.901123 0.331520 0.276667 -0.213078 -1.000000 
-0.337588 -1.795459 0.304412 -0.087326 -1.898431 0.341378 0.275019 -0.199120 -1.000000 
-0.351880 -1.777522 0.303644 -0.104589 -1.895662 0.350705 0.273478 -0.186302 -1.000000 
-0.366026 -1.758898 0.302739 -0.121728 -1.892821 0.359489 0.272035 -0.174534 -1.000000 
-0.380021 -1.739606 0.301697 -0.138737 -1.889912 0.367721 0.270683 -0.163727 -1.000000 
-0.393858 -1.719662 0.300519 -0.155606 -1.886939 0.375390 0.269413 -0.153801 -1.000000 
-0.407534 -1.699084 0.299207 -0.172328 -1.883907 0.382489 0.268220 -0.144680 -1.000000 
-0.421042 -1.677890 0.297762 -0.188896 -1.880821 0.389010 0.267097 -0.136293 -1.000000 
-0.434378 -1.656099 0.296185 -0.205301 -1.877685 0.394946 0.266038 -0.128577 -1.000000 
-0.447538 -1.633727 0.294478 -0.221538 -1.874503 0.400291 0.265038 -0.121473 -1.000000 
-0.460517 -1.610793 0.292641 -0.237599 -1.871282 0.405040 0.264092 -0.114928 -1.000000 
-0.473309 -1.587315 0.290677 -0.253478 -1.868024 0.409189 0.263198 -0.108892 -1.000000 
-0.485912 -1.563312 0.288586 -0.269169 -1.864736 0.412734 0.262349 -0.103321 -1.000000 
-0.498321 -1.538800 0.286371 -0.284666 -1.861422 0.415673 0.261543 -0.098176 -1.000000 
-0.510532 -1.513798 0.284032 -0.299964 -1.858087 0.418003 0.260777 -0.093418 -1.000000 
-0.522541 -1.488323 0.281572 -0.315057 -1.854736 0.419725 0.260048 -0.089016 -1.000000 
-0.534344 -1.462393 0.278992 -0.329941 -1.851373 0.420838 0.259352 -0.084939 -1.000000 
-0.545938 -1.436026 0.276293 -0.344611 -1.848004 0.421344 0.258688 -0.081160 -1.000000 
-0.557319 -1.409238 0.273479 -0.359063 -1.844633 0.421243 0.258053 -0.077655 -1.000000 
-0.568484 -1.382046 0.270549 -0.373293 -1.841266 0.420539 0.257445 -0.074400 -1.000000 
-0.579431 -1.354468 0.267506 -0.387298 -1.837906 0.419234 0.256862 -0.071376 -1.000000 
-0.590155 -1.326518 0.264353 -0.401073 -1.834559 0.417334 0.256302 -0.068564 -1.000000 
-0.600654 -1.298214 0.261090 -0.414616 -1.831230 0.414843 0.255764 -0.065947 -1.000000 
-0.610925 -1.269572 0.257720 -0.427923 -1.827923 0.411766 0.255246 -0.063511 -1.000000 
-0.620966 -1.240605 0.254244 -0.440993 -1.824644 0.408110 0.254748 -0.061241 -1.000000 
-0.630774 -1.211330 0.250664 -0.453822 -1.821395 0.403883 0.254266 -0.059125 -1.000000 
-0.640347 -1.181761 0.246983 -0.466410 -1.818183 0.399092 0.253801 -0.057152 -1.000000 
-0.649682 -1.151912 0.243202 -0.478753 -1.815011 0.393747 0.253351 -0.055310 -1.000000 
-0.658777 -1.121798 0.239324 -0.490850 -1.811884 0.387855 0.252916 -0.053592 -1.000000 
-0.667630 -1.091430 0.235349 -0.502701 -1.808807 0.381428 0.252494 -0.051987 -1.000000 
-0.676239 -1.060823 0.231281 -0.514302 -1.805783 0.374476 0.252084 -0.050488 -1.000000 
-0.684602 -1.029989 0.227121 -0.525654 -1.802817 0.367010 0.251686 -0.049089 -1.000000 
-0.692718 -0.998940 0.222871 -0.536756 -1.799912 0.359042 0.251298 -0.047781 -1.000000 
-0.700585 -0.967687 0.218534 -0.547607 -1.797073 0.350585 0.250921 -0.046560 -1.000000 
-0.708201 -0.936243 0.214110 -0.558205 -1.794304 0.341651 0.250553 -0.045420 -1.000000 
-0.715564 -0.904616 0.209603 -0.568552 -1.791608 0.332255 0.250194 -0.044356 -1.000000 
-0.722674 -0.872818 0.205014 -0.578647 -1.788989 0.322409 0.249843 -0.043363 -1.000000 
-0.729529 -0.840859 0.200346 -0.588488 -1.786451 0.312129 0.249500 -0.042436 -1.000000 
-0.736127 -0.808748 0.195599 -0.598078 -1.783996 0.301430 0.249164 -0.041574 -1.000000 
-0.742468 -0.776493 0.190777 -0.607414 -1.781629 0.290326 0.248835 -0.040770 -1.000000 
-0.748551 -0.744105 0.185881 -0.616498 -1.779352 0.278835 0.248511 -0.040024 -1.000000 
-0.754374 -0.711589 0.180914 -0.625331 -1.777169 0.266971 0.248194 -0.039331 -1.000000 
-0.759936 -0.678955 0.175877 -0.633911 -1.775082 0.254753 0.247882 -0.038689 -1.000000 
-0.765237 -0.646209 0.170772 -0.642239 -1.773094 0.242197 0.247575 -0.038095 -1.000000 
-0.770275 -0.613359 0.165601 -0.650317 -1.771207 0.229319 0.247272 -0.037547 -1.000000 
-0.775050 -0.580411 0.160367 -0.658143 -1.769425 0.216139 0.246974 -0.037044 -1.000000 
-0.779561 -0.547370 0.155072 -0.665719 -1.767750 0.202673 0.246680 -0.036583 -1.000000 
-0.783808 -0.514244 0.149717 -0.673045 -1.766183 0.188941 0.246389 -0.036162 -1.000000 
-0.787789 -0.481038 0.144304 -0.680121 -1.764727 0.174960 0.246101 -0.035781 -1.000000 
-0.791504 -0.447756 0.138835 -0.686948 -1.763384 0.160750 0.245816 -0.035438 -1.000000 
-0.794953 -0.414404 0.133313 -0.693527 -1.762156 0.146328 0.245534 -0.035131 -1.000000 
-0.798135 -0.380986 0.127740 -0.699857 -1.761044 0.131716 0.245254 -0.034860 -1.000000 
-0.801049 -0.347507 0.122116 -0.705938 -1.760049 0.116931 0.244976 -0.034624 -1.000000 
-0.803695 -0.313971 0.116445 -0.711772 -1.759173 0.101993 0.244700 -0.034421 -1.000000 
-0.806072 -0.280382 0.110728 -0.717358 -1.758417 0.086922 0.244425 -0.034251 -1.000000 
-0.808181 -0.246744 0.104968 -0.722696 -1.757783 0.071738 0.244152 -0.034114 -1.000000 
-0.810020 -0.213061 0.099166 -0.727787 -1.757270 0.056460 0.243879 -0.034009 -1.000000 
-0.811589 -0.179335 0.093324 -0.732631 -1.756880 0.041108 0.243607 -0.033936 -1.000000 
-0.812889 -0.145571 0.087445 -0.737227 -1.756612 0.025703 0.243336 -0.033894 -1.000000 
-0.813919 -0.111772 0.081529 -0.741575 -1.756468 0.010264 0.243065 -0.033883 -1.000000 
-0.814677 -0.077942 0.075580 -0.745675 -1.756448 -0.005189 0.242794 -0.033903 -1.000000 
-0.815166 -0.044083 0.069599 -0.749528 -1.756551 -0.020636 0.242523 -0.033955 -1.000000 
-0.815383 -0.010199 0.063588 -0.753131 -1.756778 -0.036056 0.242251 -0.034038 -1.000000 
-0.815329 0.023707 0.057550 -0.756485 -1.757128 -0.051430 0.241978 -0.034152 -1.000000 
-0.815003 0.057632 0.051485 -0.759590 -1.757601 -0.066737 0.241704 -0.034299 -1.000000 
-0.814406 0.091572 0.045397 -0.762443 -1.758196 -0.081959 0.241429 -0.034477 -1.000000 
-0.813538 0.125523 0.039287 -0.765046 -1.758912 -0.097074 0.241152 -0.034689 -1.000000 
-0.812398 0.159482 0.033157 -0.767396 -1.759749 -0.112065 0.240874 -0.034934 -1.000000 
-0.810986 0.193445 0.027009 -0.769493 -1.760705 -0.126910 0.240593 -0.035214 -1.000000 
-0.809303 0.227408 0.020846 -0.771335 -1.761779 -0.141590 0.240310 -0.035528 -1.000000 
-0.807348 0.261367 0.014668 -0.772922 -1.762970 -0.156087 0.240025 -0.035879 -1.000000 
-0.805121 0.295318 0.008480 -0.774252 -1.764276 -0.170382 0.239736 -0.036267 -1.000000 
-0.802623 0.329255 0.002281 -0.775324 -1.765695 -0.184455 0.239444 -0.036693 -1.000000 
-0.799853 0.363175 -0.003925 -0.776136 -1.767226 -0.198287 0.239149 -0.037160 -1.000000 
-0.796812 0.397071 -0.010136 -0.776686 -1.768867 -0.211862 0.238850 -0.037668 -1.000000 
-0.793500 0.430939 -0.016351 -0.776973 -1.770615 -0.225159 0.238546 -0.038219 -1.000000 
-0.789917 0.464773 -0.022567 -0.776996 -1.772469 -0.238163 0.238238 -0.038815 -1.000000 
-0.786064 0.498567 -0.028782 -0.776753 -1.774425 -0.250854 0.237925 -0.039459 -1.000000 
-0.781940 0.532313 -0.034995 -0.776241 -1.776482 -0.263217 0.237607 -0.040152 -1.000000 
-0.777547 0.566006 -0.041202 -0.775458 -1.778636 -0.275234 0.237282 -0.040897 -1.000000 
-0.772884 0.599638 -0.047401 -0.774404 -1.780884 -0.286888 0.236952 -0.041697 -1.000000 
-0.767953 0.633201 -0.053591 -0.773076 -1.783225 -0.298165 0.236615 -0.042554 -1.000000 
-0.762753 0.666688 -0.059770 -0.771472 -1.785654 -0.309047 0.236271 -0.043472 -1.000000 
-0.757286 0.700090 -0.065934 -0.769589 -1.788168 -0.319520 0.235919 -0.044454 -1.000000 
-0.751552 0.733398 -0.072082 -0.767427 -1.790765 -0.329569 0.235560 -0.045505 -1.000000 
-0.745552 0.766603 -0.078212 -0.764983 -1.793440 -0.339180 0.235191 -0.046628 -1.000000 
-0.739287 0.799695 -0.084321 -0.762254 -1.796191 -0.348339 0.234813 -0.047828 -1.000000 
-0.732757 0.832665 -0.090408 -0.759240 -1.799013 -0.357033 0.234426 -0.049109 -1.000000 
-0.725964 0.865500 -0.096468 -0.755938 -1.801902 -0.365249 0.234027 -0.050478 -1.000000 
-0.718910 0.898191 -0.102502 -0.752346 -1.804855 -0.372975 0.233618 -0.051940 -1.000000 
-0.711594 0.930725 -0.108505 -0.748463 -1.807868 -0.380200 0.233196 -0.053501 -1.000000 
-0.704018 0.963091 -0.114476 -0.744287 -1.810937 -0.386912 0.232761 -0.055168 -1.000000 
-0.696185 0.995276 -0.120413 -0.739815 -1.814057 -0.393101 0.232313 -0.056950 -1.000000 
-0.688095 1.027268 -0.126313 -0.735047 -1.817225 -0.398758 0.231850 -0.058853 -1.000000 
-0.679749 1.059053 -0.132173 -0.729981 -1.820436 -0.403873 0.231371 -0.060888 -1.000000 
-0.671150 1.090617 -0.137992 -0.724616 -1.823686 -0.408439 0.230875 -0.063064 -1.000000 
-0.662300 1.121947 -0.143766 -0.718951 -1.826970 -0.412447 0.230362 -0.065392 -1.000000 
-0.653200 1.153027 -0.149494 -0.712984 -1.830283 -0.415891 0.229829 -0.067883 -1.000000 
-0.643852 1.183843 -0.155173 -0.706715 -1.833622 -0.418765 0.229275 -0.070551 -1.000000 
-0.634259 1.214379 -0.160801 -0.700143 -1.836982 -0.421064 0.228699 -0.073409 -1.000000 
-0.624423 1.244621 -0.166374 -0.693267 -1.840358 -0.422783 0.228100 -0.076472 -1.000000 
-0.614346 1.274551 -0.171892 -0.686087 -1.843745 -0.423917 0.227475 -0.079759 -1.000000 
-0.604031 1.304153 -0.177351 -0.678603 -1.847139 -0.424466 0.226823 -0.083286 -1.000000 
-0.593480 1.333412 -0.182749 -0.670816 -1.850535 -0.424425 0.226142 -0.087073 -1.000000 
-0.582697 1.362310 -0.188083 -0.662724 -1.853928 -0.423795 0.225429 -0.091144 -1.000000 
-0.571684 1.390830 -0.193352 -0.654330 -1.857314 -0.422575 0.224683 -0.095521 -1.000000 
-0.560445 1.418955 -0.198552 -0.645634 -1.860688 -0.420765 0.223900 -0.100231 -1.000000 
-0.548982 1.446667 -0.203681 -0.636636 -1.864045 -0.418367 0.223078 -0.105301 -1.000000 
-0.537300 1.473949 -0.208737 -0.627339 -1.867380 -0.415383 0.222214 -0.110765 -1.000000 
-0.525400 1.500783 -0.213718 -0.617743 -1.870689 -0.411816 0.221305 -0.116654 -1.000000 
-0.513288 1.527151 -0.218620 -0.607852 -1.873968 -0.407671 0.220346 -0.123006 -1.000000 
-0.500967 1.553035 -0.223442 -0.597666 -1.877211 -0.402952 0.219335 -0.129861 -1.000000 
-0.488441 1.578418 -0.228182 -0.587189 -1.880413 -0.397666 0.218267 -0.137262 -1.000000 
-0.475714 1.603282 -0.232837 -0.576423 -1.883572 -0.391820 0.217138 -0.145255 -1.000000 
-0.462790 1.627609 -0.237404 -0.565372 -1.886681 -0.385421 0.215941 -0.153890 -1.000000 
-0.449674 1.651381 -0.241882 -0.554039 -1.889737 -0.378478 0.214674 -0.163222 -1.000000 
-0.436369 1.674580 -0.246268 -0.542428 -1.892735 -0.371001 0.213328 -0.173305 -1.000000 
-0.422882 1.697191 -0.250560 -0.530542 -1.895672 -0.363000 0.211898 -0.184201 -1.000000 
-0.409216 1.719194 -0.254756 -0.518387 -1.898542 -0.354488 0.210378 -0.195971 -1.000000 
-0.395376 1.740574 -0.258854 -0.505967 -1.901342 -0.345475 0.208760 -0.208680 -1.000000 
-0.381368 1.761314 -0.262851 -0.493287 -1.904068 -0.335977 0.207037 -0.222392 -1.000000 
-0.367197 1.781398 -0.266745 -0.480353 -1.906716 -0.326006 0.205199 -0.237172 -1.000000 
-0.352868 1.800811 -0.270536 -0.467171 -1.909283 -0.315578 0.203239 -0.253083 -1.000000 
-0.338386 1.819536 -0.274220 -0.453746 -1.911765 -0.304709 0.201147 -0.270180 -1.000000 
-0.323757 1.837558 -0.277795 -0.440085 -1.914157 -0.293416 0.198913 -0.288513 -1.000000 
-0.308987 1.854865 -0.281260 -0.426195 -1.916458 -0.281716 0.196527 -0.308120 -1.000000 
-0.294081 1.871442 -0.284614 -0.412083 -1.918664 -0.269628 0.193980 -0.329020 -1.000000 
-0.279046 1.887275 -0.287853 -0.397756 -1.920771 -0.257171 0.191259 -0.351211 -1.000000 
-0.263887 1.902352 -0.290977 -0.383223 -1.922778 -0.244363 0.188357 -0.374662 -1.000000 
-0.248610 1.916663 -0.293984 -0.368490 -1.924680 -0.231227 0.185262 -0.399307 -1.000000 
-0.233222 1.930194 -0.296872 -0.353566 -1.926476 -0.217783 0.181965 -0.425034 -1.000000 
-0.217729 1.942937 -0.299641 -0.338461 -1.928164 -0.204053 0.178459 -0.451679 -1.000000 
-0.202138 1.954882 -0.302287 -0.323182 -1.929741 -0.190059 0.174736 -0.479022 -1.000000 
-0.186453 1.966019 -0.304811 -0.307738 -1.931204 -0.175824 0.170793 -0.506776 -1.000000 
-0.170683 1.976342 -0.307211 -0.292139 -1.932553 -0.161372 0.166628 -0.534588 -1.000000 
-0.154834 1.985843 -0.309485 -0.276395 -1.933786 -0.146725 0.162241 -0.562035 -1.000000 
-0.138912 1.994517 -0.311633 -0.260515 -1.934900 -0.131907 0.157637 -0.588634 -1.000000 
-0.122924 2.002358 -0.313653 -0.244509 -1.935896 -0.116943 0.152826 -0.613852 -1.000000 
-0.106877 2.009362 -0.315545 -0.228386 -1.936771 -0.101857 0.147821 -0.637120 -1.000000 
-0.090777 2.015526 -0.317307 -0.212157 -1.937525 -0.086672 0.142639 -0.657862 -1.000000 
-0.074630 2.020847 -0.318939 -0.195833 -1.938158 -0.071413 0.137303 -0.675520 -1.000000 
-0.058445 2.025325 -0.320440 -0.179422 -1.938668 -0.056104 0.131840 -0.689590 -1.000000 
-0.042227 2.028959 -0.321809 -0.162935 -1.939055 -0.040767 0.126281 -0.699650 -1.000000 
-0.025984 2.031749 -0.323047 -0.146383 -1.939320 -0.025427 0.120657 -0.705391 -1.000000 
-0.009722 2.033697 -0.324151 -0.129776 -1.939462 -0.010106 0.115006 -0.706641 -1.000000 
0.006553 2.034805 -0.325123 -0.113123 -1.939482 0.005175 0.109363 -0.703372 -1.000000 
0.022833 2.035075 -0.325961 -0.096434 -1.939379 0.020393 0.103764 -0.695709 -1.000000 
0.039112 2.034512 -0.326666 -0.079720 -1.939156 0.035528 0.098243 -0.683914 -1.000000 
0.055383 2.033120 -0.327237 -0.062990 -1.938811 0.050559 0.092831 -0.668368 -1.000000 
0.071640 2.030903 -0.327674 -0.046253 -1.938347 0.065467 0.087558 -0.649543 -1.000000 
0.087875 2.027867 -0.327977 -0.029518 -1.937764 0.080233 0.082446 -0.627975 -1.000000 
0.104083 2.024020 -0.328146 -0.012796 -1.937064 0.094839 0.077516 -0.604224 -1.000000 
0.120257 2.019366 -0.328182 0.003906 -1.936247 0.109266 0.072783 -0.578853 -1.000000 
0.136391 2.013914 -0.328084 0.020578 -1.935316 0.123498 0.068257 -0.552398 -1.000000 
0.152478 2.007670 -0.327852 0.037212 -1.934272 0.137518 0.063946 -0.525351 -1.000000 
0.168512 2.000644 -0.327488 0.053798 -1.933116 0.151309 0.059852 -0.498148 -1.000000 
0.184486 1.992844 -0.326992 0.070330 -1.931852 0.164856 0.055975 -0.471160 -1.000000 
0.200395 1.984278 -0.326363 0.086797 -1.930479 0.178144 0.052312 -0.444695 -1.000000 
0.216232 1.974956 -0.325603 0.103194 -1.929002 0.191157 0.048858 -0.418994 -1.000000 
0.231992 1.964888 -0.324712 0.119510 -1.927422 0.203882 0.045606 -0.394242 -1.000000 
0.247669 1.954083 -0.323691 0.135740 -1.925741 0.216303 0.042547 -0.370572 -1.000000 
0.263256 1.942553 -0.322541 0.151874 -1.923962 0.228407 0.039673 -0.348070 -1.000000 
0.278748 1.930308 -0.321262 0.167906 -1.922087 0.240180 0.036975 -0.326784 -1.000000 
0.294139 1.917360 -0.319855 0.183829 -1.920120 0.251610 0.034442 -0.306734 -1.000000 
0.309424 1.903719 -0.318321 0.199635 -1.918062 0.262685 0.032064 -0.287913 -1.000000 
0.324596 1.889397 -0.316661 0.215316 -1.915918 0.273391 0.029832 -0.270296 -1.000000 
0.339652 1.874408 -0.314876 0.230868 -1.913689 0.283718 0.027736 -0.253845 -1.000000 
0.354585 1.858762 -0.312967 0.246282 -1.911379 0.293654 0.025767 -0.238511 -1.000000 
0.369391 1.842472 -0.310936 0.261553 -1.908992 0.303189 0.023917 -0.224241 -1.000000 
0.384063 1.825552 -0.308783 0.276673 -1.906529 0.312312 0.022177 -0.210974 -1.000000 
0.398598 1.808014 -0.306509 0.291638 -1.903996 0.321013 0.020539 -0.198653 -1.000000 
0.412990 1.789872 -0.304117 0.306441 -1.901394 0.329284 0.018996 -0.187215 -1.000000 
0.427234 1.771139 -0.301607 0.321077 -1.898728 0.337115 0.017541 -0.176601 -1.000000 
0.441326 1.751829 -0.298980 0.335540 -1.896002 0.344500 0.016168 -0.166755 -1.000000 
0.455262 1.731956 -0.296239 0.349825 -1.893218 0.351429 0.014871 -0.157620 -1.000000 
0.469036 1.711533 -0.293383 0.363927 -1.890380 0.357897 0.013645 -0.149145 -1.000000 
0.482645 1.690574 -0.290416 0.377840 -1.887492 0.363896 0.012483 -0.141281 -1.000000 
0.496084 1.669094 -0.287339 0.391562 -1.884559 0.369422 0.011383 -0.133980 -1.000000 
0.509349 1.647106 -0.284152 0.405086 -1.881583 0.374468 0.010338 -0.127201 -1.000000 
0.522436 1.624626 -0.280858 0.418409 -1.878569 0.379031 0.009346 -0.120903 -1.000000 
0.535342 1.601666 -0.277458 0.431527 -1.875520 0.383107 0.008403 -0.115048 -1.000000 
0.548062 1.578241 -0.273954 0.444437 -1.872440 0.386692 0.007504 -0.109603 -1.000000 
0.560593 1.554366 -0.270347 0.457134 -1.869334 0.389783 0.006648 -0.104537 -1.000000 
0.572931 1.530055 -0.266640 0.469615 -1.866205 0.392378 0.005831 -0.099819 -1.000000 
0.585072 1.505320 -0.262834 0.481877 -1.863057 0.394476 0.005050 -0.095424 -1.000000 
0.597015 1.480178 -0.258931 0.493918 -1.859895 0.396076 0.004303 -0.091326 -1.000000 
0.608754 1.454641 -0.254932 0.505735 -1.856721 0.397178 0.003588 -0.087504 -1.000000 
0.620288 1.428722 -0.250840 0.517324 -1.853541 0.397781 0.002902 -0.083936 -1.000000 
0.631613 1.402437 -0.246655 0.528684 -1.850358 0.397888 0.002244 -0.080603 -1.000000 
0.642726 1.375798 -0.242381 0.539813 -1.847176 0.397499 0.001612 -0.077488 -1.000000 
0.653625 1.348818 -0.238019 0.550709 -1.844000 0.396616 0.001004 -0.074576 -1.000000 
0.664265 1.314483 -0.233560 0.562572 -1.840721 0.413773 0.001292 0.071732 1.000000 
0.674669 1.286303 -0.229024 0.571426 -1.837418 0.411890 0.001855 0.069034 1.000000 
0.684845 1.257830 -0.224418 0.580048 -1.834132 0.409505 0.002397 0.066508 1.000000 
0.694793 1.229078 -0.219744 0.588436 -1.830867 0.406622 0.002920 0.064142 1.000000 
0.704510 1.200058 -0.215003 0.596591 -1.827627 0.403245 0.003424 0.061925 1.000000 
0.713993 1.170782 -0.210199 0.604512 -1.824416 0.399380 0.003911 0.059847 1.000000 
0.723242 1.141263 -0.205332 0.612198 -1.821238 0.395033 0.004382 0.057897 1.000000 
0.732253 1.111512 -0.200404 0.619649 -1.818097 0.390208 0.004838 0.056068 1.000000 
0.741025 1.081540 -0.195418 0.626865 -1.814996 0.384915 0.005279 0.054351 1.000000 
0.749557 1.051359 -0.190375 0.633845 -1.811940 0.379159 0.005708 0.052739 1.000000 
0.757846 1.020980 -0.185277 0.640591 -1.808931 0.372948 0.006123 0.051226 1.000000 
0.765892 0.990412 -0.180126 0.647101 -1.805974 0.366292 0.006527 0.049804 1.000000 
0.773693 0.959666 -0.174924 0.653376 -1.803071 0.359198 0.006921 0.048468 1.000000 
0.781246 0.928752 -0.169673 0.659417 -1.800228 0.351676 0.007303 0.047213 1.000000 
0.788552 0.897679 -0.164374 0.665225 -1.797446 0.343737 0.007676 0.046033 1.000000 
0.795609 0.866457 -0.159030 0.670798 -1.794729 0.335389 0.008040 0.044926 1.000000 
0.802415 0.835094 -0.153642 0.676138 -1.792081 0.326645 0.008395 0.043885 1.000000 
0.808970 0.803599 -0.148212 0.681247 -1.789504 0.317514 0.008742 0.042908 1.000000 
0.815272 0.771980 -0.142743 0.686123 -1.787001 0.308009 0.009082 0.041991 1.000000 
0.821321 0.740245 -0.137235 0.690768 -1.784576 0.298141 0.009414 0.041131 1.000000 
0.827116 0.708403 -0.131691 0.695183 -1.782232 0.287922 0.009740 0.040325 1.000000 
0.832656 0.676459 -0.126113 0.699369 -1.779971 0.277366 0.010060 0.039569 1.000000 
0.837939 0.644421 -0.120502 0.703326 -1.777795 0.266485 0.010373 0.038862 1.000000 
0.842966 0.612296 -0.114860 0.707055 -1.775708 0.255292 0.010681 0.038201 1.000000 
0.847736 0.580090 -0.109189 0.710556 -1.773711 0.243801 0.010985 0.037583 1.000000 
0.852247 0.547810 -0.103492 0.713832 -1.771808 0.232026 0.011283 0.037008 1.000000 
0.856500 0.515461 -0.097769 0.716881 -1.769999 0.219980 0.011577 0.036473 1.000000 
0.860494 0.483049 -0.092022 0.719706 -1.768289 0.207679 0.011867 0.035976 1.000000 
0.864229 0.450580 -0.086254 0.722307 -1.766677 0.195137 0.012153 0.035516 1.000000 
0.867704 0.418058 -0.080466 0.724685 -1.765167 0.182368 0.012435 0.035092 1.000000 
0.870918 0.385489 -0.074660 0.726840 -1.763760 0.169388 0.012714 0.034702 1.000000 
0.873871 0.352877 -0.068837 0.728774 -1.762457 0.156212 0.012990 0.034345 1.000000 
0.876564 0.320226 -0.063000 0.730486 -1.761261 0.142855 0.013264 0.034020 1.000000 
0.878995 0.287542 -0.057150 0.731978 -1.760172 0.129333 0.013535 0.033726 1.000000 
0.881164 0.254829 -0.051289 0.733249 -1.759192 0.115662 0.013803 0.033462 1.000000 
0.883072 0.222090 -0.045418 0.734301 -1.758322 0.101858 0.014070 0.033228 1.000000 
0.884718 0.189329 -0.039540 0.735135 -1.757563 0.087936 0.014335 0.033023 1.000000 
0.886101 0.156550 -0.033657 0.735749 -1.756915 0.073913 0.014599 0.032846 1.000000 
0.887223 0.123757 -0.027769 0.736145 -1.756380 0.059805 0.014861 0.032696 1.000000 
0.888081 0.090954 -0.021879 0.736324 -1.755958 0.045628 0.015122 0.032574 1.000000 
0.888678 0.058143 -0.015988 0.736285 -1.755650 0.031399 0.015382 0.032479 1.000000 
0.889012 0.025329 -0.010099 0.736028 -1.755456 0.017134 0.015642 0.032411 1.000000 
0.889083 -0.007485 -0.004213 0.735554 -1.755376 0.002850 0.015901 0.032370 1.000000 
0.888892 -0.040296 0.001669 0.734863 -1.755411 -0.011438 0.016160 0.032355 1.000000 
0.888438 -0.073100 0.007545 0.733954 -1.755559 -0.025712 0.016418 0.032367 1.000000 
0.887722 -0.105894 0.013412 0.732829 -1.755822 -0.039956 0.016677 0.032405 1.000000 
0.886744 -0.138674 0.019269 0.731486 -1.756198 -0.054153 0.016937 0.032470 1.000000 
0.885504 -0.171437 0.025115 0.729925 -1.756688 -0.068288 0.017197 0.032562 1.000000 
0.884001 -0.204180 0.030948 0.728147 -1.757291 -0.082343 0.017458 0.032681 1.000000 
0.882237 -0.236897 0.036765 0.726150 -1.758005 -0.096303 0.017720 0.032828 1.000000 
0.880211 -0.269587 0.042565 0.723935 -1.758831 -0.110151 0.017983 0.033002 1.000000 
0.877923 -0.302245 0.048347 0.721502 -1.759768 -0.123872 0.018248 0.033206 1.000000 
0.875375 -0.334867 0.054109 0.718849 -1.760813 -0.137448 0.018515 0.033438 1.000000 
0.872566 -0.367448 0.059848 0.715976 -1.761966 -0.150864 0.018783 0.033701 1.000000 
0.869496 -0.399985 0.065564 0.712884 -1.763226 -0.164105 0.019054 0.033994 1.000000 
0.866166 -0.432472 0.071254 0.709570 -1.764591 -0.177154 0.019327 0.034319 1.000000 
0.862577 -0.464906 0.076916 0.706036 -1.766060 -0.189996 0.019603 0.034677 1.000000 
0.858728 -0.497281 0.082550 0.702279 -1.767631 -0.202617 0.019882 0.035068 1.000000 
0.854620 -0.529592 0.088152 0.698300 -1.769301 -0.215000 0.020164 0.035495 1.000000 
0.850254 -0.561834 0.093722 0.694098 -1.771070 -0.227131 0.020450 0.035958 1.000000 
0.845631 -0.594000 0.099257 0.689672 -1.772935 -0.238995 0.020740 0.036459 1.000000 
0.840751 -0.626086 0.104756 0.685021 -1.774893 -0.250578 0.021034 0.037000 1.000000 
0.835614 -0.658086 0.110217 0.680146 -1.776943 -0.261866 0.021332 0.037582 1.000000 
0.830222 -0.689991 0.115638 0.675044 -1.779082 -0.272844 0.021635 0.038207 1.000000 
0.824574 -0.721797 0.121017 0.669716 -1.781308 -0.283500 0.021943 0.038878 1.000000 
0.818673 -0.753496 0.126353 0.664161 -1.783617 -0.293819 0.022257 0.039598 1.000000 
0.812519 -0.785080 0.131643 0.658378 -1.786008 -0.303789 0.022577 0.040367 1.000000 
0.806112 -0.816542 0.136886 0.652367 -1.788477 -0.313398 0.022903 0.041190 1.000000 
0.799454 -0.847874 0.142080 0.646128 -1.791021 -0.322632 0.023236 0.042070 1.000000 
0.792547 -0.879068 0.147224 0.639659 -1.793638 -0.331480 0.023577 0.043009 1.000000 
0.785390 -0.910115 0.152314 0.632960 -1.796324 -0.339930 0.023925 0.044012 1.000000 
0.777985 -0.941006 0.157350 0.626032 -1.799076 -0.347972 0.024281 0.045081 1.000000 
0.770334 -0.971732 0.162330 0.618873 -1.801890 -0.355594 0.024646 0.046223 1.000000 
0.762438 -1.002283 0.167252 0.611483 -1.804764 -0.362786 0.025021 0.047440 1.000000 
0.754298 -1.032650 0.172113 0.603863 -1.807694 -0.369538 0.025405 0.048739 1.000000 
0.745916 -1.062822 0.176913 0.596013 -1.810676 -0.375841 0.025801 0.050124 1.000000 
0.737293 -1.092789 0.181649 0.587931 -1.813706 -0.381686 0.026208 0.051603 1.000000 
0.728432 -1.122540 0.186319 0.579620 -1.816781 -0.387065 0.026627 0.053180 1.000000 
0.719333 -1.152063 0.190922 0.571078 -1.819898 -0.391968 0.027059 0.054864 1.000000 
0.710000 -1.181348 0.195456 0.562306 -1.823052 -0.396390 0.027505 0.056663 1.000000 
0.700432 -1.210381 0.199918 0.553306 -1.826239 -0.400322 0.027966 0.058585 1.000000 
0.690634 -1.239152 0.204308 0.544077 -1.829455 -0.403760 0.028442 0.060639 1.000000 
0.680607 -1.267647 0.208623 0.534620 -1.832698 -0.406696 0.028936 0.062835 1.000000 
0.670353 -1.295855 0.212861 0.524937 -1.835961 -0.409126 0.029448 0.065186 1.000000 
0.659874 -1.323761 0.217021 0.515028 -1.839242 -0.411044 0.029980 0.067703 1.000000 
0.649173 -1.351354 0.221101 0.504895 -1.842537 -0.412448 0.030532 0.070399 1.000000 
0.638253 -1.378619 0.225099 0.494540 -1.845840 -0.413333 0.031107 0.073290 1.000000 
0.627116 -1.405543 0.229013 0.483963 -1.849149 -0.413697 0.031705 0.076392 1.000000 
0.615765 -1.432112 0.232842 0.473168 -1.852458 -0.413536 0.032329 0.079722 1.000000 
0.604203 -1.458312 0.236583 0.462155 -1.855764 -0.412851 0.032981 0.083300 1.000000 
0.592433 -1.484128 0.240236 0.450927 -1.859062 -0.411640 0.033663 0.087149 1.000000 
0.580458 -1.509547 0.243798 0.439487 -1.862349 -0.409902 0.034377 0.091291 1.000000 
0.568282 -1.534554 0.247267 0.427836 -1.865619 -0.407637 0.035124 0.095752 1.000000 
0.555907 -1.559134 0.250643 0.415979 -1.868869 -0.404848 0.035910 0.100563 1.000000 
0.543337 -1.583272 0.253922 0.403918 -1.872095 -0.401535 0.036734 0.105753 1.000000 
0.530576 -1.606954 0.257105 0.391656 -1.875293 -0.397700 0.037603 0.111358 1.000000 
0.517627 -1.630165 0.260188 0.379196 -1.878457 -0.393348 0.038517 0.117416 1.000000 
0.504494 -1.652889 0.263171 0.366543 -1.881585 -0.388480 0.039483 0.123969 1.000000 
0.491182 -1.675113 0.266052 0.353700 -1.884671 -0.383103 0.040502 0.131062 1.000000 
0.477694 -1.696820 0.268830 0.340671 -1.887713 -0.377219 0.041581 0.138748 1.000000 
0.464034 -1.717997 0.271503 0.327461 -1.890706 -0.370836 0.042724 0.147080 1.000000 
0.450207 -1.738629 0.274069 0.314074 -1.893645 -0.363959 0.043936 0.156118 1.000000 
0.436218 -1.758700 0.276527 0.300515 -1.896528 -0.356595 0.045224 0.165929 1.000000 
0.422070 -1.778196 0.278877 0.286788 -1.899349 -0.348752 0.046593 0.176583 1.000000 
0.407768 -1.797102 0.281116 0.272899 -1.902106 -0.340438 0.048052 0.188156 1.000000 
0.393318 -1.815406 0.283243 0.258854 -1.904795 -0.331661 0.049607 0.200730 1.000000 
0.378723 -1.833091 0.285257 0.244657 -1.907412 -0.322431 0.051266 0.214392 1.000000 
0.363990 -1.850144 0.287157 0.230314 -1.909953 -0.312757 0.053040 0.229233 1.000000 
0.349123 -1.866552 0.288941 0.215832 -1.912415 -0.302650 0.054938 0.245348 1.000000 
0.334127 -1.882301 0.290610 0.201216 -1.914794 -0.292121 0.056969 0.262832 1.000000 
0.319008 -1.897378 0.292161 0.186474 -1.917088 -0.281181 0.059147 0.281782 1.000000 
0.303771 -1.911770 0.293593 0.171610 -1.919292 -0.269842 0.061482 0.302290 1.000000 
0.288421 -1.925464 0.294906 0.156632 -1.921404 -0.258117 0.063988 0.324439 1.000000 
0.272965 -1.938447 0.296099 0.141547 -1.923421 -0.246018 0.066678 0.348299 1.000000 
0.257408 -1.950708 0.297171 0.126361 -1.925339 -0.233559 0.069565 0.373919 1.000000 
0.241756 -1.962235 0.298120 0.111082 -1.927157 -0.220753 0.072665 0.401320 1.000000 
0.226014 -1.973017 0.298948 0.095717 -1.928870 -0.207614 0.075991 0.430482 1.000000 
0.210189 -1.983042 0.299652 0.080274 -1.930478 -0.194157 0.079557 0.461330 1.000000 
0.194287 -1.992300 0.300232 0.064759 -1.931976 -0.180396 0.083376 0.493726 1.000000 
0.178315 -2.000780 0.300688 0.049181 -1.933363 -0.166347 0.087460 0.527452 1.000000 
0.162277 -2.008473 0.301019 0.033547 -1.934637 -0.152025 0.091818 0.562194 1.000000 
0.146181 -2.015369 0.301224 0.017866 -1.935795 -0.137445 0.096457 0.597534 1.000000 
0.130033 -2.021458 0.301304 0.002145 -1.936835 -0.122626 0.101379 0.632939 1.000000 
0.113840 -2.026733 0.301258 -0.013608 -1.937756 -0.107582 0.106583 0.667762 1.000000 
0.097608 -2.031184 0.301087 -0.029383 -1.938556 -0.092332 0.112060 0.701251 1.000000 
0.081343 -2.034804 0.300788 -0.045172 -1.939233 -0.076893 0.117797 0.732568 1.000000 
0.065053 -2.037585 0.300364 -0.060967 -1.939786 -0.061285 0.123773 0.760823 1.000000 
0.048744 -2.039521 0.299813 -0.076758 -1.940213 -0.045525 0.129959 0.785119 1.000000 
0.032423 -2.040605 0.299136 -0.092537 -1.940514 -0.029636 0.136322 0.804612 1.000000 
0.016097 -2.040832 0.298332 -0.108293 -1.940687 -0.013637 0.142818 0.818570 1.000000 
-0.000228 -2.040196 0.297403 -0.124017 -1.940732 0.002449 0.149403 0.826430 1.000000 
-0.016544 -2.038694 0.296348 -0.139701 -1.940648 0.018600 0.156024 0.827857 1.000000 
-0.032845 -2.036322 0.295168 -0.155332 -1.940434 0.034792 0.162631 0.822765 1.000000 
-0.049123 -2.033077 0.293863 -0.170902 -1.940091 0.051000 0.169171 0.811333 1.000000 
-0.065372 -2.028959 0.292434 -0.186401 -1.939618 0.067199 0.175597 0.793989 1.000000 
-0.081584 -2.023966 0.290881 -0.201818 -1.939016 0.083364 0.181861 0.771370 1.000000 
-0.097753 -2.018099 0.289205 -0.217142 -1.938285 0.099467 0.187926 0.744269 1.000000 
-0.113871 -2.011360 0.287407 -0.232365 -1.937425 0.115483 0.193760 0.713574 1.000000 
-0.129932 -2.003751 0.285487 -0.247475 -1.936437 0.131383 0.199337 0.680205 1.000000 
-0.145929 -1.995276 0.283448 -0.262462 -1.935323 0.147142 0.204638 0.645059 1.000000 
-0.161854 -1.985939 0.281288 -0.277317 -1.934084 0.162732 0.209655 0.608964 1.000000 
-0.177702 -1.975747 0.279011 -0.292030 -1.932720 0.178126 0.214381 0.572650 1.000000 
-0.193464 -1.964707 0.276616 -0.306592 -1.931234 0.193298 0.218818 0.536734 1.000000 
-0.209135 -1.952826 0.274106 -0.320993 -1.929628 0.208221 0.222971 0.501711 1.000000 
-0.224707 -1.940113 0.271481 -0.335224 -1.927903 0.222871 0.226849 0.467962 1.000000 
-0.240174 -1.926578 0.268743 -0.349276 -1.926063 0.237222 0.230463 0.435758 1.000000 
-0.255530 -1.912233 0.265893 -0.363140 -1.924109 0.251250 0.233826 0.405281 1.000000 
-0.270768 -1.897088 0.262933 -0.376810 -1.922044 0.264931 0.236952 0.376634 1.000000 
-0.285881 -1.881157 0.259865 -0.390276 -1.919871 0.278243 0.239857 0.349858 1.000000 
-0.300864 -1.864452 0.256689 -0.403530 -1.917593 0.291162 0.242555 0.324945 1.000000 
-0.315711 -1.846987 0.253409 -0.416567 -1.915213 0.303668 0.245061 0.301850 1.000000 
-0.330414 -1.828778 0.250025 -0.429378 -1.912735 0.315740 0.247389 0.280505 1.000000 
-0.344969 -1.809840 0.246539 -0.441958 -1.910163 0.327360 0.249554 0.260823 1.000000 
-0.359370 -1.790188 0.242954 -0.454299 -1.907499 0.338507 0.251567 0.242705 1.000000 
-0.373610 -1.769839 0.239271 -0.466396 -1.904748 0.349166 0.253441 0.226049 1.000000 
-0.387685 -1.748810 0.235492 -0.478243 -1.901913 0.359318 0.255187 0.210751 1.000000 
-0.401589 -1.727119 0.231620 -0.489835 -1.899000 0.368949 0.256816 0.196708 1.000000 
-0.415317 -1.704783 0.227656 -0.501168 -1.896012 0.378043 0.258337 0.183821 1.000000 
-0.428864 -1.681821 0.223602 -0.512236 -1.892953 0.386587 0.259760 0.171995 1.000000 
-0.442225 -1.658250 0.219461 -0.523035 -1.889828 0.394568 0.261092 0.161141 1.000000 
-0.455395 -1.634090 0.215234 -0.533562 -1.886641 0.401975 0.262341 0.151176 1.000000 
-0.468369 -1.609360 0.210924 -0.543813 -1.883398 0.408797 0.263513 0.142023 1.000000 
-0.481143 -1.584078 0.206534 -0.553784 -1.880102 0.415025 0.264615 0.133612 1.000000 
-0.493713 -1.558263 0.202065 -0.563474 -1.876759 0.420649 0.265653 0.125876 1.000000 
-0.506074 -1.531936 0.197519 -0.572879 -1.873373 0.425663 0.266631 0.118757 1.000000 
-0.518222 -1.505114 0.192899 -0.581996 -1.869950 0.430060 0.267554 0.112201 1.000000 
-0.530154 -1.477818 0.188208 -0.590825 -1.866494 0.433835 0.268427 0.106157 1.000000 
-0.541866 -1.450067 0.183447 -0.599364 -1.863010 0.436983 0.269254 0.100582 1.000000 
-0.553354 -1.421878 0.178619 -0.607611 -1.859504 0.439501 0.270038 0.095433 1.000000 
-0.564615 -1.393272 0.173726 -0.615565 -1.855980 0.441386 0.270782 0.090676 1.000000 
-0.575646 -1.364267 0.168770 -0.623226 -1.852443 0.442638 0.271489 0.086275 1.000000 
-0.586442 -1.334882 0.163755 -0.630592 -1.848899 0.443255 0.272163 0.082200 1.000000 
-0.597003 -1.305134 0.158682 -0.637664 -1.845353 0.443238 0.272806 0.078425 1.000000 
-0.607324 -1.275041 0.153553 -0.644442 -1.841809 0.442589 0.273419 0.074924 1.000000 
-0.617402 -1.244622 0.148371 -0.650926 -1.838273 0.441311 0.274005 0.071675 1.000000 
-0.627237 -1.213894 0.143139 -0.657116 -1.834750 0.439406 0.274566 0.068656 1.000000 
-0.636824 -1.182873 0.137858 -0.663014 -1.831245 0.436879 0.275104 0.065850 1.000000 
-0.646162 -1.151576 0.132532 -0.668619 -1.827762 0.433735 0.275620 0.063240 1.000000 
-0.655249 -1.120019 0.127161 -0.673933 -1.824306 0.429981 0.276116 0.060810 1.000000 
-0.664082 -1.088219 0.121750 -0.678957 -1.820884 0.425623 0.276594 0.058547 1.000000 
-0.672659 -1.056189 0.116299 -0.683693 -1.817498 0.420668 0.277054 0.056437 1.000000 
-0.680980 -1.023945 0.110811 -0.688141 -1.814154 0.415126 0.277497 0.054470 1.000000 
-0.689042 -0.991502 0.105289 -0.692304 -1.810858 0.409005 0.277925 0.052635 1.000000 
-0.696844 -0.958873 0.099735 -0.696183 -1.807612 0.402316 0.278340 0.050921 1.000000 
-0.704384 -0.926071 0.094151 -0.699781 -1.804422 0.395070 0.278740 0.049322 1.000000 
-0.711660 -0.893110 0.088539 -0.703098 -1.801292 0.387277 0.279129 0.047827 1.000000 
-0.718673 -0.860001 0.082902 -0.706137 -1.798227 0.378950 0.279506 0.046432 1.000000 
-0.725420 -0.826757 0.077242 -0.708900 -1.795230 0.370103 0.279872 0.045128 1.000000 
-0.731901 -0.793388 0.071561 -0.711389 -1.792307 0.360747 0.280228 0.043909 1.000000 
-0.738114 -0.759907 0.065860 -0.713607 -1.789460 0.350899 0.280575 0.042771 1.000000 
-0.744059 -0.726322 0.060144 -0.715554 -1.786694 0.340571 0.280913 0.041708 1.000000 
-0.749735 -0.692643 0.054412 -0.717235 -1.784012 0.329779 0.281242 0.040716 1.000000 
-0.755141 -0.658881 0.048668 -0.718650 -1.781418 0.318540 0.281564 0.039790 1.000000 
-0.760277 -0.625043 0.042915 -0.719801 -1.778916 0.306869 0.281879 0.038926 1.000000 
-0.765141 -0.591139 0.037152 -0.720692 -1.776509 0.294782 0.282187 0.038121 1.000000 
-0.769735 -0.557175 0.031384 -0.721324 -1.774201 0.282298 0.282489 0.037372 1.000000 
-0.774056 -0.523160 0.025612 -0.721698 -1.771994 0.269434 0.282785 0.036676 1.000000 
-0.778105 -0.489100 0.019838 -0.721818 -1.769891 0.256207 0.283076 0.036029 1.000000 
-0.781882 -0.455001 0.014063 -0.721685 -1.767895 0.242637 0.283362 0.035430 1.000000 
-0.785385 -0.420871 0.008291 -0.721301 -1.766010 0.228742 0.283643 0.034876 1.000000 
-0.788615 -0.386714 0.002523 -0.720668 -1.764236 0.214541 0.283920 0.034366 1.000000 
-0.791573 -0.352536 -0.003239 -0.719788 -1.762578 0.200053 0.284193 0.033897 1.000000 
-0.794256 -0.318342 -0.008993 -0.718661 -1.761036 0.185299 0.284463 0.033467 1.000000 
-0.796666 -0.284136 -0.014737 -0.717291 -1.759614 0.170298 0.284729 0.033076 1.000000 
-0.798802 -0.249924 -0.020469 -0.715677 -1.758312 0.155071 0.284992 0.032722 1.000000 
-0.800665 -0.215708 -0.026187 -0.713823 -1.757133 0.139638 0.285252 0.032403 1.000000 
-0.802254 -0.181494 -0.031889 -0.711728 -1.756078 0.124020 0.285510 0.032118 1.000000 
-0.803569 -0.147283 -0.037574 -0.709394 -1.755149 0.108237 0.285766 0.031867 1.000000 
-0.804610 -0.113081 -0.043239 -0.706823 -1.754347 0.092311 0.286020 0.031649 1.000000 
-0.805378 -0.078890 -0.048882 -0.704014 -1.753672 0.076263 0.286273 0.031463 1.000000 
-0.805872 -0.044713 -0.054502 -0.700970 -1.753127 0.060115 0.286524 0.031308 1.000000 
-0.806093 -0.010553 -0.060097 -0.697690 -1.752711 0.043887 0.286774 0.031184 1.000000 
-0.806041 0.023587 -0.065665 -0.694176 -1.752425 0.027601 0.287023 0.031091 1.000000 
-0.805716 0.057704 -0.071203 -0.690427 -1.752269 0.011279 0.287271 0.031028 1.000000 
-0.805118 0.091796 -0.076711 -0.686444 -1.752244 -0.005057 0.287519 0.030994 1.000000 
0.000000 0.000000 0.000000 0.000000 0.000000 0.000000 0.000000 0.000000 0.000000 
