-0.089827 3.429890 1.903402 -2.435284 -1.910947 -2.641710 0.014582 -0.034588 1.000000 
-0.062368 3.434523 1.883555 -2.526590 -1.932028 -2.628191 0.014299 -0.036166 1.000000 
-0.034878 3.437878 1.862976 -2.618196 -1.952992 -2.612345 0.014003 -0.037846 1.000000 
-0.007366 3.439915 1.841663 -2.710029 -1.973820 -2.594159 0.013693 -0.039633 1.000000 
0.020157 3.440597 1.819615 -2.802015 -1.994492 -2.573623 0.013369 -0.041537 1.000000 
0.047680 3.439887 1.796831 -2.894078 -2.014991 -2.550728 0.013029 -0.043566 1.000000 
0.075192 3.437749 1.773310 -2.986138 -2.035298 -2.525470 0.012671 -0.045729 1.000000 
0.102680 3.434148 1.749053 -3.078115 -2.055392 -2.497846 0.012297 -0.048035 1.000000 
0.130134 3.429051 1.724061 -3.169925 -2.075257 -2.467858 0.011903 -0.050497 1.000000 
0.157541 3.422426 1.698335 -3.261484 -2.094872 -2.435509 0.011488 -0.053124 1.000000 
0.184889 3.414243 1.671878 -3.352705 -2.114219 -2.400808 0.011052 -0.055930 1.000000 
0.212165 3.404473 1.644693 -3.443501 -2.133279 -2.363766 0.010593 -0.058926 1.000000 
0.239356 3.393089 1.616783 -3.533781 -2.152033 -2.324397 0.010109 -0.062127 1.000000 
0.266450 3.380066 1.588154 -3.623455 -2.170463 -2.282719 0.009598 -0.065545 1.000000 
0.293433 3.365381 1.558810 -3.712431 -2.188550 -2.238754 0.009059 -0.069198 1.000000 
0.320291 3.349012 1.528757 -3.800618 -2.206277 -2.192527 0.008490 -0.073098 1.000000 
0.347012 3.330941 1.498002 -3.887920 -2.223625 -2.144066 0.007889 -0.077263 1.000000 
0.373582 3.311152 1.466553 -3.974246 -2.240576 -2.093406 0.007253 -0.081709 1.000000 
0.399986 3.289629 1.434417 -4.059500 -2.257113 -2.040581 0.006581 -0.086450 1.000000 
0.426211 3.266361 1.401604 -4.143588 -2.273220 -1.985631 0.005869 -0.091503 1.000000 
0.452243 3.241338 1.368123 -4.226417 -2.288878 -1.928602 0.005116 -0.096882 1.000000 
0.478068 3.214555 1.333985 -4.307894 -2.304072 -1.869539 0.004318 -0.102602 1.000000 
0.503671 3.186006 1.299201 -4.387924 -2.318785 -1.808494 0.003473 -0.108674 1.000000 
0.529039 3.155690 1.263782 -4.466417 -2.333003 -1.745522 0.002579 -0.115107 1.000000 
0.554158 3.123609 1.227742 -4.543280 -2.346709 -1.680681 0.001631 -0.121907 1.000000 
0.578982 3.074252 1.191032 -4.649501 -2.359766 -1.552521 0.001140 0.129045 -1.000000 
0.603426 3.036412 1.153546 -4.721771 -2.371913 -1.484124 0.002201 0.136444 -1.000000 
0.627560 2.996809 1.115489 -4.792143 -2.383507 -1.414040 0.003324 0.144179 -1.000000 
0.651370 2.955453 1.076877 -4.860533 -2.394534 -1.342334 0.004509 0.152231 -1.000000 
0.674842 2.912360 1.037726 -4.926857 -2.404980 -1.269076 0.005760 0.160570 -1.000000 
0.697963 2.867544 0.998053 -4.991033 -2.414835 -1.194336 0.007079 0.169154 -1.000000 
0.720718 2.821024 0.957875 -5.052983 -2.424086 -1.118189 0.008467 0.177931 -1.000000 
0.743095 2.772823 0.917211 -5.112630 -2.432722 -1.040711 0.009926 0.186835 -1.000000 
0.765079 2.722965 0.876079 -5.169898 -2.440734 -0.961983 0.011457 0.195785 -1.000000 
0.786658 2.671476 0.834499 -5.224717 -2.448111 -0.882087 0.013059 0.204687 -1.000000 
0.807819 2.618388 0.792491 -5.277018 -2.454845 -0.801107 0.014731 0.213432 -1.000000 
0.828548 2.563730 0.750074 -5.326735 -2.460926 -0.719130 0.016473 0.221901 -1.000000 
0.848834 2.507541 0.707270 -5.373805 -2.466348 -0.636245 0.018281 0.229963 -1.000000 
0.868665 2.449855 0.664100 -5.418169 -2.471104 -0.552543 0.020151 0.237480 -1.000000 
0.888028 2.390715 0.620586 -5.459772 -2.475187 -0.468118 0.022078 0.244312 -1.000000 
0.906912 2.330162 0.576751 -5.498562 -2.478592 -0.383064 0.024057 0.250322 -1.000000 
0.925307 2.268243 0.532617 -5.534489 -2.481315 -0.297479 0.026081 0.255380 -1.000000 
0.943201 2.205004 0.488207 -5.567511 -2.483351 -0.211459 0.028141 0.259371 -1.000000 
0.960584 2.140496 0.443545 -5.597587 -2.484697 -0.125106 0.030228 0.262200 -1.000000 
0.977446 2.074772 0.398654 -5.624681 -2.485352 -0.038520 0.032333 0.263797 -1.000000 
0.993777 2.007885 0.353558 -5.648762 -2.485313 0.048197 0.034445 0.264121 -1.000000 
1.009569 1.939894 0.308282 -5.669803 -2.484580 0.134943 0.036555 0.263162 -1.000000 
1.024812 1.870856 0.262849 -5.687782 -2.483154 0.221612 0.038652 0.260943 -1.000000 
1.039500 1.800832 0.217285 -5.702682 -2.481035 0.308103 0.040727 0.257517 -1.000000 
1.053623 1.729885 0.171615 -5.714490 -2.478225 0.394309 0.042770 0.252966 -1.000000 
1.067176 1.658079 0.125862 -5.723198 -2.474727 0.480128 0.044772 0.247393 -1.000000 
1.080150 1.585480 0.080052 -5.728804 -2.470544 0.565456 0.046726 0.240921 -1.000000 
1.092541 1.512153 0.034209 -5.731310 -2.465681 0.650189 0.048624 0.233684 -1.000000 
1.104343 1.438169 -0.011641 -5.730724 -2.460143 0.734225 0.050463 0.225823 -1.000000 
1.115551 1.363594 -0.057474 -5.727057 -2.453936 0.817464 0.052236 0.217478 -1.000000 
1.126159 1.288500 -0.103266 -5.720328 -2.447066 0.899805 0.053942 0.208784 -1.000000 
1.136165 1.212957 -0.148991 -5.710559 -2.439542 0.981151 0.055576 0.199871 -1.000000 
1.145566 1.137035 -0.194627 -5.697777 -2.431371 1.061406 0.057139 0.190854 -1.000000 
1.154357 1.060805 -0.240148 -5.682014 -2.422562 1.140476 0.058630 0.181837 -1.000000 
1.162538 0.984338 -0.285531 -5.663306 -2.413127 1.218269 0.060049 0.172909 -1.000000 
1.170106 0.907706 -0.330753 -5.641696 -2.403074 1.294697 0.061397 0.164144 -1.000000 
1.177061 0.830979 -0.375791 -5.617229 -2.392415 1.369673 0.062676 0.155604 -1.000000 
1.183402 0.754226 -0.420621 -5.589953 -2.381163 1.443115 0.063887 0.147336 -1.000000 
1.189129 0.677517 -0.465222 -5.559925 -2.369330 1.514943 0.065034 0.139376 -1.000000 
1.194242 0.600922 -0.509573 -5.527201 -2.356929 1.585079 0.066118 0.131749 -1.000000 
1.198744 0.524506 -0.553651 -5.491843 -2.343973 1.653451 0.067143 0.124473 -1.000000 
1.202635 0.448338 -0.597435 -5.453917 -2.330478 1.719990 0.068111 0.117555 -1.000000 
1.205918 0.372481 -0.640907 -5.413490 -2.316458 1.784628 0.069025 0.110998 -1.000000 
1.208596 0.297001 -0.684045 -5.370634 -2.301929 1.847304 0.069888 0.104799 -1.000000 
1.210671 0.221958 -0.726831 -5.325424 -2.286907 1.907960 0.070702 0.098952 -1.000000 
1.212148 0.147413 -0.769245 -5.277936 -2.271408 1.966540 0.071472 0.093446 -1.000000 
1.213031 0.073426 -0.811272 -5.228249 -2.255448 2.022994 0.072198 0.088270 -1.000000 
1.213325 0.000054 -0.852892 -5.176447 -2.239045 2.077275 0.072885 0.083410 -1.000000 
1.213034 -0.072650 -0.894089 -5.122611 -2.222218 2.129340 0.073534 0.078850 -1.000000 
1.212164 -0.144631 -0.934848 -5.066827 -2.204982 2.179150 0.074147 0.074576 -1.000000 
1.210722 -0.215840 -0.975154 -5.009181 -2.187357 2.226671 0.074728 0.070571 -1.000000 
1.208713 -0.286227 -1.014991 -4.949763 -2.169361 2.271870 0.075277 0.066821 -1.000000 
1.206145 -0.355746 -1.054345 -4.888659 -2.151014 2.314722 0.075798 0.063310 -1.000000 
1.203024 -0.424354 -1.093205 -4.825961 -2.132332 2.355203 0.076291 0.060023 -1.000000 
1.199357 -0.492009 -1.131557 -4.761758 -2.113337 2.393293 0.076758 0.056946 -1.000000 
1.195154 -0.558670 -1.169389 -4.696141 -2.094046 2.428977 0.077202 0.054065 -1.000000 
1.190421 -0.624303 -1.206691 -4.629200 -2.074480 2.462242 0.077624 0.051367 -1.000000 
1.185168 -0.688871 -1.243453 -4.561026 -2.054657 2.493081 0.078025 0.048839 -1.000000 
1.179402 -0.752344 -1.279665 -4.491710 -2.034597 2.521488 0.078406 0.046472 -1.000000 
1.173134 -0.814692 -1.315318 -4.421341 -2.014319 2.547463 0.078769 0.044252 -1.000000 
1.166370 -0.875888 -1.350404 -4.350007 -1.993844 2.571006 0.079114 0.042171 -1.000000 
1.159122 -0.935908 -1.384915 -4.277798 -1.973190 2.592123 0.079444 0.040218 -1.000000 
1.151399 -0.994729 -1.418846 -4.204800 -1.952376 2.610822 0.079758 0.038385 -1.000000 
1.143210 -1.052331 -1.452190 -4.131099 -1.931423 2.627116 0.080058 0.036663 -1.000000 
1.134565 -1.108699 -1.484942 -4.056779 -1.910349 2.641017 0.080345 0.035045 -1.000000 
1.125474 -1.163815 -1.517097 -3.981924 -1.889173 2.652543 0.080619 0.033524 -1.000000 
1.115947 -1.217669 -1.548652 -3.906615 -1.867914 2.661713 0.080882 0.032093 -1.000000 
1.105995 -1.270250 -1.579602 -3.830932 -1.846592 2.668550 0.081133 0.030746 -1.000000 
1.095627 -1.321549 -1.609946 -3.754951 -1.825224 2.673077 0.081374 0.029477 -1.000000 
1.084854 -1.371560 -1.639681 -3.678748 -1.803829 2.675323 0.081605 0.028281 -1.000000 
1.073685 -1.420281 -1.668806 -3.602396 -1.782425 2.675315 0.081826 0.027153 -1.000000 
1.062133 -1.467708 -1.697319 -3.525968 -1.761030 2.673085 0.082039 0.026088 -1.000000 
1.050205 -1.513842 -1.725221 -3.449530 -1.739661 2.668665 0.082244 0.025083 -1.000000 
1.037914 -1.558686 -1.752512 -3.373150 -1.718337 2.662090 0.082441 0.024133 -1.000000 
1.025270 -1.602243 -1.779192 -3.296890 -1.697073 2.653395 0.082630 0.023235 -1.000000 
1.012282 -1.644519 -1.805262 -3.220814 -1.675888 2.642619 0.082813 0.022386 -1.000000 
0.998961 -1.685521 -1.830725 -3.144978 -1.654797 2.629800 0.082988 0.021582 -1.000000 
0.985317 -1.725258 -1.855583 -3.069439 -1.633816 2.614978 0.083158 0.020820 -1.000000 
0.971360 -1.763740 -1.879837 -2.994249 -1.612962 2.598194 0.083322 0.020098 -1.000000 
0.957101 -1.800980 -1.903492 -2.919460 -1.592250 2.579491 0.083480 0.019414 -1.000000 
0.942548 -1.836991 -1.926550 -2.845119 -1.571696 2.558911 0.083632 0.018765 -1.000000 
0.927712 -1.871788 -1.949015 -2.771271 -1.551313 2.536497 0.083780 0.018149 -1.000000 
0.912602 -1.905385 -1.970892 -2.697958 -1.531116 2.512296 0.083923 0.017565 -1.000000 
0.897229 -1.937800 -1.992184 -2.625220 -1.511121 2.486350 0.084061 0.017009 -1.000000 
0.881601 -1.969052 -2.012897 -2.553092 -1.491339 2.458705 0.084195 0.016481 -1.000000 
0.865727 -1.999158 -2.033035 -2.481610 -1.471786 2.429407 0.084325 0.015979 -1.000000 
0.849617 -2.028138 -2.052604 -2.410803 -1.452473 2.398501 0.084451 0.015501 -1.000000 
0.833280 -2.056014 -2.071610 -2.340700 -1.433414 2.366033 0.084573 0.015047 -1.000000 
0.816724 -2.082805 -2.090057 -2.271327 -1.414621 2.332049 0.084692 0.014614 -1.000000 
0.799958 -2.108534 -2.107953 -2.202706 -1.396105 2.296595 0.084807 0.014203 -1.000000 
0.782990 -2.133223 -2.125303 -2.134859 -1.377879 2.259716 0.084919 0.013810 -1.000000 
0.765829 -2.156896 -2.142113 -2.067802 -1.359953 2.221458 0.085028 0.013437 -1.000000 
0.748482 -2.179574 -2.158390 -2.001550 -1.342339 2.181867 0.085134 0.013081 -1.000000 
0.730958 -2.201283 -2.174140 -1.936118 -1.325047 2.140986 0.085237 0.012742 -1.000000 
0.713264 -2.222044 -2.189370 -1.871513 -1.308087 2.098860 0.085338 0.012419 -1.000000 
0.695408 -2.241883 -2.204086 -1.807745 -1.291468 2.055535 0.085436 0.012111 -1.000000 
0.677397 -2.260824 -2.218296 -1.744819 -1.275201 2.011052 0.085532 0.011817 -1.000000 
0.659237 -2.278890 -2.232006 -1.682737 -1.259294 1.965455 0.085625 0.011537 -1.000000 
0.640937 -2.296105 -2.245222 -1.621501 -1.243757 1.918786 0.085716 0.011271 -1.000000 
0.622502 -2.312494 -2.257952 -1.561109 -1.228597 1.871088 0.085805 0.011017 -1.000000 
0.603939 -2.328080 -2.270202 -1.501559 -1.213822 1.822402 0.085893 0.010775 -1.000000 
0.585255 -2.342888 -2.281979 -1.442843 -1.199441 1.772767 0.085978 0.010544 -1.000000 
0.566455 -2.356940 -2.293290 -1.384956 -1.185460 1.722225 0.086061 0.010325 -1.000000 
0.547545 -2.370259 -2.304141 -1.327887 -1.171887 1.670813 0.086143 0.010116 -1.000000 
0.528532 -2.382868 -2.314538 -1.271626 -1.158729 1.618571 0.086223 0.009918 -1.000000 
0.509421 -2.394790 -2.324489 -1.216160 -1.145992 1.565536 0.086302 0.009730 -1.000000 
0.490218 -2.406047 -2.333999 -1.161472 -1.133683 1.511746 0.086379 0.009550 -1.000000 
0.470926 -2.416659 -2.343074 -1.107549 -1.121806 1.457235 0.086455 0.009381 -1.000000 
0.451553 -2.426647 -2.351722 -1.054371 -1.110369 1.402041 0.086529 0.009220 -1.000000 
0.432102 -2.436033 -2.359946 -1.001918 -1.099375 1.346197 0.086602 0.009067 -1.000000 
0.412578 -2.444835 -2.367754 -0.950171 -1.088831 1.289738 0.086674 0.008923 -1.000000 
0.392986 -2.453072 -2.375151 -0.899107 -1.078741 1.232697 0.086745 0.008787 -1.000000 
0.373330 -2.460764 -2.382142 -0.848702 -1.069110 1.175107 0.086815 0.008659 -1.000000 
0.353615 -2.467926 -2.388732 -0.798932 -1.059941 1.116999 0.086884 0.008538 -1.000000 
0.333845 -2.474577 -2.394926 -0.749770 -1.051239 1.058405 0.086951 0.008425 -1.000000 
0.314023 -2.480732 -2.400730 -0.701189 -1.043008 0.999355 0.087018 0.008319 -1.000000 
0.294154 -2.486407 -2.406147 -0.653162 -1.035250 0.939879 0.087085 0.008221 -1.000000 
0.274242 -2.491615 -2.411182 -0.605658 -1.027971 0.880007 0.087150 0.008129 -1.000000 
0.254290 -2.496371 -2.415838 -0.558649 -1.021171 0.819768 0.087215 0.008044 -1.000000 
0.234301 -2.500688 -2.420121 -0.512103 -1.014855 0.759190 0.087279 0.007966 -1.000000 
0.214280 -2.504576 -2.424033 -0.465989 -1.009025 0.698299 0.087342 0.007894 -1.000000 
0.194229 -2.508048 -2.427578 -0.420274 -1.003683 0.637125 0.087405 0.007828 -1.000000 
0.174152 -2.511112 -2.430759 -0.374925 -0.998832 0.575693 0.087467 0.007769 -1.000000 
0.154052 -2.513779 -2.433578 -0.329908 -0.994473 0.514030 0.087529 0.007717 -1.000000 
0.133933 -2.516056 -2.436038 -0.285190 -0.990608 0.452163 0.087591 0.007670 -1.000000 
0.113796 -2.517951 -2.438142 -0.240736 -0.987239 0.390115 0.087652 0.007630 -1.000000 
0.093646 -2.519469 -2.439890 -0.196509 -0.984366 0.327914 0.087713 0.007596 -1.000000 
0.073486 -2.520616 -2.441286 -0.152476 -0.981992 0.265584 0.087774 0.007567 -1.000000 
0.053318 -2.521395 -2.442330 -0.108601 -0.980117 0.203150 0.087834 0.007545 -1.000000 
0.033144 -2.521812 -2.443024 -0.064846 -0.978742 0.140637 0.087894 0.007529 -1.000000 
0.012970 -2.521866 -2.443368 -0.021177 -0.977867 0.078069 0.087954 0.007518 -1.000000 
-0.007204 -2.521561 -2.443363 0.022443 -0.977493 0.015472 0.088015 0.007514 -1.000000 
-0.027375 -2.520895 -2.443009 0.066051 -0.977620 -0.047132 0.088075 0.007515 -1.000000 
-0.047538 -2.519869 -2.442306 0.109683 -0.978247 -0.109716 0.088135 0.007523 -1.000000 
-0.067691 -2.518480 -2.441254 0.153375 -0.979375 -0.172257 0.088195 0.007536 -1.000000 
-0.087833 -2.516725 -2.439852 0.197163 -0.981003 -0.234730 0.088255 0.007555 -1.000000 
-0.107958 -2.514602 -2.438099 0.241084 -0.983131 -0.297111 0.088316 0.007580 -1.000000 
-0.128065 -2.512104 -2.435994 0.285173 -0.985757 -0.359374 0.088377 0.007612 -1.000000 
-0.148151 -2.509227 -2.433536 0.329466 -0.988880 -0.421494 0.088438 0.007649 -1.000000 
-0.168212 -2.505963 -2.430722 0.373998 -0.992500 -0.483447 0.088499 0.007692 -1.000000 
-0.188245 -2.502306 -2.427551 0.418804 -0.996615 -0.545206 0.088561 0.007742 -1.000000 
-0.208248 -2.498245 -2.424020 0.463917 -1.001223 -0.606746 0.088623 0.007798 -1.000000 
-0.228216 -2.493772 -2.420127 0.509373 -1.006322 -0.668040 0.088686 0.007860 -1.000000 
-0.248147 -2.488876 -2.415869 0.555204 -1.011911 -0.729061 0.088749 0.007928 -1.000000 
-0.268037 -2.483545 -2.411243 0.601442 -1.017986 -0.789783 0.088813 0.008003 -1.000000 
-0.287882 -2.477768 -2.406245 0.648120 -1.024546 -0.850178 0.088877 0.008085 -1.000000 
-0.307680 -2.471530 -2.400872 0.695268 -1.031588 -0.910217 0.088942 0.008173 -1.000000 
-0.327426 -2.464819 -2.395120 0.742917 -1.039109 -0.969872 0.089008 0.008268 -1.000000 
-0.347116 -2.457618 -2.388984 0.791097 -1.047105 -1.029114 0.089074 0.008370 -1.000000 
-0.366746 -2.449912 -2.382461 0.839835 -1.055573 -1.087913 0.089142 0.008480 -1.000000 
-0.386313 -2.441685 -2.375545 0.889159 -1.064510 -1.146239 0.089210 0.008596 -1.000000 
-0.405812 -2.432918 -2.368232 0.939095 -1.073912 -1.204059 0.089279 0.008721 -1.000000 
-0.425238 -2.423595 -2.360518 0.989668 -1.083774 -1.261343 0.089349 0.008853 -1.000000 
-0.444588 -2.413695 -2.352396 1.040902 -1.094092 -1.318058 0.089421 0.008993 -1.000000 
-0.463856 -2.403200 -2.343861 1.092820 -1.104861 -1.374171 0.089493 0.009141 -1.000000 
-0.483037 -2.392090 -2.334909 1.145443 -1.116077 -1.429647 0.089567 0.009297 -1.000000 
-0.502127 -2.380343 -2.325532 1.198791 -1.127734 -1.484452 0.089642 0.009463 -1.000000 
-0.521121 -2.367939 -2.315726 1.252882 -1.139826 -1.538551 0.089719 0.009637 -1.000000 
-0.540012 -2.354855 -2.305484 1.307732 -1.152349 -1.591907 0.089796 0.009820 -1.000000 
-0.558797 -2.341070 -2.294800 1.363358 -1.165295 -1.644484 0.089876 0.010014 -1.000000 
-0.577468 -2.326559 -2.283668 1.419772 -1.178658 -1.696243 0.089957 0.010217 -1.000000 
-0.596020 -2.311301 -2.272082 1.476985 -1.192432 -1.747146 0.090039 0.010431 -1.000000 
-0.614446 -2.295272 -2.260035 1.535008 -1.206610 -1.797154 0.090124 0.010656 -1.000000 
-0.632742 -2.278447 -2.247520 1.593849 -1.221184 -1.846227 0.090210 0.010892 -1.000000 
-0.650899 -2.260804 -2.234531 1.653513 -1.236147 -1.894324 0.090298 0.011140 -1.000000 
-0.668912 -2.242316 -2.221061 1.714005 -1.251491 -1.941404 0.090388 0.011400 -1.000000 
-0.686774 -2.222961 -2.207104 1.775325 -1.267207 -1.987425 0.090480 0.011673 -1.000000 
-0.704477 -2.202714 -2.192654 1.837475 -1.283287 -2.032343 0.090575 0.011959 -1.000000 
-0.722015 -2.181549 -2.177703 1.900450 -1.299721 -2.076117 0.090672 0.012260 -1.000000 
-0.739380 -2.159444 -2.162244 1.964246 -1.316501 -2.118700 0.090771 0.012576 -1.000000 
-0.756564 -2.136372 -2.146273 2.028857 -1.333617 -2.160051 0.090873 0.012907 -1.000000 
-0.773559 -2.112312 -2.129781 2.094271 -1.351059 -2.200122 0.090978 0.013255 -1.000000 
-0.790358 -2.087238 -2.112762 2.160477 -1.368816 -2.238869 0.091085 0.013619 -1.000000 
-0.806952 -2.061127 -2.095211 2.227461 -1.386877 -2.276246 0.091196 0.014003 -1.000000 
-0.823333 -2.033956 -2.077121 2.295204 -1.405232 -2.312208 0.091309 0.014405 -1.000000 
-0.839493 -2.005702 -2.058486 2.363688 -1.423868 -2.346706 0.091426 0.014827 -1.000000 
-0.855421 -1.976344 -2.039300 2.432890 -1.442775 -2.379696 0.091546 0.015271 -1.000000 
-0.871111 -1.945860 -2.019558 2.502784 -1.461939 -2.411130 0.091670 0.015738 -1.000000 
-0.886552 -1.914230 -1.999253 2.573343 -1.481349 -2.440961 0.091798 0.016229 -1.000000 
-0.901736 -1.881433 -1.978382 2.644535 -1.500990 -2.469143 0.091930 0.016745 -1.000000 
-0.916652 -1.847451 -1.956939 2.716329 -1.520851 -2.495630 0.092066 0.017288 -1.000000 
-0.931292 -1.812265 -1.934920 2.788686 -1.540916 -2.520374 0.092207 0.017860 -1.000000 
-0.945645 -1.775860 -1.912319 2.861569 -1.561172 -2.543331 0.092352 0.018462 -1.000000 
-0.959702 -1.738218 -1.889133 2.934935 -1.581604 -2.564454 0.092502 0.019097 -1.000000 
-0.973453 -1.699326 -1.865359 3.008740 -1.602198 -2.583698 0.092658 0.019766 -1.000000 
-0.986888 -1.659171 -1.840992 3.082937 -1.622938 -2.601019 0.092819 0.020472 -1.000000 
-0.999996 -1.617740 -1.816031 3.157474 -1.643809 -2.616373 0.092985 0.021218 -1.000000 
-1.012768 -1.575023 -1.790472 3.232299 -1.664795 -2.629718 0.093158 0.022005 -1.000000 
-1.025193 -1.531012 -1.764314 3.307356 -1.685879 -2.641012 0.093338 0.022837 -1.000000 
-1.037261 -1.485700 -1.737554 3.382586 -1.707045 -2.650214 0.093524 0.023716 -1.000000 
-1.048961 -1.439080 -1.710192 3.457929 -1.728277 -2.657284 0.093717 0.024647 -1.000000 
-1.060283 -1.391151 -1.682227 3.533321 -1.749556 -2.662186 0.093918 0.025633 -1.000000 
-1.071216 -1.341909 -1.653659 3.608694 -1.770866 -2.664882 0.094128 0.026677 -1.000000 
-1.081750 -1.291355 -1.624488 3.683980 -1.792188 -2.665337 0.094345 0.027784 -1.000000 
-1.091874 -1.239492 -1.594715 3.759109 -1.813505 -2.663519 0.094572 0.028959 -1.000000 
-1.101578 -1.186324 -1.564343 3.834005 -1.834798 -2.659396 0.094809 0.030206 -1.000000 
-1.110852 -1.131857 -1.533372 3.908593 -1.856049 -2.652939 0.095056 0.031531 -1.000000 
-1.119685 -1.076101 -1.501806 3.982795 -1.877239 -2.644121 0.095314 0.032939 -1.000000 
-1.128066 -1.019067 -1.469649 4.056532 -1.898349 -2.632918 0.095583 0.034437 -1.000000 
-1.135986 -0.960767 -1.436903 4.129720 -1.919359 -2.619307 0.095865 0.036032 -1.000000 
-1.143435 -0.901218 -1.403575 4.202276 -1.940251 -2.603269 0.096160 0.037730 -1.000000 
-1.150402 -0.840439 -1.369669 4.274115 -1.961005 -2.584787 0.096469 0.039541 -1.000000 
-1.156879 -0.778449 -1.335191 4.345150 -1.981601 -2.563847 0.096793 0.041472 -1.000000 
-1.162854 -0.715272 -1.300149 4.415292 -2.002020 -2.540437 0.097133 0.043532 -1.000000 
-1.168320 -0.650934 -1.264549 4.484452 -2.022242 -2.514550 0.097490 0.045732 -1.000000 
-1.173266 -0.585462 -1.228400 4.552539 -2.042246 -2.486180 0.097865 0.048082 -1.000000 
-1.177684 -0.518889 -1.191712 4.619463 -2.062014 -2.455326 0.098259 0.050594 -1.000000 
-1.181566 -0.451245 -1.154492 4.685132 -2.081525 -2.421990 0.098675 0.053280 -1.000000 
-1.184902 -0.382569 -1.116753 4.749452 -2.100759 -2.386177 0.099112 0.056153 -1.000000 
-1.187684 -0.312898 -1.078505 4.812332 -2.119697 -2.347896 0.099574 0.059228 -1.000000 
-1.189905 -0.242272 -1.039760 4.873678 -2.138319 -2.307159 0.100061 0.062518 -1.000000 
-1.191558 -0.170735 -1.000530 4.933399 -2.156605 -2.263982 0.100575 0.066040 -1.000000 
-1.192635 -0.098333 -0.960830 4.991402 -2.174536 -2.218386 0.101118 0.069809 -1.000000 
-1.193129 -0.025114 -0.920673 5.047596 -2.192093 -2.170393 0.101692 0.073844 -1.000000 
-1.193035 0.048873 -0.880074 5.101890 -2.209256 -2.120031 0.102300 0.078161 -1.000000 
-1.192345 0.123573 -0.839048 5.154195 -2.226007 -2.067332 0.102944 0.082778 -1.000000 
-1.191056 0.198933 -0.797612 5.204422 -2.242327 -2.012331 0.103625 0.087714 -1.000000 
-1.189161 0.274895 -0.755783 5.252485 -2.258199 -1.955068 0.104348 0.092986 -1.000000 
-1.186656 0.351401 -0.713578 5.298298 -2.273603 -1.895584 0.105114 0.098610 -1.000000 
-1.183537 0.428389 -0.671016 5.341778 -2.288522 -1.833928 0.105927 0.104603 -1.000000 
-1.179801 0.505797 -0.628116 5.382845 -2.302940 -1.770150 0.106789 0.110977 -1.000000 
-1.175443 0.583560 -0.584898 5.421419 -2.316839 -1.704305 0.107703 0.117744 -1.000000 
-1.170463 0.661612 -0.541380 5.457425 -2.330203 -1.636452 0.108674 0.124910 -1.000000 
-1.164857 0.739886 -0.497586 5.490789 -2.343017 -1.566652 0.109703 0.132476 -1.000000 
-1.158624 0.818312 -0.453535 5.521442 -2.355265 -1.494971 0.110794 0.140437 -1.000000 
-1.151764 0.896820 -0.409250 5.549316 -2.366932 -1.421479 0.111951 0.148781 -1.000000 
-1.144275 0.975340 -0.364754 5.574348 -2.378004 -1.346250 0.113176 0.157482 -1.000000 
-1.136159 1.053798 -0.320068 5.596478 -2.388467 -1.269358 0.114472 0.166508 -1.000000 
-1.127415 1.132121 -0.275218 5.615650 -2.398309 -1.190885 0.115841 0.175810 -1.000000 
-1.118045 1.210236 -0.230226 5.631811 -2.407517 -1.110912 0.117285 0.185323 -1.000000 
-1.108052 1.288067 -0.185117 5.644913 -2.416080 -1.029527 0.118806 0.194970 -1.000000 
-1.097437 1.365541 -0.139916 5.654913 -2.423986 -0.946817 0.120405 0.204652 -1.000000 
-1.086204 1.442583 -0.094647 5.661771 -2.431226 -0.862875 0.122081 0.214256 -1.000000 
-1.074357 1.519116 -0.049336 5.665452 -2.437789 -0.777796 0.123832 0.223650 -1.000000 
-1.061900 1.595065 -0.004008 5.665926 -2.443668 -0.691676 0.125658 0.232690 -1.000000 
-1.048838 1.670357 0.041310 5.663166 -2.448854 -0.604616 0.127554 0.241218 -1.000000 
-1.035176 1.744915 0.086594 5.657154 -2.453340 -0.516718 0.129516 0.249071 -1.000000 
-1.020921 1.818666 0.131816 5.647873 -2.457119 -0.428086 0.131537 0.256084 -1.000000 
-1.006080 1.891536 0.176951 5.635314 -2.460187 -0.338826 0.133610 0.262099 -1.000000 
-0.990659 1.963452 0.221972 5.619470 -2.462539 -0.249048 0.135727 0.266970 -1.000000 
-0.974667 2.034343 0.266854 5.600343 -2.464171 -0.158862 0.137878 0.270573 -1.000000 
-0.958113 2.104137 0.311569 5.577938 -2.465080 -0.068379 0.140053 0.272813 -1.000000 
-0.941004 2.172766 0.356092 5.552268 -2.465264 0.022287 0.142240 0.273629 -1.000000 
-0.923352 2.240162 0.400397 5.523347 -2.464723 0.113023 0.144427 0.272996 -1.000000 
-0.905165 2.306258 0.444457 5.491201 -2.463456 0.203712 0.146604 0.270930 -1.000000 
-0.886455 2.370990 0.488248 5.455855 -2.461464 0.294238 0.148758 0.267484 -1.000000 
-0.867233 2.434296 0.531742 5.417345 -2.458749 0.384487 0.150880 0.262748 -1.000000 
-0.847511 2.496117 0.574917 5.375709 -2.455314 0.474340 0.152959 0.256840 -1.000000 
-0.827299 2.556394 0.617746 5.330993 -2.451161 0.563683 0.154987 0.249903 -1.000000 
-0.806612 2.615073 0.660205 5.283247 -2.446296 0.652401 0.156955 0.242093 -1.000000 
-0.785463 2.672102 0.702270 5.232526 -2.440725 0.740378 0.158858 0.233577 -1.000000 
-0.763863 2.727432 0.743917 5.178891 -2.434453 0.827502 0.160691 0.224518 -1.000000 
-0.741828 2.781017 0.785124 5.122408 -2.427487 0.913661 0.162450 0.215079 -1.000000 
-0.719372 2.832814 0.825868 5.063147 -2.419837 0.998747 0.164132 0.205407 -1.000000 
-0.696508 2.882785 0.866127 5.001184 -2.411510 1.082651 0.165736 0.195639 -1.000000 
-0.673252 2.930894 0.905880 4.936598 -2.402518 1.165270 0.167262 0.185892 -1.000000 
-0.649619 2.977108 0.945106 4.869473 -2.392870 1.246501 0.168711 0.176269 -1.000000 
-0.625624 3.021399 0.983785 4.799895 -2.382578 1.326246 0.170083 0.166852 -1.000000 
-0.601282 3.063742 1.021898 4.727956 -2.371654 1.404408 0.171381 0.157708 -1.000000 
-0.576609 3.104115 1.059427 4.653751 -2.360112 1.480897 0.172607 0.148890 -1.000000 
-0.551621 3.142502 1.096352 4.577376 -2.347964 1.555624 0.173764 0.140432 -1.000000 
-0.526334 3.178888 1.132659 4.498932 -2.335227 1.628504 0.174855 0.132362 -1.000000 
-0.500764 3.213262 1.168330 4.418521 -2.321913 1.699457 0.175883 0.124693 -1.000000 
-0.474928 3.245620 1.203350 4.336248 -2.308041 1.768406 0.176851 0.117431 -1.000000 
-0.448840 3.275957 1.237705 4.252218 -2.293624 1.835281 0.177763 0.110576 -1.000000 
-0.422518 3.304275 1.271381 4.166540 -2.278682 1.900012 0.178621 0.104121 -1.000000 
-0.395977 3.330577 1.304366 4.079323 -2.263230 1.962538 0.179430 0.098056 -1.000000 
-0.369234 3.354871 1.336647 3.990676 -2.247287 2.022799 0.180191 0.092368 -1.000000 
-0.342304 3.377169 1.368213 3.900711 -2.230872 2.080742 0.180909 0.087039 -1.000000 
-0.315204 3.397484 1.399055 3.809537 -2.214002 2.136316 0.181585 0.082053 -1.000000 
-0.287950 3.415833 1.429163 3.717266 -2.196697 2.189477 0.182222 0.077393 -1.000000 
-0.260556 3.432237 1.458529 3.624009 -2.178977 2.240185 0.182824 0.073038 -1.000000 
-0.233039 3.446719 1.487145 3.529875 -2.160861 2.288404 0.183392 0.068972 -1.000000 
-0.205414 3.459306 1.515005 3.434974 -2.142369 2.334103 0.183928 0.065176 -1.000000 
-0.177695 3.470025 1.542103 3.339414 -2.123522 2.377254 0.184435 0.061633 -1.000000 
-0.149898 3.478908 1.568434 3.243302 -2.104340 2.417837 0.184915 0.058325 -1.000000 
-0.122037 3.485988 1.593994 3.146744 -2.084843 2.455833 0.185369 0.055237 -1.000000 
-0.094127 3.491301 1.618781 3.049843 -2.065053 2.491228 0.185799 0.052353 -1.000000 
-0.066181 3.494886 1.642791 2.952701 -2.044991 2.524013 0.186207 0.049660 -1.000000 
-0.038213 3.496781 1.666024 2.855419 -2.024676 2.554183 0.186594 0.047143 -1.000000 
-0.010237 3.497028 1.688478 2.758092 -2.004131 2.581737 0.186962 0.044790 -1.000000 
0.017735 3.495670 1.710153 2.660817 -1.983375 2.606677 0.187311 0.042589 -1.000000 
0.045689 3.492752 1.731051 2.563686 -1.962431 2.629009 0.187644 0.040530 -1.000000 
0.073615 3.488320 1.751173 2.466787 -1.941318 2.648744 0.187960 0.038601 -1.000000 
0.101499 3.482420 1.770521 2.370208 -1.920058 2.665894 0.188262 0.036795 -1.000000 
0.129330 3.475102 1.789097 2.274033 -1.898671 2.680477 0.188549 0.035101 -1.000000 
0.157097 3.466413 1.806906 2.178340 -1.877177 2.692513 0.188824 0.033512 -1.000000 
0.184789 3.456403 1.823952 2.083209 -1.855597 2.702024 0.189086 0.032020 -1.000000 
0.212396 3.445123 1.840239 1.988711 -1.833951 2.709036 0.189336 0.030619 -1.000000 
0.239907 3.432623 1.855773 1.894919 -1.812259 2.713578 0.189576 0.029301 -1.000000 
0.267314 3.418953 1.870560 1.801898 -1.790540 2.715681 0.189805 0.028062 -1.000000 
0.294608 3.404166 1.884606 1.709712 -1.768815 2.715379 0.190025 0.026896 -1.000000 
0.321778 3.388311 1.897918 1.618421 -1.747101 2.712706 0.190236 0.025797 -1.000000 
0.348818 3.371441 1.910503 1.528081 -1.725418 2.707701 0.190438 0.024762 -1.000000 
0.375719 3.353604 1.922370 1.438746 -1.703784 2.700404 0.190632 0.023785 -1.000000 
0.402473 3.334853 1.933526 1.350463 -1.682217 2.690855 0.190819 0.022863 -1.000000 
0.429074 3.315236 1.943980 1.263279 -1.660736 2.679099 0.190998 0.021992 -1.000000 
0.455515 3.294802 1.953741 1.177237 -1.639357 2.665179 0.191171 0.021169 -1.000000 
0.481789 3.273601 1.962819 1.092373 -1.618099 2.649141 0.191337 0.020390 -1.000000 
0.507890 3.251680 1.971223 1.008724 -1.596977 2.631032 0.191497 0.019654 -1.000000 
0.533814 3.229086 1.978962 0.926321 -1.576008 2.610899 0.191651 0.018956 -1.000000 
0.559554 3.205865 1.986047 0.845192 -1.555207 2.588793 0.191800 0.018295 -1.000000 
0.585106 3.182061 1.992489 0.765363 -1.534592 2.564761 0.191944 0.017669 -1.000000 
0.610466 3.157719 1.998297 0.686853 -1.514176 2.538854 0.192083 0.017075 -1.000000 
0.635628 3.132880 2.003482 0.609683 -1.493975 2.511123 0.192218 0.016511 -1.000000 
0.660591 3.107587 2.008055 0.533867 -1.474003 2.481618 0.192347 0.015976 -1.000000 
0.685349 3.081879 2.012027 0.459417 -1.454274 2.450390 0.192473 0.015468 -1.000000 
0.709900 3.055794 2.015409 0.386342 -1.434801 2.417491 0.192595 0.014985 -1.000000 
0.734241 3.029370 2.018212 0.314649 -1.415598 2.382971 0.192713 0.014525 -1.000000 
0.758369 3.002642 2.020448 0.244342 -1.396678 2.346882 0.192827 0.014089 -1.000000 
0.782282 2.975644 2.022126 0.175420 -1.378052 2.309275 0.192939 0.013674 -1.000000 
0.805978 2.948410 2.023258 0.107883 -1.359733 2.270200 0.193046 0.013278 -1.000000 
0.829456 2.920969 2.023855 0.041725 -1.341733 2.229707 0.193151 0.012902 -1.000000 
0.852713 2.893352 2.023929 -0.023059 -1.324062 2.187847 0.193253 0.012544 -1.000000 
0.875749 2.865585 2.023490 -0.086479 -1.306731 2.144668 0.193352 0.012203 -1.000000 
0.898563 2.837695 2.022549 -0.148547 -1.289750 2.100219 0.193448 0.011879 -1.000000 
0.921152 2.809706 2.021117 -0.209275 -1.273131 2.054549 0.193542 0.011570 -1.000000 
0.943518 2.781641 2.019204 -0.268678 -1.256881 2.007705 0.193633 0.011275 -1.000000 
0.965658 2.753521 2.016822 -0.326775 -1.241010 1.959734 0.193722 0.010995 -1.000000 
0.987574 2.725365 2.013979 -0.383584 -1.225528 1.910682 0.193809 0.010728 -1.000000 
1.009264 2.697190 2.010688 -0.439126 -1.210442 1.860593 0.193894 0.010474 -1.000000 
1.030729 2.669012 2.006957 -0.493423 -1.195761 1.809513 0.193977 0.010232 -1.000000 
1.051968 2.640846 2.002796 -0.546499 -1.181492 1.757485 0.194058 0.010002 -1.000000 
1.072982 2.612703 1.998216 -0.598379 -1.167644 1.704551 0.194137 0.009784 -1.000000 
1.093772 2.584595 1.993225 -0.649090 -1.154222 1.650753 0.194214 0.009576 -1.000000 
1.114336 2.556529 1.987833 -0.698660 -1.141234 1.596132 0.194290 0.009378 -1.000000 
1.134676 2.528515 1.982050 -0.747116 -1.128686 1.540729 0.194364 0.009191 -1.000000 
1.154792 2.500557 1.975882 -0.794489 -1.116584 1.484581 0.194437 0.009014 -1.000000 
1.174685 2.472659 1.969341 -0.840810 -1.104935 1.427728 0.194509 0.008845 -1.000000 
1.194355 2.444824 1.962432 -0.886110 -1.093742 1.370206 0.194579 0.008686 -1.000000 
1.213803 2.417053 1.955165 -0.930422 -1.083013 1.312053 0.194648 0.008536 -1.000000 
1.233028 2.389344 1.947548 -0.973777 -1.072751 1.253302 0.194715 0.008394 -1.000000 
1.252032 2.361696 1.939587 -1.016210 -1.062962 1.193990 0.194782 0.008260 -1.000000 
1.270816 2.334105 1.931291 -1.057755 -1.053649 1.134149 0.194848 0.008134 -1.000000 
1.289378 2.306564 1.922666 -1.098446 -1.044816 1.073813 0.194912 0.008017 -1.000000 
1.307721 2.279068 1.913718 -1.138318 -1.036469 1.013014 0.194976 0.007907 -1.000000 
1.325843 2.251608 1.904455 -1.177405 -1.028609 0.951784 0.195039 0.007804 -1.000000 
1.343746 2.224175 1.894882 -1.215742 -1.021241 0.890152 0.195101 0.007709 -1.000000 
1.361430 2.196757 1.885005 -1.253365 -1.014368 0.828150 0.195162 0.007620 -1.000000 
1.378895 2.169341 1.874830 -1.290310 -1.007992 0.765806 0.195223 0.007539 -1.000000 
1.396140 2.141915 1.864361 -1.326610 -1.002116 0.703149 0.195283 0.007465 -1.000000 
1.413165 2.114462 1.853605 -1.362302 -0.996742 0.640207 0.195342 0.007397 -1.000000 
1.429971 2.086966 1.842566 -1.397420 -0.991873 0.577009 0.195401 0.007337 -1.000000 
1.446556 2.059411 1.831248 -1.431999 -0.987511 0.513580 0.195460 0.007283 -1.000000 
1.462921 2.031776 1.819656 -1.466073 -0.983657 0.449949 0.195518 0.007235 -1.000000 
1.479065 2.004042 1.807792 -1.499677 -0.980312 0.386140 0.195575 0.007194 -1.000000 
1.494986 1.976189 1.795662 -1.532843 -0.977479 0.322181 0.195633 0.007159 -1.000000 
1.510683 1.948192 1.783268 -1.565605 -0.975158 0.258096 0.195690 0.007131 -1.000000 
1.526156 1.920031 1.770613 -1.597997 -0.973349 0.193911 0.195747 0.007109 -1.000000 
1.541403 1.891679 1.757701 -1.630049 -0.972055 0.129652 0.195804 0.007093 -1.000000 
1.556423 1.863113 1.744533 -1.661793 -0.971275 0.065342 0.195860 0.007083 -1.000000 
1.571212 1.834305 1.731113 -1.693261 -0.971010 0.001008 0.195917 0.007080 -1.000000 
1.585771 1.805229 1.717442 -1.724482 -0.971259 -0.063326 0.195974 0.007083 -1.000000 
1.600095 1.775856 1.703522 -1.755486 -0.972023 -0.127635 0.196030 0.007093 -1.000000 
1.614184 1.746159 1.689354 -1.786300 -0.973301 -0.191894 0.196087 0.007108 -1.000000 
1.628033 1.716107 1.674941 -1.816954 -0.975093 -0.256078 0.196144 0.007130 -1.000000 
1.641640 1.685671 1.660283 -1.847472 -0.977398 -0.320162 0.196201 0.007158 -1.000000 
1.655002 1.654820 1.645382 -1.877882 -0.980215 -0.384120 0.196259 0.007193 -1.000000 
1.668116 1.623522 1.630238 -1.908208 -0.983544 -0.447928 0.196316 0.007234 -1.000000 
1.680978 1.591745 1.614851 -1.938474 -0.987382 -0.511557 0.196374 0.007281 -1.000000 
1.693583 1.559457 1.599222 -1.968702 -0.991728 -0.574984 0.196433 0.007335 -1.000000 
1.705927 1.526624 1.583352 -1.998914 -0.996581 -0.638179 0.196492 0.007395 -1.000000 
1.718007 1.493214 1.567239 -2.029130 -1.001938 -0.701117 0.196551 0.007463 -1.000000 
1.729817 1.459193 1.550886 -2.059369 -1.007798 -0.763770 0.196611 0.007537 -1.000000 
1.741353 1.424527 1.534289 -2.089650 -1.014158 -0.826109 0.196672 0.007618 -1.000000 
1.752608 1.389181 1.517451 -2.119988 -1.021015 -0.888106 0.196733 0.007706 -1.000000 
1.763578 1.353121 1.500369 -2.150400 -1.028366 -0.949730 0.196795 0.007801 -1.000000 
1.774256 1.316313 1.483044 -2.180899 -1.036209 -1.010952 0.196858 0.007903 -1.000000 
1.784636 1.278722 1.465475 -2.211497 -1.044540 -1.071742 0.196922 0.008013 -1.000000 
1.794713 1.240313 1.447660 -2.242206 -1.053356 -1.132066 0.196986 0.008131 -1.000000 
1.804479 1.201054 1.429599 -2.273036 -1.062652 -1.191893 0.197052 0.008256 -1.000000 
1.813928 1.160909 1.411291 -2.303993 -1.072425 -1.251190 0.197118 0.008389 -1.000000 
1.823051 1.119844 1.392735 -2.335086 -1.082670 -1.309923 0.197186 0.008531 -1.000000 
1.831843 1.077826 1.373929 -2.366319 -1.093382 -1.368057 0.197255 0.008681 -1.000000 
1.840294 1.034822 1.354873 -2.397695 -1.104557 -1.425555 0.197325 0.008840 -1.000000 
1.848397 0.990799 1.335566 -2.429216 -1.116189 -1.482382 0.197396 0.009008 -1.000000 
1.856144 0.945726 1.316006 -2.460882 -1.128273 -1.538499 0.197469 0.009186 -1.000000 
1.863526 0.899570 1.296191 -2.492691 -1.140803 -1.593868 0.197543 0.009373 -1.000000 
1.870534 0.852302 1.276122 -2.524641 -1.153773 -1.648451 0.197619 0.009570 -1.000000 
1.877160 0.803892 1.255797 -2.556726 -1.167176 -1.702205 0.197696 0.009777 -1.000000 
1.883393 0.754311 1.235214 -2.588939 -1.181006 -1.755091 0.197775 0.009995 -1.000000 
1.889225 0.703531 1.214373 -2.621271 -1.195255 -1.807065 0.197856 0.010225 -1.000000 
1.894646 0.651526 1.193274 -2.653712 -1.209916 -1.858085 0.197939 0.010467 -1.000000 
1.899646 0.598270 1.171914 -2.686250 -1.224982 -1.908107 0.198024 0.010720 -1.000000 
1.904215 0.543740 1.150293 -2.718871 -1.240443 -1.957085 0.198111 0.010987 -1.000000 
1.908343 0.487913 1.128412 -2.751558 -1.256292 -2.004974 0.198200 0.011267 -1.000000 
1.912018 0.430768 1.106268 -2.784293 -1.272520 -2.051727 0.198291 0.011561 -1.000000 
1.915232 0.372286 1.083863 -2.817058 -1.289117 -2.097297 0.198385 0.011870 -1.000000 
1.917971 0.312449 1.061195 -2.849829 -1.306073 -2.141636 0.198481 0.012194 -1.000000 
1.920227 0.251242 1.038266 -2.882584 -1.323379 -2.184694 0.198580 0.012535 -1.000000 
1.921988 0.188651 1.015074 -2.915297 -1.341025 -2.226423 0.198681 0.012892 -1.000000 
1.923242 0.124664 0.991621 -2.947941 -1.358999 -2.266771 0.198786 0.013268 -1.000000 
1.923978 0.059272 0.967907 -2.980487 -1.377289 -2.305689 0.198894 0.013663 -1.000000 
1.924186 -0.007532 0.943934 -3.012903 -1.395886 -2.343124 0.199005 0.014079 -1.000000 
1.923854 -0.075753 0.919701 -3.045157 -1.414775 -2.379027 0.199119 0.014515 -1.000000 
1.922970 -0.145393 0.895212 -3.077214 -1.433946 -2.413344 0.199237 0.014975 -1.000000 
1.921524 -0.216451 0.870467 -3.109038 -1.453384 -2.446024 0.199359 0.015458 -1.000000 
1.919503 -0.288925 0.845468 -3.140590 -1.473078 -2.477014 0.199485 0.015967 -1.000000 
1.916897 -0.362809 0.820218 -3.171831 -1.493012 -2.506262 0.199614 0.016503 -1.000000 
1.913695 -0.438094 0.794719 -3.202719 -1.513173 -2.533716 0.199749 0.017067 -1.000000 
1.909884 -0.514767 0.768975 -3.233211 -1.533547 -2.559325 0.199888 0.017662 -1.000000 
1.905455 -0.592815 0.742989 -3.263261 -1.554117 -2.583035 0.200031 0.018290 -1.000000 
1.900396 -0.672219 0.716765 -3.292825 -1.574870 -2.604797 0.200180 0.018953 -1.000000 
1.894696 -0.752958 0.690306 -3.321854 -1.595789 -2.624559 0.200335 0.019653 -1.000000 
1.888345 -0.835007 0.663616 -3.350299 -1.616857 -2.642272 0.200495 0.020392 -1.000000 
1.881332 -0.918338 0.636702 -3.378109 -1.638059 -2.657886 0.200661 0.021174 -1.000000 
1.873648 -1.002920 0.609569 -3.405234 -1.659378 -2.671352 0.200834 0.022001 -1.000000 
1.865282 -1.088718 0.582221 -3.431620 -1.680795 -2.682625 0.201013 0.022876 -1.000000 
1.856225 -1.175694 0.554665 -3.457214 -1.702294 -2.691657 0.201200 0.023804 -1.000000 
1.846468 -1.263805 0.526907 -3.481961 -1.723856 -2.698404 0.201394 0.024788 -1.000000 
1.836002 -1.353006 0.498956 -3.505806 -1.745462 -2.702825 0.201597 0.025831 -1.000000 
1.824817 -1.443247 0.470817 -3.528693 -1.767094 -2.704876 0.201808 0.026939 -1.000000 
1.812907 -1.534477 0.442499 -3.550564 -1.788734 -2.704520 0.202028 0.028116 -1.000000 
1.800263 -1.626637 0.414011 -3.571364 -1.810360 -2.701718 0.202258 0.029368 -1.000000 
1.786879 -1.719669 0.385361 -3.591033 -1.831955 -2.696436 0.202498 0.030701 -1.000000 
1.772746 -1.813508 0.356558 -3.609515 -1.853497 -2.688641 0.202749 0.032119 -1.000000 
1.757860 -1.908086 0.327612 -3.626752 -1.874966 -2.678304 0.203012 0.033631 -1.000000 
1.742215 -2.003334 0.298533 -3.642685 -1.896343 -2.665395 0.203288 0.035244 -1.000000 
1.725806 -2.099177 0.269332 -3.657259 -1.917605 -2.649892 0.203576 0.036965 -1.000000 
1.708627 -2.195536 0.240021 -3.670415 -1.938734 -2.631772 0.203879 0.038803 -1.000000 
1.690676 -2.292332 0.210610 -3.682098 -1.959707 -2.611017 0.204197 0.040768 -1.000000 
1.671949 -2.389479 0.181111 -3.692251 -1.980503 -2.587613 0.204532 0.042869 -1.000000 
1.652443 -2.486890 0.151538 -3.700820 -2.001101 -2.561546 0.204884 0.045119 -1.000000 
1.632158 -2.584475 0.121902 -3.707751 -2.021481 -2.532810 0.205254 0.047527 -1.000000 
1.611092 -2.682139 0.092218 -3.712990 -2.041619 -2.501399 0.205645 0.050108 -1.000000 
1.589244 -2.779789 0.062499 -3.716488 -2.061496 -2.467314 0.206056 0.052876 -1.000000 
1.566615 -2.877323 0.032759 -3.718194 -2.081089 -2.430558 0.206491 0.055844 -1.000000 
1.543207 -2.974642 0.003013 -3.718060 -2.100378 -2.391139 0.206951 0.059029 -1.000000 
1.519022 -3.071642 -0.026725 -3.716040 -2.119340 -2.349068 0.207436 0.062448 -1.000000 
1.494062 -3.168218 -0.056438 -3.712089 -2.137956 -2.304361 0.207950 0.066118 -1.000000 
1.468332 -3.264262 -0.086113 -3.706166 -2.156203 -2.257039 0.208495 0.070059 -1.000000 
1.441836 -3.359667 -0.115732 -3.698231 -2.174062 -2.207127 0.209072 0.074291 -1.000000 
1.414579 -3.454320 -0.145279 -3.688248 -2.191510 -2.154653 0.209684 0.078833 -1.000000 
1.386569 -3.548112 -0.174738 -3.676180 -2.208529 -2.099652 0.210334 0.083708 -1.000000 
1.357812 -3.640930 -0.204092 -3.661997 -2.225098 -2.042161 0.211025 0.088936 -1.000000 
1.328317 -3.732661 -0.233324 -3.645671 -2.241197 -1.982224 0.211758 0.094539 -1.000000 
1.298093 -3.823192 -0.262417 -3.627174 -2.256807 -1.919888 0.212538 0.100536 -1.000000 
1.267149 -3.912409 -0.291353 -3.606484 -2.271909 -1.855205 0.213368 0.106947 -1.000000 
1.235498 -4.000199 -0.320115 -3.583583 -2.286484 -1.788230 0.214251 0.113789 -1.000000 
1.203150 -4.086449 -0.348685 -3.558453 -2.300515 -1.719025 0.215190 0.121076 -1.000000 
1.170119 -4.171046 -0.377044 -3.531084 -2.313983 -1.647655 0.216189 0.128814 -1.000000 
1.136418 -4.253880 -0.405176 -3.501465 -2.326872 -1.574190 0.217252 0.137008 -1.000000 
1.102062 -4.334839 -0.433062 -3.469592 -2.339165 -1.498702 0.218382 0.145651 -1.000000 
1.067066 -4.413817 -0.460683 -3.435463 -2.350846 -1.421271 0.219584 0.154728 -1.000000 
1.031446 -4.490705 -0.488023 -3.399080 -2.361900 -1.341978 0.220859 0.164211 -1.000000 
0.995221 -4.565399 -0.515063 -3.360449 -2.372313 -1.260908 0.222212 0.174057 -1.000000 
0.958406 -4.637796 -0.541784 -3.319581 -2.382070 -1.178152 0.223645 0.184207 -1.000000 
0.921022 -4.707797 -0.568170 -3.276489 -2.391159 -1.093803 0.225160 0.194583 -1.000000 
0.883088 -4.775304 -0.594202 -3.231191 -2.399567 -1.007958 0.226759 0.205085 -1.000000 
0.844624 -4.840223 -0.619863 -3.183709 -2.407283 -0.920717 0.228441 0.215594 -1.000000 
0.805652 -4.902464 -0.645136 -3.134068 -2.414295 -0.832185 0.230208 0.225967 -1.000000 
0.766192 -4.961939 -0.670003 -3.082298 -2.420594 -0.742468 0.232056 0.236043 -1.000000 
0.726268 -5.018565 -0.694447 -3.028433 -2.426172 -0.651675 0.233983 0.245643 -1.000000 
0.685903 -5.072263 -0.718452 -2.972510 -2.431019 -0.559921 0.235984 0.254575 -1.000000 
0.645120 -5.122958 -0.742002 -2.914572 -2.435128 -0.467320 0.238054 0.262644 -1.000000 
0.603944 -5.170578 -0.765080 -2.854663 -2.438494 -0.373991 0.240184 0.269658 -1.000000 
0.562399 -5.215059 -0.787671 -2.792833 -2.441110 -0.280054 0.242365 0.275435 -1.000000 
0.520511 -5.256339 -0.809760 -2.729135 -2.442973 -0.185632 0.244587 0.279819 -1.000000 
0.478306 -5.294363 -0.831333 -2.663627 -2.444080 -0.090850 0.246838 0.282683 -1.000000 
0.435810 -5.329080 -0.852374 -2.596369 -2.444426 0.004166 0.249106 0.283942 -1.000000 
0.393050 -5.360446 -0.872870 -2.527426 -2.444013 0.099287 0.251377 0.283557 -1.000000 
0.350052 -5.388423 -0.892808 -2.456865 -2.442838 0.194385 0.253638 0.281537 -1.000000 
0.306844 -5.412977 -0.912176 -2.384759 -2.440903 0.289330 0.255877 0.277939 -1.000000 
0.263454 -5.434083 -0.930961 -2.311181 -2.438209 0.383991 0.258081 0.272864 -1.000000 
0.219908 -5.451719 -0.949151 -2.236210 -2.434760 0.478238 0.260240 0.266453 -1.000000 
0.176236 -5.465874 -0.966736 -2.159925 -2.430559 0.571939 0.262342 0.258874 -1.000000 
0.132464 -5.476538 -0.983707 -2.082410 -2.425611 0.664967 0.264379 0.250315 -1.000000 
0.088620 -5.483713 -1.000052 -2.003751 -2.419922 0.757191 0.266345 0.240971 -1.000000 
0.044734 -5.487404 -1.015764 -1.924034 -2.413498 0.848486 0.268233 0.231039 -1.000000 
0.000831 -5.487624 -1.030834 -1.843348 -2.406349 0.938725 0.270040 0.220708 -1.000000 
-0.043059 -5.484394 -1.045255 -1.761786 -2.398482 1.027787 0.271764 0.210152 -1.000000 
-0.086910 -5.477738 -1.059020 -1.679438 -2.389908 1.115551 0.273402 0.199527 -1.000000 
-0.130694 -5.467691 -1.072124 -1.596397 -2.380637 1.201900 0.274956 0.188968 -1.000000 
-0.174384 -5.454290 -1.084561 -1.512758 -2.370681 1.286720 0.276426 0.178587 -1.000000 
-0.217954 -5.437581 -1.096327 -1.428613 -2.360054 1.369901 0.277814 0.168476 -1.000000 
-0.261377 -5.417614 -1.107418 -1.344058 -2.348767 1.451337 0.279123 0.158705 -1.000000 
-0.304627 -5.394447 -1.117831 -1.259186 -2.336837 1.530926 0.280355 0.149327 -1.000000 
-0.347679 -5.368141 -1.127564 -1.174091 -2.324278 1.608571 0.281513 0.140378 -1.000000 
-0.390509 -5.338764 -1.136616 -1.088865 -2.311105 1.684179 0.282602 0.131881 -1.000000 
-0.433092 -5.306389 -1.144986 -1.003599 -2.297337 1.757661 0.283625 0.123845 -1.000000 
-0.475404 -5.271091 -1.152674 -0.918386 -2.282989 1.828934 0.284585 0.116273 -1.000000 
-0.517422 -5.232954 -1.159680 -0.833313 -2.268080 1.897921 0.285486 0.109159 -1.000000 
-0.559123 -5.192062 -1.166007 -0.748468 -2.252628 1.964548 0.286332 0.102490 -1.000000 
-0.600488 -5.148505 -1.171657 -0.663937 -2.236654 2.028749 0.287127 0.096252 -1.000000 
-0.641493 -5.102376 -1.176631 -0.579803 -2.220175 2.090459 0.287874 0.090426 -1.000000 
-0.682119 -5.053770 -1.180935 -0.496148 -2.203213 2.149624 0.288575 0.084991 -1.000000 
-0.722347 -5.002786 -1.184571 -0.413050 -2.185788 2.206190 0.289234 0.079926 -1.000000 
-0.762157 -4.949526 -1.187545 -0.330586 -2.167921 2.260113 0.289855 0.075209 -1.000000 
-0.801533 -4.894093 -1.189863 -0.248829 -2.149633 2.311351 0.290439 0.070819 -1.000000 
-0.840457 -4.836592 -1.191529 -0.167850 -2.130947 2.359868 0.290989 0.066733 -1.000000 
-0.878914 -4.777129 -1.192550 -0.087717 -2.111883 2.405635 0.291507 0.062931 -1.000000 
-0.916887 -4.715813 -1.192935 -0.008494 -2.092464 2.448627 0.291996 0.059393 -1.000000 
-0.954362 -4.652752 -1.192689 0.069757 -2.072712 2.488824 0.292458 0.056101 -1.000000 
-0.991326 -4.588055 -1.191821 0.146977 -2.052650 2.526211 0.292894 0.053036 -1.000000 
-1.027767 -4.521832 -1.190340 0.223113 -2.032300 2.560779 0.293307 0.050181 -1.000000 
-1.063672 -4.454192 -1.188255 0.298111 -2.011685 2.592521 0.293698 0.047521 -1.000000 
-1.099030 -4.385244 -1.185574 0.371924 -1.990828 2.621438 0.294068 0.045042 -1.000000 
-1.133832 -4.315097 -1.182307 0.444508 -1.969750 2.647533 0.294419 0.042730 -1.000000 
-1.168069 -4.243859 -1.178465 0.515820 -1.948474 2.670816 0.294752 0.040572 -1.000000 
-1.201732 -4.171634 -1.174057 0.585823 -1.927024 2.691299 0.295069 0.038556 -1.000000 
-1.234813 -4.098530 -1.169095 0.654482 -1.905421 2.708998 0.295369 0.036673 -1.000000 
-1.267306 -4.024648 -1.163589 0.721766 -1.883688 2.723933 0.295656 0.034911 -1.000000 
-1.299205 -3.950090 -1.157551 0.787648 -1.861845 2.736129 0.295928 0.033262 -1.000000 
-1.330506 -3.874957 -1.150991 0.852102 -1.839917 2.745614 0.296188 0.031718 -1.000000 
-1.361203 -3.799344 -1.143921 0.915108 -1.817923 2.752418 0.296436 0.030271 -1.000000 
-1.391294 -3.723348 -1.136353 0.976648 -1.795885 2.756574 0.296673 0.028913 -1.000000 
-1.420776 -3.647060 -1.128299 1.036707 -1.773825 2.758121 0.296899 0.027638 -1.000000 
-1.449647 -3.570570 -1.119770 1.095273 -1.751762 2.757096 0.297115 0.026441 -1.000000 
-1.477905 -3.493964 -1.110778 1.152337 -1.729718 2.753543 0.297322 0.025315 -1.000000 
-1.505550 -3.417326 -1.101336 1.207895 -1.707712 2.747504 0.297520 0.024256 -1.000000 
-1.532582 -3.340737 -1.091456 1.261941 -1.685764 2.739028 0.297710 0.023258 -1.000000 
-1.559002 -3.264274 -1.081149 1.314478 -1.663894 2.728161 0.297893 0.022318 -1.000000 
-1.584811 -3.188011 -1.070428 1.365505 -1.642120 2.714953 0.298068 0.021431 -1.000000 
-1.610011 -3.112019 -1.059305 1.415030 -1.620461 2.699457 0.298236 0.020595 -1.000000 
-1.634604 -3.036365 -1.047792 1.463058 -1.598935 2.681724 0.298397 0.019805 -1.000000 
-1.658594 -2.961113 -1.035900 1.509599 -1.577559 2.661808 0.298553 0.019058 -1.000000 
-1.681983 -2.886323 -1.023642 1.554665 -1.556351 2.639766 0.298702 0.018352 -1.000000 
-1.704777 -2.812052 -1.011029 1.598270 -1.535328 2.615651 0.298846 0.017683 -1.000000 
-1.726978 -2.738354 -0.998074 1.640429 -1.514506 2.589521 0.298985 0.017051 -1.000000 
-1.748592 -2.665277 -0.984786 1.681159 -1.493901 2.561433 0.299119 0.016451 -1.000000 
-1.769624 -2.592868 -0.971179 1.720480 -1.473528 2.531443 0.299249 0.015883 -1.000000 
-1.790080 -2.521170 -0.957262 1.758413 -1.453403 2.499610 0.299373 0.015344 -1.000000 
-1.809965 -2.450221 -0.943048 1.794978 -1.433539 2.465990 0.299494 0.014833 -1.000000 
-1.829285 -2.380058 -0.928546 1.830201 -1.413952 2.430642 0.299611 0.014347 -1.000000 
-1.848048 -2.310711 -0.913768 1.864105 -1.394654 2.393622 0.299724 0.013886 -1.000000 
-1.866259 -2.242210 -0.898724 1.896716 -1.375658 2.354988 0.299833 0.013448 -1.000000 
-1.883926 -2.174581 -0.883424 1.928062 -1.356978 2.314796 0.299939 0.013032 -1.000000 
-1.901055 -2.107844 -0.867878 1.958169 -1.338625 2.273103 0.300042 0.012636 -1.000000 
-1.917653 -2.042019 -0.852097 1.987065 -1.320612 2.229964 0.300141 0.012259 -1.000000 
-1.933729 -1.977121 -0.836089 2.014781 -1.302950 2.185434 0.300238 0.011901 -1.000000 
-1.949290 -1.913162 -0.819863 2.041344 -1.285649 2.139568 0.300332 0.011561 -1.000000 
-1.964343 -1.850152 -0.803430 2.066786 -1.268720 2.092418 0.300423 0.011236 -1.000000 
-1.978895 -1.788098 -0.786798 2.091137 -1.252173 2.044038 0.300512 0.010928 -1.000000 
-1.992955 -1.727002 -0.769975 2.114426 -1.236019 1.994479 0.300598 0.010634 -1.000000 
-2.006529 -1.666865 -0.752970 2.136685 -1.220265 1.943792 0.300682 0.010355 -1.000000 
-2.019627 -1.607686 -0.735790 2.157945 -1.204921 1.892026 0.300763 0.010090 -1.000000 
-2.032255 -1.549459 -0.718445 2.178235 -1.189995 1.839230 0.300843 0.009837 -1.000000 
-2.044421 -1.492176 -0.700941 2.197587 -1.175496 1.785453 0.300921 0.009597 -1.000000 
-2.056132 -1.435829 -0.683286 2.216031 -1.161430 1.730740 0.300997 0.009369 -1.000000 
-2.067397 -1.380405 -0.665487 2.233597 -1.147806 1.675136 0.301071 0.009152 -1.000000 
-2.078221 -1.325889 -0.647551 2.250315 -1.134630 1.618687 0.301143 0.008946 -1.000000 
-2.088613 -1.272265 -0.629484 2.266214 -1.121909 1.561435 0.301214 0.008751 -1.000000 
-2.098580 -1.219513 -0.611293 2.281322 -1.109649 1.503422 0.301283 0.008566 -1.000000 
-2.108128 -1.167613 -0.592985 2.295668 -1.097857 1.444689 0.301351 0.008391 -1.000000 
-2.117264 -1.116543 -0.574565 2.309281 -1.086536 1.385277 0.301418 0.008225 -1.000000 
-2.125995 -1.066277 -0.556038 2.322186 -1.075694 1.325224 0.301483 0.008069 -1.000000 
-2.134326 -1.016789 -0.537412 2.334409 -1.065334 1.264567 0.301547 0.007922 -1.000000 
-2.142265 -0.968050 -0.518690 2.345978 -1.055462 1.203343 0.301609 0.007783 -1.000000 
-2.149817 -0.920031 -0.499878 2.356915 -1.046082 1.141589 0.301671 0.007653 -1.000000 
-2.156987 -0.872702 -0.480981 2.367245 -1.037198 1.079338 0.301732 0.007531 -1.000000 
-2.163782 -0.826028 -0.462003 2.376990 -1.028814 1.016624 0.301792 0.007417 -1.000000 
-2.170206 -0.779976 -0.442950 2.386173 -1.020933 0.953480 0.301851 0.007311 -1.000000 
-2.176263 -0.734511 -0.423826 2.394815 -1.013559 0.889938 0.301909 0.007213 -1.000000 
-2.181959 -0.689596 -0.404635 2.402934 -1.006695 0.826029 0.301966 0.007122 -1.000000 
-2.187298 -0.645193 -0.385380 2.410551 -1.000344 0.761784 0.302023 0.007039 -1.000000 
-2.192284 -0.601265 -0.366067 2.417682 -0.994508 0.697231 0.302079 0.006963 -1.000000 
-2.196919 -0.557771 -0.346699 2.424344 -0.989189 0.632400 0.302134 0.006894 -1.000000 
-2.201209 -0.514670 -0.327279 2.430553 -0.984390 0.567319 0.302189 0.006832 -1.000000 
-2.205155 -0.471923 -0.307811 2.436323 -0.980112 0.502015 0.302243 0.006777 -1.000000 
-2.208761 -0.429487 -0.288299 2.441667 -0.976358 0.436516 0.302297 0.006729 -1.000000 
-2.212028 -0.387319 -0.268745 2.446597 -0.973129 0.370849 0.302351 0.006688 -1.000000 
-2.214958 -0.345375 -0.249154 2.451122 -0.970425 0.305039 0.302404 0.006654 -1.000000 
-2.217554 -0.303614 -0.229528 2.455254 -0.968248 0.239112 0.302458 0.006627 -1.000000 
-2.219816 -0.261990 -0.209871 2.458999 -0.966599 0.173095 0.302511 0.006606 -1.000000 
-2.221746 -0.220458 -0.190185 2.462365 -0.965479 0.107012 0.302563 0.006592 -1.000000 
-2.223344 -0.178975 -0.170474 2.465356 -0.964887 0.040889 0.302616 0.006585 -1.000000 
-2.224610 -0.137496 -0.150741 2.467978 -0.964825 -0.025249 0.302669 0.006584 -1.000000 
-2.225544 -0.095974 -0.130988 2.470233 -0.965291 -0.091376 0.302721 0.006590 -1.000000 
-2.226145 -0.054366 -0.111218 2.472122 -0.966287 -0.157469 0.302774 0.006602 -1.000000 
-2.226413 -0.012626 -0.091435 2.473647 -0.967811 -0.223501 0.302827 0.006622 -1.000000 
-2.226347 0.029291 -0.071641 2.474805 -0.969862 -0.289448 0.302880 0.006648 -1.000000 
-2.225944 0.071429 -0.051839 2.475595 -0.972441 -0.355283 0.302933 0.006680 -1.000000 
-2.225203 0.113834 -0.032032 2.476013 -0.975547 -0.420980 0.302987 0.006720 -1.000000 
-2.224122 0.156550 -0.012224 2.476053 -0.979177 -0.486514 0.303041 0.006766 -1.000000 
-2.222697 0.199620 0.007584 2.475710 -0.983330 -0.551858 0.303095 0.006819 -1.000000 
-2.220927 0.243089 0.027387 2.474977 -0.988006 -0.616984 0.303150 0.006880 -1.000000 
-2.218807 0.286998 0.047182 2.473843 -0.993201 -0.681866 0.303205 0.006947 -1.000000 
-2.216334 0.331391 0.066967 2.472300 -0.998915 -0.746474 0.303261 0.007021 -1.000000 
-2.213503 0.376309 0.086738 2.470335 -1.005144 -0.810780 0.303318 0.007103 -1.000000 
-2.210311 0.421794 0.106491 2.467936 -1.011887 -0.874755 0.303375 0.007192 -1.000000 
-2.206753 0.467884 0.126224 2.465089 -1.019139 -0.938367 0.303433 0.007289 -1.000000 
-2.202823 0.514619 0.145932 2.461779 -1.026899 -1.001587 0.303492 0.007393 -1.000000 
-2.198517 0.562038 0.165611 2.457989 -1.035164 -1.064382 0.303551 0.007505 -1.000000 
-2.193829 0.610177 0.185258 2.453703 -1.043928 -1.126719 0.303612 0.007625 -1.000000 
-2.188752 0.659072 0.204869 2.448901 -1.053190 -1.188565 0.303673 0.007754 -1.000000 
-2.183281 0.708758 0.224439 2.443565 -1.062944 -1.249884 0.303736 0.007891 -1.000000 
-2.177410 0.759268 0.243964 2.437672 -1.073186 -1.310642 0.303799 0.008036 -1.000000 
-2.171131 0.810633 0.263440 2.431201 -1.083913 -1.370801 0.303864 0.008190 -1.000000 
-2.164437 0.862884 0.282862 2.424130 -1.095118 -1.430324 0.303930 0.008354 -1.000000 
-2.157322 0.916049 0.302225 2.416435 -1.106796 -1.489171 0.303998 0.008527 -1.000000 
-2.149778 0.970155 0.321523 2.408090 -1.118942 -1.547304 0.304067 0.008710 -1.000000 
-2.141797 1.025227 0.340752 2.399070 -1.131551 -1.604679 0.304137 0.008903 -1.000000 
-2.133372 1.081288 0.359906 2.389349 -1.144615 -1.661256 0.304209 0.009106 -1.000000 
-2.124494 1.138359 0.378980 2.378899 -1.158129 -1.716991 0.304283 0.009321 -1.000000 
-2.115155 1.196459 0.397967 2.367693 -1.172085 -1.771839 0.304359 0.009546 -1.000000 
-2.105348 1.255604 0.416861 2.355701 -1.186476 -1.825755 0.304436 0.009784 -1.000000 
-2.095063 1.315808 0.435656 2.342894 -1.201294 -1.878691 0.304515 0.010034 -1.000000 
-2.084292 1.377084 0.454345 2.329244 -1.216532 -1.930600 0.304596 0.010297 -1.000000 
-2.073027 1.439440 0.472921 2.314718 -1.232181 -1.981433 0.304680 0.010573 -1.000000 
-2.061258 1.502884 0.491378 2.299287 -1.248232 -2.031138 0.304766 0.010863 -1.000000 
-2.048978 1.567419 0.509708 2.282920 -1.264676 -2.079666 0.304854 0.011169 -1.000000 
-2.036176 1.633046 0.527902 2.265585 -1.281503 -2.126964 0.304944 0.011490 -1.000000 
-2.022846 1.699764 0.545954 2.247251 -1.298704 -2.172978 0.305038 0.011827 -1.000000 
-2.008977 1.767568 0.563855 2.227886 -1.316267 -2.217654 0.305134 0.012181 -1.000000 
-1.994562 1.836449 0.581598 2.207460 -1.334183 -2.260938 0.305233 0.012554 -1.000000 
-1.979591 1.906396 0.599172 2.185939 -1.352438 -2.302773 0.305335 0.012946 -1.000000 
-1.964057 1.977396 0.616570 2.163294 -1.371023 -2.343103 0.305440 0.013358 -1.000000 
-1.947950 2.049429 0.633782 2.139494 -1.389924 -2.381871 0.305548 0.013792 -1.000000 
-1.931263 2.122476 0.650798 2.114507 -1.409129 -2.419020 0.305661 0.014249 -1.000000 
-1.913988 2.196511 0.667610 2.088304 -1.428624 -2.454490 0.305776 0.014730 -1.000000 
-1.896117 2.271505 0.684208 2.060857 -1.448396 -2.488224 0.305896 0.015237 -1.000000 
-1.877641 2.347428 0.700581 2.032135 -1.468431 -2.520162 0.306020 0.015771 -1.000000 
-1.858555 2.424242 0.716719 2.002111 -1.488713 -2.550247 0.306149 0.016334 -1.000000 
-1.838851 2.501909 0.732611 1.970759 -1.509229 -2.578418 0.306282 0.016928 -1.000000 
-1.818523 2.580385 0.748247 1.938053 -1.529963 -2.604618 0.306420 0.017555 -1.000000 
-1.797563 2.659623 0.763616 1.903968 -1.550898 -2.628788 0.306563 0.018218 -1.000000 
-1.775967 2.739572 0.778707 1.868481 -1.572018 -2.650870 0.306711 0.018919 -1.000000 
-1.753728 2.820178 0.793508 1.831570 -1.593306 -2.670807 0.306866 0.019660 -1.000000 
-1.730842 2.901381 0.808008 1.793216 -1.614745 -2.688541 0.307026 0.020445 -1.000000 
-1.707305 2.983120 0.822196 1.753400 -1.636317 -2.704018 0.307193 0.021276 -1.000000 
-1.683111 3.065327 0.836059 1.712105 -1.658003 -2.717183 0.307366 0.022157 -1.000000 
-1.658258 3.147934 0.849585 1.669316 -1.679785 -2.727981 0.307547 0.023092 -1.000000 
-1.632743 3.230864 0.862764 1.625022 -1.701644 -2.736362 0.307736 0.024085 -1.000000 
-1.606564 3.314042 0.875582 1.579210 -1.723561 -2.742276 0.307933 0.025140 -1.000000 
-1.579718 3.397385 0.888027 1.531875 -1.745514 -2.745673 0.308139 0.026262 -1.000000 
-1.552205 3.480809 0.900087 1.483008 -1.767484 -2.746507 0.308353 0.027456 -1.000000 
-1.524025 3.564225 0.911751 1.432608 -1.789451 -2.744734 0.308578 0.028728 -1.000000 
-1.495178 3.647542 0.923005 1.380674 -1.811393 -2.740312 0.308813 0.030084 -1.000000 
-1.465665 3.730664 0.933838 1.327208 -1.833289 -2.733202 0.309060 0.031532 -1.000000 
-1.435488 3.813493 0.944236 1.272215 -1.855117 -2.723369 0.309318 0.033077 -1.000000 
-1.404650 3.895928 0.954189 1.215703 -1.876856 -2.710777 0.309589 0.034729 -1.000000 
-1.373155 3.977866 0.963684 1.157683 -1.898482 -2.695398 0.309874 0.036496 -1.000000 
-1.341006 4.059199 0.972708 1.098169 -1.919974 -2.677205 0.310173 0.038389 -1.000000 
-1.308210 4.139819 0.981250 1.037178 -1.941310 -2.656173 0.310489 0.040416 -1.000000 
-1.274771 4.219614 0.989299 0.974730 -1.962466 -2.632286 0.310820 0.042590 -1.000000 
-1.240698 4.298472 0.996842 0.910850 -1.983419 -2.605525 0.311170 0.044923 -1.000000 
-1.205998 4.376277 1.003869 0.845565 -2.004146 -2.575882 0.311540 0.047429 -1.000000 
-1.170681 4.452913 1.010368 0.778903 -2.024625 -2.543348 0.311930 0.050121 -1.000000 
-1.134755 4.528262 1.016328 0.710901 -2.044832 -2.507921 0.312342 0.053017 -1.000000 
-1.098232 4.602205 1.021739 0.641594 -2.064744 -2.469603 0.312779 0.056132 -1.000000 
-1.061124 4.674624 1.026590 0.571023 -2.084338 -2.428402 0.313241 0.059485 -1.000000 
-1.023443 4.745398 1.030872 0.499232 -2.103591 -2.384328 0.313731 0.063097 -1.000000 
-0.985202 4.814407 1.034574 0.426269 -2.122480 -2.337398 0.314251 0.066987 -1.000000 
-0.946417 4.881532 1.037689 0.352183 -2.140982 -2.287635 0.314804 0.071178 -1.000000 
-0.907103 4.946653 1.040206 0.277029 -2.159074 -2.235065 0.315391 0.075694 -1.000000 
-0.867277 5.009653 1.042119 0.200865 -2.176735 -2.179720 0.316016 0.080558 -1.000000 
-0.826955 5.070414 1.043418 0.123750 -2.193943 -2.121637 0.316681 0.085797 -1.000000 
-0.786156 5.128820 1.044096 0.045747 -2.210674 -2.060860 0.317389 0.091435 -1.000000 
-0.744900 5.184758 1.044148 -0.033077 -2.226909 -1.997435 0.318145 0.097498 -1.000000 
-0.703207 5.238116 1.043565 -0.112653 -2.242626 -1.931418 0.318951 0.104011 -1.000000 
-0.661098 5.288786 1.042343 -0.192909 -2.257805 -1.862865 0.319810 0.110996 -1.000000 
-0.618594 5.336661 1.040477 -0.273770 -2.272426 -1.791841 0.320728 0.118475 -1.000000 
-0.575719 5.381637 1.037962 -0.355160 -2.286468 -1.718414 0.321707 0.126462 -1.000000 
-0.532496 5.423616 1.034793 -0.436999 -2.299914 -1.642660 0.322753 0.134967 -1.000000 
-0.488949 5.462502 1.030969 -0.519206 -2.312745 -1.564657 0.323868 0.143993 -1.000000 
-0.445104 5.498202 1.026485 -0.601698 -2.324943 -1.484488 0.325058 0.153532 -1.000000 
-0.400987 5.530631 1.021341 -0.684389 -2.336491 -1.402245 0.326326 0.163560 -1.000000 
-0.356623 5.559704 1.015535 -0.767192 -2.347373 -1.318019 0.327676 0.174041 -1.000000 
-0.312040 5.585345 1.009066 -0.850019 -2.357574 -1.231909 0.329112 0.184918 -1.000000 
-0.267267 5.607480 1.001934 -0.932781 -2.367079 -1.144017 0.330636 0.196111 -1.000000 
-0.222330 5.626044 0.994142 -1.015387 -2.375874 -1.054451 0.332250 0.207516 -1.000000 
-0.177260 5.640974 0.985689 -1.097746 -2.383946 -0.963322 0.333956 0.219004 -1.000000 
-0.132085 5.652215 0.976579 -1.179765 -2.391283 -0.870745 0.335754 0.230416 -1.000000 
-0.086834 5.659718 0.966814 -1.261352 -2.397875 -0.776838 0.337642 0.241568 -1.000000 
-0.041539 5.663441 0.956398 -1.342414 -2.403710 -0.681723 0.339618 0.252255 -1.000000 
0.003771 5.663345 0.945337 -1.422858 -2.408779 -0.585528 0.341676 0.262251 -1.000000 
0.049064 5.659403 0.933635 -1.502592 -2.413076 -0.488381 0.343811 0.271321 -1.000000 
0.094311 5.651591 0.921298 -1.581522 -2.416591 -0.390414 0.346014 0.279233 -1.000000 
0.139479 5.639894 0.908333 -1.659557 -2.419320 -0.291762 0.348275 0.285766 -1.000000 
0.184539 5.624304 0.894747 -1.736606 -2.421258 -0.192565 0.350582 0.290726 -1.000000 
0.229458 5.604820 0.880550 -1.812579 -2.422400 -0.092962 0.352922 0.293957 -1.000000 
0.274205 5.581449 0.865749 -1.887387 -2.422745 0.006905 0.355281 0.295354 -1.000000 
0.318751 5.554205 0.850355 -1.960943 -2.422290 0.106890 0.357643 0.294867 -1.000000 
0.363062 5.523112 0.834378 -2.033161 -2.421035 0.206848 0.359994 0.292511 -1.000000 
0.407110 5.488199 0.817828 -2.103959 -2.418980 0.306632 0.362318 0.288359 -1.000000 
0.450863 5.449505 0.800718 -2.173255 -2.416129 0.406094 0.364603 0.282539 -1.000000 
0.494292 5.407076 0.783060 -2.240972 -2.412484 0.505087 0.366835 0.275225 -1.000000 
0.537367 5.360966 0.764867 -2.307035 -2.408050 0.603462 0.369003 0.266627 -1.000000 
0.580058 5.311237 0.746152 -2.371371 -2.402831 0.701074 0.371098 0.256973 -1.000000 
0.622337 5.257957 0.726930 -2.433913 -2.396835 0.797777 0.373113 0.246500 -1.000000 
0.664176 5.201204 0.707215 -2.494597 -2.390069 0.893428 0.375041 0.235442 -1.000000 
0.705547 5.141062 0.687022 -2.553362 -2.382543 0.987886 0.376879 0.224018 -1.000000 
0.746424 5.077619 0.666366 -2.610153 -2.374267 1.081013 0.378625 0.212428 -1.000000 
0.786781 5.010974 0.645264 -2.664919 -2.365251 1.172674 0.380278 0.200847 -1.000000 
0.826592 4.941229 0.623733 -2.717611 -2.355508 1.262738 0.381838 0.189420 -1.000000 
0.865832 4.868493 0.601788 -2.768190 -2.345052 1.351078 0.383309 0.178268 -1.000000 
0.904480 4.792879 0.579448 -2.816616 -2.333896 1.437573 0.384692 0.167483 -1.000000 
0.942511 4.714506 0.556728 -2.862859 -2.322056 1.522104 0.385990 0.157134 -1.000000 
0.979905 4.633498 0.533648 -2.906890 -2.309548 1.604560 0.387207 0.147270 -1.000000 
1.016640 4.549981 0.510224 -2.948687 -2.296389 1.684833 0.388348 0.137919 -1.000000 
1.052698 4.464086 0.486475 -2.988233 -2.282596 1.762822 0.389415 0.129097 -1.000000 
1.088060 4.375947 0.462418 -3.025515 -2.268190 1.838431 0.390415 0.120807 -1.000000 
1.122708 4.285700 0.438073 -3.060525 -2.253188 1.911572 0.391350 0.113040 -1.000000 
1.156626 4.193485 0.413456 -3.093261 -2.237611 1.982160 0.392225 0.105785 -1.000000 
1.189799 4.099440 0.388587 -3.123724 -2.221480 2.050119 0.393043 0.099021 -1.000000 
1.222212 4.003708 0.363482 -3.151921 -2.204817 2.115377 0.393810 0.092725 -1.000000 
1.253854 3.906431 0.338162 -3.177862 -2.187642 2.177871 0.394528 0.086874 -1.000000 
1.284711 3.807751 0.312643 -3.201564 -2.169978 2.237542 0.395201 0.081441 -1.000000 
1.314775 3.707811 0.286943 -3.223045 -2.151849 2.294339 0.395832 0.076400 -1.000000 
1.344033 3.606754 0.261080 -3.242329 -2.133277 2.348216 0.396425 0.071724 -1.000000 
1.372480 3.504720 0.235071 -3.259444 -2.114285 2.399133 0.396981 0.067388 -1.000000 
1.400107 3.401849 0.208934 -3.274420 -2.094898 2.447059 0.397504 0.063368 -1.000000 
1.426908 3.298281 0.182686 -3.287293 -2.075140 2.491967 0.397996 0.059640 -1.000000 
1.452878 3.194150 0.156343 -3.298100 -2.055035 2.533836 0.398459 0.056183 -1.000000 
1.478013 3.089592 0.129922 -3.306883 -2.034607 2.572651 0.398895 0.052974 -1.000000 
1.502310 2.984738 0.103438 -3.313686 -2.013881 2.608403 0.399307 0.049995 -1.000000 
1.525768 2.879717 0.076908 -3.318554 -1.992881 2.641089 0.399696 0.047229 -1.000000 
1.548386 2.774653 0.050346 -3.321538 -1.971632 2.670711 0.400063 0.044658 -1.000000 
1.570163 2.669669 0.023768 -3.322689 -1.950158 2.697276 0.400411 0.042266 -1.000000 
1.591101 2.564883 -0.002812 -3.322060 -1.928483 2.720796 0.400740 0.040040 -1.000000 
1.611202 2.460409 -0.029380 -3.319707 -1.906633 2.741290 0.401052 0.037967 -1.000000 
1.630469 2.356358 -0.055923 -3.315686 -1.884631 2.758778 0.401348 0.036035 -1.000000 
1.648905 2.252835 -0.082427 -3.310056 -1.862500 2.773287 0.401629 0.034232 -1.000000 
1.666516 2.149942 -0.108879 -3.302877 -1.840266 2.784846 0.401896 0.032548 -1.000000 
1.683306 2.047775 -0.135269 -3.294209 -1.817951 2.793491 0.402150 0.030975 -1.000000 
1.699282 1.946428 -0.161583 -3.284113 -1.795578 2.799260 0.402391 0.029503 -1.000000 
1.714451 1.845988 -0.187811 -3.272650 -1.773170 2.802192 0.402622 0.028126 -1.000000 
1.728821 1.746537 -0.213942 -3.259884 -1.750750 2.802334 0.402842 0.026835 -1.000000 
1.742399 1.648154 -0.239966 -3.245876 -1.728340 2.799733 0.403051 0.025624 -1.000000 
1.755194 1.550911 -0.265873 -3.230689 -1.705962 2.794438 0.403252 0.024488 -1.000000 
1.767217 1.454876 -0.291654 -3.214385 -1.683636 2.786503 0.403443 0.023421 -1.000000 
1.778476 1.360113 -0.317300 -3.197025 -1.661384 2.775983 0.403627 0.022417 -1.000000 
1.788982 1.266680 -0.342804 -3.178671 -1.639227 2.762934 0.403802 0.021473 -1.000000 
1.798746 1.174629 -0.368156 -3.159384 -1.617184 2.747415 0.403971 0.020584 -1.000000 
1.807780 1.084010 -0.393351 -3.139222 -1.595275 2.729486 0.404132 0.019746 -1.000000 
1.816094 0.994866 -0.418382 -3.118246 -1.573519 2.709210 0.404287 0.018955 -1.000000 
1.823702 0.907237 -0.443241 -3.096512 -1.551934 2.686647 0.404435 0.018209 -1.000000 
1.830614 0.821155 -0.467924 -3.074076 -1.530538 2.661863 0.404578 0.017504 -1.000000 
1.836844 0.736652 -0.492425 -3.050995 -1.509350 2.634921 0.404715 0.016837 -1.000000 
1.842405 0.653752 -0.516738 -3.027322 -1.488385 2.605886 0.404848 0.016207 -1.000000 
1.847309 0.572477 -0.540860 -3.003108 -1.467661 2.574823 0.404975 0.015610 -1.000000 
1.851569 0.492843 -0.564787 -2.978404 -1.447193 2.541798 0.405097 0.015045 -1.000000 
1.855199 0.414863 -0.588514 -2.953260 -1.426997 2.506875 0.405216 0.014509 -1.000000 
1.858211 0.338546 -0.612038 -2.927722 -1.407088 2.470121 0.405330 0.014001 -1.000000 
1.860620 0.263897 -0.635356 -2.901834 -1.387480 2.431598 0.405440 0.013520 -1.000000 
1.862438 0.190916 -0.658466 -2.875641 -1.368187 2.391373 0.405546 0.013062 -1.000000 
1.863679 0.119602 -0.681366 -2.849183 -1.349222 2.349508 0.405649 0.012628 -1.000000 
1.864356 0.049949 -0.704053 -2.822500 -1.330599 2.306068 0.405748 0.012216 -1.000000 
1.864483 -0.018052 -0.726525 -2.795629 -1.312329 2.261113 0.405844 0.011824 -1.000000 
1.864072 -0.084414 -0.748782 -2.768604 -1.294425 2.214706 0.405937 0.011451 -1.000000 
1.863136 -0.149151 -0.770823 -2.741458 -1.276898 2.166908 0.406027 0.011097 -1.000000 
1.861690 -0.212280 -0.792646 -2.714223 -1.259758 2.117777 0.406115 0.010761 -1.000000 
1.859744 -0.273824 -0.814250 -2.686927 -1.243017 2.067372 0.406200 0.010440 -1.000000 
1.857313 -0.333804 -0.835636 -2.659596 -1.226683 2.015750 0.406282 0.010136 -1.000000 
1.854407 -0.392246 -0.856804 -2.632254 -1.210768 1.962967 0.406362 0.009847 -1.000000 
1.851041 -0.449177 -0.877752 -2.604924 -1.195279 1.909078 0.406440 0.009572 -1.000000 
1.847224 -0.504628 -0.898483 -2.577625 -1.180225 1.854136 0.406515 0.009310 -1.000000 
1.842970 -0.558629 -0.918994 -2.550374 -1.165615 1.798193 0.406589 0.009062 -1.000000 
1.838290 -0.611213 -0.939289 -2.523188 -1.151457 1.741299 0.406660 0.008826 -1.000000 
1.833195 -0.662417 -0.959366 -2.496079 -1.137757 1.683504 0.406730 0.008602 -1.000000 
1.827695 -0.712275 -0.979226 -2.469058 -1.124523 1.624855 0.406798 0.008389 -1.000000 
1.821802 -0.760826 -0.998871 -2.442135 -1.111761 1.565399 0.406864 0.008188 -1.000000 
1.815525 -0.808109 -1.018301 -2.415317 -1.099479 1.505182 0.406929 0.007998 -1.000000 
1.808875 -0.854164 -1.037516 -2.388607 -1.087680 1.444246 0.406992 0.007817 -1.000000 
1.801862 -0.899032 -1.056519 -2.362010 -1.076372 1.382634 0.407054 0.007647 -1.000000 
1.794494 -0.942754 -1.075309 -2.335525 -1.065560 1.320388 0.407114 0.007486 -1.000000 
1.786781 -0.985373 -1.093887 -2.309151 -1.055248 1.257546 0.407174 0.007335 -1.000000 
1.778731 -1.026933 -1.112255 -2.282885 -1.045441 1.194147 0.407232 0.007193 -1.000000 
1.770352 -1.067478 -1.130414 -2.256722 -1.036143 1.130228 0.407289 0.007060 -1.000000 
1.761654 -1.107051 -1.148363 -2.230655 -1.027358 1.065826 0.407345 0.006935 -1.000000 
1.752642 -1.145697 -1.166104 -2.204674 -1.019091 1.000975 0.407400 0.006819 -1.000000 
1.743325 -1.183460 -1.183638 -2.178769 -1.011344 0.935709 0.407454 0.006711 -1.000000 
1.733709 -1.220386 -1.200965 -2.152927 -1.004121 0.870061 0.407507 0.006612 -1.000000 
1.723801 -1.256519 -1.218085 -2.127133 -0.997424 0.804062 0.407560 0.006520 -1.000000 
1.713607 -1.291904 -1.234999 -2.101372 -0.991256 0.737744 0.407612 0.006436 -1.000000 
1.703132 -1.326586 -1.251707 -2.075626 -0.985621 0.671135 0.407663 0.006360 -1.000000 
1.692383 -1.360608 -1.268209 -2.049875 -0.980519 0.604266 0.407713 0.006292 -1.000000 
1.681364 -1.394015 -1.284505 -2.024098 -0.975953 0.537165 0.407763 0.006231 -1.000000 
1.670080 -1.426851 -1.300595 -1.998272 -0.971925 0.469859 0.407813 0.006177 -1.000000 
1.658536 -1.459158 -1.316477 -1.972374 -0.968436 0.402375 0.407862 0.006131 -1.000000 
1.646735 -1.490979 -1.332152 -1.946378 -0.965487 0.334741 0.407911 0.006092 -1.000000 
1.634681 -1.522356 -1.347619 -1.920256 -0.963080 0.266983 0.407960 0.006061 -1.000000 
1.622378 -1.553331 -1.362876 -1.893981 -0.961216 0.199125 0.408008 0.006036 -1.000000 
1.609829 -1.583943 -1.377922 -1.867522 -0.959894 0.131195 0.408056 0.006019 -1.000000 
0.000000 0.000000 0.000000 0.000000 0.000000 0.000000 0.000000 0.000000 0.000000 
