-0.140971 -0.740608 -0.235205 -1.583109 -1.754213 0.416277 0.600340 0.054817 1.000000 
-0.146854 -0.730158 -0.247787 -1.562353 -1.750816 0.432779 0.600745 0.046696 1.000000 
-0.152652 -0.719304 -0.260200 -1.540717 -1.747291 0.448336 0.601091 0.040105 1.000000 
-0.158362 -0.708061 -0.272436 -1.518237 -1.743645 0.462917 0.601390 0.034700 1.000000 
-0.163980 -0.696446 -0.284490 -1.494946 -1.739887 0.476494 0.601649 0.030226 1.000000 
-0.169504 -0.684477 -0.296354 -1.470881 -1.736024 0.489041 0.601875 0.026491 1.000000 
-0.174931 -0.672170 -0.308022 -1.446076 -1.732065 0.500534 0.602074 0.023348 1.000000 
-0.180258 -0.659543 -0.319489 -1.420568 -1.728019 0.510955 0.602250 0.020686 1.000000 
-0.185483 -0.646614 -0.330749 -1.394394 -1.723893 0.520284 0.602406 0.018415 1.000000 
-0.190603 -0.633400 -0.341797 -1.367589 -1.719697 0.528509 0.602546 0.016466 1.000000 
-0.195617 -0.619918 -0.352629 -1.340189 -1.715440 0.535616 0.602671 0.014785 1.000000 
-0.200521 -0.606185 -0.363239 -1.312231 -1.711130 0.541596 0.602783 0.013326 1.000000 
-0.205315 -0.592218 -0.373623 -1.283748 -1.706777 0.546443 0.602884 0.012055 1.000000 
-0.209996 -0.578034 -0.383778 -1.254777 -1.702390 0.550152 0.602976 0.010941 1.000000 
-0.214563 -0.563648 -0.393698 -1.225351 -1.697978 0.552723 0.603060 0.009962 1.000000 
-0.219014 -0.549078 -0.403382 -1.195504 -1.693550 0.554155 0.603136 0.009098 1.000000 
-0.223348 -0.534338 -0.412826 -1.165268 -1.689114 0.554454 0.603206 0.008332 1.000000 
-0.227563 -0.519443 -0.422026 -1.134676 -1.684681 0.553623 0.603269 0.007651 1.000000 
-0.231658 -0.504409 -0.430979 -1.103757 -1.680259 0.551672 0.603328 0.007043 1.000000 
-0.235633 -0.489249 -0.439685 -1.072543 -1.675857 0.548611 0.603382 0.006499 1.000000 
-0.239486 -0.473976 -0.448139 -1.041060 -1.671484 0.544453 0.603432 0.006010 1.000000 
-0.243217 -0.458604 -0.456341 -1.009338 -1.667149 0.539211 0.603479 0.005570 1.000000 
-0.246824 -0.443145 -0.464288 -0.977401 -1.662860 0.532903 0.603522 0.005173 1.000000 
-0.250307 -0.427611 -0.471979 -0.945275 -1.658625 0.525547 0.603562 0.004814 1.000000 
-0.253665 -0.412012 -0.479412 -0.912983 -1.654454 0.517164 0.603599 0.004487 1.000000 
-0.256899 -0.396359 -0.486586 -0.880547 -1.650354 0.507775 0.603633 0.004191 1.000000 
-0.260007 -0.380661 -0.493501 -0.847989 -1.646332 0.497405 0.603666 0.003920 1.000000 
-0.262989 -0.364929 -0.500154 -0.815327 -1.642398 0.486079 0.603696 0.003673 1.000000 
-0.265846 -0.349169 -0.506546 -0.782580 -1.638557 0.473823 0.603725 0.003446 1.000000 
-0.268576 -0.333391 -0.512675 -0.749764 -1.634819 0.460666 0.603751 0.003239 1.000000 
-0.271180 -0.317600 -0.518542 -0.716894 -1.631189 0.446638 0.603776 0.003048 1.000000 
-0.273657 -0.301803 -0.524145 -0.683984 -1.627675 0.431770 0.603800 0.002872 1.000000 
-0.276009 -0.286005 -0.529485 -0.651046 -1.624283 0.416093 0.603822 0.002709 1.000000 
-0.278233 -0.270213 -0.534562 -0.618092 -1.621019 0.399640 0.603844 0.002559 1.000000 
-0.280332 -0.254430 -0.539375 -0.585130 -1.617891 0.382446 0.603863 0.002420 1.000000 
-0.282304 -0.238660 -0.543924 -0.552170 -1.614902 0.364547 0.603882 0.002290 1.000000 
-0.284151 -0.222905 -0.548210 -0.519218 -1.612060 0.345977 0.603900 0.002170 1.000000 
-0.285871 -0.207170 -0.552232 -0.486280 -1.609368 0.326773 0.603917 0.002058 1.000000 
-0.287465 -0.191455 -0.555990 -0.453361 -1.606833 0.306974 0.603933 0.001953 1.000000 
-0.288934 -0.175763 -0.559485 -0.420464 -1.604458 0.286617 0.603948 0.001855 1.000000 
-0.290278 -0.160094 -0.562718 -0.387593 -1.602248 0.265741 0.603963 0.001764 1.000000 
-0.291496 -0.144449 -0.565687 -0.354748 -1.600208 0.244385 0.603977 0.001677 1.000000 
-0.292589 -0.128828 -0.568394 -0.321930 -1.598339 0.222590 0.603990 0.001596 1.000000 
-0.293557 -0.113231 -0.570838 -0.289139 -1.596647 0.200396 0.604002 0.001519 1.000000 
-0.294401 -0.097657 -0.573020 -0.256374 -1.595134 0.177843 0.604014 0.001447 1.000000 
-0.295120 -0.082106 -0.574940 -0.223633 -1.593803 0.154972 0.604025 0.001378 1.000000 
-0.295714 -0.066576 -0.576598 -0.190913 -1.592655 0.131826 0.604036 0.001313 1.000000 
-0.296185 -0.051065 -0.577995 -0.158212 -1.591694 0.108444 0.604046 0.001251 1.000000 
-0.296532 -0.035572 -0.579130 -0.125527 -1.590921 0.084870 0.604056 0.001191 1.000000 
-0.296754 -0.020096 -0.580003 -0.092853 -1.590336 0.061146 0.604065 0.001134 1.000000 
-0.296853 -0.004633 -0.580615 -0.060186 -1.589943 0.037313 0.604074 0.001079 1.000000 
-0.296828 0.010818 -0.580966 -0.027523 -1.589740 0.013414 0.604083 0.001026 1.000000 
-0.296680 0.026258 -0.581056 0.005143 -1.589728 -0.010509 0.604091 0.000975 1.000000 
-0.296408 0.041692 -0.580884 0.037814 -1.589908 -0.034413 0.604098 0.000925 1.000000 
-0.296013 0.057119 -0.580451 0.070496 -1.590278 -0.058256 0.604105 0.000876 1.000000 
-0.295494 0.072543 -0.579756 0.103193 -1.590840 -0.081996 0.604112 0.000828 1.000000 
-0.294852 0.087966 -0.578799 0.135909 -1.591590 -0.105590 0.604119 0.000781 1.000000 
-0.294087 0.103388 -0.577581 0.168648 -1.592528 -0.128997 0.604125 0.000735 1.000000 
-0.293198 0.118813 -0.576101 0.201414 -1.593653 -0.152174 0.604130 0.000688 1.000000 
-0.292186 0.134241 -0.574358 0.234210 -1.594963 -0.175081 0.604136 0.000642 1.000000 
-0.291050 0.149673 -0.572354 0.267038 -1.596454 -0.197674 0.604141 0.000596 1.000000 
-0.289791 0.165110 -0.570086 0.299900 -1.598124 -0.219914 0.604145 0.000549 1.000000 
-0.288408 0.180553 -0.567555 0.332797 -1.599971 -0.241760 0.604149 0.000501 1.000000 
-0.286902 0.196001 -0.564761 0.365730 -1.601991 -0.263170 0.604153 0.000453 1.000000 
-0.285272 0.211455 -0.561703 0.398699 -1.604181 -0.284106 0.604157 0.000403 1.000000 
-0.283519 0.226913 -0.558382 0.431702 -1.606536 -0.304528 0.604160 0.000352 1.000000 
-0.281642 0.242375 -0.554796 0.464737 -1.609052 -0.324396 0.604162 0.000299 1.000000 
-0.279641 0.257839 -0.550946 0.497800 -1.611724 -0.343673 0.604164 0.000243 1.000000 
-0.277516 0.273302 -0.546831 0.530888 -1.614549 -0.362321 0.604166 0.000186 1.000000 
-0.275268 0.288761 -0.542452 0.563994 -1.617520 -0.380302 0.604167 0.000125 1.000000 
-0.272896 0.304214 -0.537807 0.597111 -1.620632 -0.397582 0.604168 0.000061 1.000000 
-0.270401 0.319656 -0.532898 0.630233 -1.623879 -0.414124 0.604168 -0.000007 1.000000 
-0.267782 0.335082 -0.527723 0.663348 -1.627256 -0.429895 0.604168 -0.000079 1.000000 
-0.265040 0.350488 -0.522284 0.696448 -1.630755 -0.444861 0.604167 -0.000157 1.000000 
-0.262174 0.365868 -0.516580 0.729518 -1.634371 -0.458990 0.604166 -0.000240 1.000000 
-0.259186 0.381215 -0.510612 0.762547 -1.638097 -0.472250 0.604163 -0.000329 1.000000 
-0.256075 0.396521 -0.504380 0.795519 -1.641925 -0.484613 0.604160 -0.000426 1.000000 
-0.252841 0.411780 -0.497884 0.828419 -1.645848 -0.496049 0.604156 -0.000531 1.000000 
-0.249486 0.426982 -0.491125 0.861227 -1.649859 -0.506532 0.604152 -0.000646 1.000000 
-0.246010 0.442119 -0.484105 0.893926 -1.653950 -0.516035 0.604146 -0.000771 1.000000 
-0.242413 0.457180 -0.476823 0.926494 -1.658113 -0.524535 0.604139 -0.000909 1.000000 
-0.238695 0.472155 -0.469281 0.958910 -1.662340 -0.532010 0.604131 -0.001061 1.000000 
-0.234858 0.487033 -0.461481 0.991150 -1.666622 -0.538438 0.604122 -0.001228 1.000000 
-0.230903 0.501803 -0.453423 1.023190 -1.670952 -0.543801 0.604112 -0.001414 1.000000 
-0.226830 0.516452 -0.445110 1.055003 -1.675320 -0.548082 0.604100 -0.001620 1.000000 
-0.222640 0.530966 -0.436544 1.086563 -1.679718 -0.551266 0.604086 -0.001851 1.000000 
-0.218335 0.545334 -0.427726 1.117841 -1.684138 -0.553341 0.604070 -0.002109 1.000000 
-0.213915 0.559539 -0.418659 1.148808 -1.688569 -0.554294 0.604052 -0.002398 1.000000 
-0.209383 0.573569 -0.409346 1.179432 -1.693003 -0.554119 0.604032 -0.002726 1.000000 
-0.204739 0.587409 -0.399789 1.209681 -1.697432 -0.552809 0.604008 -0.003096 1.000000 
-0.199985 0.601042 -0.389992 1.239524 -1.701845 -0.550359 0.603982 -0.003517 1.000000 
-0.195123 0.614453 -0.379958 1.268927 -1.706235 -0.546769 0.603952 -0.003997 1.000000 
-0.190154 0.627626 -0.369691 1.297855 -1.710591 -0.542040 0.603918 -0.004548 1.000000 
-0.185081 0.640545 -0.359194 1.326273 -1.714904 -0.536175 0.603879 -0.005183 1.000000 
-0.179906 0.653193 -0.348472 1.354147 -1.719166 -0.529180 0.603835 -0.005917 1.000000 
-0.174631 0.665553 -0.337529 1.381439 -1.723368 -0.521064 0.603784 -0.006772 1.000000 
-0.169258 0.677609 -0.326370 1.408114 -1.727500 -0.511840 0.603726 -0.007772 1.000000 
-0.163790 0.689344 -0.315001 1.434136 -1.731555 -0.501520 0.603659 -0.008948 1.000000 
-0.158229 0.700741 -0.303426 1.459467 -1.735522 -0.490122 0.603582 -0.010343 1.000000 
-0.152579 0.711782 -0.291651 1.484072 -1.739394 -0.477665 0.603493 -0.012006 1.000000 
-0.146842 0.722452 -0.279683 1.507914 -1.743162 -0.464172 0.603389 -0.014006 1.000000 
-0.141021 0.732733 -0.267527 1.530957 -1.746818 -0.449667 0.603268 -0.016432 1.000000 
-0.135119 0.742610 -0.255190 1.553165 -1.750354 -0.434179 0.603125 -0.019400 1.000000 
-0.129140 0.752066 -0.242679 1.574505 -1.753762 -0.417738 0.602955 -0.023069 1.000000 
-0.123087 0.761086 -0.230000 1.594941 -1.757035 -0.400377 0.602753 -0.027657 1.000000 
-0.116964 0.769655 -0.217162 1.614442 -1.760166 -0.382131 0.602510 -0.033468 1.000000 
-0.110774 0.777758 -0.204172 1.632973 -1.763147 -0.363039 0.602213 -0.040932 1.000000 
-0.104521 0.785381 -0.191037 1.650505 -1.765972 -0.343143 0.601849 -0.050677 1.000000 
-0.098209 0.792512 -0.177766 1.667007 -1.768635 -0.322486 0.601394 -0.063636 1.000000 
-0.091842 0.799136 -0.164368 1.682452 -1.771130 -0.301113 0.600818 -0.081240 1.000000 
-0.085425 0.805244 -0.150850 1.696813 -1.773451 -0.279076 0.600076 -0.105756 1.000000 
-0.078960 0.810824 -0.137222 1.710065 -1.775594 -0.256425 0.599098 -0.140914 1.000000 
-0.072453 0.815866 -0.123492 1.722184 -1.777553 -0.233217 0.597776 -0.193134 1.000000 
-0.065908 0.820362 -0.109670 1.733149 -1.779324 -0.209512 0.595932 -0.274096 1.000000 
-0.059329 0.824304 -0.095765 1.742943 -1.780904 -0.185376 0.593255 -0.406507 1.000000 
-0.052720 0.827688 -0.081786 1.751547 -1.782289 -0.160884 0.589168 -0.638406 1.000000 
-0.046087 0.830511 -0.067743 1.758949 -1.783477 -0.136127 0.582488 -1.083153 1.000000 
-0.039434 0.832775 -0.053646 1.765138 -1.784466 -0.111222 0.570493 -2.050881 1.000000 
-0.032764 0.834489 -0.039504 1.770105 -1.785257 -0.086340 0.545712 -4.590012 1.000000 
-0.026083 0.835685 -0.025328 1.773847 -1.785849 -0.061732 0.481289 -13.628213 1.000000 
-0.019394 0.836455 -0.011126 1.776356 -1.786245 -0.037378 0.221723 -70.388718 1.000000 
-0.012699 0.837534 0.003088 1.776311 -1.786308 0.031292 0.721200 239.952335 -1.000000 
-0.006005 0.833294 0.017255 1.761439 -1.785416 0.207156 1.530973 20.823891 -1.000000 
0.000587 0.812512 0.031227 1.728914 -1.783054 0.379861 1.598608 2.949094 -1.000000 
0.006964 0.779806 0.044871 1.678955 -1.779360 0.542369 1.611525 0.835310 -1.000000 
0.013039 0.737498 0.058042 1.610904 -1.774398 0.696333 1.615787 0.328514 -1.000000 
0.018743 0.687393 0.070602 1.526428 -1.768254 0.837115 1.617610 0.153990 -1.000000 
0.024021 0.631223 0.082428 1.428129 -1.761049 0.961192 1.618508 0.079845 -1.000000 
0.028831 0.570716 0.093423 1.319061 -1.752926 1.066243 1.618986 0.043820 -1.000000 
0.033145 0.507575 0.103513 1.202461 -1.744044 1.150952 1.619253 0.024656 -1.000000 
0.036949 0.443422 0.112651 1.081562 -1.734566 1.214864 1.619403 0.013807 -1.000000 
0.040241 0.379747 0.120815 0.959437 -1.724661 1.258258 1.619485 0.007406 -1.000000 
0.043030 0.317858 0.128006 0.838880 -1.714487 1.282021 1.619528 0.003540 -1.000000 
0.045335 0.258860 0.134247 0.722326 -1.704197 1.287510 1.619546 0.001193 -1.000000 
0.047182 0.203632 0.139579 0.611798 -1.693931 1.276425 1.619550 -0.000206 -1.000000 
0.048605 0.152830 0.144057 0.508889 -1.683813 1.250677 1.619544 -0.000994 -1.000000 
0.049640 0.106899 0.147745 0.414766 -1.673954 1.212276 1.619535 -0.001378 -1.000000 
0.050329 0.066084 0.150718 0.330199 -1.664445 1.163236 1.619523 -0.001491 -1.000000 
0.050711 0.030464 0.153055 0.255598 -1.655365 1.105489 1.619511 -0.001420 -1.000000 
0.050830 -0.000028 0.154835 0.191059 -1.646776 1.040835 1.619501 -0.001225 -1.000000 
0.050724 -0.025575 0.156138 0.136423 -1.638726 0.970895 1.619492 -0.000949 -1.000000 
0.050433 -0.046450 0.157043 0.091317 -1.631252 0.897086 1.619486 -0.000624 -1.000000 
0.049975 -0.060404 0.157567 0.063296 -1.626090 0.820234 1.619482 -0.000371 -1.000000 
0.049396 -0.064749 0.157822 0.062259 -1.626248 0.741496 1.619478 -0.000398 -1.000000 
0.048791 -0.068536 0.158086 0.060764 -1.626406 0.662791 1.619475 -0.000422 -1.000000 
0.048166 -0.071829 0.158356 0.058851 -1.626563 0.584126 1.619471 -0.000444 -1.000000 
0.047523 -0.074689 0.158631 0.056558 -1.626721 0.505504 1.619467 -0.000464 -1.000000 
0.046866 -0.077181 0.158908 0.053922 -1.626878 0.426927 1.619463 -0.000482 -1.000000 
0.046198 -0.079368 0.159187 0.050978 -1.627036 0.348399 1.619459 -0.000499 -1.000000 
0.045522 -0.081312 0.159465 0.047760 -1.627193 0.269920 1.619455 -0.000514 -1.000000 
0.044838 -0.083077 0.159743 0.044301 -1.627350 0.191492 1.619450 -0.000528 -1.000000 
0.044149 -0.084726 0.160019 0.040633 -1.627506 0.113116 1.619446 -0.000541 -1.000000 
0.043456 -0.086323 0.160293 0.036783 -1.627663 0.034790 1.619442 -0.000554 -1.000000 
0.042757 -0.087934 0.160564 0.032773 -1.627848 -0.043485 1.619437 -0.000569 -1.000000 
0.042046 -0.089719 0.160809 0.028274 -1.628509 -0.121713 1.619432 -0.000617 -1.000000 
0.041320 -0.091980 0.161013 0.022498 -1.629795 -0.199834 1.619427 -0.000711 -1.000000 
0.040572 -0.095019 0.161164 0.014628 -1.631706 -0.277743 1.619421 -0.000851 -1.000000 
0.039797 -0.099125 0.161240 0.003851 -1.634238 -0.355288 1.619413 -0.001044 -1.000000 
0.038983 -0.104568 0.161215 -0.010636 -1.637389 -0.432247 1.619404 -0.001296 -1.000000 
0.038119 -0.111603 0.161058 -0.029621 -1.641152 -0.508313 1.619392 -0.001617 -1.000000 
0.037192 -0.120460 0.160727 -0.053863 -1.645518 -0.583074 1.619378 -0.002021 -1.000000 
0.036187 -0.131340 0.160180 -0.084079 -1.650476 -0.656002 1.619360 -0.002529 -1.000000 
0.035085 -0.144414 0.159364 -0.120926 -1.656008 -0.726437 1.619337 -0.003168 -1.000000 
0.033870 -0.159807 0.158226 -0.164975 -1.662090 -0.793583 1.619309 -0.003978 -1.000000 
0.032522 -0.177598 0.156704 -0.216688 -1.668694 -0.856502 1.619273 -0.005011 -1.000000 
0.031022 -0.197805 0.154737 -0.276383 -1.675780 -0.914117 1.619228 -0.006340 -1.000000 
0.029351 -0.220376 0.152261 -0.344205 -1.683302 -0.965229 1.619170 -0.008068 -1.000000 
0.027490 -0.245182 0.149209 -0.420087 -1.691203 -1.008530 1.619097 -0.010338 -1.000000 
0.025422 -0.272006 0.145518 -0.503717 -1.699414 -1.042645 1.619003 -0.013359 -1.000000 
0.023133 -0.300536 0.141130 -0.594508 -1.707857 -1.066167 1.618881 -0.017437 -1.000000 
0.020610 -0.330363 0.135990 -0.691573 -1.716441 -1.077719 1.618720 -0.023039 -1.000000 
0.017845 -0.360978 0.130051 -0.793711 -1.725065 -1.076018 1.618506 -0.030886 -1.000000 
0.014834 -0.391780 0.123281 -0.899403 -1.733619 -1.059956 1.618217 -0.042143 -1.000000 
0.011578 -0.422081 0.115656 -1.006832 -1.741984 -1.028679 1.617818 -0.058762 -1.000000 
0.008084 -0.451131 0.107172 -1.113918 -1.750036 -0.981677 1.617253 -0.084159 -1.000000 
0.004365 -0.478130 0.097841 -1.218377 -1.757648 -0.918875 1.616431 -0.124656 -1.000000 
0.000442 -0.502262 0.087692 -1.317805 -1.764697 -0.840710 1.615187 -0.192717 -1.000000 
-0.003661 -0.522721 0.076776 -1.409785 -1.771062 -0.748210 1.613206 -0.314902 -1.000000 
-0.007910 -0.538738 0.065161 -1.492025 -1.776634 -0.643047 1.609846 -0.553268 -1.000000 
-0.012267 -0.549597 0.052934 -1.562540 -1.781323 -0.527526 1.603637 -1.069002 -1.000000 
-0.016688 -0.554621 0.040196 -1.619879 -1.785054 -0.404317 1.590841 -2.324080 -1.000000 
-0.021124 -0.553132 0.027054 -1.663277 -1.787777 -0.275805 1.561148 -5.615602 -1.000000 
-0.025520 -0.545002 0.013622 -1.691984 -1.789466 -0.147671 1.490654 -12.492381 -1.000000 
-0.029834 -0.533421 0.000022 -1.705790 -1.790205 -0.043371 1.369473 -16.129945 -1.000000 
-0.034057 -0.522461 -0.013645 -1.709861 -1.790259 0.024927 1.258085 -11.014028 -1.000000 
-0.038195 -0.512151 -0.027323 -1.709228 -1.789855 0.074304 1.192044 -5.920952 -1.000000 
-0.042251 -0.501771 -0.040984 -1.705557 -1.789089 0.116419 1.156858 -3.192714 -1.000000 
-0.046223 -0.491017 -0.054605 -1.699322 -1.788001 0.155267 1.137346 -1.838572 -1.000000 
-0.050106 -0.479785 -0.068167 -1.690707 -1.786610 0.192164 1.125740 -1.135268 -1.000000 
-0.053898 -0.468050 -0.081651 -1.679820 -1.784930 0.227568 1.118363 -0.744853 -1.000000 
-0.057594 -0.455814 -0.095038 -1.666742 -1.782973 0.261625 1.113403 -0.513995 -1.000000 
-0.061190 -0.443095 -0.108313 -1.651549 -1.780748 0.294357 1.109910 -0.369805 -1.000000 
-0.064682 -0.429919 -0.121458 -1.634314 -1.778267 0.325725 1.107355 -0.275471 -1.000000 
-0.068067 -0.416316 -0.134457 -1.615115 -1.775540 0.355668 1.105423 -0.211289 -1.000000 
-0.071342 -0.402319 -0.147294 -1.594031 -1.772580 0.384112 1.103924 -0.166143 -1.000000 
-0.074503 -0.387963 -0.159956 -1.571146 -1.769398 0.410978 1.102732 -0.133469 -1.000000 
-0.077549 -0.373282 -0.172428 -1.546547 -1.766009 0.436192 1.101766 -0.109233 -1.000000 
-0.080475 -0.358313 -0.184697 -1.520324 -1.762424 0.459680 1.100969 -0.090868 -1.000000 
-0.083281 -0.343094 -0.196749 -1.492570 -1.758659 0.481377 1.100301 -0.076688 -1.000000 
-0.085964 -0.327660 -0.208574 -1.463380 -1.754727 0.501220 1.099733 -0.065557 -1.000000 
-0.088523 -0.312047 -0.220160 -1.432850 -1.750644 0.519158 1.099246 -0.056691 -1.000000 
-0.090956 -0.296291 -0.231496 -1.401079 -1.746426 0.535145 1.098822 -0.049535 -1.000000 
-0.093263 -0.280426 -0.242574 -1.368164 -1.742087 0.549144 1.098450 -0.043691 -1.000000 
-0.095443 -0.264486 -0.253384 -1.334202 -1.737645 0.561125 1.098120 -0.038869 -1.000000 
-0.097495 -0.248504 -0.263919 -1.299291 -1.733115 0.571067 1.097826 -0.034852 -1.000000 
-0.099419 -0.232509 -0.274170 -1.263525 -1.728513 0.578957 1.097561 -0.031476 -1.000000 
-0.101215 -0.216533 -0.284133 -1.226998 -1.723857 0.584790 1.097321 -0.028617 -1.000000 
-0.102884 -0.200601 -0.293801 -1.189800 -1.719162 0.588568 1.097102 -0.026179 -1.000000 
-0.104425 -0.184740 -0.303168 -1.152019 -1.714445 0.590301 1.096901 -0.024086 -1.000000 
-0.105840 -0.168975 -0.312232 -1.113739 -1.709722 0.590007 1.096716 -0.022280 -1.000000 
-0.107129 -0.153326 -0.320987 -1.075040 -1.705010 0.587710 1.096544 -0.020713 -1.000000 
-0.108293 -0.137816 -0.329431 -1.035998 -1.700324 0.583439 1.096384 -0.019346 -1.000000 
-0.109334 -0.122461 -0.337562 -0.996683 -1.695680 0.577232 1.096234 -0.018151 -1.000000 
-0.110253 -0.107278 -0.345378 -0.957164 -1.691094 0.569130 1.096093 -0.017100 -1.000000 
-0.111051 -0.092281 -0.352876 -0.917500 -1.686579 0.559182 1.095960 -0.016175 -1.000000 
-0.111730 -0.077482 -0.360057 -0.877748 -1.682152 0.547440 1.095834 -0.015358 -1.000000 
-0.112292 -0.062892 -0.366920 -0.837959 -1.677825 0.533961 1.095714 -0.014634 -1.000000 
-0.112737 -0.048519 -0.373465 -0.798178 -1.673613 0.518806 1.095599 -0.013993 -1.000000 
-0.113068 -0.034369 -0.379691 -0.758445 -1.669528 0.502041 1.095490 -0.013425 -1.000000 
-0.113288 -0.020447 -0.385600 -0.718795 -1.665584 0.483733 1.095384 -0.012920 -1.000000 
-0.113396 -0.006757 -0.391192 -0.679257 -1.661792 0.463953 1.095283 -0.012473 -1.000000 
-0.113396 0.006700 -0.396469 -0.639855 -1.658165 0.442777 1.095185 -0.012077 -1.000000 
-0.113290 0.019925 -0.401430 -0.600607 -1.654712 0.420281 1.095090 -0.011728 -1.000000 
-0.113078 0.032918 -0.406079 -0.561526 -1.651443 0.396543 1.094997 -0.011421 -1.000000 
-0.112764 0.045683 -0.410415 -0.522622 -1.648370 0.371643 1.094907 -0.011152 -1.000000 
-0.112348 0.058223 -0.414441 -0.483899 -1.645500 0.345664 1.094819 -0.010919 -1.000000 
-0.111833 0.070542 -0.418158 -0.445356 -1.642842 0.318688 1.094732 -0.010719 -1.000000 
-0.111220 0.082648 -0.421567 -0.406990 -1.640403 0.290801 1.094647 -0.010550 -1.000000 
-0.110511 0.094546 -0.424670 -0.368791 -1.638191 0.262088 1.094563 -0.010411 -1.000000 
-0.109707 0.106244 -0.427469 -0.330747 -1.636212 0.232635 1.094480 -0.010299 -1.000000 
-0.108811 0.117750 -0.429963 -0.292845 -1.634471 0.202528 1.094398 -0.010213 -1.000000 
-0.107824 0.129071 -0.432154 -0.255066 -1.632973 0.171856 1.094317 -0.010154 -1.000000 
-0.106747 0.140217 -0.434044 -0.217389 -1.631723 0.140706 1.094236 -0.010120 -1.000000 
-0.105581 0.151196 -0.435633 -0.179793 -1.630723 0.109165 1.094155 -0.010110 -1.000000 
-0.104328 0.162016 -0.436921 -0.142252 -1.629977 0.077323 1.094074 -0.010125 -1.000000 
-0.102989 0.172687 -0.437909 -0.104741 -1.629486 0.045268 1.093993 -0.010165 -1.000000 
-0.101565 0.183217 -0.438597 -0.067233 -1.629253 0.013088 1.093911 -0.010230 -1.000000 
-0.100058 0.193613 -0.438985 -0.029700 -1.629277 -0.019129 1.093829 -0.010321 -1.000000 
-0.098468 0.203885 -0.439072 0.007886 -1.629559 -0.051292 1.093746 -0.010438 -1.000000 
-0.096796 0.214037 -0.438858 0.045552 -1.630097 -0.083314 1.093662 -0.010582 -1.000000 
-0.095044 0.224079 -0.438343 0.083325 -1.630891 -0.115107 1.093577 -0.010755 -1.000000 
-0.093211 0.234014 -0.437525 0.121232 -1.631938 -0.146582 1.093490 -0.010957 -1.000000 
-0.091300 0.243848 -0.436403 0.159298 -1.633235 -0.177652 1.093401 -0.011192 -1.000000 
-0.089310 0.253586 -0.434975 0.197546 -1.634779 -0.208227 1.093311 -0.011461 -1.000000 
-0.087243 0.263229 -0.433241 0.235997 -1.636565 -0.238222 1.093218 -0.011766 -1.000000 
-0.085098 0.272781 -0.431199 0.274671 -1.638589 -0.267550 1.093122 -0.012110 -1.000000 
-0.082878 0.282241 -0.428846 0.313583 -1.640844 -0.296124 1.093024 -0.012498 -1.000000 
-0.080583 0.291610 -0.426181 0.352747 -1.643325 -0.323859 1.092922 -0.012932 -1.000000 
-0.078213 0.300886 -0.423201 0.392173 -1.646023 -0.350670 1.092817 -0.013417 -1.000000 
-0.075769 0.310066 -0.419905 0.431865 -1.648933 -0.376475 1.092707 -0.013959 -1.000000 
-0.073252 0.319146 -0.416291 0.471827 -1.652044 -0.401190 1.092593 -0.014564 -1.000000 
-0.070663 0.328119 -0.412355 0.512054 -1.655349 -0.424735 1.092474 -0.015238 -1.000000 
-0.068002 0.336980 -0.408097 0.552542 -1.658837 -0.447032 1.092349 -0.015990 -1.000000 
-0.065271 0.345720 -0.403514 0.593276 -1.662498 -0.468002 1.092218 -0.016830 -1.000000 
-0.062471 0.354328 -0.398604 0.634241 -1.666321 -0.487572 1.092080 -0.017768 -1.000000 
-0.059603 0.362795 -0.393366 0.675415 -1.670295 -0.505668 1.091933 -0.018818 -1.000000 
-0.056667 0.371107 -0.387797 0.716770 -1.674407 -0.522222 1.091778 -0.019996 -1.000000 
-0.053665 0.379251 -0.381897 0.758272 -1.678646 -0.537168 1.091613 -0.021318 -1.000000 
-0.050599 0.387212 -0.375664 0.799885 -1.682998 -0.550443 1.091437 -0.022806 -1.000000 
-0.047470 0.394974 -0.369099 0.841563 -1.687449 -0.561987 1.091248 -0.024487 -1.000000 
-0.044280 0.402519 -0.362199 0.883258 -1.691985 -0.571748 1.091044 -0.026390 -1.000000 
-0.041031 0.409829 -0.354967 0.924915 -1.696592 -0.579675 1.090825 -0.028552 -1.000000 
-0.037724 0.416885 -0.347401 0.966473 -1.701255 -0.585723 1.090587 -0.031017 -1.000000 
-0.034361 0.423667 -0.339503 1.007867 -1.705958 -0.589855 1.090328 -0.033839 -1.000000 
-0.030946 0.430155 -0.331276 1.049028 -1.710687 -0.592037 1.090044 -0.037084 -1.000000 
-0.027480 0.436326 -0.322720 1.089879 -1.715425 -0.592242 1.089733 -0.040831 -1.000000 
-0.023966 0.442160 -0.313839 1.130343 -1.720158 -0.590451 1.089389 -0.045181 -1.000000 
-0.020406 0.447634 -0.304636 1.170334 -1.724867 -0.586652 1.089008 -0.050260 -1.000000 
-0.016804 0.452726 -0.295115 1.209766 -1.729539 -0.580839 1.088583 -0.056223 -1.000000 
-0.013164 0.457414 -0.285281 1.248549 -1.734155 -0.573015 1.088106 -0.063272 -1.000000 
-0.009487 0.461676 -0.275140 1.286591 -1.738702 -0.563192 1.087567 -0.071661 -1.000000 
-0.005778 0.465491 -0.264698 1.323794 -1.743161 -0.551389 1.086955 -0.081722 -1.000000 
-0.002040 0.468838 -0.253962 1.360064 -1.747519 -0.537635 1.086254 -0.093888 -1.000000 
0.001722 0.471697 -0.242940 1.395303 -1.751758 -0.521967 1.085445 -0.108731 -1.000000 
0.005505 0.474049 -0.231640 1.429412 -1.755865 -0.504434 1.084505 -0.127020 -1.000000 
0.009306 0.475875 -0.220072 1.462294 -1.759824 -0.485091 1.083401 -0.149796 -1.000000 
0.013118 0.477159 -0.208247 1.493854 -1.763622 -0.464006 1.082092 -0.178490 -1.000000 
0.016939 0.477886 -0.196174 1.523997 -1.767244 -0.441255 1.080524 -0.215101 -1.000000 
0.020763 0.478043 -0.183867 1.552632 -1.770678 -0.416927 1.078622 -0.262463 -1.000000 
0.024586 0.477617 -0.171337 1.579671 -1.773911 -0.391121 1.076285 -0.324658 -1.000000 
0.028403 0.476599 -0.158597 1.605031 -1.776932 -0.363945 1.073372 -0.407657 -1.000000 
0.032210 0.474981 -0.145661 1.628636 -1.779731 -0.335524 1.069684 -0.520331 -1.000000 
0.036001 0.472758 -0.132543 1.650414 -1.782297 -0.305993 1.064933 -0.676023 -1.000000 
0.039772 0.469928 -0.119259 1.670303 -1.784624 -0.275502 1.058700 -0.894939 -1.000000 
0.043518 0.466489 -0.105824 1.688249 -1.786703 -0.244217 1.050365 -1.207528 -1.000000 
0.047234 0.462447 -0.092252 1.704212 -1.788530 -0.212324 1.039012 -1.658345 -1.000000 
0.050916 0.457805 -0.078562 1.718161 -1.790099 -0.180028 1.023304 -2.307343 -1.000000 
0.054558 0.452579 -0.064767 1.730081 -1.791410 -0.147561 1.001393 -3.218401 -1.000000 
0.058156 0.446788 -0.050886 1.739974 -1.792461 -0.115204 0.971044 -4.411972 -1.000000 
0.061705 0.440474 -0.036933 1.747859 -1.793254 -0.083317 0.930366 -5.759615 -1.000000 
0.065202 0.433705 -0.022925 1.753785 -1.793796 -0.052382 0.879469 -6.884371 -1.000000 
0.068643 0.426575 -0.008878 1.757840 -1.794096 -0.022928 0.822149 -7.295766 -1.000000 
0.072026 0.419177 0.005196 1.760161 -1.794168 0.004692 0.765182 -6.809292 -1.000000 
0.075350 0.411574 0.019281 1.760907 -1.794026 0.030472 0.714813 -5.722856 -1.000000 
0.078611 0.403789 0.033366 1.760222 -1.793685 0.054678 0.673985 -4.490897 -1.000000 
0.081810 0.395824 0.047441 1.758212 -1.793155 0.077651 0.642556 -3.402636 -1.000000 
0.084944 0.387673 0.061494 1.754954 -1.792445 0.099670 0.618909 -2.548782 -1.000000 
0.088012 0.379332 0.075517 1.750500 -1.791562 0.120927 0.601188 -1.914457 -1.000000 
0.091013 0.370799 0.089499 1.744888 -1.790512 0.141541 0.587818 -1.452873 -1.000000 
0.093944 0.362076 0.103432 1.738148 -1.789299 0.161578 0.577606 -1.117873 -1.000000 
0.096805 0.353167 0.117307 1.730305 -1.787928 0.181070 0.569692 -0.873098 -1.000000 
0.099594 0.344076 0.131114 1.721381 -1.786403 0.200027 0.563466 -0.692206 -1.000000 
0.102310 0.334812 0.144846 1.711399 -1.784729 0.218446 0.558496 -0.556729 -1.000000 
0.104951 0.325380 0.158494 1.700379 -1.782910 0.236315 0.554472 -0.453841 -1.000000 
0.107516 0.315791 0.172049 1.688343 -1.780949 0.253617 0.551172 -0.374622 -1.000000 
0.110003 0.306052 0.185505 1.675313 -1.778853 0.270330 0.548432 -0.312817 -1.000000 
0.112412 0.296174 0.198852 1.661311 -1.776626 0.286433 0.546132 -0.263995 -1.000000 
0.114742 0.286164 0.212083 1.646361 -1.774272 0.301901 0.544182 -0.224978 -1.000000 
0.116991 0.276033 0.225191 1.630484 -1.771797 0.316712 0.542512 -0.193458 -1.000000 
0.119158 0.265790 0.238168 1.613707 -1.769206 0.330842 0.541071 -0.167738 -1.000000 
0.121243 0.255446 0.251008 1.596053 -1.766506 0.344268 0.539817 -0.146554 -1.000000 
0.123245 0.245009 0.263703 1.577549 -1.763700 0.356969 0.538717 -0.128956 -1.000000 
0.125163 0.234490 0.276247 1.558219 -1.760796 0.368924 0.537746 -0.114220 -1.000000 
0.126996 0.223897 0.288632 1.538092 -1.757799 0.380114 0.536883 -0.101788 -1.000000 
0.128745 0.213242 0.300854 1.517193 -1.754716 0.390521 0.536112 -0.091229 -1.000000 
0.130408 0.202532 0.312905 1.495550 -1.751553 0.400129 0.535419 -0.082203 -1.000000 
0.131985 0.191778 0.324781 1.473191 -1.748316 0.408923 0.534793 -0.074442 -1.000000 
0.133476 0.180988 0.336475 1.450143 -1.745013 0.416889 0.534225 -0.067730 -1.000000 
0.134881 0.170171 0.347981 1.426434 -1.741648 0.424018 0.533707 -0.061897 -1.000000 
0.136199 0.159337 0.359296 1.402091 -1.738231 0.430297 0.533233 -0.056803 -1.000000 
0.137430 0.148492 0.370413 1.377144 -1.734766 0.435721 0.532797 -0.052334 -1.000000 
0.138575 0.137647 0.381329 1.351619 -1.731261 0.440282 0.532394 -0.048398 -1.000000 
0.139633 0.126807 0.392038 1.325543 -1.727724 0.443976 0.532021 -0.044917 -1.000000 
0.140604 0.115982 0.402536 1.298945 -1.724160 0.446800 0.531675 -0.041827 -1.000000 
0.141489 0.105179 0.412819 1.271851 -1.720577 0.448753 0.531351 -0.039075 -1.000000 
0.142287 0.094404 0.422884 1.244287 -1.716982 0.449836 0.531049 -0.036616 -1.000000 
0.142999 0.083664 0.432727 1.216279 -1.713382 0.450050 0.530765 -0.034413 -1.000000 
0.143626 0.072966 0.442344 1.187853 -1.709784 0.449399 0.530497 -0.032433 -1.000000 
0.144167 0.062316 0.451732 1.159034 -1.706194 0.447890 0.530245 -0.030650 -1.000000 
0.144623 0.051720 0.460887 1.129846 -1.702620 0.445529 0.530007 -0.029040 -1.000000 
0.144994 0.041183 0.469808 1.100312 -1.699068 0.442324 0.529780 -0.027583 -1.000000 
0.145282 0.030710 0.478491 1.070455 -1.695545 0.438286 0.529565 -0.026262 -1.000000 
0.145486 0.020306 0.486935 1.040297 -1.692057 0.433426 0.529360 -0.025062 -1.000000 
0.145607 0.009976 0.495135 1.009859 -1.688612 0.427758 0.529164 -0.023971 -1.000000 
0.145646 -0.000277 0.503092 0.979163 -1.685215 0.421294 0.528976 -0.022976 -1.000000 
0.145603 -0.010447 0.510801 0.948226 -1.681874 0.414052 0.528796 -0.022070 -1.000000 
0.145479 -0.020533 0.518263 0.917068 -1.678593 0.406047 0.528623 -0.021242 -1.000000 
0.145275 -0.030530 0.525474 0.885706 -1.675379 0.397299 0.528456 -0.020485 -1.000000 
0.144991 -0.040436 0.532433 0.854157 -1.672238 0.387825 0.528295 -0.019794 -1.000000 
0.144628 -0.050248 0.539140 0.822436 -1.669175 0.377647 0.528139 -0.019161 -1.000000 
0.144187 -0.059963 0.545592 0.790560 -1.666197 0.366785 0.527988 -0.018583 -1.000000 
0.143669 -0.069580 0.551789 0.758541 -1.663309 0.355262 0.527841 -0.018054 -1.000000 
0.143074 -0.079097 0.557728 0.726393 -1.660515 0.343102 0.527699 -0.017571 -1.000000 
0.142403 -0.088511 0.563410 0.694127 -1.657821 0.330327 0.527560 -0.017130 -1.000000 
0.141658 -0.097822 0.568834 0.661755 -1.655231 0.316965 0.527425 -0.016727 -1.000000 
0.140839 -0.107028 0.573998 0.629287 -1.652751 0.303039 0.527292 -0.016361 -1.000000 
0.139946 -0.116129 0.578902 0.596733 -1.650384 0.288578 0.527163 -0.016029 -1.000000 
0.138981 -0.125123 0.583546 0.564101 -1.648135 0.273607 0.527036 -0.015728 -1.000000 
0.137944 -0.134010 0.587928 0.531399 -1.646008 0.258156 0.526911 -0.015457 -1.000000 
0.136837 -0.142789 0.592048 0.498634 -1.644006 0.242252 0.526788 -0.015214 -1.000000 
0.135660 -0.151461 0.595906 0.465811 -1.642133 0.225925 0.526668 -0.014997 -1.000000 
0.134414 -0.160024 0.599501 0.432938 -1.640392 0.209203 0.526548 -0.014805 -1.000000 
0.133100 -0.168479 0.602833 0.400017 -1.638786 0.192118 0.526431 -0.014637 -1.000000 
0.131718 -0.176825 0.605901 0.367055 -1.637319 0.174700 0.526314 -0.014493 -1.000000 
0.130271 -0.185063 0.608706 0.334053 -1.635992 0.156979 0.526199 -0.014370 -1.000000 
0.128758 -0.193193 0.611246 0.301016 -1.634808 0.138987 0.526084 -0.014269 -1.000000 
0.127180 -0.201214 0.613522 0.267946 -1.633769 0.120755 0.525970 -0.014189 -1.000000 
0.125539 -0.209128 0.615533 0.234846 -1.632876 0.102315 0.525857 -0.014129 -1.000000 
0.123834 -0.216933 0.617279 0.201716 -1.632132 0.083699 0.525744 -0.014089 -1.000000 
0.122068 -0.224630 0.618760 0.168558 -1.631538 0.064939 0.525632 -0.014069 -1.000000 
0.120240 -0.232220 0.619976 0.135375 -1.631093 0.046068 0.525519 -0.014068 -1.000000 
0.118353 -0.239702 0.620926 0.102165 -1.630801 0.027118 0.525406 -0.014087 -1.000000 
0.116406 -0.247076 0.621611 0.068932 -1.630660 0.008121 0.525294 -0.014125 -1.000000 
0.114400 -0.254343 0.622029 0.035674 -1.630671 -0.010890 0.525180 -0.014183 -1.000000 
0.112336 -0.261502 0.622181 0.002393 -1.630834 -0.029882 0.525067 -0.014261 -1.000000 
0.110216 -0.268552 0.622067 -0.030910 -1.631149 -0.048823 0.524952 -0.014359 -1.000000 
0.108040 -0.275494 0.621687 -0.064235 -1.631615 -0.067680 0.524837 -0.014478 -1.000000 
0.105808 -0.282328 0.621039 -0.097581 -1.632231 -0.086421 0.524721 -0.014618 -1.000000 
0.103523 -0.289051 0.620125 -0.130946 -1.632997 -0.105014 0.524603 -0.014780 -1.000000 
0.101184 -0.295665 0.618944 -0.164330 -1.633911 -0.123427 0.524484 -0.014965 -1.000000 
0.098792 -0.302167 0.617496 -0.197731 -1.634971 -0.141627 0.524363 -0.015173 -1.000000 
0.096350 -0.308557 0.615781 -0.231146 -1.636176 -0.159584 0.524241 -0.015406 -1.000000 
0.093856 -0.314834 0.613798 -0.264574 -1.637524 -0.177265 0.524117 -0.015665 -1.000000 
0.091312 -0.320996 0.611547 -0.298011 -1.639012 -0.194640 0.523990 -0.015951 -1.000000 
0.088720 -0.327042 0.609029 -0.331455 -1.640637 -0.211679 0.523862 -0.016265 -1.000000 
0.086080 -0.332970 0.606244 -0.364900 -1.642398 -0.228350 0.523730 -0.016611 -1.000000 
0.083393 -0.338779 0.603191 -0.398343 -1.644290 -0.244625 0.523596 -0.016988 -1.000000 
0.080660 -0.344465 0.599871 -0.431779 -1.646311 -0.260473 0.523458 -0.017400 -1.000000 
0.077882 -0.350027 0.596283 -0.465201 -1.648456 -0.275867 0.523317 -0.017849 -1.000000 
0.075060 -0.355463 0.592427 -0.498603 -1.650723 -0.290778 0.523172 -0.018337 -1.000000 
0.072195 -0.360769 0.588305 -0.531977 -1.653107 -0.305178 0.523024 -0.018868 -1.000000 
0.069288 -0.365943 0.583916 -0.565316 -1.655605 -0.319040 0.522870 -0.019446 -1.000000 
0.066340 -0.370983 0.579260 -0.598610 -1.658211 -0.332340 0.522712 -0.020072 -1.000000 
0.063353 -0.375884 0.574338 -0.631849 -1.660921 -0.345050 0.522549 -0.020753 -1.000000 
0.060326 -0.380643 0.569151 -0.665022 -1.663730 -0.357147 0.522380 -0.021493 -1.000000 
0.057263 -0.385258 0.563698 -0.698118 -1.666633 -0.368606 0.522205 -0.022297 -1.000000 
0.054163 -0.389724 0.557981 -0.731124 -1.669626 -0.379406 0.522023 -0.023170 -1.000000 
0.051027 -0.394037 0.552000 -0.764027 -1.672702 -0.389524 0.521834 -0.024120 -1.000000 
0.047858 -0.398193 0.545757 -0.796811 -1.675856 -0.398939 0.521637 -0.025155 -1.000000 
0.044657 -0.402189 0.539252 -0.829462 -1.679083 -0.407633 0.521431 -0.026283 -1.000000 
0.041424 -0.406020 0.532486 -0.861963 -1.682376 -0.415585 0.521216 -0.027512 -1.000000 
0.038161 -0.409682 0.525461 -0.894297 -1.685730 -0.422780 0.520991 -0.028856 -1.000000 
0.034869 -0.413170 0.518178 -0.926445 -1.689139 -0.429200 0.520754 -0.030325 -1.000000 
0.031551 -0.416479 0.510638 -0.958388 -1.692595 -0.434832 0.520505 -0.031935 -1.000000 
0.028206 -0.419606 0.502844 -0.990107 -1.696094 -0.439660 0.520243 -0.033702 -1.000000 
0.024838 -0.422546 0.494797 -1.021580 -1.699628 -0.443674 0.519966 -0.035643 -1.000000 
0.021446 -0.425294 0.486500 -1.052785 -1.703190 -0.446863 0.519672 -0.037782 -1.000000 
0.018033 -0.427844 0.477953 -1.083700 -1.706775 -0.449217 0.519361 -0.040142 -1.000000 
0.014601 -0.430194 0.469161 -1.114302 -1.710376 -0.450729 0.519029 -0.042752 -1.000000 
0.011151 -0.432337 0.460125 -1.144566 -1.713985 -0.451393 0.518676 -0.045646 -1.000000 
0.007684 -0.434270 0.450849 -1.174467 -1.717596 -0.451204 0.518298 -0.048862 -1.000000 
0.004203 -0.435987 0.441335 -1.203981 -1.721202 -0.450160 0.517893 -0.052446 -1.000000 
0.000709 -0.437484 0.431586 -1.233081 -1.724796 -0.448259 0.517458 -0.056451 -1.000000 
-0.002796 -0.438758 0.421607 -1.261741 -1.728372 -0.445503 0.516989 -0.060939 -1.000000 
-0.006310 -0.439802 0.411400 -1.289934 -1.731922 -0.441893 0.516481 -0.065986 -1.000000 
-0.009832 -0.440615 0.400969 -1.317633 -1.735440 -0.437433 0.515931 -0.071679 -1.000000 
-0.013360 -0.441190 0.390319 -1.344810 -1.738918 -0.432131 0.515332 -0.078124 -1.000000 
-0.016891 -0.441526 0.379454 -1.371438 -1.742351 -0.425994 0.514679 -0.085448 -1.000000 
-0.020423 -0.441617 0.368378 -1.397488 -1.745732 -0.419031 0.513962 -0.093804 -1.000000 
-0.023956 -0.441461 0.357096 -1.422933 -1.749054 -0.411255 0.513175 -0.103376 -1.000000 
-0.027486 -0.441055 0.345612 -1.447745 -1.752310 -0.402679 0.512305 -0.114391 -1.000000 
-0.031012 -0.440396 0.333933 -1.471896 -1.755495 -0.393319 0.511340 -0.127126 -1.000000 
-0.034532 -0.439480 0.322064 -1.495358 -1.758601 -0.383192 0.510265 -0.141921 -1.000000 
-0.038043 -0.438307 0.310010 -1.518105 -1.761624 -0.372318 0.509062 -0.159201 -1.000000 
-0.041544 -0.436874 0.297776 -1.540110 -1.764556 -0.360719 0.507710 -0.179494 -1.000000 
-0.045032 -0.435179 0.285370 -1.561346 -1.767393 -0.348418 0.506181 -0.203463 -1.000000 
-0.048506 -0.433221 0.272797 -1.581789 -1.770129 -0.335440 0.504442 -0.231948 -1.000000 
-0.051963 -0.430999 0.260063 -1.601412 -1.772759 -0.321814 0.502455 -0.266013 -1.000000 
-0.055401 -0.428513 0.247176 -1.620193 -1.775277 -0.307568 0.500168 -0.307022 -1.000000 
-0.058819 -0.425763 0.234143 -1.638108 -1.777678 -0.292736 0.497519 -0.356725 -1.000000 
-0.062213 -0.422749 0.220969 -1.655135 -1.779959 -0.277351 0.494431 -0.417380 -1.000000 
-0.065582 -0.419472 0.207663 -1.671255 -1.782114 -0.261451 0.490804 -0.491908 -1.000000 
-0.068924 -0.415933 0.194232 -1.686447 -1.784141 -0.245073 0.486513 -0.584087 -1.000000 
-0.072236 -0.412134 0.180682 -1.700694 -1.786034 -0.228259 0.481399 -0.698781 -1.000000 
-0.075517 -0.408078 0.167023 -1.713980 -1.787792 -0.211054 0.475257 -0.842197 -1.000000 
-0.078765 -0.403766 0.153261 -1.726291 -1.789410 -0.193506 0.467827 -1.022086 -1.000000 
-0.081977 -0.399203 0.139405 -1.737615 -1.790887 -0.175665 0.458781 -1.247776 -1.000000 
-0.085151 -0.394393 0.125462 -1.747943 -1.792220 -0.157586 0.447712 -1.529720 -1.000000 
-0.088287 -0.389341 0.111441 -1.757268 -1.793408 -0.139328 0.434128 -1.878044 -1.000000 
-0.091380 -0.384053 0.097348 -1.765585 -1.794449 -0.120953 0.417468 -2.299290 -1.000000 
-0.094431 -0.378536 0.083194 -1.772894 -1.795343 -0.102531 0.397151 -2.790497 -1.000000 
-0.097436 -0.372800 0.068985 -1.779198 -1.796090 -0.084139 0.372687 -3.330653 -1.000000 
-0.100395 -0.366856 0.054729 -1.784504 -1.796690 -0.065859 0.343854 -3.872328 -1.000000 
-0.103305 -0.360718 0.040435 -1.788823 -1.797144 -0.047781 0.310924 -4.340769 -1.000000 
-0.106166 -0.354403 0.026111 -1.792174 -1.797455 -0.029993 0.274830 -4.649411 -1.000000 
-0.108975 -0.347926 0.011763 -1.794579 -1.797625 -0.012577 0.237141 -4.731981 -1.000000 
-0.111732 -0.341306 -0.002600 -1.796065 -1.797657 0.004413 0.199766 -4.573653 -1.000000 
-0.114436 -0.334555 -0.016972 -1.796663 -1.797556 0.020951 0.164494 -4.217342 -1.000000 
-0.117085 -0.327683 -0.031344 -1.796401 -1.797323 0.037041 0.132610 -3.740570 -1.000000 
-0.119679 -0.320698 -0.045712 -1.795308 -1.796964 0.052708 0.104753 -3.222448 -1.000000 
-0.122216 -0.313604 -0.060067 -1.793407 -1.796481 0.067986 0.081002 -2.721841 -1.000000 
-0.124696 -0.306403 -0.074404 -1.790719 -1.795877 0.082907 0.061066 -2.272111 -1.000000 
-0.127118 -0.299100 -0.088717 -1.787261 -1.795155 0.097500 0.044477 -1.886133 -1.000000 
-0.129481 -0.291696 -0.102998 -1.783048 -1.794318 0.111785 0.030717 -1.564026 -1.000000 
-0.131785 -0.284194 -0.117243 -1.778091 -1.793368 0.125773 0.019299 -1.299543 -1.000000 
-0.134028 -0.276597 -0.131446 -1.772404 -1.792307 0.139473 0.009793 -1.084167 -1.000000 
-0.136210 -0.268909 -0.145600 -1.765996 -1.791137 0.152884 0.001844 -0.909305 -1.000000 
-0.138324 -0.260585 -0.159686 -1.756009 -1.789729 0.187984 0.004954 0.761979 1.000000 
-0.140383 -0.254222 -0.173697 -1.746798 -1.788174 0.200891 0.010551 0.641705 1.000000 
-0.142391 -0.247769 -0.187633 -1.736886 -1.786516 0.213540 0.015282 0.544390 1.000000 
-0.144347 -0.241230 -0.201486 -1.726280 -1.784758 0.225907 0.019310 0.465128 1.000000 
-0.146251 -0.234609 -0.215251 -1.714989 -1.782902 0.237970 0.022762 0.400129 1.000000 
-0.148101 -0.227910 -0.228924 -1.703022 -1.780951 0.249708 0.025742 0.346460 1.000000 
-0.149897 -0.221137 -0.242498 -1.690389 -1.778908 0.261101 0.028330 0.301847 1.000000 
-0.151639 -0.214294 -0.255968 -1.677099 -1.776774 0.272129 0.030591 0.264520 1.000000 
-0.153325 -0.207386 -0.269330 -1.663163 -1.774555 0.282776 0.032578 0.233091 1.000000 
-0.154957 -0.200416 -0.282577 -1.648593 -1.772251 0.293023 0.034333 0.206469 1.000000 
-0.156532 -0.193388 -0.295706 -1.633401 -1.769867 0.302855 0.035892 0.183788 1.000000 
-0.158051 -0.186307 -0.308710 -1.617598 -1.767407 0.312256 0.037282 0.164360 1.000000 
-0.159513 -0.179177 -0.321586 -1.601198 -1.764872 0.321212 0.038529 0.147631 1.000000 
-0.160917 -0.172003 -0.334328 -1.584214 -1.762268 0.329711 0.039650 0.133156 1.000000 
-0.162265 -0.164787 -0.346931 -1.566658 -1.759598 0.337739 0.040664 0.120572 1.000000 
-0.163554 -0.157535 -0.359393 -1.548545 -1.756866 0.345285 0.041584 0.109583 1.000000 
-0.164785 -0.150250 -0.371707 -1.529887 -1.754075 0.352339 0.042421 0.099948 1.000000 
-0.165958 -0.142937 -0.383869 -1.510701 -1.751230 0.358890 0.043186 0.091466 1.000000 
-0.167072 -0.135600 -0.395877 -1.490999 -1.748334 0.364929 0.043887 0.083972 1.000000 
-0.168127 -0.128242 -0.407724 -1.470796 -1.745392 0.370449 0.044532 0.077325 1.000000 
-0.169124 -0.120867 -0.419408 -1.450106 -1.742408 0.375443 0.045126 0.071411 1.000000 
-0.170061 -0.113479 -0.430925 -1.428945 -1.739387 0.379903 0.045676 0.066133 1.000000 
-0.170940 -0.106083 -0.442270 -1.407326 -1.736331 0.383825 0.046186 0.061406 1.000000 
-0.171759 -0.098680 -0.453441 -1.385266 -1.733247 0.387204 0.046660 0.057162 1.000000 
-0.172518 -0.091276 -0.464433 -1.362777 -1.730138 0.390036 0.047102 0.053341 1.000000 
-0.173219 -0.083874 -0.475244 -1.339875 -1.727008 0.392319 0.047514 0.049891 1.000000 
-0.173860 -0.076476 -0.485870 -1.316575 -1.723862 0.394049 0.047901 0.046770 1.000000 
-0.174443 -0.069086 -0.496308 -1.292890 -1.720704 0.395227 0.048263 0.043938 1.000000 
-0.174966 -0.061708 -0.506555 -1.268836 -1.717540 0.395852 0.048605 0.041364 1.000000 
-0.175430 -0.054345 -0.516608 -1.244427 -1.714372 0.395923 0.048926 0.039018 1.000000 
-0.175835 -0.046999 -0.526465 -1.219676 -1.711207 0.395443 0.049229 0.036878 1.000000 
-0.176182 -0.039674 -0.536122 -1.194597 -1.708047 0.394413 0.049516 0.034920 1.000000 
-0.176470 -0.032372 -0.545578 -1.169205 -1.704897 0.392835 0.049789 0.033126 1.000000 
-0.176700 -0.025096 -0.554829 -1.143512 -1.701763 0.390715 0.050047 0.031479 1.000000 
-0.176872 -0.017849 -0.563873 -1.117532 -1.698647 0.388055 0.050293 0.029966 1.000000 
-0.176986 -0.010632 -0.572709 -1.091277 -1.695555 0.384861 0.050527 0.028572 1.000000 
-0.177042 -0.003450 -0.581333 -1.064761 -1.692491 0.381138 0.050750 0.027287 1.000000 
-0.177041 0.003697 -0.589744 -1.037996 -1.689459 0.376893 0.050963 0.026101 1.000000 
-0.176983 0.010806 -0.597940 -1.010993 -1.686462 0.372133 0.051168 0.025005 1.000000 
-0.176868 0.017875 -0.605919 -0.983765 -1.683506 0.366866 0.051364 0.023991 1.000000 
-0.176697 0.024902 -0.613680 -0.956323 -1.680594 0.361100 0.051552 0.023051 1.000000 
-0.176470 0.031885 -0.621220 -0.928678 -1.677729 0.354844 0.051733 0.022179 1.000000 
-0.176187 0.038823 -0.628538 -0.900840 -1.674917 0.348108 0.051907 0.021370 1.000000 
-0.175849 0.045713 -0.635633 -0.872821 -1.672161 0.340902 0.052075 0.020619 1.000000 
-0.175456 0.052554 -0.642503 -0.844629 -1.669464 0.333237 0.052237 0.019921 1.000000 
-0.175008 0.059345 -0.649147 -0.816276 -1.666830 0.325124 0.052394 0.019271 1.000000 
-0.174506 0.066084 -0.655563 -0.787769 -1.664263 0.316575 0.052545 0.018666 1.000000 
-0.173951 0.072770 -0.661751 -0.759119 -1.661766 0.307603 0.052692 0.018104 1.000000 
-0.173342 0.079401 -0.667708 -0.730333 -1.659343 0.298220 0.052835 0.017579 1.000000 
-0.172681 0.085977 -0.673436 -0.701420 -1.656996 0.288440 0.052974 0.017091 1.000000 
-0.171967 0.092496 -0.678931 -0.672388 -1.654729 0.278277 0.053109 0.016637 1.000000 
-0.171201 0.098957 -0.684193 -0.643244 -1.652544 0.267744 0.053240 0.016213 1.000000 
-0.170384 0.105360 -0.689223 -0.613996 -1.650446 0.256857 0.053368 0.015819 1.000000 
-0.169515 0.111703 -0.694017 -0.584650 -1.648436 0.245630 0.053493 0.015452 1.000000 
-0.168597 0.117986 -0.698577 -0.555213 -1.646517 0.234080 0.053616 0.015111 1.000000 
-0.167628 0.124208 -0.702900 -0.525692 -1.644691 0.222221 0.053735 0.014793 1.000000 
-0.166609 0.130367 -0.706988 -0.496091 -1.642962 0.210070 0.053852 0.014499 1.000000 
-0.165542 0.136465 -0.710838 -0.466418 -1.641331 0.197642 0.053967 0.014226 1.000000 
-0.164426 0.142499 -0.714450 -0.436676 -1.639800 0.184956 0.054080 0.013973 1.000000 
-0.163262 0.148469 -0.717824 -0.406872 -1.638372 0.172028 0.054191 0.013740 1.000000 
-0.162051 0.154375 -0.720960 -0.377010 -1.637048 0.158875 0.054300 0.013524 1.000000 
-0.160792 0.160216 -0.723856 -0.347095 -1.635831 0.145514 0.054407 0.013327 1.000000 
-0.159488 0.165991 -0.726513 -0.317132 -1.634721 0.131963 0.054513 0.013146 1.000000 
-0.158137 0.171701 -0.728930 -0.287123 -1.633720 0.118241 0.054618 0.012981 1.000000 
-0.156740 0.177344 -0.731107 -0.257074 -1.632829 0.104364 0.054721 0.012831 1.000000 
-0.155299 0.182920 -0.733043 -0.226988 -1.632050 0.090351 0.054823 0.012697 1.000000 
-0.153814 0.188429 -0.734739 -0.196869 -1.631384 0.076221 0.054924 0.012576 1.000000 
-0.152285 0.193870 -0.736193 -0.166721 -1.630831 0.061992 0.055024 0.012470 1.000000 
-0.150712 0.199243 -0.737406 -0.136547 -1.630392 0.047683 0.055124 0.012377 1.000000 
-0.149097 0.204547 -0.738378 -0.106350 -1.630068 0.033311 0.055222 0.012298 1.000000 
-0.147440 0.209781 -0.739108 -0.076133 -1.629859 0.018896 0.055320 0.012231 1.000000 
-0.145741 0.214946 -0.739596 -0.045901 -1.629766 0.004457 0.055418 0.012177 1.000000 
-0.144001 0.220041 -0.739842 -0.015656 -1.629788 -0.009988 0.055515 0.012136 1.000000 
-0.142220 0.225064 -0.739846 0.014599 -1.629926 -0.024420 0.055612 0.012108 1.000000 
-0.140400 0.230016 -0.739609 0.044861 -1.630179 -0.038820 0.055709 0.012091 1.000000 
-0.138540 0.234896 -0.739129 0.075126 -1.630547 -0.053170 0.055806 0.012087 1.000000 
-0.136642 0.239704 -0.738407 0.105390 -1.631029 -0.067451 0.055902 0.012096 1.000000 
-0.134705 0.244438 -0.737442 0.135652 -1.631626 -0.081644 0.055999 0.012117 1.000000 
-0.132731 0.249097 -0.736236 0.165906 -1.632335 -0.095731 0.056096 0.012151 1.000000 
-0.130720 0.253682 -0.734788 0.196150 -1.633157 -0.109693 0.056194 0.012197 1.000000 
-0.128672 0.258192 -0.733098 0.226380 -1.634090 -0.123512 0.056292 0.012256 1.000000 
-0.126589 0.262625 -0.731166 0.256592 -1.635133 -0.137170 0.056390 0.012329 1.000000 
-0.124470 0.266980 -0.728992 0.286782 -1.636284 -0.150649 0.056489 0.012415 1.000000 
-0.122317 0.271257 -0.726577 0.316945 -1.637543 -0.163931 0.056589 0.012515 1.000000 
-0.120130 0.275455 -0.723921 0.347078 -1.638907 -0.176998 0.056689 0.012630 1.000000 
-0.117910 0.279573 -0.721024 0.377176 -1.640374 -0.189833 0.056791 0.012759 1.000000 
-0.115658 0.283609 -0.717887 0.407233 -1.641943 -0.202419 0.056893 0.012904 1.000000 
-0.113373 0.287563 -0.714509 0.437245 -1.643612 -0.214739 0.056997 0.013065 1.000000 
-0.111057 0.291433 -0.710891 0.467207 -1.645378 -0.226776 0.057102 0.013243 1.000000 
-0.108710 0.295218 -0.707034 0.497112 -1.647240 -0.238513 0.057209 0.013438 1.000000 
-0.106333 0.298917 -0.702937 0.526955 -1.649194 -0.249935 0.057317 0.013653 1.000000 
-0.103928 0.302528 -0.698602 0.556729 -1.651238 -0.261027 0.057428 0.013886 1.000000 
-0.101493 0.306050 -0.694030 0.586428 -1.653369 -0.271771 0.057540 0.014141 1.000000 
-0.099031 0.309481 -0.689220 0.616044 -1.655585 -0.282155 0.057654 0.014417 1.000000 
-0.096542 0.312821 -0.684173 0.645571 -1.657883 -0.292162 0.057770 0.014717 1.000000 
-0.094026 0.316067 -0.678891 0.675001 -1.660259 -0.301779 0.057889 0.015042 1.000000 
-0.091485 0.319218 -0.673374 0.704326 -1.662710 -0.310992 0.058011 0.015393 1.000000 
-0.088919 0.322272 -0.667622 0.733537 -1.665233 -0.319787 0.058136 0.015773 1.000000 
-0.086329 0.325227 -0.661637 0.762627 -1.667825 -0.328153 0.058264 0.016184 1.000000 
-0.083716 0.328083 -0.655420 0.791584 -1.670483 -0.336075 0.058395 0.016627 1.000000 
-0.081080 0.330836 -0.648972 0.820401 -1.673201 -0.343544 0.058530 0.017106 1.000000 
-0.078422 0.333486 -0.642294 0.849068 -1.675978 -0.350546 0.058669 0.017624 1.000000 
-0.075744 0.336030 -0.635388 0.877574 -1.678809 -0.357072 0.058812 0.018183 1.000000 
-0.073046 0.338466 -0.628254 0.905908 -1.681690 -0.363112 0.058960 0.018788 1.000000 
-0.070329 0.340793 -0.620894 0.934060 -1.684617 -0.368654 0.059113 0.019442 1.000000 
-0.067594 0.343009 -0.613309 0.962018 -1.687587 -0.373692 0.059271 0.020149 1.000000 
-0.064841 0.345112 -0.605502 0.989771 -1.690595 -0.378216 0.059435 0.020916 1.000000 
-0.062072 0.347099 -0.597473 1.017307 -1.693637 -0.382218 0.059606 0.021748 1.000000 
-0.059288 0.348970 -0.589226 1.044613 -1.696709 -0.385692 0.059783 0.022650 1.000000 
-0.056489 0.350721 -0.580760 1.071677 -1.699807 -0.388631 0.059968 0.023631 1.000000 
-0.053677 0.352352 -0.572079 1.098485 -1.702926 -0.391030 0.060162 0.024699 1.000000 
-0.050852 0.353859 -0.563185 1.125025 -1.706062 -0.392883 0.060364 0.025862 1.000000 
-0.048015 0.355242 -0.554080 1.151282 -1.709211 -0.394186 0.060576 0.027132 1.000000 
-0.045168 0.356498 -0.544765 1.177244 -1.712367 -0.394936 0.060798 0.028521 1.000000 
-0.042312 0.357625 -0.535245 1.202895 -1.715528 -0.395130 0.061032 0.030041 1.000000 
-0.039447 0.358622 -0.525520 1.228222 -1.718688 -0.394766 0.061279 0.031710 1.000000 
-0.036574 0.359487 -0.515594 1.253209 -1.721843 -0.393842 0.061540 0.033546 1.000000 
-0.033695 0.360217 -0.505470 1.277843 -1.724988 -0.392359 0.061817 0.035569 1.000000 
-0.030811 0.360812 -0.495150 1.302107 -1.728119 -0.390316 0.062110 0.037805 1.000000 
-0.027923 0.361269 -0.484637 1.325988 -1.731232 -0.387715 0.062422 0.040280 1.000000 
-0.025031 0.361587 -0.473935 1.349470 -1.734321 -0.384558 0.062755 0.043030 1.000000 
-0.022138 0.361764 -0.463047 1.372536 -1.737383 -0.380847 0.063111 0.046092 1.000000 
-0.019243 0.361799 -0.451975 1.395173 -1.740413 -0.376586 0.063493 0.049512 1.000000 
-0.016349 0.361691 -0.440725 1.417365 -1.743407 -0.371779 0.063905 0.053345 1.000000 
-0.013457 0.361437 -0.429299 1.439096 -1.746360 -0.366432 0.064348 0.057655 1.000000 
-0.010567 0.361037 -0.417701 1.460350 -1.749268 -0.360550 0.064829 0.062519 1.000000 
-0.007680 0.360490 -0.405934 1.481112 -1.752127 -0.354140 0.065350 0.068028 1.000000 
-0.004799 0.359793 -0.394004 1.501367 -1.754933 -0.347210 0.065919 0.074296 1.000000 
-0.001924 0.358947 -0.381914 1.521100 -1.757681 -0.339768 0.066541 0.081455 1.000000 
0.000944 0.357951 -0.369668 1.540295 -1.760368 -0.331822 0.067225 0.089673 1.000000 
0.003803 0.356803 -0.357271 1.558937 -1.762989 -0.323384 0.067980 0.099152 1.000000 
0.006652 0.355503 -0.344727 1.577012 -1.765541 -0.314462 0.068816 0.110144 1.000000 
0.009490 0.354050 -0.332040 1.594504 -1.768019 -0.305069 0.069747 0.122963 1.000000 
0.012316 0.352444 -0.319216 1.611400 -1.770421 -0.295216 0.070789 0.138004 1.000000 
0.015129 0.350684 -0.306259 1.627685 -1.772742 -0.284915 0.071962 0.155768 1.000000 
0.017927 0.348769 -0.293175 1.643345 -1.774978 -0.274179 0.073290 0.176896 1.000000 
0.020709 0.346701 -0.279968 1.658366 -1.777127 -0.263021 0.074804 0.202216 1.000000 
0.023474 0.344478 -0.266643 1.672736 -1.779186 -0.251456 0.076540 0.232808 1.000000 
0.026220 0.342101 -0.253206 1.686442 -1.781150 -0.239496 0.078546 0.270096 1.000000 
0.028947 0.339569 -0.239661 1.699470 -1.783016 -0.227156 0.080884 0.315978 1.000000 
0.031653 0.336882 -0.226016 1.711808 -1.784783 -0.214450 0.083632 0.373017 1.000000 
0.034337 0.334041 -0.212274 1.723445 -1.786447 -0.201391 0.086891 0.444709 1.000000 
0.036997 0.331046 -0.198443 1.734369 -1.788005 -0.187991 0.090799 0.535891 1.000000 
0.039633 0.327896 -0.184526 1.744569 -1.789454 -0.174262 0.095535 0.653330 1.000000 
0.042243 0.324591 -0.170531 1.754032 -1.790792 -0.160212 0.101347 0.806606 1.000000 
0.044826 0.321130 -0.156464 1.762749 -1.792016 -0.145848 0.108573 1.009414 1.000000 
0.047381 0.317513 -0.142330 1.770707 -1.793125 -0.131171 0.117682 1.281440 1.000000 
0.049906 0.313738 -0.128135 1.777896 -1.794114 -0.116172 0.129335 1.650930 1.000000 
0.052400 0.309801 -0.113885 1.784302 -1.794982 -0.100833 0.144461 2.157741 1.000000 
0.054862 0.305698 -0.099588 1.789910 -1.795726 -0.085115 0.164367 2.855524 1.000000 
0.057291 0.301420 -0.085249 1.794704 -1.796343 -0.068952 0.190831 3.808428 1.000000 
0.059684 0.296958 -0.070875 1.798660 -1.796828 -0.052233 0.226131 5.070341 1.000000 
0.062041 0.292293 -0.056473 1.801745 -1.797177 -0.034788 0.272751 6.624075 1.000000 
0.064360 0.287405 -0.042049 1.803910 -1.797382 -0.016388 0.332378 8.265722 1.000000 
0.066639 0.282269 -0.027613 1.805083 -1.797436 0.003215 0.403959 9.510651 1.000000 
0.068876 0.276873 -0.013171 1.805170 -1.797327 0.024170 0.481868 9.764437 1.000000 
0.071069 0.271220 0.001267 1.804063 -1.797046 0.046399 0.556957 8.830936 1.000000 
0.073215 0.265334 0.015691 1.801671 -1.796582 0.069607 0.621161 7.153500 1.000000 
0.075313 0.259242 0.030090 1.797926 -1.795930 0.093437 0.671189 5.381036 1.000000 
0.077362 0.252962 0.044454 1.792790 -1.795086 0.117600 0.708065 3.900757 1.000000 
0.079360 0.246505 0.058771 1.786240 -1.794048 0.141886 0.734626 2.800130 1.000000 
0.081306 0.239876 0.073030 1.778268 -1.792816 0.166130 0.753732 2.022945 1.000000 
0.083198 0.233082 0.087219 1.768872 -1.791391 0.190197 0.767624 1.482927 1.000000 
0.085035 0.226128 0.101328 1.758059 -1.789774 0.213966 0.777893 1.106732 1.000000 
0.086816 0.219021 0.115344 1.745843 -1.787968 0.237330 0.785626 0.841539 1.000000 
0.088539 0.211769 0.129258 1.732242 -1.785978 0.260191 0.791558 0.651589 1.000000 
0.090203 0.204382 0.143057 1.717282 -1.783807 0.282463 0.796188 0.513153 1.000000 
0.091809 0.196868 0.156731 1.700988 -1.781460 0.304064 0.799863 0.410497 1.000000 
0.093353 0.189238 0.170269 1.683394 -1.778944 0.324922 0.802823 0.333099 1.000000 
0.094836 0.181502 0.183662 1.664533 -1.776264 0.344968 0.805241 0.273828 1.000000 
0.096257 0.173670 0.196898 1.644443 -1.773427 0.364142 0.807240 0.227779 1.000000 
0.097615 0.165754 0.209970 1.623164 -1.770440 0.382385 0.808911 0.191521 1.000000 
0.098909 0.157763 0.222866 1.600737 -1.767311 0.399646 0.810323 0.162622 1.000000 
0.100139 0.149710 0.235578 1.577207 -1.764048 0.415878 0.811528 0.139327 1.000000 
0.101304 0.141604 0.248098 1.552619 -1.760660 0.431037 0.812564 0.120356 1.000000 
0.102404 0.133456 0.260418 1.527019 -1.757155 0.445083 0.813463 0.104758 1.000000 
0.103439 0.125277 0.272528 1.500456 -1.753542 0.457983 0.814247 0.091821 1.000000 
0.104409 0.117077 0.284422 1.472976 -1.749830 0.469706 0.814937 0.081004 1.000000 
0.105312 0.108865 0.296093 1.444630 -1.746030 0.480225 0.815548 0.071892 1.000000 
0.106150 0.100652 0.307534 1.415465 -1.742150 0.489518 0.816091 0.064165 1.000000 
0.106923 0.092447 0.318739 1.385533 -1.738201 0.497565 0.816578 0.057568 1.000000 
0.107630 0.084258 0.329701 1.354880 -1.734192 0.504353 0.817015 0.051904 1.000000 
0.108271 0.076095 0.340415 1.323556 -1.730134 0.509870 0.817410 0.047014 1.000000 
0.108847 0.067966 0.350876 1.291609 -1.726038 0.514108 0.817769 0.042771 1.000000 
0.109359 0.059878 0.361079 1.259085 -1.721912 0.517064 0.818096 0.039071 1.000000 
0.109805 0.051839 0.371020 1.226032 -1.717768 0.518738 0.818395 0.035831 1.000000 
0.110188 0.043855 0.380695 1.192493 -1.713616 0.519133 0.818670 0.032981 1.000000 
0.110507 0.035934 0.390099 1.158512 -1.709465 0.518256 0.818924 0.030465 1.000000 
0.110763 0.028081 0.399230 1.124131 -1.705327 0.516117 0.819159 0.028236 1.000000 
0.110957 0.020302 0.408084 1.089392 -1.701211 0.512727 0.819376 0.026255 1.000000 
0.111088 0.012602 0.416659 1.054332 -1.697127 0.508104 0.819579 0.024488 1.000000 
0.111159 0.004985 0.424953 1.018989 -1.693084 0.502266 0.819769 0.022908 1.000000 
0.111168 -0.002544 0.432962 0.983398 -1.689094 0.495235 0.819946 0.021490 1.000000 
0.111118 -0.009982 0.440686 0.947592 -1.685164 0.487034 0.820113 0.020217 1.000000 
0.111009 -0.017325 0.448123 0.911602 -1.681304 0.477690 0.820270 0.019069 1.000000 
0.110841 -0.024570 0.455272 0.875457 -1.677524 0.467232 0.820418 0.018033 1.000000 
0.110616 -0.031716 0.462130 0.839184 -1.673831 0.455690 0.820559 0.017095 1.000000 
0.110334 -0.038760 0.468698 0.802808 -1.670235 0.443099 0.820692 0.016246 1.000000 
0.109996 -0.045701 0.474975 0.766350 -1.666744 0.429493 0.820819 0.015475 1.000000 
0.109603 -0.052536 0.480960 0.729833 -1.663366 0.414908 0.820940 0.014775 1.000000 
0.109156 -0.059267 0.486652 0.693272 -1.660108 0.399384 0.821055 0.014138 1.000000 
0.108655 -0.065891 0.492052 0.656686 -1.656978 0.382960 0.821166 0.013557 1.000000 
0.108102 -0.072408 0.497159 0.620088 -1.653983 0.365679 0.821272 0.013029 1.000000 
0.107497 -0.078819 0.501973 0.583489 -1.651130 0.347582 0.821375 0.012547 1.000000 
0.106841 -0.085124 0.506495 0.546901 -1.648424 0.328715 0.821473 0.012108 1.000000 
0.106135 -0.091324 0.510724 0.510330 -1.645872 0.309122 0.821569 0.011708 1.000000 
0.105380 -0.097418 0.514660 0.473785 -1.643480 0.288849 0.821661 0.011344 1.000000 
0.104577 -0.103408 0.518304 0.437268 -1.641252 0.267944 0.821750 0.011013 1.000000 
0.103726 -0.109296 0.521657 0.400784 -1.639194 0.246455 0.821837 0.010711 1.000000 
0.102828 -0.115081 0.524717 0.364333 -1.637310 0.224431 0.821922 0.010438 1.000000 
0.101885 -0.120766 0.527486 0.327917 -1.635605 0.201920 0.822004 0.010191 1.000000 
0.100896 -0.126352 0.529964 0.291532 -1.634081 0.178974 0.822085 0.009968 1.000000 
0.099863 -0.131840 0.532151 0.255178 -1.632742 0.155642 0.822164 0.009768 1.000000 
0.098787 -0.137232 0.534047 0.218851 -1.631592 0.131976 0.822241 0.009590 1.000000 
0.097668 -0.142528 0.535652 0.182546 -1.630631 0.108027 0.822317 0.009432 1.000000 
0.096507 -0.147731 0.536968 0.146258 -1.629864 0.083847 0.822392 0.009293 1.000000 
0.095305 -0.152842 0.537992 0.109981 -1.629290 0.059488 0.822466 0.009172 1.000000 
0.094062 -0.157862 0.538727 0.073709 -1.628912 0.035001 0.822539 0.009069 1.000000 
0.092779 -0.162792 0.539172 0.037435 -1.628730 0.010440 0.822611 0.008984 1.000000 
0.091457 -0.167633 0.539326 0.001152 -1.628745 -0.014143 0.822683 0.008914 1.000000 
0.090097 -0.172387 0.539190 -0.035146 -1.628957 -0.038696 0.822754 0.008861 1.000000 
0.088699 -0.177053 0.538764 -0.071467 -1.629364 -0.063167 0.822824 0.008824 1.000000 
0.087264 -0.181633 0.538047 -0.107818 -1.629967 -0.087503 0.822895 0.008803 1.000000 
0.085793 -0.186127 0.537039 -0.144205 -1.630764 -0.111651 0.822965 0.008797 1.000000 
0.084287 -0.190536 0.535739 -0.180634 -1.631753 -0.135560 0.823036 0.008807 1.000000 
0.082745 -0.194858 0.534148 -0.217111 -1.632932 -0.159178 0.823106 0.008832 1.000000 
0.081169 -0.199094 0.532265 -0.253639 -1.634299 -0.182453 0.823177 0.008874 1.000000 
0.079560 -0.203244 0.530090 -0.290222 -1.635850 -0.205335 0.823248 0.008932 1.000000 
0.077917 -0.207306 0.527622 -0.326864 -1.637583 -0.227772 0.823320 0.009007 1.000000 
0.076243 -0.211279 0.524860 -0.363565 -1.639493 -0.249715 0.823392 0.009100 1.000000 
0.074537 -0.215163 0.521804 -0.400325 -1.641577 -0.271114 0.823466 0.009210 1.000000 
0.072801 -0.218956 0.518455 -0.437143 -1.643829 -0.291919 0.823540 0.009340 1.000000 
0.071034 -0.222655 0.514810 -0.474017 -1.646246 -0.312083 0.823615 0.009490 1.000000 
0.069238 -0.226259 0.510870 -0.510942 -1.648821 -0.331559 0.823692 0.009661 1.000000 
0.067414 -0.229765 0.506635 -0.547911 -1.651549 -0.350299 0.823770 0.009854 1.000000 
0.065562 -0.233171 0.502104 -0.584917 -1.654424 -0.368259 0.823850 0.010073 1.000000 
0.063684 -0.236473 0.497276 -0.621949 -1.657439 -0.385394 0.823931 0.010317 1.000000 
0.061779 -0.239669 0.492152 -0.658996 -1.660588 -0.401661 0.824015 0.010590 1.000000 
0.059849 -0.242754 0.486732 -0.696044 -1.663863 -0.417018 0.824101 0.010894 1.000000 
0.057895 -0.245725 0.481016 -0.733076 -1.667257 -0.431425 0.824189 0.011232 1.000000 
0.055918 -0.248579 0.475003 -0.770075 -1.670763 -0.444842 0.824280 0.011607 1.000000 
0.053919 -0.251310 0.468695 -0.807020 -1.674372 -0.457234 0.824375 0.012024 1.000000 
0.051898 -0.253914 0.462091 -0.843888 -1.678076 -0.468564 0.824473 0.012486 1.000000 
0.049856 -0.256387 0.455193 -0.880654 -1.681866 -0.478799 0.824575 0.013000 1.000000 
0.047796 -0.258724 0.448001 -0.917292 -1.685734 -0.487908 0.824681 0.013570 1.000000 
0.045717 -0.260919 0.440516 -0.953772 -1.689670 -0.495861 0.824792 0.014205 1.000000 
0.043621 -0.262969 0.432741 -0.990063 -1.693664 -0.502632 0.824909 0.014911 1.000000 
0.041510 -0.264867 0.424676 -1.026130 -1.697709 -0.508197 0.825031 0.015701 1.000000 
0.039384 -0.266608 0.416324 -1.061940 -1.701792 -0.512532 0.825160 0.016584 1.000000 
0.037245 -0.268186 0.407686 -1.097453 -1.705906 -0.515620 0.825297 0.017574 1.000000 
0.035093 -0.269598 0.398765 -1.132630 -1.710039 -0.517444 0.825442 0.018688 1.000000 
0.032932 -0.270836 0.389565 -1.167431 -1.714181 -0.517990 0.825596 0.019945 1.000000 
0.030761 -0.271895 0.380087 -1.201811 -1.718323 -0.517248 0.825761 0.021369 1.000000 
0.028582 -0.272771 0.370337 -1.235727 -1.722454 -0.515210 0.825938 0.022987 1.000000 
0.026397 -0.273458 0.360317 -1.269131 -1.726563 -0.511874 0.826129 0.024835 1.000000 
0.024207 -0.273951 0.350032 -1.301978 -1.730640 -0.507237 0.826336 0.026954 1.000000 
0.022014 -0.274245 0.339487 -1.334218 -1.734675 -0.501303 0.826562 0.029398 1.000000 
0.019820 -0.274335 0.328687 -1.365802 -1.738658 -0.494078 0.826808 0.032231 1.000000 
0.017625 -0.274216 0.317636 -1.396679 -1.742577 -0.485572 0.827079 0.035536 1.000000 
0.015433 -0.273885 0.306342 -1.426799 -1.746424 -0.475798 0.827378 0.039416 1.000000 
0.013244 -0.273336 0.294810 -1.456110 -1.750187 -0.464772 0.827711 0.044004 1.000000 
0.011060 -0.272567 0.283046 -1.484562 -1.753857 -0.452516 0.828084 0.049473 1.000000 
0.008883 -0.271574 0.271059 -1.512103 -1.757424 -0.439052 0.828506 0.056049 1.000000 
0.006715 -0.270353 0.258855 -1.538681 -1.760878 -0.424409 0.828985 0.064032 1.000000 
0.004558 -0.268903 0.246443 -1.564247 -1.764211 -0.408617 0.829535 0.073824 1.000000 
0.002413 -0.267220 0.233830 -1.588750 -1.767413 -0.391710 0.830172 0.085976 1.000000 
0.000283 -0.265302 0.221026 -1.612141 -1.770476 -0.373724 0.830919 0.101254 1.000000 
-0.001831 -0.263148 0.208039 -1.634373 -1.773390 -0.354700 0.831804 0.120743 1.000000 
-0.003927 -0.260757 0.194879 -1.655398 -1.776148 -0.334680 0.832866 0.146012 1.000000 
-0.006002 -0.258127 0.181556 -1.675173 -1.778742 -0.313707 0.834161 0.179385 1.000000 
-0.008056 -0.255258 0.168080 -1.693653 -1.781165 -0.291826 0.835767 0.224398 1.000000 
-0.010086 -0.252149 0.154461 -1.710797 -1.783409 -0.269081 0.837797 0.286593 1.000000 
-0.012090 -0.248800 0.140711 -1.726565 -1.785468 -0.245516 0.840422 0.374961 1.000000 
-0.014066 -0.245208 0.126840 -1.740919 -1.787335 -0.221168 0.843906 0.504667 1.000000 
-0.016012 -0.241372 0.112860 -1.753823 -1.789005 -0.196064 0.848676 0.702462 1.000000 
-0.017927 -0.237287 0.098783 -1.765241 -1.790470 -0.170208 0.855455 1.017973 1.000000 
-0.019808 -0.232944 0.084620 -1.775138 -1.791726 -0.143565 0.865529 1.548567 1.000000 
-0.021654 -0.228325 0.070384 -1.783475 -1.792765 -0.116005 0.881325 2.496417 1.000000 
-0.023461 -0.223390 0.056089 -1.790205 -1.793579 -0.087181 0.907708 4.299024 1.000000 
-0.025227 -0.218044 0.041746 -1.795252 -1.794154 -0.056161 0.954764 7.868695 1.000000 
-0.026948 -0.212041 0.027370 -1.798430 -1.794465 -0.020262 1.041776 14.416956 1.000000 
-0.028616 -0.204732 0.012977 -1.799072 -1.794446 0.027957 1.187378 21.189187 1.000000 
-0.030217 -0.195179 -0.001403 -1.794918 -1.793954 0.099340 1.350076 17.307319 1.000000 
-0.031735 -0.184064 -0.015720 -1.782757 -1.792811 0.187545 1.450592 8.272123 1.000000 
-0.033162 -0.172798 -0.029903 -1.761698 -1.790948 0.278011 1.495050 3.539679 1.000000 
-0.034499 -0.161484 -0.043883 -1.731850 -1.788367 0.367014 1.514704 1.657114 1.000000 
-0.035745 -0.149917 -0.057590 -1.693406 -1.785083 0.453380 1.524385 0.868921 1.000000 
-0.036897 -0.138021 -0.070956 -1.646801 -1.781124 0.535692 1.529694 0.501040 1.000000 
-0.037953 -0.125820 -0.083919 -1.592693 -1.776527 0.612593 1.532865 0.311177 1.000000 
-0.038909 -0.113392 -0.096421 -1.531904 -1.771340 0.682948 1.534891 0.204762 1.000000 
-0.039766 -0.100841 -0.108414 -1.465365 -1.765619 0.745861 1.536254 0.141026 1.000000 
-0.040523 -0.088278 -0.119854 -1.394075 -1.759428 0.800657 1.537209 0.100753 1.000000 
-0.041179 -0.075819 -0.130709 -1.319069 -1.752832 0.846869 1.537902 0.074169 1.000000 
-0.041737 -0.063572 -0.140952 -1.241384 -1.745901 0.884211 1.538418 0.055976 1.000000 
-0.042197 -0.051639 -0.150567 -1.162034 -1.738708 0.912571 1.538811 0.043143 1.000000 
-0.042564 -0.040110 -0.159543 -1.081986 -1.731324 0.931985 1.539118 0.033858 1.000000 
-0.042840 -0.029060 -0.167879 -1.002141 -1.723820 0.942622 1.539360 0.026992 1.000000 
-0.043030 -0.018554 -0.175580 -0.923318 -1.716265 0.944762 1.539554 0.021819 1.000000 
-0.043139 -0.008639 -0.182657 -0.846242 -1.708725 0.938782 1.539712 0.017859 1.000000 
-0.043170 0.000650 -0.189126 -0.771539 -1.701265 0.925129 1.539842 0.014784 1.000000 
-0.043130 0.009292 -0.195009 -0.699726 -1.693942 0.904305 1.539950 0.012368 1.000000 
-0.043023 0.017279 -0.200331 -0.631218 -1.686814 0.876852 1.540041 0.010448 1.000000 
-0.042855 0.024613 -0.205118 -0.566320 -1.679929 0.843328 1.540118 0.008910 1.000000 
-0.042631 0.031308 -0.209402 -0.505241 -1.673335 0.804303 1.540185 0.007667 1.000000 
-0.042356 0.037385 -0.213213 -0.448092 -1.667073 0.760339 1.540242 0.006655 1.000000 
-0.042035 0.042875 -0.216582 -0.394894 -1.661181 0.711982 1.540292 0.005828 1.000000 
-0.041671 0.047813 -0.219541 -0.345589 -1.655692 0.659756 1.540335 0.005148 1.000000 
-0.041271 0.052239 -0.222122 -0.300047 -1.650634 0.604157 1.540374 0.004587 1.000000 
-0.040837 0.056197 -0.224352 -0.258070 -1.646033 0.545649 1.540409 0.004123 1.000000 
-0.040373 0.059732 -0.226260 -0.219408 -1.641910 0.484660 1.540440 0.003740 1.000000 
-0.039882 0.062893 -0.227870 -0.183758 -1.638284 0.421584 1.540469 0.003423 1.000000 
-0.039367 0.065725 -0.229207 -0.150780 -1.635170 0.356784 1.540495 0.003161 1.000000 
-0.038831 0.068277 -0.230289 -0.120097 -1.632579 0.290589 1.540520 0.002947 1.000000 
-0.038276 0.070594 -0.231133 -0.091305 -1.630523 0.223303 1.540543 0.002773 1.000000 
-0.037702 0.072719 -0.231754 -0.063981 -1.629009 0.155205 1.540564 0.002633 1.000000 
-0.037113 0.074695 -0.232160 -0.037681 -1.628041 0.086557 1.540585 0.002522 1.000000 
-0.036507 0.076559 -0.232358 -0.011953 -1.627625 0.017606 1.540605 0.002438 1.000000 
-0.035888 0.078348 -0.232351 0.013662 -1.627760 -0.051406 1.540624 0.002375 1.000000 
-0.035254 0.080091 -0.232139 0.039625 -1.628447 -0.120239 1.540643 0.002333 1.000000 
-0.034606 0.081818 -0.231715 0.066394 -1.629682 -0.188649 1.540661 0.002307 1.000000 
-0.033945 0.083551 -0.231073 0.094420 -1.631463 -0.256381 1.540680 0.002295 1.000000 
-0.033270 0.085308 -0.230200 0.124140 -1.633782 -0.323166 1.540698 0.002294 1.000000 
-0.032580 0.087105 -0.229081 0.155973 -1.636630 -0.388710 1.540716 0.002303 1.000000 
-0.031876 0.088950 -0.227698 0.190316 -1.639997 -0.452697 1.540735 0.002317 1.000000 
-0.031157 0.090847 -0.226028 0.227535 -1.643869 -0.514778 1.540753 0.002334 1.000000 
-0.030422 0.092794 -0.224049 0.267959 -1.648228 -0.574573 1.540772 0.002350 1.000000 
-0.029672 0.094784 -0.221732 0.311873 -1.653055 -0.631665 1.540791 0.002359 1.000000 
-0.028905 0.096804 -0.219049 0.359510 -1.658326 -0.685606 1.540810 0.002356 1.000000 
-0.028123 0.098836 -0.215969 0.411043 -1.664015 -0.735908 1.540829 0.002334 1.000000 
-0.027324 0.100856 -0.212461 0.466574 -1.670089 -0.782055 1.540847 0.002282 1.000000 
-0.026509 0.102833 -0.208493 0.526131 -1.676515 -0.823501 1.540865 0.002190 1.000000 
-0.025679 0.104734 -0.204033 0.589652 -1.683251 -0.859681 1.540882 0.002039 1.000000 
-0.024834 0.106518 -0.199049 0.656986 -1.690254 -0.890017 1.540897 0.001809 1.000000 
-0.023975 0.108142 -0.193511 0.727876 -1.697474 -0.913931 1.540911 0.001468 1.000000 
-0.023104 0.109558 -0.187394 0.801965 -1.704858 -0.930856 1.540921 0.000975 1.000000 
-0.022223 0.110715 -0.180673 0.878782 -1.712348 -0.940252 1.540926 0.000269 1.000000 
-0.021334 0.111561 -0.173328 0.957750 -1.719881 -0.941624 1.540924 -0.000736 1.000000 
-0.020439 0.112045 -0.165345 1.038183 -1.727391 -0.934539 1.540913 -0.002172 1.000000 
-0.019542 0.112114 -0.156715 1.119294 -1.734810 -0.918645 1.540888 -0.004237 1.000000 
-0.018646 0.111719 -0.147437 1.200200 -1.742066 -0.893693 1.540843 -0.007244 1.000000 
-0.017756 0.110816 -0.137515 1.279943 -1.749085 -0.859551 1.540768 -0.011702 1.000000 
-0.016875 0.109367 -0.126963 1.357501 -1.755794 -0.816228 1.540649 -0.018476 1.000000 
-0.016007 0.107341 -0.115804 1.431810 -1.762120 -0.763885 1.540462 -0.029104 1.000000 
-0.015159 0.104720 -0.104066 1.501789 -1.767993 -0.702855 1.540166 -0.046493 1.000000 
-0.014333 0.101499 -0.091789 1.566370 -1.773344 -0.633652 1.539685 -0.076555 1.000000 
-0.013536 0.097689 -0.079021 1.624525 -1.778111 -0.556994 1.538873 -0.132506 1.000000 
-0.012772 0.093329 -0.065817 1.675298 -1.782239 -0.473823 1.537411 -0.247852 1.000000 
-0.012044 0.088505 -0.052238 1.717844 -1.785678 -0.385370 1.534498 -0.523892 1.000000 
-0.011357 0.083392 -0.038355 1.751476 -1.788395 -0.293268 1.527641 -1.360106 1.000000 
-0.010710 0.078423 -0.024240 1.775769 -1.790367 -0.199515 1.505664 -5.237284 1.000000 
-0.010098 0.074901 -0.009967 1.790935 -1.791576 -0.099791 1.360206 -52.370151 1.000000 
-0.009788 -0.069554 -0.002778 -1.785483 -1.791929 -0.006413 -2.625391 -1449.625554 1.000000 
0.000000 0.000000 0.000000 0.000000 0.000000 0.000000 0.000000 0.000000 0.000000 
