-0.188254 -0.165455 0.279555 1.808818 -1.880263 0.510610 0.794750 0.166874 -1.000000 
-0.189517 -0.150360 0.293922 1.782717 -1.876112 0.527051 0.796008 0.148308 -1.000000 
-0.190660 -0.135291 0.308076 1.755597 -1.871834 0.542315 0.797130 0.132446 -1.000000 
-0.191682 -0.120264 0.322009 1.727506 -1.867438 0.556372 0.798133 0.118828 -1.000000 
-0.192584 -0.105295 0.335714 1.698492 -1.862935 0.569191 0.799036 0.107081 -1.000000 
-0.193367 -0.090400 0.349183 1.668603 -1.858334 0.580748 0.799851 0.096902 -1.000000 
-0.194031 -0.075592 0.362409 1.637887 -1.853646 0.591024 0.800590 0.088044 -1.000000 
-0.194577 -0.060886 0.375387 1.606395 -1.848881 0.599999 0.801263 0.080304 -1.000000 
-0.195005 -0.046295 0.388109 1.574173 -1.844050 0.607660 0.801877 0.073514 -1.000000 
-0.195318 -0.031832 0.400572 1.541271 -1.839162 0.613998 0.802441 0.067534 -1.000000 
-0.195515 -0.017509 0.412768 1.507735 -1.834229 0.619004 0.802960 0.062251 -1.000000 
-0.195598 -0.003336 0.424694 1.473614 -1.829262 0.622676 0.803439 0.057566 -1.000000 
-0.195569 0.010676 0.436344 1.438952 -1.824270 0.625013 0.803882 0.053399 -1.000000 
-0.195428 0.024517 0.447716 1.403795 -1.819265 0.626019 0.804294 0.049681 -1.000000 
-0.195177 0.038179 0.458804 1.368186 -1.814257 0.625698 0.804678 0.046355 -1.000000 
-0.194818 0.051654 0.469606 1.332168 -1.809258 0.624060 0.805037 0.043371 -1.000000 
-0.194351 0.064934 0.480118 1.295781 -1.804276 0.621116 0.805373 0.040688 -1.000000 
-0.193779 0.078014 0.490337 1.259066 -1.799323 0.616882 0.805689 0.038269 -1.000000 
-0.193103 0.090886 0.500262 1.222059 -1.794409 0.611374 0.805986 0.036083 -1.000000 
-0.192326 0.103547 0.509889 1.184796 -1.789545 0.604611 0.806266 0.034104 -1.000000 
-0.191447 0.115991 0.519218 1.147313 -1.784739 0.596616 0.806532 0.032310 -1.000000 
-0.190470 0.128216 0.528246 1.109639 -1.780002 0.587413 0.806784 0.030679 -1.000000 
-0.189396 0.140219 0.536972 1.071807 -1.775343 0.577028 0.807023 0.029195 -1.000000 
-0.188227 0.151996 0.545395 1.033843 -1.770773 0.565490 0.807251 0.027842 -1.000000 
-0.186965 0.163547 0.553513 0.995774 -1.766298 0.552829 0.807469 0.026608 -1.000000 
-0.185611 0.174869 0.561327 0.957623 -1.761930 0.539076 0.807677 0.025481 -1.000000 
-0.184168 0.185964 0.568835 0.919414 -1.757676 0.524267 0.807877 0.024449 -1.000000 
-0.182636 0.196830 0.576037 0.881165 -1.753545 0.508436 0.808069 0.023506 -1.000000 
-0.181019 0.207469 0.582933 0.842894 -1.749544 0.491620 0.808253 0.022642 -1.000000 
-0.179318 0.217880 0.589523 0.804617 -1.745681 0.473857 0.808431 0.021851 -1.000000 
-0.177534 0.228066 0.595807 0.766347 -1.741964 0.455187 0.808603 0.021126 -1.000000 
-0.175669 0.238028 0.601785 0.728097 -1.738401 0.435650 0.808769 0.020462 -1.000000 
-0.173726 0.247768 0.607457 0.689876 -1.734996 0.415288 0.808931 0.019854 -1.000000 
-0.171705 0.257288 0.612823 0.651691 -1.731758 0.394144 0.809087 0.019298 -1.000000 
-0.169610 0.266590 0.617884 0.613549 -1.728692 0.372261 0.809239 0.018790 -1.000000 
-0.167441 0.275679 0.622640 0.575454 -1.725804 0.349682 0.809388 0.018326 -1.000000 
-0.165199 0.284555 0.627092 0.537409 -1.723099 0.326454 0.809533 0.017904 -1.000000 
-0.162888 0.293224 0.631239 0.499414 -1.720582 0.302622 0.809674 0.017520 -1.000000 
-0.160508 0.301687 0.635082 0.461470 -1.718258 0.278233 0.809813 0.017173 -1.000000 
-0.158062 0.309948 0.638622 0.423573 -1.716132 0.253332 0.809949 0.016860 -1.000000 
-0.155550 0.318010 0.641860 0.385722 -1.714206 0.227968 0.810083 0.016579 -1.000000 
-0.152974 0.325877 0.644794 0.347911 -1.712485 0.202187 0.810215 0.016329 -1.000000 
-0.150336 0.333551 0.647426 0.310135 -1.710972 0.176039 0.810344 0.016108 -1.000000 
-0.147638 0.341036 0.649756 0.272387 -1.709670 0.149571 0.810472 0.015915 -1.000000 
-0.144880 0.348334 0.651785 0.234661 -1.708580 0.122832 0.810599 0.015750 -1.000000 
-0.142065 0.355449 0.653511 0.196948 -1.707705 0.095871 0.810725 0.015610 -1.000000 
-0.139193 0.362383 0.654936 0.159239 -1.707046 0.068736 0.810849 0.015495 -1.000000 
-0.136267 0.369139 0.656059 0.121526 -1.706605 0.041478 0.810972 0.015405 -1.000000 
-0.133288 0.375719 0.656880 0.083797 -1.706383 0.014145 0.811095 0.015340 -1.000000 
-0.130256 0.382124 0.657399 0.046045 -1.706379 -0.013214 0.811218 0.015298 -1.000000 
-0.127174 0.388357 0.657617 0.008258 -1.706594 -0.040548 0.811340 0.015280 -1.000000 
-0.124043 0.394419 0.657531 -0.029573 -1.707028 -0.067810 0.811463 0.015286 -1.000000 
-0.120864 0.400310 0.657143 -0.067458 -1.707679 -0.094948 0.811585 0.015315 -1.000000 
-0.117638 0.406032 0.656452 -0.105407 -1.708546 -0.121915 0.811708 0.015368 -1.000000 
-0.114368 0.411585 0.655457 -0.143428 -1.709629 -0.148661 0.811831 0.015445 -1.000000 
-0.111054 0.416969 0.654157 -0.181532 -1.710924 -0.175136 0.811955 0.015547 -1.000000 
-0.107697 0.422183 0.652552 -0.219724 -1.712430 -0.201293 0.812080 0.015675 -1.000000 
-0.104299 0.427227 0.650641 -0.258014 -1.714144 -0.227082 0.812206 0.015828 -1.000000 
-0.100862 0.432099 0.648423 -0.296406 -1.716062 -0.252455 0.812333 0.016009 -1.000000 
-0.097386 0.436798 0.645898 -0.334908 -1.718182 -0.277364 0.812462 0.016217 -1.000000 
-0.093873 0.441321 0.643065 -0.373521 -1.720499 -0.301762 0.812593 0.016455 -1.000000 
-0.090325 0.445667 0.639922 -0.412251 -1.723009 -0.325602 0.812725 0.016724 -1.000000 
-0.086743 0.449832 0.636468 -0.451098 -1.725707 -0.348836 0.812860 0.017026 -1.000000 
-0.083128 0.453813 0.632704 -0.490062 -1.728588 -0.371418 0.812998 0.017362 -1.000000 
-0.079483 0.457607 0.628627 -0.529143 -1.731648 -0.393303 0.813138 0.017735 -1.000000 
-0.075807 0.461209 0.624237 -0.568336 -1.734879 -0.414447 0.813282 0.018148 -1.000000 
-0.072104 0.464614 0.619533 -0.607638 -1.738277 -0.434804 0.813429 0.018603 -1.000000 
-0.068374 0.467819 0.614515 -0.647042 -1.741834 -0.454332 0.813579 0.019104 -1.000000 
-0.064619 0.470817 0.609180 -0.686540 -1.745544 -0.472988 0.813734 0.019654 -1.000000 
-0.060841 0.473604 0.603530 -0.726120 -1.749399 -0.490732 0.813894 0.020258 -1.000000 
-0.057042 0.476173 0.597562 -0.765771 -1.753393 -0.507522 0.814059 0.020920 -1.000000 
-0.053223 0.478518 0.591277 -0.805478 -1.757517 -0.523320 0.814229 0.021646 -1.000000 
-0.049387 0.480633 0.584675 -0.845224 -1.761763 -0.538088 0.814405 0.022442 -1.000000 
-0.045534 0.482510 0.577754 -0.884992 -1.766123 -0.551790 0.814588 0.023315 -1.000000 
-0.041667 0.484144 0.570515 -0.924758 -1.770589 -0.564391 0.814779 0.024273 -1.000000 
-0.037788 0.485528 0.562958 -0.964502 -1.775151 -0.575858 0.814977 0.025326 -1.000000 
-0.033899 0.486653 0.555083 -1.004196 -1.779800 -0.586159 0.815184 0.026483 -1.000000 
-0.030002 0.487512 0.546891 -1.043814 -1.784526 -0.595266 0.815401 0.027757 -1.000000 
-0.026100 0.488099 0.538382 -1.083326 -1.789321 -0.603149 0.815628 0.029162 -1.000000 
-0.022194 0.488406 0.529558 -1.122700 -1.794173 -0.609784 0.815868 0.030713 -1.000000 
-0.018286 0.488424 0.520419 -1.161903 -1.799074 -0.615148 0.816120 0.032430 -1.000000 
-0.014380 0.488148 0.510968 -1.200897 -1.804012 -0.619218 0.816387 0.034333 -1.000000 
-0.010477 0.487569 0.501206 -1.239645 -1.808978 -0.621978 0.816670 0.036448 -1.000000 
-0.006579 0.486680 0.491134 -1.278106 -1.813960 -0.623411 0.816971 0.038805 -1.000000 
-0.002691 0.485474 0.480757 -1.316240 -1.818949 -0.623503 0.817292 0.041438 -1.000000 
0.001187 0.483945 0.470076 -1.354003 -1.823933 -0.622243 0.817635 0.044389 -1.000000 
0.005052 0.482086 0.459094 -1.391349 -1.828901 -0.619624 0.818003 0.047704 -1.000000 
0.008900 0.479890 0.447815 -1.428232 -1.833843 -0.615642 0.818399 0.051443 -1.000000 
0.012729 0.477352 0.436243 -1.464603 -1.838748 -0.610293 0.818827 0.055675 -1.000000 
0.016537 0.474466 0.424383 -1.500414 -1.843604 -0.603579 0.819292 0.060482 -1.000000 
0.020320 0.471227 0.412238 -1.535613 -1.848401 -0.595505 0.819797 0.065966 -1.000000 
0.024075 0.467630 0.399815 -1.570151 -1.853128 -0.586077 0.820349 0.072250 -1.000000 
0.027801 0.463671 0.387118 -1.603973 -1.857775 -0.575307 0.820955 0.079482 -1.000000 
0.031493 0.459347 0.374153 -1.637029 -1.862330 -0.563207 0.821624 0.087848 -1.000000 
0.035149 0.454654 0.360928 -1.669265 -1.866783 -0.549796 0.822365 0.097578 -1.000000 
0.038766 0.449590 0.347448 -1.700628 -1.871123 -0.535093 0.823190 0.108957 -1.000000 
0.042342 0.444152 0.333720 -1.731065 -1.875341 -0.519121 0.824113 0.122345 -1.000000 
0.045872 0.438341 0.319753 -1.760521 -1.879426 -0.501907 0.825154 0.138198 -1.000000 
0.049354 0.432155 0.305555 -1.788946 -1.883368 -0.483479 0.826333 0.157096 -1.000000 
0.052785 0.425593 0.291133 -1.816287 -1.887158 -0.463868 0.827677 0.179789 -1.000000 
0.056163 0.418658 0.276497 -1.842492 -1.890787 -0.443110 0.829222 0.207244 -1.000000 
0.059483 0.411349 0.261656 -1.867510 -1.894245 -0.421238 0.831009 0.240726 -1.000000 
0.062743 0.403668 0.246620 -1.891293 -1.897524 -0.398291 0.833094 0.281901 -1.000000 
0.065941 0.395617 0.231399 -1.913793 -1.900615 -0.374307 0.835546 0.332969 -1.000000 
0.069072 0.387199 0.216003 -1.934961 -1.903510 -0.349324 0.838456 0.396858 -1.000000 
0.072135 0.378416 0.200443 -1.954753 -1.906202 -0.323380 0.841940 0.477465 -1.000000 
0.075126 0.369271 0.184731 -1.973123 -1.908682 -0.296507 0.846153 0.579966 -1.000000 
0.078042 0.359765 0.168877 -1.990028 -1.910943 -0.268736 0.851296 0.711159 -1.000000 
0.080881 0.349900 0.152894 -2.005426 -1.912979 -0.240089 0.857631 0.879763 -1.000000 
0.083640 0.339674 0.136794 -2.019274 -1.914782 -0.210575 0.865500 1.096405 -1.000000 
0.086315 0.329086 0.120590 -2.031527 -1.916346 -0.180187 0.875333 1.372752 -1.000000 
0.088904 0.318129 0.104294 -2.042138 -1.917663 -0.148894 0.887650 1.718643 -1.000000 
0.091404 0.306793 0.087920 -2.051056 -1.918726 -0.116638 0.903022 2.135501 -1.000000 
0.093812 0.295064 0.071482 -2.058217 -1.919526 -0.083329 0.921961 2.604578 -1.000000 
0.096124 0.282926 0.054994 -2.063545 -1.920056 -0.048858 0.944696 3.072425 -1.000000 
0.098337 0.270363 0.038471 -2.066946 -1.920305 -0.013126 0.970869 3.445811 -1.000000 
0.100449 0.257370 0.021928 -2.068307 -1.920262 0.023899 0.999286 3.616749 -1.000000 
0.102454 0.243962 0.005383 -2.067509 -1.919919 0.062130 1.028016 3.520658 -1.000000 
0.104351 0.230171 -0.011146 -2.064437 -1.919266 0.101348 1.054966 3.183540 -1.000000 
0.106136 0.216043 -0.027641 -2.059003 -1.918296 0.141244 1.078578 2.705902 -1.000000 
0.107807 0.201629 -0.044083 -2.051146 -1.917005 0.181486 1.098188 2.199784 -1.000000 
0.109361 0.186975 -0.060453 -2.040835 -1.915392 0.221757 1.113904 1.740749 -1.000000 
0.110798 0.172124 -0.076730 -2.028063 -1.913458 0.261775 1.126252 1.360245 -1.000000 
0.112115 0.157113 -0.092896 -2.012843 -1.911205 0.301285 1.135884 1.060386 -1.000000 
0.113311 0.141981 -0.108929 -1.995208 -1.908639 0.340058 1.143404 0.830104 -1.000000 
0.114386 0.126763 -0.124813 -1.975203 -1.905766 0.377884 1.149313 0.655088 -1.000000 
0.115340 0.111494 -0.140526 -1.952891 -1.902596 0.414573 1.153998 0.522215 -1.000000 
0.116170 0.096209 -0.156053 -1.928343 -1.899137 0.449950 1.157752 0.420882 -1.000000 
0.116879 0.080943 -0.171374 -1.901642 -1.895401 0.483858 1.160794 0.343011 -1.000000 
0.117466 0.065728 -0.186474 -1.872880 -1.891399 0.516151 1.163287 0.282614 -1.000000 
0.117931 0.050596 -0.201335 -1.842155 -1.887147 0.546699 1.165351 0.235300 -1.000000 
0.118275 0.035579 -0.215943 -1.809573 -1.882657 0.575386 1.167078 0.197857 -1.000000 
0.118500 0.020705 -0.230284 -1.775244 -1.877946 0.602107 1.168537 0.167930 -1.000000 
0.118607 0.006005 -0.244343 -1.739283 -1.873029 0.626771 1.169780 0.143778 -1.000000 
0.118597 -0.008497 -0.258108 -1.701808 -1.867923 0.649296 1.170849 0.124107 -1.000000 
0.118472 -0.022775 -0.271568 -1.662939 -1.862646 0.669617 1.171775 0.107948 -1.000000 
0.118233 -0.036806 -0.284712 -1.622797 -1.857215 0.687676 1.172584 0.094564 -1.000000 
0.117884 -0.050569 -0.297530 -1.581502 -1.851649 0.703427 1.173294 0.083394 -1.000000 
0.117425 -0.064044 -0.310013 -1.539177 -1.845967 0.716837 1.173923 0.074006 -1.000000 
0.116860 -0.077214 -0.322154 -1.495940 -1.840186 0.727882 1.174482 0.066061 -1.000000 
0.116190 -0.090063 -0.333946 -1.451909 -1.834327 0.736547 1.174983 0.059297 -1.000000 
0.115420 -0.102578 -0.345383 -1.407197 -1.828408 0.742828 1.175433 0.053504 -1.000000 
0.114550 -0.114748 -0.356460 -1.361915 -1.822448 0.746731 1.175841 0.048516 -1.000000 
0.113585 -0.126563 -0.367172 -1.316170 -1.816467 0.748269 1.176211 0.044200 -1.000000 
0.112526 -0.138014 -0.377517 -1.270064 -1.810482 0.747465 1.176550 0.040447 -1.000000 
0.111377 -0.149097 -0.387492 -1.223692 -1.804513 0.744347 1.176860 0.037170 -1.000000 
0.110141 -0.159807 -0.397096 -1.177147 -1.798579 0.738955 1.177145 0.034298 -1.000000 
0.108821 -0.170142 -0.406327 -1.130512 -1.792696 0.731331 1.177409 0.031770 -1.000000 
0.107420 -0.180102 -0.415184 -1.083866 -1.786883 0.721526 1.177655 0.029538 -1.000000 
0.105941 -0.189686 -0.423669 -1.037281 -1.781157 0.709596 1.177883 0.027561 -1.000000 
0.104386 -0.198896 -0.431781 -0.990824 -1.775535 0.695602 1.178096 0.025805 -1.000000 
0.102759 -0.207737 -0.439522 -0.944551 -1.770033 0.679610 1.178296 0.024241 -1.000000 
0.101063 -0.216213 -0.446894 -0.898514 -1.764666 0.661691 1.178484 0.022845 -1.000000 
0.099301 -0.224330 -0.453899 -0.852759 -1.759451 0.641918 1.178662 0.021597 -1.000000 
0.097475 -0.232093 -0.460539 -0.807323 -1.754400 0.620368 1.178830 0.020479 -1.000000 
0.095588 -0.239511 -0.466817 -0.762236 -1.749529 0.597122 1.178990 0.019476 -1.000000 
0.093644 -0.246591 -0.472736 -0.717522 -1.744851 0.572262 1.179142 0.018576 -1.000000 
0.091644 -0.253343 -0.478299 -0.673200 -1.740377 0.545873 1.179287 0.017767 -1.000000 
0.089591 -0.259775 -0.483508 -0.629281 -1.736121 0.518042 1.179427 0.017040 -1.000000 
0.087488 -0.265896 -0.488368 -0.585769 -1.732092 0.488856 1.179560 0.016387 -1.000000 
0.085338 -0.271717 -0.492882 -0.542663 -1.728302 0.458405 1.179689 0.015800 -1.000000 
0.083142 -0.277247 -0.497052 -0.499958 -1.724761 0.426780 1.179813 0.015274 -1.000000 
0.080902 -0.282495 -0.500882 -0.457641 -1.721477 0.394071 1.179934 0.014804 -1.000000 
0.078622 -0.287473 -0.504375 -0.415696 -1.718458 0.360370 1.180050 0.014384 -1.000000 
0.076304 -0.292188 -0.507534 -0.374101 -1.715713 0.325769 1.180164 0.014011 -1.000000 
0.073948 -0.296650 -0.510362 -0.332832 -1.713248 0.290360 1.180275 0.013681 -1.000000 
0.071558 -0.300867 -0.512860 -0.291858 -1.711069 0.254235 1.180383 0.013391 -1.000000 
0.069135 -0.304849 -0.515032 -0.251148 -1.709182 0.217489 1.180489 0.013139 -1.000000 
0.066681 -0.308603 -0.516879 -0.210666 -1.707591 0.180212 1.180593 0.012923 -1.000000 
0.064198 -0.312135 -0.518403 -0.170372 -1.706300 0.142498 1.180696 0.012741 -1.000000 
0.061687 -0.315452 -0.519606 -0.130228 -1.705312 0.104439 1.180797 0.012590 -1.000000 
0.059151 -0.318561 -0.520487 -0.090190 -1.704630 0.066128 1.180897 0.012471 -1.000000 
0.056591 -0.321465 -0.521049 -0.050215 -1.704254 0.027659 1.180997 0.012382 -1.000000 
0.054008 -0.324169 -0.521291 -0.010259 -1.704187 -0.010877 1.181096 0.012322 -1.000000 
0.051405 -0.326676 -0.521213 0.029723 -1.704428 -0.049387 1.181194 0.012291 -1.000000 
0.048782 -0.328988 -0.520815 0.069775 -1.704977 -0.087778 1.181292 0.012289 -1.000000 
0.046141 -0.331106 -0.520096 0.109943 -1.705832 -0.125956 1.181391 0.012315 -1.000000 
0.043485 -0.333031 -0.519055 0.150269 -1.706992 -0.163830 1.181489 0.012370 -1.000000 
0.040813 -0.334762 -0.517691 0.190794 -1.708452 -0.201306 1.181589 0.012454 -1.000000 
0.038129 -0.336298 -0.516002 0.231560 -1.710211 -0.238291 1.181689 0.012569 -1.000000 
0.035433 -0.337635 -0.513986 0.272604 -1.712264 -0.274691 1.181790 0.012714 -1.000000 
0.032727 -0.338771 -0.511640 0.313961 -1.714604 -0.310414 1.181892 0.012891 -1.000000 
0.030013 -0.339701 -0.508961 0.355663 -1.717228 -0.345366 1.181996 0.013103 -1.000000 
0.027293 -0.340419 -0.505948 0.397739 -1.720128 -0.379454 1.182102 0.013350 -1.000000 
0.024567 -0.340920 -0.502596 0.440212 -1.723297 -0.412584 1.182210 0.013635 -1.000000 
0.021839 -0.341195 -0.498903 0.483104 -1.726727 -0.444665 1.182320 0.013960 -1.000000 
0.019109 -0.341237 -0.494866 0.526429 -1.730408 -0.475603 1.182433 0.014329 -1.000000 
0.016379 -0.341038 -0.490479 0.570197 -1.734333 -0.505307 1.182550 0.014746 -1.000000 
0.013653 -0.340587 -0.485741 0.614415 -1.738490 -0.533685 1.182669 0.015215 -1.000000 
0.010931 -0.339876 -0.480648 0.659080 -1.742868 -0.560647 1.182793 0.015740 -1.000000 
0.008215 -0.338892 -0.475195 0.704186 -1.747456 -0.586104 1.182921 0.016329 -1.000000 
0.005509 -0.337626 -0.469379 0.749719 -1.752241 -0.609970 1.183055 0.016987 -1.000000 
0.002814 -0.336066 -0.463198 0.795660 -1.757211 -0.632157 1.183193 0.017723 -1.000000 
0.000133 -0.334200 -0.456648 0.841982 -1.762351 -0.652584 1.183338 0.018546 -1.000000 
-0.002532 -0.332016 -0.449726 0.888650 -1.767648 -0.671168 1.183490 0.019467 -1.000000 
-0.005178 -0.329502 -0.442429 0.935625 -1.773085 -0.687833 1.183650 0.020500 -1.000000 
-0.007803 -0.326647 -0.434755 0.982859 -1.778648 -0.702503 1.183819 0.021659 -1.000000 
-0.010404 -0.323439 -0.426702 1.030296 -1.784319 -0.715109 1.183997 0.022964 -1.000000 
-0.012977 -0.319865 -0.418270 1.077874 -1.790084 -0.725583 1.184187 0.024437 -1.000000 
-0.015521 -0.315916 -0.409456 1.125524 -1.795923 -0.733864 1.184389 0.026103 -1.000000 
-0.018031 -0.311581 -0.400261 1.173169 -1.801819 -0.739896 1.184605 0.027994 -1.000000 
-0.020505 -0.306849 -0.390686 1.220725 -1.807755 -0.743629 1.184837 0.030150 -1.000000 
-0.022939 -0.301712 -0.380730 1.268104 -1.813711 -0.745019 1.185088 0.032618 -1.000000 
-0.025331 -0.296162 -0.370397 1.315209 -1.819669 -0.744027 1.185360 0.035454 -1.000000 
-0.027677 -0.290191 -0.359688 1.361938 -1.825609 -0.740624 1.185657 0.038732 -1.000000 
-0.029973 -0.283794 -0.348607 1.408183 -1.831513 -0.734788 1.185981 0.042539 -1.000000 
-0.032216 -0.276966 -0.337159 1.453832 -1.837359 -0.726504 1.186339 0.046990 -1.000000 
-0.034403 -0.269703 -0.325348 1.498768 -1.843130 -0.715767 1.186735 0.052226 -1.000000 
-0.036531 -0.262003 -0.313181 1.542870 -1.848805 -0.702579 1.187177 0.058431 -1.000000 
-0.038594 -0.253867 -0.300664 1.586014 -1.854365 -0.686953 1.187673 0.065840 -1.000000 
-0.040591 -0.245296 -0.287807 1.628074 -1.859790 -0.668909 1.188235 0.074764 -1.000000 
-0.042518 -0.236292 -0.274618 1.668920 -1.865061 -0.648479 1.188875 0.085612 -1.000000 
-0.044371 -0.226859 -0.261108 1.708424 -1.870159 -0.625702 1.189611 0.098933 -1.000000 
-0.046146 -0.217005 -0.247288 1.746456 -1.875066 -0.600626 1.190466 0.115476 -1.000000 
-0.047842 -0.206736 -0.233169 1.782887 -1.879763 -0.573311 1.191470 0.136274 -1.000000 
-0.049453 -0.196063 -0.218766 1.817590 -1.884233 -0.543820 1.192662 0.162774 -1.000000 
-0.050978 -0.184995 -0.204093 1.850438 -1.888459 -0.512227 1.194095 0.197047 -1.000000 
-0.052412 -0.173544 -0.189164 1.881309 -1.892424 -0.478608 1.195843 0.242103 -1.000000 
-0.053753 -0.161724 -0.173997 1.910084 -1.896111 -0.443044 1.198009 0.302406 -1.000000 
-0.054999 -0.149545 -0.158609 1.936647 -1.899507 -0.405613 1.200740 0.384709 -1.000000 
-0.056145 -0.137020 -0.143017 1.960888 -1.902596 -0.366388 1.204250 0.499426 -1.000000 
-0.057190 -0.124158 -0.127241 1.982700 -1.905365 -0.325423 1.208860 0.662875 -1.000000 
-0.058131 -0.110962 -0.111301 2.001976 -1.907799 -0.282741 1.215054 0.900840 -1.000000 
-0.058965 -0.097429 -0.095216 2.018613 -1.909884 -0.238302 1.223578 1.253674 -1.000000 
-0.059689 -0.083536 -0.079010 2.032498 -1.911606 -0.191953 1.235577 1.781275 -1.000000 
-0.060300 -0.069235 -0.062704 2.043497 -1.912949 -0.143340 1.252745 2.558426 -1.000000 
-0.060795 -0.054429 -0.046322 2.051422 -1.913892 -0.091776 1.277306 3.628118 -1.000000 
-0.061169 -0.038967 -0.029890 2.055965 -1.914407 -0.036116 1.311245 4.852060 -1.000000 
-0.061416 -0.022681 -0.013437 2.056605 -1.914455 0.025044 1.353991 5.711445 -1.000000 
-0.061530 -0.005537 0.003003 2.052574 -1.913989 0.092389 1.399841 5.554425 -1.000000 
-0.061503 0.012217 0.019389 2.043083 -1.912963 0.164801 1.440230 4.438404 -1.000000 
-0.061334 0.030173 0.035676 2.027621 -1.911345 0.239979 1.470290 3.097436 -1.000000 
-0.061021 0.048017 0.051815 2.005998 -1.909122 0.315894 1.490583 2.037969 -1.000000 
-0.060566 0.065565 0.067756 1.978214 -1.906293 0.391138 1.503853 1.332435 -1.000000 
-0.059973 0.082702 0.083450 1.944400 -1.902868 0.464648 1.512598 0.888322 -1.000000 
-0.059244 0.099335 0.098851 1.904794 -1.898865 0.535527 1.518505 0.609667 -1.000000 
-0.058385 0.115380 0.113912 1.859725 -1.894309 0.602995 1.522618 0.431444 -1.000000 
-0.057400 0.130762 0.128593 1.809600 -1.889228 0.666382 1.525569 0.314318 -1.000000 
-0.056295 0.145413 0.142854 1.754880 -1.883659 0.725119 1.527747 0.235104 -1.000000 
-0.055076 0.159277 0.156660 1.696072 -1.877640 0.778733 1.529395 0.180031 -1.000000 
-0.053749 0.172307 0.169981 1.633713 -1.871214 0.826841 1.530670 0.140758 -1.000000 
-0.052321 0.184467 0.182791 1.568359 -1.864426 0.869148 1.531675 0.112100 -1.000000 
-0.050800 0.195733 0.195069 1.500573 -1.857324 0.905437 1.532483 0.090752 -1.000000 
-0.049192 0.206091 0.206796 1.430916 -1.849956 0.935569 1.533141 0.074553 -1.000000 
-0.047505 0.215538 0.217960 1.359938 -1.842371 0.959475 1.533685 0.062055 -1.000000 
-0.045746 0.224080 0.228552 1.288168 -1.834621 0.977151 1.534141 0.052270 -1.000000 
-0.043922 0.231732 0.238570 1.216109 -1.826753 0.988653 1.534527 0.044505 -1.000000 
-0.042040 0.238517 0.248011 1.144233 -1.818818 0.994089 1.534857 0.038270 -1.000000 
-0.040108 0.244466 0.256879 1.072972 -1.810864 0.993613 1.535142 0.033208 -1.000000 
-0.038131 0.249616 0.265181 1.002719 -1.802936 0.987422 1.535391 0.029059 -1.000000 
-0.036116 0.254007 0.272926 0.933820 -1.795080 0.975744 1.535609 0.025629 -1.000000 
-0.034069 0.257685 0.280126 0.866578 -1.787338 0.958835 1.535802 0.022770 -1.000000 
-0.031995 0.260697 0.286796 0.801246 -1.779751 0.936973 1.535975 0.020370 -1.000000 
-0.029899 0.263094 0.292952 0.738033 -1.772359 0.910452 1.536129 0.018343 -1.000000 
-0.027787 0.264925 0.298611 0.677098 -1.765196 0.879574 1.536269 0.016622 -1.000000 
-0.025662 0.266242 0.303792 0.618557 -1.758296 0.844649 1.536396 0.015153 -1.000000 
-0.023528 0.267092 0.308515 0.562483 -1.751691 0.805987 1.536512 0.013895 -1.000000 
-0.021389 0.267525 0.312798 0.508905 -1.745410 0.763897 1.536619 0.012813 -1.000000 
-0.019249 0.267585 0.316664 0.457815 -1.739477 0.718683 1.536717 0.011881 -1.000000 
-0.017109 0.267315 0.320130 0.409168 -1.733918 0.670639 1.536809 0.011076 -1.000000 
-0.014972 0.266752 0.323217 0.362887 -1.728754 0.620051 1.536895 0.010382 -1.000000 
-0.012841 0.265931 0.325942 0.318863 -1.724003 0.567196 1.536976 0.009783 -1.000000 
-0.010718 0.264884 0.328324 0.276960 -1.719684 0.512336 1.537052 0.009267 -1.000000 
-0.008604 0.263634 0.330379 0.237018 -1.715811 0.455723 1.537124 0.008825 -1.000000 
-0.006500 0.262204 0.332121 0.198854 -1.712397 0.397596 1.537193 0.008448 -1.000000 
-0.004409 0.260608 0.333565 0.162270 -1.709453 0.338185 1.537259 0.008131 -1.000000 
-0.002331 0.258857 0.334721 0.127049 -1.706988 0.277707 1.537323 0.007866 -1.000000 
-0.000268 0.256956 0.335600 0.092961 -1.705012 0.216371 1.537385 0.007651 -1.000000 
0.001780 0.254905 0.336211 0.059766 -1.703528 0.154377 1.537446 0.007481 -1.000000 
0.003810 0.252698 0.336558 0.027217 -1.702543 0.091920 1.537505 0.007353 -1.000000 
0.005823 0.250326 0.336647 -0.004941 -1.702058 0.029190 1.537564 0.007266 -1.000000 
0.007815 0.247771 0.336480 -0.036964 -1.702076 -0.033627 1.537622 0.007217 -1.000000 
0.009786 0.245014 0.336056 -0.069111 -1.702596 -0.096344 1.537679 0.007206 -1.000000 
0.011735 0.242029 0.335373 -0.101637 -1.703617 -0.158774 1.537737 0.007231 -1.000000 
0.013658 0.238785 0.334428 -0.134795 -1.705135 -0.220725 1.537795 0.007292 -1.000000 
0.015554 0.235249 0.333214 -0.168833 -1.707147 -0.282002 1.537854 0.007390 -1.000000 
0.017421 0.231381 0.331723 -0.203988 -1.709645 -0.342403 1.537913 0.007525 -1.000000 
0.019256 0.227140 0.329946 -0.240487 -1.712622 -0.401716 1.537974 0.007699 -1.000000 
0.021054 0.222479 0.327871 -0.278544 -1.716069 -0.459720 1.538037 0.007913 -1.000000 
0.022814 0.217352 0.325485 -0.318355 -1.719974 -0.516183 1.538101 0.008169 -1.000000 
0.024531 0.211708 0.322773 -0.360098 -1.724323 -0.570860 1.538167 0.008470 -1.000000 
0.026200 0.205495 0.319718 -0.403930 -1.729102 -0.623496 1.538237 0.008821 -1.000000 
0.027817 0.198660 0.316304 -0.449979 -1.734293 -0.673819 1.538309 0.009226 -1.000000 
0.029377 0.191152 0.312512 -0.498350 -1.739876 -0.721548 1.538384 0.009692 -1.000000 
0.030873 0.182917 0.308324 -0.549113 -1.745830 -0.766390 1.538464 0.010225 -1.000000 
0.032301 0.173906 0.303720 -0.602305 -1.752130 -0.808039 1.538548 0.010835 -1.000000 
0.033654 0.164072 0.298680 -0.657928 -1.758749 -0.846182 1.538638 0.011534 -1.000000 
0.034924 0.153370 0.293187 -0.715940 -1.765658 -0.880501 1.538733 0.012337 -1.000000 
0.036105 0.141762 0.287219 -0.776260 -1.772826 -0.910673 1.538835 0.013262 -1.000000 
0.037190 0.129215 0.280761 -0.838762 -1.780217 -0.936376 1.538946 0.014332 -1.000000 
0.038170 0.115704 0.273794 -0.903273 -1.787795 -0.957293 1.539065 0.015578 -1.000000 
0.039038 0.101211 0.266303 -0.969572 -1.795520 -0.973115 1.539195 0.017039 -1.000000 
0.039787 0.085728 0.258277 -1.037390 -1.803351 -0.983550 1.539338 0.018764 -1.000000 
0.040407 0.069258 0.249702 -1.106412 -1.811242 -0.988323 1.539496 0.020820 -1.000000 
0.040892 0.051815 0.240572 -1.176273 -1.819148 -0.987189 1.539673 0.023298 -1.000000 
0.041234 0.033424 0.230880 -1.246563 -1.827021 -0.979932 1.539871 0.026317 -1.000000 
0.041425 0.014125 0.220627 -1.316833 -1.834810 -0.966378 1.540096 0.030047 -1.000000 
0.041458 -0.006031 0.209813 -1.386591 -1.842466 -0.946394 1.540354 0.034725 -1.000000 
0.041326 -0.026977 0.198444 -1.455315 -1.849935 -0.919901 1.540655 0.040692 -1.000000 
0.041024 -0.048634 0.186532 -1.522452 -1.857167 -0.886871 1.541010 0.048453 -1.000000 
0.040546 -0.070911 0.174091 -1.587432 -1.864108 -0.847339 1.541437 0.058779 -1.000000 
0.039888 -0.093704 0.161140 -1.649669 -1.870707 -0.801398 1.541960 0.072874 -1.000000 
0.039046 -0.116898 0.147705 -1.708574 -1.876914 -0.749205 1.542618 0.092706 -1.000000 
0.038017 -0.140372 0.133813 -1.763562 -1.882678 -0.690975 1.543468 0.121629 -1.000000 
0.036800 -0.163996 0.119500 -1.814061 -1.887954 -0.626974 1.544604 0.165658 -1.000000 
0.035393 -0.187643 0.104802 -1.859521 -1.892695 -0.557502 1.546188 0.236285 -1.000000 
0.033798 -0.211190 0.089762 -1.899420 -1.896860 -0.482858 1.548516 0.357192 -1.000000 
0.032014 -0.234539 0.074427 -1.933270 -1.900408 -0.403256 1.552174 0.581908 -1.000000 
0.030046 -0.257652 0.058847 -1.960606 -1.903299 -0.318618 1.558446 1.045946 -1.000000 
0.027892 -0.280662 0.043076 -1.980948 -1.905490 -0.227898 1.570524 2.139615 -1.000000 
0.025553 -0.304309 0.027173 -1.993573 -1.906917 -0.126231 1.597441 5.089483 -1.000000 
0.023013 -0.332409 0.011206 -1.995516 -1.907420 0.012154 1.663936 12.253392 -1.000000 
0.020178 -0.381666 -0.004658 -1.955773 -1.906292 0.316059 1.775817 12.118240 -1.000000 
0.016907 -0.427096 -0.019674 -1.770933 -1.901782 0.814557 1.831579 3.084069 -1.000000 
0.013522 -0.409509 -0.032651 -1.455982 -1.893496 1.237725 1.844445 0.734755 -1.000000 
0.010480 -0.344850 -0.042737 -1.054273 -1.882301 1.539316 1.847764 0.209048 -1.000000 
0.008077 -0.252855 -0.049402 -0.608769 -1.869229 1.705551 1.848715 0.056940 -1.000000 
0.006463 -0.149901 -0.052489 -0.167051 -1.855370 1.738146 1.848936 0.007784 -1.000000 
0.005730 -0.024631 -0.052676 0.028253 -1.848233 1.673853 1.848951 -0.000110 -1.000000 
0.006115 0.113974 -0.052775 -0.012587 -1.848399 1.591760 1.848948 0.000435 -1.000000 
0.007543 0.237093 -0.053112 -0.042871 -1.848598 1.498723 1.848938 0.000540 -1.000000 
0.009886 0.344289 -0.053570 -0.056476 -1.848821 1.398109 1.848919 0.000218 -1.000000 
0.013012 0.435024 -0.054008 -0.051303 -1.849056 1.293193 1.848892 -0.000439 -1.000000 
0.016783 0.508830 -0.054286 -0.028344 -1.849297 1.186717 1.848856 -0.001305 -1.000000 
0.021060 0.565591 -0.054282 0.009489 -1.849537 1.080715 1.848814 -0.002265 -1.000000 
0.025707 0.605723 -0.053903 0.058434 -1.849772 0.976539 1.848765 -0.003230 -1.000000 
0.030592 0.630191 -0.053087 0.114648 -1.850000 0.874975 1.848711 -0.004142 -1.000000 
0.035600 0.640396 -0.051799 0.174678 -1.850219 0.776401 1.848653 -0.004968 -1.000000 
0.040625 0.638016 -0.050028 0.235683 -1.850429 0.680915 1.848591 -0.005697 -1.000000 
0.045577 0.624842 -0.047783 0.295489 -1.850630 0.588447 1.848527 -0.006328 -1.000000 
0.050384 0.602646 -0.045083 0.352545 -1.850823 0.498829 1.848461 -0.006867 -1.000000 
0.054984 0.573088 -0.041959 0.405833 -1.851008 0.411847 1.848393 -0.007326 -1.000000 
0.059330 0.537654 -0.038443 0.454769 -1.851185 0.327274 1.848324 -0.007717 -1.000000 
0.063386 0.497629 -0.034572 0.499094 -1.851357 0.244883 1.848255 -0.008050 -1.000000 
0.067124 0.454086 -0.030381 0.538793 -1.851522 0.164467 1.848185 -0.008338 -1.000000 
0.070524 0.407893 -0.025907 0.574011 -1.851682 0.085835 1.848114 -0.008590 -1.000000 
0.073571 0.359726 -0.021180 0.605000 -1.851838 0.008821 1.848043 -0.008816 -1.000000 
0.076249 0.309971 -0.016229 0.632051 -1.852107 -0.066953 1.847972 -0.009293 -1.000000 
0.078522 0.257831 -0.011076 0.655571 -1.852945 -0.142229 1.847891 -0.011012 -1.000000 
0.080365 0.201983 -0.005748 0.675991 -1.854381 -0.216541 1.847792 -0.013979 -1.000000 
0.081741 0.141114 -0.000268 0.693394 -1.856405 -0.289247 1.847664 -0.018154 -1.000000 
0.082606 0.073997 0.005338 0.707512 -1.859002 -0.359553 1.847498 -0.023546 -1.000000 
0.082905 -0.000413 0.011042 0.717759 -1.862149 -0.426484 1.847284 -0.030240 -1.000000 
0.082578 -0.082885 0.016809 0.723268 -1.865814 -0.488860 1.847011 -0.038406 -1.000000 
0.081557 -0.173811 0.022598 0.722948 -1.869955 -0.545303 1.846665 -0.048329 -1.000000 
0.079774 -0.273114 0.028358 0.715553 -1.874519 -0.594267 1.846231 -0.060433 -1.000000 
0.077166 -0.380167 0.034025 0.699777 -1.879439 -0.634097 1.845691 -0.075320 -1.000000 
0.073674 -0.493727 0.039528 0.674355 -1.884635 -0.663121 1.845017 -0.093816 -1.000000 
0.069254 -0.611918 0.044786 0.638193 -1.890016 -0.679764 1.844177 -0.117016 -1.000000 
0.063878 -0.732249 0.049709 0.590488 -1.895475 -0.682686 1.843128 -0.146336 -1.000000 
0.057540 -0.851701 0.054202 0.530855 -1.900899 -0.670932 1.841815 -0.183512 -1.000000 
0.050262 -0.966874 0.058171 0.459434 -1.906169 -0.644070 1.840166 -0.230502 -1.000000 
0.042091 -1.074189 0.061523 0.376956 -1.911165 -0.602313 1.838096 -0.289134 -1.000000 
0.033105 -1.170142 0.064176 0.284783 -1.915769 -0.546594 1.835506 -0.360328 -1.000000 
0.023408 -1.251589 0.066059 0.184875 -1.919877 -0.478588 1.832300 -0.442711 -1.000000 
0.013125 -1.316028 0.067120 0.079709 -1.923400 -0.400664 1.828407 -0.530823 -1.000000 
0.002401 -1.361852 0.067328 -0.027890 -1.926269 -0.315740 1.823820 -0.613949 -1.000000 
-0.008613 -1.388513 0.066675 -0.135003 -1.928442 -0.227029 1.818636 -0.677511 -1.000000 
-0.019765 -1.396531 0.065177 -0.238940 -1.929900 -0.137682 1.813068 -0.708132 -1.000000 
-0.030912 -1.387297 0.062866 -0.337538 -1.930650 -0.050420 1.807410 -0.700048 -1.000000 
-0.041921 -1.362723 0.059794 -0.429313 -1.930718 0.032707 1.801959 -0.657838 -1.000000 
-0.052680 -1.324884 0.056018 -0.513416 -1.930142 0.110337 1.796944 -0.593266 -1.000000 
-0.063089 -1.275780 0.051601 -0.589470 -1.928969 0.181648 1.792491 -0.519371 -1.000000 
-0.073067 -1.217236 0.046608 -0.657390 -1.927254 0.246162 1.788632 -0.446196 -1.000000 
-0.082544 -1.150898 0.041104 -0.717248 -1.925050 0.303595 1.785335 -0.379579 -1.000000 
-0.091465 -1.078263 0.035153 -0.769215 -1.922415 0.353772 1.782535 -0.321918 -1.000000 
-0.099783 -1.000704 0.028817 -0.813520 -1.919409 0.396594 1.780159 -0.273470 -1.000000 
-0.107466 -0.919493 0.022157 -0.850453 -1.916090 0.432027 1.778137 -0.233422 -1.000000 
-0.114489 -0.835799 0.015229 -0.880350 -1.912516 0.460107 1.776405 -0.200574 -1.000000 
-0.120835 -0.750691 0.008089 -0.903597 -1.908747 0.480939 1.774912 -0.173692 -1.000000 
-0.126499 -0.665130 0.000788 -0.920621 -1.904840 0.494699 1.773613 -0.151665 -1.000000 
-0.131478 -0.579962 -0.006626 -0.931881 -1.900850 0.501628 1.772475 -0.133559 -1.000000 
-0.135781 -0.495918 -0.014108 -0.937855 -1.896831 0.502028 1.771468 -0.118610 -1.000000 
-0.139418 -0.413606 -0.021619 -0.939033 -1.892834 0.496249 1.770570 -0.106212 -1.000000 
-0.142405 -0.333518 -0.029121 -0.935899 -1.888907 0.484682 1.769763 -0.095881 -1.000000 
-0.144761 -0.256029 -0.036583 -0.928926 -1.885094 0.467750 1.769031 -0.087240 -1.000000 
-0.146509 -0.181403 -0.043975 -0.918561 -1.881436 0.445892 1.768363 -0.079990 -1.000000 
-0.147672 -0.109807 -0.051272 -0.905216 -1.877971 0.419560 1.767749 -0.073897 -1.000000 
-0.148274 -0.041312 -0.058451 -0.889266 -1.874734 0.389208 1.767178 -0.068776 -1.000000 
-0.148341 0.024089 -0.065494 -0.871036 -1.871754 0.355286 1.766646 -0.064481 -1.000000 
-0.147897 0.086472 -0.072383 -0.850802 -1.869058 0.318235 1.766145 -0.060899 -1.000000 
-0.146965 0.145972 -0.079102 -0.828789 -1.866669 0.278484 1.765670 -0.057938 -1.000000 
-0.145568 0.202769 -0.085639 -0.805165 -1.864608 0.236448 1.765216 -0.055528 -1.000000 
-0.143727 0.257075 -0.091981 -0.780046 -1.862891 0.192525 1.764780 -0.053614 -1.000000 
-0.141461 0.309127 -0.098116 -0.753496 -1.861531 0.147098 1.764357 -0.052153 -1.000000 
-0.138787 0.359173 -0.104033 -0.725531 -1.860540 0.100537 1.763945 -0.051114 -1.000000 
-0.135719 0.407463 -0.109721 -0.696116 -1.859925 0.053199 1.763538 -0.050475 -1.000000 
-0.132271 0.454242 -0.115167 -0.665180 -1.859690 0.005432 1.763136 -0.050222 -1.000000 
-0.128455 0.499737 -0.120359 -0.632611 -1.859838 -0.042423 1.762734 -0.050348 -1.000000 
-0.124278 0.544155 -0.125284 -0.598267 -1.860368 -0.090030 1.762329 -0.050853 -1.000000 
-0.119750 0.587671 -0.129926 -0.561983 -1.861277 -0.137054 1.761919 -0.051746 -1.000000 
-0.114878 0.630424 -0.134270 -0.523573 -1.862559 -0.183157 1.761500 -0.053039 -1.000000 
-0.109665 0.672514 -0.138297 -0.482841 -1.864204 -0.228002 1.761069 -0.054755 -1.000000 
-0.104119 0.713993 -0.141989 -0.439592 -1.866203 -0.271244 1.760623 -0.056923 -1.000000 
-0.098243 0.754864 -0.145323 -0.393631 -1.868539 -0.312534 1.760157 -0.059584 -1.000000 
-0.092043 0.795079 -0.148279 -0.344783 -1.871197 -0.351518 1.759668 -0.062786 -1.000000 
-0.085524 0.834534 -0.150832 -0.292893 -1.874156 -0.387839 1.759151 -0.066592 -1.000000 
-0.078693 0.873073 -0.152957 -0.237840 -1.877394 -0.421139 1.758601 -0.071076 -1.000000 
-0.071558 0.910486 -0.154629 -0.179544 -1.880885 -0.451063 1.758012 -0.076330 -1.000000 
-0.064129 0.946513 -0.155821 -0.117974 -1.884601 -0.477264 1.757377 -0.082465 -1.000000 
-0.056418 0.980844 -0.156508 -0.053159 -1.888511 -0.499408 1.756690 -0.089611 -1.000000 
-0.048441 1.013131 -0.156663 0.014809 -1.892580 -0.517182 1.755941 -0.097924 -1.000000 
-0.040214 1.042988 -0.156263 0.085766 -1.896773 -0.530301 1.755119 -0.107588 -1.000000 
-0.031760 1.070006 -0.155283 0.159474 -1.901052 -0.538519 1.754215 -0.118812 -1.000000 
-0.023103 1.093756 -0.153705 0.235618 -1.905376 -0.541634 1.753214 -0.131837 -1.000000 
-0.014270 1.113808 -0.151508 0.313804 -1.909704 -0.539501 1.752100 -0.146927 -1.000000 
-0.005293 1.129737 -0.148679 0.393566 -1.913994 -0.532039 1.750857 -0.164367 -1.000000 
0.003794 1.141143 -0.145208 0.474367 -1.918203 -0.519238 1.749463 -0.184438 -1.000000 
0.012952 1.147659 -0.141088 0.555609 -1.922288 -0.501166 1.747898 -0.207395 -1.000000 
0.022142 1.148965 -0.136319 0.636644 -1.926208 -0.477976 1.746137 -0.233416 -1.000000 
0.031321 1.144807 -0.130904 0.716786 -1.929922 -0.449904 1.744155 -0.262532 -1.000000 
0.040444 1.135002 -0.124855 0.795328 -1.933394 -0.417274 1.741928 -0.294540 -1.000000 
0.049466 1.119450 -0.118185 0.871558 -1.936587 -0.380489 1.739436 -0.328889 -1.000000 
0.058340 1.098142 -0.110918 0.944779 -1.939472 -0.340031 1.736663 -0.364576 -1.000000 
0.067021 1.071163 -0.103079 1.014328 -1.942020 -0.296446 1.733603 -0.400079 -1.000000 
0.075464 1.038693 -0.094700 1.079594 -1.944208 -0.250332 1.730267 -0.433379 -1.000000 
0.083626 1.000998 -0.085818 1.140037 -1.946020 -0.202323 1.726681 -0.462123 -1.000000 
0.091467 0.958427 -0.076473 1.195202 -1.947442 -0.153066 1.722892 -0.483939 -1.000000 
0.098949 0.911391 -0.066710 1.244729 -1.948467 -0.103204 1.718962 -0.496866 -1.000000 
0.106038 0.860350 -0.056574 1.288359 -1.949093 -0.053350 1.714969 -0.499762 -1.000000 
0.112705 0.805793 -0.046112 1.325932 -1.949323 -0.004075 1.710993 -0.492552 -1.000000 
0.118923 0.748218 -0.035375 1.357379 -1.949161 0.044106 1.707112 -0.476224 -1.000000 
0.124670 0.688121 -0.024411 1.382716 -1.948621 0.090739 1.703393 -0.452568 -1.000000 
0.129928 0.625983 -0.013268 1.402025 -1.947715 0.135430 1.699885 -0.423782 -1.000000 
0.134681 0.562265 -0.001994 1.415445 -1.946460 0.177843 1.696620 -0.392079 -1.000000 
0.138921 0.497405 0.009364 1.423158 -1.944876 0.217689 1.693614 -0.359392 -1.000000 
0.142638 0.431815 0.020762 1.425382 -1.942985 0.254726 1.690868 -0.327226 -1.000000 
0.145829 0.365883 0.032156 1.422366 -1.940809 0.288750 1.688374 -0.296628 -1.000000 
0.148492 0.299972 0.043507 1.414378 -1.938373 0.319590 1.686116 -0.268237 -1.000000 
0.150629 0.234416 0.054774 1.401707 -1.935704 0.347111 1.684076 -0.242369 -1.000000 
0.152245 0.169528 0.065922 1.384654 -1.932828 0.371207 1.682232 -0.219110 -1.000000 
0.153344 0.105589 0.076918 1.363530 -1.929774 0.391804 1.680563 -0.198390 -1.000000 
0.153937 0.042854 0.087729 1.338654 -1.926569 0.408854 1.679051 -0.180054 -1.000000 
0.154034 -0.018450 0.098327 1.310344 -1.923242 0.422338 1.677677 -0.163897 -1.000000 
0.153646 -0.078126 0.108686 1.278921 -1.919821 0.432266 1.676423 -0.149698 -1.000000 
0.152789 -0.136003 0.118782 1.244697 -1.916335 0.438671 1.675277 -0.137238 -1.000000 
0.151475 -0.191943 0.128594 1.207978 -1.912812 0.441608 1.674223 -0.126313 -1.000000 
0.149723 -0.245831 0.138104 1.169057 -1.909278 0.441159 1.673252 -0.116733 -1.000000 
0.147548 -0.297581 0.147294 1.128213 -1.905762 0.437420 1.672353 -0.108332 -1.000000 
0.144968 -0.347132 0.156151 1.085707 -1.902288 0.430509 1.671516 -0.100962 -1.000000 
0.142000 -0.394446 0.164662 1.041783 -1.898882 0.420558 1.670735 -0.094494 -1.000000 
0.138662 -0.439506 0.172816 0.996661 -1.895567 0.407713 1.670002 -0.088818 -1.000000 
0.134974 -0.482314 0.180606 0.950542 -1.892366 0.392130 1.669312 -0.083837 -1.000000 
0.130951 -0.522890 0.188023 0.903600 -1.889300 0.373976 1.668659 -0.079471 -1.000000 
0.126613 -0.561268 0.195061 0.855990 -1.886389 0.353424 1.668039 -0.075650 -1.000000 
0.121977 -0.597494 0.201717 0.807839 -1.883651 0.330655 1.667447 -0.072314 -1.000000 
0.117059 -0.631621 0.207986 0.759253 -1.881103 0.305852 1.666881 -0.069413 -1.000000 
0.111876 -0.663714 0.213864 0.710315 -1.878762 0.279203 1.666336 -0.066903 -1.000000 
0.106445 -0.693838 0.219350 0.661086 -1.876641 0.250898 1.665809 -0.064751 -1.000000 
0.100780 -0.722063 0.224441 0.611606 -1.874752 0.221126 1.665299 -0.062924 -1.000000 
0.094897 -0.748458 0.229135 0.561897 -1.873106 0.190078 1.664802 -0.061399 -1.000000 
0.088809 -0.773092 0.233431 0.511961 -1.871713 0.157945 1.664316 -0.060155 -1.000000 
0.082532 -0.796028 0.237326 0.461786 -1.870581 0.124916 1.663839 -0.059175 -1.000000 
0.076077 -0.817327 0.240819 0.411348 -1.869717 0.091180 1.663368 -0.058446 -1.000000 
0.069459 -0.837040 0.243907 0.360609 -1.869124 0.056925 1.662903 -0.057959 -1.000000 
0.062689 -0.855213 0.246587 0.309522 -1.868807 0.022338 1.662440 -0.057707 -1.000000 
0.055779 -0.871880 0.248858 0.258034 -1.868767 -0.012395 1.661979 -0.057686 -1.000000 
0.048743 -0.887069 0.250715 0.206088 -1.869005 -0.047090 1.661517 -0.057895 -1.000000 
0.041590 -0.900794 0.252154 0.153622 -1.869520 -0.081564 1.661052 -0.058334 -1.000000 
0.034334 -0.913059 0.253171 0.100576 -1.870309 -0.115634 1.660583 -0.059009 -1.000000 
0.026985 -0.923859 0.253761 0.046895 -1.871368 -0.149119 1.660107 -0.059926 -1.000000 
0.019556 -0.933175 0.253920 -0.007475 -1.872693 -0.181837 1.659623 -0.061094 -1.000000 
0.012058 -0.940977 0.253640 -0.062577 -1.874275 -0.213611 1.659129 -0.062526 -1.000000 
0.004504 -0.947227 0.252916 -0.118448 -1.876107 -0.244262 1.658622 -0.064237 -1.000000 
-0.003093 -0.951875 0.251743 -0.175108 -1.878180 -0.273615 1.658100 -0.066246 -1.000000 
-0.010721 -0.954862 0.250112 -0.232567 -1.880481 -0.301496 1.657561 -0.068575 -1.000000 
-0.018366 -0.956122 0.248019 -0.290817 -1.882999 -0.327737 1.657002 -0.071250 -1.000000 
-0.026014 -0.955579 0.245457 -0.349832 -1.885720 -0.352171 1.656420 -0.074303 -1.000000 
-0.033650 -0.953156 0.242420 -0.409568 -1.888629 -0.374637 1.655812 -0.077768 -1.000000 
-0.041260 -0.948768 0.238903 -0.469959 -1.891709 -0.394983 1.655175 -0.081685 -1.000000 
-0.048825 -0.942331 0.234899 -0.530917 -1.894943 -0.413060 1.654504 -0.086102 -1.000000 
-0.056331 -0.933759 0.230407 -0.592332 -1.898311 -0.428733 1.653796 -0.091071 -1.000000 
-0.063760 -0.922970 0.225421 -0.654071 -1.901796 -0.441874 1.653045 -0.096649 -1.000000 
-0.071092 -0.909882 0.219941 -0.715979 -1.905374 -0.452371 1.652247 -0.102902 -1.000000 
-0.078311 -0.894423 0.213966 -0.777877 -1.909026 -0.460123 1.651397 -0.109902 -1.000000 
-0.085397 -0.876529 0.207496 -0.839566 -1.912729 -0.465049 1.650487 -0.117726 -1.000000 
-0.092329 -0.856145 0.200534 -0.900825 -1.916459 -0.467083 1.649511 -0.126459 -1.000000 
-0.099088 -0.833229 0.193084 -0.961417 -1.920194 -0.466180 1.648461 -0.136186 -1.000000 
-0.105654 -0.807756 0.185153 -1.021087 -1.923910 -0.462316 1.647329 -0.146997 -1.000000 
-0.112006 -0.779715 0.176750 -1.079567 -1.927583 -0.455491 1.646106 -0.158973 -1.000000 
-0.118123 -0.749115 0.167884 -1.136579 -1.931190 -0.445727 1.644782 -0.172191 -1.000000 
-0.123985 -0.715985 0.158569 -1.191837 -1.934707 -0.433075 1.643347 -0.186706 -1.000000 
-0.129572 -0.680374 0.148820 -1.245053 -1.938112 -0.417608 1.641791 -0.202543 -1.000000 
-0.134864 -0.642353 0.138655 -1.295939 -1.941382 -0.399426 1.640103 -0.219684 -1.000000 
-0.139843 -0.602015 0.128092 -1.344214 -1.944496 -0.378655 1.638273 -0.238050 -1.000000 
-0.144491 -0.559475 0.117155 -1.389605 -1.947434 -0.355448 1.636291 -0.257479 -1.000000 
-0.148789 -0.514868 0.105867 -1.431853 -1.950177 -0.329980 1.634151 -0.277711 -1.000000 
-0.152723 -0.468351 0.094254 -1.470717 -1.952708 -0.302448 1.631847 -0.298370 -1.000000 
-0.156278 -0.420100 0.082345 -1.505980 -1.955011 -0.273071 1.629377 -0.318954 -1.000000 
-0.159441 -0.370304 0.070169 -1.537448 -1.957073 -0.242082 1.626746 -0.338842 -1.000000 
-0.162200 -0.319171 0.057756 -1.564957 -1.958881 -0.209733 1.623960 -0.357318 -1.000000 
-0.164545 -0.266918 0.045140 -1.588375 -1.960426 -0.176280 1.621034 -0.373611 -1.000000 
-0.166468 -0.213768 0.032354 -1.607602 -1.961699 -0.141990 1.617990 -0.386960 -1.000000 
-0.167963 -0.159952 0.019430 -1.622571 -1.962696 -0.107131 1.614853 -0.396693 -1.000000 
-0.169026 -0.105699 0.006404 -1.633250 -1.963412 -0.071967 1.611654 -0.402300 -1.000000 
-0.169654 -0.051238 -0.006690 -1.639638 -1.963847 -0.036757 1.608427 -0.403501 -1.000000 
-0.169846 0.003209 -0.019819 -1.641765 -1.964001 -0.001752 1.605209 -0.400279 -1.000000 
-0.169603 0.057428 -0.032947 -1.639691 -1.963876 0.032812 1.602034 -0.392878 -1.000000 
-0.168928 0.111214 -0.046043 -1.633500 -1.963478 0.066711 1.598933 -0.381768 -1.000000 
-0.167825 0.164374 -0.059073 -1.623299 -1.962811 0.099736 1.595934 -0.367582 -1.000000 
-0.166300 0.216729 -0.072005 -1.609215 -1.961885 0.131696 1.593058 -0.351041 -1.000000 
-0.164360 0.268112 -0.084810 -1.591391 -1.960708 0.162415 1.590322 -0.332880 -1.000000 
-0.162013 0.318370 -0.097458 -1.569986 -1.959290 0.191731 1.587735 -0.313789 -1.000000 
-0.159270 0.367361 -0.109921 -1.545169 -1.957644 0.219501 1.585302 -0.294372 -1.000000 
-0.156139 0.414960 -0.122172 -1.517119 -1.955782 0.245594 1.583024 -0.275127 -1.000000 
-0.152634 0.461053 -0.134187 -1.486023 -1.953719 0.269895 1.580898 -0.256435 -1.000000 
-0.148767 0.505540 -0.145941 -1.452074 -1.951469 0.292303 1.578919 -0.238574 -1.000000 
-0.144550 0.548332 -0.157413 -1.415470 -1.949048 0.312731 1.577079 -0.221725 -1.000000 
-0.139998 0.589354 -0.168582 -1.376408 -1.946471 0.331105 1.575369 -0.205994 -1.000000 
-0.135125 0.628543 -0.179429 -1.335089 -1.943756 0.347366 1.573780 -0.191427 -1.000000 
-0.129947 0.665848 -0.189938 -1.291713 -1.940919 0.361466 1.572303 -0.178023 -1.000000 
-0.124477 0.701229 -0.200092 -1.246478 -1.937978 0.373373 1.570928 -0.165752 -1.000000 
-0.118732 0.734657 -0.209877 -1.199576 -1.934951 0.383064 1.569648 -0.154562 -1.000000 
-0.112728 0.766114 -0.219281 -1.151197 -1.931855 0.390531 1.568453 -0.144386 -1.000000 
-0.106480 0.795592 -0.228293 -1.101525 -1.928708 0.395776 1.567335 -0.135156 -1.000000 
-0.100004 0.823092 -0.236902 -1.050733 -1.925528 0.398815 1.566288 -0.126795 -1.000000 
-0.093315 0.848622 -0.245102 -0.998991 -1.922333 0.399672 1.565304 -0.119234 -1.000000 
-0.086431 0.872200 -0.252884 -0.946457 -1.919139 0.398382 1.564378 -0.112400 -1.000000 
-0.079365 0.893849 -0.260244 -0.893279 -1.915965 0.394990 1.563504 -0.106230 -1.000000 
-0.072134 0.913599 -0.267175 -0.839595 -1.912825 0.389549 1.562677 -0.100662 -1.000000 
-0.064753 0.931486 -0.273676 -0.785534 -1.909737 0.382122 1.561892 -0.095641 -1.000000 
-0.057235 0.947547 -0.279743 -0.731212 -1.906716 0.372776 1.561145 -0.091117 -1.000000 
-0.049597 0.961826 -0.285375 -0.676733 -1.903778 0.361588 1.560433 -0.087044 -1.000000 
-0.041851 0.974366 -0.290571 -0.622191 -1.900935 0.348639 1.559751 -0.083382 -1.000000 
-0.034011 0.985215 -0.295330 -0.567669 -1.898204 0.334018 1.559098 -0.080094 -1.000000 
-0.026092 0.994418 -0.299654 -0.513239 -1.895595 0.317815 1.558469 -0.077148 -1.000000 
-0.018105 1.002024 -0.303542 -0.458960 -1.893123 0.300127 1.557862 -0.074515 -1.000000 
-0.010064 1.008079 -0.306998 -0.404884 -1.890797 0.281054 1.557276 -0.072170 -1.000000 
-0.001980 1.012626 -0.310021 -0.351051 -1.888629 0.260698 1.556707 -0.070092 -1.000000 
0.006135 1.015710 -0.312615 -0.297492 -1.886629 0.239165 1.556154 -0.068260 -1.000000 
0.014268 1.017370 -0.314782 -0.244232 -1.884805 0.216561 1.555614 -0.066658 -1.000000 
0.022409 1.017643 -0.316524 -0.191284 -1.883167 0.192997 1.555087 -0.065271 -1.000000 
0.030547 1.016564 -0.317843 -0.138659 -1.881720 0.168581 1.554569 -0.064086 -1.000000 
0.038670 1.014162 -0.318743 -0.086357 -1.880471 0.143427 1.554061 -0.063094 -1.000000 
0.046770 1.010462 -0.319226 -0.034377 -1.879427 0.117646 1.553559 -0.062286 -1.000000 
0.054834 1.005487 -0.319294 0.017288 -1.878590 0.091351 1.553064 -0.061653 -1.000000 
0.062854 0.999254 -0.318950 0.068649 -1.877966 0.064655 1.552573 -0.061191 -1.000000 
0.070819 0.991774 -0.318196 0.119717 -1.877557 0.037671 1.552084 -0.060895 -1.000000 
0.078719 0.983057 -0.317035 0.170508 -1.877364 0.010513 1.551598 -0.060763 -1.000000 
0.086545 0.973105 -0.315469 0.221035 -1.877389 -0.016707 1.551112 -0.060792 -1.000000 
0.094286 0.961920 -0.313499 0.271313 -1.877631 -0.043875 1.550625 -0.060982 -1.000000 
0.101932 0.949496 -0.311129 0.321354 -1.878090 -0.070880 1.550135 -0.061335 -1.000000 
0.109474 0.935825 -0.308358 0.371169 -1.878764 -0.097611 1.549643 -0.061852 -1.000000 
0.116902 0.920896 -0.305190 0.420764 -1.879651 -0.123956 1.549145 -0.062536 -1.000000 
0.124205 0.904695 -0.301627 0.470143 -1.880746 -0.149806 1.548642 -0.063394 -1.000000 
0.131374 0.887204 -0.297669 0.519305 -1.882046 -0.175052 1.548131 -0.064429 -1.000000 
0.138397 0.868406 -0.293318 0.568243 -1.883545 -0.199588 1.547610 -0.065651 -1.000000 
0.145265 0.848279 -0.288577 0.616944 -1.885237 -0.223308 1.547080 -0.067068 -1.000000 
0.151966 0.826803 -0.283448 0.665389 -1.887116 -0.246108 1.546537 -0.068690 -1.000000 
0.158490 0.803958 -0.277932 0.713552 -1.889172 -0.267888 1.545980 -0.070530 -1.000000 
0.164825 0.779721 -0.272032 0.761398 -1.891399 -0.288549 1.545408 -0.072600 -1.000000 
0.170962 0.754075 -0.265751 0.808886 -1.893786 -0.307995 1.544818 -0.074917 -1.000000 
0.176887 0.727001 -0.259091 0.855965 -1.896323 -0.326135 1.544208 -0.077498 -1.000000 
0.182590 0.698485 -0.252056 0.902577 -1.899000 -0.342880 1.543577 -0.080363 -1.000000 
0.188059 0.668515 -0.244651 0.948656 -1.901805 -0.358146 1.542922 -0.083533 -1.000000 
0.193282 0.637085 -0.236880 0.994126 -1.904727 -0.371856 1.542240 -0.087033 -1.000000 
0.198248 0.604193 -0.228747 1.038904 -1.907751 -0.383936 1.541528 -0.090888 -1.000000 
0.202945 0.569841 -0.220259 1.082900 -1.910865 -0.394318 1.540784 -0.095127 -1.000000 
0.207362 0.534038 -0.211423 1.126015 -1.914055 -0.402942 1.540005 -0.099781 -1.000000 
0.211486 0.496803 -0.202246 1.168144 -1.917307 -0.409756 1.539187 -0.104883 -1.000000 
0.215307 0.458157 -0.192735 1.209176 -1.920606 -0.414714 1.538326 -0.110468 -1.000000 
0.218813 0.418134 -0.182902 1.248995 -1.923938 -0.417779 1.537418 -0.116572 -1.000000 
0.221993 0.376772 -0.172755 1.287477 -1.927286 -0.418924 1.536459 -0.123232 -1.000000 
0.224838 0.334120 -0.162306 1.324500 -1.930635 -0.418131 1.535445 -0.130486 -1.000000 
0.227336 0.290237 -0.151567 1.359935 -1.933971 -0.415391 1.534370 -0.138368 -1.000000 
0.229478 0.245188 -0.140552 1.393653 -1.937276 -0.410708 1.533229 -0.146912 -1.000000 
0.231256 0.199049 -0.129274 1.425526 -1.940537 -0.404095 1.532017 -0.156145 -1.000000 
0.232661 0.151905 -0.117749 1.455426 -1.943737 -0.395576 1.530729 -0.166087 -1.000000 
0.233684 0.103848 -0.105993 1.483228 -1.946861 -0.385187 1.529358 -0.176743 -1.000000 
0.234320 0.054981 -0.094023 1.508810 -1.949895 -0.372977 1.527899 -0.188107 -1.000000 
0.234562 0.005413 -0.081858 1.532057 -1.952824 -0.359003 1.526346 -0.200150 -1.000000 
0.234405 -0.044739 -0.069517 1.552859 -1.955634 -0.343337 1.524695 -0.212816 -1.000000 
0.233845 -0.095351 -0.057019 1.571115 -1.958313 -0.326058 1.522940 -0.226019 -1.000000 
0.232879 -0.146295 -0.044386 1.586733 -1.960847 -0.307258 1.521077 -0.239638 -1.000000 
0.231504 -0.197435 -0.031638 1.599630 -1.963225 -0.287039 1.519105 -0.253508 -1.000000 
0.229719 -0.248634 -0.018799 1.609737 -1.965436 -0.265512 1.517021 -0.267422 -1.000000 
0.227526 -0.299752 -0.005890 1.616996 -1.967470 -0.242795 1.514827 -0.281131 -1.000000 
0.224924 -0.350645 0.007065 1.621361 -1.969318 -0.219015 1.512524 -0.294345 -1.000000 
0.221916 -0.401172 0.020044 1.622802 -1.970972 -0.194305 1.510119 -0.306744 -1.000000 
0.218507 -0.451191 0.033022 1.621302 -1.972425 -0.168801 1.507620 -0.317992 -1.000000 
0.214699 -0.500563 0.045977 1.616857 -1.973671 -0.142646 1.505035 -0.327752 -1.000000 
0.210500 -0.549151 0.058884 1.609478 -1.974706 -0.115983 1.502380 -0.335710 -1.000000 
0.205915 -0.596824 0.071721 1.599192 -1.975526 -0.088956 1.499670 -0.341596 -1.000000 
0.200953 -0.643457 0.084463 1.586035 -1.976129 -0.061710 1.496921 -0.345206 -1.000000 
0.195623 -0.688931 0.097090 1.570059 -1.976513 -0.034387 1.494153 -0.346418 -1.000000 
0.189934 -0.733132 0.109577 1.551328 -1.976679 -0.007127 1.491385 -0.345203 -1.000000 
0.183896 -0.775958 0.121904 1.529913 -1.976628 0.019935 1.488636 -0.341628 -1.000000 
0.177522 -0.817312 0.134049 1.505899 -1.976361 0.046667 1.485925 -0.335847 -1.000000 
0.170824 -0.857108 0.145991 1.479379 -1.975882 0.072943 1.483268 -0.328085 -1.000000 
0.163813 -0.895267 0.157712 1.450451 -1.975196 0.098645 1.480680 -0.318627 -1.000000 
0.156504 -0.931719 0.169193 1.419223 -1.974306 0.123658 1.478173 -0.307785 -1.000000 
0.148910 -0.966404 0.180414 1.385807 -1.973219 0.147876 1.475758 -0.295888 -1.000000 
0.141046 -0.999270 0.191360 1.350319 -1.971942 0.171199 1.473441 -0.283253 -1.000000 
0.132927 -1.030273 0.202014 1.312881 -1.970483 0.193534 1.471227 -0.270177 -1.000000 
0.124567 -1.059377 0.212361 1.273616 -1.968849 0.214795 1.469119 -0.256925 -1.000000 
0.115982 -1.086556 0.222387 1.232648 -1.967049 0.234904 1.467116 -0.243722 -1.000000 
0.107187 -1.111789 0.232079 1.190106 -1.965093 0.253789 1.465218 -0.230753 -1.000000 
0.098199 -1.135064 0.241425 1.146117 -1.962992 0.271384 1.463423 -0.218163 -1.000000 
0.089031 -1.156374 0.250414 1.100809 -1.960755 0.287634 1.461727 -0.206062 -1.000000 
0.079702 -1.175722 0.259035 1.054307 -1.958393 0.302486 1.460125 -0.194526 -1.000000 
0.070225 -1.193114 0.267280 1.006737 -1.955919 0.315898 1.458612 -0.183604 -1.000000 
0.060617 -1.208564 0.275140 0.958223 -1.953343 0.327834 1.457185 -0.173322 -1.000000 
0.050893 -1.222091 0.282609 0.908884 -1.950677 0.338263 1.455838 -0.163690 -1.000000 
0.041069 -1.233717 0.289680 0.858839 -1.947935 0.347164 1.454564 -0.154701 -1.000000 
0.031159 -1.243473 0.296349 0.808201 -1.945127 0.354520 1.453361 -0.146341 -1.000000 
0.021178 -1.251389 0.302610 0.757080 -1.942267 0.360323 1.452221 -0.138585 -1.000000 
0.011141 -1.257502 0.308461 0.705581 -1.939366 0.364568 1.451142 -0.131408 -1.000000 
0.001063 -1.261852 0.313899 0.653805 -1.936438 0.367261 1.450117 -0.124777 -1.000000 
-0.009044 -1.264481 0.318922 0.601847 -1.933494 0.368410 1.449144 -0.118661 -1.000000 
-0.019164 -1.265432 0.323528 0.549796 -1.930547 0.368030 1.448218 -0.113027 -1.000000 
-0.029286 -1.264753 0.327718 0.497738 -1.927609 0.366143 1.447334 -0.107843 -1.000000 
-0.039396 -1.262490 0.331492 0.445750 -1.924693 0.362773 1.446491 -0.103079 -1.000000 
-0.049482 -1.258692 0.334851 0.393906 -1.921809 0.357953 1.445684 -0.098703 -1.000000 
-0.059531 -1.253407 0.337795 0.342272 -1.918969 0.351719 1.444911 -0.094689 -1.000000 
-0.069533 -1.246683 0.340328 0.290909 -1.916185 0.344109 1.444168 -0.091011 -1.000000 
-0.079475 -1.238569 0.342451 0.239873 -1.913467 0.335169 1.443454 -0.087643 -1.000000 
-0.089346 -1.229112 0.344167 0.189213 -1.910826 0.324946 1.442765 -0.084564 -1.000000 
-0.099137 -1.218359 0.345479 0.138973 -1.908271 0.313493 1.442100 -0.081754 -1.000000 
-0.108837 -1.206352 0.346392 0.089192 -1.905813 0.300863 1.441456 -0.079192 -1.000000 
-0.118435 -1.193136 0.346908 0.039903 -1.903460 0.287114 1.440832 -0.076863 -1.000000 
-0.127924 -1.178751 0.347031 -0.008864 -1.901222 0.272308 1.440226 -0.074750 -1.000000 
-0.137292 -1.163235 0.346767 -0.057085 -1.899106 0.256506 1.439636 -0.072841 -1.000000 
-0.146533 -1.146625 0.346120 -0.104740 -1.897120 0.239773 1.439060 -0.071122 -1.000000 
-0.155636 -1.128953 0.345093 -0.151812 -1.895272 0.222177 1.438497 -0.069581 -1.000000 
-0.164593 -1.110251 0.343692 -0.198290 -1.893568 0.203785 1.437946 -0.068210 -1.000000 
-0.173397 -1.090547 0.341922 -0.244163 -1.892013 0.184668 1.437406 -0.066999 -1.000000 
-0.182039 -1.069865 0.339787 -0.289423 -1.890615 0.164897 1.436874 -0.065941 -1.000000 
-0.190512 -1.048228 0.337293 -0.334067 -1.889377 0.144543 1.436350 -0.065028 -1.000000 
-0.198808 -1.025656 0.334444 -0.378092 -1.888303 0.123680 1.435833 -0.064255 -1.000000 
-0.206920 -1.002164 0.331245 -0.421495 -1.887399 0.102382 1.435322 -0.063616 -1.000000 
-0.214841 -0.977768 0.327701 -0.464277 -1.886666 0.080723 1.434815 -0.063109 -1.000000 
-0.222562 -0.952478 0.323818 -0.506437 -1.886108 0.058778 1.434312 -0.062729 -1.000000 
-0.230078 -0.926304 0.319600 -0.547978 -1.885726 0.036621 1.433811 -0.062473 -1.000000 
-0.237381 -0.899252 0.315052 -0.588898 -1.885523 0.014329 1.433312 -0.062341 -1.000000 
-0.244464 -0.871327 0.310179 -0.629197 -1.885497 -0.008024 1.432813 -0.062330 -1.000000 
-0.251320 -0.842532 0.304987 -0.668875 -1.885651 -0.030363 1.432314 -0.062441 -1.000000 
-0.257942 -0.812870 0.299479 -0.707930 -1.885983 -0.052613 1.431814 -0.062674 -1.000000 
-0.264323 -0.782340 0.293662 -0.746357 -1.886492 -0.074700 1.431311 -0.063030 -1.000000 
-0.270457 -0.750941 0.287539 -0.784152 -1.887177 -0.096548 1.430805 -0.063510 -1.000000 
-0.276336 -0.718672 0.281117 -0.821306 -1.888036 -0.118087 1.430294 -0.064116 -1.000000 
-0.281953 -0.685532 0.274400 -0.857808 -1.889066 -0.139241 1.429779 -0.064853 -1.000000 
-0.287302 -0.651519 0.267394 -0.893648 -1.890263 -0.159941 1.429256 -0.065723 -1.000000 
-0.292375 -0.616631 0.260103 -0.928808 -1.891623 -0.180115 1.428727 -0.066731 -1.000000 
-0.297166 -0.580868 0.252535 -0.963270 -1.893143 -0.199693 1.428188 -0.067882 -1.000000 
-0.301667 -0.544230 0.244693 -0.997013 -1.894817 -0.218609 1.427640 -0.069183 -1.000000 
-0.305871 -0.506719 0.236584 -1.030012 -1.896639 -0.236795 1.427081 -0.070640 -1.000000 
-0.309772 -0.468340 0.228215 -1.062239 -1.898603 -0.254187 1.426510 -0.072262 -1.000000 
-0.313362 -0.429096 0.219591 -1.093662 -1.900704 -0.270722 1.425924 -0.074056 -1.000000 
-0.316635 -0.388998 0.210718 -1.124247 -1.902933 -0.286340 1.425324 -0.076032 -1.000000 
-0.319584 -0.348055 0.201605 -1.153957 -1.905282 -0.300982 1.424707 -0.078202 -1.000000 
-0.322202 -0.306282 0.192258 -1.182749 -1.907745 -0.314593 1.424072 -0.080576 -1.000000 
-0.324482 -0.263696 0.182684 -1.210580 -1.910313 -0.327120 1.423418 -0.083167 -1.000000 
-0.326419 -0.220320 0.172891 -1.237404 -1.912976 -0.338514 1.422741 -0.085989 -1.000000 
-0.328005 -0.176177 0.162888 -1.263172 -1.915726 -0.348729 1.422041 -0.089057 -1.000000 
-0.329236 -0.131298 0.152683 -1.287830 -1.918553 -0.357722 1.421315 -0.092385 -1.000000 
-0.330104 -0.085717 0.142286 -1.311327 -1.921446 -0.365455 1.420562 -0.095991 -1.000000 
-0.330606 -0.039471 0.131705 -1.333606 -1.924397 -0.371893 1.419779 -0.099892 -1.000000 
-0.330734 0.007395 0.120951 -1.354611 -1.927393 -0.377006 1.418963 -0.104107 -1.000000 
-0.330486 0.054835 0.110035 -1.374283 -1.930425 -0.380769 1.418112 -0.108653 -1.000000 
-0.329855 0.102795 0.098967 -1.392565 -1.933482 -0.383162 1.417224 -0.113550 -1.000000 
-0.328840 0.151218 0.087758 -1.409398 -1.936552 -0.384169 1.416294 -0.118817 -1.000000 
-0.327435 0.200041 0.076420 -1.424724 -1.939625 -0.383781 1.415322 -0.124472 -1.000000 
-0.325638 0.249197 0.064966 -1.438486 -1.942689 -0.381993 1.414302 -0.130532 -1.000000 
-0.323447 0.298616 0.053409 -1.450627 -1.945733 -0.378806 1.413232 -0.137011 -1.000000 
-0.320860 0.348221 0.041761 -1.461095 -1.948746 -0.374229 1.412108 -0.143923 -1.000000 
-0.317875 0.397932 0.030036 -1.469836 -1.951717 -0.368273 1.410928 -0.151275 -1.000000 
-0.314493 0.447665 0.018248 -1.476802 -1.954635 -0.360960 1.409687 -0.159070 -1.000000 
-0.310713 0.497334 0.006412 -1.481948 -1.957489 -0.352313 1.408382 -0.167304 -1.000000 
-0.306536 0.546847 -0.005458 -1.485232 -1.960268 -0.342365 1.407009 -0.175963 -1.000000 
-0.301964 0.596113 -0.017347 -1.486617 -1.962963 -0.331153 1.405565 -0.185024 -1.000000 
-0.296999 0.645036 -0.029239 -1.486071 -1.965563 -0.318720 1.404048 -0.194451 -1.000000 
-0.291645 0.693519 -0.041119 -1.483567 -1.968060 -0.305117 1.402453 -0.204193 -1.000000 
-0.285904 0.741465 -0.052971 -1.479082 -1.970442 -0.290397 1.400780 -0.214183 -1.000000 
-0.279783 0.788776 -0.064779 -1.472602 -1.972703 -0.274622 1.399026 -0.224334 -1.000000 
-0.273286 0.835354 -0.076527 -1.464116 -1.974834 -0.257856 1.397190 -0.234544 -1.000000 
-0.266419 0.881101 -0.088199 -1.453623 -1.976826 -0.240170 1.395273 -0.244689 -1.000000 
-0.259191 0.925920 -0.099779 -1.441125 -1.978674 -0.221638 1.393276 -0.254627 -1.000000 
-0.251607 0.969719 -0.111252 -1.426633 -1.980370 -0.202338 1.391200 -0.264201 -1.000000 
-0.243678 1.012404 -0.122600 -1.410163 -1.981910 -0.182351 1.389050 -0.273242 -1.000000 
-0.235412 1.053888 -0.133809 -1.391740 -1.983287 -0.161763 1.386830 -0.281574 -1.000000 
-0.226819 1.094085 -0.144863 -1.371394 -1.984497 -0.140660 1.384547 -0.289021 -1.000000 
-0.217910 1.132914 -0.155746 -1.349161 -1.985536 -0.119130 1.382209 -0.295414 -1.000000 
-0.208697 1.170299 -0.166445 -1.325084 -1.986402 -0.097263 1.379824 -0.300601 -1.000000 
-0.199190 1.206168 -0.176943 -1.299212 -1.987091 -0.075148 1.377403 -0.304455 -1.000000 
-0.189402 1.240456 -0.187227 -1.271599 -1.987604 -0.052876 1.374956 -0.306878 -1.000000 
-0.179347 1.273101 -0.197284 -1.242303 -1.987937 -0.030537 1.372497 -0.307811 -1.000000 
-0.169037 1.304050 -0.207100 -1.211389 -1.988092 -0.008217 1.370035 -0.307237 -1.000000 
-0.158487 1.333253 -0.216662 -1.178924 -1.988069 0.013994 1.367585 -0.305180 -1.000000 
-0.147710 1.360668 -0.225959 -1.144980 -1.987869 0.036014 1.365156 -0.301704 -1.000000 
-0.136721 1.386258 -0.234978 -1.109632 -1.987494 0.057760 1.362761 -0.296907 -1.000000 
-0.125534 1.409992 -0.243709 -1.072957 -1.986946 0.079151 1.360409 -0.290921 -1.000000 
-0.114166 1.431847 -0.252142 -1.035035 -1.986228 0.100112 1.358109 -0.283897 -1.000000 
-0.102630 1.451803 -0.260267 -0.995947 -1.985345 0.120568 1.355869 -0.275998 -1.000000 
-0.090942 1.469847 -0.268074 -0.955777 -1.984301 0.140450 1.353695 -0.267398 -1.000000 
-0.079118 1.485972 -0.275557 -0.914608 -1.983100 0.159691 1.351592 -0.258266 -1.000000 
-0.067172 1.500176 -0.282706 -0.872525 -1.981748 0.178229 1.349564 -0.248763 -1.000000 
-0.055120 1.512461 -0.289515 -0.829612 -1.980250 0.196004 1.347612 -0.239040 -1.000000 
-0.042977 1.522836 -0.295978 -0.785954 -1.978614 0.212961 1.345739 -0.229232 -1.000000 
-0.030760 1.531313 -0.302088 -0.741635 -1.976845 0.229049 1.343945 -0.219456 -1.000000 
-0.018481 1.537909 -0.307842 -0.696738 -1.974951 0.244221 1.342228 -0.209811 -1.000000 
-0.006158 1.542644 -0.313235 -0.651345 -1.972940 0.258434 1.340587 -0.200380 -1.000000 
0.006196 1.545544 -0.318263 -0.605538 -1.970819 0.271648 1.339021 -0.191226 -1.000000 
0.018566 1.546638 -0.322922 -0.559394 -1.968596 0.283829 1.337526 -0.182399 -1.000000 
0.030937 1.545956 -0.327212 -0.512991 -1.966281 0.294946 1.336101 -0.173937 -1.000000 
0.043297 1.543533 -0.331130 -0.466405 -1.963880 0.304972 1.334742 -0.165861 -1.000000 
0.055629 1.539408 -0.334674 -0.419707 -1.961404 0.313885 1.333447 -0.158188 -1.000000 
0.067923 1.533619 -0.337845 -0.372967 -1.958861 0.321666 1.332210 -0.150923 -1.000000 
0.080163 1.526209 -0.340642 -0.326255 -1.956260 0.328301 1.331031 -0.144065 -1.000000 
0.092338 1.517220 -0.343065 -0.279632 -1.953611 0.333780 1.329904 -0.137609 -1.000000 
0.104434 1.506700 -0.345116 -0.233162 -1.950923 0.338096 1.328828 -0.131545 -1.000000 
0.116441 1.494693 -0.346797 -0.186902 -1.948205 0.341246 1.327799 -0.125861 -1.000000 
0.128346 1.481246 -0.348108 -0.140908 -1.945466 0.343232 1.326813 -0.120543 -1.000000 
0.140137 1.466409 -0.349052 -0.095231 -1.942716 0.344059 1.325869 -0.115573 -1.000000 
0.151805 1.450228 -0.349632 -0.049920 -1.939964 0.343736 1.324963 -0.110936 -1.000000 
0.163337 1.432752 -0.349852 -0.005021 -1.937220 0.342273 1.324093 -0.106614 -1.000000 
0.174725 1.414029 -0.349714 0.039425 -1.934491 0.339687 1.323256 -0.102591 -1.000000 
0.185959 1.394106 -0.349222 0.083378 -1.931788 0.335996 1.322451 -0.098850 -1.000000 
0.197028 1.373031 -0.348381 0.126804 -1.929118 0.331221 1.321674 -0.095374 -1.000000 
0.207924 1.350848 -0.347195 0.169670 -1.926491 0.325387 1.320924 -0.092149 -1.000000 
0.218639 1.327604 -0.345668 0.211947 -1.923915 0.318521 1.320199 -0.089159 -1.000000 
0.229163 1.303340 -0.343805 0.253609 -1.921397 0.310653 1.319497 -0.086391 -1.000000 
0.239490 1.278100 -0.341612 0.294631 -1.918947 0.301815 1.318816 -0.083832 -1.000000 
0.249610 1.251923 -0.339093 0.334994 -1.916571 0.292042 1.318155 -0.081468 -1.000000 
0.259518 1.224849 -0.336254 0.374679 -1.914276 0.281370 1.317512 -0.079290 -1.000000 
0.269206 1.196914 -0.333100 0.413671 -1.912071 0.269838 1.316886 -0.077286 -1.000000 
0.278666 1.168153 -0.329637 0.451955 -1.909961 0.257487 1.316275 -0.075447 -1.000000 
0.287894 1.138599 -0.325871 0.489521 -1.907953 0.244358 1.315679 -0.073764 -1.000000 
0.296882 1.108283 -0.321807 0.526359 -1.906053 0.230496 1.315095 -0.072228 -1.000000 
0.305624 1.077234 -0.317451 0.562461 -1.904267 0.215946 1.314523 -0.070833 -1.000000 
0.314116 1.045479 -0.312809 0.597820 -1.902600 0.200754 1.313961 -0.069571 -1.000000 
0.322350 1.013043 -0.307888 0.632432 -1.901057 0.184968 1.313409 -0.068437 -1.000000 
0.330323 0.979948 -0.302692 0.666292 -1.899642 0.168637 1.312866 -0.067424 -1.000000 
0.338028 0.946215 -0.297229 0.699397 -1.898360 0.151810 1.312330 -0.066529 -1.000000 
0.345461 0.911864 -0.291504 0.731745 -1.897214 0.134538 1.311801 -0.065746 -1.000000 
0.352616 0.876912 -0.285523 0.763334 -1.896208 0.116872 1.311278 -0.065072 -1.000000 
0.359490 0.841374 -0.279293 0.794162 -1.895345 0.098864 1.310760 -0.064503 -1.000000 
0.366076 0.805263 -0.272819 0.824228 -1.894627 0.080566 1.310245 -0.064038 -1.000000 
0.372372 0.768593 -0.266107 0.853531 -1.894057 0.062031 1.309735 -0.063673 -1.000000 
0.378373 0.731375 -0.259164 0.882068 -1.893635 0.043311 1.309226 -0.063407 -1.000000 
0.384073 0.693619 -0.251996 0.909837 -1.893364 0.024460 1.308720 -0.063238 -1.000000 
0.389469 0.655333 -0.244609 0.936837 -1.893244 0.005531 1.308214 -0.063166 -1.000000 
0.394557 0.616526 -0.237009 0.963063 -1.893276 -0.013424 1.307709 -0.063189 -1.000000 
0.399332 0.577205 -0.229202 0.988511 -1.893459 -0.032350 1.307203 -0.063308 -1.000000 
0.403791 0.537378 -0.221195 1.013178 -1.893793 -0.051195 1.306696 -0.063523 -1.000000 
0.407929 0.497051 -0.212993 1.037056 -1.894278 -0.069906 1.306186 -0.063835 -1.000000 
0.411742 0.456230 -0.204604 1.060139 -1.894911 -0.088432 1.305674 -0.064244 -1.000000 
0.415227 0.414924 -0.196033 1.082418 -1.895692 -0.106719 1.305158 -0.064753 -1.000000 
0.418380 0.373138 -0.187287 1.103884 -1.896618 -0.124717 1.304638 -0.065363 -1.000000 
0.421196 0.330881 -0.178373 1.124526 -1.897686 -0.142375 1.304112 -0.066076 -1.000000 
0.423673 0.288161 -0.169297 1.144333 -1.898895 -0.159642 1.303580 -0.066896 -1.000000 
0.425805 0.244988 -0.160066 1.163290 -1.900239 -0.176471 1.303042 -0.067826 -1.000000 
0.427591 0.201372 -0.150687 1.181383 -1.901717 -0.192812 1.302495 -0.068869 -1.000000 
0.429026 0.157324 -0.141166 1.198596 -1.903323 -0.208618 1.301939 -0.070030 -1.000000 
0.430107 0.112859 -0.131512 1.214911 -1.905053 -0.223844 1.301374 -0.071313 -1.000000 
0.430831 0.067991 -0.121730 1.230310 -1.906903 -0.238444 1.300798 -0.072723 -1.000000 
0.431194 0.022738 -0.111829 1.244772 -1.908867 -0.252375 1.300210 -0.074267 -1.000000 
0.431194 -0.022882 -0.101816 1.258278 -1.910939 -0.265596 1.299609 -0.075949 -1.000000 
0.430827 -0.068848 -0.091699 1.270805 -1.913114 -0.278066 1.298995 -0.077778 -1.000000 
0.430091 -0.115135 -0.081486 1.282329 -1.915386 -0.289747 1.298364 -0.079760 -1.000000 
0.428984 -0.161718 -0.071185 1.292828 -1.917748 -0.300603 1.297718 -0.081902 -1.000000 
0.427503 -0.208570 -0.060804 1.302277 -1.920193 -0.310598 1.297054 -0.084214 -1.000000 
0.425646 -0.255657 -0.050351 1.310651 -1.922715 -0.319701 1.296370 -0.086705 -1.000000 
0.423412 -0.302947 -0.039836 1.317925 -1.925306 -0.327882 1.295666 -0.089382 -1.000000 
0.420799 -0.350404 -0.029267 1.324074 -1.927959 -0.335113 1.294939 -0.092257 -1.000000 
0.417805 -0.397987 -0.018654 1.329072 -1.930665 -0.341370 1.294189 -0.095339 -1.000000 
0.414431 -0.445655 -0.008005 1.332893 -1.933418 -0.346629 1.293413 -0.098639 -1.000000 
0.410675 -0.493363 0.002669 1.335515 -1.936209 -0.350873 1.292610 -0.102167 -1.000000 
0.406537 -0.541064 0.013360 1.336911 -1.939029 -0.354084 1.291778 -0.105935 -1.000000 
0.402018 -0.588707 0.024056 1.337060 -1.941871 -0.356249 1.290915 -0.109953 -1.000000 
0.397118 -0.636239 0.034749 1.335938 -1.944726 -0.357359 1.290018 -0.114232 -1.000000 
0.391838 -0.683606 0.045428 1.333525 -1.947586 -0.357406 1.289086 -0.118781 -1.000000 
0.386181 -0.730749 0.056082 1.329801 -1.950442 -0.356386 1.288117 -0.123610 -1.000000 
0.380147 -0.777609 0.066701 1.324749 -1.953285 -0.354301 1.287108 -0.128727 -1.000000 
0.373740 -0.824124 0.077274 1.318353 -1.956108 -0.351154 1.286056 -0.134138 -1.000000 
0.366962 -0.870230 0.087791 1.310598 -1.958901 -0.346952 1.284961 -0.139846 -1.000000 
0.359818 -0.915863 0.098240 1.301475 -1.961656 -0.341706 1.283818 -0.145853 -1.000000 
0.352310 -0.960956 0.108611 1.290972 -1.964366 -0.335430 1.282626 -0.152157 -1.000000 
0.344444 -1.005441 0.118892 1.279086 -1.967021 -0.328143 1.281383 -0.158751 -1.000000 
0.336225 -1.049249 0.129073 1.265812 -1.969613 -0.319867 1.280086 -0.165623 -1.000000 
0.327658 -1.092313 0.139142 1.251149 -1.972136 -0.310627 1.278732 -0.172756 -1.000000 
0.318750 -1.134563 0.149087 1.235102 -1.974581 -0.300452 1.277321 -0.180126 -1.000000 
0.309507 -1.175931 0.158899 1.217675 -1.976941 -0.289374 1.275850 -0.187700 -1.000000 
0.299937 -1.216347 0.168567 1.198878 -1.979208 -0.277431 1.274317 -0.195438 -1.000000 
0.290048 -1.255744 0.178078 1.178725 -1.981377 -0.264660 1.272722 -0.203290 -1.000000 
0.279848 -1.294056 0.187423 1.157231 -1.983441 -0.251104 1.271064 -0.211197 -1.000000 
0.269347 -1.331217 0.196590 1.134416 -1.985393 -0.236808 1.269343 -0.219090 -1.000000 
0.258552 -1.367165 0.205570 1.110304 -1.987228 -0.221820 1.267559 -0.226890 -1.000000 
0.247475 -1.401838 0.214352 1.084921 -1.988940 -0.206191 1.265713 -0.234512 -1.000000 
0.236126 -1.435177 0.222925 1.058298 -1.990526 -0.189974 1.263808 -0.241859 -1.000000 
0.224516 -1.467126 0.231281 1.030467 -1.991979 -0.173222 1.261845 -0.248833 -1.000000 
0.212656 -1.497633 0.239410 1.001464 -1.993296 -0.155993 1.259828 -0.255330 -1.000000 
0.200558 -1.526647 0.247302 0.971331 -1.994473 -0.138346 1.257761 -0.261247 -1.000000 
0.188234 -1.554122 0.254948 0.940109 -1.995508 -0.120338 1.255650 -0.266484 -1.000000 
0.175696 -1.580015 0.262340 0.907843 -1.996398 -0.102031 1.253499 -0.270949 -1.000000 
0.162958 -1.604287 0.269471 0.874580 -1.997140 -0.083485 1.251317 -0.274559 -1.000000 
0.150032 -1.626904 0.276331 0.840371 -1.997733 -0.064761 1.249109 -0.277244 -1.000000 
0.136932 -1.647833 0.282914 0.805268 -1.998176 -0.045922 1.246883 -0.278955 -1.000000 
0.123671 -1.667050 0.289213 0.769324 -1.998468 -0.027027 1.244648 -0.279660 -1.000000 
0.110264 -1.684531 0.295221 0.732594 -1.998609 -0.008137 1.242411 -0.279347 -1.000000 
0.000000 0.000000 0.000000 0.000000 0.000000 0.000000 0.000000 0.000000 0.000000 
