0.435187 -0.219224 -0.183883 0.694983 -1.854916 -0.513003 1.398202 -0.022707 -1.000000 
0.433265 -0.261352 -0.178244 0.714689 -1.859154 -0.546159 1.398017 -0.023594 -1.000000 
0.431003 -0.304281 -0.172448 0.734290 -1.863651 -0.577784 1.397824 -0.024586 -1.000000 
0.428394 -0.348023 -0.166496 0.753767 -1.868394 -0.607769 1.397623 -0.025695 -1.000000 
0.425432 -0.392582 -0.160388 0.773098 -1.873370 -0.636004 1.397413 -0.026935 -1.000000 
0.422111 -0.437955 -0.154127 0.792257 -1.878565 -0.662382 1.397192 -0.028319 -1.000000 
0.418423 -0.484130 -0.147713 0.811211 -1.883963 -0.686797 1.396959 -0.029868 -1.000000 
0.414362 -0.531089 -0.141148 0.829923 -1.889549 -0.709146 1.396713 -0.031602 -1.000000 
0.409923 -0.578801 -0.134435 0.848353 -1.895304 -0.729331 1.396453 -0.033545 -1.000000 
0.405100 -0.627230 -0.127575 0.866455 -1.901212 -0.747253 1.396176 -0.035728 -1.000000 
0.399886 -0.676327 -0.120572 0.884179 -1.907254 -0.762823 1.395881 -0.038184 -1.000000 
0.394277 -0.726036 -0.113430 0.901473 -1.913410 -0.775954 1.395564 -0.040955 -1.000000 
0.388268 -0.776291 -0.106150 0.918278 -1.919662 -0.786566 1.395224 -0.044089 -1.000000 
0.381855 -0.827014 -0.098739 0.934534 -1.925989 -0.794585 1.394858 -0.047645 -1.000000 
0.375035 -0.878120 -0.091199 0.950178 -1.932369 -0.799945 1.394461 -0.051692 -1.000000 
0.367804 -0.929514 -0.083538 0.965144 -1.938780 -0.802588 1.394029 -0.056314 -1.000000 
0.360162 -0.981091 -0.075759 0.979365 -1.945203 -0.802466 1.393558 -0.061612 -1.000000 
0.352107 -1.032740 -0.067870 0.992770 -1.951612 -0.799541 1.393041 -0.067710 -1.000000 
0.343638 -1.084337 -0.059877 1.005290 -1.957988 -0.793786 1.392472 -0.074759 -1.000000 
0.334758 -1.135756 -0.051788 1.016854 -1.964305 -0.785184 1.391842 -0.082944 -1.000000 
0.325467 -1.186858 -0.043610 1.027392 -1.970543 -0.773731 1.391141 -0.092492 -1.000000 
0.315769 -1.237503 -0.035352 1.036834 -1.976678 -0.759439 1.390358 -0.103687 -1.000000 
0.305669 -1.287543 -0.027024 1.045113 -1.982687 -0.742331 1.389477 -0.116882 -1.000000 
0.295171 -1.336825 -0.018634 1.052164 -1.988547 -0.722444 1.388481 -0.132515 -1.000000 
0.284282 -1.385195 -0.010193 1.057923 -1.994238 -0.699832 1.387349 -0.151139 -1.000000 
0.273010 -1.432494 -0.001711 1.062333 -1.999738 -0.674564 1.386053 -0.173447 -1.000000 
0.261365 -1.478565 0.006801 1.065338 -2.005025 -0.646725 1.384561 -0.200311 -1.000000 
0.249357 -1.523250 0.015331 1.066892 -2.010079 -0.616415 1.382833 -0.232824 -1.000000 
0.236997 -1.566393 0.023867 1.066950 -2.014881 -0.583753 1.380818 -0.272352 -1.000000 
0.224299 -1.607841 0.032398 1.065476 -2.019413 -0.548873 1.378452 -0.320578 -1.000000 
0.211277 -1.647447 0.040911 1.062442 -2.023657 -0.511926 1.375660 -0.379538 -1.000000 
0.197945 -1.685068 0.049393 1.057827 -2.027599 -0.473082 1.372345 -0.451609 -1.000000 
0.184321 -1.720573 0.057832 1.051619 -2.031222 -0.432525 1.368392 -0.539399 -1.000000 
0.170422 -1.753837 0.066214 1.043818 -2.034515 -0.390459 1.363666 -0.645452 -1.000000 
0.156266 -1.784749 0.074528 1.034430 -2.037466 -0.347103 1.358011 -0.771623 -1.000000 
0.141873 -1.813211 0.082761 1.023478 -2.040066 -0.302693 1.351266 -0.917997 -1.000000 
0.127262 -1.839140 0.090900 1.010992 -2.042307 -0.257479 1.343278 -1.081284 -1.000000 
0.112453 -1.862469 0.098933 0.997018 -2.044184 -0.211728 1.333942 -1.252957 -1.000000 
0.097469 -1.883151 0.106848 0.981615 -2.045694 -0.165716 1.323247 -1.418032 -1.000000 
0.082330 -1.901160 0.114635 0.964855 -2.046836 -0.119722 1.311326 -1.555995 -1.000000 
0.067058 -1.916491 0.122283 0.946821 -2.047610 -0.074018 1.298482 -1.645144 -1.000000 
0.051673 -1.929164 0.129781 0.927602 -2.048021 -0.028853 1.285177 -1.669650 -1.000000 
0.036198 -1.939219 0.137121 0.907288 -2.048074 0.015566 1.271951 -1.625799 -1.000000 
0.020653 -1.946712 0.144295 0.885966 -2.047775 0.059082 1.259321 -1.523351 -1.000000 
0.005057 -1.951709 0.151294 0.863712 -2.047131 0.101589 1.247684 -1.381144 -1.000000 
-0.010568 -1.954283 0.158112 0.840596 -2.046152 0.143018 1.237273 -1.220105 -1.000000 
-0.026205 -1.954503 0.164742 0.816677 -2.044846 0.183327 1.228165 -1.057703 -1.000000 
-0.041834 -1.952437 0.171177 0.792010 -2.043222 0.222482 1.220322 -0.905587 -1.000000 
-0.057438 -1.948150 0.177412 0.766647 -2.041289 0.260451 1.213632 -0.769863 -1.000000 
-0.072999 -1.941705 0.183442 0.740639 -2.039058 0.297196 1.207954 -0.652548 -1.000000 
-0.088500 -1.933164 0.189261 0.714036 -2.036538 0.332674 1.203143 -0.553173 -1.000000 
-0.103924 -1.922587 0.194865 0.686889 -2.033739 0.366836 1.199060 -0.470005 -1.000000 
-0.119256 -1.910038 0.200250 0.659249 -2.030672 0.399627 1.195586 -0.400848 -1.000000 
-0.134480 -1.895580 0.205412 0.631169 -2.027348 0.430990 1.192615 -0.343488 -1.000000 
-0.149580 -1.879278 0.210347 0.602702 -2.023780 0.460870 1.190064 -0.295904 -1.000000 
-0.164543 -1.861201 0.215054 0.573901 -2.019979 0.489208 1.187860 -0.256350 -1.000000 
-0.179355 -1.841417 0.219529 0.544818 -2.015957 0.515950 1.185945 -0.223366 -1.000000 
-0.194002 -1.820000 0.223770 0.515507 -2.011728 0.541042 1.184271 -0.195749 -1.000000 
-0.208471 -1.797023 0.227777 0.486019 -2.007305 0.564437 1.182801 -0.172522 -1.000000 
-0.222750 -1.772561 0.231546 0.456405 -2.002702 0.586090 1.181501 -0.152894 -1.000000 
-0.236828 -1.746691 0.235079 0.426716 -1.997932 0.605960 1.180347 -0.136227 -1.000000 
-0.250693 -1.719491 0.238374 0.397000 -1.993011 0.624013 1.179315 -0.122005 -1.000000 
-0.264336 -1.691040 0.241431 0.367304 -1.987953 0.640219 1.178389 -0.109811 -1.000000 
-0.277747 -1.661416 0.244251 0.337675 -1.982772 0.654554 1.177554 -0.099307 -1.000000 
-0.290916 -1.630700 0.246834 0.308155 -1.977485 0.667000 1.176797 -0.090217 -1.000000 
-0.303835 -1.598968 0.249182 0.278786 -1.972106 0.677543 1.176107 -0.082318 -1.000000 
-0.316497 -1.566299 0.251295 0.249606 -1.966649 0.686177 1.175477 -0.075424 -1.000000 
-0.328894 -1.532769 0.253176 0.220654 -1.961132 0.692899 1.174898 -0.069383 -1.000000 
-0.341019 -1.498455 0.254826 0.191964 -1.955568 0.697713 1.174365 -0.064071 -1.000000 
-0.352867 -1.463427 0.256248 0.163568 -1.949973 0.700628 1.173871 -0.059382 -1.000000 
-0.364433 -1.427760 0.257444 0.135495 -1.944363 0.701656 1.173413 -0.055230 -1.000000 
-0.375710 -1.391520 0.258417 0.107772 -1.938752 0.700818 1.172986 -0.051541 -1.000000 
-0.386695 -1.354774 0.259170 0.080423 -1.933155 0.698136 1.172588 -0.048255 -1.000000 
-0.397385 -1.317586 0.259705 0.053472 -1.927587 0.693637 1.172213 -0.045320 -1.000000 
-0.407776 -1.280015 0.260026 0.026936 -1.922061 0.687354 1.171862 -0.042691 -1.000000 
-0.417865 -1.242119 0.260137 0.000833 -1.916594 0.679323 1.171530 -0.040331 -1.000000 
-0.427649 -1.203951 0.260041 -0.024824 -1.911197 0.669583 1.171216 -0.038208 -1.000000 
-0.437127 -1.165562 0.259741 -0.050021 -1.905885 0.658177 1.170918 -0.036296 -1.000000 
-0.446298 -1.126996 0.259242 -0.074751 -1.900670 0.645150 1.170634 -0.034569 -1.000000 
-0.455159 -1.088297 0.258546 -0.099005 -1.895567 0.630553 1.170364 -0.033009 -1.000000 
-0.463710 -1.049503 0.257659 -0.122779 -1.890586 0.614436 1.170106 -0.031597 -1.000000 
-0.471951 -1.010649 0.256583 -0.146069 -1.885739 0.596854 1.169858 -0.030318 -1.000000 
-0.479880 -0.971765 0.255323 -0.168875 -1.881040 0.577863 1.169621 -0.029159 -1.000000 
-0.487499 -0.932879 0.253882 -0.191197 -1.876497 0.557521 1.169391 -0.028109 -1.000000 
-0.494806 -0.894014 0.252265 -0.213038 -1.872123 0.535889 1.169170 -0.027157 -1.000000 
-0.501803 -0.855188 0.250475 -0.234402 -1.867926 0.513028 1.168957 -0.026295 -1.000000 
-0.508490 -0.816417 0.248516 -0.255294 -1.863917 0.489001 1.168750 -0.025515 -1.000000 
-0.514866 -0.777713 0.246392 -0.275722 -1.860105 0.463872 1.168548 -0.024811 -1.000000 
-0.520933 -0.739085 0.244106 -0.295693 -1.856498 0.437708 1.168352 -0.024176 -1.000000 
-0.526692 -0.700538 0.241662 -0.315216 -1.853105 0.410573 1.168161 -0.023605 -1.000000 
-0.532142 -0.662072 0.239063 -0.334301 -1.849932 0.382534 1.167975 -0.023094 -1.000000 
-0.537285 -0.623687 0.236314 -0.352960 -1.846986 0.353661 1.167792 -0.022640 -1.000000 
-0.542121 -0.585379 0.233417 -0.371203 -1.844275 0.324020 1.167612 -0.022237 -1.000000 
-0.546651 -0.547139 0.230376 -0.389042 -1.841804 0.293680 1.167436 -0.021884 -1.000000 
-0.550876 -0.508959 0.227194 -0.406489 -1.839578 0.262711 1.167262 -0.021579 -1.000000 
-0.554795 -0.470826 0.223873 -0.423556 -1.837602 0.231181 1.167090 -0.021318 -1.000000 
-0.558409 -0.432726 0.220418 -0.440256 -1.835880 0.199161 1.166921 -0.021100 -1.000000 
-0.561718 -0.394644 0.216830 -0.456601 -1.834416 0.166719 1.166753 -0.020924 -1.000000 
-0.564723 -0.356559 0.213113 -0.472604 -1.833214 0.133925 1.166586 -0.020788 -1.000000 
-0.567423 -0.318454 0.209269 -0.488275 -1.832274 0.100850 1.166420 -0.020691 -1.000000 
-0.569818 -0.280308 0.205301 -0.503626 -1.831601 0.067563 1.166255 -0.020634 -1.000000 
-0.571908 -0.242098 0.201212 -0.518669 -1.831194 0.034135 1.166090 -0.020614 -1.000000 
-0.573692 -0.203803 0.197003 -0.533412 -1.831055 0.000635 1.165925 -0.020633 -1.000000 
-0.575169 -0.165398 0.192678 -0.547867 -1.831184 -0.032867 1.165759 -0.020690 -1.000000 
-0.576338 -0.126861 0.188238 -0.562040 -1.831580 -0.066301 1.165594 -0.020786 -1.000000 
-0.577198 -0.088168 0.183686 -0.575941 -1.832244 -0.099598 1.165427 -0.020921 -1.000000 
-0.577748 -0.049295 0.179024 -0.589575 -1.833173 -0.132686 1.165259 -0.021096 -1.000000 
-0.577986 -0.010220 0.174254 -0.602947 -1.834366 -0.165497 1.165089 -0.021312 -1.000000 
-0.577911 0.029080 0.169378 -0.616063 -1.835820 -0.197962 1.164918 -0.021570 -1.000000 
-0.577520 0.068625 0.164397 -0.628926 -1.837533 -0.230011 1.164744 -0.021873 -1.000000 
-0.576812 0.108437 0.159315 -0.641536 -1.839499 -0.261574 1.164568 -0.022222 -1.000000 
-0.575784 0.148533 0.154134 -0.653895 -1.841716 -0.292583 1.164388 -0.022620 -1.000000 
-0.574435 0.188930 0.148854 -0.666002 -1.844179 -0.322970 1.164205 -0.023069 -1.000000 
-0.572761 0.229644 0.143478 -0.677854 -1.846882 -0.352667 1.164019 -0.023572 -1.000000 
-0.570760 0.270687 0.138009 -0.689448 -1.849820 -0.381605 1.163828 -0.024133 -1.000000 
-0.568429 0.312071 0.132448 -0.700778 -1.852985 -0.409718 1.163633 -0.024756 -1.000000 
-0.565766 0.353802 0.126797 -0.711838 -1.856373 -0.436939 1.163432 -0.025446 -1.000000 
-0.562767 0.395886 0.121059 -0.722620 -1.859974 -0.463202 1.163225 -0.026208 -1.000000 
-0.559430 0.438325 0.115236 -0.733113 -1.863781 -0.488443 1.163012 -0.027048 -1.000000 
-0.555753 0.481119 0.109330 -0.743306 -1.867786 -0.512598 1.162792 -0.027973 -1.000000 
-0.551732 0.524262 0.103344 -0.753188 -1.871980 -0.535603 1.162565 -0.028990 -1.000000 
-0.547364 0.567747 0.097280 -0.762745 -1.876352 -0.557399 1.162328 -0.030108 -1.000000 
-0.542647 0.611562 0.091141 -0.771960 -1.880895 -0.577924 1.162083 -0.031338 -1.000000 
-0.537578 0.655691 0.084929 -0.780818 -1.885596 -0.597122 1.161827 -0.032691 -1.000000 
-0.532155 0.700116 0.078649 -0.789301 -1.890445 -0.614934 1.161559 -0.034178 -1.000000 
-0.526375 0.744813 0.072302 -0.797389 -1.895431 -0.631309 1.161279 -0.035817 -1.000000 
-0.520237 0.789755 0.065892 -0.805064 -1.900542 -0.646193 1.160986 -0.037622 -1.000000 
-0.513739 0.834909 0.059422 -0.812303 -1.905766 -0.659537 1.160677 -0.039614 -1.000000 
-0.506878 0.880241 0.052896 -0.819086 -1.911090 -0.671295 1.160351 -0.041814 -1.000000 
-0.499655 0.925710 0.046318 -0.825390 -1.916502 -0.681424 1.160007 -0.044249 -1.000000 
-0.492067 0.971272 0.039691 -0.831192 -1.921989 -0.689883 1.159643 -0.046948 -1.000000 
-0.484114 1.016879 0.033020 -0.836468 -1.927536 -0.696637 1.159255 -0.049945 -1.000000 
-0.475797 1.062479 0.026309 -0.841195 -1.933130 -0.701652 1.158843 -0.053279 -1.000000 
-0.467115 1.108016 0.019562 -0.845347 -1.938757 -0.704900 1.158402 -0.056997 -1.000000 
-0.458069 1.153430 0.012785 -0.848902 -1.944404 -0.706356 1.157929 -0.061152 -1.000000 
-0.448660 1.198657 0.005982 -0.851835 -1.950054 -0.706003 1.157422 -0.065808 -1.000000 
-0.438891 1.243630 -0.000843 -0.854122 -1.955695 -0.703824 1.156875 -0.071039 -1.000000 
-0.428763 1.288280 -0.007682 -0.855740 -1.961311 -0.699810 1.156284 -0.076930 -1.000000 
-0.418279 1.332532 -0.014533 -0.856666 -1.966887 -0.693958 1.155642 -0.083586 -1.000000 
-0.407444 1.376312 -0.021387 -0.856879 -1.972409 -0.686268 1.154944 -0.091127 -1.000000 
-0.396260 1.419541 -0.028241 -0.856358 -1.977862 -0.676749 1.154181 -0.099696 -1.000000 
-0.384733 1.462138 -0.035087 -0.855083 -1.983232 -0.665413 1.153345 -0.109466 -1.000000 
-0.372868 1.504023 -0.041920 -0.853035 -1.988504 -0.652280 1.152426 -0.120640 -1.000000 
-0.360671 1.545113 -0.048733 -0.850199 -1.993664 -0.637376 1.151411 -0.133460 -1.000000 
-0.348148 1.585322 -0.055521 -0.846559 -1.998698 -0.620734 1.150286 -0.148216 -1.000000 
-0.335308 1.624568 -0.062276 -0.842102 -2.003591 -0.602393 1.149033 -0.165254 -1.000000 
-0.322158 1.662765 -0.068992 -0.836817 -2.008331 -0.582398 1.147634 -0.184986 -1.000000 
-0.308707 1.699830 -0.075663 -0.830694 -2.012905 -0.560802 1.146065 -0.207898 -1.000000 
-0.294964 1.735682 -0.082281 -0.823728 -2.017300 -0.537664 1.144298 -0.234567 -1.000000 
-0.280939 1.770238 -0.088840 -0.815915 -2.021504 -0.513052 1.142300 -0.265664 -1.000000 
-0.266644 1.803420 -0.095334 -0.807253 -2.025505 -0.487037 1.140033 -0.301963 -1.000000 
-0.252088 1.835152 -0.101754 -0.797743 -2.029293 -0.459701 1.137453 -0.344332 -1.000000 
-0.237285 1.865361 -0.108095 -0.787392 -2.032857 -0.431130 1.134505 -0.393714 -1.000000 
-0.222247 1.893978 -0.114350 -0.776205 -2.036188 -0.401418 1.131132 -0.451074 -1.000000 
-0.206986 1.920938 -0.120512 -0.764194 -2.039277 -0.370666 1.127265 -0.517304 -1.000000 
-0.191516 1.946182 -0.126575 -0.751373 -2.042116 -0.338979 1.122830 -0.593059 -1.000000 
-0.175852 1.969656 -0.132532 -0.737759 -2.044699 -0.306472 1.117750 -0.678511 -1.000000 
-0.160007 1.991312 -0.138377 -0.723374 -2.047018 -0.273263 1.111949 -0.773009 -1.000000 
-0.143996 2.011108 -0.144104 -0.708243 -2.049069 -0.239476 1.105362 -0.874659 -1.000000 
-0.127834 2.029011 -0.149707 -0.692394 -2.050848 -0.205239 1.097945 -0.979922 -1.000000 
-0.111537 2.044995 -0.155181 -0.675858 -2.052352 -0.170685 1.089688 -1.083359 -1.000000 
-0.095119 2.059043 -0.160519 -0.658671 -2.053579 -0.135947 1.080635 -1.177778 -1.000000 
-0.078597 2.071147 -0.165718 -0.640871 -2.054527 -0.101157 1.070890 -1.254972 -1.000000 
-0.061986 2.081305 -0.170772 -0.622498 -2.055198 -0.066444 1.060623 -1.307089 -1.000000 
-0.045302 2.089527 -0.175676 -0.603593 -2.055591 -0.031926 1.050059 -1.328343 -1.000000 
-0.028559 2.095828 -0.180428 -0.584196 -2.055709 0.002286 1.039458 -1.316469 -1.000000 
-0.011773 2.100232 -0.185022 -0.564349 -2.055555 0.036098 1.029079 -1.273294 -1.000000 
0.005040 2.102767 -0.189456 -0.544087 -2.055133 0.069429 1.019154 -1.204186 -1.000000 
0.021866 2.103463 -0.193727 -0.523446 -2.054446 0.102213 1.009862 -1.116632 -1.000000 
0.038690 2.102355 -0.197830 -0.502460 -2.053499 0.134393 1.001316 -1.018589 -1.000000 
0.055499 2.099477 -0.201765 -0.481158 -2.052297 0.165922 0.993573 -0.917147 -1.000000 
0.072277 2.094864 -0.205528 -0.459571 -2.050846 0.196757 0.986636 -0.817794 -1.000000 
0.089012 2.088553 -0.209118 -0.437725 -2.049151 0.226857 0.980473 -0.724242 -1.000000 
0.105690 2.080578 -0.212531 -0.415649 -2.047219 0.256183 0.975027 -0.638621 -1.000000 
0.122297 2.070978 -0.215767 -0.393370 -2.045054 0.284695 0.970231 -0.561845 -1.000000 
0.138821 2.059789 -0.218825 -0.370914 -2.042666 0.312353 0.966014 -0.493990 -1.000000 
0.155250 2.047050 -0.221702 -0.348310 -2.040059 0.339117 0.962305 -0.434611 -1.000000 
0.171570 2.032800 -0.224397 -0.325583 -2.037242 0.364946 0.959039 -0.382987 -1.000000 
0.187771 2.017081 -0.226911 -0.302762 -2.034223 0.389799 0.956158 -0.338281 -1.000000 
0.203840 1.999933 -0.229241 -0.279871 -2.031008 0.413637 0.953610 -0.299643 -1.000000 
0.219766 1.981400 -0.231389 -0.256939 -2.027607 0.436422 0.951350 -0.266267 -1.000000 
0.235538 1.961527 -0.233352 -0.233992 -2.024028 0.458115 0.949338 -0.237420 -1.000000 
0.251147 1.940360 -0.235132 -0.211054 -2.020280 0.478681 0.947541 -0.212454 -1.000000 
0.266581 1.917945 -0.236729 -0.188152 -2.016373 0.498086 0.945930 -0.190806 -1.000000 
0.281831 1.894330 -0.238143 -0.165311 -2.012314 0.516298 0.944481 -0.171991 -1.000000 
0.296887 1.869565 -0.239374 -0.142553 -2.008115 0.533290 0.943172 -0.155595 -1.000000 
0.311741 1.843697 -0.240424 -0.119904 -2.003785 0.549033 0.941986 -0.141267 -1.000000 
0.326383 1.816778 -0.241293 -0.097385 -1.999334 0.563506 0.940907 -0.128711 -1.000000 
0.340807 1.788857 -0.241983 -0.075017 -1.994772 0.576687 0.939922 -0.117675 -1.000000 
0.355003 1.759986 -0.242494 -0.052823 -1.990110 0.588557 0.939020 -0.107946 -1.000000 
0.368964 1.730214 -0.242828 -0.030821 -1.985359 0.599104 0.938192 -0.099344 -1.000000 
0.382684 1.699592 -0.242988 -0.009030 -1.980528 0.608314 0.937428 -0.091717 -1.000000 
0.396155 1.668170 -0.242974 0.012532 -1.975629 0.616179 0.936722 -0.084935 -1.000000 
0.409372 1.635997 -0.242788 0.033849 -1.970673 0.622693 0.936067 -0.078888 -1.000000 
0.422329 1.603124 -0.242433 0.054904 -1.965670 0.627853 0.935458 -0.073483 -1.000000 
0.435021 1.569596 -0.241910 0.075684 -1.960631 0.631659 0.934890 -0.068638 -1.000000 
0.447441 1.535463 -0.241222 0.096175 -1.955567 0.634115 0.934359 -0.064286 -1.000000 
0.459587 1.500770 -0.240372 0.116365 -1.950489 0.635227 0.933860 -0.060367 -1.000000 
0.471452 1.465561 -0.239361 0.136244 -1.945407 0.635002 0.933392 -0.056831 -1.000000 
0.483034 1.429880 -0.238193 0.155800 -1.940332 0.633452 0.932950 -0.053632 -1.000000 
0.494329 1.393770 -0.236870 0.175026 -1.935275 0.630591 0.932533 -0.050735 -1.000000 
0.505334 1.357270 -0.235394 0.193913 -1.930246 0.626435 0.932138 -0.048104 -1.000000 
0.516045 1.320419 -0.233768 0.212455 -1.925256 0.621003 0.931763 -0.045713 -1.000000 
0.526459 1.283255 -0.231995 0.230646 -1.920314 0.614316 0.931406 -0.043535 -1.000000 
0.536576 1.245812 -0.230078 0.248482 -1.915430 0.606397 0.931066 -0.041548 -1.000000 
0.546392 1.208123 -0.228020 0.265959 -1.910614 0.597271 0.930741 -0.039735 -1.000000 
0.555905 1.170221 -0.225824 0.283073 -1.905877 0.586965 0.930429 -0.038077 -1.000000 
0.565115 1.132133 -0.223492 0.299823 -1.901226 0.575509 0.930131 -0.036559 -1.000000 
0.574019 1.093887 -0.221028 0.316208 -1.896672 0.562932 0.929844 -0.035170 -1.000000 
0.582617 1.055509 -0.218434 0.332228 -1.892222 0.549268 0.929568 -0.033897 -1.000000 
0.590907 1.017022 -0.215713 0.347882 -1.887886 0.534550 0.929302 -0.032730 -1.000000 
0.598889 0.978445 -0.212869 0.363173 -1.883672 0.518814 0.929044 -0.031660 -1.000000 
0.606562 0.939800 -0.209903 0.378101 -1.879588 0.502096 0.928795 -0.030679 -1.000000 
0.613925 0.901102 -0.206820 0.392669 -1.875641 0.484434 0.928553 -0.029779 -1.000000 
0.620979 0.862366 -0.203622 0.406879 -1.871839 0.465867 0.928318 -0.028955 -1.000000 
0.627723 0.823605 -0.200311 0.420736 -1.868189 0.446436 0.928090 -0.028201 -1.000000 
0.634157 0.784831 -0.196891 0.434242 -1.864698 0.426180 0.927867 -0.027512 -1.000000 
0.640281 0.746052 -0.193364 0.447402 -1.861373 0.405143 0.927649 -0.026883 -1.000000 
0.646094 0.707276 -0.189733 0.460220 -1.858218 0.383367 0.927436 -0.026310 -1.000000 
0.651597 0.668509 -0.186001 0.472699 -1.855241 0.360895 0.927228 -0.025790 -1.000000 
0.656790 0.629753 -0.182171 0.484846 -1.852445 0.337771 0.927024 -0.025320 -1.000000 
0.661673 0.591012 -0.178245 0.496665 -1.849838 0.314039 0.926823 -0.024896 -1.000000 
0.666246 0.552287 -0.174225 0.508161 -1.847422 0.289746 0.926625 -0.024517 -1.000000 
0.670510 0.513575 -0.170115 0.519338 -1.845203 0.264936 0.926430 -0.024180 -1.000000 
0.674463 0.474876 -0.165917 0.530201 -1.843185 0.239656 0.926238 -0.023884 -1.000000 
0.678108 0.436187 -0.161633 0.540756 -1.841370 0.213952 0.926048 -0.023626 -1.000000 
0.681442 0.397502 -0.157265 0.551008 -1.839762 0.187870 0.925860 -0.023405 -1.000000 
0.684468 0.358817 -0.152817 0.560959 -1.838365 0.161457 0.925674 -0.023220 -1.000000 
0.687184 0.320124 -0.148291 0.570615 -1.837180 0.134762 0.925488 -0.023070 -1.000000 
0.689590 0.281418 -0.143688 0.579981 -1.836209 0.107830 0.925304 -0.022955 -1.000000 
0.691686 0.242690 -0.139012 0.589059 -1.835455 0.080709 0.925121 -0.022873 -1.000000 
0.693473 0.203931 -0.134264 0.597853 -1.834918 0.053447 0.924938 -0.022824 -1.000000 
0.694949 0.165133 -0.129447 0.606366 -1.834600 0.026092 0.924756 -0.022808 -1.000000 
0.696115 0.126287 -0.124563 0.614600 -1.834501 -0.001309 0.924573 -0.022825 -1.000000 
0.696969 0.087383 -0.119614 0.622559 -1.834621 -0.028708 0.924391 -0.022875 -1.000000 
0.697513 0.048412 -0.114603 0.630244 -1.834960 -0.056058 0.924207 -0.022958 -1.000000 
0.697744 0.009364 -0.109531 0.637655 -1.835518 -0.083310 0.924023 -0.023074 -1.000000 
0.697662 -0.029769 -0.104401 0.644794 -1.836293 -0.110418 0.923838 -0.023224 -1.000000 
0.697267 -0.068997 -0.099215 0.651662 -1.837284 -0.137334 0.923651 -0.023409 -1.000000 
0.696558 -0.108329 -0.093975 0.658258 -1.838490 -0.164011 0.923463 -0.023629 -1.000000 
0.695534 -0.147772 -0.088684 0.664580 -1.839907 -0.190402 0.923273 -0.023886 -1.000000 
0.694193 -0.187334 -0.083343 0.670629 -1.841535 -0.216459 0.923081 -0.024181 -1.000000 
0.692536 -0.227021 -0.077954 0.676401 -1.843370 -0.242138 0.922886 -0.024515 -1.000000 
0.690561 -0.266839 -0.072521 0.681895 -1.845408 -0.267390 0.922689 -0.024891 -1.000000 
0.688266 -0.306792 -0.067045 0.687107 -1.847647 -0.292171 0.922488 -0.025310 -1.000000 
0.685652 -0.346885 -0.061528 0.692035 -1.850081 -0.316434 0.922284 -0.025775 -1.000000 
0.682716 -0.387120 -0.055973 0.696673 -1.852708 -0.340136 0.922075 -0.026287 -1.000000 
0.679457 -0.427497 -0.050382 0.701017 -1.855522 -0.363232 0.921863 -0.026851 -1.000000 
0.675875 -0.468017 -0.044757 0.705062 -1.858518 -0.385676 0.921646 -0.027468 -1.000000 
0.671969 -0.508677 -0.039102 0.708803 -1.861691 -0.407428 0.921423 -0.028144 -1.000000 
0.667736 -0.549473 -0.033417 0.712233 -1.865035 -0.428443 0.921195 -0.028881 -1.000000 
0.663177 -0.590401 -0.027707 0.715346 -1.868544 -0.448681 0.920961 -0.029684 -1.000000 
0.658289 -0.631454 -0.021973 0.718134 -1.872212 -0.468099 0.920720 -0.030559 -1.000000 
0.653073 -0.672623 -0.016218 0.720590 -1.876031 -0.486659 0.920472 -0.031511 -1.000000 
0.647527 -0.713897 -0.010444 0.722706 -1.879996 -0.504321 0.920216 -0.032546 -1.000000 
0.641651 -0.755263 -0.004655 0.724474 -1.884098 -0.521048 0.919951 -0.033672 -1.000000 
0.635443 -0.796707 0.001146 0.725886 -1.888330 -0.536803 0.919677 -0.034896 -1.000000 
0.628903 -0.838211 0.006958 0.726932 -1.892684 -0.551550 0.919392 -0.036226 -1.000000 
0.622031 -0.879758 0.012776 0.727604 -1.897152 -0.565256 0.919097 -0.037674 -1.000000 
0.614827 -0.921326 0.018599 0.727893 -1.901725 -0.577888 0.918789 -0.039250 -1.000000 
0.607290 -0.962893 0.024422 0.727789 -1.906395 -0.589415 0.918468 -0.040966 -1.000000 
0.599421 -1.004432 0.030242 0.727284 -1.911153 -0.599809 0.918133 -0.042838 -1.000000 
0.591219 -1.045916 0.036057 0.726366 -1.915989 -0.609041 0.917782 -0.044879 -1.000000 
0.582686 -1.087318 0.041863 0.725029 -1.920894 -0.617088 0.917415 -0.047110 -1.000000 
0.573822 -1.128604 0.047656 0.723261 -1.925859 -0.623924 0.917028 -0.049549 -1.000000 
0.564629 -1.169741 0.053434 0.721054 -1.930874 -0.629530 0.916621 -0.052220 -1.000000 
0.555107 -1.210695 0.059192 0.718399 -1.935928 -0.633885 0.916192 -0.055149 -1.000000 
0.545258 -1.251427 0.064927 0.715289 -1.941013 -0.636975 0.915738 -0.058366 -1.000000 
0.535085 -1.291899 0.070635 0.711713 -1.946117 -0.638784 0.915257 -0.061905 -1.000000 
0.524589 -1.332069 0.076313 0.707665 -1.951230 -0.639302 0.914747 -0.065804 -1.000000 
0.513773 -1.371895 0.081957 0.703137 -1.956342 -0.638519 0.914203 -0.070108 -1.000000 
0.502640 -1.411333 0.087562 0.698122 -1.961443 -0.636429 0.913624 -0.074867 -1.000000 
0.491193 -1.450338 0.093125 0.692614 -1.966521 -0.633030 0.913004 -0.080141 -1.000000 
0.479435 -1.488863 0.098643 0.686608 -1.971568 -0.628322 0.912340 -0.085995 -1.000000 
0.467372 -1.526859 0.104110 0.680098 -1.976571 -0.622307 0.911626 -0.092507 -1.000000 
0.455007 -1.564278 0.109523 0.673081 -1.981521 -0.614992 0.910858 -0.099766 -1.000000 
0.442345 -1.601070 0.114878 0.665552 -1.986407 -0.606386 0.910028 -0.107875 -1.000000 
0.429392 -1.637185 0.120170 0.657510 -1.991220 -0.596502 0.909129 -0.116952 -1.000000 
0.416152 -1.672572 0.125396 0.648952 -1.995948 -0.585356 0.908154 -0.127134 -1.000000 
0.402633 -1.707179 0.130552 0.639880 -2.000582 -0.572967 0.907092 -0.138579 -1.000000 
0.388840 -1.740956 0.135633 0.630292 -2.005112 -0.559358 0.905933 -0.151470 -1.000000 
0.374780 -1.773852 0.140635 0.620190 -2.009529 -0.544556 0.904664 -0.166015 -1.000000 
0.360461 -1.805816 0.145555 0.609578 -2.013822 -0.528590 0.903271 -0.182456 -1.000000 
0.345889 -1.836798 0.150387 0.598458 -2.017983 -0.511494 0.901739 -0.201066 -1.000000 
0.331075 -1.866748 0.155129 0.586837 -2.022003 -0.493305 0.900048 -0.222157 -1.000000 
0.316024 -1.895619 0.159775 0.574719 -2.025873 -0.474063 0.898177 -0.246077 -1.000000 
0.300748 -1.923363 0.164323 0.562113 -2.029585 -0.453812 0.896102 -0.273210 -1.000000 
0.285254 -1.949935 0.168768 0.549027 -2.033132 -0.432600 0.893796 -0.303973 -1.000000 
0.269552 -1.975291 0.173106 0.535470 -2.036505 -0.410476 0.891227 -0.338802 -1.000000 
0.253652 -1.999390 0.177334 0.521456 -2.039697 -0.387496 0.888363 -0.378136 -1.000000 
0.237565 -2.022192 0.181448 0.506995 -2.042702 -0.363717 0.885164 -0.422379 -1.000000 
0.221301 -2.043661 0.185445 0.492101 -2.045515 -0.339199 0.881591 -0.471855 -1.000000 
0.204870 -2.063762 0.189321 0.476790 -2.048128 -0.314007 0.877600 -0.526736 -1.000000 
0.188284 -2.082464 0.193073 0.461079 -2.050537 -0.288206 0.873149 -0.586948 -1.000000 
0.171555 -2.099739 0.196697 0.444984 -2.052738 -0.261866 0.868196 -0.652052 -1.000000 
0.154692 -2.115563 0.200191 0.428524 -2.054726 -0.235059 0.862705 -0.721114 -1.000000 
0.137710 -2.129915 0.203553 0.411721 -2.056498 -0.207860 0.856651 -0.792578 -1.000000 
0.120618 -2.142778 0.206778 0.394594 -2.058051 -0.180342 0.850024 -0.864176 -1.000000 
0.103429 -2.154140 0.209865 0.377166 -2.059382 -0.152584 0.842832 -0.932935 -1.000000 
0.086156 -2.163993 0.212812 0.359460 -2.060491 -0.124661 0.835114 -0.995307 -1.000000 
0.068809 -2.172331 0.215616 0.341500 -2.061377 -0.096651 0.826934 -1.047477 -1.000000 
0.051402 -2.179155 0.218275 0.323310 -2.062038 -0.068627 0.818391 -1.085825 -1.000000 
0.033947 -2.184469 0.220788 0.304914 -2.062475 -0.040661 0.809606 -1.107466 -1.000000 
0.016455 -2.188281 0.223153 0.286336 -2.062689 -0.012821 0.800721 -1.110739 -1.000000 
-0.001062 -2.190602 0.225369 0.267598 -2.062681 0.014831 0.791884 -1.095509 -1.000000 
-0.018591 -2.191446 0.227435 0.248724 -2.062452 0.042238 0.783238 -1.063175 -1.000000 
-0.036121 -2.190830 0.229349 0.229734 -2.062006 0.069347 0.774911 -1.016397 -1.000000 
-0.053640 -2.188772 0.231110 0.210649 -2.061343 0.096111 0.767005 -0.958626 -1.000000 
-0.071137 -2.185292 0.232719 0.191489 -2.060469 0.122488 0.759593 -0.893570 -1.000000 
-0.088601 -2.180411 0.234174 0.172272 -2.059385 0.148440 0.752718 -0.824744 -1.000000 
-0.106020 -2.174151 0.235475 0.153015 -2.058095 0.173929 0.746399 -0.755151 -1.000000 
-0.123384 -2.166535 0.236622 0.133737 -2.056603 0.198923 0.740631 -0.687139 -1.000000 
-0.140681 -2.157586 0.237615 0.114453 -2.054914 0.223386 0.735396 -0.622374 -1.000000 
-0.157902 -2.147329 0.238453 0.095180 -2.053031 0.247289 0.730662 -0.561917 -1.000000 
-0.175035 -2.135788 0.239138 0.075935 -2.050959 0.270598 0.726392 -0.506335 -1.000000 
-0.192071 -2.122990 0.239668 0.056732 -2.048703 0.293283 0.722547 -0.455818 -1.000000 
-0.209000 -2.108960 0.240046 0.037588 -2.046268 0.315313 0.719086 -0.410297 -1.000000 
-0.225811 -2.093727 0.240270 0.018519 -2.043659 0.336657 0.715970 -0.369534 -1.000000 
-0.242496 -2.077318 0.240342 -0.000461 -2.040883 0.357287 0.713161 -0.333191 -1.000000 
-0.259045 -2.059762 0.240263 -0.019338 -2.037945 0.377173 0.710628 -0.300885 -1.000000 
-0.275449 -2.041089 0.240033 -0.038095 -2.034851 0.396287 0.708338 -0.272216 -1.000000 
-0.291700 -2.021331 0.239654 -0.056719 -2.031606 0.414602 0.706264 -0.246796 -1.000000 
-0.307788 -2.000519 0.239126 -0.075196 -2.028219 0.432092 0.704381 -0.224261 -1.000000 
-0.323705 -1.978684 0.238451 -0.093513 -2.024695 0.448732 0.702669 -0.204273 -1.000000 
-0.339444 -1.955859 0.237630 -0.111656 -2.021042 0.464500 0.701107 -0.186530 -1.000000 
-0.354997 -1.932078 0.236665 -0.129612 -2.017266 0.479373 0.699679 -0.170759 -1.000000 
-0.370355 -1.907376 0.235557 -0.147371 -2.013374 0.493331 0.698370 -0.156721 -1.000000 
-0.385512 -1.881784 0.234308 -0.164920 -2.009375 0.506355 0.697167 -0.144205 -1.000000 
-0.400461 -1.855340 0.232919 -0.182248 -2.005275 0.518429 0.696059 -0.133026 -1.000000 
-0.415196 -1.828077 0.231392 -0.199345 -2.001083 0.529538 0.695036 -0.123022 -1.000000 
-0.429708 -1.800029 0.229730 -0.216201 -1.996805 0.539667 0.694088 -0.114052 -1.000000 
-0.443994 -1.771233 0.227934 -0.232806 -1.992450 0.548806 0.693208 -0.105995 -1.000000 
-0.458046 -1.741722 0.226006 -0.249152 -1.988027 0.556944 0.692390 -0.098742 -1.000000 
-0.471860 -1.711532 0.223948 -0.265231 -1.983542 0.564074 0.691627 -0.092200 -1.000000 
-0.485429 -1.680697 0.221763 -0.281035 -1.979004 0.570189 0.690913 -0.086289 -1.000000 
-0.498749 -1.649251 0.219452 -0.296557 -1.974422 0.575286 0.690245 -0.080938 -1.000000 
-0.511816 -1.617227 0.217019 -0.311791 -1.969802 0.579361 0.689617 -0.076084 -1.000000 
-0.524623 -1.584660 0.214464 -0.326732 -1.965155 0.582415 0.689026 -0.071673 -1.000000 
-0.537169 -1.551582 0.211792 -0.341374 -1.960487 0.584447 0.688469 -0.067658 -1.000000 
-0.549448 -1.518024 0.209003 -0.355712 -1.955806 0.585462 0.687943 -0.063998 -1.000000 
-0.561456 -1.484018 0.206101 -0.369743 -1.951122 0.585463 0.687444 -0.060655 -1.000000 
-0.573191 -1.449594 0.203088 -0.383463 -1.946442 0.584457 0.686971 -0.057598 -1.000000 
-0.584648 -1.414783 0.199967 -0.396870 -1.941773 0.582451 0.686522 -0.054798 -1.000000 
-0.595826 -1.379612 0.196739 -0.409960 -1.937125 0.579455 0.686094 -0.052229 -1.000000 
-0.606721 -1.344110 0.193408 -0.422733 -1.932505 0.575481 0.685686 -0.049870 -1.000000 
-0.617331 -1.308303 0.189976 -0.435187 -1.927920 0.570540 0.685296 -0.047701 -1.000000 
-0.627653 -1.272218 0.186446 -0.447320 -1.923378 0.564646 0.684922 -0.045705 -1.000000 
-0.637686 -1.235878 0.182820 -0.459133 -1.918888 0.557815 0.684564 -0.043865 -1.000000 
-0.647427 -1.199308 0.179101 -0.470625 -1.914456 0.550064 0.684220 -0.042168 -1.000000 
-0.656874 -1.162530 0.175291 -0.481796 -1.910089 0.541409 0.683889 -0.040602 -1.000000 
-0.666027 -1.125564 0.171393 -0.492648 -1.905796 0.531872 0.683570 -0.039156 -1.000000 
-0.674883 -1.088432 0.167409 -0.503182 -1.901582 0.521471 0.683262 -0.037819 -1.000000 
-0.683441 -1.051151 0.163343 -0.513398 -1.897454 0.510228 0.682964 -0.036583 -1.000000 
-0.691701 -1.013740 0.159196 -0.523298 -1.893420 0.498166 0.682676 -0.035440 -1.000000 
-0.699661 -0.976215 0.154971 -0.532884 -1.889486 0.485309 0.682397 -0.034383 -1.000000 
-0.707320 -0.938591 0.150670 -0.542159 -1.885657 0.471680 0.682126 -0.033405 -1.000000 
-0.714678 -0.900883 0.146297 -0.551124 -1.881941 0.457305 0.681863 -0.032500 -1.000000 
-0.721734 -0.863103 0.141853 -0.559782 -1.878342 0.442210 0.681606 -0.031664 -1.000000 
-0.728488 -0.825263 0.137341 -0.568135 -1.874867 0.426423 0.681356 -0.030891 -1.000000 
-0.734938 -0.787373 0.132764 -0.576187 -1.871521 0.409971 0.681112 -0.030178 -1.000000 
-0.741085 -0.749443 0.128123 -0.583940 -1.868310 0.392883 0.680873 -0.029520 -1.000000 
-0.746929 -0.711482 0.123422 -0.591397 -1.865237 0.375187 0.680639 -0.028915 -1.000000 
-0.752469 -0.673496 0.118662 -0.598561 -1.862308 0.356913 0.680410 -0.028358 -1.000000 
-0.757705 -0.635492 0.113845 -0.605435 -1.859528 0.338093 0.680185 -0.027848 -1.000000 
-0.762637 -0.597476 0.108975 -0.612022 -1.856900 0.318755 0.679964 -0.027382 -1.000000 
-0.767265 -0.559451 0.104054 -0.618324 -1.854429 0.298932 0.679747 -0.026957 -1.000000 
-0.771588 -0.521422 0.099083 -0.624345 -1.852118 0.278655 0.679533 -0.026572 -1.000000 
-0.775607 -0.483390 0.094065 -0.630087 -1.849972 0.257957 0.679322 -0.026224 -1.000000 
-0.779322 -0.445358 0.089002 -0.635552 -1.847992 0.236870 0.679113 -0.025913 -1.000000 
-0.782733 -0.407327 0.083897 -0.640745 -1.846183 0.215426 0.678907 -0.025636 -1.000000 
-0.785840 -0.369297 0.078751 -0.645666 -1.844546 0.193659 0.678703 -0.025393 -1.000000 
-0.788642 -0.331268 0.073567 -0.650318 -1.843085 0.171602 0.678501 -0.025182 -1.000000 
-0.791140 -0.293240 0.068347 -0.654703 -1.841801 0.149288 0.678300 -0.025002 -1.000000 
-0.793334 -0.255211 0.063092 -0.658823 -1.840697 0.126752 0.678101 -0.024853 -1.000000 
-0.795223 -0.217179 0.057806 -0.662680 -1.839774 0.104026 0.677902 -0.024735 -1.000000 
-0.796809 -0.179142 0.052490 -0.666275 -1.839033 0.081146 0.677705 -0.024645 -1.000000 
-0.798090 -0.141098 0.047147 -0.669609 -1.838476 0.058145 0.677508 -0.024585 -1.000000 
-0.799066 -0.103045 0.041777 -0.672683 -1.838103 0.035057 0.677311 -0.024554 -1.000000 
-0.799738 -0.064979 0.036384 -0.675499 -1.837915 0.011917 0.677115 -0.024551 -1.000000 
-0.800106 -0.026897 0.030970 -0.678056 -1.837912 -0.011241 0.676918 -0.024577 -1.000000 
-0.800169 0.011203 0.025536 -0.680355 -1.838095 -0.034382 0.676722 -0.024631 -1.000000 
-0.799926 0.049324 0.020085 -0.682396 -1.838462 -0.057474 0.676524 -0.024714 -1.000000 
-0.799379 0.087470 0.014618 -0.684179 -1.839014 -0.080480 0.676326 -0.024827 -1.000000 
-0.798527 0.125644 0.009139 -0.685702 -1.839750 -0.103367 0.676127 -0.024969 -1.000000 
-0.797369 0.163846 0.003648 -0.686966 -1.840667 -0.126102 0.675926 -0.025141 -1.000000 
-0.795905 0.202081 -0.001852 -0.687969 -1.841767 -0.148650 0.675725 -0.025344 -1.000000 
-0.794136 0.240349 -0.007359 -0.688710 -1.843045 -0.170977 0.675521 -0.025579 -1.000000 
-0.792060 0.278653 -0.012871 -0.689187 -1.844502 -0.193051 0.675315 -0.025847 -1.000000 
-0.789677 0.316993 -0.018385 -0.689399 -1.846133 -0.214837 0.675107 -0.026148 -1.000000 
-0.786988 0.355370 -0.023900 -0.689343 -1.847938 -0.236302 0.674897 -0.026484 -1.000000 
-0.783991 0.393783 -0.029414 -0.689017 -1.849913 -0.257415 0.674683 -0.026857 -1.000000 
-0.780687 0.432232 -0.034924 -0.688418 -1.852056 -0.278142 0.674467 -0.027268 -1.000000 
-0.777075 0.470715 -0.040428 -0.687545 -1.854362 -0.298451 0.674247 -0.027718 -1.000000 
-0.773155 0.509231 -0.045924 -0.686393 -1.856830 -0.318311 0.674023 -0.028211 -1.000000 
-0.768927 0.547775 -0.051409 -0.684960 -1.859454 -0.337690 0.673796 -0.028748 -1.000000 
-0.764391 0.586344 -0.056882 -0.683243 -1.862231 -0.356558 0.673563 -0.029331 -1.000000 
-0.759546 0.624934 -0.062341 -0.681238 -1.865158 -0.374884 0.673326 -0.029963 -1.000000 
-0.754392 0.663538 -0.067781 -0.678941 -1.868228 -0.392639 0.673084 -0.030648 -1.000000 
-0.748929 0.702149 -0.073203 -0.676349 -1.871438 -0.409792 0.672836 -0.031389 -1.000000 
0.000000 0.000000 0.000000 0.000000 0.000000 0.000000 0.000000 0.000000 0.000000 
