-0.679862 2.077132 -0.382043 1.323211 -1.859339 -1.496203 0.575818 -0.005740 1.000000 
-0.663047 2.126571 -0.371340 1.352660 -1.871239 -1.478333 0.575770 -0.006328 1.000000 
-0.645839 2.175534 -0.360402 1.381773 -1.882986 -1.457976 0.575717 -0.007002 1.000000 
-0.628240 2.223937 -0.349232 1.410499 -1.894560 -1.435137 0.575658 -0.007775 1.000000 
-0.610257 2.271697 -0.337835 1.438786 -1.905941 -1.409827 0.575592 -0.008669 1.000000 
-0.591895 2.318728 -0.326213 1.466582 -1.917111 -1.382065 0.575519 -0.009706 1.000000 
-0.573160 2.364944 -0.314371 1.493834 -1.928048 -1.351872 0.575437 -0.010917 1.000000 
-0.554058 2.410257 -0.302313 1.520489 -1.938734 -1.319279 0.575344 -0.012340 1.000000 
-0.534598 2.454580 -0.290045 1.546493 -1.949150 -1.284320 0.575238 -0.014022 1.000000 
-0.514788 2.497827 -0.277571 1.571794 -1.959277 -1.247036 0.575118 -0.016027 1.000000 
-0.494636 2.539909 -0.264898 1.596338 -1.969097 -1.207476 0.574981 -0.018433 1.000000 
-0.474153 2.580742 -0.252032 1.620075 -1.978591 -1.165692 0.574822 -0.021348 1.000000 
-0.453348 2.620239 -0.238979 1.642951 -1.987742 -1.121744 0.574638 -0.024913 1.000000 
-0.432233 2.658318 -0.225747 1.664918 -1.996533 -1.075699 0.574421 -0.029318 1.000000 
-0.410819 2.694896 -0.212343 1.685925 -2.004948 -1.027630 0.574166 -0.034827 1.000000 
-0.389119 2.729893 -0.198775 1.705925 -2.012970 -0.977614 0.573860 -0.041806 1.000000 
-0.367145 2.763233 -0.185051 1.724872 -2.020585 -0.925737 0.573491 -0.050779 1.000000 
-0.344911 2.794839 -0.171180 1.742720 -2.027777 -0.872091 0.573040 -0.062512 1.000000 
-0.322432 2.824641 -0.157171 1.759429 -2.034534 -0.816772 0.572481 -0.078149 1.000000 
-0.299722 2.852572 -0.143032 1.774957 -2.040841 -0.759885 0.571775 -0.099454 1.000000 
-0.276796 2.878565 -0.128775 1.789266 -2.046688 -0.701542 0.570867 -0.129235 1.000000 
-0.253670 2.902562 -0.114407 1.802322 -2.052062 -0.641859 0.569672 -0.172145 1.000000 
-0.230361 2.924508 -0.099941 1.814093 -2.056954 -0.580966 0.568057 -0.236252 1.000000 
-0.206884 2.944351 -0.085385 1.824548 -2.061355 -0.519000 0.565798 -0.336341 1.000000 
-0.183257 2.962047 -0.070752 1.833661 -2.065256 -0.456114 0.562505 -0.501397 1.000000 
-0.159497 2.977557 -0.056050 1.841411 -2.068651 -0.392484 0.557444 -0.793193 1.000000 
-0.135622 2.990850 -0.041293 1.847776 -2.071534 -0.328327 0.549104 -1.358205 1.000000 
-0.111649 3.001903 -0.026490 1.852743 -2.073903 -0.263932 0.533983 -2.595619 1.000000 
-0.087597 3.010711 -0.011653 1.856299 -2.075758 -0.199735 0.502557 -5.814413 1.000000 
-0.063484 3.017296 0.003207 1.858438 -2.077101 -0.136448 0.422583 -16.447441 1.000000 
-0.039326 3.021749 0.018079 1.859155 -2.077946 -0.075040 0.155619 -60.568698 1.000000 
-0.015140 3.024112 0.032945 1.856865 -2.078066 0.047006 0.251624 97.897972 -1.000000 
0.009048 3.022328 0.047784 1.852514 -2.077382 0.125401 0.734772 29.800794 -1.000000 
0.033208 3.017196 0.062581 1.846318 -2.076048 0.208491 0.868636 8.659032 -1.000000 
0.057314 3.008589 0.077320 1.838121 -2.074041 0.293520 0.912266 3.317020 -1.000000 
0.081336 2.996477 0.091985 1.827839 -2.071350 0.379189 0.930663 1.564596 -1.000000 
0.105248 2.980882 0.106560 1.815465 -2.067975 0.464604 0.939942 0.849901 -1.000000 
0.129021 2.961850 0.121027 1.801025 -2.063919 0.549187 0.945228 0.509613 -1.000000 
0.152629 2.939449 0.135371 1.784559 -2.059191 0.632520 0.948510 0.328426 -1.000000 
0.176044 2.913761 0.149575 1.766120 -2.053803 0.714275 0.950682 0.223553 -1.000000 
0.199240 2.884882 0.163624 1.745772 -2.047768 0.794167 0.952192 0.158812 -1.000000 
0.222194 2.852919 0.177502 1.723583 -2.041102 0.871947 0.953283 0.116754 -1.000000 
0.244879 2.817991 0.191196 1.699630 -2.033823 0.947390 0.954096 0.088276 -1.000000 
0.267274 2.780227 0.204692 1.673996 -2.025950 1.020286 0.954718 0.068324 -1.000000 
0.289356 2.739762 0.217976 1.646769 -2.017505 1.090448 0.955204 0.053937 -1.000000 
0.311103 2.696742 0.231036 1.618040 -2.008511 1.157702 0.955591 0.043307 -1.000000 
0.332497 2.651319 0.243861 1.587907 -1.998990 1.221889 0.955904 0.035286 -1.000000 
0.353518 2.603651 0.256439 1.556469 -1.988969 1.282867 0.956160 0.029121 -1.000000 
0.374150 2.553899 0.268761 1.523827 -1.978473 1.340508 0.956373 0.024307 -1.000000 
0.394376 2.502230 0.280817 1.490087 -1.967530 1.394701 0.956552 0.020494 -1.000000 
0.414181 2.448813 0.292600 1.455354 -1.956168 1.445348 0.956703 0.017435 -1.000000 
0.433552 2.393819 0.304101 1.419734 -1.944414 1.492367 0.956832 0.014953 -1.000000 
0.452478 2.337419 0.315314 1.383334 -1.932300 1.535689 0.956944 0.012919 -1.000000 
0.470948 2.279785 0.326232 1.346259 -1.919853 1.575262 0.957040 0.011236 -1.000000 
0.488952 2.221087 0.336852 1.308616 -1.907106 1.611046 0.957124 0.009833 -1.000000 
0.506483 2.161495 0.347169 1.270507 -1.894087 1.643015 0.957198 0.008653 -1.000000 
0.523534 2.101173 0.357179 1.232034 -1.880828 1.671157 0.957263 0.007654 -1.000000 
0.540100 2.040284 0.366881 1.193297 -1.867359 1.695471 0.957321 0.006803 -1.000000 
0.556177 1.978986 0.376272 1.154392 -1.853710 1.715969 0.957372 0.006074 -1.000000 
0.571763 1.917434 0.385351 1.115412 -1.839913 1.732675 0.957418 0.005445 -1.000000 
0.586856 1.855774 0.394118 1.076447 -1.825997 1.745623 0.957460 0.004901 -1.000000 
0.601456 1.794148 0.402574 1.037582 -1.811993 1.754857 0.957497 0.004428 -1.000000 
0.615563 1.732692 0.410720 0.998898 -1.797929 1.760431 0.957531 0.004014 -1.000000 
0.629180 1.671535 0.418557 0.960474 -1.783836 1.762407 0.957561 0.003650 -1.000000 
0.642309 1.610798 0.426088 0.922381 -1.769740 1.760856 0.957589 0.003330 -1.000000 
0.654954 1.550593 0.433316 0.884686 -1.755671 1.755854 0.957615 0.003047 -1.000000 
0.667120 1.491028 0.440245 0.847453 -1.741656 1.747486 0.957638 0.002796 -1.000000 
0.678812 1.432200 0.446877 0.810739 -1.727720 1.735840 0.957659 0.002573 -1.000000 
0.690037 1.374198 0.453218 0.774596 -1.713891 1.721011 0.957679 0.002374 -1.000000 
0.700802 1.317105 0.459272 0.739072 -1.700192 1.703097 0.957698 0.002195 -1.000000 
0.711114 1.260994 0.465045 0.704209 -1.686649 1.682201 0.957714 0.002035 -1.000000 
0.720980 1.205930 0.470541 0.670045 -1.673285 1.658427 0.957730 0.001892 -1.000000 
0.730411 1.151969 0.475768 0.636612 -1.660122 1.631883 0.957745 0.001762 -1.000000 
0.739415 1.099162 0.480729 0.603936 -1.647182 1.602676 0.957758 0.001645 -1.000000 
0.748001 1.047548 0.485433 0.572041 -1.634486 1.570918 0.957771 0.001539 -1.000000 
0.756179 0.997161 0.489884 0.540944 -1.622054 1.536717 0.957783 0.001443 -1.000000 
0.763959 0.948028 0.494090 0.510659 -1.609904 1.500186 0.957794 0.001356 -1.000000 
0.771351 0.900165 0.498057 0.481193 -1.598056 1.461433 0.957805 0.001277 -1.000000 
0.778365 0.853584 0.501791 0.452551 -1.586527 1.420569 0.957815 0.001204 -1.000000 
0.785012 0.808291 0.505300 0.424733 -1.575333 1.377700 0.957824 0.001138 -1.000000 
0.791301 0.764281 0.508589 0.397736 -1.564489 1.332935 0.957833 0.001078 -1.000000 
0.797244 0.721547 0.511666 0.371551 -1.554011 1.286378 0.957841 0.001024 -1.000000 
0.802849 0.680074 0.514536 0.346168 -1.543911 1.238132 0.957849 0.000973 -1.000000 
0.808128 0.639841 0.517207 0.321571 -1.534205 1.188298 0.957857 0.000927 -1.000000 
0.813090 0.600822 0.519683 0.297744 -1.524903 1.136975 0.957864 0.000885 -1.000000 
0.817744 0.562987 0.521972 0.274664 -1.516017 1.084258 0.957871 0.000847 -1.000000 
0.822101 0.526299 0.524080 0.252309 -1.507558 1.030242 0.957878 0.000811 -1.000000 
0.826168 0.490717 0.526011 0.230651 -1.499536 0.975017 0.957884 0.000779 -1.000000 
0.829955 0.456198 0.527772 0.209662 -1.491961 0.918671 0.957890 0.000749 -1.000000 
0.833470 0.422691 0.529367 0.189310 -1.484840 0.861290 0.957896 0.000722 -1.000000 
0.836721 0.390145 0.530803 0.169562 -1.478183 0.802957 0.957902 0.000697 -1.000000 
0.839715 0.358503 0.532082 0.150384 -1.471995 0.743752 0.957907 0.000675 -1.000000 
0.842459 0.327707 0.533210 0.131737 -1.466285 0.683755 0.957913 0.000654 -1.000000 
0.844960 0.297694 0.534191 0.113583 -1.461057 0.623039 0.957918 0.000635 -1.000000 
0.847224 0.268399 0.535029 0.095882 -1.456318 0.561680 0.957923 0.000618 -1.000000 
0.849256 0.239757 0.535726 0.078592 -1.452072 0.499748 0.957928 0.000602 -1.000000 
0.851062 0.211697 0.536287 0.061672 -1.448323 0.437313 0.957932 0.000588 -1.000000 
0.852645 0.184148 0.536714 0.045076 -1.445076 0.374442 0.957937 0.000575 -1.000000 
0.854009 0.157039 0.537009 0.028763 -1.442333 0.311203 0.957942 0.000564 -1.000000 
0.855158 0.130296 0.537175 0.012685 -1.440097 0.247659 0.957946 0.000554 -1.000000 
0.856095 0.103843 0.537213 -0.003202 -1.438371 0.183874 0.957950 0.000545 -1.000000 
0.856820 0.077604 0.537124 -0.018945 -1.437156 0.119912 0.957955 0.000537 -1.000000 
0.857337 0.051502 0.536910 -0.034589 -1.436453 0.055835 0.957959 0.000530 -1.000000 
0.857645 0.025462 0.536571 -0.050181 -1.436263 -0.008296 0.957963 0.000524 -1.000000 
0.857744 -0.000596 0.536107 -0.065768 -1.436586 -0.072419 0.957967 0.000519 -1.000000 
0.857635 -0.026748 0.535518 -0.081396 -1.437421 -0.136472 0.957971 0.000515 -1.000000 
0.857316 -0.053072 0.534804 -0.097110 -1.438769 -0.200394 0.957976 0.000511 -1.000000 
0.856785 -0.079645 0.533964 -0.112956 -1.440627 -0.264122 0.957980 0.000509 -1.000000 
0.856041 -0.106542 0.532997 -0.128980 -1.442994 -0.327594 0.957984 0.000507 -1.000000 
0.855079 -0.133839 0.531900 -0.145226 -1.445868 -0.390744 0.957988 0.000506 -1.000000 
0.853898 -0.161611 0.530672 -0.161737 -1.449245 -0.453508 0.957992 0.000506 -1.000000 
0.852492 -0.189930 0.529311 -0.178557 -1.453123 -0.515820 0.957996 0.000507 -1.000000 
0.850857 -0.218869 0.527814 -0.195726 -1.457497 -0.577610 0.958000 0.000508 -1.000000 
0.848988 -0.248496 0.526179 -0.213286 -1.462363 -0.638809 0.958004 0.000509 -1.000000 
0.846879 -0.278879 0.524401 -0.231276 -1.467716 -0.699346 0.958008 0.000512 -1.000000 
0.844524 -0.310084 0.522477 -0.249732 -1.473550 -0.759145 0.958012 0.000515 -1.000000 
0.841916 -0.342173 0.520404 -0.268692 -1.479860 -0.818130 0.958016 0.000518 -1.000000 
0.839047 -0.375206 0.518176 -0.288189 -1.486638 -0.876223 0.958021 0.000522 -1.000000 
0.835910 -0.409240 0.515791 -0.308255 -1.493877 -0.933343 0.958025 0.000527 -1.000000 
0.832496 -0.444328 0.513243 -0.328920 -1.501569 -0.989405 0.958029 0.000532 -1.000000 
0.828798 -0.480520 0.510527 -0.350213 -1.509704 -1.044324 0.958033 0.000538 -1.000000 
0.824805 -0.517862 0.507638 -0.372158 -1.518275 -1.098010 0.958038 0.000544 -1.000000 
0.820509 -0.556395 0.504570 -0.394777 -1.527269 -1.150372 0.958042 0.000550 -1.000000 
0.815899 -0.596155 0.501319 -0.418091 -1.536677 -1.201315 0.958046 0.000557 -1.000000 
0.810967 -0.637176 0.497879 -0.442117 -1.546486 -1.250743 0.958051 0.000564 -1.000000 
0.805701 -0.679483 0.494243 -0.466867 -1.556684 -1.298555 0.958055 0.000572 -1.000000 
0.800091 -0.723097 0.490407 -0.492353 -1.567258 -1.344652 0.958060 0.000580 -1.000000 
0.794128 -0.768035 0.486364 -0.518581 -1.578194 -1.388928 0.958065 0.000588 -1.000000 
0.787799 -0.814305 0.482108 -0.545554 -1.589476 -1.431279 0.958069 0.000596 -1.000000 
0.781095 -0.861910 0.477633 -0.573271 -1.601089 -1.471597 0.958074 0.000605 -1.000000 
0.774005 -0.910846 0.472934 -0.601728 -1.613016 -1.509773 0.958079 0.000614 -1.000000 
0.766518 -0.961103 0.468003 -0.630915 -1.625239 -1.545698 0.958084 0.000623 -1.000000 
0.758624 -1.012662 0.462837 -0.660820 -1.637741 -1.579262 0.958089 0.000632 -1.000000 
0.750312 -1.065498 0.457428 -0.691425 -1.650501 -1.610353 0.958094 0.000641 -1.000000 
0.741573 -1.119577 0.451772 -0.722708 -1.663500 -1.638861 0.958099 0.000650 -1.000000 
0.732396 -1.174858 0.445863 -0.754641 -1.676715 -1.664676 0.958105 0.000658 -1.000000 
0.722772 -1.231291 0.439696 -0.787194 -1.690127 -1.687690 0.958110 0.000667 -1.000000 
0.712692 -1.288820 0.433267 -0.820330 -1.703711 -1.707796 0.958115 0.000674 -1.000000 
0.702148 -1.347379 0.426570 -0.854009 -1.717444 -1.724889 0.958121 0.000682 -1.000000 
0.691132 -1.406893 0.419601 -0.888183 -1.731301 -1.738869 0.958126 0.000688 -1.000000 
0.679636 -1.467279 0.412358 -0.922803 -1.745257 -1.749637 0.958132 0.000693 -1.000000 
0.667653 -1.528447 0.404835 -0.957812 -1.759286 -1.757100 0.958137 0.000697 -1.000000 
0.655179 -1.590298 0.397032 -0.993151 -1.773361 -1.761169 0.958143 0.000700 -1.000000 
0.642207 -1.652723 0.388944 -1.028754 -1.787456 -1.761763 0.958148 0.000700 -1.000000 
0.628734 -1.715608 0.380571 -1.064552 -1.801540 -1.758805 0.958154 0.000697 -1.000000 
0.614756 -1.778829 0.371911 -1.100471 -1.815587 -1.752228 0.958160 0.000691 -1.000000 
0.600272 -1.842256 0.362963 -1.136434 -1.829566 -1.741969 0.958165 0.000681 -1.000000 
0.585280 -1.905751 0.353728 -1.172357 -1.843448 -1.727979 0.958170 0.000666 -1.000000 
0.569780 -1.969169 0.344206 -1.208156 -1.857204 -1.710214 0.958176 0.000645 -1.000000 
0.553774 -2.032359 0.334398 -1.243741 -1.870802 -1.688642 0.958181 0.000616 -1.000000 
0.537263 -2.095167 0.324307 -1.279020 -1.884212 -1.663243 0.958185 0.000577 -1.000000 
0.520253 -2.157429 0.313935 -1.313900 -1.897403 -1.634007 0.958190 0.000525 -1.000000 
0.502746 -2.218982 0.303286 -1.348281 -1.910346 -1.600937 0.958194 0.000457 -1.000000 
0.484751 -2.279655 0.292364 -1.382067 -1.923008 -1.564047 0.958197 0.000369 -1.000000 
0.466275 -2.339276 0.281175 -1.415157 -1.935360 -1.523367 0.958200 0.000255 -1.000000 
0.447326 -2.397671 0.269724 -1.447450 -1.947372 -1.478939 0.958201 0.000107 -1.000000 
0.427916 -2.454666 0.258018 -1.478844 -1.959013 -1.430818 0.958201 -0.000085 -1.000000 
0.408056 -2.510084 0.246065 -1.509239 -1.970255 -1.379074 0.958200 -0.000335 -1.000000 
0.387759 -2.563752 0.233873 -1.538534 -1.981069 -1.323793 0.958196 -0.000664 -1.000000 
0.367041 -2.615495 0.221452 -1.566630 -1.991427 -1.265073 0.958189 -0.001099 -1.000000 
0.345917 -2.665145 0.208810 -1.593431 -2.001301 -1.203027 0.958178 -0.001681 -1.000000 
0.324404 -2.712534 0.195960 -1.618842 -2.010667 -1.137784 0.958161 -0.002471 -1.000000 
0.302523 -2.757501 0.182913 -1.642772 -2.019498 -1.069486 0.958137 -0.003559 -1.000000 
0.280291 -2.799890 0.169680 -1.665132 -2.027771 -0.998287 0.958103 -0.005087 -1.000000 
0.257732 -2.839551 0.156275 -1.685841 -2.035463 -0.924358 0.958054 -0.007285 -1.000000 
0.234866 -2.876344 0.142711 -1.704819 -2.042554 -0.847882 0.957984 -0.010537 -1.000000 
0.211718 -2.910136 0.129003 -1.721993 -2.049023 -0.769052 0.957881 -0.015522 -1.000000 
0.188312 -2.940803 0.115165 -1.737297 -2.054853 -0.688079 0.957728 -0.023506 -1.000000 
0.164674 -2.968233 0.101211 -1.750669 -2.060027 -0.605180 0.957490 -0.037036 -1.000000 
0.140830 -2.992325 0.087159 -1.762056 -2.064531 -0.520591 0.957106 -0.061718 -1.000000 
0.116806 -3.012988 0.073024 -1.771412 -2.068353 -0.434560 0.956438 -0.111519 -1.000000 
0.092631 -3.030147 0.058822 -1.778699 -2.071481 -0.347361 0.955152 -0.227739 -1.000000 
0.068333 -3.043737 0.044570 -1.783889 -2.073908 -0.259318 0.952236 -0.568524 -1.000000 
0.043941 -3.053706 0.030285 -1.786973 -2.075629 -0.170920 0.943320 -2.080251 -1.000000 
0.019484 -3.060005 0.015984 -1.787997 -2.076645 -0.083498 0.886563 -20.931048 -1.000000 
0.007239 -3.061403 0.008832 -1.787673 -2.076894 -0.040916 0.546001 -289.844220 -1.000000 
0.007239 -3.061403 0.008832 -1.787673 -2.076894 -0.040916 0.546001 -289.844220 -1.000000 
0.007239 -3.061403 0.008832 -1.787673 -2.076894 -0.040916 0.546001 -289.844220 -1.000000 
0.007239 -3.061403 0.008832 -1.787673 -2.076894 -0.040916 0.546001 -289.844220 -1.000000 
0.007239 -3.061403 0.008832 -1.787673 -2.076894 -0.040916 0.546001 -289.844220 -1.000000 
0.007239 -3.061403 0.008832 -1.787673 -2.076894 -0.040916 0.546001 -289.844220 -1.000000 
0.007239 -3.061403 0.008832 -1.787673 -2.076894 -0.040916 0.546001 -289.844220 -1.000000 
0.007239 -3.061403 0.008832 -1.787673 -2.076894 -0.040916 0.546001 -289.844220 -1.000000 
0.007239 -3.061403 0.008832 -1.787673 -2.076894 -0.040916 0.546001 -289.844220 -1.000000 
0.007239 -3.061403 0.008832 -1.787673 -2.076894 -0.040916 0.546001 -289.844220 -1.000000 
0.007239 -3.061403 0.008832 -1.787673 -2.076894 -0.040916 0.546001 -289.844220 -1.000000 
0.007239 -3.061403 0.008832 -1.787673 -2.076894 -0.040916 0.546001 -289.844220 -1.000000 
0.007239 -3.061403 0.008832 -1.787673 -2.076894 -0.040916 0.546001 -289.844220 -1.000000 
0.007239 -3.061403 0.008832 -1.787673 -2.076894 -0.040916 0.546001 -289.844220 -1.000000 
0.007239 -3.061403 0.008832 -1.787673 -2.076894 -0.040916 0.546001 -289.844220 -1.000000 
0.007239 -3.061403 0.008832 -1.787673 -2.076894 -0.040916 0.546001 -289.844220 -1.000000 
0.007239 -3.061403 0.008832 -1.787673 -2.076894 -0.040916 0.546001 -289.844220 -1.000000 
0.007239 -3.061403 0.008832 -1.787673 -2.076894 -0.040916 0.546001 -289.844220 -1.000000 
0.007239 -3.061403 0.008832 -1.787673 -2.076894 -0.040916 0.546001 -289.844220 -1.000000 
0.007239 -3.061403 0.008832 -1.787673 -2.076894 -0.040916 0.546001 -289.844220 -1.000000 
0.007239 -3.061403 0.008832 -1.787673 -2.076894 -0.040916 0.546001 -289.844220 -1.000000 
0.007239 -3.061403 0.008832 -1.787673 -2.076894 -0.040916 0.546001 -289.844220 -1.000000 
0.007239 -3.061403 0.008832 -1.787673 -2.076894 -0.040916 0.546001 -289.844220 -1.000000 
0.007239 -3.061403 0.008832 -1.787673 -2.076894 -0.040916 0.546001 -289.844220 -1.000000 
0.007239 -3.061403 0.008832 -1.787673 -2.076894 -0.040916 0.546001 -289.844220 -1.000000 
0.007239 -3.061403 0.008832 -1.787673 -2.076894 -0.040916 0.546001 -289.844220 -1.000000 
0.007239 -3.061403 0.008832 -1.787673 -2.076894 -0.040916 0.546001 -289.844220 -1.000000 
0.007239 -3.061403 0.008832 -1.787673 -2.076894 -0.040916 0.546001 -289.844220 -1.000000 
0.007239 -3.061403 0.008832 -1.787673 -2.076894 -0.040916 0.546001 -289.844220 -1.000000 
0.007239 -3.061403 0.008832 -1.787673 -2.076894 -0.040916 0.546001 -289.844220 -1.000000 
0.007239 -3.061403 0.008832 -1.787673 -2.076894 -0.040916 0.546001 -289.844220 -1.000000 
0.007239 -3.061403 0.008832 -1.787673 -2.076894 -0.040916 0.546001 -289.844220 -1.000000 
0.007239 -3.061403 0.008832 -1.787673 -2.076894 -0.040916 0.546001 -289.844220 -1.000000 
0.007239 -3.061403 0.008832 -1.787673 -2.076894 -0.040916 0.546001 -289.844220 -1.000000 
0.007239 -3.061403 0.008832 -1.787673 -2.076894 -0.040916 0.546001 -289.844220 -1.000000 
0.007239 -3.061403 0.008832 -1.787673 -2.076894 -0.040916 0.546001 -289.844220 -1.000000 
0.007239 -3.061403 0.008832 -1.787673 -2.076894 -0.040916 0.546001 -289.844220 -1.000000 
0.007239 -3.061403 0.008832 -1.787673 -2.076894 -0.040916 0.546001 -289.844220 -1.000000 
0.007239 -3.061403 0.008832 -1.787673 -2.076894 -0.040916 0.546001 -289.844220 -1.000000 
0.007239 -3.061403 0.008832 -1.787673 -2.076894 -0.040916 0.546001 -289.844220 -1.000000 
0.007239 -3.061403 0.008832 -1.787673 -2.076894 -0.040916 0.546001 -289.844220 -1.000000 
0.007239 -3.061403 0.008832 -1.787673 -2.076894 -0.040916 0.546001 -289.844220 -1.000000 
0.007239 -3.061403 0.008832 -1.787673 -2.076894 -0.040916 0.546001 -289.844220 -1.000000 
0.007239 -3.061403 0.008832 -1.787673 -2.076894 -0.040916 0.546001 -289.844220 -1.000000 
0.007239 -3.061403 0.008832 -1.787673 -2.076894 -0.040916 0.546001 -289.844220 -1.000000 
0.007239 -3.061403 0.008832 -1.787673 -2.076894 -0.040916 0.546001 -289.844220 -1.000000 
0.007239 -3.061403 0.008832 -1.787673 -2.076894 -0.040916 0.546001 -289.844220 -1.000000 
0.007239 -3.061403 0.008832 -1.787673 -2.076894 -0.040916 0.546001 -289.844220 -1.000000 
0.007239 -3.061403 0.008832 -1.787673 -2.076894 -0.040916 0.546001 -289.844220 -1.000000 
0.007239 -3.061403 0.008832 -1.787673 -2.076894 -0.040916 0.546001 -289.844220 -1.000000 
0.007239 -3.061403 0.008832 -1.787673 -2.076894 -0.040916 0.546001 -289.844220 -1.000000 
0.007239 -3.061403 0.008832 -1.787673 -2.076894 -0.040916 0.546001 -289.844220 -1.000000 
0.007239 -3.061403 0.008832 -1.787673 -2.076894 -0.040916 0.546001 -289.844220 -1.000000 
0.007239 -3.061403 0.008832 -1.787673 -2.076894 -0.040916 0.546001 -289.844220 -1.000000 
0.007239 -3.061403 0.008832 -1.787673 -2.076894 -0.040916 0.546001 -289.844220 -1.000000 
0.007239 -3.061403 0.008832 -1.787673 -2.076894 -0.040916 0.546001 -289.844220 -1.000000 
0.007239 -3.061403 0.008832 -1.787673 -2.076894 -0.040916 0.546001 -289.844220 -1.000000 
0.007239 -3.061403 0.008832 -1.787673 -2.076894 -0.040916 0.546001 -289.844220 -1.000000 
0.007239 -3.061403 0.008832 -1.787673 -2.076894 -0.040916 0.546001 -289.844220 -1.000000 
0.007239 -3.061403 0.008832 -1.787673 -2.076894 -0.040916 0.546001 -289.844220 -1.000000 
0.007239 -3.061403 0.008832 -1.787673 -2.076894 -0.040916 0.546001 -289.844220 -1.000000 
0.007239 -3.061403 0.008832 -1.787673 -2.076894 -0.040916 0.546001 -289.844220 -1.000000 
0.007239 -3.061403 0.008832 -1.787673 -2.076894 -0.040916 0.546001 -289.844220 -1.000000 
0.007239 -3.061403 0.008832 -1.787673 -2.076894 -0.040916 0.546001 -289.844220 -1.000000 
0.007239 -3.061403 0.008832 -1.787673 -2.076894 -0.040916 0.546001 -289.844220 -1.000000 
0.007239 -3.061403 0.008832 -1.787673 -2.076894 -0.040916 0.546001 -289.844220 -1.000000 
0.007239 -3.061403 0.008832 -1.787673 -2.076894 -0.040916 0.546001 -289.844220 -1.000000 
0.007239 -3.061403 0.008832 -1.787673 -2.076894 -0.040916 0.546001 -289.844220 -1.000000 
0.007239 -3.061403 0.008832 -1.787673 -2.076894 -0.040916 0.546001 -289.844220 -1.000000 
0.007239 -3.061403 0.008832 -1.787673 -2.076894 -0.040916 0.546001 -289.844220 -1.000000 
0.007239 -3.061403 0.008832 -1.787673 -2.076894 -0.040916 0.546001 -289.844220 -1.000000 
0.007239 -3.061403 0.008832 -1.787673 -2.076894 -0.040916 0.546001 -289.844220 -1.000000 
0.007239 -3.061403 0.008832 -1.787673 -2.076894 -0.040916 0.546001 -289.844220 -1.000000 
0.007239 -3.061403 0.008832 -1.787673 -2.076894 -0.040916 0.546001 -289.844220 -1.000000 
0.007239 -3.061403 0.008832 -1.787673 -2.076894 -0.040916 0.546001 -289.844220 -1.000000 
0.007239 -3.061403 0.008832 -1.787673 -2.076894 -0.040916 0.546001 -289.844220 -1.000000 
0.007239 -3.061403 0.008832 -1.787673 -2.076894 -0.040916 0.546001 -289.844220 -1.000000 
0.007239 -3.061403 0.008832 -1.787673 -2.076894 -0.040916 0.546001 -289.844220 -1.000000 
0.007239 -3.061403 0.008832 -1.787673 -2.076894 -0.040916 0.546001 -289.844220 -1.000000 
0.007239 -3.061403 0.008832 -1.787673 -2.076894 -0.040916 0.546001 -289.844220 -1.000000 
0.007239 -3.061403 0.008832 -1.787673 -2.076894 -0.040916 0.546001 -289.844220 -1.000000 
0.007239 -3.061403 0.008832 -1.787673 -2.076894 -0.040916 0.546001 -289.844220 -1.000000 
0.007239 -3.061403 0.008832 -1.787673 -2.076894 -0.040916 0.546001 -289.844220 -1.000000 
0.007239 -3.061403 0.008832 -1.787673 -2.076894 -0.040916 0.546001 -289.844220 -1.000000 
0.007239 -3.061403 0.008832 -1.787673 -2.076894 -0.040916 0.546001 -289.844220 -1.000000 
0.007239 -3.061403 0.008832 -1.787673 -2.076894 -0.040916 0.546001 -289.844220 -1.000000 
0.007239 -3.061403 0.008832 -1.787673 -2.076894 -0.040916 0.546001 -289.844220 -1.000000 
0.007239 -3.061403 0.008832 -1.787673 -2.076894 -0.040916 0.546001 -289.844220 -1.000000 
0.007239 -3.061403 0.008832 -1.787673 -2.076894 -0.040916 0.546001 -289.844220 -1.000000 
0.007239 -3.061403 0.008832 -1.787673 -2.076894 -0.040916 0.546001 -289.844220 -1.000000 
0.007239 -3.061403 0.008832 -1.787673 -2.076894 -0.040916 0.546001 -289.844220 -1.000000 
0.007239 -3.061403 0.008832 -1.787673 -2.076894 -0.040916 0.546001 -289.844220 -1.000000 
0.007239 -3.061403 0.008832 -1.787673 -2.076894 -0.040916 0.546001 -289.844220 -1.000000 
0.007239 -3.061403 0.008832 -1.787673 -2.076894 -0.040916 0.546001 -289.844220 -1.000000 
0.007239 -3.061403 0.008832 -1.787673 -2.076894 -0.040916 0.546001 -289.844220 -1.000000 
0.007239 -3.061403 0.008832 -1.787673 -2.076894 -0.040916 0.546001 -289.844220 -1.000000 
0.007239 -3.061403 0.008832 -1.787673 -2.076894 -0.040916 0.546001 -289.844220 -1.000000 
0.007239 -3.061403 0.008832 -1.787673 -2.076894 -0.040916 0.546001 -289.844220 -1.000000 
0.007239 -3.061403 0.008832 -1.787673 -2.076894 -0.040916 0.546001 -289.844220 -1.000000 
0.007239 -3.061403 0.008832 -1.787673 -2.076894 -0.040916 0.546001 -289.844220 -1.000000 
0.007239 -3.061403 0.008832 -1.787673 -2.076894 -0.040916 0.546001 -289.844220 -1.000000 
0.007239 -3.061403 0.008832 -1.787673 -2.076894 -0.040916 0.546001 -289.844220 -1.000000 
0.007239 -3.061403 0.008832 -1.787673 -2.076894 -0.040916 0.546001 -289.844220 -1.000000 
0.007239 -3.061403 0.008832 -1.787673 -2.076894 -0.040916 0.546001 -289.844220 -1.000000 
0.007239 -3.061403 0.008832 -1.787673 -2.076894 -0.040916 0.546001 -289.844220 -1.000000 
0.007239 -3.061403 0.008832 -1.787673 -2.076894 -0.040916 0.546001 -289.844220 -1.000000 
0.007239 -3.061403 0.008832 -1.787673 -2.076894 -0.040916 0.546001 -289.844220 -1.000000 
0.007239 -3.061403 0.008832 -1.787673 -2.076894 -0.040916 0.546001 -289.844220 -1.000000 
0.007239 -3.061403 0.008832 -1.787673 -2.076894 -0.040916 0.546001 -289.844220 -1.000000 
0.007239 -3.061403 0.008832 -1.787673 -2.076894 -0.040916 0.546001 -289.844220 -1.000000 
0.007239 -3.061403 0.008832 -1.787673 -2.076894 -0.040916 0.546001 -289.844220 -1.000000 
0.007239 -3.061403 0.008832 -1.787673 -2.076894 -0.040916 0.546001 -289.844220 -1.000000 
0.007239 -3.061403 0.008832 -1.787673 -2.076894 -0.040916 0.546001 -289.844220 -1.000000 
0.007239 -3.061403 0.008832 -1.787673 -2.076894 -0.040916 0.546001 -289.844220 -1.000000 
0.007239 -3.061403 0.008832 -1.787673 -2.076894 -0.040916 0.546001 -289.844220 -1.000000 
0.007239 -3.061403 0.008832 -1.787673 -2.076894 -0.040916 0.546001 -289.844220 -1.000000 
0.007239 -3.061403 0.008832 -1.787673 -2.076894 -0.040916 0.546001 -289.844220 -1.000000 
0.007239 -3.061403 0.008832 -1.787673 -2.076894 -0.040916 0.546001 -289.844220 -1.000000 
0.007239 -3.061403 0.008832 -1.787673 -2.076894 -0.040916 0.546001 -289.844220 -1.000000 
0.007239 -3.061403 0.008832 -1.787673 -2.076894 -0.040916 0.546001 -289.844220 -1.000000 
0.007239 -3.061403 0.008832 -1.787673 -2.076894 -0.040916 0.546001 -289.844220 -1.000000 
0.007239 -3.061403 0.008832 -1.787673 -2.076894 -0.040916 0.546001 -289.844220 -1.000000 
0.007239 -3.061403 0.008832 -1.787673 -2.076894 -0.040916 0.546001 -289.844220 -1.000000 
0.007239 -3.061403 0.008832 -1.787673 -2.076894 -0.040916 0.546001 -289.844220 -1.000000 
0.007239 -3.061403 0.008832 -1.787673 -2.076894 -0.040916 0.546001 -289.844220 -1.000000 
0.007239 -3.061403 0.008832 -1.787673 -2.076894 -0.040916 0.546001 -289.844220 -1.000000 
0.007239 -3.061403 0.008832 -1.787673 -2.076894 -0.040916 0.546001 -289.844220 -1.000000 
0.007239 -3.061403 0.008832 -1.787673 -2.076894 -0.040916 0.546001 -289.844220 -1.000000 
0.007239 -3.061403 0.008832 -1.787673 -2.076894 -0.040916 0.546001 -289.844220 -1.000000 
0.007239 -3.061403 0.008832 -1.787673 -2.076894 -0.040916 0.546001 -289.844220 -1.000000 
0.007239 -3.061403 0.008832 -1.787673 -2.076894 -0.040916 0.546001 -289.844220 -1.000000 
0.007239 -3.061403 0.008832 -1.787673 -2.076894 -0.040916 0.546001 -289.844220 -1.000000 
0.007239 -3.061403 0.008832 -1.787673 -2.076894 -0.040916 0.546001 -289.844220 -1.000000 
0.007239 -3.061403 0.008832 -1.787673 -2.076894 -0.040916 0.546001 -289.844220 -1.000000 
0.007239 -3.061403 0.008832 -1.787673 -2.076894 -0.040916 0.546001 -289.844220 -1.000000 
0.007239 -3.061403 0.008832 -1.787673 -2.076894 -0.040916 0.546001 -289.844220 -1.000000 
0.007239 -3.061403 0.008832 -1.787673 -2.076894 -0.040916 0.546001 -289.844220 -1.000000 
0.007239 -3.061403 0.008832 -1.787673 -2.076894 -0.040916 0.546001 -289.844220 -1.000000 
0.007239 -3.061403 0.008832 -1.787673 -2.076894 -0.040916 0.546001 -289.844220 -1.000000 
0.007239 -3.061403 0.008832 -1.787673 -2.076894 -0.040916 0.546001 -289.844220 -1.000000 
0.007239 -3.061403 0.008832 -1.787673 -2.076894 -0.040916 0.546001 -289.844220 -1.000000 
0.007239 -3.061403 0.008832 -1.787673 -2.076894 -0.040916 0.546001 -289.844220 -1.000000 
0.007239 -3.061403 0.008832 -1.787673 -2.076894 -0.040916 0.546001 -289.844220 -1.000000 
0.007239 -3.061403 0.008832 -1.787673 -2.076894 -0.040916 0.546001 -289.844220 -1.000000 
0.007239 -3.061403 0.008832 -1.787673 -2.076894 -0.040916 0.546001 -289.844220 -1.000000 
0.007239 -3.061403 0.008832 -1.787673 -2.076894 -0.040916 0.546001 -289.844220 -1.000000 
0.007239 -3.061403 0.008832 -1.787673 -2.076894 -0.040916 0.546001 -289.844220 -1.000000 
0.007239 -3.061403 0.008832 -1.787673 -2.076894 -0.040916 0.546001 -289.844220 -1.000000 
0.007239 -3.061403 0.008832 -1.787673 -2.076894 -0.040916 0.546001 -289.844220 -1.000000 
0.007239 -3.061403 0.008832 -1.787673 -2.076894 -0.040916 0.546001 -289.844220 -1.000000 
0.007239 -3.061403 0.008832 -1.787673 -2.076894 -0.040916 0.546001 -289.844220 -1.000000 
0.007239 -3.061403 0.008832 -1.787673 -2.076894 -0.040916 0.546001 -289.844220 -1.000000 
0.007239 -3.061403 0.008832 -1.787673 -2.076894 -0.040916 0.546001 -289.844220 -1.000000 
0.007239 -3.061403 0.008832 -1.787673 -2.076894 -0.040916 0.546001 -289.844220 -1.000000 
0.007239 -3.061403 0.008832 -1.787673 -2.076894 -0.040916 0.546001 -289.844220 -1.000000 
0.007239 -3.061403 0.008832 -1.787673 -2.076894 -0.040916 0.546001 -289.844220 -1.000000 
0.007239 -3.061403 0.008832 -1.787673 -2.076894 -0.040916 0.546001 -289.844220 -1.000000 
0.007239 -3.061403 0.008832 -1.787673 -2.076894 -0.040916 0.546001 -289.844220 -1.000000 
0.007239 -3.061403 0.008832 -1.787673 -2.076894 -0.040916 0.546001 -289.844220 -1.000000 
0.007239 -3.061403 0.008832 -1.787673 -2.076894 -0.040916 0.546001 -289.844220 -1.000000 
0.007239 -3.061403 0.008832 -1.787673 -2.076894 -0.040916 0.546001 -289.844220 -1.000000 
0.007239 -3.061403 0.008832 -1.787673 -2.076894 -0.040916 0.546001 -289.844220 -1.000000 
0.007239 -3.061403 0.008832 -1.787673 -2.076894 -0.040916 0.546001 -289.844220 -1.000000 
0.007239 -3.061403 0.008832 -1.787673 -2.076894 -0.040916 0.546001 -289.844220 -1.000000 
0.007239 -3.061403 0.008832 -1.787673 -2.076894 -0.040916 0.546001 -289.844220 -1.000000 
0.007239 -3.061403 0.008832 -1.787673 -2.076894 -0.040916 0.546001 -289.844220 -1.000000 
0.007239 -3.061403 0.008832 -1.787673 -2.076894 -0.040916 0.546001 -289.844220 -1.000000 
0.007239 -3.061403 0.008832 -1.787673 -2.076894 -0.040916 0.546001 -289.844220 -1.000000 
0.007239 -3.061403 0.008832 -1.787673 -2.076894 -0.040916 0.546001 -289.844220 -1.000000 
0.007239 -3.061403 0.008832 -1.787673 -2.076894 -0.040916 0.546001 -289.844220 -1.000000 
0.007239 -3.061403 0.008832 -1.787673 -2.076894 -0.040916 0.546001 -289.844220 -1.000000 
0.007239 -3.061403 0.008832 -1.787673 -2.076894 -0.040916 0.546001 -289.844220 -1.000000 
0.007239 -3.061403 0.008832 -1.787673 -2.076894 -0.040916 0.546001 -289.844220 -1.000000 
0.007239 -3.061403 0.008832 -1.787673 -2.076894 -0.040916 0.546001 -289.844220 -1.000000 
0.007239 -3.061403 0.008832 -1.787673 -2.076894 -0.040916 0.546001 -289.844220 -1.000000 
0.007239 -3.061403 0.008832 -1.787673 -2.076894 -0.040916 0.546001 -289.844220 -1.000000 
0.007239 -3.061403 0.008832 -1.787673 -2.076894 -0.040916 0.546001 -289.844220 -1.000000 
0.007239 -3.061403 0.008832 -1.787673 -2.076894 -0.040916 0.546001 -289.844220 -1.000000 
0.007239 -3.061403 0.008832 -1.787673 -2.076894 -0.040916 0.546001 -289.844220 -1.000000 
0.007239 -3.061403 0.008832 -1.787673 -2.076894 -0.040916 0.546001 -289.844220 -1.000000 
0.007239 -3.061403 0.008832 -1.787673 -2.076894 -0.040916 0.546001 -289.844220 -1.000000 
0.007239 -3.061403 0.008832 -1.787673 -2.076894 -0.040916 0.546001 -289.844220 -1.000000 
0.007239 -3.061403 0.008832 -1.787673 -2.076894 -0.040916 0.546001 -289.844220 -1.000000 
0.007239 -3.061403 0.008832 -1.787673 -2.076894 -0.040916 0.546001 -289.844220 -1.000000 
0.007239 -3.061403 0.008832 -1.787673 -2.076894 -0.040916 0.546001 -289.844220 -1.000000 
0.007239 -3.061403 0.008832 -1.787673 -2.076894 -0.040916 0.546001 -289.844220 -1.000000 
0.007239 -3.061403 0.008832 -1.787673 -2.076894 -0.040916 0.546001 -289.844220 -1.000000 
0.007239 -3.061403 0.008832 -1.787673 -2.076894 -0.040916 0.546001 -289.844220 -1.000000 
0.007239 -3.061403 0.008832 -1.787673 -2.076894 -0.040916 0.546001 -289.844220 -1.000000 
0.007239 -3.061403 0.008832 -1.787673 -2.076894 -0.040916 0.546001 -289.844220 -1.000000 
0.007239 -3.061403 0.008832 -1.787673 -2.076894 -0.040916 0.546001 -289.844220 -1.000000 
0.007239 -3.061403 0.008832 -1.787673 -2.076894 -0.040916 0.546001 -289.844220 -1.000000 
0.007239 -3.061403 0.008832 -1.787673 -2.076894 -0.040916 0.546001 -289.844220 -1.000000 
0.007239 -3.061403 0.008832 -1.787673 -2.076894 -0.040916 0.546001 -289.844220 -1.000000 
0.007239 -3.061403 0.008832 -1.787673 -2.076894 -0.040916 0.546001 -289.844220 -1.000000 
0.007239 -3.061403 0.008832 -1.787673 -2.076894 -0.040916 0.546001 -289.844220 -1.000000 
0.007239 -3.061403 0.008832 -1.787673 -2.076894 -0.040916 0.546001 -289.844220 -1.000000 
0.007239 -3.061403 0.008832 -1.787673 -2.076894 -0.040916 0.546001 -289.844220 -1.000000 
0.007239 -3.061403 0.008832 -1.787673 -2.076894 -0.040916 0.546001 -289.844220 -1.000000 
0.007239 -3.061403 0.008832 -1.787673 -2.076894 -0.040916 0.546001 -289.844220 -1.000000 
0.007239 -3.061403 0.008832 -1.787673 -2.076894 -0.040916 0.546001 -289.844220 -1.000000 
0.007239 -3.061403 0.008832 -1.787673 -2.076894 -0.040916 0.546001 -289.844220 -1.000000 
0.007239 -3.061403 0.008832 -1.787673 -2.076894 -0.040916 0.546001 -289.844220 -1.000000 
0.007239 -3.061403 0.008832 -1.787673 -2.076894 -0.040916 0.546001 -289.844220 -1.000000 
0.007239 -3.061403 0.008832 -1.787673 -2.076894 -0.040916 0.546001 -289.844220 -1.000000 
0.007239 -3.061403 0.008832 -1.787673 -2.076894 -0.040916 0.546001 -289.844220 -1.000000 
0.007239 -3.061403 0.008832 -1.787673 -2.076894 -0.040916 0.546001 -289.844220 -1.000000 
0.007239 -3.061403 0.008832 -1.787673 -2.076894 -0.040916 0.546001 -289.844220 -1.000000 
0.007239 -3.061403 0.008832 -1.787673 -2.076894 -0.040916 0.546001 -289.844220 -1.000000 
0.007239 -3.061403 0.008832 -1.787673 -2.076894 -0.040916 0.546001 -289.844220 -1.000000 
0.007239 -3.061403 0.008832 -1.787673 -2.076894 -0.040916 0.546001 -289.844220 -1.000000 
0.007239 -3.061403 0.008832 -1.787673 -2.076894 -0.040916 0.546001 -289.844220 -1.000000 
0.007239 -3.061403 0.008832 -1.787673 -2.076894 -0.040916 0.546001 -289.844220 -1.000000 
0.007239 -3.061403 0.008832 -1.787673 -2.076894 -0.040916 0.546001 -289.844220 -1.000000 
0.007239 -3.061403 0.008832 -1.787673 -2.076894 -0.040916 0.546001 -289.844220 -1.000000 
0.007239 -3.061403 0.008832 -1.787673 -2.076894 -0.040916 0.546001 -289.844220 -1.000000 
0.007239 -3.061403 0.008832 -1.787673 -2.076894 -0.040916 0.546001 -289.844220 -1.000000 
0.007239 -3.061403 0.008832 -1.787673 -2.076894 -0.040916 0.546001 -289.844220 -1.000000 
0.007239 -3.061403 0.008832 -1.787673 -2.076894 -0.040916 0.546001 -289.844220 -1.000000 
0.007239 -3.061403 0.008832 -1.787673 -2.076894 -0.040916 0.546001 -289.844220 -1.000000 
0.007239 -3.061403 0.008832 -1.787673 -2.076894 -0.040916 0.546001 -289.844220 -1.000000 
0.007239 -3.061403 0.008832 -1.787673 -2.076894 -0.040916 0.546001 -289.844220 -1.000000 
0.007239 -3.061403 0.008832 -1.787673 -2.076894 -0.040916 0.546001 -289.844220 -1.000000 
0.007239 -3.061403 0.008832 -1.787673 -2.076894 -0.040916 0.546001 -289.844220 -1.000000 
0.007239 -3.061403 0.008832 -1.787673 -2.076894 -0.040916 0.546001 -289.844220 -1.000000 
0.007239 -3.061403 0.008832 -1.787673 -2.076894 -0.040916 0.546001 -289.844220 -1.000000 
0.007239 -3.061403 0.008832 -1.787673 -2.076894 -0.040916 0.546001 -289.844220 -1.000000 
0.007239 -3.061403 0.008832 -1.787673 -2.076894 -0.040916 0.546001 -289.844220 -1.000000 
0.007239 -3.061403 0.008832 -1.787673 -2.076894 -0.040916 0.546001 -289.844220 -1.000000 
0.007239 -3.061403 0.008832 -1.787673 -2.076894 -0.040916 0.546001 -289.844220 -1.000000 
0.007239 -3.061403 0.008832 -1.787673 -2.076894 -0.040916 0.546001 -289.844220 -1.000000 
0.007239 -3.061403 0.008832 -1.787673 -2.076894 -0.040916 0.546001 -289.844220 -1.000000 
0.007239 -3.061403 0.008832 -1.787673 -2.076894 -0.040916 0.546001 -289.844220 -1.000000 
0.007239 -3.061403 0.008832 -1.787673 -2.076894 -0.040916 0.546001 -289.844220 -1.000000 
0.007239 -3.061403 0.008832 -1.787673 -2.076894 -0.040916 0.546001 -289.844220 -1.000000 
0.007239 -3.061403 0.008832 -1.787673 -2.076894 -0.040916 0.546001 -289.844220 -1.000000 
0.007239 -3.061403 0.008832 -1.787673 -2.076894 -0.040916 0.546001 -289.844220 -1.000000 
0.007239 -3.061403 0.008832 -1.787673 -2.076894 -0.040916 0.546001 -289.844220 -1.000000 
0.007239 -3.061403 0.008832 -1.787673 -2.076894 -0.040916 0.546001 -289.844220 -1.000000 
0.007239 -3.061403 0.008832 -1.787673 -2.076894 -0.040916 0.546001 -289.844220 -1.000000 
0.007239 -3.061403 0.008832 -1.787673 -2.076894 -0.040916 0.546001 -289.844220 -1.000000 
0.007239 -3.061403 0.008832 -1.787673 -2.076894 -0.040916 0.546001 -289.844220 -1.000000 
0.007239 -3.061403 0.008832 -1.787673 -2.076894 -0.040916 0.546001 -289.844220 -1.000000 
0.007239 -3.061403 0.008832 -1.787673 -2.076894 -0.040916 0.546001 -289.844220 -1.000000 
0.007239 -3.061403 0.008832 -1.787673 -2.076894 -0.040916 0.546001 -289.844220 -1.000000 
0.007239 -3.061403 0.008832 -1.787673 -2.076894 -0.040916 0.546001 -289.844220 -1.000000 
0.007239 -3.061403 0.008832 -1.787673 -2.076894 -0.040916 0.546001 -289.844220 -1.000000 
0.007239 -3.061403 0.008832 -1.787673 -2.076894 -0.040916 0.546001 -289.844220 -1.000000 
0.007239 -3.061403 0.008832 -1.787673 -2.076894 -0.040916 0.546001 -289.844220 -1.000000 
0.007239 -3.061403 0.008832 -1.787673 -2.076894 -0.040916 0.546001 -289.844220 -1.000000 
0.007239 -3.061403 0.008832 -1.787673 -2.076894 -0.040916 0.546001 -289.844220 -1.000000 
0.007239 -3.061403 0.008832 -1.787673 -2.076894 -0.040916 0.546001 -289.844220 -1.000000 
0.007239 -3.061403 0.008832 -1.787673 -2.076894 -0.040916 0.546001 -289.844220 -1.000000 
0.007239 -3.061403 0.008832 -1.787673 -2.076894 -0.040916 0.546001 -289.844220 -1.000000 
0.007239 -3.061403 0.008832 -1.787673 -2.076894 -0.040916 0.546001 -289.844220 -1.000000 
0.007239 -3.061403 0.008832 -1.787673 -2.076894 -0.040916 0.546001 -289.844220 -1.000000 
0.007239 -3.061403 0.008832 -1.787673 -2.076894 -0.040916 0.546001 -289.844220 -1.000000 
0.007239 -3.061403 0.008832 -1.787673 -2.076894 -0.040916 0.546001 -289.844220 -1.000000 
0.007239 -3.061403 0.008832 -1.787673 -2.076894 -0.040916 0.546001 -289.844220 -1.000000 
0.007239 -3.061403 0.008832 -1.787673 -2.076894 -0.040916 0.546001 -289.844220 -1.000000 
0.007239 -3.061403 0.008832 -1.787673 -2.076894 -0.040916 0.546001 -289.844220 -1.000000 
0.007239 -3.061403 0.008832 -1.787673 -2.076894 -0.040916 0.546001 -289.844220 -1.000000 
0.007239 -3.061403 0.008832 -1.787673 -2.076894 -0.040916 0.546001 -289.844220 -1.000000 
0.007239 -3.061403 0.008832 -1.787673 -2.076894 -0.040916 0.546001 -289.844220 -1.000000 
0.007239 -3.061403 0.008832 -1.787673 -2.076894 -0.040916 0.546001 -289.844220 -1.000000 
0.007239 -3.061403 0.008832 -1.787673 -2.076894 -0.040916 0.546001 -289.844220 -1.000000 
0.007239 -3.061403 0.008832 -1.787673 -2.076894 -0.040916 0.546001 -289.844220 -1.000000 
0.007239 -3.061403 0.008832 -1.787673 -2.076894 -0.040916 0.546001 -289.844220 -1.000000 
0.007239 -3.061403 0.008832 -1.787673 -2.076894 -0.040916 0.546001 -289.844220 -1.000000 
0.007239 -3.061403 0.008832 -1.787673 -2.076894 -0.040916 0.546001 -289.844220 -1.000000 
0.007239 -3.061403 0.008832 -1.787673 -2.076894 -0.040916 0.546001 -289.844220 -1.000000 
0.007239 -3.061403 0.008832 -1.787673 -2.076894 -0.040916 0.546001 -289.844220 -1.000000 
0.007239 -3.061403 0.008832 -1.787673 -2.076894 -0.040916 0.546001 -289.844220 -1.000000 
0.007239 -3.061403 0.008832 -1.787673 -2.076894 -0.040916 0.546001 -289.844220 -1.000000 
0.007239 -3.061403 0.008832 -1.787673 -2.076894 -0.040916 0.546001 -289.844220 -1.000000 
0.007239 -3.061403 0.008832 -1.787673 -2.076894 -0.040916 0.546001 -289.844220 -1.000000 
0.007239 -3.061403 0.008832 -1.787673 -2.076894 -0.040916 0.546001 -289.844220 -1.000000 
0.007239 -3.061403 0.008832 -1.787673 -2.076894 -0.040916 0.546001 -289.844220 -1.000000 
0.007239 -3.061403 0.008832 -1.787673 -2.076894 -0.040916 0.546001 -289.844220 -1.000000 
0.007239 -3.061403 0.008832 -1.787673 -2.076894 -0.040916 0.546001 -289.844220 -1.000000 
0.007239 -3.061403 0.008832 -1.787673 -2.076894 -0.040916 0.546001 -289.844220 -1.000000 
0.007239 -3.061403 0.008832 -1.787673 -2.076894 -0.040916 0.546001 -289.844220 -1.000000 
0.007239 -3.061403 0.008832 -1.787673 -2.076894 -0.040916 0.546001 -289.844220 -1.000000 
0.007239 -3.061403 0.008832 -1.787673 -2.076894 -0.040916 0.546001 -289.844220 -1.000000 
0.007239 -3.061403 0.008832 -1.787673 -2.076894 -0.040916 0.546001 -289.844220 -1.000000 
0.007239 -3.061403 0.008832 -1.787673 -2.076894 -0.040916 0.546001 -289.844220 -1.000000 
0.007239 -3.061403 0.008832 -1.787673 -2.076894 -0.040916 0.546001 -289.844220 -1.000000 
0.007239 -3.061403 0.008832 -1.787673 -2.076894 -0.040916 0.546001 -289.844220 -1.000000 
0.007239 -3.061403 0.008832 -1.787673 -2.076894 -0.040916 0.546001 -289.844220 -1.000000 
0.007239 -3.061403 0.008832 -1.787673 -2.076894 -0.040916 0.546001 -289.844220 -1.000000 
0.007239 -3.061403 0.008832 -1.787673 -2.076894 -0.040916 0.546001 -289.844220 -1.000000 
0.007239 -3.061403 0.008832 -1.787673 -2.076894 -0.040916 0.546001 -289.844220 -1.000000 
0.007239 -3.061403 0.008832 -1.787673 -2.076894 -0.040916 0.546001 -289.844220 -1.000000 
0.007239 -3.061403 0.008832 -1.787673 -2.076894 -0.040916 0.546001 -289.844220 -1.000000 
0.007239 -3.061403 0.008832 -1.787673 -2.076894 -0.040916 0.546001 -289.844220 -1.000000 
0.007239 -3.061403 0.008832 -1.787673 -2.076894 -0.040916 0.546001 -289.844220 -1.000000 
0.007239 -3.061403 0.008832 -1.787673 -2.076894 -0.040916 0.546001 -289.844220 -1.000000 
0.007239 -3.061403 0.008832 -1.787673 -2.076894 -0.040916 0.546001 -289.844220 -1.000000 
0.007239 -3.061403 0.008832 -1.787673 -2.076894 -0.040916 0.546001 -289.844220 -1.000000 
0.007239 -3.061403 0.008832 -1.787673 -2.076894 -0.040916 0.546001 -289.844220 -1.000000 
0.007239 -3.061403 0.008832 -1.787673 -2.076894 -0.040916 0.546001 -289.844220 -1.000000 
0.007239 -3.061403 0.008832 -1.787673 -2.076894 -0.040916 0.546001 -289.844220 -1.000000 
0.007239 -3.061403 0.008832 -1.787673 -2.076894 -0.040916 0.546001 -289.844220 -1.000000 
0.007239 -3.061403 0.008832 -1.787673 -2.076894 -0.040916 0.546001 -289.844220 -1.000000 
0.007239 -3.061403 0.008832 -1.787673 -2.076894 -0.040916 0.546001 -289.844220 -1.000000 
0.007239 -3.061403 0.008832 -1.787673 -2.076894 -0.040916 0.546001 -289.844220 -1.000000 
0.007239 -3.061403 0.008832 -1.787673 -2.076894 -0.040916 0.546001 -289.844220 -1.000000 
0.007239 -3.061403 0.008832 -1.787673 -2.076894 -0.040916 0.546001 -289.844220 -1.000000 
0.007239 -3.061403 0.008832 -1.787673 -2.076894 -0.040916 0.546001 -289.844220 -1.000000 
0.007239 -3.061403 0.008832 -1.787673 -2.076894 -0.040916 0.546001 -289.844220 -1.000000 
0.007239 -3.061403 0.008832 -1.787673 -2.076894 -0.040916 0.546001 -289.844220 -1.000000 
0.007239 -3.061403 0.008832 -1.787673 -2.076894 -0.040916 0.546001 -289.844220 -1.000000 
0.007239 -3.061403 0.008832 -1.787673 -2.076894 -0.040916 0.546001 -289.844220 -1.000000 
0.007239 -3.061403 0.008832 -1.787673 -2.076894 -0.040916 0.546001 -289.844220 -1.000000 
0.007239 -3.061403 0.008832 -1.787673 -2.076894 -0.040916 0.546001 -289.844220 -1.000000 
0.007239 -3.061403 0.008832 -1.787673 -2.076894 -0.040916 0.546001 -289.844220 -1.000000 
0.007239 -3.061403 0.008832 -1.787673 -2.076894 -0.040916 0.546001 -289.844220 -1.000000 
0.007239 -3.061403 0.008832 -1.787673 -2.076894 -0.040916 0.546001 -289.844220 -1.000000 
0.007239 -3.061403 0.008832 -1.787673 -2.076894 -0.040916 0.546001 -289.844220 -1.000000 
0.007239 -3.061403 0.008832 -1.787673 -2.076894 -0.040916 0.546001 -289.844220 -1.000000 
0.007239 -3.061403 0.008832 -1.787673 -2.076894 -0.040916 0.546001 -289.844220 -1.000000 
0.007239 -3.061403 0.008832 -1.787673 -2.076894 -0.040916 0.546001 -289.844220 -1.000000 
0.007239 -3.061403 0.008832 -1.787673 -2.076894 -0.040916 0.546001 -289.844220 -1.000000 
0.007239 -3.061403 0.008832 -1.787673 -2.076894 -0.040916 0.546001 -289.844220 -1.000000 
0.007239 -3.061403 0.008832 -1.787673 -2.076894 -0.040916 0.546001 -289.844220 -1.000000 
0.007239 -3.061403 0.008832 -1.787673 -2.076894 -0.040916 0.546001 -289.844220 -1.000000 
0.007239 -3.061403 0.008832 -1.787673 -2.076894 -0.040916 0.546001 -289.844220 -1.000000 
0.007239 -3.061403 0.008832 -1.787673 -2.076894 -0.040916 0.546001 -289.844220 -1.000000 
0.007239 -3.061403 0.008832 -1.787673 -2.076894 -0.040916 0.546001 -289.844220 -1.000000 
0.007239 -3.061403 0.008832 -1.787673 -2.076894 -0.040916 0.546001 -289.844220 -1.000000 
0.007239 -3.061403 0.008832 -1.787673 -2.076894 -0.040916 0.546001 -289.844220 -1.000000 
0.007239 -3.061403 0.008832 -1.787673 -2.076894 -0.040916 0.546001 -289.844220 -1.000000 
0.007239 -3.061403 0.008832 -1.787673 -2.076894 -0.040916 0.546001 -289.844220 -1.000000 
0.007239 -3.061403 0.008832 -1.787673 -2.076894 -0.040916 0.546001 -289.844220 -1.000000 
0.007239 -3.061403 0.008832 -1.787673 -2.076894 -0.040916 0.546001 -289.844220 -1.000000 
0.007239 -3.061403 0.008832 -1.787673 -2.076894 -0.040916 0.546001 -289.844220 -1.000000 
0.007239 -3.061403 0.008832 -1.787673 -2.076894 -0.040916 0.546001 -289.844220 -1.000000 
0.007239 -3.061403 0.008832 -1.787673 -2.076894 -0.040916 0.546001 -289.844220 -1.000000 
0.007239 -3.061403 0.008832 -1.787673 -2.076894 -0.040916 0.546001 -289.844220 -1.000000 
0.007239 -3.061403 0.008832 -1.787673 -2.076894 -0.040916 0.546001 -289.844220 -1.000000 
0.007239 -3.061403 0.008832 -1.787673 -2.076894 -0.040916 0.546001 -289.844220 -1.000000 
0.007239 -3.061403 0.008832 -1.787673 -2.076894 -0.040916 0.546001 -289.844220 -1.000000 
0.007239 -3.061403 0.008832 -1.787673 -2.076894 -0.040916 0.546001 -289.844220 -1.000000 
0.007239 -3.061403 0.008832 -1.787673 -2.076894 -0.040916 0.546001 -289.844220 -1.000000 
0.007239 -3.061403 0.008832 -1.787673 -2.076894 -0.040916 0.546001 -289.844220 -1.000000 
0.007239 -3.061403 0.008832 -1.787673 -2.076894 -0.040916 0.546001 -289.844220 -1.000000 
0.007239 -3.061403 0.008832 -1.787673 -2.076894 -0.040916 0.546001 -289.844220 -1.000000 
0.007239 -3.061403 0.008832 -1.787673 -2.076894 -0.040916 0.546001 -289.844220 -1.000000 
0.007239 -3.061403 0.008832 -1.787673 -2.076894 -0.040916 0.546001 -289.844220 -1.000000 
0.007239 -3.061403 0.008832 -1.787673 -2.076894 -0.040916 0.546001 -289.844220 -1.000000 
0.007239 -3.061403 0.008832 -1.787673 -2.076894 -0.040916 0.546001 -289.844220 -1.000000 
0.007239 -3.061403 0.008832 -1.787673 -2.076894 -0.040916 0.546001 -289.844220 -1.000000 
0.007239 -3.061403 0.008832 -1.787673 -2.076894 -0.040916 0.546001 -289.844220 -1.000000 
0.007239 -3.061403 0.008832 -1.787673 -2.076894 -0.040916 0.546001 -289.844220 -1.000000 
0.007239 -3.061403 0.008832 -1.787673 -2.076894 -0.040916 0.546001 -289.844220 -1.000000 
0.007239 -3.061403 0.008832 -1.787673 -2.076894 -0.040916 0.546001 -289.844220 -1.000000 
0.007239 -3.061403 0.008832 -1.787673 -2.076894 -0.040916 0.546001 -289.844220 -1.000000 
0.007239 -3.061403 0.008832 -1.787673 -2.076894 -0.040916 0.546001 -289.844220 -1.000000 
0.007239 -3.061403 0.008832 -1.787673 -2.076894 -0.040916 0.546001 -289.844220 -1.000000 
0.007239 -3.061403 0.008832 -1.787673 -2.076894 -0.040916 0.546001 -289.844220 -1.000000 
0.007239 -3.061403 0.008832 -1.787673 -2.076894 -0.040916 0.546001 -289.844220 -1.000000 
0.007239 -3.061403 0.008832 -1.787673 -2.076894 -0.040916 0.546001 -289.844220 -1.000000 
0.007239 -3.061403 0.008832 -1.787673 -2.076894 -0.040916 0.546001 -289.844220 -1.000000 
0.007239 -3.061403 0.008832 -1.787673 -2.076894 -0.040916 0.546001 -289.844220 -1.000000 
0.007239 -3.061403 0.008832 -1.787673 -2.076894 -0.040916 0.546001 -289.844220 -1.000000 
0.007239 -3.061403 0.008832 -1.787673 -2.076894 -0.040916 0.546001 -289.844220 -1.000000 
0.007239 -3.061403 0.008832 -1.787673 -2.076894 -0.040916 0.546001 -289.844220 -1.000000 
0.007239 -3.061403 0.008832 -1.787673 -2.076894 -0.040916 0.546001 -289.844220 -1.000000 
0.007239 -3.061403 0.008832 -1.787673 -2.076894 -0.040916 0.546001 -289.844220 -1.000000 
0.007239 -3.061403 0.008832 -1.787673 -2.076894 -0.040916 0.546001 -289.844220 -1.000000 
0.007239 -3.061403 0.008832 -1.787673 -2.076894 -0.040916 0.546001 -289.844220 -1.000000 
0.007239 -3.061403 0.008832 -1.787673 -2.076894 -0.040916 0.546001 -289.844220 -1.000000 
0.007239 -3.061403 0.008832 -1.787673 -2.076894 -0.040916 0.546001 -289.844220 -1.000000 
0.007239 -3.061403 0.008832 -1.787673 -2.076894 -0.040916 0.546001 -289.844220 -1.000000 
0.007239 -3.061403 0.008832 -1.787673 -2.076894 -0.040916 0.546001 -289.844220 -1.000000 
0.007239 -3.061403 0.008832 -1.787673 -2.076894 -0.040916 0.546001 -289.844220 -1.000000 
0.007239 -3.061403 0.008832 -1.787673 -2.076894 -0.040916 0.546001 -289.844220 -1.000000 
0.007239 -3.061403 0.008832 -1.787673 -2.076894 -0.040916 0.546001 -289.844220 -1.000000 
0.007239 -3.061403 0.008832 -1.787673 -2.076894 -0.040916 0.546001 -289.844220 -1.000000 
0.007239 -3.061403 0.008832 -1.787673 -2.076894 -0.040916 0.546001 -289.844220 -1.000000 
0.007239 -3.061403 0.008832 -1.787673 -2.076894 -0.040916 0.546001 -289.844220 -1.000000 
0.007239 -3.061403 0.008832 -1.787673 -2.076894 -0.040916 0.546001 -289.844220 -1.000000 
0.007239 -3.061403 0.008832 -1.787673 -2.076894 -0.040916 0.546001 -289.844220 -1.000000 
0.007239 -3.061403 0.008832 -1.787673 -2.076894 -0.040916 0.546001 -289.844220 -1.000000 
0.007239 -3.061403 0.008832 -1.787673 -2.076894 -0.040916 0.546001 -289.844220 -1.000000 
0.007239 -3.061403 0.008832 -1.787673 -2.076894 -0.040916 0.546001 -289.844220 -1.000000 
0.007239 -3.061403 0.008832 -1.787673 -2.076894 -0.040916 0.546001 -289.844220 -1.000000 
0.007239 -3.061403 0.008832 -1.787673 -2.076894 -0.040916 0.546001 -289.844220 -1.000000 
0.007239 -3.061403 0.008832 -1.787673 -2.076894 -0.040916 0.546001 -289.844220 -1.000000 
0.007239 -3.061403 0.008832 -1.787673 -2.076894 -0.040916 0.546001 -289.844220 -1.000000 
0.007239 -3.061403 0.008832 -1.787673 -2.076894 -0.040916 0.546001 -289.844220 -1.000000 
0.007239 -3.061403 0.008832 -1.787673 -2.076894 -0.040916 0.546001 -289.844220 -1.000000 
0.007239 -3.061403 0.008832 -1.787673 -2.076894 -0.040916 0.546001 -289.844220 -1.000000 
0.007239 -3.061403 0.008832 -1.787673 -2.076894 -0.040916 0.546001 -289.844220 -1.000000 
0.007239 -3.061403 0.008832 -1.787673 -2.076894 -0.040916 0.546001 -289.844220 -1.000000 
0.007239 -3.061403 0.008832 -1.787673 -2.076894 -0.040916 0.546001 -289.844220 -1.000000 
0.007239 -3.061403 0.008832 -1.787673 -2.076894 -0.040916 0.546001 -289.844220 -1.000000 
0.007239 -3.061403 0.008832 -1.787673 -2.076894 -0.040916 0.546001 -289.844220 -1.000000 
0.007239 -3.061403 0.008832 -1.787673 -2.076894 -0.040916 0.546001 -289.844220 -1.000000 
0.007239 -3.061403 0.008832 -1.787673 -2.076894 -0.040916 0.546001 -289.844220 -1.000000 
0.007239 -3.061403 0.008832 -1.787673 -2.076894 -0.040916 0.546001 -289.844220 -1.000000 
0.007239 -3.061403 0.008832 -1.787673 -2.076894 -0.040916 0.546001 -289.844220 -1.000000 
0.007239 -3.061403 0.008832 -1.787673 -2.076894 -0.040916 0.546001 -289.844220 -1.000000 
0.007239 -3.061403 0.008832 -1.787673 -2.076894 -0.040916 0.546001 -289.844220 -1.000000 
0.007239 -3.061403 0.008832 -1.787673 -2.076894 -0.040916 0.546001 -289.844220 -1.000000 
0.007239 -3.061403 0.008832 -1.787673 -2.076894 -0.040916 0.546001 -289.844220 -1.000000 
0.007239 -3.061403 0.008832 -1.787673 -2.076894 -0.040916 0.546001 -289.844220 -1.000000 
0.007239 -3.061403 0.008832 -1.787673 -2.076894 -0.040916 0.546001 -289.844220 -1.000000 
0.007239 -3.061403 0.008832 -1.787673 -2.076894 -0.040916 0.546001 -289.844220 -1.000000 
0.007239 -3.061403 0.008832 -1.787673 -2.076894 -0.040916 0.546001 -289.844220 -1.000000 
0.007239 -3.061403 0.008832 -1.787673 -2.076894 -0.040916 0.546001 -289.844220 -1.000000 
0.007239 -3.061403 0.008832 -1.787673 -2.076894 -0.040916 0.546001 -289.844220 -1.000000 
0.007239 -3.061403 0.008832 -1.787673 -2.076894 -0.040916 0.546001 -289.844220 -1.000000 
0.007239 -3.061403 0.008832 -1.787673 -2.076894 -0.040916 0.546001 -289.844220 -1.000000 
0.007239 -3.061403 0.008832 -1.787673 -2.076894 -0.040916 0.546001 -289.844220 -1.000000 
0.007239 -3.061403 0.008832 -1.787673 -2.076894 -0.040916 0.546001 -289.844220 -1.000000 
0.007239 -3.061403 0.008832 -1.787673 -2.076894 -0.040916 0.546001 -289.844220 -1.000000 
0.007239 -3.061403 0.008832 -1.787673 -2.076894 -0.040916 0.546001 -289.844220 -1.000000 
0.007239 -3.061403 0.008832 -1.787673 -2.076894 -0.040916 0.546001 -289.844220 -1.000000 
0.007239 -3.061403 0.008832 -1.787673 -2.076894 -0.040916 0.546001 -289.844220 -1.000000 
0.007239 -3.061403 0.008832 -1.787673 -2.076894 -0.040916 0.546001 -289.844220 -1.000000 
0.007239 -3.061403 0.008832 -1.787673 -2.076894 -0.040916 0.546001 -289.844220 -1.000000 
0.007239 -3.061403 0.008832 -1.787673 -2.076894 -0.040916 0.546001 -289.844220 -1.000000 
0.007239 -3.061403 0.008832 -1.787673 -2.076894 -0.040916 0.546001 -289.844220 -1.000000 
0.007239 -3.061403 0.008832 -1.787673 -2.076894 -0.040916 0.546001 -289.844220 -1.000000 
0.007239 -3.061403 0.008832 -1.787673 -2.076894 -0.040916 0.546001 -289.844220 -1.000000 
0.007239 -3.061403 0.008832 -1.787673 -2.076894 -0.040916 0.546001 -289.844220 -1.000000 
0.007239 -3.061403 0.008832 -1.787673 -2.076894 -0.040916 0.546001 -289.844220 -1.000000 
0.007239 -3.061403 0.008832 -1.787673 -2.076894 -0.040916 0.546001 -289.844220 -1.000000 
0.007239 -3.061403 0.008832 -1.787673 -2.076894 -0.040916 0.546001 -289.844220 -1.000000 
0.007239 -3.061403 0.008832 -1.787673 -2.076894 -0.040916 0.546001 -289.844220 -1.000000 
0.007239 -3.061403 0.008832 -1.787673 -2.076894 -0.040916 0.546001 -289.844220 -1.000000 
0.007239 -3.061403 0.008832 -1.787673 -2.076894 -0.040916 0.546001 -289.844220 -1.000000 
0.007239 -3.061403 0.008832 -1.787673 -2.076894 -0.040916 0.546001 -289.844220 -1.000000 
0.007239 -3.061403 0.008832 -1.787673 -2.076894 -0.040916 0.546001 -289.844220 -1.000000 
0.007239 -3.061403 0.008832 -1.787673 -2.076894 -0.040916 0.546001 -289.844220 -1.000000 
0.007239 -3.061403 0.008832 -1.787673 -2.076894 -0.040916 0.546001 -289.844220 -1.000000 
0.007239 -3.061403 0.008832 -1.787673 -2.076894 -0.040916 0.546001 -289.844220 -1.000000 
0.007239 -3.061403 0.008832 -1.787673 -2.076894 -0.040916 0.546001 -289.844220 -1.000000 
0.007239 -3.061403 0.008832 -1.787673 -2.076894 -0.040916 0.546001 -289.844220 -1.000000 
0.007239 -3.061403 0.008832 -1.787673 -2.076894 -0.040916 0.546001 -289.844220 -1.000000 
0.007239 -3.061403 0.008832 -1.787673 -2.076894 -0.040916 0.546001 -289.844220 -1.000000 
0.007239 -3.061403 0.008832 -1.787673 -2.076894 -0.040916 0.546001 -289.844220 -1.000000 
0.007239 -3.061403 0.008832 -1.787673 -2.076894 -0.040916 0.546001 -289.844220 -1.000000 
0.007239 -3.061403 0.008832 -1.787673 -2.076894 -0.040916 0.546001 -289.844220 -1.000000 
0.007239 -3.061403 0.008832 -1.787673 -2.076894 -0.040916 0.546001 -289.844220 -1.000000 
0.007239 -3.061403 0.008832 -1.787673 -2.076894 -0.040916 0.546001 -289.844220 -1.000000 
0.007239 -3.061403 0.008832 -1.787673 -2.076894 -0.040916 0.546001 -289.844220 -1.000000 
0.007239 -3.061403 0.008832 -1.787673 -2.076894 -0.040916 0.546001 -289.844220 -1.000000 
0.007239 -3.061403 0.008832 -1.787673 -2.076894 -0.040916 0.546001 -289.844220 -1.000000 
0.007239 -3.061403 0.008832 -1.787673 -2.076894 -0.040916 0.546001 -289.844220 -1.000000 
0.007239 -3.061403 0.008832 -1.787673 -2.076894 -0.040916 0.546001 -289.844220 -1.000000 
0.007239 -3.061403 0.008832 -1.787673 -2.076894 -0.040916 0.546001 -289.844220 -1.000000 
0.007239 -3.061403 0.008832 -1.787673 -2.076894 -0.040916 0.546001 -289.844220 -1.000000 
0.007239 -3.061403 0.008832 -1.787673 -2.076894 -0.040916 0.546001 -289.844220 -1.000000 
0.007239 -3.061403 0.008832 -1.787673 -2.076894 -0.040916 0.546001 -289.844220 -1.000000 
0.007239 -3.061403 0.008832 -1.787673 -2.076894 -0.040916 0.546001 -289.844220 -1.000000 
0.007239 -3.061403 0.008832 -1.787673 -2.076894 -0.040916 0.546001 -289.844220 -1.000000 
0.007239 -3.061403 0.008832 -1.787673 -2.076894 -0.040916 0.546001 -289.844220 -1.000000 
0.007239 -3.061403 0.008832 -1.787673 -2.076894 -0.040916 0.546001 -289.844220 -1.000000 
0.007239 -3.061403 0.008832 -1.787673 -2.076894 -0.040916 0.546001 -289.844220 -1.000000 
0.007239 -3.061403 0.008832 -1.787673 -2.076894 -0.040916 0.546001 -289.844220 -1.000000 
0.007239 -3.061403 0.008832 -1.787673 -2.076894 -0.040916 0.546001 -289.844220 -1.000000 
0.007239 -3.061403 0.008832 -1.787673 -2.076894 -0.040916 0.546001 -289.844220 -1.000000 
0.007239 -3.061403 0.008832 -1.787673 -2.076894 -0.040916 0.546001 -289.844220 -1.000000 
0.007239 -3.061403 0.008832 -1.787673 -2.076894 -0.040916 0.546001 -289.844220 -1.000000 
0.007239 -3.061403 0.008832 -1.787673 -2.076894 -0.040916 0.546001 -289.844220 -1.000000 
0.007239 -3.061403 0.008832 -1.787673 -2.076894 -0.040916 0.546001 -289.844220 -1.000000 
0.007239 -3.061403 0.008832 -1.787673 -2.076894 -0.040916 0.546001 -289.844220 -1.000000 
0.007239 -3.061403 0.008832 -1.787673 -2.076894 -0.040916 0.546001 -289.844220 -1.000000 
0.007239 -3.061403 0.008832 -1.787673 -2.076894 -0.040916 0.546001 -289.844220 -1.000000 
0.007239 -3.061403 0.008832 -1.787673 -2.076894 -0.040916 0.546001 -289.844220 -1.000000 
0.007239 -3.061403 0.008832 -1.787673 -2.076894 -0.040916 0.546001 -289.844220 -1.000000 
0.007239 -3.061403 0.008832 -1.787673 -2.076894 -0.040916 0.546001 -289.844220 -1.000000 
0.007239 -3.061403 0.008832 -1.787673 -2.076894 -0.040916 0.546001 -289.844220 -1.000000 
0.007239 -3.061403 0.008832 -1.787673 -2.076894 -0.040916 0.546001 -289.844220 -1.000000 
0.007239 -3.061403 0.008832 -1.787673 -2.076894 -0.040916 0.546001 -289.844220 -1.000000 
0.007239 -3.061403 0.008832 -1.787673 -2.076894 -0.040916 0.546001 -289.844220 -1.000000 
0.007239 -3.061403 0.008832 -1.787673 -2.076894 -0.040916 0.546001 -289.844220 -1.000000 
0.007239 -3.061403 0.008832 -1.787673 -2.076894 -0.040916 0.546001 -289.844220 -1.000000 
0.007239 -3.061403 0.008832 -1.787673 -2.076894 -0.040916 0.546001 -289.844220 -1.000000 
0.007239 -3.061403 0.008832 -1.787673 -2.076894 -0.040916 0.546001 -289.844220 -1.000000 
0.007239 -3.061403 0.008832 -1.787673 -2.076894 -0.040916 0.546001 -289.844220 -1.000000 
0.007239 -3.061403 0.008832 -1.787673 -2.076894 -0.040916 0.546001 -289.844220 -1.000000 
0.007239 -3.061403 0.008832 -1.787673 -2.076894 -0.040916 0.546001 -289.844220 -1.000000 
0.007239 -3.061403 0.008832 -1.787673 -2.076894 -0.040916 0.546001 -289.844220 -1.000000 
0.007239 -3.061403 0.008832 -1.787673 -2.076894 -0.040916 0.546001 -289.844220 -1.000000 
0.007239 -3.061403 0.008832 -1.787673 -2.076894 -0.040916 0.546001 -289.844220 -1.000000 
0.007239 -3.061403 0.008832 -1.787673 -2.076894 -0.040916 0.546001 -289.844220 -1.000000 
0.007239 -3.061403 0.008832 -1.787673 -2.076894 -0.040916 0.546001 -289.844220 -1.000000 
0.007239 -3.061403 0.008832 -1.787673 -2.076894 -0.040916 0.546001 -289.844220 -1.000000 
0.007239 -3.061403 0.008832 -1.787673 -2.076894 -0.040916 0.546001 -289.844220 -1.000000 
0.007239 -3.061403 0.008832 -1.787673 -2.076894 -0.040916 0.546001 -289.844220 -1.000000 
0.007239 -3.061403 0.008832 -1.787673 -2.076894 -0.040916 0.546001 -289.844220 -1.000000 
0.007239 -3.061403 0.008832 -1.787673 -2.076894 -0.040916 0.546001 -289.844220 -1.000000 
0.007239 -3.061403 0.008832 -1.787673 -2.076894 -0.040916 0.546001 -289.844220 -1.000000 
0.007239 -3.061403 0.008832 -1.787673 -2.076894 -0.040916 0.546001 -289.844220 -1.000000 
0.007239 -3.061403 0.008832 -1.787673 -2.076894 -0.040916 0.546001 -289.844220 -1.000000 
0.007239 -3.061403 0.008832 -1.787673 -2.076894 -0.040916 0.546001 -289.844220 -1.000000 
0.007239 -3.061403 0.008832 -1.787673 -2.076894 -0.040916 0.546001 -289.844220 -1.000000 
0.007239 -3.061403 0.008832 -1.787673 -2.076894 -0.040916 0.546001 -289.844220 -1.000000 
0.007239 -3.061403 0.008832 -1.787673 -2.076894 -0.040916 0.546001 -289.844220 -1.000000 
0.007239 -3.061403 0.008832 -1.787673 -2.076894 -0.040916 0.546001 -289.844220 -1.000000 
0.007239 -3.061403 0.008832 -1.787673 -2.076894 -0.040916 0.546001 -289.844220 -1.000000 
0.007239 -3.061403 0.008832 -1.787673 -2.076894 -0.040916 0.546001 -289.844220 -1.000000 
0.007239 -3.061403 0.008832 -1.787673 -2.076894 -0.040916 0.546001 -289.844220 -1.000000 
0.007239 -3.061403 0.008832 -1.787673 -2.076894 -0.040916 0.546001 -289.844220 -1.000000 
0.007239 -3.061403 0.008832 -1.787673 -2.076894 -0.040916 0.546001 -289.844220 -1.000000 
0.007239 -3.061403 0.008832 -1.787673 -2.076894 -0.040916 0.546001 -289.844220 -1.000000 
0.007239 -3.061403 0.008832 -1.787673 -2.076894 -0.040916 0.546001 -289.844220 -1.000000 
0.007239 -3.061403 0.008832 -1.787673 -2.076894 -0.040916 0.546001 -289.844220 -1.000000 
0.007239 -3.061403 0.008832 -1.787673 -2.076894 -0.040916 0.546001 -289.844220 -1.000000 
0.007239 -3.061403 0.008832 -1.787673 -2.076894 -0.040916 0.546001 -289.844220 -1.000000 
0.007239 -3.061403 0.008832 -1.787673 -2.076894 -0.040916 0.546001 -289.844220 -1.000000 
0.007239 -3.061403 0.008832 -1.787673 -2.076894 -0.040916 0.546001 -289.844220 -1.000000 
0.007239 -3.061403 0.008832 -1.787673 -2.076894 -0.040916 0.546001 -289.844220 -1.000000 
0.007239 -3.061403 0.008832 -1.787673 -2.076894 -0.040916 0.546001 -289.844220 -1.000000 
0.007239 -3.061403 0.008832 -1.787673 -2.076894 -0.040916 0.546001 -289.844220 -1.000000 
0.007239 -3.061403 0.008832 -1.787673 -2.076894 -0.040916 0.546001 -289.844220 -1.000000 
0.007239 -3.061403 0.008832 -1.787673 -2.076894 -0.040916 0.546001 -289.844220 -1.000000 
0.007239 -3.061403 0.008832 -1.787673 -2.076894 -0.040916 0.546001 -289.844220 -1.000000 
0.007239 -3.061403 0.008832 -1.787673 -2.076894 -0.040916 0.546001 -289.844220 -1.000000 
0.007239 -3.061403 0.008832 -1.787673 -2.076894 -0.040916 0.546001 -289.844220 -1.000000 
0.007239 -3.061403 0.008832 -1.787673 -2.076894 -0.040916 0.546001 -289.844220 -1.000000 
0.007239 -3.061403 0.008832 -1.787673 -2.076894 -0.040916 0.546001 -289.844220 -1.000000 
0.007239 -3.061403 0.008832 -1.787673 -2.076894 -0.040916 0.546001 -289.844220 -1.000000 
0.007239 -3.061403 0.008832 -1.787673 -2.076894 -0.040916 0.546001 -289.844220 -1.000000 
0.007239 -3.061403 0.008832 -1.787673 -2.076894 -0.040916 0.546001 -289.844220 -1.000000 
0.007239 -3.061403 0.008832 -1.787673 -2.076894 -0.040916 0.546001 -289.844220 -1.000000 
0.007239 -3.061403 0.008832 -1.787673 -2.076894 -0.040916 0.546001 -289.844220 -1.000000 
0.007239 -3.061403 0.008832 -1.787673 -2.076894 -0.040916 0.546001 -289.844220 -1.000000 
0.007239 -3.061403 0.008832 -1.787673 -2.076894 -0.040916 0.546001 -289.844220 -1.000000 
0.007239 -3.061403 0.008832 -1.787673 -2.076894 -0.040916 0.546001 -289.844220 -1.000000 
0.007239 -3.061403 0.008832 -1.787673 -2.076894 -0.040916 0.546001 -289.844220 -1.000000 
0.007239 -3.061403 0.008832 -1.787673 -2.076894 -0.040916 0.546001 -289.844220 -1.000000 
0.007239 -3.061403 0.008832 -1.787673 -2.076894 -0.040916 0.546001 -289.844220 -1.000000 
0.007239 -3.061403 0.008832 -1.787673 -2.076894 -0.040916 0.546001 -289.844220 -1.000000 
0.007239 -3.061403 0.008832 -1.787673 -2.076894 -0.040916 0.546001 -289.844220 -1.000000 
0.007239 -3.061403 0.008832 -1.787673 -2.076894 -0.040916 0.546001 -289.844220 -1.000000 
0.007239 -3.061403 0.008832 -1.787673 -2.076894 -0.040916 0.546001 -289.844220 -1.000000 
0.007239 -3.061403 0.008832 -1.787673 -2.076894 -0.040916 0.546001 -289.844220 -1.000000 
0.007239 -3.061403 0.008832 -1.787673 -2.076894 -0.040916 0.546001 -289.844220 -1.000000 
0.007239 -3.061403 0.008832 -1.787673 -2.076894 -0.040916 0.546001 -289.844220 -1.000000 
0.007239 -3.061403 0.008832 -1.787673 -2.076894 -0.040916 0.546001 -289.844220 -1.000000 
0.007239 -3.061403 0.008832 -1.787673 -2.076894 -0.040916 0.546001 -289.844220 -1.000000 
0.007239 -3.061403 0.008832 -1.787673 -2.076894 -0.040916 0.546001 -289.844220 -1.000000 
0.007239 -3.061403 0.008832 -1.787673 -2.076894 -0.040916 0.546001 -289.844220 -1.000000 
0.007239 -3.061403 0.008832 -1.787673 -2.076894 -0.040916 0.546001 -289.844220 -1.000000 
0.007239 -3.061403 0.008832 -1.787673 -2.076894 -0.040916 0.546001 -289.844220 -1.000000 
0.007239 -3.061403 0.008832 -1.787673 -2.076894 -0.040916 0.546001 -289.844220 -1.000000 
0.007239 -3.061403 0.008832 -1.787673 -2.076894 -0.040916 0.546001 -289.844220 -1.000000 
0.007239 -3.061403 0.008832 -1.787673 -2.076894 -0.040916 0.546001 -289.844220 -1.000000 
0.007239 -3.061403 0.008832 -1.787673 -2.076894 -0.040916 0.546001 -289.844220 -1.000000 
0.007239 -3.061403 0.008832 -1.787673 -2.076894 -0.040916 0.546001 -289.844220 -1.000000 
0.007239 -3.061403 0.008832 -1.787673 -2.076894 -0.040916 0.546001 -289.844220 -1.000000 
0.007239 -3.061403 0.008832 -1.787673 -2.076894 -0.040916 0.546001 -289.844220 -1.000000 
0.007239 -3.061403 0.008832 -1.787673 -2.076894 -0.040916 0.546001 -289.844220 -1.000000 
0.007239 -3.061403 0.008832 -1.787673 -2.076894 -0.040916 0.546001 -289.844220 -1.000000 
0.007239 -3.061403 0.008832 -1.787673 -2.076894 -0.040916 0.546001 -289.844220 -1.000000 
0.007239 -3.061403 0.008832 -1.787673 -2.076894 -0.040916 0.546001 -289.844220 -1.000000 
0.007239 -3.061403 0.008832 -1.787673 -2.076894 -0.040916 0.546001 -289.844220 -1.000000 
0.007239 -3.061403 0.008832 -1.787673 -2.076894 -0.040916 0.546001 -289.844220 -1.000000 
0.007239 -3.061403 0.008832 -1.787673 -2.076894 -0.040916 0.546001 -289.844220 -1.000000 
0.007239 -3.061403 0.008832 -1.787673 -2.076894 -0.040916 0.546001 -289.844220 -1.000000 
0.007239 -3.061403 0.008832 -1.787673 -2.076894 -0.040916 0.546001 -289.844220 -1.000000 
0.007239 -3.061403 0.008832 -1.787673 -2.076894 -0.040916 0.546001 -289.844220 -1.000000 
0.007239 -3.061403 0.008832 -1.787673 -2.076894 -0.040916 0.546001 -289.844220 -1.000000 
0.007239 -3.061403 0.008832 -1.787673 -2.076894 -0.040916 0.546001 -289.844220 -1.000000 
0.007239 -3.061403 0.008832 -1.787673 -2.076894 -0.040916 0.546001 -289.844220 -1.000000 
0.007239 -3.061403 0.008832 -1.787673 -2.076894 -0.040916 0.546001 -289.844220 -1.000000 
0.007239 -3.061403 0.008832 -1.787673 -2.076894 -0.040916 0.546001 -289.844220 -1.000000 
0.007239 -3.061403 0.008832 -1.787673 -2.076894 -0.040916 0.546001 -289.844220 -1.000000 
0.007239 -3.061403 0.008832 -1.787673 -2.076894 -0.040916 0.546001 -289.844220 -1.000000 
0.007239 -3.061403 0.008832 -1.787673 -2.076894 -0.040916 0.546001 -289.844220 -1.000000 
0.007239 -3.061403 0.008832 -1.787673 -2.076894 -0.040916 0.546001 -289.844220 -1.000000 
0.007239 -3.061403 0.008832 -1.787673 -2.076894 -0.040916 0.546001 -289.844220 -1.000000 
0.007239 -3.061403 0.008832 -1.787673 -2.076894 -0.040916 0.546001 -289.844220 -1.000000 
0.007239 -3.061403 0.008832 -1.787673 -2.076894 -0.040916 0.546001 -289.844220 -1.000000 
0.007239 -3.061403 0.008832 -1.787673 -2.076894 -0.040916 0.546001 -289.844220 -1.000000 
0.007239 -3.061403 0.008832 -1.787673 -2.076894 -0.040916 0.546001 -289.844220 -1.000000 
0.007239 -3.061403 0.008832 -1.787673 -2.076894 -0.040916 0.546001 -289.844220 -1.000000 
0.007239 -3.061403 0.008832 -1.787673 -2.076894 -0.040916 0.546001 -289.844220 -1.000000 
0.007239 -3.061403 0.008832 -1.787673 -2.076894 -0.040916 0.546001 -289.844220 -1.000000 
0.007239 -3.061403 0.008832 -1.787673 -2.076894 -0.040916 0.546001 -289.844220 -1.000000 
0.007239 -3.061403 0.008832 -1.787673 -2.076894 -0.040916 0.546001 -289.844220 -1.000000 
0.007239 -3.061403 0.008832 -1.787673 -2.076894 -0.040916 0.546001 -289.844220 -1.000000 
0.007239 -3.061403 0.008832 -1.787673 -2.076894 -0.040916 0.546001 -289.844220 -1.000000 
0.007239 -3.061403 0.008832 -1.787673 -2.076894 -0.040916 0.546001 -289.844220 -1.000000 
0.007239 -3.061403 0.008832 -1.787673 -2.076894 -0.040916 0.546001 -289.844220 -1.000000 
0.007239 -3.061403 0.008832 -1.787673 -2.076894 -0.040916 0.546001 -289.844220 -1.000000 
0.007239 -3.061403 0.008832 -1.787673 -2.076894 -0.040916 0.546001 -289.844220 -1.000000 
0.007239 -3.061403 0.008832 -1.787673 -2.076894 -0.040916 0.546001 -289.844220 -1.000000 
0.007239 -3.061403 0.008832 -1.787673 -2.076894 -0.040916 0.546001 -289.844220 -1.000000 
0.007239 -3.061403 0.008832 -1.787673 -2.076894 -0.040916 0.546001 -289.844220 -1.000000 
0.007239 -3.061403 0.008832 -1.787673 -2.076894 -0.040916 0.546001 -289.844220 -1.000000 
0.007239 -3.061403 0.008832 -1.787673 -2.076894 -0.040916 0.546001 -289.844220 -1.000000 
0.007239 -3.061403 0.008832 -1.787673 -2.076894 -0.040916 0.546001 -289.844220 -1.000000 
0.007239 -3.061403 0.008832 -1.787673 -2.076894 -0.040916 0.546001 -289.844220 -1.000000 
0.007239 -3.061403 0.008832 -1.787673 -2.076894 -0.040916 0.546001 -289.844220 -1.000000 
0.007239 -3.061403 0.008832 -1.787673 -2.076894 -0.040916 0.546001 -289.844220 -1.000000 
0.007239 -3.061403 0.008832 -1.787673 -2.076894 -0.040916 0.546001 -289.844220 -1.000000 
0.007239 -3.061403 0.008832 -1.787673 -2.076894 -0.040916 0.546001 -289.844220 -1.000000 
0.007239 -3.061403 0.008832 -1.787673 -2.076894 -0.040916 0.546001 -289.844220 -1.000000 
0.007239 -3.061403 0.008832 -1.787673 -2.076894 -0.040916 0.546001 -289.844220 -1.000000 
0.007239 -3.061403 0.008832 -1.787673 -2.076894 -0.040916 0.546001 -289.844220 -1.000000 
0.007239 -3.061403 0.008832 -1.787673 -2.076894 -0.040916 0.546001 -289.844220 -1.000000 
0.007239 -3.061403 0.008832 -1.787673 -2.076894 -0.040916 0.546001 -289.844220 -1.000000 
0.007239 -3.061403 0.008832 -1.787673 -2.076894 -0.040916 0.546001 -289.844220 -1.000000 
0.007239 -3.061403 0.008832 -1.787673 -2.076894 -0.040916 0.546001 -289.844220 -1.000000 
0.007239 -3.061403 0.008832 -1.787673 -2.076894 -0.040916 0.546001 -289.844220 -1.000000 
0.007239 -3.061403 0.008832 -1.787673 -2.076894 -0.040916 0.546001 -289.844220 -1.000000 
0.007239 -3.061403 0.008832 -1.787673 -2.076894 -0.040916 0.546001 -289.844220 -1.000000 
0.007239 -3.061403 0.008832 -1.787673 -2.076894 -0.040916 0.546001 -289.844220 -1.000000 
0.007239 -3.061403 0.008832 -1.787673 -2.076894 -0.040916 0.546001 -289.844220 -1.000000 
0.007239 -3.061403 0.008832 -1.787673 -2.076894 -0.040916 0.546001 -289.844220 -1.000000 
0.007239 -3.061403 0.008832 -1.787673 -2.076894 -0.040916 0.546001 -289.844220 -1.000000 
0.007239 -3.061403 0.008832 -1.787673 -2.076894 -0.040916 0.546001 -289.844220 -1.000000 
0.007239 -3.061403 0.008832 -1.787673 -2.076894 -0.040916 0.546001 -289.844220 -1.000000 
0.007239 -3.061403 0.008832 -1.787673 -2.076894 -0.040916 0.546001 -289.844220 -1.000000 
0.007239 -3.061403 0.008832 -1.787673 -2.076894 -0.040916 0.546001 -289.844220 -1.000000 
0.007239 -3.061403 0.008832 -1.787673 -2.076894 -0.040916 0.546001 -289.844220 -1.000000 
0.007239 -3.061403 0.008832 -1.787673 -2.076894 -0.040916 0.546001 -289.844220 -1.000000 
0.007239 -3.061403 0.008832 -1.787673 -2.076894 -0.040916 0.546001 -289.844220 -1.000000 
0.007239 -3.061403 0.008832 -1.787673 -2.076894 -0.040916 0.546001 -289.844220 -1.000000 
0.000000 0.000000 0.000000 0.000000 0.000000 0.000000 0.000000 0.000000 0.000000 
