-0.789833 0.104581 -1.379073 -3.091205 -1.521542 2.866559 0.074562 -0.018643 -1.000000 
-0.788819 0.148782 -1.403499 -3.015519 -1.498607 2.866734 0.074417 -0.017661 -1.000000 
-0.787455 0.191973 -1.427322 -2.940159 -1.475682 2.863998 0.074279 -0.016753 -1.000000 
-0.785750 0.234142 -1.450543 -2.865209 -1.452791 2.858408 0.074149 -0.015912 -1.000000 
-0.783712 0.275275 -1.473167 -2.790753 -1.429955 2.850022 0.074025 -0.015133 -1.000000 
-0.781348 0.315365 -1.495197 -2.716868 -1.407198 2.838904 0.073906 -0.014408 -1.000000 
-0.778669 0.354404 -1.516638 -2.643628 -1.384540 2.825117 0.073794 -0.013734 -1.000000 
-0.775681 0.392388 -1.537497 -2.571103 -1.362003 2.808726 0.073687 -0.013106 -1.000000 
-0.772393 0.429314 -1.557778 -2.499359 -1.339607 2.789798 0.073584 -0.012520 -1.000000 
-0.768815 0.465183 -1.577489 -2.428455 -1.317373 2.768402 0.073486 -0.011973 -1.000000 
-0.764953 0.499998 -1.596636 -2.358448 -1.295319 2.744607 0.073392 -0.011461 -1.000000 
-0.760817 0.533761 -1.615226 -2.289392 -1.273465 2.718484 0.073303 -0.010982 -1.000000 
-0.756416 0.566479 -1.633269 -2.221333 -1.251829 2.690103 0.073217 -0.010532 -1.000000 
-0.751756 0.598160 -1.650770 -2.154317 -1.230429 2.659536 0.073134 -0.010111 -1.000000 
-0.746848 0.628813 -1.667741 -2.088382 -1.209282 2.626853 0.073055 -0.009714 -1.000000 
-0.741698 0.658449 -1.684188 -2.023564 -1.188405 2.592128 0.072979 -0.009342 -1.000000 
-0.736315 0.687081 -1.700121 -1.959895 -1.167814 2.555429 0.072905 -0.008991 -1.000000 
-0.730708 0.714724 -1.715549 -1.897401 -1.147523 2.516830 0.072835 -0.008661 -1.000000 
-0.724882 0.741391 -1.730482 -1.836106 -1.127549 2.476399 0.072767 -0.008350 -1.000000 
-0.718848 0.767101 -1.744930 -1.776030 -1.107906 2.434208 0.072701 -0.008056 -1.000000 
-0.712611 0.791870 -1.758902 -1.717188 -1.088606 2.390324 0.072638 -0.007779 -1.000000 
-0.706180 0.815718 -1.772408 -1.659592 -1.069665 2.344817 0.072577 -0.007517 -1.000000 
-0.699562 0.838663 -1.785459 -1.603251 -1.051093 2.297753 0.072517 -0.007269 -1.000000 
-0.692764 0.860728 -1.798064 -1.548169 -1.032905 2.249199 0.072460 -0.007035 -1.000000 
-0.685793 0.881932 -1.810233 -1.494349 -1.015110 2.199218 0.072405 -0.006813 -1.000000 
-0.678655 0.902298 -1.821977 -1.441789 -0.997721 2.147876 0.072351 -0.006604 -1.000000 
-0.671358 0.921849 -1.833305 -1.390482 -0.980748 2.095234 0.072299 -0.006405 -1.000000 
-0.663908 0.940607 -1.844228 -1.340423 -0.964200 2.041353 0.072249 -0.006217 -1.000000 
-0.656311 0.958596 -1.854755 -1.291599 -0.948089 1.986292 0.072200 -0.006040 -1.000000 
-0.648572 0.975840 -1.864896 -1.243997 -0.932423 1.930110 0.072152 -0.005871 -1.000000 
-0.640699 0.992364 -1.874662 -1.197601 -0.917210 1.872862 0.072106 -0.005712 -1.000000 
-0.632696 1.008190 -1.884061 -1.152391 -0.902460 1.814604 0.072061 -0.005561 -1.000000 
-0.624570 1.023345 -1.893103 -1.108346 -0.888179 1.755389 0.072017 -0.005418 -1.000000 
-0.616325 1.037852 -1.901798 -1.065442 -0.874376 1.695268 0.071974 -0.005283 -1.000000 
-0.607966 1.051737 -1.910153 -1.023652 -0.861057 1.634291 0.071932 -0.005156 -1.000000 
-0.599498 1.065023 -1.918179 -0.982949 -0.848229 1.572508 0.071891 -0.005035 -1.000000 
-0.590927 1.077735 -1.925883 -0.943301 -0.835899 1.509964 0.071852 -0.004922 -1.000000 
-0.582256 1.089897 -1.933275 -0.904676 -0.824072 1.446706 0.071813 -0.004814 -1.000000 
-0.573490 1.101533 -1.940361 -0.867039 -0.812753 1.382777 0.071774 -0.004714 -1.000000 
-0.564633 1.112668 -1.947150 -0.830356 -0.801949 1.318220 0.071737 -0.004619 -1.000000 
-0.555689 1.123324 -1.953649 -0.794586 -0.791663 1.253075 0.071701 -0.004530 -1.000000 
-0.546661 1.133525 -1.959866 -0.759692 -0.781901 1.187382 0.071665 -0.004447 -1.000000 
-0.537553 1.143293 -1.965806 -0.725633 -0.772667 1.121179 0.071629 -0.004369 -1.000000 
-0.528369 1.152651 -1.971478 -0.692365 -0.763964 1.054503 0.071595 -0.004297 -1.000000 
-0.519112 1.161621 -1.976886 -0.659846 -0.755796 0.987390 0.071561 -0.004229 -1.000000 
-0.509784 1.170222 -1.982037 -0.628030 -0.748167 0.919874 0.071527 -0.004167 -1.000000 
-0.500389 1.178478 -1.986936 -0.596872 -0.741079 0.851988 0.071494 -0.004110 -1.000000 
-0.490930 1.186407 -1.991589 -0.566325 -0.734536 0.783765 0.071461 -0.004058 -1.000000 
-0.481408 1.194029 -1.995999 -0.536340 -0.728539 0.715235 0.071429 -0.004011 -1.000000 
-0.471826 1.201364 -2.000172 -0.506868 -0.723093 0.646430 0.071397 -0.003968 -1.000000 
-0.462187 1.208428 -2.004110 -0.477860 -0.718197 0.577377 0.071366 -0.003930 -1.000000 
-0.452492 1.215241 -2.007818 -0.449264 -0.713855 0.508107 0.071334 -0.003896 -1.000000 
-0.442743 1.221818 -2.011299 -0.421031 -0.710068 0.438647 0.071303 -0.003867 -1.000000 
-0.432943 1.228177 -2.014556 -0.393107 -0.706837 0.369024 0.071272 -0.003842 -1.000000 
-0.423093 1.234332 -2.017590 -0.365441 -0.704164 0.299264 0.071242 -0.003822 -1.000000 
-0.413194 1.240298 -2.020403 -0.337979 -0.702049 0.229396 0.071211 -0.003806 -1.000000 
-0.403249 1.246089 -2.022998 -0.310667 -0.700494 0.159444 0.071181 -0.003794 -1.000000 
-0.393257 1.251718 -2.025374 -0.283453 -0.699498 0.089433 0.071150 -0.003787 -1.000000 
-0.383222 1.257197 -2.027533 -0.256282 -0.699063 0.019391 0.071120 -0.003784 -1.000000 
-0.373143 1.262538 -2.029475 -0.229099 -0.699188 -0.050659 0.071090 -0.003786 -1.000000 
-0.363021 1.267751 -2.031199 -0.201851 -0.699874 -0.120691 0.071060 -0.003791 -1.000000 
-0.352859 1.272846 -2.032704 -0.174482 -0.701119 -0.190678 0.071029 -0.003801 -1.000000 
-0.342656 1.277832 -2.033990 -0.146937 -0.702924 -0.260597 0.070999 -0.003816 -1.000000 
-0.332414 1.282717 -2.035055 -0.119163 -0.705288 -0.330421 0.070968 -0.003834 -1.000000 
-0.322133 1.287508 -2.035896 -0.091105 -0.708211 -0.400124 0.070937 -0.003858 -1.000000 
-0.311814 1.292211 -2.036511 -0.062707 -0.711690 -0.469679 0.070906 -0.003885 -1.000000 
-0.301458 1.296832 -2.036898 -0.033916 -0.715725 -0.539059 0.070875 -0.003917 -1.000000 
-0.291065 1.301375 -2.037053 -0.004679 -0.720314 -0.608238 0.070844 -0.003954 -1.000000 
-0.280636 1.305843 -2.036972 0.025059 -0.725456 -0.677186 0.070812 -0.003995 -1.000000 
-0.270172 1.310239 -2.036650 0.055352 -0.731149 -0.745875 0.070780 -0.004041 -1.000000 
-0.259672 1.314565 -2.036084 0.086250 -0.737389 -0.814276 0.070747 -0.004092 -1.000000 
-0.249139 1.318821 -2.035269 0.117807 -0.744176 -0.882356 0.070714 -0.004148 -1.000000 
-0.238571 1.323008 -2.034198 0.150074 -0.751506 -0.950086 0.070681 -0.004208 -1.000000 
-0.227971 1.327123 -2.032865 0.183102 -0.759377 -1.017432 0.070647 -0.004274 -1.000000 
-0.217338 1.331166 -2.031266 0.216940 -0.767784 -1.084361 0.070612 -0.004345 -1.000000 
-0.206672 1.335133 -2.029392 0.251638 -0.776725 -1.150839 0.070577 -0.004422 -1.000000 
-0.195976 1.339020 -2.027237 0.287243 -0.786196 -1.216828 0.070542 -0.004504 -1.000000 
-0.185248 1.342822 -2.024794 0.323802 -0.796193 -1.282292 0.070505 -0.004591 -1.000000 
-0.174491 1.346533 -2.022054 0.361362 -0.806711 -1.347192 0.070468 -0.004685 -1.000000 
-0.163704 1.350147 -2.019009 0.399966 -0.817746 -1.411488 0.070430 -0.004784 -1.000000 
-0.152889 1.353656 -2.015651 0.439658 -0.829293 -1.475139 0.070392 -0.004890 -1.000000 
-0.142046 1.357052 -2.011971 0.480478 -0.841347 -1.538103 0.070352 -0.005003 -1.000000 
-0.131176 1.360324 -2.007960 0.522468 -0.853901 -1.600334 0.070312 -0.005122 -1.000000 
-0.120281 1.363463 -2.003609 0.565665 -0.866950 -1.661787 0.070270 -0.005248 -1.000000 
-0.109361 1.366457 -1.998907 0.610106 -0.880487 -1.722415 0.070228 -0.005382 -1.000000 
-0.098418 1.369295 -1.993844 0.655825 -0.894506 -1.782169 0.070184 -0.005524 -1.000000 
-0.087453 1.371962 -1.988410 0.702855 -0.909000 -1.840998 0.070139 -0.005674 -1.000000 
-0.076467 1.374446 -1.982594 0.751225 -0.923960 -1.898850 0.070093 -0.005833 -1.000000 
-0.065462 1.376732 -1.976387 0.800965 -0.939379 -1.955673 0.070046 -0.006000 -1.000000 
-0.054440 1.378803 -1.969775 0.852100 -0.955248 -2.011410 0.069997 -0.006177 -1.000000 
-0.043402 1.380645 -1.962749 0.904652 -0.971558 -2.066005 0.069947 -0.006364 -1.000000 
-0.032350 1.382240 -1.955297 0.958641 -0.988300 -2.119401 0.069895 -0.006562 -1.000000 
-0.021287 1.383569 -1.947407 1.014087 -1.005465 -2.171537 0.069842 -0.006771 -1.000000 
-0.010214 1.384616 -1.939068 1.071003 -1.023042 -2.222353 0.069787 -0.006992 -1.000000 
0.000866 1.385360 -1.930267 1.129400 -1.041019 -2.271786 0.069730 -0.007225 -1.000000 
0.011951 1.385781 -1.920993 1.189287 -1.059386 -2.319774 0.069671 -0.007473 -1.000000 
0.023038 1.385861 -1.911234 1.250669 -1.078131 -2.366250 0.069611 -0.007734 -1.000000 
0.034124 1.385577 -1.900979 1.313548 -1.097242 -2.411149 0.069548 -0.008011 -1.000000 
0.045206 1.384908 -1.890214 1.377922 -1.116705 -2.454405 0.069482 -0.008304 -1.000000 
0.056281 1.383833 -1.878928 1.443784 -1.136508 -2.495950 0.069415 -0.008615 -1.000000 
0.067346 1.382329 -1.867109 1.511126 -1.156636 -2.535714 0.069344 -0.008945 -1.000000 
0.078397 1.380373 -1.854746 1.579933 -1.177074 -2.573629 0.069271 -0.009296 -1.000000 
0.089431 1.377943 -1.841826 1.650189 -1.197809 -2.609625 0.069196 -0.009668 -1.000000 
0.100443 1.375015 -1.828339 1.721871 -1.218823 -2.643632 0.069117 -0.010063 -1.000000 
0.111430 1.371567 -1.814273 1.794953 -1.240101 -2.675579 0.069035 -0.010484 -1.000000 
0.122386 1.367574 -1.799616 1.869406 -1.261627 -2.705396 0.068949 -0.010933 -1.000000 
0.133309 1.363013 -1.784359 1.945194 -1.283382 -2.733012 0.068860 -0.011412 -1.000000 
0.144193 1.357861 -1.768490 2.022278 -1.305349 -2.758358 0.068766 -0.011922 -1.000000 
0.155033 1.352094 -1.751999 2.100614 -1.327509 -2.781363 0.068669 -0.012468 -1.000000 
0.165825 1.345689 -1.734877 2.180154 -1.349844 -2.801960 0.068567 -0.013052 -1.000000 
0.176563 1.338623 -1.717113 2.260844 -1.372334 -2.820081 0.068460 -0.013678 -1.000000 
0.187241 1.330874 -1.698700 2.342626 -1.394959 -2.835658 0.068348 -0.014349 -1.000000 
0.197855 1.322418 -1.679629 2.425438 -1.417698 -2.848627 0.068230 -0.015070 -1.000000 
0.208398 1.313235 -1.659891 2.509212 -1.440530 -2.858924 0.068106 -0.015845 -1.000000 
0.218864 1.303304 -1.639479 2.593876 -1.463433 -2.866487 0.067976 -0.016680 -1.000000 
0.229249 1.292603 -1.618386 2.679353 -1.486386 -2.871258 0.067839 -0.017581 -1.000000 
0.239544 1.281113 -1.596607 2.765562 -1.509366 -2.873179 0.067695 -0.018554 -1.000000 
0.249744 1.268815 -1.574136 2.852416 -1.532349 -2.872196 0.067542 -0.019607 -1.000000 
0.259843 1.255692 -1.550967 2.939824 -1.555313 -2.868257 0.067381 -0.020748 -1.000000 
0.269833 1.241727 -1.527097 3.027691 -1.578233 -2.861314 0.067210 -0.021987 -1.000000 
0.279708 1.226903 -1.502523 3.115919 -1.601086 -2.851324 0.067029 -0.023334 -1.000000 
0.289461 1.211207 -1.477242 3.204402 -1.623846 -2.838245 0.066836 -0.024802 -1.000000 
0.299085 1.194624 -1.451252 3.293033 -1.646489 -2.822040 0.066632 -0.026404 -1.000000 
0.308573 1.177144 -1.424553 3.381702 -1.668990 -2.802678 0.066413 -0.028156 -1.000000 
0.317917 1.158756 -1.397145 3.470291 -1.691324 -2.780130 0.066181 -0.030077 -1.000000 
0.327110 1.139451 -1.369029 3.558683 -1.713464 -2.754374 0.065932 -0.032186 -1.000000 
0.336146 1.119223 -1.340207 3.646755 -1.735385 -2.725392 0.065665 -0.034507 -1.000000 
0.345016 1.098065 -1.310682 3.734383 -1.757062 -2.693171 0.065379 -0.037068 -1.000000 
0.353712 1.075974 -1.280459 3.821439 -1.778467 -2.657705 0.065071 -0.039899 -1.000000 
0.362229 1.052949 -1.249541 3.907792 -1.799576 -2.618994 0.064740 -0.043036 -1.000000 
0.370557 1.028990 -1.217936 3.993311 -1.820363 -2.577041 0.064382 -0.046520 -1.000000 
0.378690 1.004099 -1.185651 4.077862 -1.840800 -2.531859 0.063994 -0.050401 -1.000000 
0.386620 0.978280 -1.152693 4.161310 -1.860864 -2.483465 0.063574 -0.054734 -1.000000 
0.394340 0.951540 -1.119073 4.243517 -1.880527 -2.431885 0.063117 -0.059584 -1.000000 
0.401842 0.923888 -1.084801 4.324348 -1.899765 -2.377148 0.062619 -0.065028 -1.000000 
0.409120 0.895334 -1.049888 4.403664 -1.918553 -2.319293 0.062075 -0.071155 -1.000000 
0.416165 0.865891 -1.014346 4.481330 -1.936866 -2.258365 0.061479 -0.078070 -1.000000 
0.422972 0.835574 -0.978191 4.557207 -1.954679 -2.194417 0.060823 -0.085896 -1.000000 
0.429532 0.804401 -0.941436 4.631162 -1.971969 -2.127507 0.060102 -0.094778 -1.000000 
0.435840 0.772392 -0.904098 4.703060 -1.988711 -2.057703 0.059304 -0.104886 -1.000000 
0.441888 0.739569 -0.866193 4.772768 -2.004884 -1.985079 0.058420 -0.116418 -1.000000 
0.447671 0.705956 -0.827740 4.840158 -2.020465 -1.909715 0.057437 -0.129611 -1.000000 
0.453182 0.671580 -0.788757 4.905102 -2.035433 -1.831701 0.056341 -0.144737 -1.000000 
0.458414 0.636469 -0.749265 4.967477 -2.049766 -1.751133 0.055115 -0.162117 -1.000000 
0.463363 0.600655 -0.709285 5.027164 -2.063444 -1.668113 0.053740 -0.182120 -1.000000 
0.468023 0.564172 -0.668838 5.084046 -2.076449 -1.582753 0.052193 -0.205167 -1.000000 
0.472388 0.527053 -0.627948 5.138014 -2.088763 -1.495171 0.050448 -0.231733 -1.000000 
0.476454 0.489338 -0.586638 5.188961 -2.100367 -1.405492 0.048474 -0.262341 -1.000000 
0.480216 0.451066 -0.544933 5.236789 -2.111245 -1.313847 0.046238 -0.297541 -1.000000 
0.483670 0.412278 -0.502858 5.281404 -2.121383 -1.220376 0.043700 -0.337884 -1.000000 
0.486811 0.373018 -0.460439 5.322720 -2.130767 -1.125226 0.040817 -0.383865 -1.000000 
0.489637 0.333332 -0.417703 5.360658 -2.139383 -1.028548 0.037542 -0.435835 -1.000000 
0.492144 0.293267 -0.374678 5.395146 -2.147220 -0.930503 0.033827 -0.493876 -1.000000 
0.494328 0.252872 -0.331390 5.426121 -2.154268 -0.831255 0.029625 -0.557629 -1.000000 
0.496189 0.212197 -0.287869 5.453529 -2.160517 -0.730974 0.024893 -0.626091 -1.000000 
0.497723 0.171295 -0.244143 5.477326 -2.165961 -0.629836 0.019600 -0.697404 -1.000000 
0.498929 0.130217 -0.200242 5.497477 -2.170593 -0.528020 0.013734 -0.768697 -1.000000 
0.499806 0.089018 -0.156194 5.513957 -2.174408 -0.425705 0.007311 -0.836087 -1.000000 
0.500353 0.047749 -0.112028 5.526751 -2.177403 -0.323071 0.000379 -0.894919 1.000000 
0.500394 -0.015949 -0.067750 5.537453 -2.178823 -0.125943 0.007707 0.934106 1.000000 
0.500098 -0.058128 -0.023439 5.539609 -2.179417 -0.022317 0.015276 0.955084 1.000000 
0.499464 -0.100362 0.020874 5.538026 -2.179179 0.081726 0.022933 0.955580 1.000000 
0.498492 -0.142600 0.065159 5.532678 -2.178108 0.186027 0.030511 0.935462 1.000000 
0.497182 -0.184790 0.109387 5.523549 -2.176203 0.290417 0.037851 0.896781 1.000000 
0.495536 -0.226878 0.153526 5.510629 -2.173462 0.394720 0.044820 0.843296 1.000000 
0.493553 -0.268808 0.197547 5.493921 -2.169888 0.498753 0.051317 0.779668 1.000000 
0.491235 -0.310526 0.241419 5.473439 -2.165483 0.602330 0.057280 0.710613 1.000000 
0.488585 -0.351976 0.285112 5.449206 -2.160252 0.705264 0.062683 0.640258 1.000000 
0.485605 -0.393103 0.328596 5.421258 -2.154201 0.807370 0.067529 0.571789 1.000000 
0.482296 -0.433853 0.371842 5.389638 -2.147337 0.908465 0.071842 0.507378 1.000000 
0.478664 -0.474175 0.414821 5.354403 -2.139669 1.008371 0.075661 0.448293 1.000000 
0.474711 -0.514017 0.457503 5.315617 -2.131207 1.106915 0.079031 0.395094 1.000000 
0.470441 -0.553333 0.499861 5.273353 -2.121962 1.203931 0.081999 0.347837 1.000000 
0.465859 -0.592074 0.541868 5.227694 -2.111948 1.299259 0.084611 0.306257 1.000000 
0.460970 -0.630198 0.583496 5.178728 -2.101179 1.392745 0.086913 0.269911 1.000000 
0.455778 -0.667662 0.624719 5.126554 -2.089670 1.484244 0.088943 0.238271 1.000000 
0.450289 -0.704427 0.665512 5.071273 -2.077437 1.573616 0.090736 0.210791 1.000000 
0.444509 -0.740455 0.705851 5.012996 -2.064498 1.660731 0.092325 0.186948 1.000000 
0.438444 -0.775713 0.745712 4.951839 -2.050871 1.745465 0.093736 0.166258 1.000000 
0.432100 -0.810167 0.785073 4.887921 -2.036577 1.827701 0.094992 0.148288 1.000000 
0.425483 -0.843788 0.823912 4.821367 -2.021635 1.907331 0.096115 0.132657 1.000000 
0.418601 -0.876549 0.862208 4.752306 -2.006067 1.984254 0.097120 0.119033 1.000000 
0.411461 -0.908425 0.899943 4.680872 -1.989895 2.058378 0.098024 0.107134 1.000000 
0.404069 -0.939393 0.937096 4.607198 -1.973141 2.129617 0.098838 0.096713 1.000000 
0.396433 -0.969434 0.973652 4.531424 -1.955829 2.197894 0.099575 0.087565 1.000000 
0.388560 -0.998530 1.009594 4.453689 -1.937982 2.263138 0.100242 0.079511 1.000000 
0.380459 -1.026667 1.044906 4.374134 -1.919627 2.325288 0.100849 0.072401 1.000000 
0.372136 -1.053832 1.079576 4.292903 -1.900786 2.384289 0.101403 0.066107 1.000000 
0.363600 -1.080016 1.113589 4.210138 -1.881487 2.440094 0.101909 0.060520 1.000000 
0.354859 -1.105211 1.146934 4.125982 -1.861753 2.492663 0.102373 0.055547 1.000000 
0.345920 -1.129411 1.179601 4.040579 -1.841613 2.541964 0.102799 0.051108 1.000000 
0.336791 -1.152613 1.211580 3.954070 -1.821091 2.587972 0.103192 0.047136 1.000000 
0.327480 -1.174818 1.242864 3.866597 -1.800214 2.630668 0.103554 0.043573 1.000000 
0.317996 -1.196026 1.273444 3.778299 -1.779009 2.670040 0.103890 0.040367 1.000000 
0.308347 -1.216241 1.303315 3.689314 -1.757502 2.706085 0.104201 0.037477 1.000000 
0.298539 -1.235469 1.332471 3.599778 -1.735720 2.738802 0.104490 0.034864 1.000000 
0.288582 -1.253716 1.360910 3.509822 -1.713690 2.768200 0.104760 0.032497 1.000000 
0.278482 -1.270993 1.388628 3.419577 -1.691438 2.794292 0.105011 0.030348 1.000000 
0.268248 -1.287311 1.415623 3.329169 -1.668990 2.817097 0.105246 0.028393 1.000000 
0.257888 -1.302682 1.441894 3.238722 -1.646373 2.836640 0.105465 0.026609 1.000000 
0.247408 -1.317120 1.467443 3.148355 -1.623613 2.852949 0.105672 0.024980 1.000000 
0.236816 -1.330642 1.492269 3.058184 -1.600735 2.866060 0.105866 0.023488 1.000000 
0.226120 -1.343264 1.516374 2.968320 -1.577764 2.876011 0.106048 0.022119 1.000000 
0.215327 -1.355006 1.539763 2.878869 -1.554727 2.882845 0.106220 0.020862 1.000000 
0.204442 -1.365886 1.562438 2.789936 -1.531647 2.886609 0.106382 0.019704 1.000000 
0.193475 -1.375925 1.584403 2.701617 -1.508549 2.887354 0.106535 0.018636 1.000000 
0.182430 -1.385146 1.605665 2.614006 -1.485457 2.885134 0.106680 0.017649 1.000000 
0.171314 -1.393570 1.626230 2.527192 -1.462395 2.880006 0.106818 0.016736 1.000000 
0.160135 -1.401221 1.646103 2.441257 -1.439385 2.872030 0.106948 0.015890 1.000000 
0.148897 -1.408122 1.665292 2.356281 -1.416450 2.861268 0.107072 0.015105 1.000000 
0.137607 -1.414299 1.683806 2.272338 -1.393612 2.847785 0.107190 0.014375 1.000000 
0.126270 -1.419777 1.701653 2.189494 -1.370892 2.831649 0.107302 0.013696 1.000000 
0.114892 -1.424580 1.718841 2.107816 -1.348312 2.812926 0.107409 0.013063 1.000000 
0.103478 -1.428735 1.735381 2.027360 -1.325892 2.791686 0.107511 0.012472 1.000000 
0.092034 -1.432267 1.751282 1.948181 -1.303652 2.768002 0.107609 0.011920 1.000000 
0.080564 -1.435202 1.766555 1.870327 -1.281610 2.741943 0.107702 0.011404 1.000000 
0.069072 -1.437566 1.781211 1.793842 -1.259787 2.713583 0.107792 0.010920 1.000000 
0.057564 -1.439386 1.795261 1.718765 -1.238199 2.682995 0.107877 0.010467 1.000000 
0.046043 -1.440686 1.808715 1.645130 -1.216864 2.650252 0.107959 0.010041 1.000000 
0.034514 -1.441494 1.821587 1.572967 -1.195800 2.615427 0.108038 0.009641 1.000000 
0.022981 -1.441833 1.833887 1.502301 -1.175023 2.578594 0.108113 0.009265 1.000000 
0.011446 -1.441729 1.845627 1.433153 -1.154548 2.539824 0.108186 0.008912 1.000000 
-0.000086 -1.441207 1.856821 1.365538 -1.134391 2.499191 0.108256 0.008578 1.000000 
-0.011612 -1.440291 1.867480 1.299470 -1.114566 2.456767 0.108323 0.008264 1.000000 
-0.023129 -1.439005 1.877617 1.234956 -1.095087 2.412622 0.108388 0.007968 1.000000 
-0.034635 -1.437370 1.887244 1.172000 -1.075968 2.366826 0.108451 0.007688 1.000000 
-0.046126 -1.435411 1.896373 1.110602 -1.057222 2.319448 0.108511 0.007424 1.000000 
-0.057601 -1.433149 1.905017 1.050759 -1.038861 2.270557 0.108570 0.007175 1.000000 
-0.069056 -1.430605 1.913189 0.992464 -1.020897 2.220218 0.108626 0.006939 1.000000 
-0.080490 -1.427799 1.920901 0.935706 -1.003341 2.168498 0.108681 0.006716 1.000000 
-0.091900 -1.424752 1.928165 0.880472 -0.986205 2.115460 0.108734 0.006505 1.000000 
-0.103285 -1.421481 1.934993 0.826745 -0.969497 2.061166 0.108785 0.006306 1.000000 
-0.114643 -1.418004 1.941397 0.774505 -0.953229 2.005678 0.108835 0.006117 1.000000 
-0.125973 -1.414340 1.947389 0.723729 -0.937409 1.949055 0.108883 0.005938 1.000000 
-0.137272 -1.410503 1.952980 0.674393 -0.922047 1.891355 0.108930 0.005769 1.000000 
-0.148540 -1.406510 1.958183 0.626467 -0.907150 1.832634 0.108975 0.005609 1.000000 
-0.159776 -1.402374 1.963007 0.579922 -0.892728 1.772946 0.109019 0.005458 1.000000 
-0.170978 -1.398109 1.967465 0.534725 -0.878786 1.712344 0.109063 0.005315 1.000000 
-0.182146 -1.393728 1.971566 0.490841 -0.865332 1.650879 0.109104 0.005180 1.000000 
-0.193277 -1.389242 1.975322 0.448233 -0.852374 1.588602 0.109145 0.005053 1.000000 
-0.204373 -1.384661 1.978741 0.406862 -0.839917 1.525559 0.109185 0.004932 1.000000 
-0.215432 -1.379994 1.981835 0.366688 -0.827967 1.461797 0.109224 0.004819 1.000000 
-0.226453 -1.375251 1.984611 0.327668 -0.816530 1.397361 0.109262 0.004712 1.000000 
-0.237436 -1.370439 1.987080 0.289758 -0.805611 1.332293 0.109300 0.004612 1.000000 
-0.248380 -1.365564 1.989250 0.252912 -0.795215 1.266636 0.109336 0.004518 1.000000 
-0.259285 -1.360632 1.991130 0.217085 -0.785346 1.200429 0.109372 0.004430 1.000000 
-0.270150 -1.355646 1.992726 0.182227 -0.776009 1.133711 0.109407 0.004348 1.000000 
-0.280975 -1.350611 1.994048 0.148291 -0.767208 1.066520 0.109442 0.004272 1.000000 
-0.291759 -1.345529 1.995101 0.115225 -0.758946 0.998890 0.109476 0.004200 1.000000 
-0.302503 -1.340400 1.995894 0.082978 -0.751227 0.930858 0.109509 0.004135 1.000000 
-0.313206 -1.335226 1.996431 0.051500 -0.744053 0.862455 0.109542 0.004074 1.000000 
-0.323867 -1.330006 1.996719 0.020735 -0.737428 0.793716 0.109574 0.004019 1.000000 
-0.334486 -1.324737 1.996765 -0.009368 -0.731355 0.724670 0.109606 0.003968 1.000000 
-0.345062 -1.319418 1.996571 -0.038863 -0.725834 0.655348 0.109638 0.003923 1.000000 
-0.355596 -1.314044 1.996144 -0.067806 -0.720870 0.585780 0.109669 0.003882 1.000000 
-0.366087 -1.308612 1.995488 -0.096252 -0.716463 0.515995 0.109700 0.003846 1.000000 
-0.376534 -1.303114 1.994605 -0.124255 -0.712614 0.446019 0.109730 0.003815 1.000000 
-0.386936 -1.297545 1.993501 -0.151872 -0.709327 0.375881 0.109761 0.003788 1.000000 
-0.397294 -1.291896 1.992176 -0.179158 -0.706601 0.305607 0.109791 0.003766 1.000000 
-0.407607 -1.286160 1.990635 -0.206169 -0.704437 0.235222 0.109821 0.003748 1.000000 
-0.417873 -1.280327 1.988878 -0.232962 -0.702837 0.164754 0.109851 0.003735 1.000000 
-0.428091 -1.274386 1.986908 -0.259594 -0.701801 0.094227 0.109881 0.003727 1.000000 
-0.438262 -1.268326 1.984725 -0.286119 -0.701330 0.023666 0.109911 0.003723 1.000000 
-0.448384 -1.262134 1.982330 -0.312593 -0.701423 -0.046903 0.109940 0.003723 1.000000 
-0.458456 -1.255798 1.979723 -0.339074 -0.702080 -0.117455 0.109970 0.003728 1.000000 
-0.468477 -1.249304 1.976905 -0.365616 -0.703302 -0.187965 0.110000 0.003737 1.000000 
-0.478445 -1.242636 1.973873 -0.392275 -0.705087 -0.258408 0.110030 0.003751 1.000000 
-0.488358 -1.235779 1.970628 -0.419106 -0.707436 -0.328758 0.110060 0.003769 1.000000 
-0.498216 -1.228716 1.967167 -0.446162 -0.710347 -0.398990 0.110090 0.003792 1.000000 
-0.508017 -1.221430 1.963489 -0.473499 -0.713820 -0.469076 0.110121 0.003819 1.000000 
-0.517759 -1.213902 1.959590 -0.501169 -0.717852 -0.538990 0.110151 0.003851 1.000000 
-0.527439 -1.206115 1.955469 -0.529226 -0.722443 -0.608705 0.110182 0.003888 1.000000 
-0.537056 -1.198047 1.951121 -0.557721 -0.727591 -0.678193 0.110214 0.003929 1.000000 
-0.546607 -1.189678 1.946544 -0.586705 -0.733293 -0.747424 0.110245 0.003975 1.000000 
-0.556090 -1.180988 1.941733 -0.616230 -0.739549 -0.816368 0.110277 0.004026 1.000000 
-0.565502 -1.171955 1.936683 -0.646344 -0.746354 -0.884996 0.110310 0.004082 1.000000 
-0.574840 -1.162556 1.931389 -0.677096 -0.753708 -0.953275 0.110343 0.004143 1.000000 
-0.584102 -1.152769 1.925847 -0.708534 -0.761606 -1.021173 0.110376 0.004209 1.000000 
-0.593283 -1.142569 1.920051 -0.740703 -0.770045 -1.088655 0.110410 0.004280 1.000000 
-0.602382 -1.131933 1.913994 -0.773650 -0.779023 -1.155686 0.110444 0.004357 1.000000 
-0.611393 -1.120836 1.907670 -0.807417 -0.788535 -1.222230 0.110480 0.004440 1.000000 
-0.620314 -1.109253 1.901073 -0.842048 -0.798577 -1.288249 0.110516 0.004528 1.000000 
-0.629140 -1.097158 1.894195 -0.877582 -0.809145 -1.353704 0.110552 0.004622 1.000000 
-0.637867 -1.084527 1.887029 -0.914059 -0.820235 -1.418553 0.110590 0.004722 1.000000 
-0.646491 -1.071332 1.879568 -0.951516 -0.831841 -1.482755 0.110628 0.004829 1.000000 
-0.655007 -1.057547 1.871802 -0.989990 -0.843957 -1.546266 0.110667 0.004942 1.000000 
-0.663410 -1.043147 1.863725 -1.029514 -0.856579 -1.609040 0.110707 0.005062 1.000000 
-0.671695 -1.028103 1.855327 -1.070120 -0.869700 -1.671030 0.110748 0.005189 1.000000 
-0.679858 -1.012390 1.846600 -1.111838 -0.883313 -1.732187 0.110790 0.005324 1.000000 
-0.687892 -0.995980 1.837535 -1.154695 -0.897412 -1.792462 0.110833 0.005466 1.000000 
-0.695791 -0.978847 1.828122 -1.198716 -0.911990 -1.851801 0.110877 0.005616 1.000000 
-0.703551 -0.960964 1.818352 -1.243925 -0.927039 -1.910152 0.110923 0.005776 1.000000 
-0.711165 -0.942305 1.808216 -1.290342 -0.942550 -1.967458 0.110970 0.005944 1.000000 
-0.718626 -0.922842 1.797703 -1.337983 -0.958515 -2.023662 0.111018 0.006121 1.000000 
-0.725928 -0.902552 1.786805 -1.386865 -0.974925 -2.078707 0.111068 0.006309 1.000000 
-0.733064 -0.881407 1.775510 -1.436999 -0.991771 -2.132530 0.111119 0.006507 1.000000 
-0.740028 -0.859383 1.763809 -1.488395 -1.009042 -2.185071 0.111172 0.006716 1.000000 
-0.746812 -0.836456 1.751692 -1.541057 -1.026729 -2.236266 0.111226 0.006937 1.000000 
-0.753409 -0.812601 1.739149 -1.594989 -1.044819 -2.286049 0.111283 0.007171 1.000000 
-0.759811 -0.787797 1.726169 -1.650189 -1.063301 -2.334354 0.111341 0.007418 1.000000 
-0.766011 -0.762021 1.712743 -1.706655 -1.082164 -2.381114 0.111402 0.007679 1.000000 
-0.772001 -0.735251 1.698859 -1.764377 -1.101395 -2.426259 0.111464 0.007956 1.000000 
-0.777772 -0.707469 1.684509 -1.823345 -1.120980 -2.469719 0.111529 0.008249 1.000000 
-0.783318 -0.678654 1.669683 -1.883544 -1.140906 -2.511423 0.111596 0.008560 1.000000 
-0.788628 -0.648791 1.654369 -1.944954 -1.161158 -2.551298 0.111666 0.008890 1.000000 
-0.793695 -0.617861 1.638560 -2.007553 -1.181721 -2.589273 0.111738 0.009240 1.000000 
-0.798511 -0.585852 1.622245 -2.071313 -1.202581 -2.625274 0.111814 0.009611 1.000000 
-0.803066 -0.552749 1.605416 -2.136204 -1.223720 -2.659225 0.111892 0.010006 1.000000 
-0.807352 -0.518542 1.588063 -2.202189 -1.245123 -2.691054 0.111974 0.010427 1.000000 
-0.811360 -0.483220 1.570178 -2.269230 -1.266771 -2.720686 0.112059 0.010875 1.000000 
-0.815081 -0.446777 1.551753 -2.337281 -1.288648 -2.748047 0.112148 0.011353 1.000000 
-0.818505 -0.409206 1.532779 -2.406296 -1.310734 -2.773062 0.112241 0.011864 1.000000 
-0.821625 -0.370504 1.513250 -2.476221 -1.333010 -2.795658 0.112338 0.012410 1.000000 
-0.824430 -0.330670 1.493157 -2.546999 -1.355458 -2.815763 0.112440 0.012994 1.000000 
-0.826913 -0.289705 1.472496 -2.618568 -1.378056 -2.833304 0.112546 0.013620 1.000000 
-0.829063 -0.247613 1.451258 -2.690862 -1.400784 -2.848211 0.112658 0.014292 1.000000 
-0.830871 -0.204399 1.429440 -2.763811 -1.423620 -2.860415 0.112775 0.015015 1.000000 
-0.832330 -0.160072 1.407036 -2.837340 -1.446543 -2.869849 0.112898 0.015793 1.000000 
-0.833430 -0.114644 1.384041 -2.911369 -1.469530 -2.876447 0.113028 0.016631 1.000000 
-0.834161 -0.068129 1.360453 -2.985816 -1.492558 -2.880146 0.113164 0.017537 1.000000 
-0.834517 -0.020543 1.336267 -3.060592 -1.515604 -2.880885 0.113308 0.018516 1.000000 
-0.834487 0.028094 1.311483 -3.135605 -1.538644 -2.878607 0.113461 0.019577 1.000000 
-0.834065 0.077758 1.286097 -3.210760 -1.561654 -2.873258 0.113622 0.020728 1.000000 
-0.833240 0.128424 1.260111 -3.285956 -1.584608 -2.864785 0.113793 0.021981 1.000000 
-0.832007 0.180064 1.233522 -3.361091 -1.607482 -2.853143 0.113974 0.023345 1.000000 
-0.830357 0.232644 1.206333 -3.436058 -1.630250 -2.838286 0.114167 0.024834 1.000000 
-0.828282 0.286131 1.178546 -3.510746 -1.652886 -2.820176 0.114372 0.026463 1.000000 
-0.825777 0.340485 1.150163 -3.585042 -1.675364 -2.798779 0.114590 0.028249 1.000000 
-0.822832 0.395667 1.121187 -3.658830 -1.697657 -2.774065 0.114824 0.030211 1.000000 
-0.819444 0.451630 1.091623 -3.731990 -1.719740 -2.746009 0.115074 0.032371 1.000000 
-0.815604 0.508329 1.061477 -3.804401 -1.741585 -2.714591 0.115343 0.034756 1.000000 
-0.811309 0.565713 1.030755 -3.875941 -1.763164 -2.679799 0.115631 0.037394 1.000000 
-0.806551 0.623729 0.999464 -3.946483 -1.784452 -2.641624 0.115942 0.040321 1.000000 
-0.801327 0.682319 0.967614 -4.015900 -1.805421 -2.600065 0.116277 0.043575 1.000000 
-0.795633 0.741426 0.935213 -4.084066 -1.826044 -2.555126 0.116640 0.047205 1.000000 
-0.789463 0.800988 0.902273 -4.150851 -1.846294 -2.506817 0.117033 0.051264 1.000000 
-0.782816 0.860940 0.868804 -4.216127 -1.866145 -2.455157 0.117461 0.055815 1.000000 
-0.775688 0.921216 0.834819 -4.279763 -1.885568 -2.400170 0.117928 0.060935 1.000000 
-0.768076 0.981746 0.800332 -4.341632 -1.904539 -2.341887 0.118438 0.066711 1.000000 
-0.759979 1.042459 0.765358 -4.401605 -1.923030 -2.280346 0.118997 0.073247 1.000000 
-0.751396 1.103283 0.729912 -4.459555 -1.941015 -2.215591 0.119612 0.080667 1.000000 
-0.742327 1.164141 0.694011 -4.515357 -1.958471 -2.147675 0.120291 0.089118 1.000000 
-0.732770 1.224958 0.657672 -4.568886 -1.975370 -2.076656 0.121042 0.098772 1.000000 
-0.722728 1.285655 0.620915 -4.620023 -1.991689 -2.002600 0.121875 0.109838 1.000000 
-0.712200 1.346152 0.583759 -4.668647 -2.007404 -1.925578 0.122803 0.122560 1.000000 
-0.701190 1.406370 0.546224 -4.714644 -2.022491 -1.845671 0.123841 0.137229 1.000000 
-0.689699 1.466227 0.508332 -4.757902 -2.036927 -1.762962 0.125005 0.154192 1.000000 
-0.677731 1.525643 0.470105 -4.798312 -2.050691 -1.677544 0.126315 0.173855 1.000000 
-0.665290 1.584534 0.431567 -4.835770 -2.063761 -1.589512 0.127795 0.196695 1.000000 
-0.652380 1.642820 0.392741 -4.870177 -2.076116 -1.498969 0.129472 0.223261 1.000000 
-0.639007 1.700419 0.353652 -4.901437 -2.087738 -1.406021 0.131379 0.254179 1.000000 
-0.625176 1.757250 0.314326 -4.929459 -2.098606 -1.310780 0.133553 0.290137 1.000000 
-0.610893 1.813234 0.274790 -4.954160 -2.108704 -1.213361 0.136037 0.331866 1.000000 
-0.596167 1.868291 0.235069 -4.975459 -2.118015 -1.113881 0.138880 0.380078 1.000000 
-0.581003 1.922344 0.195192 -4.993281 -2.126521 -1.012461 0.142137 0.435381 1.000000 
-0.565412 1.975316 0.155186 -5.007555 -2.134209 -0.909222 0.145866 0.498125 1.000000 
-0.549401 2.027133 0.115080 -5.018219 -2.141064 -0.804288 0.150126 0.568184 1.000000 
-0.532981 2.077722 0.074904 -5.025210 -2.147074 -0.697783 0.154974 0.644662 1.000000 
-0.516161 2.127011 0.034687 -5.028475 -2.152225 -0.589833 0.160453 0.725564 1.000000 
-0.498953 2.174929 -0.005541 -5.027962 -2.156508 -0.480566 0.166586 0.807496 1.000000 
-0.481366 2.221405 -0.045750 -5.023625 -2.159911 -0.370115 0.173363 0.885556 1.000000 
-0.463414 2.266370 -0.085909 -5.015424 -2.162427 -0.258620 0.180728 0.953592 1.000000 
-0.445108 2.309752 -0.125987 -5.003323 -2.164047 -0.146230 0.188576 1.004978 1.000000 
-0.426462 2.351482 -0.165952 -4.987294 -2.164764 -0.033108 0.196748 1.033873 1.000000 
-0.407489 2.391486 -0.205773 -4.967317 -2.164575 0.080568 0.205048 1.036613 1.000000 
-0.388203 2.429696 -0.245418 -4.943385 -2.163474 0.194603 0.213262 1.012729 1.000000 
-0.368619 2.466039 -0.284856 -4.915500 -2.161461 0.308787 0.221188 0.965095 1.000000 
-0.348752 2.500452 -0.324056 -4.883679 -2.158534 0.422897 0.228655 0.899146 1.000000 
-0.328617 2.532870 -0.362985 -4.847951 -2.154695 0.536703 0.235543 0.821518 1.000000 
-0.308232 2.563238 -0.401613 -4.808359 -2.149948 0.649969 0.241785 0.738686 1.000000 
-0.287611 2.591505 -0.439908 -4.764962 -2.144298 0.762457 0.247362 0.656010 1.000000 
-0.266773 2.617630 -0.477842 -4.717830 -2.137751 0.873936 0.252292 0.577325 1.000000 
-0.245735 2.641577 -0.515384 -4.667043 -2.130318 0.984176 0.256617 0.504972 1.000000 
-0.224514 2.663318 -0.552505 -4.612697 -2.122009 1.092956 0.260392 0.440074 1.000000 
-0.203128 2.682834 -0.589178 -4.554894 -2.112835 1.200063 0.263678 0.382879 1.000000 
-0.181594 2.700112 -0.625375 -4.493748 -2.102813 1.305291 0.266537 0.333084 1.000000 
-0.159932 2.715148 -0.661069 -4.429381 -2.091956 1.408447 0.269026 0.290080 1.000000 
-0.138158 2.727942 -0.696237 -4.361921 -2.080283 1.509344 0.271195 0.253125 1.000000 
-0.116291 2.738503 -0.730852 -4.291507 -2.067813 1.607809 0.273090 0.221451 1.000000 
-0.094348 2.746847 -0.764893 -4.218280 -2.054565 1.703675 0.274750 0.194329 1.000000 
-0.072347 2.752993 -0.798338 -4.142389 -2.040562 1.796788 0.276210 0.171094 1.000000 
-0.050306 2.756970 -0.831165 -4.063988 -2.025825 1.887003 0.277497 0.151162 1.000000 
-0.028241 2.758809 -0.863355 -3.983234 -2.010378 1.974188 0.278636 0.134030 1.000000 
-0.006170 2.758547 -0.894891 -3.900288 -1.994246 2.058218 0.279647 0.119266 1.000000 
0.015890 2.756228 -0.925754 -3.815314 -1.977455 2.138980 0.280549 0.106507 1.000000 
0.037924 2.751899 -0.955931 -3.728478 -1.960031 2.216371 0.281356 0.095446 1.000000 
0.059915 2.745611 -0.985405 -3.639947 -1.942002 2.290300 0.282080 0.085827 1.000000 
0.081849 2.737419 -1.014166 -3.549889 -1.923396 2.360685 0.282732 0.077434 1.000000 
0.103709 2.727383 -1.042200 -3.458474 -1.904241 2.427454 0.283322 0.070087 1.000000 
0.125482 2.715566 -1.069498 -3.365868 -1.884566 2.490545 0.283856 0.063634 1.000000 
0.147153 2.702033 -1.096051 -3.272238 -1.864402 2.549907 0.284342 0.057947 1.000000 
0.168710 2.686853 -1.121852 -3.177752 -1.843778 2.605498 0.284785 0.052920 1.000000 
0.190139 2.670097 -1.146893 -3.082571 -1.822724 2.657287 0.285190 0.048463 1.000000 
0.211428 2.651836 -1.171171 -2.986858 -1.801272 2.705250 0.285562 0.044498 1.000000 
0.232564 2.632148 -1.194682 -2.890769 -1.779451 2.749374 0.285903 0.040960 1.000000 
0.253538 2.611106 -1.217423 -2.794460 -1.757292 2.789654 0.286218 0.037795 1.000000 
0.274339 2.588789 -1.239393 -2.698082 -1.734826 2.826093 0.286509 0.034955 1.000000 
0.294956 2.565276 -1.260593 -2.601780 -1.712085 2.858704 0.286778 0.032400 1.000000 
0.315380 2.540643 -1.281022 -2.505697 -1.689097 2.887505 0.287028 0.030095 1.000000 
0.000000 0.000000 0.000000 0.000000 0.000000 0.000000 0.000000 0.000000 0.000000 
