0.049229 0.042785 -0.062995 0.156422 -1.522527 -0.013833 1.150449 0.151384 1.000000 
0.049518 0.029577 -0.061703 0.166560 -1.522650 -0.016891 1.151658 0.150923 1.000000 
0.049702 0.016297 -0.060331 0.176429 -1.522797 -0.019839 1.152866 0.151070 1.000000 
0.049779 0.002962 -0.058881 0.186013 -1.522967 -0.022657 1.154077 0.151848 1.000000 
0.049749 -0.010407 -0.057355 0.195298 -1.523159 -0.025327 1.155297 0.153289 1.000000 
0.049612 -0.023791 -0.055757 0.204266 -1.523372 -0.027830 1.156531 0.155439 1.000000 
0.049368 -0.037171 -0.054088 0.212902 -1.523604 -0.030149 1.157786 0.158358 1.000000 
0.049017 -0.050526 -0.052351 0.221190 -1.523854 -0.032266 1.159067 0.162127 1.000000 
0.048560 -0.063836 -0.050550 0.229114 -1.524120 -0.034167 1.160383 0.166846 1.000000 
0.047996 -0.077079 -0.048686 0.236658 -1.524400 -0.035837 1.161740 0.172645 1.000000 
0.047327 -0.090234 -0.046764 0.243807 -1.524692 -0.037262 1.163148 0.179686 1.000000 
0.046553 -0.103279 -0.044787 0.250545 -1.524995 -0.038432 1.164619 0.188177 1.000000 
0.045675 -0.116193 -0.042757 0.256856 -1.525306 -0.039336 1.166164 0.198383 1.000000 
0.044694 -0.128953 -0.040678 0.262725 -1.525624 -0.039965 1.167798 0.210644 1.000000 
0.043612 -0.141537 -0.038554 0.268136 -1.525945 -0.040312 1.169541 0.225400 1.000000 
0.042430 -0.153921 -0.036389 0.273073 -1.526268 -0.040372 1.171413 0.243226 1.000000 
0.041150 -0.166083 -0.034186 0.277521 -1.526590 -0.040139 1.173442 0.264883 1.000000 
0.039773 -0.177999 -0.031950 0.281465 -1.526910 -0.039611 1.175664 0.291385 1.000000 
0.038303 -0.189647 -0.029684 0.284889 -1.527223 -0.038787 1.178121 0.324114 1.000000 
0.036740 -0.201003 -0.027393 0.287776 -1.527529 -0.037665 1.180871 0.364973 1.000000 
0.035087 -0.212044 -0.025081 0.290110 -1.527825 -0.036245 1.183989 0.416628 1.000000 
0.033348 -0.222748 -0.022753 0.291872 -1.528108 -0.034529 1.187576 0.482895 1.000000 
0.031524 -0.233092 -0.020413 0.293044 -1.528377 -0.032514 1.191769 0.569337 1.000000 
0.029620 -0.243055 -0.018066 0.293601 -1.528628 -0.030198 1.196761 0.684252 1.000000 
0.027637 -0.252616 -0.015717 0.293517 -1.528859 -0.027572 1.202826 0.840298 1.000000 
0.025579 -0.261755 -0.013372 0.292756 -1.529068 -0.024620 1.210367 1.057230 1.000000 
0.023450 -0.270455 -0.011035 0.291269 -1.529252 -0.021304 1.219987 1.366501 1.000000 
0.021253 -0.278701 -0.008713 0.288981 -1.529408 -0.017548 1.232610 1.818760 1.000000 
0.018992 -0.286485 -0.006414 0.285774 -1.529531 -0.013193 1.249679 2.494524 1.000000 
0.016670 -0.293805 -0.004144 0.281428 -1.529616 -0.007882 1.273431 3.511668 1.000000 
0.014292 -0.300667 -0.001915 0.275488 -1.529653 -0.000730 1.307111 4.989919 1.000000 
0.011861 -0.307065 0.000257 0.266809 -1.529617 0.010802 1.354269 6.812035 1.000000 
0.009381 0.325634 0.002337 -0.256148 -1.529447 -0.037149 1.414257 -8.563903 1.000000 
0.011963 0.319826 0.000219 -0.271536 -1.529615 -0.010105 1.353446 -6.825412 1.000000 
0.014496 0.313325 -0.001990 -0.280193 -1.529643 0.001796 1.306691 -4.893534 1.000000 
0.016975 0.306330 -0.004257 -0.286114 -1.529597 0.009222 1.273924 -3.389288 1.000000 
0.019396 0.298841 -0.006564 -0.290446 -1.529500 0.014788 1.251128 -2.381008 1.000000 
0.021755 0.290851 -0.008901 -0.293635 -1.529363 0.019387 1.234898 -1.722791 1.000000 
0.024048 0.282363 -0.011260 -0.295896 -1.529192 0.023373 1.222972 -1.287607 1.000000 
0.026272 0.273388 -0.013633 -0.297345 -1.528990 0.026903 1.213925 -0.992589 1.000000 
0.028421 0.263941 -0.016015 -0.298054 -1.528762 0.030050 1.206854 -0.786972 1.000000 
0.030494 0.254044 -0.018400 -0.298071 -1.528511 0.032848 1.201179 -0.639773 1.000000 
0.032485 0.243716 -0.020783 -0.297431 -1.528238 0.035314 1.196514 -0.531772 1.000000 
0.034392 0.232980 -0.023158 -0.296162 -1.527946 0.037455 1.192599 -0.450765 1.000000 
0.036212 0.221860 -0.025520 -0.294287 -1.527639 0.039272 1.189251 -0.388808 1.000000 
0.037941 0.210380 -0.027865 -0.291825 -1.527319 0.040765 1.186341 -0.340604 1.000000 
0.039577 0.198565 -0.030187 -0.288795 -1.526988 0.041935 1.183774 -0.302537 1.000000 
0.041117 0.186439 -0.032484 -0.285214 -1.526649 0.042780 1.181480 -0.272087 1.000000 
0.042559 0.174026 -0.034749 -0.281099 -1.526304 0.043301 1.179406 -0.247462 1.000000 
0.043901 0.161353 -0.036980 -0.276466 -1.525957 0.043500 1.177509 -0.227366 1.000000 
0.045140 0.148443 -0.039172 -0.271332 -1.525609 0.043380 1.175758 -0.210847 1.000000 
0.046275 0.135320 -0.041320 -0.265712 -1.525264 0.042946 1.174128 -0.197193 1.000000 
0.047305 0.122011 -0.043422 -0.259624 -1.524923 0.042205 1.172597 -0.185867 1.000000 
0.048227 0.108537 -0.045473 -0.253083 -1.524589 0.041165 1.171149 -0.176459 1.000000 
0.049041 0.094924 -0.047470 -0.246105 -1.524265 0.039835 1.169769 -0.168652 1.000000 
0.049746 0.081194 -0.049409 -0.238707 -1.523953 0.038229 1.168447 -0.162201 1.000000 
0.050340 0.067371 -0.051288 -0.230906 -1.523654 0.036358 1.167171 -0.156912 1.000000 
0.050823 0.053477 -0.053103 -0.222717 -1.523372 0.034237 1.165933 -0.152635 1.000000 
0.051195 0.039534 -0.054851 -0.214157 -1.523107 0.031883 1.164726 -0.149252 1.000000 
0.051456 0.025564 -0.056528 -0.205243 -1.522862 0.029312 1.163543 -0.146668 1.000000 
0.051604 0.011588 -0.058134 -0.195991 -1.522638 0.026544 1.162378 -0.144813 1.000000 
0.051641 -0.002372 -0.059663 -0.186418 -1.522438 0.023598 1.161224 -0.143630 1.000000 
0.051566 -0.016297 -0.061115 -0.176539 -1.522261 0.020495 1.160078 -0.143080 1.000000 
0.051381 -0.030165 -0.062487 -0.166372 -1.522110 0.017256 1.158934 -0.143133 1.000000 
0.051084 -0.043958 -0.063777 -0.155933 -1.521985 0.013903 1.157786 -0.143773 1.000000 
0.050677 -0.057656 -0.064981 -0.145238 -1.521888 0.010459 1.156632 -0.144990 1.000000 
0.050162 -0.071240 -0.066100 -0.134304 -1.521818 0.006947 1.155465 -0.146786 1.000000 
0.049538 -0.084690 -0.067130 -0.123147 -1.521777 0.003391 1.154282 -0.149171 1.000000 
0.048807 -0.097989 -0.068070 -0.111784 -1.521764 -0.000187 1.153077 -0.152162 1.000000 
0.047971 -0.111119 -0.068918 -0.100231 -1.521780 -0.003763 1.151845 -0.155785 1.000000 
0.047030 -0.124060 -0.069673 -0.088505 -1.521824 -0.007313 1.150582 -0.160077 1.000000 
0.045986 -0.136796 -0.070333 -0.076622 -1.521897 -0.010816 1.149282 -0.165082 1.000000 
0.044842 -0.149308 -0.070898 -0.064600 -1.521997 -0.014248 1.147939 -0.170854 1.000000 
0.043598 -0.161580 -0.071367 -0.052455 -1.522125 -0.017588 1.146546 -0.177459 1.000000 
0.042257 -0.173594 -0.071737 -0.040204 -1.522278 -0.020815 1.145097 -0.184978 1.000000 
0.040821 -0.185332 -0.072010 -0.027865 -1.522457 -0.023909 1.143584 -0.193502 1.000000 
0.039293 -0.196779 -0.072183 -0.015455 -1.522660 -0.026850 1.141998 -0.203140 1.000000 
0.037674 -0.207917 -0.072257 -0.002991 -1.522886 -0.029621 1.140330 -0.214019 1.000000 
0.035967 -0.218731 -0.072231 0.009509 -1.523134 -0.032206 1.138570 -0.226289 1.000000 
0.034175 -0.229203 -0.072105 0.022027 -1.523401 -0.034588 1.136706 -0.240123 1.000000 
0.032300 -0.239318 -0.071878 0.034545 -1.523687 -0.036753 1.134723 -0.255721 1.000000 
0.030347 -0.249060 -0.071552 0.047046 -1.523989 -0.038691 1.132609 -0.273317 1.000000 
0.028317 -0.258414 -0.071126 0.059510 -1.524305 -0.040389 1.130344 -0.293183 1.000000 
0.026213 -0.267365 -0.070600 0.071920 -1.524634 -0.041838 1.127911 -0.315633 1.000000 
0.024040 -0.275898 -0.069975 0.084258 -1.524974 -0.043033 1.125286 -0.341033 1.000000 
0.021800 -0.284000 -0.069252 0.096504 -1.525322 -0.043965 1.122445 -0.369802 1.000000 
0.019497 -0.291657 -0.068431 0.108641 -1.525677 -0.044634 1.119359 -0.402426 1.000000 
0.017135 -0.298856 -0.067514 0.120650 -1.526035 -0.045035 1.115995 -0.439459 1.000000 
0.014717 -0.305585 -0.066501 0.132514 -1.526396 -0.045170 1.112314 -0.481532 1.000000 
0.012247 -0.311832 -0.065394 0.144213 -1.526757 -0.045041 1.108275 -0.529357 1.000000 
0.009729 -0.317587 -0.064195 0.155731 -1.527116 -0.044651 1.103827 -0.583722 1.000000 
0.007166 -0.322841 -0.062903 0.167050 -1.527471 -0.044005 1.098916 -0.645492 1.000000 
0.004564 -0.327585 -0.061522 0.178153 -1.527820 -0.043113 1.093477 -0.715580 1.000000 
0.001927 -0.331810 -0.060053 0.189023 -1.528160 -0.041982 1.087442 -0.794924 1.000000 
-0.000743 -0.335512 -0.058499 0.199643 -1.528491 -0.040624 1.080731 -0.884418 1.000000 
-0.003440 -0.338685 -0.056860 0.209998 -1.528810 -0.039053 1.073262 -0.984833 1.000000 
-0.006161 -0.341326 -0.055139 0.220072 -1.529115 -0.037281 1.064944 -1.096686 1.000000 
-0.008900 -0.343433 -0.053339 0.229851 -1.529406 -0.035327 1.055684 -1.220073 1.000000 
-0.011654 -0.345007 -0.051463 0.239319 -1.529680 -0.033208 1.045393 -1.354451 1.000000 
-0.014419 -0.346050 -0.049511 0.248464 -1.529937 -0.030944 1.033987 -1.498406 1.000000 
-0.017190 -0.346568 -0.047488 0.257272 -1.530175 -0.028556 1.021400 -1.649408 1.000000 
-0.019962 -0.346568 -0.045396 0.265731 -1.530393 -0.026069 1.007588 -1.803637 1.000000 
-0.022733 -0.346059 -0.043237 0.273832 -1.530592 -0.023506 0.992546 -1.955937 1.000000 
-0.025498 -0.345056 -0.041016 0.281563 -1.530769 -0.020893 0.976315 -2.099983 1.000000 
-0.028253 -0.343574 -0.038733 0.288919 -1.530926 -0.018255 0.958988 -2.228727 1.000000 
-0.030994 -0.341632 -0.036394 0.295893 -1.531061 -0.015616 0.940715 -2.335101 1.000000 
-0.033718 -0.339249 -0.034000 0.302482 -1.531176 -0.013000 0.921702 -2.412892 1.000000 
-0.036421 -0.336446 -0.031555 0.308686 -1.531269 -0.010427 0.902197 -2.457614 1.000000 
-0.039100 -0.333247 -0.029062 0.314506 -1.531343 -0.007913 0.882475 -2.467146 1.000000 
-0.041752 -0.329674 -0.026524 0.319945 -1.531396 -0.005472 0.862816 -2.441994 1.000000 
-0.044374 -0.325747 -0.023944 0.325010 -1.531431 -0.003113 0.843487 -2.385096 1.000000 
-0.046963 -0.321488 -0.021325 0.329706 -1.531446 -0.000843 0.824726 -2.301264 1.000000 
-0.049517 -0.316916 -0.018670 0.334042 -1.531444 0.001337 0.806723 -2.196418 1.000000 
-0.052033 -0.312048 -0.015981 0.338026 -1.531425 0.003424 0.789623 -2.076807 1.000000 
-0.054509 -0.306900 -0.013262 0.341665 -1.531390 0.005419 0.773518 -1.948366 1.000000 
-0.056943 -0.301486 -0.010515 0.344968 -1.531339 0.007324 0.758458 -1.816273 1.000000 
-0.059332 -0.295821 -0.007744 0.347942 -1.531273 0.009140 0.744456 -1.684731 1.000000 
-0.061675 -0.289915 -0.004949 0.350595 -1.531193 0.010869 0.731493 -1.556920 1.000000 
-0.063970 -0.283780 -0.002135 0.352934 -1.531099 0.012514 0.719529 -1.435067 1.000000 
-0.066215 -0.277425 0.000697 0.354964 -1.530993 0.014075 0.708512 -1.320592 1.000000 
-0.068408 -0.270861 0.003544 0.356690 -1.530874 0.015555 0.698378 -1.214262 1.000000 
-0.070548 -0.264095 0.006403 0.358120 -1.530744 0.016953 0.689061 -1.116358 1.000000 
-0.072633 -0.257137 0.009273 0.359256 -1.530603 0.018271 0.680494 -1.026809 1.000000 
-0.074662 -0.249994 0.012151 0.360104 -1.530452 0.019508 0.672611 -0.945306 1.000000 
-0.076633 -0.242673 0.015034 0.360667 -1.530291 0.020666 0.665349 -0.871396 1.000000 
-0.078544 -0.235183 0.017920 0.360950 -1.530121 0.021743 0.658650 -0.804540 1.000000 
-0.080395 -0.227530 0.020808 0.360956 -1.529943 0.022741 0.652459 -0.744168 1.000000 
-0.082184 -0.219722 0.023695 0.360689 -1.529758 0.023657 0.646727 -0.689706 1.000000 
-0.083910 -0.211765 0.026579 0.360153 -1.529565 0.024493 0.641409 -0.640597 1.000000 
-0.085572 -0.203667 0.029457 0.359350 -1.529366 0.025248 0.636465 -0.596316 1.000000 
-0.087169 -0.195433 0.032327 0.358283 -1.529161 0.025921 0.631857 -0.556378 1.000000 
-0.088699 -0.187072 0.035189 0.356957 -1.528952 0.026512 0.627552 -0.520337 1.000000 
-0.090161 -0.178589 0.038038 0.355374 -1.528737 0.027021 0.623522 -0.487788 1.000000 
-0.091556 -0.169991 0.040874 0.353537 -1.528520 0.027447 0.619739 -0.458368 1.000000 
-0.092881 -0.161285 0.043694 0.351450 -1.528299 0.027792 0.616181 -0.431752 1.000000 
-0.094136 -0.152478 0.046496 0.349116 -1.528075 0.028054 0.612825 -0.407647 1.000000 
-0.095320 -0.143575 0.049279 0.346539 -1.527850 0.028234 0.609652 -0.385795 1.000000 
-0.096433 -0.134584 0.052040 0.343721 -1.527624 0.028333 0.606647 -0.365966 1.000000 
-0.097473 -0.125510 0.054778 0.340666 -1.527397 0.028351 0.603792 -0.347956 1.000000 
-0.098441 -0.116361 0.057490 0.337378 -1.527170 0.028288 0.601075 -0.331582 1.000000 
-0.099335 -0.107143 0.060176 0.333860 -1.526944 0.028146 0.598483 -0.316685 1.000000 
-0.100155 -0.097861 0.062832 0.330115 -1.526720 0.027925 0.596004 -0.303121 1.000000 
-0.100901 -0.088524 0.065457 0.326147 -1.526498 0.027627 0.593630 -0.290765 1.000000 
-0.101571 -0.079136 0.068049 0.321961 -1.526278 0.027252 0.591349 -0.279504 1.000000 
-0.102167 -0.069704 0.070608 0.317559 -1.526062 0.026802 0.589155 -0.269239 1.000000 
-0.102687 -0.060235 0.073130 0.312946 -1.525850 0.026280 0.587039 -0.259882 1.000000 
-0.103130 -0.050734 0.075614 0.308125 -1.525642 0.025686 0.584995 -0.251353 1.000000 
-0.103498 -0.041209 0.078059 0.303101 -1.525439 0.025022 0.583015 -0.243584 1.000000 
-0.103790 -0.031664 0.080463 0.297877 -1.525241 0.024291 0.581095 -0.236512 1.000000 
-0.104005 -0.022107 0.082825 0.292458 -1.525050 0.023495 0.579229 -0.230082 1.000000 
-0.104143 -0.012543 0.085142 0.286848 -1.524866 0.022636 0.577412 -0.224245 1.000000 
-0.104205 -0.002978 0.087414 0.281050 -1.524688 0.021716 0.575640 -0.218957 1.000000 
-0.104191 0.006581 0.089638 0.275070 -1.524518 0.020739 0.573908 -0.214180 1.000000 
-0.104100 0.016129 0.091814 0.268912 -1.524357 0.019707 0.572212 -0.209879 1.000000 
-0.103933 0.025660 0.093941 0.262580 -1.524203 0.018623 0.570548 -0.206024 1.000000 
-0.103690 0.035168 0.096015 0.256078 -1.524059 0.017490 0.568914 -0.202588 1.000000 
-0.103370 0.044647 0.098037 0.249412 -1.523924 0.016310 0.567306 -0.199546 1.000000 
-0.102975 0.054091 0.100005 0.242585 -1.523798 0.015088 0.565721 -0.196877 1.000000 
-0.102505 0.063495 0.101918 0.235602 -1.523682 0.013826 0.564155 -0.194565 1.000000 
-0.101960 0.072852 0.103775 0.228469 -1.523577 0.012529 0.562607 -0.192591 1.000000 
-0.101340 0.082158 0.105573 0.221189 -1.523482 0.011198 0.561073 -0.190943 1.000000 
-0.100645 0.091407 0.107313 0.213767 -1.523398 0.009838 0.559551 -0.189609 1.000000 
-0.099877 0.100594 0.108993 0.206210 -1.523325 0.008452 0.558038 -0.188578 1.000000 
-0.099036 0.109712 0.110612 0.198520 -1.523263 0.007045 0.556533 -0.187844 1.000000 
-0.098122 0.118757 0.112169 0.190703 -1.523212 0.005618 0.555032 -0.187398 1.000000 
-0.097136 0.127723 0.113663 0.182765 -1.523173 0.004177 0.553534 -0.187236 1.000000 
-0.096079 0.136605 0.115093 0.174710 -1.523145 0.002725 0.552035 -0.187355 1.000000 
-0.094951 0.145397 0.116458 0.166542 -1.523129 0.001266 0.550535 -0.187753 1.000000 
-0.093753 0.154096 0.117758 0.158269 -1.523125 -0.000197 0.549031 -0.188429 1.000000 
-0.092485 0.162695 0.118990 0.149893 -1.523132 -0.001660 0.547520 -0.189384 1.000000 
-0.091150 0.171190 0.120156 0.141421 -1.523151 -0.003120 0.546000 -0.190620 1.000000 
-0.089747 0.179575 0.121253 0.132858 -1.523182 -0.004572 0.544469 -0.192141 1.000000 
-0.088277 0.187846 0.122281 0.124209 -1.523224 -0.006013 0.542925 -0.193951 1.000000 
-0.086741 0.195998 0.123240 0.115479 -1.523278 -0.007439 0.541365 -0.196056 1.000000 
-0.085141 0.204027 0.124129 0.106673 -1.523343 -0.008847 0.539787 -0.198466 1.000000 
-0.083477 0.211927 0.124947 0.097798 -1.523420 -0.010234 0.538189 -0.201187 1.000000 
-0.081751 0.219694 0.125693 0.088857 -1.523507 -0.011595 0.536567 -0.204232 1.000000 
-0.079963 0.227324 0.126368 0.079857 -1.523605 -0.012928 0.534920 -0.207612 1.000000 
-0.078114 0.234812 0.126971 0.070803 -1.523714 -0.014230 0.533244 -0.211342 1.000000 
-0.076206 0.242154 0.127501 0.061701 -1.523833 -0.015496 0.531537 -0.215436 1.000000 
-0.074240 0.249346 0.127958 0.052555 -1.523962 -0.016725 0.529796 -0.219912 1.000000 
-0.072217 0.256383 0.128342 0.043372 -1.524100 -0.017913 0.528018 -0.224790 1.000000 
-0.070138 0.263261 0.128652 0.034156 -1.524248 -0.019057 0.526199 -0.230090 1.000000 
-0.068005 0.269976 0.128888 0.024914 -1.524405 -0.020155 0.524335 -0.235837 1.000000 
-0.065819 0.276525 0.129050 0.015651 -1.524571 -0.021204 0.522424 -0.242056 1.000000 
-0.063581 0.282903 0.129138 0.006372 -1.524744 -0.022202 0.520461 -0.248775 1.000000 
-0.061293 0.289108 0.129152 -0.002917 -1.524926 -0.023146 0.518442 -0.256026 1.000000 
-0.058956 0.295134 0.129092 -0.012210 -1.525114 -0.024034 0.516363 -0.263841 1.000000 
-0.056571 0.300979 0.128957 -0.021503 -1.525310 -0.024864 0.514219 -0.272259 1.000000 
-0.054141 0.306640 0.128748 -0.030789 -1.525512 -0.025634 0.512005 -0.281317 1.000000 
-0.051666 0.312112 0.128464 -0.040063 -1.525720 -0.026343 0.509716 -0.291061 1.000000 
-0.049147 0.317393 0.128107 -0.049319 -1.525933 -0.026989 0.507346 -0.301536 1.000000 
-0.046588 0.322480 0.127675 -0.058552 -1.526152 -0.027570 0.504890 -0.312793 1.000000 
-0.043988 0.327370 0.127170 -0.067756 -1.526374 -0.028087 0.502339 -0.324886 1.000000 
-0.041350 0.332059 0.126591 -0.076926 -1.526601 -0.028536 0.499689 -0.337874 1.000000 
-0.038676 0.336546 0.125939 -0.086057 -1.526831 -0.028919 0.496931 -0.351819 1.000000 
-0.035966 0.340827 0.125214 -0.095142 -1.527063 -0.029233 0.494057 -0.366788 1.000000 
-0.033223 0.344901 0.124417 -0.104177 -1.527298 -0.029479 0.491059 -0.382853 1.000000 
-0.030448 0.348764 0.123548 -0.113155 -1.527535 -0.029656 0.487928 -0.400088 1.000000 
-0.027644 0.352416 0.122607 -0.122073 -1.527773 -0.029764 0.484655 -0.418574 1.000000 
-0.024810 0.355852 0.121595 -0.130924 -1.528011 -0.029804 0.481228 -0.438393 1.000000 
-0.021950 0.359073 0.120512 -0.139703 -1.528249 -0.029775 0.477636 -0.459632 1.000000 
-0.019066 0.362076 0.119360 -0.148405 -1.528487 -0.029679 0.473869 -0.482380 1.000000 
-0.016158 0.364859 0.118138 -0.157025 -1.528724 -0.029515 0.469914 -0.506727 1.000000 
-0.013229 0.367422 0.116848 -0.165558 -1.528959 -0.029284 0.465757 -0.532764 1.000000 
-0.010280 0.369762 0.115489 -0.173998 -1.529192 -0.028988 0.461385 -0.560581 1.000000 
-0.007313 0.371879 0.114064 -0.182341 -1.529423 -0.028628 0.456783 -0.590263 1.000000 
-0.004330 0.373772 0.112572 -0.190583 -1.529650 -0.028204 0.451936 -0.621890 1.000000 
-0.001333 0.375441 0.111015 -0.198717 -1.529874 -0.027720 0.446827 -0.655531 1.000000 
0.001676 0.376884 0.109393 -0.206740 -1.530094 -0.027175 0.441442 -0.691243 1.000000 
0.004696 0.378102 0.107707 -0.214648 -1.530309 -0.026573 0.435762 -0.729062 1.000000 
0.007725 0.379093 0.105959 -0.222434 -1.530519 -0.025915 0.429771 -0.769003 1.000000 
0.010761 0.379860 0.104149 -0.230097 -1.530723 -0.025203 0.423452 -0.811048 1.000000 
0.013802 0.380400 0.102278 -0.237630 -1.530922 -0.024440 0.416789 -0.855143 1.000000 
0.016847 0.380716 0.100347 -0.245029 -1.531114 -0.023627 0.409765 -0.901190 1.000000 
0.019893 0.380808 0.098358 -0.252292 -1.531300 -0.022769 0.402365 -0.949037 1.000000 
0.022939 0.380676 0.096311 -0.259414 -1.531478 -0.021867 0.394576 -0.998471 1.000000 
0.025983 0.380321 0.094207 -0.266391 -1.531649 -0.020924 0.386386 -1.049213 1.000000 
0.029024 0.379746 0.092049 -0.273220 -1.531813 -0.019943 0.377786 -1.100911 1.000000 
0.032059 0.378951 0.089836 -0.279898 -1.531968 -0.018927 0.368770 -1.153135 1.000000 
0.035087 0.377939 0.087571 -0.286420 -1.532116 -0.017879 0.359336 -1.205374 1.000000 
0.038105 0.376711 0.085254 -0.292784 -1.532254 -0.016803 0.349486 -1.257046 1.000000 
0.041113 0.375270 0.082887 -0.298988 -1.532384 -0.015702 0.339226 -1.307496 1.000000 
0.044109 0.373617 0.080471 -0.305028 -1.532506 -0.014578 0.328571 -1.356013 1.000000 
0.047091 0.371756 0.078007 -0.310901 -1.532618 -0.013435 0.317537 -1.401847 1.000000 
0.050057 0.369690 0.075497 -0.316606 -1.532720 -0.012277 0.306150 -1.444229 1.000000 
0.053005 0.367422 0.072941 -0.322140 -1.532814 -0.011107 0.294441 -1.482401 1.000000 
0.055935 0.364954 0.070343 -0.327501 -1.532898 -0.009927 0.282445 -1.515645 1.000000 
0.058844 0.362290 0.067702 -0.332688 -1.532973 -0.008742 0.270205 -1.543309 1.000000 
0.061731 0.359435 0.065020 -0.337699 -1.533038 -0.007553 0.257769 -1.564846 1.000000 
0.064594 0.356391 0.062299 -0.342532 -1.533094 -0.006365 0.245185 -1.579833 1.000000 
0.067433 0.353162 0.059540 -0.347187 -1.533140 -0.005180 0.232509 -1.587995 1.000000 
0.070244 0.349753 0.056745 -0.351662 -1.533177 -0.004000 0.219796 -1.589214 1.000000 
0.073028 0.346168 0.053914 -0.355957 -1.533204 -0.002828 0.207100 -1.583541 1.000000 
0.075783 0.342409 0.051050 -0.360071 -1.533222 -0.001667 0.194477 -1.571183 1.000000 
0.078506 0.338482 0.048153 -0.364004 -1.533231 -0.000518 0.181978 -1.552494 1.000000 
0.081198 0.334391 0.045226 -0.367755 -1.533230 0.000616 0.169653 -1.527954 1.000000 
0.083856 0.330139 0.042270 -0.371325 -1.533221 0.001733 0.157545 -1.498144 1.000000 
0.086480 0.325731 0.039286 -0.374712 -1.533202 0.002833 0.145695 -1.463716 1.000000 
0.089068 0.321171 0.036275 -0.377919 -1.533175 0.003913 0.134136 -1.425367 1.000000 
0.091618 0.316462 0.033239 -0.380944 -1.533140 0.004971 0.122898 -1.383808 1.000000 
0.094131 0.311608 0.030180 -0.383788 -1.533096 0.006007 0.112002 -1.339742 1.000000 
0.096603 0.306614 0.027099 -0.386452 -1.533044 0.007020 0.101467 -1.293843 1.000000 
0.099036 0.301482 0.023998 -0.388936 -1.532984 0.008007 0.091304 -1.246740 1.000000 
0.101427 0.296218 0.020877 -0.391240 -1.532916 0.008969 0.081520 -1.199003 1.000000 
0.103775 0.290824 0.017738 -0.393365 -1.532840 0.009905 0.072120 -1.151140 1.000000 
0.106080 0.285303 0.014583 -0.395312 -1.532757 0.010812 0.063101 -1.103591 1.000000 
0.108340 0.279661 0.011414 -0.397081 -1.532667 0.011691 0.054461 -1.056728 1.000000 
0.110554 0.273899 0.008231 -0.398673 -1.532570 0.012541 0.046191 -1.010860 1.000000 
0.112722 0.268022 0.005035 -0.400088 -1.532467 0.013361 0.038284 -0.966232 1.000000 
0.114842 0.262032 0.001830 -0.401328 -1.532357 0.014151 0.030727 -0.923037 1.000000 
0.116914 0.255934 -0.001385 -0.402392 -1.532240 0.014909 0.023511 -0.881417 1.000000 
0.118937 0.249730 -0.004608 -0.403283 -1.532118 0.015635 0.016620 -0.841471 1.000000 
0.120909 0.243425 -0.007837 -0.404000 -1.531990 0.016328 0.010043 -0.803262 1.000000 
0.122831 0.237020 -0.011072 -0.404544 -1.531857 0.016988 0.003763 -0.766820 1.000000 
0.124698 0.229830 -0.014307 -0.403807 -1.531679 0.027445 0.003684 0.727369 -1.000000 
0.126512 0.223448 -0.017530 -0.401953 -1.531457 0.028030 0.009335 0.685790 -1.000000 
0.128273 0.216977 -0.020738 -0.399929 -1.531231 0.028571 0.014665 0.647030 -1.000000 
0.129983 0.210418 -0.023929 -0.397735 -1.531000 0.029067 0.019695 0.610929 -1.000000 
0.131640 0.203775 -0.027101 -0.395374 -1.530766 0.029518 0.024446 0.577329 -1.000000 
0.133243 0.197050 -0.030254 -0.392844 -1.530528 0.029922 0.028938 0.546070 -1.000000 
0.134792 0.190246 -0.033386 -0.390148 -1.530287 0.030278 0.033189 0.516998 -1.000000 
0.136287 0.183365 -0.036496 -0.387285 -1.530044 0.030585 0.037216 0.489965 -1.000000 
0.137726 0.176411 -0.039583 -0.384258 -1.529798 0.030843 0.041034 0.464828 -1.000000 
0.139109 0.169387 -0.042644 -0.381067 -1.529551 0.031051 0.044658 0.441455 -1.000000 
0.140436 0.162295 -0.045679 -0.377714 -1.529302 0.031208 0.048101 0.419716 -1.000000 
0.141706 0.155138 -0.048687 -0.374200 -1.529051 0.031314 0.051377 0.399495 -1.000000 
0.142918 0.147919 -0.051666 -0.370527 -1.528801 0.031369 0.054497 0.380680 -1.000000 
0.144072 0.140642 -0.054615 -0.366695 -1.528550 0.031372 0.057471 0.363168 -1.000000 
0.145168 0.133309 -0.057533 -0.362707 -1.528299 0.031323 0.060311 0.346862 -1.000000 
0.146205 0.125923 -0.060418 -0.358564 -1.528049 0.031221 0.063024 0.331675 -1.000000 
0.147183 0.118488 -0.063269 -0.354268 -1.527799 0.031068 0.065620 0.317524 -1.000000 
0.148101 0.111007 -0.066086 -0.349821 -1.527552 0.030863 0.068107 0.304332 -1.000000 
0.148959 0.103482 -0.068866 -0.345224 -1.527306 0.030606 0.070492 0.292032 -1.000000 
0.149756 0.095917 -0.071609 -0.340479 -1.527062 0.030298 0.072782 0.280557 -1.000000 
0.150493 0.088316 -0.074313 -0.335589 -1.526821 0.029938 0.074983 0.269848 -1.000000 
0.151169 0.080681 -0.076978 -0.330556 -1.526583 0.029529 0.077101 0.259852 -1.000000 
0.151784 0.073015 -0.079602 -0.325381 -1.526349 0.029069 0.079142 0.250518 -1.000000 
0.152338 0.065323 -0.082184 -0.320068 -1.526118 0.028560 0.081111 0.241800 -1.000000 
0.152829 0.057606 -0.084723 -0.314617 -1.525892 0.028002 0.083013 0.233655 -1.000000 
0.153259 0.049869 -0.087217 -0.309032 -1.525670 0.027397 0.084851 0.226044 -1.000000 
0.153627 0.042114 -0.089667 -0.303314 -1.525454 0.026745 0.086631 0.218932 -1.000000 
0.153933 0.034345 -0.092070 -0.297467 -1.525243 0.026048 0.088355 0.212287 -1.000000 
0.154177 0.026566 -0.094426 -0.291492 -1.525037 0.025306 0.090028 0.206077 -1.000000 
0.154358 0.018778 -0.096733 -0.285392 -1.524838 0.024521 0.091654 0.200275 -1.000000 
0.154477 0.010986 -0.098992 -0.279171 -1.524645 0.023694 0.093234 0.194856 -1.000000 
0.154534 0.003194 -0.101200 -0.272829 -1.524459 0.022826 0.094772 0.189797 -1.000000 
0.154528 -0.004597 -0.103357 -0.266371 -1.524280 0.021919 0.096272 0.185075 -1.000000 
0.154460 -0.012382 -0.105462 -0.259798 -1.524108 0.020974 0.097734 0.180672 -1.000000 
0.154330 -0.020159 -0.107513 -0.253114 -1.523944 0.019993 0.099163 0.176570 -1.000000 
0.154138 -0.027923 -0.109511 -0.246321 -1.523788 0.018978 0.100560 0.172751 -1.000000 
0.153883 -0.035672 -0.111454 -0.239422 -1.523641 0.017930 0.101928 0.169201 -1.000000 
0.153567 -0.043403 -0.113342 -0.232420 -1.523502 0.016851 0.103268 0.165907 -1.000000 
0.153189 -0.051112 -0.115173 -0.225317 -1.523371 0.015744 0.104583 0.162855 -1.000000 
0.152749 -0.058796 -0.116946 -0.218118 -1.523250 0.014608 0.105874 0.160034 -1.000000 
0.152248 -0.066452 -0.118662 -0.210824 -1.523138 0.013448 0.107144 0.157434 -1.000000 
0.151686 -0.074077 -0.120319 -0.203439 -1.523035 0.012264 0.108394 0.155045 -1.000000 
0.151063 -0.081667 -0.121917 -0.195967 -1.522941 0.011059 0.109625 0.152859 -1.000000 
0.150380 -0.089220 -0.123455 -0.188409 -1.522858 0.009835 0.110840 0.150869 -1.000000 
0.149636 -0.096731 -0.124931 -0.180769 -1.522784 0.008594 0.112040 0.149067 -1.000000 
0.148832 -0.104199 -0.126347 -0.173050 -1.522720 0.007338 0.113226 0.147448 -1.000000 
0.147969 -0.111619 -0.127700 -0.165256 -1.522667 0.006070 0.114399 0.146005 -1.000000 
0.147046 -0.118989 -0.128991 -0.157389 -1.522623 0.004790 0.115562 0.144736 -1.000000 
0.146065 -0.126306 -0.130218 -0.149453 -1.522590 0.003503 0.116716 0.143635 -1.000000 
0.145026 -0.133566 -0.131382 -0.141452 -1.522567 0.002210 0.117861 0.142699 -1.000000 
0.143928 -0.140767 -0.132481 -0.133387 -1.522555 0.000912 0.118999 0.141927 -1.000000 
0.142773 -0.147905 -0.133516 -0.125264 -1.522553 -0.000386 0.120132 0.141315 -1.000000 
0.141562 -0.154977 -0.134485 -0.117085 -1.522561 -0.001684 0.121261 0.140863 -1.000000 
0.140294 -0.161981 -0.135389 -0.108853 -1.522580 -0.002979 0.122386 0.140570 -1.000000 
0.138970 -0.168913 -0.136227 -0.100572 -1.522608 -0.004268 0.123510 0.140435 -1.000000 
0.137592 -0.175770 -0.136998 -0.092246 -1.522648 -0.005550 0.124634 0.140460 -1.000000 
0.136158 -0.182550 -0.137702 -0.083877 -1.522697 -0.006822 0.125758 0.140646 -1.000000 
0.134671 -0.189249 -0.138340 -0.075470 -1.522757 -0.008082 0.126884 0.140993 -1.000000 
0.133131 -0.195864 -0.138910 -0.067027 -1.522827 -0.009327 0.128014 0.141506 -1.000000 
0.131537 -0.202394 -0.139412 -0.058553 -1.522906 -0.010555 0.129149 0.142187 -1.000000 
0.129892 -0.208834 -0.139847 -0.050051 -1.522995 -0.011765 0.130290 0.143040 -1.000000 
0.128196 -0.215182 -0.140213 -0.041524 -1.523094 -0.012953 0.131438 0.144069 -1.000000 
0.126450 -0.221435 -0.140511 -0.032976 -1.523203 -0.014119 0.132595 0.145281 -1.000000 
0.124654 -0.227590 -0.140740 -0.024410 -1.523320 -0.015259 0.133763 0.146681 -1.000000 
0.122809 -0.233645 -0.140901 -0.015831 -1.523447 -0.016372 0.134943 0.148277 -1.000000 
0.120916 -0.239597 -0.140994 -0.007242 -1.523582 -0.017455 0.136136 0.150078 -1.000000 
0.118975 -0.245443 -0.141017 0.001354 -1.523726 -0.018507 0.137345 0.152092 -1.000000 
0.116989 -0.251181 -0.140972 0.009952 -1.523878 -0.019526 0.138570 0.154331 -1.000000 
0.114957 -0.256807 -0.140858 0.018550 -1.524038 -0.020510 0.139815 0.156805 -1.000000 
0.112880 -0.262319 -0.140675 0.027143 -1.524206 -0.021456 0.141080 0.159529 -1.000000 
0.110760 -0.267715 -0.140424 0.035728 -1.524381 -0.022364 0.142368 0.162517 -1.000000 
0.108597 -0.272992 -0.140104 0.044301 -1.524564 -0.023232 0.143681 0.165786 -1.000000 
0.106392 -0.278148 -0.139715 0.052858 -1.524753 -0.024057 0.145021 0.169353 -1.000000 
0.104147 -0.283179 -0.139258 0.061395 -1.524949 -0.024839 0.146391 0.173239 -1.000000 
0.101862 -0.288084 -0.138733 0.069909 -1.525150 -0.025576 0.147794 0.177467 -1.000000 
0.099538 -0.292860 -0.138140 0.078396 -1.525358 -0.026266 0.149232 0.182062 -1.000000 
0.097176 -0.297505 -0.137479 0.086853 -1.525570 -0.026908 0.150708 0.187052 -1.000000 
0.094778 -0.302016 -0.136750 0.095274 -1.525788 -0.027501 0.152226 0.192467 -1.000000 
0.092345 -0.306392 -0.135954 0.103657 -1.526010 -0.028044 0.153789 0.198343 -1.000000 
0.089876 -0.310629 -0.135092 0.111998 -1.526237 -0.028535 0.155401 0.204718 -1.000000 
0.087375 -0.314725 -0.134162 0.120293 -1.526467 -0.028973 0.157066 0.211634 -1.000000 
0.084841 -0.318680 -0.133167 0.128538 -1.526700 -0.029359 0.158788 0.219140 -1.000000 
0.082276 -0.322489 -0.132106 0.136730 -1.526936 -0.029690 0.160573 0.227288 -1.000000 
0.079682 -0.326151 -0.130979 0.144864 -1.527175 -0.029966 0.162427 0.236140 -1.000000 
0.077058 -0.329664 -0.129788 0.152937 -1.527416 -0.030186 0.164354 0.245761 -1.000000 
0.074407 -0.333027 -0.128533 0.160944 -1.527658 -0.030349 0.166361 0.256226 -1.000000 
0.071730 -0.336236 -0.127213 0.168883 -1.527901 -0.030456 0.168456 0.267620 -1.000000 
0.069028 -0.339290 -0.125831 0.176749 -1.528145 -0.030506 0.170646 0.280038 -1.000000 
0.066302 -0.342188 -0.124386 0.184539 -1.528389 -0.030498 0.172939 0.293584 -1.000000 
0.063554 -0.344926 -0.122878 0.192249 -1.528633 -0.030432 0.175346 0.308380 -1.000000 
0.060784 -0.347504 -0.121310 0.199874 -1.528876 -0.030308 0.177877 0.324560 -1.000000 
0.057994 -0.349920 -0.119681 0.207412 -1.529117 -0.030126 0.180544 0.342277 -1.000000 
0.055185 -0.352171 -0.117991 0.214858 -1.529358 -0.029886 0.183358 0.361703 -1.000000 
0.052360 -0.354257 -0.116243 0.222208 -1.529596 -0.029588 0.186336 0.383033 -1.000000 
0.049518 -0.356175 -0.114436 0.229460 -1.529831 -0.029232 0.189492 0.406489 -1.000000 
0.046661 -0.357923 -0.112572 0.236608 -1.530063 -0.028818 0.192846 0.432320 -1.000000 
0.043791 -0.359501 -0.110651 0.243650 -1.530292 -0.028347 0.196417 0.460810 -1.000000 
0.040910 -0.360906 -0.108674 0.250582 -1.530516 -0.027818 0.200227 0.492281 -1.000000 
0.038017 -0.362138 -0.106642 0.257400 -1.530737 -0.027234 0.204302 0.527096 -1.000000 
0.035116 -0.363193 -0.104556 0.264100 -1.530952 -0.026593 0.208670 0.565669 -1.000000 
0.032207 -0.364071 -0.102417 0.270678 -1.531162 -0.025896 0.213364 0.608464 -1.000000 
0.029291 -0.364771 -0.100225 0.277131 -1.531366 -0.025144 0.218419 0.656007 -1.000000 
0.026371 -0.365290 -0.097983 0.283455 -1.531564 -0.024337 0.223874 0.708887 -1.000000 
0.023447 -0.365626 -0.095690 0.289646 -1.531755 -0.023476 0.229777 0.767760 -1.000000 
0.020521 -0.365779 -0.093349 0.295700 -1.531940 -0.022562 0.236176 0.833358 -1.000000 
0.017595 -0.365747 -0.090960 0.301614 -1.532116 -0.021594 0.243130 0.906479 -1.000000 
0.014670 -0.365527 -0.088523 0.307384 -1.532285 -0.020573 0.250702 0.987990 -1.000000 
0.011747 -0.365118 -0.086042 0.313005 -1.532445 -0.019499 0.258963 1.078810 -1.000000 
0.008829 -0.364518 -0.083516 0.318474 -1.532597 -0.018374 0.267991 1.179890 -1.000000 
0.005915 -0.363724 -0.080947 0.323786 -1.532739 -0.017195 0.277871 1.292168 -1.000000 
0.003010 -0.362735 -0.078336 0.328938 -1.532872 -0.015964 0.288698 1.416514 -1.000000 
0.000112 -0.361548 -0.075684 0.333924 -1.532994 -0.014680 0.300570 1.553638 -1.000000 
-0.002775 -0.360159 -0.072993 0.338740 -1.533107 -0.013342 0.313591 1.703964 -1.000000 
-0.005650 -0.358566 -0.070265 0.343381 -1.533208 -0.011949 0.327868 1.867463 -1.000000 
-0.008511 -0.356766 -0.067500 0.347841 -1.533298 -0.010500 0.343504 2.043435 -1.000000 
-0.011357 -0.354754 -0.064700 0.352115 -1.533376 -0.008993 0.360592 2.230251 -1.000000 
-0.014187 -0.352526 -0.061866 0.356196 -1.533441 -0.007426 0.379209 2.425072 -1.000000 
-0.016997 -0.350079 -0.059001 0.360077 -1.533494 -0.005796 0.399403 2.623577 -1.000000 
-0.019787 -0.347406 -0.056106 0.363749 -1.533534 -0.004101 0.421181 2.819773 -1.000000 
-0.022555 -0.344503 -0.053182 0.367205 -1.533560 -0.002339 0.444493 3.005974 -1.000000 
-0.025299 -0.341365 -0.050231 0.370435 -1.533571 -0.000508 0.469225 3.173055 -1.000000 
-0.028016 -0.337985 -0.047255 0.373427 -1.533568 0.001393 0.495184 3.311074 -1.000000 
-0.030706 -0.334359 -0.044257 0.376170 -1.533549 0.003363 0.522099 3.410271 -1.000000 
-0.033365 -0.330482 -0.041237 0.378652 -1.533514 0.005401 0.549623 3.462361 -1.000000 
-0.035993 -0.326349 -0.038199 0.380858 -1.533462 0.007501 0.577356 3.461866 -1.000000 
-0.038586 -0.321957 -0.035144 0.382776 -1.533394 0.009657 0.604868 3.407173 -1.000000 
-0.041144 -0.317305 -0.032076 0.384391 -1.533308 0.011857 0.631733 3.300977 -1.000000 
-0.043662 -0.312390 -0.028995 0.385690 -1.533204 0.014091 0.657564 3.149948 -1.000000 
-0.046141 -0.307215 -0.025905 0.386661 -1.533082 0.016344 0.682038 2.963704 -1.000000 
-0.048577 -0.301779 -0.022809 0.387293 -1.532942 0.018601 0.704919 2.753359 -1.000000 
-0.050969 -0.296085 -0.019710 0.387576 -1.532784 0.020847 0.726057 2.530044 -1.000000 
-0.053314 -0.290137 -0.016609 0.387501 -1.532609 0.023065 0.745392 2.303716 -1.000000 
-0.055610 -0.283939 -0.013511 0.387064 -1.532415 0.025242 0.762931 2.082423 -1.000000 
-0.057856 -0.277495 -0.010417 0.386259 -1.532205 0.027364 0.778740 1.872044 -1.000000 
-0.060050 -0.270810 -0.007331 0.385081 -1.531978 0.029416 0.792923 1.676384 -1.000000 
-0.062189 -0.263888 -0.004257 0.383531 -1.531735 0.031388 0.805607 1.497487 -1.000000 
-0.064271 -0.256736 -0.001196 0.381605 -1.531476 0.033267 0.816929 1.336038 -1.000000 
-0.066296 -0.249359 0.001848 0.379305 -1.531203 0.035043 0.827029 1.191758 -1.000000 
-0.068260 -0.241764 0.004872 0.376630 -1.530915 0.036707 0.836041 1.063743 -1.000000 
-0.070163 -0.233956 0.007873 0.373584 -1.530616 0.038250 0.844089 0.950735 -1.000000 
-0.072003 -0.225942 0.010848 0.370168 -1.530304 0.039663 0.851289 0.851309 -1.000000 
-0.073778 -0.217729 0.013795 0.366385 -1.529981 0.040938 0.857742 0.764009 -1.000000 
-0.075486 -0.209325 0.016709 0.362238 -1.529649 0.042069 0.863541 0.687430 -1.000000 
-0.077127 -0.200737 0.019590 0.357732 -1.529309 0.043050 0.868766 0.620262 -1.000000 
-0.078698 -0.191973 0.022432 0.352872 -1.528961 0.043874 0.873487 0.561319 -1.000000 
-0.080198 -0.183041 0.025235 0.347662 -1.528607 0.044537 0.877766 0.509539 -1.000000 
-0.081626 -0.173950 0.027994 0.342108 -1.528249 0.045035 0.881657 0.463990 -1.000000 
-0.082981 -0.164708 0.030707 0.336216 -1.527887 0.045365 0.885205 0.423855 -1.000000 
-0.084261 -0.155324 0.033372 0.329992 -1.527523 0.045523 0.888451 0.388425 -1.000000 
-0.085465 -0.145808 0.035986 0.323443 -1.527159 0.045509 0.891430 0.357088 -1.000000 
-0.086593 -0.136167 0.038547 0.316576 -1.526796 0.045321 0.894174 0.329314 -1.000000 
-0.087644 -0.126412 0.041051 0.309398 -1.526434 0.044959 0.896708 0.304647 -1.000000 
-0.088616 -0.116552 0.043496 0.301917 -1.526077 0.044423 0.899055 0.282696 -1.000000 
-0.089508 -0.106597 0.045881 0.294140 -1.525724 0.043715 0.901237 0.263123 -1.000000 
-0.090321 -0.096556 0.048202 0.286076 -1.525378 0.042836 0.903271 0.245635 -1.000000 
-0.091053 -0.086438 0.050457 0.277733 -1.525039 0.041791 0.905172 0.229984 -1.000000 
-0.091704 -0.076254 0.052645 0.269120 -1.524710 0.040581 0.906955 0.215951 -1.000000 
-0.092273 -0.066013 0.054762 0.260245 -1.524390 0.039212 0.908631 0.203351 -1.000000 
-0.092760 -0.055724 0.056808 0.251118 -1.524083 0.037688 0.910212 0.192020 -1.000000 
-0.093164 -0.045398 0.058780 0.241747 -1.523788 0.036015 0.911707 0.181820 -1.000000 
-0.093486 -0.035044 0.060675 0.232142 -1.523507 0.034199 0.913124 0.172627 -1.000000 
-0.093725 -0.024671 0.062493 0.222312 -1.523241 0.032247 0.914471 0.164336 -1.000000 
-0.093881 -0.014290 0.064232 0.212267 -1.522991 0.030166 0.915755 0.156855 -1.000000 
-0.093954 -0.003909 0.065889 0.202015 -1.522759 0.027966 0.916983 0.150104 -1.000000 
-0.093944 0.006461 0.067463 0.191568 -1.522544 0.025653 0.918159 0.144013 -1.000000 
-0.093850 0.016811 0.068954 0.180935 -1.522348 0.023238 0.919288 0.138522 -1.000000 
-0.093675 0.027132 0.070358 0.170125 -1.522172 0.020729 0.920376 0.133576 -1.000000 
-0.093416 0.037415 0.071675 0.159149 -1.522017 0.018137 0.921427 0.129129 -1.000000 
-0.093076 0.047649 0.072904 0.148016 -1.521882 0.015471 0.922444 0.125143 -1.000000 
-0.092654 0.057827 0.074043 0.136738 -1.521770 0.012744 0.923430 0.121580 -1.000000 
-0.092151 0.067938 0.075091 0.125324 -1.521679 0.009964 0.924390 0.118413 -1.000000 
-0.091567 0.077974 0.076048 0.113784 -1.521610 0.007145 0.925326 0.115614 -1.000000 
-0.090904 0.087925 0.076912 0.102129 -1.521564 0.004296 0.926241 0.113161 -1.000000 
-0.090161 0.097783 0.077682 0.090369 -1.521542 0.001429 0.927137 0.111037 -1.000000 
-0.089339 0.107538 0.078357 0.078515 -1.521542 -0.001443 0.928018 0.109226 -1.000000 
-0.088441 0.117182 0.078938 0.066578 -1.521565 -0.004309 0.928886 0.107715 -1.000000 
-0.087465 0.126705 0.079422 0.054568 -1.521610 -0.007158 0.929742 0.106497 -1.000000 
-0.086414 0.136099 0.079811 0.042496 -1.521679 -0.009978 0.930591 0.105564 -1.000000 
-0.085288 0.145355 0.080102 0.030373 -1.521770 -0.012757 0.931432 0.104912 -1.000000 
-0.084088 0.154464 0.080296 0.018209 -1.521883 -0.015484 0.932270 0.104542 -1.000000 
-0.082817 0.163418 0.080393 0.006017 -1.522018 -0.018147 0.933106 0.104455 -1.000000 
-0.081474 0.172206 0.080393 -0.006193 -1.522173 -0.020736 0.933942 0.104656 -1.000000 
-0.080062 0.180822 0.080294 -0.018410 -1.522349 -0.023239 0.934781 0.105153 -1.000000 
-0.078581 0.189257 0.080098 -0.030621 -1.522545 -0.025645 0.935625 0.105959 -1.000000 
-0.077034 0.197500 0.079804 -0.042817 -1.522759 -0.027946 0.936477 0.107089 -1.000000 
-0.075422 0.205545 0.079413 -0.054984 -1.522992 -0.030130 0.937340 0.108562 -1.000000 
-0.073746 0.213383 0.078925 -0.067112 -1.523241 -0.032188 0.938215 0.110404 -1.000000 
-0.072008 0.221005 0.078340 -0.079188 -1.523506 -0.034113 0.939107 0.112646 -1.000000 
-0.070211 0.228402 0.077658 -0.091201 -1.523786 -0.035894 0.940019 0.115324 -1.000000 
-0.068355 0.235567 0.076880 -0.103138 -1.524080 -0.037524 0.940954 0.118484 -1.000000 
-0.066442 0.242491 0.076008 -0.114988 -1.524386 -0.038996 0.941916 0.122180 -1.000000 
-0.064475 0.249166 0.075041 -0.126738 -1.524704 -0.040302 0.942910 0.126478 -1.000000 
-0.062456 0.255583 0.073980 -0.138375 -1.525031 -0.041438 0.943941 0.131458 -1.000000 
-0.060387 0.261735 0.072827 -0.149888 -1.525366 -0.042397 0.945015 0.137215 -1.000000 
-0.058269 0.267614 0.071583 -0.161264 -1.525709 -0.043174 0.946139 0.143868 -1.000000 
-0.056106 0.273211 0.070247 -0.172490 -1.526056 -0.043766 0.947320 0.151560 -1.000000 
-0.053899 0.278520 0.068823 -0.183554 -1.526408 -0.044169 0.948567 0.160466 -1.000000 
-0.051650 0.283532 0.067311 -0.194444 -1.526763 -0.044380 0.949891 0.170804 -1.000000 
-0.049363 0.288239 0.065713 -0.205146 -1.527118 -0.044396 0.951305 0.182844 -1.000000 
-0.047039 0.292635 0.064029 -0.215648 -1.527472 -0.044218 0.952822 0.196925 -1.000000 
-0.044682 0.296712 0.062263 -0.225938 -1.527825 -0.043844 0.954462 0.213474 -1.000000 
-0.042293 0.300463 0.060415 -0.236003 -1.528173 -0.043274 0.956246 0.233039 -1.000000 
-0.039875 0.303881 0.058487 -0.245830 -1.528517 -0.042508 0.958201 0.256321 -1.000000 
-0.037431 0.306958 0.056482 -0.255407 -1.528853 -0.041549 0.960359 0.284237 -1.000000 
-0.034965 0.309687 0.054402 -0.264722 -1.529181 -0.040397 0.962764 0.317991 -1.000000 
-0.032477 0.312062 0.052247 -0.273762 -1.529499 -0.039055 0.965467 0.359191 -1.000000 
-0.029973 0.314075 0.050022 -0.282515 -1.529805 -0.037525 0.968537 0.410007 -1.000000 
-0.027453 0.315718 0.047728 -0.290970 -1.530099 -0.035809 0.972061 0.473417 -1.000000 
-0.024922 0.316983 0.045367 -0.299115 -1.530378 -0.033910 0.976156 0.553567 -1.000000 
-0.022382 0.317861 0.042943 -0.306937 -1.530641 -0.031829 0.980978 0.656321 -1.000000 
-0.019837 0.318343 0.040457 -0.314426 -1.530887 -0.029565 0.986739 0.790125 -1.000000 
-0.017290 0.318416 0.037913 -0.321569 -1.531113 -0.027116 0.993735 0.967343 -1.000000 
-0.014744 0.318064 0.035313 -0.328357 -1.531320 -0.024473 1.002381 1.206389 -1.000000 
-0.012202 0.317268 0.032660 -0.334778 -1.531504 -0.021621 1.013275 1.535061 -1.000000 
-0.009669 0.315999 0.029958 -0.340819 -1.531665 -0.018527 1.027292 1.995632 -1.000000 
-0.007148 0.314217 0.027208 -0.346470 -1.531800 -0.015132 1.045724 2.651862 -1.000000 
-0.004643 0.311854 0.024415 -0.351716 -1.531906 -0.011317 1.070486 3.595631 -1.000000 
-0.002160 0.308797 0.021582 -0.356537 -1.531979 -0.006843 1.104327 4.940802 -1.000000 
0.000295 0.304837 0.018712 -0.360895 -1.532013 -0.001188 1.150821 6.759066 -1.000000 
0.002714 0.299539 0.015809 -0.364694 -1.531992 0.006858 1.213250 8.843380 -1.000000 
0.005082 0.291895 0.012879 -0.367610 -1.531889 0.020212 1.290555 10.233925 -1.000000 
0.007372 0.279428 0.009933 -0.368369 -1.531638 0.045242 1.370740 9.336385 -1.000000 
0.009526 0.257015 0.007003 -0.362326 -1.531111 0.090237 1.433651 6.193313 -1.000000 
0.011445 0.220531 0.004180 -0.339657 -1.530151 0.150487 1.470357 3.179156 -1.000000 
0.013034 0.176285 0.001626 -0.295910 -1.528732 0.200403 1.488185 1.482797 -1.000000 
0.014275 0.135116 -0.000523 -0.240543 -1.527023 0.221710 1.496518 0.703943 -1.000000 
0.015216 0.101301 -0.002222 -0.184698 -1.525259 0.215156 1.500560 0.351232 -1.000000 
0.015914 0.074408 -0.003492 -0.133985 -1.523635 0.187938 1.502615 0.181999 -1.000000 
0.016420 0.052894 -0.004384 -0.089969 -1.522289 0.146663 1.503685 0.094400 -1.000000 
0.016771 0.035190 -0.004948 -0.052051 -1.521313 0.096385 1.504225 0.044673 -1.000000 
0.016990 0.019805 -0.005228 -0.018433 -1.520761 0.040986 1.504445 0.012179 -1.000000 
0.017090 0.005271 -0.005248 0.013324 -1.520662 -0.016363 1.504435 -0.014505 -1.000000 
0.017072 -0.009897 -0.005013 0.045884 -1.521020 -0.072779 1.504206 -0.043802 -1.000000 
0.016926 -0.027214 -0.004505 0.081752 -1.521816 -0.125263 1.503702 -0.085026 -1.000000 
0.016627 -0.048228 -0.003691 0.122876 -1.523005 -0.170328 1.502776 -0.152728 -1.000000 
0.016140 -0.074510 -0.002523 0.170146 -1.524510 -0.203642 1.501117 -0.274544 -1.000000 
0.015417 -0.107531 -0.000954 0.222685 -1.526217 -0.219810 1.498090 -0.508381 -1.000000 
0.014399 -0.148037 0.001045 0.276696 -1.527965 -0.212797 1.492362 -0.979380 -1.000000 
0.013033 -0.194012 0.003456 0.324239 -1.529550 -0.179117 1.481142 -1.933787 -1.000000 
0.011300 -0.237947 0.006189 0.355572 -1.530778 -0.126066 1.459294 -3.670400 -1.000000 
0.009257 -0.270692 0.009095 0.368420 -1.531570 -0.074098 1.420836 -5.950981 -1.000000 
0.007003 -0.290968 0.012054 0.370079 -1.532008 -0.038148 1.366153 -7.467775 -1.000000 
0.004622 -0.303369 0.015005 0.367333 -1.532221 -0.017026 1.306002 -7.305923 -1.000000 
0.002160 -0.311657 0.017927 0.362918 -1.532302 -0.004369 1.252152 -6.063650 -1.000000 
-0.000359 -0.317678 0.020809 0.357639 -1.532302 0.004109 1.209404 -4.643735 -1.000000 
-0.002919 -0.322260 0.023647 0.351733 -1.532242 0.010487 1.177188 -3.461552 -1.000000 
-0.005512 -0.325797 0.026436 0.345281 -1.532137 0.015713 1.153202 -2.582219 -1.000000 
-0.008130 -0.328494 0.029170 0.338324 -1.531993 0.020231 1.135207 -1.952415 -1.000000 
-0.010766 -0.330470 0.031847 0.330886 -1.531814 0.024257 1.121482 -1.503863 -1.000000 
-0.013415 -0.331795 0.034463 0.322985 -1.531606 0.027903 1.110809 -1.181647 -1.000000 
-0.016073 -0.332517 0.037014 0.314641 -1.531369 0.031227 1.102344 -0.946785 -1.000000 
-0.018734 -0.332669 0.039496 0.305870 -1.531107 0.034258 1.095499 -0.772715 -1.000000 
-0.021394 -0.332276 0.041907 0.296689 -1.530821 0.037014 1.089866 -0.641501 -1.000000 
-0.024049 -0.331358 0.044242 0.287115 -1.530515 0.039499 1.085154 -0.540972 -1.000000 
-0.026695 -0.329930 0.046500 0.277168 -1.530190 0.041718 1.081152 -0.462773 -1.000000 
-0.029327 -0.328007 0.048676 0.266863 -1.529848 0.043669 1.077706 -0.401088 -1.000000 
-0.031941 -0.325603 0.050769 0.256219 -1.529492 0.045351 1.074701 -0.351805 -1.000000 
-0.034535 -0.322728 0.052775 0.245253 -1.529124 0.046762 1.072052 -0.311975 -1.000000 
-0.037104 -0.319394 0.054692 0.233985 -1.528745 0.047900 1.069690 -0.279449 -1.000000 
-0.039644 -0.315614 0.056518 0.222432 -1.528358 0.048765 1.067565 -0.252642 -1.000000 
-0.042153 -0.311398 0.058250 0.210613 -1.527965 0.049355 1.065636 -0.230367 -1.000000 
-0.044625 -0.306757 0.059887 0.198545 -1.527569 0.049671 1.063870 -0.211724 -1.000000 
-0.047060 -0.301703 0.061426 0.186247 -1.527171 0.049715 1.062240 -0.196026 -1.000000 
-0.049452 -0.296246 0.062866 0.173737 -1.526774 0.049487 1.060727 -0.182740 -1.000000 
-0.051798 -0.290398 0.064205 0.161032 -1.526380 0.048993 1.059311 -0.171448 -1.000000 
-0.054097 -0.284171 0.065442 0.148152 -1.525991 0.048237 1.057979 -0.161821 -1.000000 
-0.056344 -0.277575 0.066575 0.135113 -1.525609 0.047224 1.056718 -0.153600 -1.000000 
-0.058537 -0.270623 0.067604 0.121933 -1.525236 0.045962 1.055518 -0.146574 -1.000000 
-0.060673 -0.263327 0.068526 0.108629 -1.524874 0.044459 1.054370 -0.140575 -1.000000 
-0.062750 -0.255697 0.069342 0.095219 -1.524525 0.042723 1.053267 -0.135467 -1.000000 
-0.064764 -0.247746 0.070049 0.081719 -1.524191 0.040765 1.052201 -0.131140 -1.000000 
-0.066713 -0.239486 0.070649 0.068146 -1.523874 0.038596 1.051167 -0.127502 -1.000000 
-0.068595 -0.230928 0.071140 0.054517 -1.523574 0.036228 1.050159 -0.124482 -1.000000 
-0.070407 -0.222085 0.071521 0.040847 -1.523295 0.033674 1.049174 -0.122018 -1.000000 
-0.072147 -0.212968 0.071793 0.027154 -1.523036 0.030948 1.048206 -0.120064 -1.000000 
-0.073814 -0.203589 0.071955 0.013451 -1.522800 0.028064 1.047251 -0.118579 -1.000000 
-0.075404 -0.193961 0.072008 -0.000245 -1.522587 0.025038 1.046307 -0.117534 -1.000000 
-0.076916 -0.184096 0.071952 -0.013918 -1.522399 0.021885 1.045370 -0.116904 -1.000000 
-0.078349 -0.174004 0.071786 -0.027555 -1.522237 0.018622 1.044436 -0.116674 -1.000000 
-0.079700 -0.163699 0.071511 -0.041140 -1.522102 0.015265 1.043502 -0.116829 -1.000000 
-0.080967 -0.153193 0.071128 -0.054658 -1.521993 0.011832 1.042565 -0.117365 -1.000000 
-0.082150 -0.142496 0.070637 -0.068095 -1.521913 0.008340 1.041623 -0.118279 -1.000000 
-0.083247 -0.131623 0.070038 -0.081437 -1.521860 0.004806 1.040672 -0.119574 -1.000000 
-0.084256 -0.120584 0.069334 -0.094670 -1.521836 0.001248 1.039709 -0.121256 -1.000000 
-0.085176 -0.109392 0.068524 -0.107779 -1.521840 -0.002316 1.038731 -0.123337 -1.000000 
-0.086006 -0.098059 0.067610 -0.120751 -1.521873 -0.005868 1.037734 -0.125833 -1.000000 
-0.086744 -0.086597 0.066592 -0.133573 -1.521934 -0.009391 1.036716 -0.128766 -1.000000 
-0.087391 -0.075019 0.065473 -0.146230 -1.522023 -0.012868 1.035673 -0.132160 -1.000000 
-0.087945 -0.063336 0.064253 -0.158709 -1.522140 -0.016281 1.034600 -0.136047 -1.000000 
-0.088404 -0.051563 0.062934 -0.170997 -1.522283 -0.019614 1.033495 -0.140466 -1.000000 
-0.088769 -0.039710 0.061518 -0.183080 -1.522453 -0.022851 1.032351 -0.145459 -1.000000 
-0.089039 -0.027791 0.060005 -0.194946 -1.522649 -0.025977 1.031166 -0.151079 -1.000000 
-0.089214 -0.015819 0.058399 -0.206581 -1.522868 -0.028975 1.029932 -0.157387 -1.000000 
-0.089292 -0.003807 0.056701 -0.217972 -1.523112 -0.031833 1.028645 -0.164451 -1.000000 
-0.089275 0.008233 0.054912 -0.229106 -1.523377 -0.034536 1.027299 -0.172353 -1.000000 
-0.089161 0.020287 0.053036 -0.239971 -1.523664 -0.037071 1.025885 -0.181187 -1.000000 
-0.088950 0.032343 0.051074 -0.250555 -1.523970 -0.039428 1.024397 -0.191061 -1.000000 
-0.088643 0.044385 0.049028 -0.260843 -1.524294 -0.041595 1.022825 -0.202100 -1.000000 
-0.088240 0.056402 0.046901 -0.270825 -1.524635 -0.043562 1.021160 -0.214451 -1.000000 
-0.087741 0.068380 0.044695 -0.280489 -1.524991 -0.045320 1.019390 -0.228280 -1.000000 
-0.087146 0.080304 0.042414 -0.289821 -1.525360 -0.046863 1.017503 -0.243784 -1.000000 
-0.086456 0.092161 0.040059 -0.298811 -1.525740 -0.048183 1.015484 -0.261186 -1.000000 
-0.085672 0.103939 0.037634 -0.307447 -1.526130 -0.049275 1.013318 -0.280751 -1.000000 
-0.084793 0.115621 0.035141 -0.315717 -1.526528 -0.050135 1.010986 -0.302780 -1.000000 
-0.083822 0.127196 0.032583 -0.323613 -1.526931 -0.050760 1.008466 -0.327626 -1.000000 
-0.082759 0.138650 0.029964 -0.331122 -1.527339 -0.051148 1.005735 -0.355698 -1.000000 
-0.081604 0.149968 0.027287 -0.338234 -1.527749 -0.051300 1.002765 -0.387467 -1.000000 
-0.080359 0.161137 0.024554 -0.344942 -1.528159 -0.051216 0.999524 -0.423476 -1.000000 
-0.079026 0.172145 0.021769 -0.351234 -1.528568 -0.050898 0.995977 -0.464351 -1.000000 
-0.077606 0.182977 0.018935 -0.357104 -1.528973 -0.050351 0.992080 -0.510804 -1.000000 
-0.076099 0.193622 0.016056 -0.362542 -1.529373 -0.049578 0.987787 -0.563642 -1.000000 
-0.074508 0.204066 0.013135 -0.367542 -1.529766 -0.048586 0.983042 -0.623766 -1.000000 
-0.072835 0.214297 0.010177 -0.372098 -1.530150 -0.047382 0.977784 -0.692166 -1.000000 
-0.071080 0.224304 0.007183 -0.376203 -1.530523 -0.045975 0.971943 -0.769901 -1.000000 
-0.069246 0.234074 0.004159 -0.379852 -1.530885 -0.044374 0.965438 -0.858066 -1.000000 
-0.067335 0.243597 0.001107 -0.383042 -1.531233 -0.042590 0.958183 -0.957728 -1.000000 
-0.065349 0.252862 -0.001969 -0.385770 -1.531566 -0.040636 0.950081 -1.069828 -1.000000 
-0.063290 0.261858 -0.005064 -0.388033 -1.531883 -0.038523 0.941031 -1.195043 -1.000000 
-0.061160 0.270576 -0.008176 -0.389830 -1.532182 -0.036268 0.930925 -1.333584 -1.000000 
-0.058962 0.279006 -0.011300 -0.391164 -1.532463 -0.033884 0.919659 -1.484954 -1.000000 
-0.056697 0.287139 -0.014434 -0.392035 -1.532724 -0.031389 0.907135 -1.647653 -1.000000 
-0.054369 0.294968 -0.017572 -0.392447 -1.532965 -0.028801 0.893274 -1.818886 -1.000000 
-0.051979 0.302484 -0.020712 -0.392407 -1.533184 -0.026139 0.878022 -1.994326 -1.000000 
-0.049530 0.309680 -0.023849 -0.391922 -1.533383 -0.023423 0.861369 -2.168028 -1.000000 
-0.047025 0.316551 -0.026981 -0.391002 -1.533559 -0.020675 0.843358 -2.332598 -1.000000 
-0.044466 0.323091 -0.030104 -0.389658 -1.533713 -0.017914 0.824094 -2.479694 -1.000000 
-0.041856 0.329298 -0.033215 -0.387906 -1.533846 -0.015162 0.803752 -2.600871 -1.000000 
-0.039198 0.335170 -0.036309 -0.385759 -1.533956 -0.012439 0.782569 -2.688653 -1.000000 
-0.036494 0.340706 -0.039386 -0.383236 -1.534045 -0.009761 0.760837 -2.737623 -1.000000 
-0.033747 0.345908 -0.042440 -0.380353 -1.534112 -0.007143 0.738878 -2.745239 -1.000000 
-0.030960 0.350779 -0.045470 -0.377127 -1.534159 -0.004597 0.717022 -2.712173 -1.000000 
-0.028136 0.355323 -0.048473 -0.373576 -1.534186 -0.002129 0.695582 -2.642076 -1.000000 
-0.025276 0.359547 -0.051447 -0.369716 -1.534194 0.000254 0.674832 -2.540866 -1.000000 
-0.022384 0.363456 -0.054388 -0.365563 -1.534182 0.002550 0.654992 -2.415770 -1.000000 
-0.019462 0.367057 -0.057295 -0.361130 -1.534153 0.004759 0.636223 -2.274341 -1.000000 
-0.016512 0.370356 -0.060165 -0.356431 -1.534106 0.006882 0.618627 -2.123669 -1.000000 
-0.013537 0.373359 -0.062997 -0.351477 -1.534043 0.008919 0.602253 -1.969854 -1.000000 
-0.010539 0.376074 -0.065788 -0.346278 -1.533964 0.010873 0.587105 -1.817757 -1.000000 
-0.007520 0.378504 -0.068537 -0.340845 -1.533869 0.012746 0.573154 -1.670975 -1.000000 
-0.004484 0.380657 -0.071241 -0.335187 -1.533760 0.014540 0.560348 -1.531949 -1.000000 
-0.001431 0.382535 -0.073900 -0.329311 -1.533637 0.016255 0.548618 -1.402157 -1.000000 
0.001636 0.384145 -0.076510 -0.323225 -1.533500 0.017894 0.537887 -1.282324 -1.000000 
0.004715 0.385490 -0.079071 -0.316937 -1.533351 0.019456 0.528074 -1.172615 -1.000000 
0.007803 0.386574 -0.081580 -0.310452 -1.533189 0.020943 0.519099 -1.072810 -1.000000 
0.010900 0.387400 -0.084037 -0.303778 -1.533016 0.022354 0.510884 -0.982437 -1.000000 
0.014001 0.387971 -0.086440 -0.296922 -1.532832 0.023690 0.503357 -0.900876 -1.000000 
0.017106 0.388290 -0.088788 -0.289888 -1.532637 0.024949 0.496448 -0.827432 -1.000000 
0.020213 0.388361 -0.091078 -0.282683 -1.532433 0.026132 0.490098 -0.761390 -1.000000 
0.023320 0.388186 -0.093310 -0.275313 -1.532219 0.027238 0.484248 -0.702045 -1.000000 
0.026423 0.387768 -0.095483 -0.267783 -1.531997 0.028266 0.478849 -0.648728 -1.000000 
0.029523 0.387108 -0.097594 -0.260099 -1.531767 0.029217 0.473854 -0.600814 -1.000000 
0.032617 0.386210 -0.099644 -0.252268 -1.531530 0.030088 0.469223 -0.557731 -1.000000 
0.035702 0.385077 -0.101630 -0.244294 -1.531286 0.030879 0.464919 -0.518959 -1.000000 
0.038777 0.383710 -0.103552 -0.236182 -1.531036 0.031591 0.460910 -0.484032 -1.000000 
0.041841 0.382112 -0.105409 -0.227940 -1.530781 0.032221 0.457165 -0.452533 -1.000000 
0.044890 0.380286 -0.107199 -0.219571 -1.530521 0.032771 0.453661 -0.424089 -1.000000 
0.047925 0.378234 -0.108921 -0.211082 -1.530257 0.033239 0.450373 -0.398371 -1.000000 
0.050942 0.375958 -0.110576 -0.202478 -1.529989 0.033625 0.447280 -0.375087 -1.000000 
0.053939 0.373462 -0.112161 -0.193764 -1.529719 0.033929 0.444366 -0.353978 -1.000000 
0.056916 0.370748 -0.113676 -0.184947 -1.529446 0.034152 0.441612 -0.334816 -1.000000 
0.059871 0.367818 -0.115120 -0.176032 -1.529173 0.034292 0.439004 -0.317399 -1.000000 
0.062801 0.364676 -0.116492 -0.167023 -1.528898 0.034351 0.436529 -0.301550 -1.000000 
0.065705 0.361324 -0.117792 -0.157927 -1.528623 0.034329 0.434175 -0.287109 -1.000000 
0.068581 0.357764 -0.119019 -0.148749 -1.528349 0.034226 0.431932 -0.273939 -1.000000 
0.071429 0.354001 -0.120172 -0.139495 -1.528076 0.034043 0.429789 -0.261915 -1.000000 
0.074245 0.350036 -0.121250 -0.130169 -1.527805 0.033780 0.427739 -0.250928 -1.000000 
0.077029 0.345873 -0.122254 -0.120778 -1.527536 0.033440 0.425772 -0.240881 -1.000000 
0.079778 0.341515 -0.123183 -0.111327 -1.527270 0.033022 0.423882 -0.231689 -1.000000 
0.082492 0.336966 -0.124035 -0.101821 -1.527007 0.032529 0.422063 -0.223274 -1.000000 
0.085169 0.332227 -0.124812 -0.092266 -1.526749 0.031961 0.420308 -0.215569 -1.000000 
0.087808 0.327303 -0.125511 -0.082667 -1.526496 0.031320 0.418612 -0.208514 -1.000000 
0.090406 0.322197 -0.126134 -0.073029 -1.526248 0.030608 0.416970 -0.202053 -1.000000 
0.092962 0.316912 -0.126680 -0.063358 -1.526007 0.029827 0.415378 -0.196140 -1.000000 
0.095476 0.311452 -0.127148 -0.053659 -1.525771 0.028978 0.413831 -0.190732 -1.000000 
0.097945 0.305820 -0.127538 -0.043937 -1.525543 0.028064 0.412325 -0.185789 -1.000000 
0.100369 0.300019 -0.127851 -0.034198 -1.525323 0.027087 0.410857 -0.181278 -1.000000 
0.102745 0.294054 -0.128085 -0.024447 -1.525110 0.026049 0.409423 -0.177169 -1.000000 
0.105073 0.287927 -0.128242 -0.014688 -1.524906 0.024952 0.408021 -0.173434 -1.000000 
0.107351 0.281643 -0.128320 -0.004929 -1.524711 0.023800 0.406647 -0.170048 -1.000000 
0.109579 0.275206 -0.128321 0.004828 -1.524525 0.022595 0.405299 -0.166991 -1.000000 
0.111754 0.268618 -0.128243 0.014576 -1.524350 0.021339 0.403975 -0.164242 -1.000000 
0.113876 0.261884 -0.128088 0.024310 -1.524184 0.020036 0.402671 -0.161786 -1.000000 
0.115944 0.255007 -0.127854 0.034026 -1.524029 0.018689 0.401385 -0.159605 -1.000000 
0.117956 0.247993 -0.127543 0.043718 -1.523885 0.017300 0.400116 -0.157688 -1.000000 
0.119912 0.240843 -0.127155 0.053382 -1.523752 0.015873 0.398862 -0.156022 -1.000000 
0.121809 0.233563 -0.126689 0.063012 -1.523631 0.014411 0.397619 -0.154597 -1.000000 
0.123648 0.226157 -0.126147 0.072603 -1.523522 0.012916 0.396387 -0.153404 -1.000000 
0.125427 0.218628 -0.125528 0.082151 -1.523425 0.011394 0.395164 -0.152436 -1.000000 
0.127146 0.210980 -0.124832 0.091651 -1.523340 0.009846 0.393948 -0.151686 -1.000000 
0.128803 0.203218 -0.124061 0.101098 -1.523267 0.008277 0.392737 -0.151150 -1.000000 
0.130397 0.195346 -0.123215 0.110487 -1.523207 0.006689 0.391529 -0.150822 -1.000000 
0.131928 0.187368 -0.122294 0.119813 -1.523160 0.005086 0.390323 -0.150700 -1.000000 
0.133395 0.179288 -0.121298 0.129073 -1.523126 0.003472 0.389117 -0.150781 -1.000000 
0.134796 0.171111 -0.120229 0.138261 -1.523105 0.001851 0.387910 -0.151065 -1.000000 
0.136132 0.162840 -0.119086 0.147372 -1.523096 0.000224 0.386700 -0.151552 -1.000000 
0.137402 0.154481 -0.117871 0.156402 -1.523101 -0.001402 0.385485 -0.152241 -1.000000 
0.138604 0.146036 -0.116584 0.165347 -1.523119 -0.003026 0.384263 -0.153135 -1.000000 
0.139738 0.137512 -0.115226 0.174203 -1.523149 -0.004644 0.383034 -0.154237 -1.000000 
0.140804 0.128911 -0.113797 0.182964 -1.523193 -0.006252 0.381795 -0.155549 -1.000000 
0.141800 0.120239 -0.112299 0.191626 -1.523249 -0.007847 0.380545 -0.157076 -1.000000 
0.142727 0.111500 -0.110731 0.200186 -1.523319 -0.009425 0.379281 -0.158823 -1.000000 
0.143584 0.102699 -0.109096 0.208638 -1.523400 -0.010984 0.378003 -0.160798 -1.000000 
0.144370 0.093839 -0.107393 0.216979 -1.523494 -0.012519 0.376708 -0.163007 -1.000000 
0.145085 0.084926 -0.105625 0.225204 -1.523600 -0.014028 0.375394 -0.165459 -1.000000 
0.145729 0.075963 -0.103790 0.233309 -1.523719 -0.015507 0.374060 -0.168164 -1.000000 
0.146301 0.066957 -0.101892 0.241291 -1.523848 -0.016953 0.372703 -0.171133 -1.000000 
0.146800 0.057910 -0.099930 0.249145 -1.523990 -0.018363 0.371321 -0.174377 -1.000000 
0.147227 0.048828 -0.097906 0.256868 -1.524142 -0.019735 0.369912 -0.177911 -1.000000 
0.147581 0.039715 -0.095821 0.264454 -1.524305 -0.021065 0.368473 -0.181750 -1.000000 
0.147863 0.030577 -0.093675 0.271902 -1.524479 -0.022351 0.367003 -0.185910 -1.000000 
0.148071 0.021417 -0.091471 0.279206 -1.524663 -0.023589 0.365498 -0.190409 -1.000000 
0.148205 0.012240 -0.089208 0.286363 -1.524856 -0.024778 0.363956 -0.195269 -1.000000 
0.148266 0.003051 -0.086889 0.293370 -1.525059 -0.025915 0.362373 -0.200510 -1.000000 
0.148254 -0.006145 -0.084515 0.300222 -1.525271 -0.026998 0.360746 -0.206157 -1.000000 
0.148168 -0.015344 -0.082086 0.306917 -1.525491 -0.028024 0.359073 -0.212238 -1.000000 
0.148009 -0.024541 -0.079604 0.313451 -1.525719 -0.028992 0.357349 -0.218780 -1.000000 
0.147775 -0.033731 -0.077071 0.319820 -1.525955 -0.029899 0.355571 -0.225816 -1.000000 
0.147469 -0.042910 -0.074488 0.326022 -1.526197 -0.030744 0.353735 -0.233380 -1.000000 
0.147089 -0.052072 -0.071855 0.332053 -1.526446 -0.031524 0.351836 -0.241510 -1.000000 
0.146636 -0.061214 -0.069175 0.337910 -1.526702 -0.032240 0.349869 -0.250247 -1.000000 
0.146110 -0.070330 -0.066449 0.343590 -1.526962 -0.032889 0.347830 -0.259637 -1.000000 
0.145511 -0.079416 -0.063678 0.349089 -1.527228 -0.033469 0.345713 -0.269728 -1.000000 
0.144839 -0.088467 -0.060864 0.354406 -1.527497 -0.033981 0.343512 -0.280573 -1.000000 
0.144095 -0.097478 -0.058008 0.359538 -1.527771 -0.034423 0.341222 -0.292229 -1.000000 
0.143279 -0.106445 -0.055112 0.364481 -1.528048 -0.034794 0.338834 -0.304761 -1.000000 
0.142392 -0.115363 -0.052177 0.369233 -1.528328 -0.035095 0.336343 -0.318234 -1.000000 
0.141434 -0.124227 -0.049205 0.373792 -1.528609 -0.035323 0.333740 -0.332723 -1.000000 
0.140405 -0.133033 -0.046197 0.378155 -1.528893 -0.035480 0.331016 -0.348306 -1.000000 
0.139305 -0.141777 -0.043155 0.382321 -1.529177 -0.035565 0.328164 -0.365069 -1.000000 
0.138136 -0.150453 -0.040080 0.386286 -1.529461 -0.035579 0.325172 -0.383103 -1.000000 
0.136898 -0.159058 -0.036975 0.390049 -1.529746 -0.035520 0.322030 -0.402504 -1.000000 
0.135592 -0.167586 -0.033840 0.393609 -1.530030 -0.035391 0.318728 -0.423378 -1.000000 
0.134217 -0.176034 -0.030678 0.396963 -1.530312 -0.035192 0.315252 -0.445833 -1.000000 
0.132775 -0.184397 -0.027489 0.400109 -1.530592 -0.034922 0.311590 -0.469986 -1.000000 
0.131267 -0.192671 -0.024277 0.403047 -1.530871 -0.034584 0.307728 -0.495956 -1.000000 
0.129693 -0.200852 -0.021041 0.405775 -1.531146 -0.034179 0.303650 -0.523867 -1.000000 
0.128054 -0.208935 -0.017785 0.408291 -1.531417 -0.033707 0.299340 -0.553846 -1.000000 
0.126350 -0.216916 -0.014509 0.410594 -1.531685 -0.033170 0.294782 -0.586020 -1.000000 
0.124583 -0.224792 -0.011216 0.412685 -1.531948 -0.032570 0.289958 -0.620513 -1.000000 
0.122754 -0.232557 -0.007907 0.414561 -1.532206 -0.031908 0.284848 -0.657444 -1.000000 
0.120863 -0.240210 -0.004583 0.416222 -1.532458 -0.031186 0.279432 -0.696921 -1.000000 
0.118911 -0.247745 -0.001248 0.417668 -1.532705 -0.030406 0.273690 -0.739036 -1.000000 
0.116899 -0.255159 0.002099 0.418898 -1.532944 -0.029571 0.267600 -0.783859 -1.000000 
0.114829 -0.262449 0.005454 0.419912 -1.533178 -0.028682 0.261141 -0.831428 -1.000000 
0.112700 -0.269611 0.008817 0.420711 -1.533403 -0.027742 0.254290 -0.881744 -1.000000 
0.110515 -0.276641 0.012185 0.421294 -1.533621 -0.026754 0.247026 -0.934756 -1.000000 
0.108274 -0.283537 0.015557 0.421662 -1.533831 -0.025720 0.239327 -0.990350 -1.000000 
0.105979 -0.290295 0.018931 0.421815 -1.534033 -0.024642 0.231174 -1.048341 -1.000000 
0.103630 -0.296912 0.022305 0.421755 -1.534225 -0.023525 0.222548 -1.108454 -1.000000 
0.101229 -0.303385 0.025678 0.421481 -1.534409 -0.022371 0.213434 -1.170321 -1.000000 
0.098776 -0.309712 0.029048 0.420996 -1.534583 -0.021182 0.203819 -1.233462 -1.000000 
0.096274 -0.315889 0.032414 0.420301 -1.534748 -0.019963 0.193696 -1.297284 -1.000000 
0.093722 -0.321915 0.035773 0.419397 -1.534903 -0.018715 0.183063 -1.361080 -1.000000 
0.091124 -0.327786 0.039124 0.418286 -1.535047 -0.017444 0.171921 -1.424026 -1.000000 
0.088478 -0.333502 0.042465 0.416970 -1.535182 -0.016151 0.160283 -1.485202 -1.000000 
0.085788 -0.339058 0.045795 0.415451 -1.535306 -0.014840 0.148166 -1.543604 -1.000000 
0.083054 -0.344455 0.049111 0.413732 -1.535419 -0.013515 0.135596 -1.598177 -1.000000 
0.080277 -0.349689 0.052414 0.411815 -1.535522 -0.012179 0.122608 -1.647853 -1.000000 
0.077459 -0.354760 0.055700 0.409703 -1.535614 -0.010834 0.109246 -1.691591 -1.000000 
0.074601 -0.359666 0.058968 0.407399 -1.535695 -0.009486 0.095561 -1.728430 -1.000000 
0.071705 -0.364405 0.062218 0.404906 -1.535766 -0.008136 0.081611 -1.757536 -1.000000 
0.068771 -0.368978 0.065446 0.402227 -1.535825 -0.006787 0.067463 -1.778246 -1.000000 
0.065802 -0.373382 0.068653 0.399366 -1.535874 -0.005443 0.053183 -1.790106 -1.000000 
0.062798 -0.377617 0.071836 0.396326 -1.535912 -0.004105 0.038845 -1.792895 -1.000000 
0.059760 -0.381683 0.074994 0.393111 -1.535940 -0.002778 0.024521 -1.786635 -1.000000 
0.056691 -0.385579 0.078125 0.389724 -1.535957 -0.001462 0.010282 -1.771589 -1.000000 
0.053591 -0.389370 0.081227 0.385147 -1.535935 0.013805 0.003194 1.738680 1.000000 
0.050469 -0.391205 0.084289 0.380264 -1.535820 0.015094 0.016837 1.671330 1.000000 
0.047332 -0.392867 0.087311 0.375217 -1.535694 0.016370 0.029926 1.600500 1.000000 
0.044183 -0.394355 0.090292 0.370007 -1.535558 0.017629 0.042439 1.527436 1.000000 
0.041023 -0.395666 0.093231 0.364636 -1.535412 0.018868 0.054363 1.453281 1.000000 
0.037853 -0.396800 0.096126 0.359105 -1.535256 0.020084 0.065692 1.379055 1.000000 
0.034675 -0.397753 0.098976 0.353417 -1.535091 0.021275 0.076430 1.305633 1.000000 
0.031489 -0.398525 0.101780 0.347574 -1.534916 0.022437 0.086586 1.233747 1.000000 
0.028299 -0.399114 0.104537 0.341577 -1.534732 0.023567 0.096175 1.163979 1.000000 
0.025104 -0.399520 0.107245 0.335428 -1.534539 0.024664 0.105216 1.096779 1.000000 
0.021907 -0.399741 0.109903 0.329131 -1.534337 0.025723 0.113731 1.032472 1.000000 
0.018709 -0.399776 0.112510 0.322687 -1.534127 0.026744 0.121744 0.971278 1.000000 
0.015511 -0.399626 0.115066 0.316100 -1.533909 0.027722 0.129280 0.913321 1.000000 
0.012315 -0.399289 0.117568 0.309371 -1.533684 0.028656 0.136366 0.858654 1.000000 
0.009123 -0.398765 0.120015 0.302505 -1.533451 0.029544 0.143028 0.807265 1.000000 
0.005935 -0.398054 0.122407 0.295502 -1.533211 0.030382 0.149291 0.759096 1.000000 
0.002755 -0.397156 0.124743 0.288368 -1.532965 0.031171 0.155182 0.714053 1.000000 
-0.000418 -0.396071 0.127021 0.281104 -1.532713 0.031906 0.160724 0.672016 1.000000 
-0.003582 -0.394799 0.129240 0.273713 -1.532455 0.032587 0.165941 0.632845 1.000000 
-0.006735 -0.393340 0.131400 0.266201 -1.532191 0.033211 0.170857 0.596393 1.000000 
-0.009875 -0.391696 0.133499 0.258568 -1.531923 0.033778 0.175491 0.562502 1.000000 
-0.013001 -0.389866 0.135537 0.250820 -1.531651 0.034286 0.179863 0.531018 1.000000 
-0.016112 -0.387852 0.137512 0.242959 -1.531375 0.034732 0.183993 0.501783 1.000000 
-0.019207 -0.385653 0.139424 0.234990 -1.531096 0.035117 0.187897 0.474648 1.000000 
-0.022282 -0.383272 0.141271 0.226915 -1.530813 0.035440 0.191592 0.449466 1.000000 
-0.025338 -0.380708 0.143054 0.218739 -1.530529 0.035698 0.195093 0.426098 1.000000 
-0.028373 -0.377964 0.144771 0.210465 -1.530242 0.035892 0.198414 0.404412 1.000000 
-0.031385 -0.375040 0.146421 0.202098 -1.529955 0.036021 0.201568 0.384286 1.000000 
-0.034373 -0.371938 0.148004 0.193640 -1.529666 0.036083 0.204567 0.365603 1.000000 
-0.037336 -0.368659 0.149519 0.185097 -1.529378 0.036080 0.207421 0.348255 1.000000 
-0.040271 -0.365205 0.150966 0.176472 -1.529089 0.036011 0.210142 0.332141 1.000000 
-0.043179 -0.361577 0.152343 0.167769 -1.528802 0.035875 0.212739 0.317170 1.000000 
-0.046056 -0.357777 0.153650 0.158992 -1.528515 0.035672 0.215220 0.303255 1.000000 
-0.048903 -0.353807 0.154886 0.150146 -1.528231 0.035404 0.217593 0.290317 1.000000 
-0.051717 -0.349668 0.156052 0.141235 -1.527949 0.035069 0.219867 0.278283 1.000000 
-0.054497 -0.345364 0.157146 0.132262 -1.527670 0.034669 0.222048 0.267086 1.000000 
-0.057242 -0.340894 0.158168 0.123232 -1.527394 0.034204 0.224143 0.256665 1.000000 
-0.059951 -0.336263 0.159118 0.114149 -1.527123 0.033676 0.226157 0.246963 1.000000 
-0.062622 -0.331472 0.159994 0.105018 -1.526856 0.033083 0.228096 0.237928 1.000000 
-0.065254 -0.326523 0.160798 0.095842 -1.526594 0.032429 0.229965 0.229512 1.000000 
-0.067846 -0.321419 0.161528 0.086626 -1.526337 0.031714 0.231770 0.221673 1.000000 
-0.070396 -0.316162 0.162184 0.077375 -1.526086 0.030938 0.233513 0.214369 1.000000 
-0.072904 -0.310754 0.162766 0.068093 -1.525842 0.030104 0.235201 0.207565 1.000000 
-0.075368 -0.305198 0.163273 0.058783 -1.525605 0.029213 0.236836 0.201227 1.000000 
-0.077787 -0.299498 0.163706 0.049451 -1.525375 0.028267 0.238422 0.195324 1.000000 
-0.080160 -0.293654 0.164064 0.040100 -1.525153 0.027267 0.239962 0.189828 1.000000 
-0.082485 -0.287671 0.164348 0.030735 -1.524939 0.026215 0.241460 0.184714 1.000000 
-0.084762 -0.281550 0.164556 0.021361 -1.524734 0.025113 0.242918 0.179957 1.000000 
-0.086989 -0.275295 0.164689 0.011981 -1.524537 0.023963 0.244340 0.175538 1.000000 
-0.089166 -0.268909 0.164748 0.002600 -1.524350 0.022768 0.245728 0.171435 1.000000 
-0.091292 -0.262395 0.164731 -0.006777 -1.524173 0.021529 0.247084 0.167631 1.000000 
-0.093364 -0.255755 0.164639 -0.016147 -1.524006 0.020248 0.248411 0.164110 1.000000 
-0.095383 -0.248993 0.164473 -0.025505 -1.523849 0.018929 0.249710 0.160857 1.000000 
-0.097348 -0.242111 0.164231 -0.034846 -1.523703 0.017574 0.250985 0.157859 1.000000 
-0.099257 -0.235113 0.163915 -0.044167 -1.523568 0.016185 0.252237 0.155103 1.000000 
-0.101109 -0.228003 0.163525 -0.053464 -1.523444 0.014765 0.253467 0.152578 1.000000 
-0.102905 -0.220782 0.163060 -0.062731 -1.523332 0.013317 0.254679 0.150275 1.000000 
-0.104642 -0.213456 0.162521 -0.071965 -1.523231 0.011843 0.255872 0.148184 1.000000 
-0.106320 -0.206026 0.161908 -0.081161 -1.523142 0.010346 0.257050 0.146299 1.000000 
-0.107938 -0.198497 0.161223 -0.090315 -1.523066 0.008830 0.258214 0.144611 1.000000 
-0.109495 -0.190871 0.160464 -0.099423 -1.523001 0.007296 0.259364 0.143115 1.000000 
-0.110991 -0.183152 0.159632 -0.108481 -1.522949 0.005749 0.260504 0.141806 1.000000 
-0.112425 -0.175345 0.158728 -0.117485 -1.522909 0.004190 0.261634 0.140678 1.000000 
-0.113797 -0.167451 0.157752 -0.126429 -1.522882 0.002624 0.262755 0.139729 1.000000 
-0.115104 -0.159475 0.156705 -0.135311 -1.522867 0.001052 0.263870 0.138956 1.000000 
-0.116348 -0.151420 0.155587 -0.144127 -1.522865 -0.000521 0.264979 0.138357 1.000000 
-0.117527 -0.143291 0.154399 -0.152871 -1.522876 -0.002093 0.266084 0.137929 1.000000 
-0.118641 -0.135090 0.153142 -0.161540 -1.522899 -0.003661 0.267186 0.137673 1.000000 
-0.119688 -0.126821 0.151815 -0.170129 -1.522934 -0.005221 0.268287 0.137588 1.000000 
-0.120669 -0.118488 0.150420 -0.178636 -1.522982 -0.006771 0.269388 0.137676 1.000000 
-0.121584 -0.110096 0.148957 -0.187055 -1.523043 -0.008308 0.270491 0.137938 1.000000 
-0.122431 -0.101647 0.147427 -0.195383 -1.523115 -0.009828 0.271596 0.138376 1.000000 
-0.123210 -0.093145 0.145831 -0.203616 -1.523200 -0.011328 0.272705 0.138994 1.000000 
-0.123921 -0.084595 0.144170 -0.211750 -1.523296 -0.012806 0.273820 0.139796 1.000000 
-0.124563 -0.076001 0.142443 -0.219780 -1.523405 -0.014259 0.274942 0.140786 1.000000 
-0.125137 -0.067365 0.140653 -0.227703 -1.523524 -0.015683 0.276073 0.141970 1.000000 
-0.125641 -0.058693 0.138801 -0.235516 -1.523655 -0.017076 0.277214 0.143356 1.000000 
-0.126076 -0.049988 0.136886 -0.243214 -1.523797 -0.018435 0.278367 0.144950 1.000000 
0.000000 0.000000 0.000000 0.000000 0.000000 0.000000 0.000000 0.000000 0.000000 
