-0.355153 2.480143 1.715931 -0.877386 -1.695499 -2.071562 0.565266 0.016570 -1.000000 
-0.335257 2.493649 1.708628 -0.948581 -1.712197 -2.102813 0.565401 0.017130 -1.000000 
-0.315256 2.506606 1.700750 -1.021022 -1.729139 -2.132311 0.565540 0.017723 -1.000000 
-0.295153 2.518977 1.692288 -1.094692 -1.746309 -2.160000 0.565684 0.018351 -1.000000 
-0.274954 2.530724 1.683232 -1.169570 -1.763694 -2.185823 0.565834 0.019017 -1.000000 
-0.254663 2.541807 1.673572 -1.245633 -1.781277 -2.209724 0.565989 0.019724 -1.000000 
-0.234287 2.552187 1.663299 -1.322852 -1.799044 -2.231649 0.566150 0.020474 -1.000000 
-0.213830 2.561821 1.652403 -1.401195 -1.816978 -2.251543 0.566317 0.021271 -1.000000 
-0.193300 2.570668 1.640877 -1.480626 -1.835063 -2.269352 0.566490 0.022118 -1.000000 
-0.172702 2.578686 1.628711 -1.561105 -1.853282 -2.285023 0.566671 0.023019 -1.000000 
-0.152043 2.585832 1.615896 -1.642587 -1.871618 -2.298506 0.566859 0.023979 -1.000000 
-0.131331 2.592061 1.602427 -1.725024 -1.890052 -2.309749 0.567054 0.025001 -1.000000 
-0.110573 2.597331 1.588294 -1.808365 -1.908568 -2.318705 0.567259 0.026091 -1.000000 
-0.089777 2.601598 1.573491 -1.892551 -1.927145 -2.325325 0.567472 0.027255 -1.000000 
-0.068950 2.604817 1.558011 -1.977523 -1.945767 -2.329566 0.567695 0.028498 -1.000000 
-0.048102 2.606945 1.541848 -2.063216 -1.964412 -2.331383 0.567928 0.029828 -1.000000 
-0.027242 2.607938 1.524998 -2.149559 -1.983062 -2.330737 0.568173 0.031251 -1.000000 
-0.006378 2.607754 1.507454 -2.236482 -2.001697 -2.327589 0.568429 0.032775 -1.000000 
0.014479 2.606349 1.489213 -2.323905 -2.020297 -2.321904 0.568697 0.034410 -1.000000 
0.035320 2.603681 1.470270 -2.411749 -2.038841 -2.313649 0.568979 0.036164 -1.000000 
0.056134 2.599710 1.450624 -2.499928 -2.057308 -2.302795 0.569276 0.038050 -1.000000 
0.076912 2.594394 1.430271 -2.588353 -2.075679 -2.289315 0.569589 0.040077 -1.000000 
0.097641 2.587696 1.409210 -2.676933 -2.093930 -2.273186 0.569918 0.042260 -1.000000 
0.118311 2.579576 1.387440 -2.765572 -2.112042 -2.254390 0.570265 0.044611 -1.000000 
0.138910 2.570000 1.364961 -2.854170 -2.129993 -2.232911 0.570632 0.047148 -1.000000 
0.159427 2.558931 1.341773 -2.942625 -2.147762 -2.208737 0.571020 0.049886 -1.000000 
0.179849 2.546337 1.317879 -3.030832 -2.165326 -2.181862 0.571431 0.052845 -1.000000 
0.200164 2.532187 1.293281 -3.118684 -2.182664 -2.152283 0.571866 0.056045 -1.000000 
0.220360 2.516451 1.267982 -3.206068 -2.199755 -2.120001 0.572328 0.059508 -1.000000 
0.240423 2.499103 1.241985 -3.292874 -2.216577 -2.085022 0.572819 0.063259 -1.000000 
0.260341 2.480117 1.215297 -3.378985 -2.233108 -2.047358 0.573341 0.067324 -1.000000 
0.280100 2.459472 1.187924 -3.464284 -2.249328 -2.007024 0.573897 0.071733 -1.000000 
0.299688 2.437148 1.159871 -3.548655 -2.265214 -1.964041 0.574490 0.076516 -1.000000 
0.319090 2.413128 1.131148 -3.631976 -2.280745 -1.918435 0.575123 0.081707 -1.000000 
0.338294 2.387398 1.101763 -3.714128 -2.295902 -1.870236 0.575799 0.087342 -1.000000 
0.357284 2.359947 1.071725 -3.794989 -2.310662 -1.819480 0.576521 0.093458 -1.000000 
0.376048 2.330766 1.041047 -3.874438 -2.325007 -1.766209 0.577295 0.100094 -1.000000 
0.394572 2.299851 1.009739 -3.952354 -2.338915 -1.710468 0.578124 0.107291 -1.000000 
0.412841 2.267200 0.977814 -4.028615 -2.352368 -1.652308 0.579014 0.115090 -1.000000 
0.430842 2.232814 0.945285 -4.103102 -2.365346 -1.591788 0.579968 0.123529 -1.000000 
0.448562 2.196698 0.912169 -4.175693 -2.377830 -1.528966 0.580992 0.132648 -1.000000 
0.465985 2.158860 0.878480 -4.246273 -2.389803 -1.463911 0.582092 0.142478 -1.000000 
0.483099 2.119311 0.844234 -4.314723 -2.401247 -1.396694 0.583273 0.153045 -1.000000 
0.499889 2.078068 0.809450 -4.380931 -2.412145 -1.327390 0.584543 0.164366 -1.000000 
0.516343 2.035147 0.774146 -4.444783 -2.422480 -1.256081 0.585905 0.176441 -1.000000 
0.532447 1.990571 0.738340 -4.506171 -2.432237 -1.182852 0.587368 0.189253 -1.000000 
0.548188 1.944366 0.702054 -4.564989 -2.441401 -1.107794 0.588935 0.202760 -1.000000 
0.563553 1.896559 0.665307 -4.621132 -2.449957 -1.031000 0.590613 0.216892 -1.000000 
0.578529 1.847183 0.628123 -4.674503 -2.457892 -0.952569 0.592407 0.231540 -1.000000 
0.593104 1.796274 0.590523 -4.725005 -2.465194 -0.872604 0.594319 0.246556 -1.000000 
0.607265 1.743871 0.552531 -4.772547 -2.471850 -0.791211 0.596352 0.261747 -1.000000 
0.621002 1.690016 0.514170 -4.817042 -2.477850 -0.708500 0.598507 0.276871 -1.000000 
0.634302 1.634754 0.475467 -4.858408 -2.483183 -0.624587 0.600781 0.291643 -1.000000 
0.647154 1.578135 0.436444 -4.896567 -2.487840 -0.539587 0.603171 0.305734 -1.000000 
0.659548 1.520210 0.397130 -4.931448 -2.491814 -0.453622 0.605670 0.318786 -1.000000 
0.671474 1.461035 0.357550 -4.962984 -2.495096 -0.366818 0.608268 0.330426 -1.000000 
0.682922 1.400669 0.317732 -4.991114 -2.497681 -0.279300 0.610952 0.340286 -1.000000 
0.693882 1.339173 0.277702 -5.015785 -2.499563 -0.191201 0.613707 0.348027 -1.000000 
0.704346 1.276613 0.237488 -5.036946 -2.500739 -0.102654 0.616514 0.353367 -1.000000 
0.714305 1.213055 0.197120 -5.054558 -2.501205 -0.013795 0.619354 0.356098 -1.000000 
0.723752 1.148571 0.156625 -5.068585 -2.500959 0.075236 0.622205 0.356109 -1.000000 
0.732680 1.083234 0.116032 -5.078999 -2.500001 0.164300 0.625044 0.353395 -1.000000 
0.741082 1.017120 0.075371 -5.085783 -2.498331 0.253252 0.627852 0.348056 -1.000000 
0.748952 0.950307 0.034669 -5.088922 -2.495950 0.341949 0.630607 0.340291 -1.000000 
0.756285 0.882876 -0.006042 -5.088413 -2.492861 0.430248 0.633291 0.330377 -1.000000 
0.763077 0.814908 -0.046735 -5.084260 -2.489067 0.518002 0.635888 0.318651 -1.000000 
0.769322 0.746487 -0.087381 -5.076476 -2.484574 0.605069 0.638385 0.305483 -1.000000 
0.775019 0.677697 -0.127949 -5.065079 -2.479388 0.691305 0.640773 0.291249 -1.000000 
0.780165 0.608625 -0.168413 -5.050100 -2.473516 0.776568 0.643043 0.276313 -1.000000 
0.784757 0.539355 -0.208742 -5.031574 -2.466966 0.860721 0.645193 0.261012 -1.000000 
0.788794 0.469973 -0.248908 -5.009546 -2.459748 0.943626 0.647219 0.245639 -1.000000 
0.792276 0.400566 -0.288885 -4.984069 -2.451872 1.025150 0.649124 0.230442 -1.000000 
0.795203 0.331218 -0.328644 -4.955202 -2.443350 1.105166 0.650908 0.215619 -1.000000 
0.797576 0.262014 -0.368160 -4.923012 -2.434194 1.183547 0.652575 0.201325 -1.000000 
0.799396 0.193037 -0.407404 -4.887573 -2.424418 1.260174 0.654130 0.187670 -1.000000 
0.800666 0.124369 -0.446352 -4.848966 -2.414036 1.334932 0.655580 0.174727 -1.000000 
0.801387 0.056090 -0.484979 -4.807278 -2.403064 1.407711 0.656928 0.162539 -1.000000 
0.801564 -0.011723 -0.523261 -4.762601 -2.391518 1.478406 0.658182 0.151123 -1.000000 
0.801201 -0.078992 -0.561173 -4.715032 -2.379415 1.546920 0.659348 0.140479 -1.000000 
0.800302 -0.145645 -0.598694 -4.664676 -2.366773 1.613159 0.660432 0.130588 -1.000000 
0.798873 -0.211611 -0.635801 -4.611639 -2.353611 1.677038 0.661439 0.121425 -1.000000 
0.796918 -0.276820 -0.672473 -4.556033 -2.339947 1.738476 0.662377 0.112954 -1.000000 
0.794446 -0.341208 -0.708691 -4.497974 -2.325802 1.797401 0.663248 0.105137 -1.000000 
0.791461 -0.404713 -0.744435 -4.437579 -2.311196 1.853743 0.664060 0.097933 -1.000000 
0.787973 -0.467274 -0.779686 -4.374970 -2.296149 1.907444 0.664817 0.091298 -1.000000 
0.783988 -0.528837 -0.814428 -4.310271 -2.280684 1.958448 0.665523 0.085192 -1.000000 
0.779514 -0.589348 -0.848645 -4.243606 -2.264821 2.006709 0.666181 0.079574 -1.000000 
0.774561 -0.648759 -0.882321 -4.175102 -2.248584 2.052183 0.666797 0.074405 -1.000000 
0.769137 -0.707024 -0.915442 -4.104887 -2.231994 2.094838 0.667373 0.069648 -1.000000 
0.763252 -0.764100 -0.947995 -4.033089 -2.215074 2.134642 0.667912 0.065269 -1.000000 
0.756915 -0.819950 -0.979968 -3.959837 -2.197847 2.171575 0.668418 0.061236 -1.000000 
0.750136 -0.874539 -1.011349 -3.885258 -2.180337 2.205619 0.668893 0.057520 -1.000000 
0.742926 -0.927834 -1.042129 -3.809480 -2.162565 2.236764 0.669339 0.054094 -1.000000 
0.735294 -0.979809 -1.072298 -3.732629 -2.144556 2.265005 0.669759 0.050931 -1.000000 
0.727252 -1.030440 -1.101848 -3.654830 -2.126333 2.290341 0.670155 0.048011 -1.000000 
0.718811 -1.079705 -1.130773 -3.576206 -2.107918 2.312780 0.670528 0.045311 -1.000000 
0.709981 -1.127587 -1.159066 -3.496878 -2.089336 2.332331 0.670880 0.042812 -1.000000 
0.700773 -1.174073 -1.186721 -3.416965 -2.070609 2.349011 0.671213 0.040498 -1.000000 
0.691199 -1.219152 -1.213736 -3.336582 -2.051759 2.362840 0.671529 0.038353 -1.000000 
0.681270 -1.262816 -1.240106 -3.255844 -2.032811 2.373843 0.671827 0.036363 -1.000000 
0.670998 -1.305062 -1.265829 -3.174859 -2.013785 2.382049 0.672111 0.034514 -1.000000 
0.660393 -1.345888 -1.290903 -3.093735 -1.994705 2.387491 0.672380 0.032794 -1.000000 
0.649468 -1.385296 -1.315328 -3.012574 -1.975593 2.390207 0.672636 0.031194 -1.000000 
0.638232 -1.423291 -1.339105 -2.931475 -1.956469 2.390236 0.672879 0.029703 -1.000000 
0.626699 -1.459879 -1.362232 -2.850534 -1.937356 2.387622 0.673111 0.028312 -1.000000 
0.614878 -1.495071 -1.384714 -2.769842 -1.918274 2.382411 0.673333 0.027014 -1.000000 
0.602781 -1.528879 -1.406551 -2.689486 -1.899244 2.374652 0.673544 0.025801 -1.000000 
0.590419 -1.561316 -1.427747 -2.609548 -1.880286 2.364398 0.673746 0.024666 -1.000000 
0.577804 -1.592400 -1.448305 -2.530106 -1.861420 2.351701 0.673939 0.023604 -1.000000 
0.564945 -1.622149 -1.468230 -2.451235 -1.842666 2.336618 0.674124 0.022609 -1.000000 
0.551853 -1.650584 -1.487526 -2.373003 -1.824041 2.319205 0.674301 0.021676 -1.000000 
0.538539 -1.677726 -1.506200 -2.295475 -1.805564 2.299523 0.674470 0.020800 -1.000000 
0.525013 -1.703599 -1.524256 -2.218712 -1.787254 2.277631 0.674634 0.019977 -1.000000 
0.511284 -1.728228 -1.541701 -2.142768 -1.769128 2.253590 0.674790 0.019204 -1.000000 
0.497364 -1.751640 -1.558543 -2.067694 -1.751202 2.227463 0.674941 0.018476 -1.000000 
0.483261 -1.773862 -1.574787 -1.993537 -1.733494 2.199313 0.675086 0.017792 -1.000000 
0.468985 -1.794923 -1.590442 -1.920339 -1.716019 2.169202 0.675226 0.017146 -1.000000 
0.454546 -1.814851 -1.605515 -1.848137 -1.698792 2.137195 0.675360 0.016538 -1.000000 
0.439951 -1.833678 -1.620015 -1.776964 -1.681828 2.103355 0.675490 0.015965 -1.000000 
0.425210 -1.851432 -1.633949 -1.706849 -1.665143 2.067746 0.675616 0.015424 -1.000000 
0.410331 -1.868147 -1.647327 -1.637816 -1.648749 2.030431 0.675737 0.014913 -1.000000 
0.395322 -1.883852 -1.660157 -1.569885 -1.632660 1.991473 0.675855 0.014431 -1.000000 
0.380192 -1.898580 -1.672448 -1.503072 -1.616890 1.950935 0.675968 0.013975 -1.000000 
0.364947 -1.912362 -1.684209 -1.437390 -1.601449 1.908880 0.676078 0.013545 -1.000000 
0.349596 -1.925231 -1.695450 -1.372847 -1.586352 1.865368 0.676185 0.013138 -1.000000 
0.334146 -1.937217 -1.706178 -1.309447 -1.571607 1.820461 0.676289 0.012753 -1.000000 
0.318603 -1.948352 -1.716404 -1.247192 -1.557228 1.774217 0.676389 0.012389 -1.000000 
0.302974 -1.958668 -1.726136 -1.186078 -1.543223 1.726697 0.676487 0.012046 -1.000000 
0.287267 -1.968195 -1.735384 -1.126100 -1.529604 1.677957 0.676582 0.011721 -1.000000 
0.271485 -1.976962 -1.744157 -1.067249 -1.516379 1.628054 0.676674 0.011414 -1.000000 
0.255637 -1.985001 -1.752463 -1.009511 -1.503558 1.577044 0.676765 0.011124 -1.000000 
0.239727 -1.992339 -1.760312 -0.952872 -1.491149 1.524982 0.676852 0.010850 -1.000000 
0.223761 -1.999004 -1.767712 -0.897313 -1.479161 1.471921 0.676938 0.010592 -1.000000 
0.207745 -2.005025 -1.774672 -0.842813 -1.467601 1.417912 0.677022 0.010348 -1.000000 
0.191683 -2.010427 -1.781200 -0.789349 -1.456477 1.363007 0.677104 0.010118 -1.000000 
0.175580 -2.015236 -1.787304 -0.736893 -1.445795 1.307255 0.677184 0.009902 -1.000000 
0.159440 -2.019477 -1.792993 -0.685419 -1.435563 1.250704 0.677262 0.009699 -1.000000 
0.143269 -2.023172 -1.798273 -0.634893 -1.425786 1.193401 0.677339 0.009509 -1.000000 
0.127071 -2.026345 -1.803153 -0.585285 -1.416470 1.135393 0.677414 0.009330 -1.000000 
0.110849 -2.029015 -1.807640 -0.536559 -1.407621 1.076724 0.677488 0.009163 -1.000000 
0.094608 -2.031204 -1.811741 -0.488678 -1.399244 1.017437 0.677561 0.009007 -1.000000 
0.078351 -2.032930 -1.815461 -0.441603 -1.391344 0.957575 0.677633 0.008862 -1.000000 
0.062082 -2.034211 -1.818808 -0.395295 -1.383924 0.897179 0.677703 0.008728 -1.000000 
0.045805 -2.035061 -1.821788 -0.349712 -1.376990 0.836290 0.677772 0.008604 -1.000000 
0.029523 -2.035497 -1.824405 -0.304811 -1.370545 0.774946 0.677841 0.008490 -1.000000 
0.013238 -2.035531 -1.826666 -0.260547 -1.364592 0.713186 0.677908 0.008385 -1.000000 
-0.003045 -2.035175 -1.828576 -0.216876 -1.359135 0.651046 0.677975 0.008290 -1.000000 
-0.019324 -2.034440 -1.830138 -0.173750 -1.354176 0.588565 0.678041 0.008205 -1.000000 
-0.035595 -2.033335 -1.831357 -0.131123 -1.349719 0.525777 0.678106 0.008129 -1.000000 
-0.051856 -2.031868 -1.832237 -0.088947 -1.345765 0.462717 0.678171 0.008061 -1.000000 
-0.068104 -2.030045 -1.832781 -0.047172 -1.342316 0.399420 0.678235 0.008003 -1.000000 
-0.084336 -2.027870 -1.832993 -0.005749 -1.339375 0.335920 0.678299 0.007954 -1.000000 
-0.100549 -2.025347 -1.832874 0.035372 -1.336942 0.272250 0.678362 0.007913 -1.000000 
-0.116740 -2.022477 -1.832427 0.076242 -1.335019 0.208443 0.678426 0.007881 -1.000000 
-0.132908 -2.019261 -1.831655 0.116910 -1.333607 0.144531 0.678488 0.007857 -1.000000 
-0.149048 -2.015697 -1.830557 0.157428 -1.332707 0.080548 0.678551 0.007842 -1.000000 
-0.165158 -2.011783 -1.829136 0.197846 -1.332318 0.016525 0.678614 0.007835 -1.000000 
-0.181235 -2.007515 -1.827392 0.238217 -1.332442 -0.047506 0.678677 0.007837 -1.000000 
-0.197277 -2.002886 -1.825325 0.278589 -1.333078 -0.111513 0.678739 0.007847 -1.000000 
-0.213280 -1.997890 -1.822934 0.319014 -1.334226 -0.175463 0.678802 0.007866 -1.000000 
-0.229242 -1.992518 -1.820220 0.359543 -1.335885 -0.239325 0.678865 0.007894 -1.000000 
-0.245160 -1.986761 -1.817181 0.400224 -1.338055 -0.303065 0.678929 0.007929 -1.000000 
-0.261029 -1.980605 -1.813816 0.441108 -1.340734 -0.366651 0.678992 0.007974 -1.000000 
-0.276848 -1.974040 -1.810123 0.482243 -1.343921 -0.430049 0.679056 0.008027 -1.000000 
-0.292613 -1.967050 -1.806099 0.523677 -1.347614 -0.493227 0.679121 0.008089 -1.000000 
-0.308320 -1.959620 -1.801743 0.565457 -1.351812 -0.556149 0.679186 0.008161 -1.000000 
-0.323966 -1.951734 -1.797051 0.607630 -1.356512 -0.618781 0.679251 0.008241 -1.000000 
-0.339546 -1.943372 -1.792020 0.650240 -1.361712 -0.681087 0.679318 0.008330 -1.000000 
-0.355058 -1.934516 -1.786646 0.693333 -1.367408 -0.743031 0.679385 0.008429 -1.000000 
-0.370497 -1.925144 -1.780925 0.736949 -1.373599 -0.804575 0.679452 0.008537 -1.000000 
-0.385859 -1.915236 -1.774853 0.781133 -1.380280 -0.865683 0.679521 0.008656 -1.000000 
-0.401140 -1.904768 -1.768425 0.825922 -1.387449 -0.926314 0.679591 0.008784 -1.000000 
-0.416334 -1.893716 -1.761637 0.871357 -1.395100 -0.986429 0.679662 0.008923 -1.000000 
-0.431437 -1.882055 -1.754482 0.917474 -1.403230 -1.045987 0.679734 0.009072 -1.000000 
-0.446445 -1.869759 -1.746955 0.964307 -1.411834 -1.104945 0.679807 0.009233 -1.000000 
-0.461352 -1.856801 -1.739051 1.011890 -1.420907 -1.163261 0.679881 0.009405 -1.000000 
-0.476152 -1.843153 -1.730763 1.060255 -1.430445 -1.220889 0.679957 0.009588 -1.000000 
-0.490840 -1.828787 -1.722085 1.109430 -1.440440 -1.277785 0.680035 0.009784 -1.000000 
-0.505411 -1.813673 -1.713010 1.159443 -1.450887 -1.333900 0.680114 0.009992 -1.000000 
-0.519857 -1.797781 -1.703531 1.210317 -1.461780 -1.389187 0.680195 0.010214 -1.000000 
-0.534173 -1.781081 -1.693642 1.262075 -1.473112 -1.443597 0.680277 0.010449 -1.000000 
-0.548352 -1.763542 -1.683336 1.314735 -1.484875 -1.497078 0.680362 0.010699 -1.000000 
-0.562387 -1.745132 -1.672604 1.368316 -1.497062 -1.549578 0.680449 0.010963 -1.000000 
-0.576272 -1.725819 -1.661440 1.422830 -1.509666 -1.601045 0.680537 0.011243 -1.000000 
-0.589998 -1.705571 -1.649836 1.478289 -1.522676 -1.651423 0.680629 0.011540 -1.000000 
-0.603558 -1.684357 -1.637785 1.534700 -1.536085 -1.700657 0.680722 0.011854 -1.000000 
-0.616945 -1.662144 -1.625279 1.592069 -1.549883 -1.748689 0.680818 0.012187 -1.000000 
-0.630150 -1.638900 -1.612309 1.650395 -1.564061 -1.795462 0.680917 0.012538 -1.000000 
-0.643165 -1.614593 -1.598870 1.709678 -1.578607 -1.840915 0.681019 0.012911 -1.000000 
-0.655980 -1.589192 -1.584952 1.769912 -1.593512 -1.884990 0.681124 0.013304 -1.000000 
-0.668589 -1.562666 -1.570549 1.831088 -1.608763 -1.927624 0.681232 0.013721 -1.000000 
-0.680980 -1.534984 -1.555652 1.893192 -1.624350 -1.968754 0.681343 0.014161 -1.000000 
-0.693145 -1.506117 -1.540255 1.956209 -1.640259 -2.008320 0.681459 0.014628 -1.000000 
-0.705075 -1.476036 -1.524350 2.020117 -1.656479 -2.046255 0.681578 0.015122 -1.000000 
-0.716758 -1.444712 -1.507931 2.084892 -1.672995 -2.082497 0.681701 0.015646 -1.000000 
-0.728187 -1.412119 -1.490990 2.150506 -1.689794 -2.116980 0.681828 0.016201 -1.000000 
-0.739349 -1.378231 -1.473521 2.216925 -1.706862 -2.149640 0.681960 0.016789 -1.000000 
-0.750235 -1.343025 -1.455517 2.284113 -1.724183 -2.180410 0.682097 0.017413 -1.000000 
-0.760834 -1.306477 -1.436973 2.352028 -1.741743 -2.209227 0.682239 0.018076 -1.000000 
-0.771135 -1.268566 -1.417883 2.420626 -1.759525 -2.236024 0.682386 0.018780 -1.000000 
-0.781127 -1.229274 -1.398241 2.489855 -1.777514 -2.260737 0.682539 0.019528 -1.000000 
-0.790799 -1.188583 -1.378043 2.559663 -1.795691 -2.283301 0.682699 0.020325 -1.000000 
-0.800141 -1.146478 -1.357285 2.629990 -1.814041 -2.303654 0.682865 0.021173 -1.000000 
-0.809139 -1.102946 -1.335962 2.700775 -1.832544 -2.321732 0.683038 0.022076 -1.000000 
-0.817784 -1.057978 -1.314072 2.771949 -1.851182 -2.337473 0.683218 0.023040 -1.000000 
-0.826063 -1.011565 -1.291610 2.843441 -1.869937 -2.350818 0.683406 0.024069 -1.000000 
-0.833965 -0.963702 -1.268576 2.915176 -1.888789 -2.361708 0.683603 0.025169 -1.000000 
-0.841478 -0.914387 -1.244967 2.987075 -1.907718 -2.370085 0.683809 0.026346 -1.000000 
-0.848591 -0.863621 -1.220783 3.059052 -1.926703 -2.375895 0.684025 0.027605 -1.000000 
-0.855293 -0.811408 -1.196022 3.131021 -1.945725 -2.379086 0.684251 0.028955 -1.000000 
-0.861570 -0.757755 -1.170687 3.202890 -1.964761 -2.379607 0.684489 0.030404 -1.000000 
-0.867413 -0.702672 -1.144777 3.274563 -1.983791 -2.377410 0.684738 0.031960 -1.000000 
-0.872809 -0.646173 -1.118294 3.345941 -2.002793 -2.372453 0.685000 0.033633 -1.000000 
-0.877748 -0.588276 -1.091243 3.416923 -2.021743 -2.364693 0.685276 0.035435 -1.000000 
-0.882218 -0.529001 -1.063625 3.487402 -2.040620 -2.354094 0.685568 0.037376 -1.000000 
-0.886208 -0.468373 -1.035446 3.557269 -2.059401 -2.340622 0.685875 0.039470 -1.000000 
-0.889708 -0.406421 -1.006711 3.626415 -2.078062 -2.324247 0.686200 0.041732 -1.000000 
-0.892708 -0.343177 -0.977425 3.694724 -2.096581 -2.304944 0.686543 0.044178 -1.000000 
-0.895196 -0.278677 -0.947598 3.762081 -2.114934 -2.282693 0.686907 0.046826 -1.000000 
-0.897163 -0.212962 -0.917235 3.828368 -2.133096 -2.257477 0.687293 0.049695 -1.000000 
-0.898600 -0.146074 -0.886347 3.893465 -2.151045 -2.229285 0.687703 0.052808 -1.000000 
-0.899497 -0.078063 -0.854943 3.957250 -2.168757 -2.198111 0.688138 0.056188 -1.000000 
-0.899846 -0.008979 -0.823035 4.019603 -2.186207 -2.163955 0.688602 0.059862 -1.000000 
-0.899638 0.061121 -0.790634 4.080399 -2.203372 -2.126823 0.689097 0.063859 -1.000000 
-0.898866 0.132179 -0.757753 4.139517 -2.220228 -2.086724 0.689625 0.068211 -1.000000 
-0.897521 0.204132 -0.724406 4.196832 -2.236752 -2.043675 0.690190 0.072953 -1.000000 
-0.895597 0.276912 -0.690609 4.252223 -2.252919 -1.997700 0.690794 0.078122 -1.000000 
-0.893088 0.350450 -0.656376 4.305567 -2.268707 -1.948825 0.691441 0.083761 -1.000000 
-0.889988 0.424672 -0.621725 4.356744 -2.284093 -1.897088 0.692135 0.089912 -1.000000 
-0.886292 0.499502 -0.586674 4.405635 -2.299053 -1.842527 0.692881 0.096623 -1.000000 
-0.881995 0.574858 -0.551241 4.452123 -2.313566 -1.785192 0.693683 0.103943 -1.000000 
-0.877093 0.650659 -0.515447 4.496093 -2.327609 -1.725134 0.694546 0.111922 -1.000000 
-0.871583 0.726819 -0.479311 4.537433 -2.341161 -1.662414 0.695475 0.120613 -1.000000 
-0.865463 0.803249 -0.442855 4.576034 -2.354201 -1.597099 0.696478 0.130064 -1.000000 
-0.858731 0.879859 -0.406102 4.611792 -2.366708 -1.529259 0.697559 0.140324 -1.000000 
-0.851385 0.956557 -0.369074 4.644605 -2.378662 -1.458973 0.698725 0.151434 -1.000000 
-0.843426 1.033247 -0.331796 4.674376 -2.390045 -1.386326 0.699984 0.163425 -1.000000 
-0.834854 1.109833 -0.294293 4.701013 -2.400838 -1.311407 0.701342 0.176313 -1.000000 
-0.825669 1.186219 -0.256589 4.724427 -2.411022 -1.234311 0.702807 0.190095 -1.000000 
-0.815875 1.262304 -0.218711 4.744538 -2.420581 -1.155140 0.704386 0.204739 -1.000000 
-0.805473 1.337990 -0.180685 4.761269 -2.429499 -1.074001 0.706085 0.220181 -1.000000 
-0.794468 1.413175 -0.142540 4.774548 -2.437760 -0.991003 0.707911 0.236309 -1.000000 
-0.782864 1.487760 -0.104302 4.784311 -2.445350 -0.906266 0.709868 0.252964 -1.000000 
-0.770666 1.561643 -0.066000 4.790500 -2.452256 -0.819908 0.711959 0.269926 -1.000000 
-0.757880 1.634723 -0.027664 4.793063 -2.458465 -0.732058 0.714186 0.286913 -1.000000 
-0.744513 1.706900 0.010679 4.791956 -2.463965 -0.642845 0.716549 0.303581 -1.000000 
-0.730572 1.778074 0.048998 4.787142 -2.468747 -0.552404 0.719042 0.319527 -1.000000 
-0.716067 1.848144 0.087263 4.778589 -2.472801 -0.460875 0.721658 0.334304 -1.000000 
-0.701005 1.917014 0.125445 4.766276 -2.476119 -0.368402 0.724386 0.347444 -1.000000 
-0.685398 1.984585 0.163514 4.750188 -2.478693 -0.275132 0.727211 0.358479 -1.000000 
-0.669256 2.050762 0.201438 4.730319 -2.480519 -0.181218 0.730115 0.366983 -1.000000 
-0.652590 2.115452 0.239189 4.706671 -2.481591 -0.086814 0.733076 0.372603 -1.000000 
-0.635413 2.178562 0.276735 4.679255 -2.481907 0.007919 0.736068 0.375092 -1.000000 
-0.617737 2.240003 0.314047 4.648091 -2.481464 0.102821 0.739068 0.374333 -1.000000 
-0.599577 2.299689 0.351094 4.613207 -2.480262 0.197726 0.742049 0.370352 -1.000000 
-0.580947 2.357537 0.387848 4.574642 -2.478301 0.292466 0.744986 0.363318 -1.000000 
-0.561862 2.413468 0.424279 4.532444 -2.475583 0.386874 0.747855 0.353521 -1.000000 
-0.542337 2.467407 0.460358 4.486669 -2.472112 0.480781 0.750636 0.341348 -1.000000 
-0.522389 2.519282 0.496056 4.437384 -2.467893 0.574017 0.753311 0.327249 -1.000000 
-0.502034 2.569030 0.531347 4.384664 -2.462930 0.666413 0.755868 0.311700 -1.000000 
-0.481290 2.616588 0.566202 4.328592 -2.457233 0.757804 0.758296 0.295170 -1.000000 
-0.460175 2.661904 0.600596 4.269261 -2.450809 0.848025 0.760589 0.278095 -1.000000 
-0.438706 2.704928 0.634502 4.206771 -2.443668 0.936916 0.762745 0.260864 -1.000000 
-0.416902 2.745618 0.667896 4.141230 -2.435822 1.024318 0.764763 0.243798 -1.000000 
-0.394782 2.783938 0.700754 4.072752 -2.427283 1.110079 0.766647 0.227160 -1.000000 
-0.372365 2.819858 0.733052 4.001461 -2.418065 1.194053 0.768400 0.211146 -1.000000 
-0.349671 2.853353 0.764770 3.927482 -2.408184 1.276097 0.770027 0.195895 -1.000000 
-0.326718 2.884408 0.795885 3.850949 -2.397653 1.356077 0.771536 0.181499 -1.000000 
-0.303527 2.913012 0.826379 3.771999 -2.386492 1.433862 0.772934 0.168007 -1.000000 
-0.280117 2.939160 0.856231 3.690775 -2.374718 1.509331 0.774227 0.155437 -1.000000 
-0.256507 2.962855 0.885425 3.607423 -2.362349 1.582369 0.775423 0.143781 -1.000000 
-0.232717 2.984103 0.913945 3.522089 -2.349407 1.652869 0.776530 0.133014 -1.000000 
-0.208768 3.002920 0.941774 3.434926 -2.335910 1.720731 0.777554 0.123096 -1.000000 
-0.184677 3.019326 0.968899 3.346087 -2.321882 1.785864 0.778501 0.113982 -1.000000 
-0.160465 3.033344 0.995307 3.255724 -2.307344 1.848183 0.779379 0.105620 -1.000000 
-0.136150 3.045007 1.020987 3.163993 -2.292319 1.907611 0.780193 0.097958 -1.000000 
-0.111751 3.054349 1.045928 3.071049 -2.276830 1.964083 0.780948 0.090942 -1.000000 
-0.087286 3.061412 1.070121 2.977045 -2.260902 2.017536 0.781650 0.084520 -1.000000 
-0.062774 3.066240 1.093558 2.882135 -2.244558 2.067921 0.782302 0.078642 -1.000000 
-0.038232 3.068883 1.116233 2.786471 -2.227823 2.115191 0.782909 0.073262 -1.000000 
-0.013678 3.069395 1.138140 2.690201 -2.210723 2.159312 0.783476 0.068336 -1.000000 
0.010872 3.067831 1.159275 2.593474 -2.193283 2.200254 0.784004 0.063822 -1.000000 
0.035402 3.064253 1.179635 2.496433 -2.175528 2.237997 0.784498 0.059684 -1.000000 
0.059895 3.058724 1.199217 2.399221 -2.157483 2.272526 0.784960 0.055888 -1.000000 
0.084337 3.051310 1.218022 2.301974 -2.139176 2.303835 0.785393 0.052401 -1.000000 
0.108711 3.042080 1.236049 2.204825 -2.120631 2.331924 0.785799 0.049196 -1.000000 
0.133005 3.031105 1.253300 2.107905 -2.101874 2.356800 0.786181 0.046247 -1.000000 
0.157205 3.018456 1.269777 2.011337 -2.082930 2.378475 0.786540 0.043531 -1.000000 
0.181296 3.004208 1.285483 1.915242 -2.063826 2.396970 0.786878 0.041026 -1.000000 
0.205268 2.988435 1.300422 1.819733 -2.044587 2.412308 0.787196 0.038713 -1.000000 
0.229107 2.971215 1.314600 1.724921 -2.025238 2.424521 0.787498 0.036575 -1.000000 
0.252804 2.952623 1.328023 1.630908 -2.005803 2.433643 0.787782 0.034597 -1.000000 
0.276346 2.932736 1.340697 1.537794 -1.986308 2.439715 0.788051 0.032765 -1.000000 
0.299724 2.911631 1.352630 1.445671 -1.966776 2.442782 0.788307 0.031066 -1.000000 
0.322929 2.889384 1.363831 1.354626 -1.947231 2.442893 0.788549 0.029488 -1.000000 
0.345951 2.866072 1.374308 1.264739 -1.927697 2.440100 0.788779 0.028021 -1.000000 
0.368783 2.841770 1.384070 1.176086 -1.908197 2.434460 0.788997 0.026656 -1.000000 
0.391417 2.816553 1.393128 1.088736 -1.888753 2.426031 0.789206 0.025384 -1.000000 
0.413846 2.790493 1.401493 1.002751 -1.869388 2.414877 0.789404 0.024197 -1.000000 
0.436063 2.763663 1.409176 0.918190 -1.850122 2.401062 0.789593 0.023090 -1.000000 
0.458063 2.736132 1.416188 0.835104 -1.830978 2.384653 0.789773 0.022055 -1.000000 
0.479840 2.707970 1.422542 0.753539 -1.811975 2.365719 0.789946 0.021086 -1.000000 
0.501389 2.679242 1.428249 0.673534 -1.793133 2.344330 0.790111 0.020180 -1.000000 
0.522706 2.650014 1.433323 0.595126 -1.774472 2.320558 0.790269 0.019330 -1.000000 
0.543788 2.620347 1.437775 0.518342 -1.756010 2.294477 0.790420 0.018532 -1.000000 
0.564631 2.590302 1.441621 0.443207 -1.737766 2.266158 0.790566 0.017784 -1.000000 
0.585232 2.559937 1.444871 0.369741 -1.719757 2.235678 0.790705 0.017080 -1.000000 
0.605589 2.529305 1.447541 0.297956 -1.702001 2.203110 0.790839 0.016419 -1.000000 
0.625700 2.498461 1.449643 0.227862 -1.684513 2.168529 0.790968 0.015797 -1.000000 
0.645564 2.467452 1.451191 0.159465 -1.667309 2.132010 0.791092 0.015211 -1.000000 
0.665179 2.436328 1.452199 0.092762 -1.650406 2.093625 0.791211 0.014658 -1.000000 
0.684545 2.405130 1.452680 0.027752 -1.633816 2.053450 0.791326 0.014138 -1.000000 
0.703661 2.373901 1.452648 -0.035575 -1.617555 2.011557 0.791438 0.013647 -1.000000 
0.722527 2.342679 1.452115 -0.097231 -1.601636 1.968018 0.791545 0.013184 -1.000000 
0.741144 2.311500 1.451096 -0.157231 -1.586071 1.922904 0.791649 0.012747 -1.000000 
0.759512 2.280396 1.449604 -0.215595 -1.570873 1.876286 0.791749 0.012335 -1.000000 
0.777631 2.249397 1.447651 -0.272344 -1.556054 1.828232 0.791846 0.011945 -1.000000 
0.795502 2.218528 1.445251 -0.327505 -1.541625 1.778809 0.791940 0.011578 -1.000000 
0.813127 2.187815 1.442415 -0.381106 -1.527597 1.728085 0.792031 0.011230 -1.000000 
0.830508 2.157277 1.439157 -0.433178 -1.513979 1.676123 0.792120 0.010903 -1.000000 
0.847644 2.126933 1.435488 -0.483753 -1.500782 1.622986 0.792206 0.010593 -1.000000 
0.864539 2.096797 1.431421 -0.532869 -1.488014 1.568737 0.792289 0.010302 -1.000000 
0.881194 2.066882 1.426966 -0.580563 -1.475685 1.513435 0.792371 0.010027 -1.000000 
0.897610 2.037197 1.422135 -0.626875 -1.463802 1.457139 0.792450 0.009767 -1.000000 
0.913790 2.007748 1.416940 -0.671846 -1.452373 1.399905 0.792527 0.009523 -1.000000 
0.929735 1.978540 1.411389 -0.715520 -1.441406 1.341789 0.792602 0.009294 -1.000000 
0.945447 1.949573 1.405495 -0.757940 -1.430907 1.282843 0.792676 0.009078 -1.000000 
0.960928 1.920846 1.399266 -0.799153 -1.420882 1.223120 0.792748 0.008876 -1.000000 
0.976181 1.892354 1.392711 -0.839205 -1.411339 1.162670 0.792818 0.008687 -1.000000 
0.991207 1.864092 1.385841 -0.878143 -1.402282 1.101541 0.792887 0.008510 -1.000000 
1.006007 1.836049 1.378664 -0.916017 -1.393716 1.039781 0.792954 0.008345 -1.000000 
1.020584 1.808215 1.371188 -0.952875 -1.385647 0.977435 0.793020 0.008192 -1.000000 
1.034939 1.780575 1.363421 -0.988766 -1.378078 0.914547 0.793085 0.008050 -1.000000 
1.049074 1.753113 1.355370 -1.023741 -1.371015 0.851160 0.793149 0.007920 -1.000000 
1.062989 1.725810 1.347043 -1.057848 -1.364461 0.787315 0.793212 0.007799 -1.000000 
1.076687 1.698647 1.338446 -1.091138 -1.358419 0.723053 0.793274 0.007690 -1.000000 
1.090168 1.671599 1.329587 -1.123662 -1.352893 0.658413 0.793335 0.007590 -1.000000 
1.103433 1.644643 1.320470 -1.155467 -1.347886 0.593432 0.793395 0.007501 -1.000000 
1.116482 1.617752 1.311101 -1.186605 -1.343399 0.528148 0.793455 0.007422 -1.000000 
1.129317 1.590896 1.301486 -1.217124 -1.339436 0.462597 0.793514 0.007352 -1.000000 
1.141937 1.564045 1.291629 -1.247072 -1.335998 0.396814 0.793573 0.007292 -1.000000 
1.154342 1.537167 1.281534 -1.276497 -1.333087 0.330834 0.793631 0.007241 -1.000000 
1.166531 1.510228 1.271206 -1.305447 -1.330705 0.264691 0.793688 0.007199 -1.000000 
1.178505 1.483191 1.260648 -1.333967 -1.328853 0.198418 0.793746 0.007167 -1.000000 
1.190262 1.456021 1.249864 -1.362103 -1.327531 0.132048 0.793803 0.007144 -1.000000 
1.201801 1.428677 1.238855 -1.389900 -1.326740 0.065614 0.793860 0.007131 -1.000000 
1.213120 1.401120 1.227626 -1.417401 -1.326481 -0.000851 0.793917 0.007126 -1.000000 
1.224218 1.373308 1.216178 -1.444647 -1.326754 -0.067316 0.793974 0.007131 -1.000000 
1.235092 1.345198 1.204512 -1.471681 -1.327558 -0.133747 0.794031 0.007145 -1.000000 
1.245740 1.316747 1.192631 -1.498541 -1.328893 -0.200112 0.794089 0.007167 -1.000000 
1.256159 1.287910 1.180536 -1.525266 -1.330760 -0.266378 0.794146 0.007200 -1.000000 
1.266346 1.258640 1.168227 -1.551892 -1.333155 -0.332512 0.794204 0.007241 -1.000000 
1.276296 1.228890 1.155706 -1.578455 -1.336079 -0.398481 0.794262 0.007292 -1.000000 
1.286007 1.198613 1.142972 -1.604988 -1.339530 -0.464250 0.794321 0.007352 -1.000000 
1.295472 1.167761 1.130026 -1.631523 -1.343507 -0.529785 0.794380 0.007422 -1.000000 
1.304689 1.136283 1.116867 -1.658090 -1.348006 -0.595050 0.794439 0.007501 -1.000000 
1.313651 1.104131 1.103496 -1.684717 -1.353027 -0.660009 0.794500 0.007591 -1.000000 
1.322353 1.071254 1.089912 -1.711430 -1.358565 -0.724624 0.794561 0.007690 -1.000000 
1.330789 1.037602 1.076113 -1.738254 -1.364620 -0.788858 0.794623 0.007800 -1.000000 
1.338953 1.003125 1.062099 -1.765210 -1.371186 -0.852670 0.794686 0.007920 -1.000000 
1.346837 0.967771 1.047869 -1.792320 -1.378261 -0.916021 0.794750 0.008051 -1.000000 
1.354435 0.931491 1.033422 -1.819600 -1.385841 -0.978869 0.794815 0.008193 -1.000000 
1.361738 0.894234 1.018755 -1.847067 -1.393922 -1.041170 0.794881 0.008346 -1.000000 
1.368740 0.855949 1.003868 -1.874733 -1.402498 -1.102879 0.794948 0.008510 -1.000000 
1.375430 0.816588 0.988759 -1.902611 -1.411566 -1.163952 0.795017 0.008687 -1.000000 
1.381802 0.776101 0.973426 -1.930707 -1.421120 -1.224339 0.795087 0.008876 -1.000000 
1.387845 0.734440 0.957867 -1.959029 -1.431153 -1.283992 0.795159 0.009078 -1.000000 
1.393550 0.691557 0.942081 -1.987580 -1.441661 -1.342860 0.795232 0.009293 -1.000000 
1.398906 0.647406 0.926065 -2.016361 -1.452637 -1.400891 0.795308 0.009523 -1.000000 
1.403905 0.601943 0.909818 -2.045369 -1.464073 -1.458030 0.795385 0.009766 -1.000000 
1.408534 0.555123 0.893339 -2.074601 -1.475963 -1.514221 0.795464 0.010025 -1.000000 
1.412783 0.506904 0.876624 -2.104048 -1.488298 -1.569408 0.795545 0.010300 -1.000000 
1.416641 0.457247 0.859673 -2.133702 -1.501071 -1.623530 0.795629 0.010591 -1.000000 
1.420095 0.406112 0.842484 -2.163549 -1.514272 -1.676527 0.795715 0.010900 -1.000000 
1.423134 0.353463 0.825056 -2.193573 -1.527892 -1.728336 0.795803 0.011227 -1.000000 
1.425746 0.299267 0.807387 -2.223755 -1.541922 -1.778892 0.795894 0.011574 -1.000000 
1.427918 0.243492 0.789476 -2.254074 -1.556351 -1.828131 0.795988 0.011941 -1.000000 
1.429638 0.186109 0.771321 -2.284506 -1.571168 -1.875984 0.796086 0.012330 -1.000000 
1.430892 0.127092 0.752923 -2.315023 -1.586362 -1.922382 0.796186 0.012742 -1.000000 
1.431667 0.066420 0.734281 -2.345593 -1.601922 -1.967256 0.796289 0.013179 -1.000000 
1.431950 0.004071 0.715394 -2.376184 -1.617834 -2.010533 0.796397 0.013641 -1.000000 
1.431728 -0.059968 0.696262 -2.406760 -1.634086 -2.052142 0.796508 0.014131 -1.000000 
1.430986 -0.125710 0.676886 -2.437279 -1.650664 -2.092007 0.796623 0.014651 -1.000000 
1.429712 -0.193164 0.657266 -2.467702 -1.667553 -2.130056 0.796742 0.015203 -1.000000 
1.427891 -0.262333 0.637403 -2.497981 -1.684740 -2.166211 0.796866 0.015789 -1.000000 
1.425510 -0.333217 0.617299 -2.528068 -1.702208 -2.200398 0.796995 0.016411 -1.000000 
1.422555 -0.405811 0.596954 -2.557914 -1.719941 -2.232540 0.797129 0.017073 -1.000000 
1.419012 -0.480105 0.576373 -2.587463 -1.737922 -2.262560 0.797268 0.017777 -1.000000 
1.414869 -0.556084 0.555556 -2.616660 -1.756136 -2.290381 0.797414 0.018526 -1.000000 
1.410110 -0.633729 0.534507 -2.645446 -1.774563 -2.315928 0.797565 0.019325 -1.000000 
1.404725 -0.713014 0.513230 -2.673759 -1.793184 -2.339124 0.797723 0.020177 -1.000000 
1.398698 -0.793909 0.491729 -2.701536 -1.811982 -2.359895 0.797888 0.021086 -1.000000 
1.392018 -0.876379 0.470007 -2.728710 -1.830936 -2.378165 0.798060 0.022058 -1.000000 
1.384672 -0.960381 0.448071 -2.755213 -1.850026 -2.393863 0.798241 0.023098 -1.000000 
1.376648 -1.045868 0.425926 -2.780975 -1.869231 -2.406917 0.798430 0.024211 -1.000000 
1.367934 -1.132786 0.403578 -2.805925 -1.888529 -2.417257 0.798629 0.025405 -1.000000 
1.358519 -1.221076 0.381033 -2.829988 -1.907899 -2.424816 0.798837 0.026686 -1.000000 
1.348393 -1.310672 0.358300 -2.853089 -1.927319 -2.429530 0.799056 0.028063 -1.000000 
1.337545 -1.401504 0.335387 -2.875154 -1.946764 -2.431336 0.799286 0.029545 -1.000000 
1.325966 -1.493493 0.312301 -2.896104 -1.966212 -2.430175 0.799529 0.031140 -1.000000 
1.313647 -1.586555 0.289052 -2.915861 -1.985639 -2.425992 0.799785 0.032862 -1.000000 
1.300579 -1.680601 0.265650 -2.934347 -2.005020 -2.418735 0.800055 0.034720 -1.000000 
1.286755 -1.775535 0.242106 -2.951484 -2.024330 -2.408357 0.800341 0.036730 -1.000000 
1.272168 -1.871254 0.218430 -2.967192 -2.043545 -2.394815 0.800643 0.038907 -1.000000 
1.256813 -1.967652 0.194635 -2.981394 -2.062639 -2.378070 0.800964 0.041266 -1.000000 
1.240684 -2.064615 0.170732 -2.994010 -2.081586 -2.358088 0.801304 0.043827 -1.000000 
1.223778 -2.162024 0.146735 -3.004965 -2.100360 -2.334844 0.801665 0.046611 -1.000000 
1.206091 -2.259755 0.122658 -3.014182 -2.118934 -2.308313 0.802050 0.049641 -1.000000 
1.187621 -2.357679 0.098513 -3.021586 -2.137284 -2.278481 0.802460 0.052943 -1.000000 
1.168368 -2.455662 0.074317 -3.027106 -2.155381 -2.245337 0.802898 0.056545 -1.000000 
1.148331 -2.553565 0.050085 -3.030669 -2.173200 -2.208879 0.803366 0.060479 -1.000000 
1.127511 -2.651246 0.025832 -3.032208 -2.190714 -2.169109 0.803867 0.064781 -1.000000 
1.105912 -2.748557 0.001575 -3.031657 -2.207897 -2.126039 0.804404 0.069489 -1.000000 
1.083536 -2.845348 -0.022669 -3.028953 -2.224722 -2.079686 0.804980 0.074647 -1.000000 
1.060388 -2.941467 -0.046882 -3.024037 -2.241164 -2.030075 0.805599 0.080302 -1.000000 
1.036475 -3.036758 -0.071047 -3.016852 -2.257195 -1.977239 0.806266 0.086504 -1.000000 
1.011803 -3.131061 -0.095146 -3.007347 -2.272791 -1.921219 0.806985 0.093310 -1.000000 
0.986381 -3.224217 -0.119159 -2.995474 -2.287926 -1.862061 0.807761 0.100779 -1.000000 
0.960219 -3.316065 -0.143067 -2.981189 -2.302576 -1.799822 0.808599 0.108973 -1.000000 
0.933328 -3.406443 -0.166851 -2.964453 -2.316715 -1.734566 0.809507 0.117958 -1.000000 
0.905720 -3.495189 -0.190491 -2.945232 -2.330321 -1.666362 0.810489 0.127799 -1.000000 
0.877409 -3.582141 -0.213968 -2.923496 -2.343369 -1.595290 0.811554 0.138562 -1.000000 
0.848411 -3.667136 -0.237261 -2.899222 -2.355838 -1.521436 0.812709 0.150307 -1.000000 
0.818741 -3.750017 -0.260349 -2.872392 -2.367705 -1.444893 0.813961 0.163084 -1.000000 
0.788417 -3.830624 -0.283212 -2.842992 -2.378949 -1.365763 0.815321 0.176930 -1.000000 
0.757457 -3.908802 -0.305830 -2.811016 -2.389551 -1.284153 0.816795 0.191859 -1.000000 
0.725883 -3.984398 -0.328181 -2.776461 -2.399490 -1.200177 0.818393 0.207854 -1.000000 
0.693714 -4.057263 -0.350246 -2.739332 -2.408748 -1.113959 0.820124 0.224857 -1.000000 
0.660974 -4.127252 -0.372004 -2.699640 -2.417307 -1.025624 0.821993 0.242756 -1.000000 
0.627686 -4.194223 -0.393434 -2.657401 -2.425152 -0.935308 0.824010 0.261373 -1.000000 
0.593875 -4.258040 -0.414516 -2.612638 -2.432267 -0.843150 0.826177 0.280454 -1.000000 
0.559566 -4.318573 -0.435229 -2.565379 -2.438638 -0.749296 0.828497 0.299662 -1.000000 
0.524787 -4.375694 -0.455555 -2.515659 -2.444252 -0.653899 0.830971 0.318571 -1.000000 
0.489565 -4.429286 -0.475473 -2.463520 -2.449097 -0.557114 0.833592 0.336674 -1.000000 
0.453928 -4.479236 -0.494965 -2.409008 -2.453162 -0.459106 0.836354 0.353402 -1.000000 
0.417907 -4.525437 -0.514011 -2.352179 -2.456440 -0.360043 0.839241 0.368151 -1.000000 
0.381531 -4.567791 -0.532594 -2.293092 -2.458921 -0.260097 0.842237 0.380323 -1.000000 
0.344833 -4.606207 -0.550695 -2.231814 -2.460599 -0.159448 0.845318 0.389378 -1.000000 
0.307843 -4.640605 -0.568297 -2.168421 -2.461471 -0.058279 0.848458 0.394883 -1.000000 
0.270594 -4.670910 -0.585384 -2.102991 -2.461531 0.043222 0.851626 0.396557 -1.000000 
0.233119 -4.697061 -0.601940 -2.035612 -2.460779 0.144861 0.854792 0.394308 -1.000000 
0.195452 -4.719003 -0.617949 -1.966378 -2.459213 0.246444 0.857925 0.388240 -1.000000 
0.157627 -4.736696 -0.633397 -1.895388 -2.456836 0.347772 0.860995 0.378639 -1.000000 
0.119676 -4.750108 -0.648271 -1.822748 -2.453650 0.448645 0.863975 0.365950 -1.000000 
0.081636 -4.759221 -0.662557 -1.748568 -2.449660 0.548862 0.866843 0.350722 -1.000000 
0.043540 -4.764028 -0.676244 -1.672964 -2.444871 0.648222 0.869581 0.333559 -1.000000 
0.005423 -4.764535 -0.689321 -1.596056 -2.439291 0.746528 0.872176 0.315073 -1.000000 
-0.032681 -4.760759 -0.701778 -1.517968 -2.432930 0.843582 0.874620 0.295837 -1.000000 
-0.070738 -4.752730 -0.713606 -1.438827 -2.425797 0.939192 0.876909 0.276359 -1.000000 
-0.108713 -4.740491 -0.724797 -1.358762 -2.417907 1.033171 0.879043 0.257065 -1.000000 
-0.146574 -4.724097 -0.735344 -1.277904 -2.409272 1.125337 0.881024 0.238291 -1.000000 
-0.184288 -4.703612 -0.745241 -1.196386 -2.399907 1.215512 0.882857 0.220287 -1.000000 
-0.221821 -4.679114 -0.754485 -1.114340 -2.389829 1.303530 0.884551 0.203225 -1.000000 
-0.259143 -4.650690 -0.763070 -1.031900 -2.379056 1.389230 0.886112 0.187211 -1.000000 
-0.296222 -4.618438 -0.770994 -0.949196 -2.367608 1.472458 0.887549 0.172299 -1.000000 
-0.333028 -4.582465 -0.778257 -0.866362 -2.355504 1.553071 0.888871 0.158500 -1.000000 
-0.369532 -4.542887 -0.784856 -0.783525 -2.342766 1.630935 0.890088 0.145792 -1.000000 
-0.405705 -4.499827 -0.790793 -0.700813 -2.329417 1.705924 0.891207 0.134136 -1.000000 
-0.441520 -4.453419 -0.796070 -0.618350 -2.315479 1.777924 0.892237 0.123476 -1.000000 
-0.476951 -4.403799 -0.800688 -0.536258 -2.300978 1.846829 0.893185 0.113747 -1.000000 
-0.511973 -4.351113 -0.804651 -0.454655 -2.285939 1.912543 0.894059 0.104882 -1.000000 
-0.546561 -4.295511 -0.807964 -0.373654 -2.270386 1.974982 0.894865 0.096812 -1.000000 
-0.580694 -4.237145 -0.810632 -0.293365 -2.254348 2.034071 0.895610 0.089470 -1.000000 
-0.614349 -4.176176 -0.812660 -0.213895 -2.237850 2.089744 0.896299 0.082790 -1.000000 
-0.647506 -4.112764 -0.814056 -0.135342 -2.220921 2.141946 0.896936 0.076713 -1.000000 
-0.680147 -4.047072 -0.814828 -0.057803 -2.203589 2.190633 0.897527 0.071182 -1.000000 
-0.712254 -3.979268 -0.814984 0.018633 -2.185881 2.235769 0.898076 0.066144 -1.000000 
-0.743810 -3.909515 -0.814533 0.093880 -2.167826 2.277328 0.898587 0.061552 -1.000000 
-0.774801 -3.837983 -0.813485 0.167860 -2.149453 2.315292 0.899062 0.057362 -1.000000 
-0.805213 -3.764837 -0.811851 0.240499 -2.130791 2.349655 0.899506 0.053536 -1.000000 
-0.835035 -3.690243 -0.809641 0.311730 -2.111868 2.380418 0.899920 0.050037 -1.000000 
-0.864254 -3.614364 -0.806867 0.381490 -2.092714 2.407588 0.900307 0.046834 -1.000000 
-0.892861 -3.537364 -0.803541 0.449723 -2.073356 2.431184 0.900670 0.043898 -1.000000 
-0.920849 -3.459401 -0.799676 0.516380 -2.053824 2.451230 0.901010 0.041203 -1.000000 
-0.948210 -3.380632 -0.795284 0.581416 -2.034146 2.467758 0.901330 0.038726 -1.000000 
-0.974937 -3.301209 -0.790378 0.644791 -2.014349 2.480806 0.901630 0.036447 -1.000000 
-1.001028 -3.221282 -0.784972 0.706474 -1.994462 2.490419 0.901913 0.034347 -1.000000 
-1.026477 -3.140994 -0.779079 0.766435 -1.974512 2.496648 0.902180 0.032409 -1.000000 
-1.051283 -3.060486 -0.772713 0.824655 -1.954525 2.499549 0.902432 0.030619 -1.000000 
-1.075445 -2.979892 -0.765889 0.881114 -1.934528 2.499183 0.902670 0.028962 -1.000000 
-1.098961 -2.899341 -0.758620 0.935802 -1.914546 2.495616 0.902896 0.027427 -1.000000 
-1.121834 -2.818957 -0.750921 0.988712 -1.894606 2.488917 0.903110 0.026003 -1.000000 
-1.144065 -2.738857 -0.742805 1.039841 -1.874732 2.479160 0.903312 0.024680 -1.000000 
-1.165657 -2.659153 -0.734288 1.089192 -1.854947 2.466422 0.903505 0.023450 -1.000000 
-1.186613 -2.579952 -0.725383 1.136771 -1.835277 2.450782 0.903688 0.022305 -1.000000 
-1.206938 -2.501352 -0.716105 1.182590 -1.815742 2.432322 0.903862 0.021237 -1.000000 
-1.226637 -2.423446 -0.706466 1.226662 -1.796367 2.411126 0.904028 0.020240 -1.000000 
-1.245715 -2.346322 -0.696483 1.269006 -1.777171 2.387280 0.904186 0.019309 -1.000000 
-1.264180 -2.270058 -0.686167 1.309644 -1.758177 2.360871 0.904337 0.018438 -1.000000 
-1.282039 -2.194729 -0.675533 1.348600 -1.739404 2.331985 0.904481 0.017623 -1.000000 
-1.299299 -2.120402 -0.664594 1.385901 -1.720872 2.300713 0.904619 0.016859 -1.000000 
-1.315968 -2.047138 -0.653363 1.421579 -1.702599 2.267142 0.904751 0.016142 -1.000000 
-1.332056 -1.974992 -0.641853 1.455665 -1.684603 2.231361 0.904877 0.015469 -1.000000 
-1.347571 -1.904011 -0.630076 1.488194 -1.666903 2.193458 0.904998 0.014836 -1.000000 
-1.362523 -1.834237 -0.618046 1.519203 -1.649514 2.153521 0.905115 0.014241 -1.000000 
-1.376922 -1.765708 -0.605773 1.548731 -1.632452 2.111638 0.905226 0.013682 -1.000000 
-1.390778 -1.698452 -0.593270 1.576816 -1.615732 2.067893 0.905334 0.013155 -1.000000 
-1.404101 -1.632495 -0.580548 1.603502 -1.599370 2.022372 0.905437 0.012659 -1.000000 
-1.416901 -1.567855 -0.567617 1.628828 -1.583379 1.975157 0.905536 0.012191 -1.000000 
-1.429190 -1.504545 -0.554490 1.652839 -1.567772 1.926332 0.905632 0.011750 -1.000000 
-1.440978 -1.442574 -0.541175 1.675578 -1.552562 1.875975 0.905724 0.011334 -1.000000 
-1.452275 -1.381943 -0.527684 1.697090 -1.537760 1.824165 0.905813 0.010942 -1.000000 
-1.463092 -1.322652 -0.514025 1.717417 -1.523379 1.770978 0.905900 0.010572 -1.000000 
-1.473441 -1.264694 -0.500208 1.736605 -1.509428 1.716488 0.905983 0.010223 -1.000000 
-1.483331 -1.208056 -0.486242 1.754698 -1.495918 1.660768 0.906063 0.009894 -1.000000 
-1.492773 -1.152724 -0.472136 1.771740 -1.482859 1.603888 0.906141 0.009584 -1.000000 
-1.501778 -1.098677 -0.457897 1.787774 -1.470259 1.545915 0.906217 0.009292 -1.000000 
-1.510355 -1.045891 -0.443534 1.802844 -1.458127 1.486916 0.906290 0.009017 -1.000000 
-1.518515 -0.994340 -0.429054 1.816991 -1.446471 1.426952 0.906361 0.008759 -1.000000 
-1.526268 -0.943991 -0.414464 1.830257 -1.435298 1.366087 0.906430 0.008515 -1.000000 
-1.533622 -0.894809 -0.399772 1.842682 -1.424616 1.304378 0.906497 0.008287 -1.000000 
-1.540588 -0.846757 -0.384984 1.854306 -1.414430 1.241882 0.906563 0.008073 -1.000000 
-1.547173 -0.799794 -0.370105 1.865167 -1.404747 1.178655 0.906626 0.007873 -1.000000 
-1.553387 -0.753876 -0.355143 1.875303 -1.395573 1.114749 0.906689 0.007687 -1.000000 
-1.559238 -0.708956 -0.340102 1.884747 -1.386913 1.050214 0.906749 0.007513 -1.000000 
-1.564733 -0.664985 -0.324989 1.893535 -1.378772 0.985099 0.906809 0.007352 -1.000000 
-1.569880 -0.621911 -0.309807 1.901700 -1.371153 0.919451 0.906867 0.007203 -1.000000 
-1.574686 -0.579682 -0.294563 1.909271 -1.364062 0.853314 0.906924 0.007065 -1.000000 
-1.579157 -0.538240 -0.279261 1.916279 -1.357501 0.786733 0.906980 0.006940 -1.000000 
-1.583300 -0.497530 -0.263904 1.922751 -1.351475 0.719748 0.907035 0.006825 -1.000000 
-1.587120 -0.457490 -0.248498 1.928712 -1.345986 0.652400 0.907089 0.006722 -1.000000 
-1.590621 -0.418061 -0.233046 1.934186 -1.341037 0.584728 0.907143 0.006630 -1.000000 
-1.593810 -0.379181 -0.217552 1.939196 -1.336631 0.516769 0.907195 0.006548 -1.000000 
-1.596690 -0.340785 -0.202020 1.943761 -1.332770 0.448560 0.907248 0.006476 -1.000000 
-1.599264 -0.302809 -0.186453 1.947899 -1.329455 0.380137 0.907299 0.006416 -1.000000 
-1.601535 -0.265187 -0.170855 1.951627 -1.326688 0.311532 0.907350 0.006365 -1.000000 
-1.603507 -0.227854 -0.155228 1.954958 -1.324471 0.242782 0.907401 0.006325 -1.000000 
-1.605182 -0.190740 -0.139576 1.957904 -1.322804 0.173918 0.907451 0.006294 -1.000000 
-1.606560 -0.153780 -0.123903 1.960474 -1.321688 0.104973 0.907502 0.006274 -1.000000 
-1.607642 -0.116904 -0.108210 1.962678 -1.321124 0.035980 0.907552 0.006264 -1.000000 
-1.608430 -0.080044 -0.092501 1.964519 -1.321113 -0.033029 0.907602 0.006264 -1.000000 
-1.608923 -0.043130 -0.076779 1.966002 -1.321653 -0.102022 0.907652 0.006274 -1.000000 
-1.609120 -0.006095 -0.061046 1.967128 -1.322745 -0.170967 0.907702 0.006294 -1.000000 
-1.609020 0.031131 -0.045305 1.967895 -1.324388 -0.239832 0.907753 0.006323 -1.000000 
-1.608621 0.068617 -0.029560 1.968301 -1.326582 -0.308583 0.907804 0.006364 -1.000000 
-1.607921 0.106430 -0.013814 1.968340 -1.329325 -0.377188 0.907855 0.006414 -1.000000 
-1.606917 0.144639 0.001932 1.968006 -1.332616 -0.445613 0.907906 0.006474 -1.000000 
-1.605606 0.183310 0.017673 1.967288 -1.336454 -0.513823 0.907958 0.006545 -1.000000 
-1.603983 0.222510 0.033408 1.966175 -1.340837 -0.581782 0.908011 0.006627 -1.000000 
-1.602044 0.262306 0.049131 1.964653 -1.345762 -0.649454 0.908064 0.006719 -1.000000 
-1.599784 0.302761 0.064841 1.962706 -1.351227 -0.716801 0.908119 0.006822 -1.000000 
-1.597198 0.343938 0.080533 1.960317 -1.357230 -0.783784 0.908174 0.006936 -1.000000 
-1.594279 0.385900 0.096205 1.957465 -1.363767 -0.850363 0.908230 0.007061 -1.000000 
-1.591021 0.428708 0.111851 1.954129 -1.370835 -0.916496 0.908287 0.007198 -1.000000 
-1.587417 0.472420 0.127469 1.950285 -1.378429 -0.982139 0.908345 0.007347 -1.000000 
-1.583460 0.517093 0.143055 1.945906 -1.386547 -1.047246 0.908404 0.007508 -1.000000 
-1.579141 0.562782 0.158602 1.940966 -1.395184 -1.111771 0.908465 0.007681 -1.000000 
-1.574453 0.609540 0.174108 1.935435 -1.404334 -1.175665 0.908527 0.007867 -1.000000 
-1.569386 0.657419 0.189568 1.929281 -1.413993 -1.238876 0.908591 0.008066 -1.000000 
-1.563931 0.706465 0.204975 1.922472 -1.424154 -1.301351 0.908656 0.008280 -1.000000 
-1.558079 0.756724 0.220325 1.914973 -1.434812 -1.363034 0.908723 0.008507 -1.000000 
-1.551820 0.808239 0.235613 1.906749 -1.445960 -1.423870 0.908792 0.008750 -1.000000 
-1.545144 0.861048 0.250831 1.897760 -1.457592 -1.483796 0.908863 0.009008 -1.000000 
-1.538040 0.915188 0.265975 1.887970 -1.469698 -1.542753 0.908936 0.009282 -1.000000 
-1.530497 0.970691 0.281037 1.877338 -1.482273 -1.600674 0.909012 0.009573 -1.000000 
-1.522505 1.027586 0.296010 1.865822 -1.495306 -1.657494 0.909090 0.009882 -1.000000 
-1.514052 1.085898 0.310887 1.853381 -1.508790 -1.713144 0.909170 0.010210 -1.000000 
-1.505127 1.145646 0.325661 1.839971 -1.522713 -1.767552 0.909253 0.010558 -1.000000 
-1.495718 1.206848 0.340324 1.825548 -1.537067 -1.820645 0.909339 0.010926 -1.000000 
-1.485813 1.269515 0.354867 1.810069 -1.551840 -1.872347 0.909428 0.011317 -1.000000 
-1.475401 1.333653 0.369282 1.793488 -1.567021 -1.922581 0.909520 0.011731 -1.000000 
-1.464471 1.399265 0.383560 1.775759 -1.582597 -1.971267 0.909616 0.012171 -1.000000 
-1.453009 1.466347 0.397691 1.756838 -1.598557 -2.018323 0.909715 0.012637 -1.000000 
-1.441005 1.534891 0.411666 1.736679 -1.614886 -2.063665 0.909818 0.013132 -1.000000 
-1.428447 1.604881 0.425475 1.715238 -1.631570 -2.107209 0.909925 0.013657 -1.000000 
-1.415323 1.676298 0.439107 1.692469 -1.648596 -2.148867 0.910037 0.014214 -1.000000 
-1.401623 1.749115 0.452551 1.668328 -1.665947 -2.188552 0.910153 0.014807 -1.000000 
-1.387334 1.823300 0.465796 1.642773 -1.683607 -2.226174 0.910274 0.015438 -1.000000 
-1.372446 1.898814 0.478831 1.615761 -1.701560 -2.261643 0.910400 0.016109 -1.000000 
-1.356949 1.975612 0.491644 1.587252 -1.719788 -2.294869 0.910532 0.016824 -1.000000 
-1.340833 2.053642 0.504223 1.557205 -1.738272 -2.325760 0.910669 0.017587 -1.000000 
-1.324088 2.132846 0.516555 1.525585 -1.756993 -2.354224 0.910813 0.018401 -1.000000 
-1.306705 2.213157 0.528628 1.492354 -1.775933 -2.380171 0.910964 0.019271 -1.000000 
-1.288675 2.294504 0.540429 1.457480 -1.795069 -2.403510 0.911122 0.020202 -1.000000 
-1.269990 2.376808 0.551943 1.420931 -1.814382 -2.424151 0.911287 0.021199 -1.000000 
-1.250643 2.459981 0.563159 1.382681 -1.833848 -2.442005 0.911461 0.022268 -1.000000 
-1.230628 2.543931 0.574062 1.342703 -1.853446 -2.456985 0.911644 0.023415 -1.000000 
-1.209939 2.628558 0.584638 1.300976 -1.873152 -2.469006 0.911836 0.024648 -1.000000 
-1.188570 2.713754 0.594873 1.257481 -1.892942 -2.477984 0.912038 0.025976 -1.000000 
-1.166517 2.799406 0.604752 1.212204 -1.912791 -2.483840 0.912252 0.027407 -1.000000 
-1.143778 2.885392 0.614263 1.165134 -1.932675 -2.486496 0.912477 0.028951 -1.000000 
-1.120351 2.971585 0.623390 1.116264 -1.952567 -2.485879 0.912715 0.030621 -1.000000 
-1.096233 3.057853 0.632118 1.065592 -1.972440 -2.481920 0.912967 0.032428 -1.000000 
-1.071425 3.144054 0.640434 1.013121 -1.992268 -2.474554 0.913234 0.034387 -1.000000 
-1.045929 3.230044 0.648324 0.958858 -2.012024 -2.463720 0.913518 0.036514 -1.000000 
-1.019745 3.315671 0.655771 0.902816 -2.031678 -2.449364 0.913819 0.038827 -1.000000 
-0.992879 3.400778 0.662764 0.845011 -2.051204 -2.431438 0.914140 0.041346 -1.000000 
-0.965335 3.485204 0.669287 0.785467 -2.070572 -2.409899 0.914481 0.044093 -1.000000 
-0.937118 3.568784 0.675327 0.724213 -2.089753 -2.384710 0.914846 0.047093 -1.000000 
-0.908237 3.651348 0.680870 0.661281 -2.108717 -2.355844 0.915236 0.050376 -1.000000 
-0.878700 3.732722 0.685903 0.596712 -2.127436 -2.323279 0.915653 0.053972 -1.000000 
-0.848517 3.812729 0.690413 0.530551 -2.145880 -2.287002 0.916100 0.057918 -1.000000 
-0.817700 3.891192 0.694388 0.462848 -2.164018 -2.247007 0.916580 0.062253 -1.000000 
-0.786263 3.967929 0.697815 0.393662 -2.181822 -2.203298 0.917097 0.067022 -1.000000 
-0.754219 4.042759 0.700682 0.323054 -2.199261 -2.155887 0.917654 0.072274 -1.000000 
-0.721584 4.115499 0.702980 0.251093 -2.216306 -2.104794 0.918255 0.078065 -1.000000 
-0.688377 4.185966 0.704697 0.177852 -2.232928 -2.050052 0.918905 0.084455 -1.000000 
-0.654615 4.253980 0.705822 0.103412 -2.249098 -1.991698 0.919608 0.091511 -1.000000 
-0.620320 4.319359 0.706348 0.027856 -2.264786 -1.929784 0.920371 0.099307 -1.000000 
-0.585513 4.381925 0.706265 -0.048724 -2.279965 -1.864368 0.921199 0.107919 -1.000000 
-0.550217 4.441504 0.705566 -0.126234 -2.294607 -1.795519 0.922100 0.117432 -1.000000 
-0.514457 4.497924 0.704243 -0.204575 -2.308684 -1.723316 0.923081 0.127930 -1.000000 
-0.478259 4.551016 0.702291 -0.283640 -2.322171 -1.647847 0.924150 0.139501 -1.000000 
-0.441650 4.600619 0.699703 -0.363324 -2.335041 -1.569208 0.925316 0.152228 -1.000000 
-0.404659 4.646575 0.696476 -0.443511 -2.347270 -1.487509 0.926589 0.166186 -1.000000 
-0.367315 4.688734 0.692606 -0.524088 -2.358834 -1.402864 0.927978 0.181432 -1.000000 
-0.329650 4.726951 0.688090 -0.604934 -2.369708 -1.315399 0.929495 0.198001 -1.000000 
-0.291695 4.761090 0.682927 -0.685927 -2.379873 -1.225247 0.931150 0.215886 -1.000000 
-0.253484 4.791024 0.677115 -0.766943 -2.389306 -1.132551 0.932953 0.235029 -1.000000 
-0.215050 4.816631 0.670656 -0.847855 -2.397987 -1.037460 0.934913 0.255300 -1.000000 
-0.176429 4.837801 0.663550 -0.928534 -2.405899 -0.940133 0.937040 0.276479 -1.000000 
-0.137657 4.854433 0.655801 -1.008850 -2.413024 -0.840735 0.939339 0.298243 -1.000000 
-0.098771 4.866435 0.647410 -1.088672 -2.419346 -0.739440 0.941812 0.320147 -1.000000 
-0.059807 4.873727 0.638383 -1.167868 -2.424850 -0.636426 0.944460 0.341626 -1.000000 
-0.020804 4.876238 0.628726 -1.246304 -2.429524 -0.531882 0.947275 0.362003 -1.000000 
0.018200 4.873911 0.618445 -1.323849 -2.433357 -0.426002 0.950247 0.380516 -1.000000 
0.057166 4.866699 0.607547 -1.400368 -2.436337 -0.318987 0.953356 0.396369 -1.000000 
0.096054 4.854568 0.596042 -1.475730 -2.438458 -0.211047 0.956580 0.408797 -1.000000 
0.134826 4.837498 0.583939 -1.549801 -2.439712 -0.102396 0.959886 0.417142 -1.000000 
0.173441 4.815483 0.571249 -1.622453 -2.440095 0.006744 0.963242 0.420931 -1.000000 
0.211860 4.788529 0.557984 -1.693555 -2.439604 0.116144 0.966608 0.419933 -1.000000 
0.250044 4.756661 0.544157 -1.762981 -2.438237 0.225571 0.969948 0.414191 -1.000000 
0.287954 4.719917 0.529781 -1.830609 -2.435995 0.334788 0.973224 0.404020 -1.000000 
0.325550 4.678351 0.514872 -1.896318 -2.432881 0.443555 0.976402 0.389963 -1.000000 
0.362795 4.632034 0.499445 -1.959997 -2.428900 0.551630 0.979455 0.372726 -1.000000 
0.399650 4.581052 0.483518 -2.021535 -2.424058 0.658770 0.982359 0.353101 -1.000000 
0.436079 4.525505 0.467107 -2.080832 -2.418363 0.764736 0.985100 0.331891 -1.000000 
0.472046 4.465512 0.450231 -2.137794 -2.411826 0.869291 0.987667 0.309843 -1.000000 
0.507516 4.401202 0.432909 -2.192334 -2.404459 0.972202 0.990057 0.287609 -1.000000 
0.542454 4.332720 0.415160 -2.244374 -2.396276 1.073244 0.992270 0.265722 -1.000000 
0.576829 4.260224 0.397005 -2.293845 -2.387292 1.172197 0.994310 0.244589 -1.000000 
0.610608 4.183882 0.378466 -2.340688 -2.377527 1.268851 0.996186 0.224498 -1.000000 
0.643761 4.103875 0.359562 -2.384851 -2.366997 1.363006 0.997906 0.205636 -1.000000 
0.676261 4.020393 0.340315 -2.426293 -2.355726 1.454471 0.999480 0.188104 -1.000000 
0.708079 3.933632 0.320748 -2.464982 -2.343733 1.543066 1.000919 0.171935 -1.000000 
0.739190 3.843800 0.300883 -2.500897 -2.331045 1.628624 1.002234 0.157116 -1.000000 
0.769572 3.751107 0.280741 -2.534024 -2.317684 1.710989 1.003436 0.143600 -1.000000 
0.799201 3.655771 0.260346 -2.564360 -2.303678 1.790017 1.004535 0.131314 -1.000000 
0.828058 3.558013 0.239719 -2.591909 -2.289053 1.865577 1.005540 0.120177 -1.000000 
0.856123 3.458057 0.218883 -2.616685 -2.273838 1.937553 1.006461 0.110099 -1.000000 
0.883381 3.356129 0.197859 -2.638710 -2.258062 2.005838 1.007305 0.100988 -1.000000 
0.909817 3.252456 0.176671 -2.658015 -2.241755 2.070342 1.008079 0.092758 -1.000000 
0.935417 3.147264 0.155338 -2.674637 -2.224947 2.130986 1.008791 0.085323 -1.000000 
0.960170 3.040780 0.133884 -2.688622 -2.207669 2.187704 1.009446 0.078606 -1.000000 
0.984066 2.933225 0.112327 -2.700021 -2.189954 2.240443 1.010050 0.072532 -1.000000 
1.007099 2.824820 0.090690 -2.708893 -2.171833 2.289161 1.010608 0.067037 -1.000000 
1.029262 2.715782 0.068992 -2.715301 -2.153338 2.333831 1.011124 0.062059 -1.000000 
1.050550 2.606322 0.047252 -2.719316 -2.134503 2.374436 1.011602 0.057545 -1.000000 
1.070962 2.496647 0.025489 -2.721012 -2.115358 2.410970 1.012046 0.053447 -1.000000 
1.090497 2.386956 0.003721 -2.720468 -2.095938 2.443439 1.012459 0.049721 -1.000000 
1.109154 2.277444 -0.018033 -2.717768 -2.076274 2.471860 1.012843 0.046327 -1.000000 
1.126937 2.168295 -0.039757 -2.712996 -2.056399 2.496257 1.013201 0.043233 -1.000000 
1.143848 2.059690 -0.061436 -2.706243 -2.036345 2.516666 1.013535 0.040407 -1.000000 
1.159894 1.951798 -0.083052 -2.697601 -2.016143 2.533133 1.013848 0.037821 -1.000000 
1.175079 1.844781 -0.104593 -2.687162 -1.995825 2.545708 1.014141 0.035452 -1.000000 
1.189413 1.738792 -0.126042 -2.675023 -1.975422 2.554453 1.014415 0.033277 -1.000000 
1.202903 1.633975 -0.147389 -2.661279 -1.954964 2.559436 1.014674 0.031279 -1.000000 
1.215560 1.530465 -0.168619 -2.646026 -1.934480 2.560729 1.014916 0.029438 -1.000000 
1.227394 1.428387 -0.189721 -2.629363 -1.914002 2.558413 1.015145 0.027742 -1.000000 
1.238418 1.327856 -0.210685 -2.611385 -1.893555 2.552572 1.015361 0.026174 -1.000000 
1.248645 1.228979 -0.231500 -2.592189 -1.873170 2.543296 1.015564 0.024725 -1.000000 
1.258087 1.131853 -0.252157 -2.571869 -1.852871 2.530680 1.015756 0.023382 -1.000000 
1.266759 1.036564 -0.272647 -2.550519 -1.832687 2.514819 1.015938 0.022136 -1.000000 
1.274677 0.943191 -0.292963 -2.528231 -1.812643 2.495815 1.016111 0.020979 -1.000000 
1.281855 0.851802 -0.313097 -2.505094 -1.792762 2.473770 1.016274 0.019902 -1.000000 
1.288311 0.762457 -0.333042 -2.481196 -1.773070 2.448789 1.016429 0.018900 -1.000000 
1.294060 0.675206 -0.352794 -2.456623 -1.753589 2.420976 1.016577 0.017964 -1.000000 
1.299120 0.590091 -0.372347 -2.431456 -1.734342 2.390441 1.016717 0.017090 -1.000000 
1.303508 0.507146 -0.391696 -2.405775 -1.715349 2.357288 1.016850 0.016274 -1.000000 
1.307240 0.426397 -0.410838 -2.379655 -1.696632 2.321626 1.016978 0.015509 -1.000000 
1.310336 0.347862 -0.429770 -2.353171 -1.678210 2.283562 1.017099 0.014793 -1.000000 
1.312812 0.271549 -0.448488 -2.326390 -1.660101 2.243202 1.017214 0.014121 -1.000000 
1.314687 0.197464 -0.466991 -2.299379 -1.642324 2.200652 1.017325 0.013490 -1.000000 
1.315977 0.125601 -0.485278 -2.272200 -1.624896 2.156014 1.017430 0.012897 -1.000000 
1.316702 0.055952 -0.503346 -2.244912 -1.607833 2.109392 1.017531 0.012340 -1.000000 
1.316878 -0.011501 -0.521196 -2.217568 -1.591151 2.060885 1.017628 0.011816 -1.000000 
1.316524 -0.076780 -0.538827 -2.190218 -1.574864 2.010592 1.017720 0.011322 -1.000000 
1.315656 -0.139912 -0.556240 -2.162911 -1.558986 1.958609 1.017809 0.010857 -1.000000 
1.314291 -0.200929 -0.573434 -2.135687 -1.543530 1.905030 1.017894 0.010419 -1.000000 
1.312446 -0.259870 -0.590411 -2.108586 -1.528510 1.849944 1.017976 0.010006 -1.000000 
1.310138 -0.316776 -0.607172 -2.081643 -1.513935 1.793440 1.018054 0.009617 -1.000000 
1.307383 -0.371692 -0.623718 -2.054887 -1.499818 1.735603 1.018130 0.009250 -1.000000 
1.304196 -0.424668 -0.640051 -2.028346 -1.486169 1.676515 1.018202 0.008904 -1.000000 
1.300594 -0.475757 -0.656172 -2.002042 -1.472997 1.616257 1.018272 0.008579 -1.000000 
1.296589 -0.525015 -0.672084 -1.975994 -1.460312 1.554903 1.018340 0.008272 -1.000000 
1.292198 -0.572501 -0.687789 -1.950218 -1.448121 1.492527 1.018405 0.007984 -1.000000 
1.287434 -0.618275 -0.703288 -1.924723 -1.436434 1.429199 1.018467 0.007712 -1.000000 
1.282310 -0.662402 -0.718585 -1.899518 -1.425256 1.364987 1.018528 0.007458 -1.000000 
1.276840 -0.704945 -0.733681 -1.874607 -1.414596 1.299954 1.018587 0.007219 -1.000000 
1.271035 -0.745973 -0.748579 -1.849989 -1.404459 1.234163 1.018644 0.006995 -1.000000 
1.264908 -0.785552 -0.763282 -1.825661 -1.394851 1.167671 1.018699 0.006787 -1.000000 
1.258470 -0.823753 -0.777791 -1.801617 -1.385778 1.100535 1.018752 0.006592 -1.000000 
1.251731 -0.860646 -0.792108 -1.777846 -1.377244 1.032807 1.018804 0.006412 -1.000000 
1.244703 -0.896302 -0.806237 -1.754334 -1.369255 0.964538 1.018855 0.006245 -1.000000 
1.237394 -0.930792 -0.820178 -1.731066 -1.361813 0.895777 1.018904 0.006090 -1.000000 
1.229813 -0.964187 -0.833935 -1.708019 -1.354923 0.826568 1.018952 0.005949 -1.000000 
1.221969 -0.996559 -0.847507 -1.685173 -1.348589 0.756957 1.018999 0.005820 -1.000000 
1.213871 -1.027980 -0.860898 -1.662500 -1.342813 0.686984 1.019046 0.005704 -1.000000 
1.205524 -1.058521 -0.874108 -1.639972 -1.337598 0.616689 1.019091 0.005599 -1.000000 
1.196936 -1.088253 -0.887138 -1.617556 -1.332947 0.546111 1.019135 0.005507 -1.000000 
1.188114 -1.117246 -0.899989 -1.595219 -1.328861 0.475286 1.019179 0.005426 -1.000000 
1.179062 -1.145569 -0.912661 -1.572922 -1.325343 0.404249 1.019222 0.005357 -1.000000 
1.169786 -1.173290 -0.925156 -1.550627 -1.322394 0.333035 1.019265 0.005299 -1.000000 
1.160291 -1.200478 -0.937471 -1.528290 -1.320015 0.261675 1.019307 0.005252 -1.000000 
1.150580 -1.227198 -0.949608 -1.505866 -1.318207 0.190204 1.019349 0.005217 -1.000000 
1.140657 -1.253515 -0.961565 -1.483310 -1.316972 0.118651 1.019390 0.005193 -1.000000 
1.130525 -1.279493 -0.973340 -1.460570 -1.316309 0.047047 1.019432 0.005180 -1.000000 
1.120186 -1.305193 -0.984933 -1.437597 -1.316219 -0.024576 1.019473 0.005179 -1.000000 
1.109642 -1.330676 -0.996341 -1.414336 -1.316702 -0.096187 1.019515 0.005188 -1.000000 
1.098895 -1.356000 -1.007562 -1.390731 -1.317758 -0.167757 1.019556 0.005209 -1.000000 
1.087946 -1.381222 -1.018592 -1.366726 -1.319386 -0.239255 1.019598 0.005241 -1.000000 
1.076796 -1.406395 -1.029428 -1.342260 -1.321586 -0.310649 1.019640 0.005285 -1.000000 
1.065444 -1.431574 -1.040067 -1.317274 -1.324356 -0.381906 1.019683 0.005340 -1.000000 
1.053891 -1.456807 -1.050503 -1.291705 -1.327696 -0.452995 1.019726 0.005406 -1.000000 
1.042135 -1.482142 -1.060732 -1.265489 -1.331603 -0.523881 1.019769 0.005483 -1.000000 
1.030176 -1.507626 -1.070749 -1.238562 -1.336077 -0.594530 1.019813 0.005573 -1.000000 
1.018012 -1.533300 -1.080547 -1.210856 -1.341115 -0.664905 1.019858 0.005674 -1.000000 
1.005643 -1.559206 -1.090120 -1.182305 -1.346715 -0.734968 1.019904 0.005787 -1.000000 
0.993064 -1.585381 -1.099461 -1.152841 -1.352874 -0.804679 1.019951 0.005913 -1.000000 
0.980276 -1.611859 -1.108563 -1.122395 -1.359589 -0.873998 1.019999 0.006051 -1.000000 
0.967274 -1.638672 -1.117417 -1.090897 -1.366856 -0.942880 1.020048 0.006202 -1.000000 
0.954056 -1.665849 -1.126014 -1.058278 -1.374673 -1.011280 1.020098 0.006365 -1.000000 
0.940619 -1.693416 -1.134346 -1.024468 -1.383035 -1.079151 1.020150 0.006542 -1.000000 
0.926960 -1.721395 -1.142403 -0.989397 -1.391938 -1.146440 1.020203 0.006733 -1.000000 
0.913076 -1.749804 -1.150173 -0.952995 -1.401377 -1.213096 1.020258 0.006938 -1.000000 
0.898962 -1.778660 -1.157647 -0.915193 -1.411346 -1.279064 1.020314 0.007158 -1.000000 
0.884616 -1.807973 -1.164812 -0.875921 -1.421840 -1.344283 1.020372 0.007392 -1.000000 
0.870033 -1.837753 -1.171657 -0.835113 -1.432852 -1.408693 1.020432 0.007643 -1.000000 
0.855211 -1.868003 -1.178170 -0.792701 -1.444377 -1.472230 1.020494 0.007909 -1.000000 
0.840144 -1.898725 -1.184336 -0.748620 -1.456405 -1.534827 1.020559 0.008193 -1.000000 
0.824830 -1.929914 -1.190143 -0.702805 -1.468931 -1.596412 1.020626 0.008495 -1.000000 
0.809264 -1.961563 -1.195576 -0.655196 -1.481945 -1.656912 1.020695 0.008815 -1.000000 
0.793444 -1.993660 -1.200621 -0.605733 -1.495439 -1.716251 1.020767 0.009155 -1.000000 
0.777364 -2.026190 -1.205263 -0.554358 -1.509402 -1.774348 1.020841 0.009516 -1.000000 
0.761023 -2.059131 -1.209486 -0.501017 -1.523825 -1.831121 1.020919 0.009899 -1.000000 
0.744417 -2.092460 -1.213274 -0.445659 -1.538696 -1.886483 1.021000 0.010305 -1.000000 
0.727543 -2.126147 -1.216611 -0.388237 -1.554004 -1.940346 1.021084 0.010736 -1.000000 
0.710398 -2.160158 -1.219480 -0.328706 -1.569737 -1.992617 1.021172 0.011193 -1.000000 
0.692980 -2.194454 -1.221864 -0.267028 -1.585882 -2.043201 1.021263 0.011678 -1.000000 
0.675286 -2.228993 -1.223747 -0.203166 -1.602424 -2.092002 1.021359 0.012193 -1.000000 
0.657315 -2.263727 -1.225109 -0.137092 -1.619349 -2.138919 1.021458 0.012741 -1.000000 
0.639066 -2.298604 -1.225934 -0.068780 -1.636641 -2.183849 1.021563 0.013323 -1.000000 
0.620538 -2.333566 -1.226204 0.001789 -1.654285 -2.226688 1.021672 0.013943 -1.000000 
0.601729 -2.368552 -1.225899 0.074628 -1.672262 -2.267330 1.021786 0.014603 -1.000000 
0.582641 -2.403495 -1.225003 0.149742 -1.690556 -2.305667 1.021905 0.015307 -1.000000 
0.563273 -2.438325 -1.223497 0.227133 -1.709147 -2.341589 1.022031 0.016058 -1.000000 
0.543628 -2.472967 -1.221363 0.306793 -1.728015 -2.374987 1.022162 0.016860 -1.000000 
0.523707 -2.507340 -1.218583 0.388707 -1.747139 -2.405749 1.022301 0.017718 -1.000000 
0.503512 -2.541361 -1.215138 0.472853 -1.766499 -2.433765 1.022446 0.018637 -1.000000 
0.483046 -2.574942 -1.211011 0.559199 -1.786072 -2.458924 1.022599 0.019623 -1.000000 
0.462314 -2.607991 -1.206185 0.647707 -1.805834 -2.481115 1.022760 0.020681 -1.000000 
0.441320 -2.640412 -1.200642 0.738328 -1.825762 -2.500229 1.022930 0.021819 -1.000000 
0.420069 -2.672105 -1.194366 0.831006 -1.845829 -2.516159 1.023110 0.023045 -1.000000 
0.398568 -2.702969 -1.187341 0.925674 -1.866011 -2.528801 1.023299 0.024367 -1.000000 
0.376824 -2.732898 -1.179550 1.022257 -1.886281 -2.538050 1.023500 0.025796 -1.000000 
0.354845 -2.761783 -1.170980 1.120671 -1.906611 -2.543809 1.023712 0.027341 -1.000000 
0.332639 -2.789514 -1.161615 1.220819 -1.926972 -2.545980 1.023937 0.029016 -1.000000 
0.310216 -2.815979 -1.151442 1.322597 -1.947337 -2.544474 1.024177 0.030835 -1.000000 
0.287587 -2.841063 -1.140449 1.425892 -1.967674 -2.539205 1.024431 0.032814 -1.000000 
0.264763 -2.864651 -1.128624 1.530578 -1.987954 -2.530091 1.024702 0.034969 -1.000000 
0.241757 -2.886628 -1.115957 1.636522 -2.008145 -2.517059 1.024991 0.037322 -1.000000 
0.218582 -2.906875 -1.102437 1.743580 -2.028216 -2.500041 1.025300 0.039894 -1.000000 
0.195252 -2.925278 -1.088057 1.851600 -2.048135 -2.478979 1.025630 0.042712 -1.000000 
0.171782 -2.941721 -1.072809 1.960419 -2.067869 -2.453819 1.025984 0.045804 -1.000000 
0.148190 -2.956089 -1.056689 2.069865 -2.087385 -2.424519 1.026364 0.049204 -1.000000 
0.124491 -2.968271 -1.039690 2.179760 -2.106650 -2.391045 1.026772 0.052949 -1.000000 
0.100703 -2.978154 -1.021812 2.289914 -2.125630 -2.353373 1.027212 0.057080 -1.000000 
0.076847 -2.985633 -1.003052 2.400133 -2.144293 -2.311489 1.027687 0.061645 -1.000000 
0.052940 -2.990603 -0.983410 2.510214 -2.162603 -2.265390 1.028200 0.066699 -1.000000 
0.029004 -2.992964 -0.962889 2.619948 -2.180528 -2.215084 1.028755 0.072302 -1.000000 
0.005060 -2.992621 -0.941492 2.729118 -2.198033 -2.160590 1.029358 0.078522 -1.000000 
-0.018871 -2.989482 -0.919225 2.837505 -2.215086 -2.101941 1.030014 0.085435 -1.000000 
-0.042764 -2.983463 -0.896095 2.944884 -2.231653 -2.039178 1.030727 0.093125 -1.000000 
-0.066598 -2.974485 -0.872110 3.051026 -2.247702 -1.972358 1.031506 0.101687 -1.000000 
-0.090348 -2.962476 -0.847282 3.155700 -2.263200 -1.901548 1.032357 0.111222 -1.000000 
-0.113989 -2.947371 -0.821624 3.258672 -2.278116 -1.826830 1.033288 0.121839 -1.000000 
-0.137497 -2.929112 -0.795149 3.359708 -2.292419 -1.748295 1.034309 0.133652 -1.000000 
-0.160847 -2.907649 -0.767874 3.458574 -2.306079 -1.666050 1.035430 0.146778 -1.000000 
-0.184011 -2.882940 -0.739818 3.555036 -2.319067 -1.580212 1.036662 0.161331 -1.000000 
-0.206965 -2.854953 -0.711001 3.648862 -2.331353 -1.490908 1.038016 0.177412 -1.000000 
-0.229682 -2.823663 -0.681444 3.739824 -2.342912 -1.398282 1.039505 0.195101 -1.000000 
-0.252135 -2.789055 -0.651172 3.827695 -2.353718 -1.302484 1.041142 0.214439 -1.000000 
-0.274298 -2.751123 -0.620210 3.912256 -2.363744 -1.203678 1.042940 0.235410 -1.000000 
-0.296144 -2.709871 -0.588585 3.993290 -2.372969 -1.102038 1.044912 0.257916 -1.000000 
-0.317647 -2.665311 -0.556327 4.070589 -2.381370 -0.997746 1.047070 0.281748 -1.000000 
-0.338780 -2.617466 -0.523466 4.143951 -2.388926 -0.890998 1.049423 0.306561 -1.000000 
-0.359518 -2.566369 -0.490035 4.213181 -2.395620 -0.781995 1.051976 0.331845 -1.000000 
-0.379833 -2.512061 -0.456067 4.278094 -2.401433 -0.670950 1.054732 0.356916 -1.000000 
-0.399702 -2.454597 -0.421597 4.338512 -2.406350 -0.558087 1.057684 0.380916 -1.000000 
-0.419099 -2.394037 -0.386663 4.394269 -2.410358 -0.443635 1.060821 0.402851 -1.000000 
-0.437999 -2.330457 -0.351302 4.445208 -2.413445 -0.327837 1.064122 0.421653 -1.000000 
-0.456378 -2.263942 -0.315553 4.491186 -2.415600 -0.210942 1.067556 0.436280 -1.000000 
-0.474214 -2.194586 -0.279456 4.532070 -2.416817 -0.093212 1.071088 0.445835 -1.000000 
-0.491484 -2.122499 -0.243054 4.567744 -2.417090 0.025085 1.074674 0.449685 -1.000000 
-0.508167 -2.047799 -0.206387 4.598103 -2.416415 0.143670 1.078267 0.447552 -1.000000 
-0.524242 -1.970617 -0.169498 4.623062 -2.414791 0.262257 1.081820 0.439561 -1.000000 
-0.539691 -1.891096 -0.132432 4.642552 -2.412220 0.380556 1.085286 0.426217 -1.000000 
-0.554494 -1.809388 -0.095232 4.656525 -2.408704 0.498270 1.088627 0.408335 -1.000000 
-0.568636 -1.725654 -0.057943 4.664949 -2.404250 0.615103 1.091810 0.386926 -1.000000 
0.000000 0.000000 0.000000 0.000000 0.000000 0.000000 0.000000 0.000000 0.000000 
