0.227346 -2.517365 0.140695 -1.379712 -1.779347 -0.485055 0.205503 0.066718 1.000000 
0.207144 -2.532919 0.129611 -1.391161 -1.783067 -0.444974 0.206112 0.086735 1.000000 
0.186823 -2.547011 0.118438 -1.401821 -1.786464 -0.404087 0.206915 0.116079 1.000000 
0.166396 -2.559614 0.107184 -1.411674 -1.789531 -0.362456 0.208010 0.160933 1.000000 
0.145874 -2.570701 0.095854 -1.420705 -1.792262 -0.320142 0.209562 0.233136 1.000000 
0.125269 -2.580251 0.084455 -1.428898 -1.794652 -0.277203 0.211876 0.357261 1.000000 
0.104594 -2.588242 0.072994 -1.436241 -1.796695 -0.233681 0.215560 0.589855 1.000000 
0.083861 -2.594652 0.061477 -1.442723 -1.798389 -0.189592 0.221978 1.080329 1.000000 
0.063084 -2.599463 0.049912 -1.448337 -1.799727 -0.144875 0.234714 2.307832 1.000000 
0.042274 -2.602642 0.038306 -1.453086 -1.800704 -0.099202 0.265760 6.327798 1.000000 
0.021446 -2.604113 0.026665 -1.457020 -1.801308 -0.050737 0.374800 27.193540 1.000000 
0.000615 -2.602666 0.014994 -1.460897 -1.801448 0.035988 1.042650 171.200325 1.000000 
-0.019907 -2.480341 0.003381 -1.410366 -1.798502 0.837515 1.702116 8.539750 1.000000 
-0.038556 -2.149359 -0.006991 -1.156130 -1.788474 1.639965 1.723817 0.635081 1.000000 
-0.053776 -1.627344 -0.014778 -0.775032 -1.772745 2.255733 1.726069 0.094876 1.000000 
-0.064250 -0.976999 -0.019233 -0.334150 -1.753049 2.623858 1.726371 0.004737 1.000000 
-0.069298 -0.284989 -0.020127 0.106230 -1.731474 2.726724 1.726347 -0.003574 1.000000 
-0.070658 -0.139335 -0.018146 0.360257 -1.724683 2.637466 1.726337 0.002385 1.000000 
-0.072523 -0.215344 -0.014672 0.532198 -1.724944 2.523765 1.726322 0.002841 1.000000 
-0.074738 -0.250336 -0.009813 0.695353 -1.725235 2.400685 1.726299 0.002704 1.000000 
-0.076957 -0.241526 -0.003662 0.846246 -1.725542 2.272237 1.726267 0.002093 1.000000 
-0.078840 -0.190615 0.003651 0.979756 -1.725857 2.141799 1.726227 0.001153 1.000000 
-0.080076 -0.102680 0.011949 1.090559 -1.726170 2.011942 1.726178 0.000026 1.000000 
-0.080412 0.015070 0.021017 1.174262 -1.726477 1.884444 1.726121 -0.001172 1.000000 
-0.079657 0.154440 0.030615 1.228020 -1.726774 1.760420 1.726058 -0.002361 1.000000 
-0.077688 0.307171 0.040489 1.250719 -1.727059 1.640471 1.725989 -0.003488 1.000000 
-0.074444 0.465588 0.050389 1.242839 -1.727332 1.524835 1.725916 -0.004524 1.000000 
-0.069923 0.622991 0.060075 1.206150 -1.727593 1.413512 1.725838 -0.005456 1.000000 
-0.064166 0.773836 0.069329 1.143357 -1.727841 1.306349 1.725757 -0.006282 1.000000 
-0.057255 0.913772 0.077961 1.057751 -1.728078 1.203110 1.725673 -0.007006 1.000000 
-0.049297 1.039569 0.085808 0.952920 -1.728305 1.103514 1.725588 -0.007636 1.000000 
-0.040420 1.149004 0.092737 0.832514 -1.728521 1.007270 1.725501 -0.008182 1.000000 
-0.030765 1.240711 0.098645 0.700079 -1.728729 0.914090 1.725412 -0.008653 1.000000 
-0.020475 1.314031 0.103456 0.558938 -1.728928 0.823699 1.725323 -0.009059 1.000000 
-0.009700 1.368870 0.107120 0.412123 -1.729120 0.735842 1.725233 -0.009409 1.000000 
0.001418 1.405566 0.109607 0.262338 -1.729304 0.650286 1.725143 -0.009711 1.000000 
0.012738 1.424781 0.110908 0.111948 -1.729483 0.566821 1.725053 -0.009972 1.000000 
0.024129 1.427404 0.111032 -0.037014 -1.729656 0.485257 1.724963 -0.010198 1.000000 
0.035465 1.414473 0.109998 -0.182829 -1.729823 0.405427 1.724872 -0.010396 1.000000 
0.046634 1.387116 0.107841 -0.324065 -1.729986 0.327181 1.724782 -0.010570 1.000000 
0.057528 1.346502 0.104603 -0.459549 -1.730145 0.250386 1.724692 -0.010724 1.000000 
0.068052 1.293802 0.100333 -0.588334 -1.730299 0.174925 1.724602 -0.010861 1.000000 
0.078119 1.230163 0.095088 -0.709670 -1.730450 0.100696 1.724512 -0.010986 1.000000 
0.087652 1.156691 0.088928 -0.822972 -1.730598 0.027608 1.724423 -0.011101 1.000000 
0.096578 1.074414 0.081915 -0.927790 -1.730777 -0.044469 1.724333 -0.011271 1.000000 
0.104816 0.983826 0.074103 -1.023898 -1.731420 -0.116027 1.724240 -0.012235 1.000000 
0.112297 0.885113 0.065556 -1.111418 -1.732631 -0.186645 1.724135 -0.014130 1.000000 
0.118957 0.778375 0.056343 -1.190379 -1.734402 -0.255698 1.724012 -0.016900 1.000000 
0.124730 0.663650 0.046533 -1.260635 -1.736716 -0.322543 1.723862 -0.020497 1.000000 
0.129554 0.540977 0.036197 -1.321858 -1.739555 -0.386509 1.723681 -0.024890 1.000000 
0.133365 0.410451 0.025409 -1.373548 -1.742891 -0.446886 1.723462 -0.030065 1.000000 
0.136101 0.272287 0.014247 -1.415041 -1.746693 -0.502924 1.723198 -0.036026 1.000000 
0.137702 0.126871 0.002797 -1.445542 -1.750924 -0.553835 1.722884 -0.042803 1.000000 
0.138113 -0.025189 -0.008850 -1.464158 -1.755539 -0.598806 1.722511 -0.050447 1.000000 
0.137283 -0.183026 -0.020595 -1.469951 -1.760487 -0.637015 1.722074 -0.059036 1.000000 
0.135172 -0.345482 -0.032332 -1.461989 -1.765711 -0.667660 1.721564 -0.068665 1.000000 
0.131747 -0.511095 -0.043948 -1.439412 -1.771147 -0.689983 1.720972 -0.079452 1.000000 
0.126991 -0.678101 -0.055322 -1.401499 -1.776727 -0.703312 1.720289 -0.091519 1.000000 
0.120899 -0.844458 -0.066329 -1.347736 -1.782375 -0.707093 1.719504 -0.104988 1.000000 
0.113487 -1.007883 -0.076843 -1.277882 -1.788014 -0.700933 1.718605 -0.119958 1.000000 
0.104788 -1.165913 -0.086733 -1.192021 -1.793563 -0.684631 1.717581 -0.136473 1.000000 
0.094854 -1.315993 -0.095873 -1.090609 -1.798941 -0.658211 1.716418 -0.154489 1.000000 
0.083760 -1.455557 -0.104143 -0.974496 -1.804068 -0.621941 1.715105 -0.173822 1.000000 
0.071600 -1.582144 -0.111430 -0.844932 -1.808867 -0.576340 1.713634 -0.194102 1.000000 
0.058486 -1.693495 -0.117631 -0.703547 -1.813266 -0.522179 1.711999 -0.214725 1.000000 
0.044550 -1.787658 -0.122660 -0.552304 -1.817202 -0.460459 1.710200 -0.234838 1.000000 
0.029934 -1.863073 -0.126447 -0.393435 -1.820617 -0.392376 1.708246 -0.253373 1.000000 
0.014793 -1.918634 -0.128941 -0.229355 -1.823466 -0.319276 1.706153 -0.269143 1.000000 
-0.000710 -1.953730 -0.130110 -0.062563 -1.825716 -0.242599 1.703950 -0.281000 1.000000 
-0.016411 -1.968247 -0.129941 0.104456 -1.827342 -0.163822 1.701670 -0.288035 1.000000 
-0.032148 -1.962540 -0.128444 0.269324 -1.828335 -0.084399 1.699355 -0.289752 1.000000 
-0.047760 -1.937389 -0.125644 0.429848 -1.828694 -0.005709 1.697048 -0.286165 1.000000 
-0.063097 -1.893921 -0.121583 0.584078 -1.828432 0.070977 1.694790 -0.277782 1.000000 
-0.078018 -1.833542 -0.116320 0.730339 -1.827567 0.144530 1.692614 -0.265483 1.000000 
-0.092393 -1.757858 -0.109923 0.867248 -1.826130 0.213970 1.690549 -0.250345 1.000000 
-0.106107 -1.668605 -0.102472 0.993709 -1.824157 0.278474 1.688613 -0.233464 1.000000 
-0.119059 -1.567594 -0.094054 1.108904 -1.821690 0.337373 1.686816 -0.215819 1.000000 
-0.131162 -1.456655 -0.084761 1.212273 -1.818775 0.390145 1.685160 -0.198197 1.000000 
-0.142344 -1.337599 -0.074690 1.303489 -1.815465 0.436405 1.683643 -0.181174 1.000000 
-0.152547 -1.212184 -0.063938 1.382443 -1.811811 0.475899 1.682259 -0.165126 1.000000 
-0.161727 -1.082084 -0.052603 1.449210 -1.807869 0.508487 1.680998 -0.150270 1.000000 
-0.169852 -0.948865 -0.040782 1.504031 -1.803694 0.534138 1.679851 -0.136696 1.000000 
-0.176904 -0.813974 -0.028569 1.547284 -1.799341 0.552917 1.678807 -0.124415 1.000000 
-0.182875 -0.678716 -0.016055 1.579460 -1.794865 0.564970 1.677857 -0.113378 1.000000 
-0.187766 -0.544251 -0.003326 1.601139 -1.790319 0.570516 1.676990 -0.103507 1.000000 
-0.191588 -0.411591 0.009537 1.612964 -1.785753 0.569831 1.676198 -0.094709 1.000000 
-0.194358 -0.281594 0.022457 1.615623 -1.781217 0.563238 1.675472 -0.086886 1.000000 
-0.196102 -0.154972 0.035364 1.609820 -1.776756 0.551099 1.674806 -0.079943 1.000000 
-0.196848 -0.032296 0.048193 1.596263 -1.772413 0.533798 1.674191 -0.073791 1.000000 
-0.196630 0.085996 0.060885 1.575645 -1.768228 0.511736 1.673623 -0.068349 1.000000 
-0.195485 0.199586 0.073387 1.548628 -1.764237 0.485323 1.673096 -0.063547 1.000000 
-0.193450 0.308264 0.085648 1.515835 -1.760473 0.454968 1.672605 -0.059322 1.000000 
-0.190566 0.411915 0.097626 1.477838 -1.756967 0.421076 1.672145 -0.055619 1.000000 
-0.186873 0.510504 0.109281 1.435150 -1.753745 0.384045 1.671714 -0.052392 1.000000 
-0.182411 0.604062 0.120577 1.388224 -1.750830 0.344256 1.671306 -0.049604 1.000000 
-0.177221 0.692672 0.131482 1.337449 -1.748243 0.302080 1.670919 -0.047220 1.000000 
-0.171342 0.776453 0.141967 1.283148 -1.746002 0.257871 1.670549 -0.045213 1.000000 
-0.164810 0.855554 0.152004 1.225582 -1.744121 0.211965 1.670194 -0.043560 1.000000 
-0.157665 0.930134 0.161568 1.164949 -1.742614 0.164688 1.669852 -0.042242 1.000000 
-0.149940 1.000355 0.170635 1.101391 -1.741489 0.116348 1.669518 -0.041245 1.000000 
-0.141670 1.066373 0.179183 1.034998 -1.740754 0.067243 1.669191 -0.040555 1.000000 
-0.132889 1.128326 0.187188 0.965813 -1.740415 0.017662 1.668868 -0.040163 1.000000 
-0.123628 1.186331 0.194628 0.893838 -1.740472 -0.032115 1.668547 -0.040063 1.000000 
-0.113918 1.240473 0.201482 0.819046 -1.740928 -0.081812 1.668226 -0.040250 1.000000 
-0.103790 1.290803 0.207725 0.741384 -1.741780 -0.131156 1.667903 -0.040720 1.000000 
-0.093275 1.337331 0.213336 0.660784 -1.743025 -0.179873 1.667574 -0.041476 1.000000 
-0.082403 1.380028 0.218290 0.577169 -1.744656 -0.227688 1.667238 -0.042518 1.000000 
-0.071205 1.418818 0.222563 0.490467 -1.746665 -0.274324 1.666893 -0.043851 1.000000 
-0.059713 1.453585 0.226129 0.400617 -1.749041 -0.319497 1.666536 -0.045482 1.000000 
-0.047959 1.484166 0.228964 0.307577 -1.751772 -0.362920 1.666164 -0.047421 1.000000 
-0.035978 1.510358 0.231042 0.211338 -1.754843 -0.404297 1.665776 -0.049682 1.000000 
-0.023805 1.531923 0.232337 0.111927 -1.758235 -0.443332 1.665369 -0.052279 1.000000 
-0.011480 1.548585 0.232824 0.009420 -1.761929 -0.479721 1.664939 -0.055231 1.000000 
0.000958 1.560044 0.232480 -0.096051 -1.765902 -0.513160 1.664484 -0.058562 1.000000 
0.013466 1.565980 0.231280 -0.204292 -1.770131 -0.543349 1.664001 -0.062296 1.000000 
0.025998 1.566059 0.229204 -0.315041 -1.774587 -0.569989 1.663486 -0.066463 1.000000 
0.038506 1.559946 0.226234 -0.427962 -1.779240 -0.592794 1.662936 -0.071095 1.000000 
0.050940 1.547312 0.222352 -0.542642 -1.784060 -0.611489 1.662347 -0.076226 1.000000 
0.063245 1.527849 0.217548 -0.658591 -1.789013 -0.625821 1.661715 -0.081892 1.000000 
0.075366 1.501276 0.211813 -0.775242 -1.794061 -0.635563 1.661035 -0.088129 1.000000 
0.087246 1.467356 0.205144 -0.891955 -1.799169 -0.640521 1.660303 -0.094972 1.000000 
0.098824 1.425902 0.197543 -1.008019 -1.804296 -0.640538 1.659514 -0.102451 1.000000 
0.110040 1.376793 0.189019 -1.122663 -1.809404 -0.635503 1.658662 -0.110585 1.000000 
0.120832 1.319982 0.179587 -1.235068 -1.814451 -0.625356 1.657743 -0.119383 1.000000 
0.131139 1.255504 0.169267 -1.344372 -1.819396 -0.610091 1.656751 -0.128832 1.000000 
0.140900 1.183485 0.158087 -1.449693 -1.824199 -0.589765 1.655680 -0.138895 1.000000 
0.150055 1.104143 0.146084 -1.550140 -1.828819 -0.564495 1.654527 -0.149498 1.000000 
0.158548 1.017797 0.133300 -1.644830 -1.833218 -0.534464 1.653287 -0.160527 1.000000 
0.166323 0.924859 0.119785 -1.732911 -1.837358 -0.499918 1.651958 -0.171817 1.000000 
0.173329 0.825839 0.105594 -1.813576 -1.841205 -0.461166 1.650538 -0.183151 1.000000 
0.179521 0.721331 0.090789 -1.886083 -1.844727 -0.418574 1.649028 -0.194257 1.000000 
0.184858 0.612010 0.075440 -1.949769 -1.847893 -0.372564 1.647431 -0.204817 1.000000 
0.189303 0.498620 0.059618 -2.004069 -1.850680 -0.323601 1.645753 -0.214479 1.000000 
0.192827 0.381958 0.043401 -2.048521 -1.853065 -0.272189 1.644003 -0.222880 1.000000 
0.195407 0.262858 0.026869 -2.082783 -1.855030 -0.218858 1.642191 -0.229674 1.000000 
0.197028 0.142181 0.010104 -2.106629 -1.856563 -0.164156 1.640333 -0.234566 1.000000 
0.197680 0.020791 -0.006809 -2.119960 -1.857654 -0.108639 1.638444 -0.237340 1.000000 
0.197361 -0.100454 -0.023787 -2.122794 -1.858300 -0.052860 1.636542 -0.237886 1.000000 
0.196076 -0.220723 -0.040746 -2.115266 -1.858501 0.002644 1.634644 -0.236207 1.000000 
0.193835 -0.339219 -0.057604 -2.097616 -1.858260 0.057352 1.632768 -0.232422 1.000000 
0.190655 -0.455195 -0.074282 -2.070184 -1.857586 0.110775 1.630930 -0.226748 1.000000 
0.186560 -0.567960 -0.090702 -2.033396 -1.856492 0.162456 1.629144 -0.219474 1.000000 
0.181578 -0.676884 -0.106793 -1.987749 -1.854993 0.211974 1.627422 -0.210932 1.000000 
0.175742 -0.781408 -0.122484 -1.933806 -1.853107 0.258951 1.625772 -0.201467 1.000000 
0.169088 -0.881041 -0.137713 -1.872175 -1.850857 0.303051 1.624200 -0.191410 1.000000 
0.161659 -0.975364 -0.152420 -1.803505 -1.848267 0.343982 1.622710 -0.181058 1.000000 
0.153498 -1.064032 -0.166552 -1.728470 -1.845363 0.381495 1.621303 -0.170667 1.000000 
0.144650 -1.146766 -0.180061 -1.647757 -1.842173 0.415386 1.619979 -0.160441 1.000000 
0.135166 -1.223358 -0.192903 -1.562062 -1.838727 0.445494 1.618735 -0.150538 1.000000 
0.125093 -1.293666 -0.205042 -1.472076 -1.835055 0.471696 1.617569 -0.141072 1.000000 
0.114484 -1.357608 -0.216446 -1.378475 -1.831190 0.493913 1.616477 -0.132117 1.000000 
0.103389 -1.415158 -0.227090 -1.281920 -1.827163 0.512102 1.615454 -0.123718 1.000000 
0.091859 -1.466344 -0.236951 -1.183041 -1.823007 0.526254 1.614496 -0.115893 1.000000 
0.079944 -1.511242 -0.246014 -1.082440 -1.818754 0.536394 1.613598 -0.108645 1.000000 
0.067695 -1.549968 -0.254267 -0.980678 -1.814436 0.542576 1.612756 -0.101961 1.000000 
0.055161 -1.582673 -0.261703 -0.878278 -1.810083 0.544882 1.611965 -0.095819 1.000000 
0.042388 -1.609541 -0.268319 -0.775720 -1.805728 0.543417 1.611221 -0.090193 1.000000 
0.029423 -1.630777 -0.274115 -0.673438 -1.801398 0.538305 1.610521 -0.085052 1.000000 
0.016310 -1.646607 -0.279096 -0.571818 -1.797124 0.529692 1.609859 -0.080366 1.000000 
0.003091 -1.657268 -0.283267 -0.471202 -1.792932 0.517735 1.609234 -0.076103 1.000000 
-0.010193 -1.663007 -0.286638 -0.371886 -1.788849 0.502605 1.608641 -0.072233 1.000000 
-0.023505 -1.664071 -0.289221 -0.274121 -1.784898 0.484482 1.608077 -0.068728 1.000000 
-0.036807 -1.660709 -0.291029 -0.178113 -1.781104 0.463554 1.607540 -0.065561 1.000000 
-0.050065 -1.653162 -0.292076 -0.084033 -1.777489 0.440012 1.607027 -0.062707 1.000000 
-0.063247 -1.641662 -0.292379 0.007991 -1.774071 0.414053 1.606536 -0.060144 1.000000 
-0.076321 -1.626431 -0.291954 0.097862 -1.770870 0.385874 1.606064 -0.057853 1.000000 
-0.089260 -1.607673 -0.290819 0.185515 -1.767902 0.355672 1.605610 -0.055815 1.000000 
-0.102035 -1.585578 -0.288992 0.270911 -1.765184 0.323644 1.605171 -0.054014 1.000000 
-0.114621 -1.560316 -0.286491 0.354037 -1.762728 0.289985 1.604745 -0.052438 1.000000 
-0.126992 -1.532036 -0.283333 0.434897 -1.760548 0.254888 1.604331 -0.051073 1.000000 
-0.139126 -1.500871 -0.279538 0.513512 -1.758653 0.218543 1.603927 -0.049909 1.000000 
-0.150999 -1.466928 -0.275123 0.589917 -1.757054 0.181137 1.603532 -0.048937 1.000000 
-0.162589 -1.430296 -0.270105 0.664152 -1.755757 0.142854 1.603144 -0.048150 1.000000 
-0.173877 -1.391045 -0.264502 0.736264 -1.754770 0.103875 1.602761 -0.047542 1.000000 
-0.184839 -1.349223 -0.258331 0.806303 -1.754097 0.064380 1.602383 -0.047107 1.000000 
-0.195457 -1.304861 -0.251607 0.874314 -1.753741 0.024545 1.602007 -0.046841 1.000000 
-0.205710 -1.257973 -0.244347 0.940340 -1.753705 -0.015455 1.601633 -0.046743 1.000000 
-0.215578 -1.208559 -0.236567 1.004415 -1.753988 -0.055448 1.601259 -0.046810 1.000000 
-0.225041 -1.156606 -0.228282 1.066564 -1.754591 -0.095261 1.600883 -0.047043 1.000000 
-0.234077 -1.102088 -0.219507 1.126799 -1.755511 -0.134722 1.600505 -0.047441 1.000000 
-0.242667 -1.044974 -0.210258 1.185119 -1.756745 -0.173661 1.600124 -0.048005 1.000000 
-0.250790 -0.985225 -0.200550 1.241504 -1.758288 -0.211905 1.599737 -0.048740 1.000000 
-0.258423 -0.922800 -0.190399 1.295920 -1.760134 -0.249285 1.599343 -0.049647 1.000000 
-0.265547 -0.857659 -0.179821 1.348312 -1.762274 -0.285627 1.598942 -0.050732 1.000000 
-0.272139 -0.789763 -0.168832 1.398606 -1.764700 -0.320759 1.598531 -0.052001 1.000000 
-0.278176 -0.719083 -0.157449 1.446710 -1.767402 -0.354509 1.598110 -0.053461 1.000000 
-0.283637 -0.645596 -0.145690 1.492509 -1.770368 -0.386706 1.597675 -0.055118 1.000000 
-0.288498 -0.569294 -0.133575 1.535871 -1.773585 -0.417177 1.597227 -0.056984 1.000000 
-0.292738 -0.490185 -0.121123 1.576643 -1.777038 -0.445753 1.596763 -0.059068 1.000000 
-0.296333 -0.408294 -0.108356 1.614656 -1.780712 -0.472267 1.596281 -0.061381 1.000000 
-0.299263 -0.323671 -0.095297 1.649724 -1.784588 -0.496554 1.595780 -0.063938 1.000000 
-0.301505 -0.236390 -0.081969 1.681645 -1.788650 -0.518455 1.595258 -0.066750 1.000000 
-0.303039 -0.146551 -0.068399 1.710208 -1.792877 -0.537818 1.594712 -0.069833 1.000000 
-0.303843 -0.054283 -0.054615 1.735191 -1.797248 -0.554496 1.594140 -0.073202 1.000000 
-0.303901 0.040249 -0.040646 1.756363 -1.801741 -0.568354 1.593540 -0.076874 1.000000 
-0.303194 0.136854 -0.026524 1.773494 -1.806334 -0.579268 1.592909 -0.080864 1.000000 
-0.301706 0.235301 -0.012282 1.786353 -1.811002 -0.587126 1.592245 -0.085187 1.000000 
-0.299425 0.335329 0.002045 1.794713 -1.815720 -0.591834 1.591545 -0.089859 1.000000 
-0.296338 0.436642 0.016421 1.798356 -1.820462 -0.593313 1.590806 -0.094889 1.000000 
-0.292436 0.538910 0.030806 1.797077 -1.825204 -0.591505 1.590026 -0.100288 1.000000 
-0.287714 0.641773 0.045160 1.790690 -1.829917 -0.586371 1.589200 -0.106059 1.000000 
-0.282167 0.744841 0.059443 1.779026 -1.834577 -0.577896 1.588328 -0.112201 1.000000 
-0.275797 0.847698 0.073610 1.761948 -1.839155 -0.566091 1.587404 -0.118701 1.000000 
-0.268606 0.949905 0.087619 1.739343 -1.843625 -0.550990 1.586428 -0.125539 1.000000 
-0.260601 1.051004 0.101425 1.711134 -1.847962 -0.532653 1.585395 -0.132681 1.000000 
-0.251794 1.150522 0.114982 1.677281 -1.852140 -0.511170 1.584304 -0.140078 1.000000 
-0.242198 1.247981 0.128246 1.637781 -1.856133 -0.486656 1.583153 -0.147663 1.000000 
-0.231833 1.342895 0.141172 1.592673 -1.859918 -0.459252 1.581941 -0.155352 1.000000 
-0.220720 1.434785 0.153714 1.542039 -1.863474 -0.429127 1.580667 -0.163039 1.000000 
-0.208886 1.523177 0.165830 1.486005 -1.866778 -0.396471 1.579333 -0.170601 1.000000 
-0.196360 1.607615 0.177477 1.424736 -1.869811 -0.361502 1.577939 -0.177897 1.000000 
-0.183176 1.687661 0.188613 1.358444 -1.872556 -0.324455 1.576488 -0.184773 1.000000 
-0.169370 1.762907 0.199199 1.287377 -1.874997 -0.285583 1.574984 -0.191065 1.000000 
-0.154983 1.832973 0.209199 1.211824 -1.877121 -0.245158 1.573433 -0.196612 1.000000 
-0.140057 1.897517 0.218577 1.132106 -1.878916 -0.203460 1.571840 -0.201259 1.000000 
-0.124638 1.956238 0.227302 1.048576 -1.880374 -0.160780 1.570215 -0.204872 1.000000 
-0.108774 2.008876 0.235345 0.961612 -1.881487 -0.117414 1.568565 -0.207342 1.000000 
-0.092513 2.055220 0.242680 0.871615 -1.882252 -0.073660 1.566901 -0.208596 1.000000 
-0.075907 2.095102 0.249284 0.779002 -1.882665 -0.029814 1.565231 -0.208601 1.000000 
-0.059009 2.128406 0.255138 0.684202 -1.882729 0.013831 1.563567 -0.207369 1.000000 
-0.041871 2.155061 0.260226 0.587650 -1.882445 0.056992 1.561917 -0.204952 1.000000 
-0.024546 2.175044 0.264537 0.489784 -1.881819 0.099394 1.560290 -0.201438 1.000000 
-0.007088 2.188377 0.268061 0.391038 -1.880858 0.140776 1.558696 -0.196948 1.000000 
0.010451 2.195124 0.270792 0.291839 -1.879570 0.180889 1.557141 -0.191623 1.000000 
0.028017 2.195390 0.272730 0.192606 -1.877968 0.219503 1.555632 -0.185615 1.000000 
0.045560 2.189318 0.273875 0.093741 -1.876063 0.256403 1.554173 -0.179083 1.000000 
0.063030 2.177084 0.274232 -0.004371 -1.873870 0.291395 1.552768 -0.172178 1.000000 
0.080378 2.158896 0.273808 -0.101362 -1.871406 0.324301 1.551419 -0.165043 1.000000 
0.097557 2.134988 0.272614 -0.196890 -1.868687 0.354966 1.550127 -0.157806 1.000000 
0.114523 2.105617 0.270663 -0.290633 -1.865733 0.383252 1.548894 -0.150576 1.000000 
0.131233 2.071061 0.267969 -0.382297 -1.862562 0.409042 1.547718 -0.143446 1.000000 
0.147647 2.031612 0.264552 -0.471614 -1.859195 0.432241 1.546598 -0.136490 1.000000 
0.163726 1.987577 0.260431 -0.558341 -1.855653 0.452770 1.545533 -0.129766 1.000000 
0.179437 1.939270 0.255626 -0.642265 -1.851958 0.470572 1.544521 -0.123316 1.000000 
0.194744 1.887009 0.250162 -0.723198 -1.848132 0.485607 1.543559 -0.117170 1.000000 
0.209619 1.831117 0.244063 -0.800979 -1.844196 0.497853 1.542646 -0.111346 1.000000 
0.224033 1.771912 0.237355 -0.875477 -1.840173 0.507306 1.541777 -0.105853 1.000000 
0.237962 1.709713 0.230065 -0.946582 -1.836086 0.513976 1.540951 -0.100695 1.000000 
0.251381 1.644826 0.222219 -1.014211 -1.831957 0.517890 1.540165 -0.095866 1.000000 
0.264273 1.577555 0.213847 -1.078305 -1.827807 0.519088 1.539416 -0.091360 1.000000 
0.276617 1.508186 0.204976 -1.138823 -1.823659 0.517622 1.538702 -0.087167 1.000000 
0.288399 1.436997 0.195635 -1.195749 -1.819532 0.513557 1.538021 -0.083273 1.000000 
0.299605 1.364248 0.185854 -1.249082 -1.815449 0.506966 1.537369 -0.079667 1.000000 
0.310223 1.290186 0.175659 -1.298837 -1.811427 0.497935 1.536745 -0.076332 1.000000 
0.320245 1.215039 0.165082 -1.345046 -1.807488 0.486555 1.536147 -0.073256 1.000000 
0.329661 1.139018 0.154148 -1.387752 -1.803649 0.472924 1.535573 -0.070423 1.000000 
0.338467 1.062316 0.142887 -1.427009 -1.799927 0.457149 1.535020 -0.067821 1.000000 
0.346657 0.985108 0.131325 -1.462879 -1.796340 0.439340 1.534487 -0.065436 1.000000 
0.354228 0.907550 0.119490 -1.495433 -1.792903 0.419610 1.533972 -0.063255 1.000000 
0.361177 0.829781 0.107407 -1.524743 -1.789631 0.398078 1.533474 -0.061268 1.000000 
0.367504 0.751921 0.095102 -1.550888 -1.786538 0.374864 1.532992 -0.059463 1.000000 
0.373208 0.674075 0.082601 -1.573947 -1.783637 0.350090 1.532523 -0.057832 1.000000 
0.378290 0.596330 0.069927 -1.593998 -1.780940 0.323880 1.532066 -0.056364 1.000000 
0.382750 0.518760 0.057105 -1.611119 -1.778458 0.296358 1.531620 -0.055052 1.000000 
0.386590 0.441423 0.044157 -1.625385 -1.776202 0.267650 1.531185 -0.053889 1.000000 
0.389813 0.364365 0.031106 -1.636866 -1.774179 0.237880 1.530758 -0.052869 1.000000 
0.392421 0.287621 0.017974 -1.645629 -1.772398 0.207174 1.530338 -0.051985 1.000000 
0.394416 0.211214 0.004783 -1.651732 -1.770866 0.175656 1.529926 -0.051233 1.000000 
0.395801 0.135160 -0.008447 -1.655231 -1.769589 0.143450 1.529518 -0.050608 1.000000 
0.396580 0.059466 -0.021694 -1.656169 -1.768573 0.110680 1.529116 -0.050107 1.000000 
0.396754 -0.015864 -0.034939 -1.654587 -1.767820 0.077469 1.528716 -0.049728 1.000000 
0.396327 -0.090833 -0.048161 -1.650515 -1.767334 0.043939 1.528320 -0.049467 1.000000 
0.395302 -0.165447 -0.061340 -1.643975 -1.767117 0.010212 1.527924 -0.049323 1.000000 
0.393681 -0.239711 -0.074458 -1.634981 -1.767171 -0.023591 1.527530 -0.049294 1.000000 
0.391467 -0.313632 -0.087494 -1.623539 -1.767495 -0.057350 1.527135 -0.049382 1.000000 
0.388663 -0.387214 -0.100428 -1.609649 -1.768088 -0.090944 1.526740 -0.049584 1.000000 
0.385273 -0.460460 -0.113241 -1.593300 -1.768949 -0.124253 1.526342 -0.049902 1.000000 
0.381297 -0.533365 -0.125914 -1.574478 -1.770075 -0.157159 1.525941 -0.050338 1.000000 
0.376740 -0.605922 -0.138426 -1.553160 -1.771462 -0.189543 1.525536 -0.050892 1.000000 
0.371603 -0.678116 -0.150758 -1.529320 -1.773106 -0.221285 1.525126 -0.051566 1.000000 
0.365891 -0.749922 -0.162889 -1.502924 -1.775001 -0.252269 1.524711 -0.052365 1.000000 
0.359606 -0.821307 -0.174798 -1.473937 -1.777140 -0.282377 1.524288 -0.053290 1.000000 
0.352751 -0.892231 -0.186465 -1.442321 -1.779516 -0.311492 1.523858 -0.054346 1.000000 
0.345331 -0.962637 -0.197868 -1.408037 -1.782121 -0.339499 1.523418 -0.055537 1.000000 
0.337350 -1.032462 -0.208986 -1.371045 -1.784945 -0.366283 1.522969 -0.056868 1.000000 
0.328814 -1.101628 -0.219797 -1.331305 -1.787978 -0.391733 1.522508 -0.058345 1.000000 
0.319726 -1.170044 -0.230279 -1.288783 -1.791208 -0.415736 1.522035 -0.059974 1.000000 
0.310095 -1.237607 -0.240410 -1.243447 -1.794625 -0.438186 1.521548 -0.061761 1.000000 
0.299927 -1.304201 -0.250167 -1.195270 -1.798215 -0.458976 1.521046 -0.063715 1.000000 
0.289231 -1.369698 -0.259527 -1.144232 -1.801964 -0.478005 1.520528 -0.065841 1.000000 
0.278015 -1.433954 -0.268467 -1.090323 -1.805858 -0.495176 1.519992 -0.068149 1.000000 
0.266291 -1.496817 -0.276964 -1.033542 -1.809882 -0.510395 1.519437 -0.070646 1.000000 
0.254071 -1.558119 -0.284996 -0.973898 -1.814019 -0.523577 1.518861 -0.073342 1.000000 
0.241366 -1.617686 -0.292539 -0.911414 -1.818253 -0.534640 1.518263 -0.076244 1.000000 
0.228193 -1.675329 -0.299571 -0.846127 -1.822567 -0.543513 1.517641 -0.079360 1.000000 
0.214566 -1.730856 -0.306070 -0.778088 -1.826944 -0.550129 1.516993 -0.082699 1.000000 
0.200505 -1.784062 -0.312014 -0.707366 -1.831363 -0.554432 1.516317 -0.086267 1.000000 
0.186028 -1.834742 -0.317381 -0.634045 -1.835808 -0.556378 1.515612 -0.090070 1.000000 
0.171157 -1.882684 -0.322152 -0.558227 -1.840259 -0.555929 1.514875 -0.094112 1.000000 
0.155913 -1.927674 -0.326306 -0.480033 -1.844697 -0.553063 1.514106 -0.098394 1.000000 
0.140322 -1.969501 -0.329826 -0.399602 -1.849102 -0.547766 1.513300 -0.102915 1.000000 
0.124410 -2.007953 -0.332694 -0.317091 -1.853454 -0.540040 1.512458 -0.107670 1.000000 
0.108205 -2.042825 -0.334895 -0.232677 -1.857736 -0.529899 1.511577 -0.112650 1.000000 
0.091735 -2.073918 -0.336412 -0.146553 -1.861926 -0.517369 1.510655 -0.117838 1.000000 
0.075032 -2.101043 -0.337235 -0.058931 -1.866007 -0.502494 1.509691 -0.123214 1.000000 
0.058129 -2.124022 -0.337352 0.029964 -1.869960 -0.485329 1.508683 -0.128749 1.000000 
0.041060 -2.142689 -0.336753 0.119887 -1.873767 -0.465944 1.507631 -0.134407 1.000000 
0.023858 -2.156898 -0.335432 0.210582 -1.877410 -0.444423 1.506533 -0.140142 1.000000 
0.006561 -2.166518 -0.333383 0.301783 -1.880872 -0.420865 1.505389 -0.145899 1.000000 
-0.010794 -2.171438 -0.330603 0.393211 -1.884138 -0.395382 1.504198 -0.151616 1.000000 
-0.028169 -2.171569 -0.327091 0.484579 -1.887193 -0.368097 1.502963 -0.157221 1.000000 
-0.045526 -2.166845 -0.322850 0.575596 -1.890023 -0.339146 1.501683 -0.162634 1.000000 
-0.062825 -2.157224 -0.317883 0.665968 -1.892616 -0.308678 1.500362 -0.167771 1.000000 
-0.080028 -2.142688 -0.312197 0.755397 -1.894959 -0.276848 1.499000 -0.172543 1.000000 
-0.097095 -2.123244 -0.305800 0.843589 -1.897042 -0.243823 1.497602 -0.176861 1.000000 
-0.113987 -2.098925 -0.298704 0.930255 -1.898857 -0.209776 1.496172 -0.180639 1.000000 
-0.130665 -2.069791 -0.290921 1.015110 -1.900396 -0.174884 1.494714 -0.183798 1.000000 
-0.147091 -2.035923 -0.282468 1.097878 -1.901653 -0.139331 1.493233 -0.186270 1.000000 
-0.163228 -1.997429 -0.273361 1.178297 -1.902624 -0.103304 1.491735 -0.187999 1.000000 
-0.179038 -1.954439 -0.263622 1.256116 -1.903306 -0.066989 1.490227 -0.188947 1.000000 
-0.194487 -1.907105 -0.253271 1.331097 -1.903696 -0.030573 1.488714 -0.189097 1.000000 
-0.209541 -1.855598 -0.242333 1.403022 -1.903795 0.005758 1.487203 -0.188447 1.000000 
-0.224166 -1.800109 -0.230831 1.471689 -1.903604 0.041823 1.485701 -0.187020 1.000000 
-0.238332 -1.740844 -0.218795 1.536914 -1.903127 0.077442 1.484213 -0.184854 1.000000 
-0.252010 -1.678025 -0.206250 1.598536 -1.902367 0.112443 1.482745 -0.182004 1.000000 
-0.265172 -1.611886 -0.193228 1.656412 -1.901330 0.146661 1.481303 -0.178538 1.000000 
-0.277792 -1.542669 -0.179758 1.710420 -1.900023 0.179937 1.479890 -0.174535 1.000000 
-0.289847 -1.470628 -0.165872 1.760458 -1.898454 0.212121 1.478511 -0.170078 1.000000 
-0.301315 -1.396022 -0.151602 1.806448 -1.896632 0.243071 1.477170 -0.165254 1.000000 
-0.312177 -1.319113 -0.136980 1.848330 -1.894568 0.272656 1.475868 -0.160147 1.000000 
-0.322415 -1.240166 -0.122039 1.886064 -1.892274 0.300756 1.474608 -0.154840 1.000000 
-0.332015 -1.159446 -0.106814 1.919630 -1.889761 0.327259 1.473391 -0.149407 1.000000 
-0.340963 -1.077217 -0.091336 1.949028 -1.887042 0.352066 1.472218 -0.143918 1.000000 
-0.349247 -0.993739 -0.075641 1.974274 -1.884132 0.375088 1.471088 -0.138434 1.000000 
-0.356860 -0.909269 -0.059759 1.995401 -1.881046 0.396247 1.470003 -0.133006 1.000000 
-0.363793 -0.824055 -0.043725 2.012459 -1.877797 0.415478 1.468960 -0.127679 1.000000 
-0.370043 -0.738339 -0.027570 2.025510 -1.874403 0.432723 1.467959 -0.122487 1.000000 
-0.375606 -0.652354 -0.011327 2.034632 -1.870879 0.447940 1.467000 -0.117460 1.000000 
-0.380481 -0.566322 0.004973 2.039913 -1.867242 0.461094 1.466079 -0.112618 1.000000 
-0.384668 -0.480457 0.021301 2.041453 -1.863507 0.472162 1.465197 -0.107976 1.000000 
-0.388169 -0.394959 0.037627 2.039359 -1.859693 0.481131 1.464351 -0.103545 1.000000 
-0.390989 -0.310015 0.053922 2.033747 -1.855815 0.487997 1.463540 -0.099332 1.000000 
-0.393131 -0.225801 0.070158 2.024741 -1.851890 0.492766 1.462761 -0.095338 1.000000 
-0.394604 -0.142481 0.086309 2.012467 -1.847936 0.495453 1.462014 -0.091562 1.000000 
-0.395414 -0.060203 0.102349 1.997057 -1.843969 0.496081 1.461296 -0.088003 1.000000 
-0.395570 0.020897 0.118254 1.978643 -1.840004 0.494681 1.460605 -0.084655 1.000000 
-0.395083 0.100695 0.134000 1.957362 -1.836059 0.491290 1.459941 -0.081513 1.000000 
-0.393963 0.179083 0.149564 1.933347 -1.832149 0.485953 1.459301 -0.078571 1.000000 
-0.392222 0.255964 0.164926 1.906732 -1.828289 0.478721 1.458683 -0.075820 1.000000 
-0.389872 0.331252 0.180065 1.877649 -1.824494 0.469652 1.458087 -0.073253 1.000000 
-0.386926 0.404875 0.194962 1.846227 -1.820779 0.458805 1.457511 -0.070862 1.000000 
-0.383398 0.476772 0.209599 1.812589 -1.817158 0.446248 1.456953 -0.068641 1.000000 
-0.379302 0.546891 0.223958 1.776857 -1.813644 0.432051 1.456412 -0.066580 1.000000 
-0.374653 0.615193 0.238024 1.739144 -1.810249 0.416288 1.455887 -0.064672 1.000000 
-0.369464 0.681646 0.251780 1.699561 -1.806987 0.399035 1.455377 -0.062911 1.000000 
-0.363752 0.746225 0.265212 1.658208 -1.803868 0.380372 1.454880 -0.061290 1.000000 
-0.357530 0.808917 0.278306 1.615183 -1.800905 0.360381 1.454396 -0.059802 1.000000 
-0.350814 0.869712 0.291051 1.570575 -1.798106 0.339146 1.453923 -0.058442 1.000000 
-0.343619 0.928607 0.303432 1.524464 -1.795481 0.316753 1.453460 -0.057204 1.000000 
-0.335961 0.985604 0.315438 1.476927 -1.793040 0.293287 1.453007 -0.056083 1.000000 
-0.327855 1.040709 0.327059 1.428030 -1.790791 0.268838 1.452563 -0.055074 1.000000 
-0.319315 1.093931 0.338283 1.377833 -1.788741 0.243493 1.452126 -0.054173 1.000000 
-0.310357 1.145283 0.349101 1.326390 -1.786898 0.217341 1.451696 -0.053377 1.000000 
-0.300995 1.194778 0.359502 1.273748 -1.785266 0.190473 1.451272 -0.052681 1.000000 
-0.291245 1.242430 0.369478 1.219945 -1.783852 0.162978 1.450853 -0.052084 1.000000 
-0.281121 1.288254 0.379018 1.165017 -1.782660 0.134946 1.450438 -0.051582 1.000000 
-0.270638 1.332264 0.388115 1.108990 -1.781694 0.106468 1.450027 -0.051174 1.000000 
-0.259810 1.374472 0.396759 1.051889 -1.780957 0.077633 1.449619 -0.050857 1.000000 
-0.248651 1.414889 0.404942 0.993730 -1.780452 0.048531 1.449213 -0.050630 1.000000 
-0.237176 1.453523 0.412656 0.934529 -1.780181 0.019252 1.448809 -0.050492 1.000000 
-0.225400 1.490380 0.419892 0.874294 -1.780145 -0.010113 1.448405 -0.050442 1.000000 
-0.213335 1.525462 0.426642 0.813035 -1.780343 -0.039477 1.448001 -0.050479 1.000000 
-0.200997 1.558766 0.432898 0.750756 -1.780776 -0.068749 1.447597 -0.050605 1.000000 
-0.188400 1.590288 0.438652 0.687462 -1.781442 -0.097842 1.447191 -0.050818 1.000000 
-0.175557 1.620015 0.443895 0.623155 -1.782341 -0.126665 1.446784 -0.051119 1.000000 
-0.162484 1.647934 0.448619 0.557838 -1.783468 -0.155133 1.446373 -0.051510 1.000000 
-0.149195 1.674024 0.452817 0.491516 -1.784822 -0.183156 1.445959 -0.051992 1.000000 
-0.135705 1.698261 0.456481 0.424193 -1.786397 -0.210648 1.445541 -0.052565 1.000000 
-0.122028 1.720616 0.459602 0.355878 -1.788190 -0.237523 1.445118 -0.053233 1.000000 
-0.108180 1.741053 0.462172 0.286581 -1.790196 -0.263695 1.444689 -0.053996 1.000000 
-0.094176 1.759535 0.464185 0.216316 -1.792407 -0.289080 1.444254 -0.054858 1.000000 
-0.080033 1.776017 0.465631 0.145104 -1.794819 -0.313593 1.443811 -0.055821 1.000000 
-0.065766 1.790453 0.466504 0.072967 -1.797422 -0.337152 1.443360 -0.056889 1.000000 
-0.051391 1.802790 0.466796 -0.000063 -1.800210 -0.359677 1.442901 -0.058065 1.000000 
-0.036927 1.812973 0.466500 -0.073951 -1.803174 -0.381088 1.442431 -0.059353 1.000000 
-0.022389 1.820945 0.465611 -0.148651 -1.806305 -0.401307 1.441951 -0.060756 1.000000 
-0.007798 1.826646 0.464120 -0.224113 -1.809592 -0.420259 1.441459 -0.062280 1.000000 
0.006831 1.830013 0.462023 -0.300277 -1.813025 -0.437872 1.440954 -0.063928 1.000000 
0.021476 1.830982 0.459314 -0.377073 -1.816594 -0.454075 1.440435 -0.065706 1.000000 
0.036120 1.829489 0.455988 -0.454426 -1.820286 -0.468803 1.439902 -0.067618 1.000000 
0.050741 1.825472 0.452042 -0.532247 -1.824091 -0.481991 1.439353 -0.069669 1.000000 
0.065320 1.818866 0.447471 -0.610441 -1.827994 -0.493581 1.438787 -0.071865 1.000000 
0.079836 1.809611 0.442274 -0.688903 -1.831984 -0.503518 1.438203 -0.074210 1.000000 
0.094267 1.797648 0.436448 -0.767516 -1.836046 -0.511752 1.437599 -0.076709 1.000000 
0.108591 1.782922 0.429994 -0.846157 -1.840167 -0.518238 1.436975 -0.079366 1.000000 
0.122786 1.765384 0.422910 -0.924692 -1.844333 -0.522938 1.436329 -0.082186 1.000000 
0.136830 1.744988 0.415199 -1.002977 -1.848529 -0.525818 1.435660 -0.085171 1.000000 
0.150698 1.721695 0.406864 -1.080862 -1.852741 -0.526852 1.434966 -0.088324 1.000000 
0.164369 1.695472 0.397907 -1.158188 -1.856954 -0.526020 1.434246 -0.091646 1.000000 
0.177818 1.666297 0.388335 -1.234788 -1.861152 -0.523310 1.433499 -0.095136 1.000000 
0.191022 1.634153 0.378153 -1.310488 -1.865322 -0.518717 1.432724 -0.098792 1.000000 
0.203956 1.599034 0.367370 -1.385111 -1.869447 -0.512244 1.431918 -0.102610 1.000000 
0.216598 1.560945 0.355994 -1.458472 -1.873513 -0.503902 1.431081 -0.106583 1.000000 
0.228924 1.519899 0.344038 -1.530385 -1.877504 -0.493711 1.430212 -0.110700 1.000000 
0.240909 1.475924 0.331513 -1.600660 -1.881407 -0.481698 1.429310 -0.114947 1.000000 
0.252531 1.429055 0.318432 -1.669106 -1.885207 -0.467901 1.428373 -0.119308 1.000000 
0.263766 1.379344 0.304812 -1.735531 -1.888889 -0.452364 1.427401 -0.123760 1.000000 
0.274593 1.326850 0.290670 -1.799746 -1.892440 -0.435142 1.426393 -0.128277 1.000000 
0.284989 1.271648 0.276023 -1.861563 -1.895847 -0.416295 1.425348 -0.132827 1.000000 
0.294932 1.213823 0.260892 -1.920798 -1.899097 -0.395896 1.424267 -0.137376 1.000000 
0.304403 1.153475 0.245297 -1.977274 -1.902177 -0.374021 1.423150 -0.141883 1.000000 
0.313381 1.090712 0.229263 -2.030818 -1.905077 -0.350756 1.421997 -0.146301 1.000000 
0.321848 1.025656 0.212813 -2.081268 -1.907786 -0.326196 1.420810 -0.150583 1.000000 
0.329786 0.958439 0.195971 -2.128467 -1.910293 -0.300439 1.419589 -0.154677 1.000000 
0.337178 0.889204 0.178766 -2.172273 -1.912590 -0.273591 1.418336 -0.158528 1.000000 
0.344008 0.818101 0.161224 -2.212552 -1.914668 -0.245764 1.417053 -0.162082 1.000000 
0.350263 0.745293 0.143375 -2.249184 -1.916520 -0.217074 1.415743 -0.165285 1.000000 
0.355929 0.670947 0.125248 -2.282061 -1.918139 -0.187641 1.414409 -0.168088 1.000000 
0.360995 0.595239 0.106872 -2.311091 -1.919520 -0.157589 1.413055 -0.170442 1.000000 
0.365450 0.518348 0.088281 -2.336194 -1.920659 -0.127043 1.411684 -0.172309 1.000000 
0.369286 0.440461 0.069504 -2.357307 -1.921552 -0.096133 1.410299 -0.173656 1.000000 
0.372495 0.361766 0.050574 -2.374383 -1.922197 -0.064986 1.408907 -0.174460 1.000000 
0.375072 0.282453 0.031525 -2.387388 -1.922592 -0.033731 1.407510 -0.174707 1.000000 
0.377013 0.202715 0.012387 -2.396306 -1.922737 -0.002498 1.406113 -0.174396 1.000000 
0.378315 0.122744 -0.006805 -2.401135 -1.922632 0.028587 1.404721 -0.173534 1.000000 
0.378977 0.042729 -0.026020 -2.401888 -1.922280 0.059399 1.403338 -0.172140 1.000000 
0.378999 -0.037139 -0.045225 -2.398595 -1.921683 0.089815 1.401968 -0.170242 1.000000 
0.378383 -0.116677 -0.064387 -2.391299 -1.920844 0.119717 1.400615 -0.167877 1.000000 
0.377134 -0.195704 -0.083475 -2.380055 -1.919769 0.148989 1.399283 -0.165086 1.000000 
0.375254 -0.274043 -0.102458 -2.364933 -1.918462 0.177521 1.397975 -0.161919 1.000000 
0.372751 -0.351526 -0.121304 -2.346017 -1.916931 0.205207 1.396693 -0.158426 1.000000 
0.369632 -0.427988 -0.139984 -2.323398 -1.915182 0.231948 1.395441 -0.154660 1.000000 
0.365906 -0.503274 -0.158469 -2.297183 -1.913222 0.257649 1.394219 -0.150674 1.000000 
0.361583 -0.577237 -0.176730 -2.267483 -1.911062 0.282221 1.393030 -0.146519 1.000000 
0.356675 -0.649736 -0.194739 -2.234423 -1.908710 0.305582 1.391875 -0.142245 1.000000 
0.351192 -0.720642 -0.212472 -2.198132 -1.906176 0.327658 1.390755 -0.137896 1.000000 
0.345149 -0.789833 -0.229901 -2.158748 -1.903471 0.348380 1.389669 -0.133514 1.000000 
0.338559 -0.857198 -0.247004 -2.116412 -1.900606 0.367685 1.388618 -0.129137 1.000000 
0.331439 -0.922633 -0.263756 -2.071273 -1.897592 0.385520 1.387603 -0.124796 1.000000 
0.323803 -0.986046 -0.280137 -2.023482 -1.894442 0.401835 1.386621 -0.120521 1.000000 
0.315668 -1.047354 -0.296125 -1.973193 -1.891167 0.416590 1.385674 -0.116333 1.000000 
0.307051 -1.106485 -0.311702 -1.920560 -1.887781 0.429752 1.384760 -0.112253 1.000000 
0.297970 -1.163374 -0.326849 -1.865740 -1.884295 0.441292 1.383878 -0.108297 1.000000 
0.288443 -1.217968 -0.341548 -1.808890 -1.880724 0.451190 1.383027 -0.104475 1.000000 
0.278489 -1.270220 -0.355786 -1.750165 -1.877081 0.459433 1.382206 -0.100798 1.000000 
0.268126 -1.320095 -0.369546 -1.689717 -1.873378 0.466013 1.381413 -0.097271 1.000000 
0.257374 -1.367564 -0.382817 -1.627699 -1.869629 0.470929 1.380649 -0.093897 1.000000 
0.246251 -1.412609 -0.395586 -1.564257 -1.865847 0.474184 1.379911 -0.090680 1.000000 
0.234778 -1.455217 -0.407842 -1.499536 -1.862046 0.475789 1.379198 -0.087619 1.000000 
0.222974 -1.495383 -0.419575 -1.433675 -1.858239 0.475761 1.378508 -0.084713 1.000000 
0.210859 -1.533109 -0.430778 -1.366808 -1.854438 0.474119 1.377842 -0.081960 1.000000 
0.198451 -1.568402 -0.441442 -1.299064 -1.850657 0.470889 1.377197 -0.079356 1.000000 
0.185771 -1.601277 -0.451561 -1.230567 -1.846908 0.466102 1.376572 -0.076899 1.000000 
0.172837 -1.631752 -0.461129 -1.161433 -1.843204 0.459792 1.375966 -0.074584 1.000000 
0.159669 -1.659850 -0.470143 -1.091774 -1.839556 0.451998 1.375378 -0.072406 1.000000 
0.146286 -1.685598 -0.478597 -1.021693 -1.835976 0.442761 1.374807 -0.070362 1.000000 
0.132706 -1.709027 -0.486489 -0.951288 -1.832475 0.432128 1.374252 -0.068446 1.000000 
0.118947 -1.730169 -0.493817 -0.880651 -1.829065 0.420146 1.373712 -0.066653 1.000000 
0.105029 -1.749060 -0.500579 -0.809864 -1.825756 0.406868 1.373185 -0.064980 1.000000 
0.090968 -1.765737 -0.506774 -0.739005 -1.822559 0.392348 1.372672 -0.063421 1.000000 
0.076783 -1.780239 -0.512403 -0.668146 -1.819482 0.376641 1.372170 -0.061972 1.000000 
0.062490 -1.792604 -0.517465 -0.597350 -1.816535 0.359805 1.371680 -0.060628 1.000000 
0.048107 -1.802872 -0.521961 -0.526676 -1.813728 0.341902 1.371200 -0.059387 1.000000 
0.033650 -1.811082 -0.525892 -0.456175 -1.811068 0.322993 1.370729 -0.058243 1.000000 
0.019135 -1.817272 -0.529260 -0.385895 -1.808563 0.303141 1.370268 -0.057194 1.000000 
0.004579 -1.821480 -0.532067 -0.315877 -1.806220 0.282409 1.369814 -0.056236 1.000000 
-0.010004 -1.823742 -0.534315 -0.246156 -1.804046 0.260864 1.369368 -0.055366 1.000000 
-0.024596 -1.824092 -0.536006 -0.176763 -1.802048 0.238572 1.368928 -0.054581 1.000000 
-0.039184 -1.822562 -0.537144 -0.107727 -1.800231 0.215600 1.368494 -0.053878 1.000000 
-0.053752 -1.819183 -0.537731 -0.039070 -1.798600 0.192014 1.368066 -0.053257 1.000000 
-0.068286 -1.813983 -0.537770 0.029188 -1.797160 0.167884 1.367642 -0.052713 1.000000 
-0.082771 -1.806987 -0.537265 0.097029 -1.795915 0.143277 1.367222 -0.052246 1.000000 
-0.097193 -1.798218 -0.536219 0.164440 -1.794869 0.118263 1.366806 -0.051853 1.000000 
-0.111538 -1.787696 -0.534635 0.231409 -1.794024 0.092910 1.366392 -0.051534 1.000000 
-0.125792 -1.775437 -0.532518 0.297923 -1.793383 0.067286 1.365981 -0.051288 1.000000 
-0.139940 -1.761457 -0.529870 0.363974 -1.792948 0.041462 1.365571 -0.051112 1.000000 
-0.153970 -1.745766 -0.526695 0.429552 -1.792720 0.015506 1.365163 -0.051008 1.000000 
-0.167868 -1.728373 -0.522998 0.494649 -1.792700 -0.010513 1.364755 -0.050974 1.000000 
-0.181620 -1.709285 -0.518782 0.559254 -1.792888 -0.036525 1.364347 -0.051009 1.000000 
-0.195212 -1.688504 -0.514051 0.623359 -1.793284 -0.062463 1.363939 -0.051115 1.000000 
-0.208631 -1.666033 -0.508810 0.686951 -1.793887 -0.088258 1.363529 -0.051290 1.000000 
-0.221864 -1.641869 -0.503062 0.750017 -1.794696 -0.113841 1.363118 -0.051536 1.000000 
-0.234897 -1.616010 -0.496811 0.812544 -1.795708 -0.139145 1.362704 -0.051853 1.000000 
-0.247716 -1.588452 -0.490062 0.874513 -1.796921 -0.164103 1.362288 -0.052242 1.000000 
-0.260307 -1.559187 -0.482820 0.935905 -1.798332 -0.188647 1.361868 -0.052704 1.000000 
-0.272658 -1.528210 -0.475090 0.996697 -1.799938 -0.212711 1.361445 -0.053240 1.000000 
-0.284754 -1.495512 -0.466875 1.056861 -1.801734 -0.236229 1.361016 -0.053851 1.000000 
-0.296582 -1.461085 -0.458182 1.116369 -1.803716 -0.259136 1.360583 -0.054540 1.000000 
-0.308127 -1.424921 -0.449015 1.175186 -1.805879 -0.281369 1.360143 -0.055307 1.000000 
-0.319376 -1.387011 -0.439381 1.233274 -1.808216 -0.302864 1.359698 -0.056155 1.000000 
-0.330314 -1.347348 -0.429285 1.290592 -1.810722 -0.323559 1.359245 -0.057086 1.000000 
-0.340929 -1.305926 -0.418733 1.347091 -1.813391 -0.343393 1.358784 -0.058102 1.000000 
-0.351205 -1.262742 -0.407733 1.402722 -1.816214 -0.362307 1.358315 -0.059206 1.000000 
-0.361128 -1.217791 -0.396292 1.457429 -1.819185 -0.380244 1.357836 -0.060402 1.000000 
-0.370685 -1.171076 -0.384417 1.511152 -1.822295 -0.397146 1.357348 -0.061690 1.000000 
-0.379860 -1.122599 -0.372117 1.563826 -1.825536 -0.412959 1.356849 -0.063075 1.000000 
-0.388641 -1.072366 -0.359399 1.615383 -1.828900 -0.427633 1.356339 -0.064560 1.000000 
-0.397014 -1.020388 -0.346274 1.665750 -1.832375 -0.441117 1.355816 -0.066148 1.000000 
-0.404963 -0.966679 -0.332750 1.714849 -1.835954 -0.453364 1.355280 -0.067841 1.000000 
-0.412476 -0.911258 -0.318840 1.762599 -1.839626 -0.464329 1.354730 -0.069644 1.000000 
-0.419539 -0.854151 -0.304553 1.808917 -1.843380 -0.473972 1.354165 -0.071559 1.000000 
-0.426138 -0.795386 -0.289901 1.853715 -1.847206 -0.482255 1.353585 -0.073589 1.000000 
-0.432260 -0.734998 -0.274897 1.896902 -1.851092 -0.489142 1.352988 -0.075738 1.000000 
-0.437894 -0.673030 -0.259555 1.938387 -1.855028 -0.494604 1.352373 -0.078007 1.000000 
-0.443025 -0.609528 -0.243888 1.978073 -1.859002 -0.498613 1.351739 -0.080400 1.000000 
-0.447642 -0.544547 -0.227911 2.015865 -1.863002 -0.501148 1.351086 -0.082916 1.000000 
-0.451734 -0.478147 -0.211639 2.051666 -1.867016 -0.502189 1.350412 -0.085558 1.000000 
-0.455289 -0.410396 -0.195090 2.085380 -1.871033 -0.501724 1.349717 -0.088326 1.000000 
-0.458297 -0.341368 -0.178279 2.116908 -1.875040 -0.499744 1.348999 -0.091219 1.000000 
-0.460748 -0.271144 -0.161225 2.146155 -1.879025 -0.496246 1.348257 -0.094234 1.000000 
-0.462632 -0.199812 -0.143947 2.173027 -1.882976 -0.491230 1.347491 -0.097370 1.000000 
-0.463942 -0.127468 -0.126464 2.197431 -1.886881 -0.484706 1.346699 -0.100619 1.000000 
-0.464669 -0.054212 -0.108795 2.219277 -1.890727 -0.476684 1.345880 -0.103977 1.000000 
-0.464807 0.019848 -0.090962 2.238481 -1.894504 -0.467183 1.345035 -0.107434 1.000000 
-0.464350 0.094597 -0.072987 2.254961 -1.898198 -0.456227 1.344161 -0.110980 1.000000 
-0.463292 0.169917 -0.054890 2.268640 -1.901799 -0.443844 1.343259 -0.114601 1.000000 
-0.461630 0.245682 -0.036696 2.279447 -1.905296 -0.430072 1.342327 -0.118281 1.000000 
-0.459360 0.321762 -0.018427 2.287317 -1.908677 -0.414948 1.341366 -0.122002 1.000000 
-0.456481 0.398023 -0.000107 2.292193 -1.911932 -0.398521 1.340375 -0.125741 1.000000 
-0.452992 0.474327 0.018240 2.294024 -1.915050 -0.380841 1.339355 -0.129475 1.000000 
-0.448892 0.550532 0.036589 2.292767 -1.918022 -0.361964 1.338304 -0.133176 1.000000 
-0.444184 0.626494 0.054916 2.288387 -1.920838 -0.341953 1.337224 -0.136815 1.000000 
-0.438869 0.702067 0.073195 2.280858 -1.923490 -0.320875 1.336115 -0.140360 1.000000 
-0.432952 0.777104 0.091401 2.270164 -1.925970 -0.298799 1.334978 -0.143776 1.000000 
-0.426438 0.851456 0.109509 2.256298 -1.928269 -0.275801 1.333815 -0.147028 1.000000 
-0.419331 0.924977 0.127494 2.239260 -1.930380 -0.251960 1.332627 -0.150081 1.000000 
-0.411641 0.997519 0.145329 2.219064 -1.932298 -0.227359 1.331414 -0.152899 1.000000 
-0.403374 1.068937 0.162990 2.195729 -1.934016 -0.202082 1.330181 -0.155446 1.000000 
-0.394541 1.139089 0.180452 2.169288 -1.935530 -0.176219 1.328928 -0.157690 1.000000 
-0.385152 1.207836 0.197691 2.139780 -1.936834 -0.149859 1.327659 -0.159601 1.000000 
-0.375220 1.275041 0.214681 2.107256 -1.937926 -0.123093 1.326375 -0.161152 1.000000 
-0.364756 1.340574 0.231399 2.071774 -1.938803 -0.096017 1.325081 -0.162322 1.000000 
-0.353775 1.404309 0.247821 2.033404 -1.939462 -0.068723 1.323779 -0.163094 1.000000 
-0.342292 1.466126 0.263926 1.992220 -1.939902 -0.041306 1.322473 -0.163457 1.000000 
-0.330323 1.525911 0.279690 1.948309 -1.940123 -0.013861 1.321165 -0.163408 1.000000 
-0.317883 1.583555 0.295092 1.901762 -1.940124 0.013519 1.319859 -0.162949 1.000000 
-0.304992 1.638961 0.310111 1.852678 -1.939907 0.040741 1.318559 -0.162087 1.000000 
-0.291666 1.692033 0.324728 1.801164 -1.939473 0.067714 1.317267 -0.160837 1.000000 
-0.277926 1.742689 0.338924 1.747330 -1.938825 0.094347 1.315987 -0.159218 1.000000 
-0.263790 1.790851 0.352680 1.691295 -1.937965 0.120555 1.314721 -0.157256 1.000000 
-0.249279 1.836450 0.365979 1.633179 -1.936897 0.146251 1.313471 -0.154979 1.000000 
-0.234414 1.879426 0.378805 1.573110 -1.935626 0.171355 1.312242 -0.152418 1.000000 
-0.219215 1.919727 0.391144 1.511215 -1.934157 0.195786 1.311033 -0.149606 1.000000 
-0.203705 1.957310 0.402980 1.447628 -1.932496 0.219471 1.309849 -0.146578 1.000000 
-0.187906 1.992139 0.414302 1.382481 -1.930648 0.242338 1.308689 -0.143370 1.000000 
-0.171838 2.024189 0.425096 1.315911 -1.928621 0.264318 1.307555 -0.140016 1.000000 
-0.155526 2.053439 0.435353 1.248054 -1.926421 0.285348 1.306449 -0.136550 1.000000 
-0.138991 2.079880 0.445062 1.179046 -1.924058 0.305369 1.305370 -0.133004 1.000000 
-0.122255 2.103509 0.454215 1.109024 -1.921538 0.324327 1.304321 -0.129407 1.000000 
-0.105342 2.124329 0.462804 1.038121 -1.918871 0.342170 1.303300 -0.125787 1.000000 
-0.088274 2.142352 0.470823 0.966473 -1.916067 0.358853 1.302308 -0.122169 1.000000 
-0.071072 2.157596 0.478266 0.894210 -1.913133 0.374335 1.301345 -0.118574 1.000000 
-0.053759 2.170087 0.485129 0.821462 -1.910081 0.388579 1.300411 -0.115022 1.000000 
-0.036358 2.179854 0.491408 0.748354 -1.906919 0.401554 1.299505 -0.111531 1.000000 
-0.018889 2.186935 0.497102 0.675009 -1.903659 0.413232 1.298626 -0.108113 1.000000 
-0.001374 2.191370 0.502208 0.601545 -1.900311 0.423592 1.297775 -0.104781 1.000000 
0.016166 2.193207 0.506726 0.528078 -1.896885 0.432615 1.296949 -0.101544 1.000000 
0.033711 2.192495 0.510658 0.454717 -1.893393 0.440289 1.296150 -0.098410 1.000000 
0.051239 2.189289 0.514003 0.381569 -1.889844 0.446603 1.295375 -0.095385 1.000000 
0.068733 2.183646 0.516763 0.308733 -1.886251 0.451555 1.294623 -0.092472 1.000000 
0.086171 2.175628 0.518943 0.236305 -1.882623 0.455142 1.293895 -0.089674 1.000000 
0.103537 2.165298 0.520546 0.164377 -1.878972 0.457371 1.293188 -0.086993 1.000000 
0.120810 2.152720 0.521575 0.093031 -1.875309 0.458247 1.292502 -0.084430 1.000000 
0.137974 2.137960 0.522036 0.022350 -1.871644 0.457782 1.291837 -0.081983 1.000000 
0.155012 2.121088 0.521934 -0.047595 -1.867988 0.455993 1.291190 -0.079652 1.000000 
0.171906 2.102171 0.521277 -0.116732 -1.864351 0.452896 1.290562 -0.077436 1.000000 
0.188641 2.081277 0.520069 -0.185000 -1.860745 0.448515 1.289951 -0.075332 1.000000 
0.205202 2.058475 0.518319 -0.252340 -1.857178 0.442873 1.289357 -0.073337 1.000000 
0.221572 2.033833 0.516034 -0.318699 -1.853662 0.435999 1.288777 -0.071450 1.000000 
0.237738 2.007418 0.513223 -0.384029 -1.850206 0.427923 1.288213 -0.069666 1.000000 
0.253686 1.979297 0.509893 -0.448286 -1.846818 0.418679 1.287663 -0.067984 1.000000 
0.269403 1.949533 0.506053 -0.511432 -1.843510 0.408302 1.287125 -0.066400 1.000000 
0.284874 1.918190 0.501713 -0.573434 -1.840288 0.396830 1.286600 -0.064912 1.000000 
0.300089 1.885328 0.496881 -0.634261 -1.837163 0.384302 1.286086 -0.063515 1.000000 
0.315036 1.851006 0.491568 -0.693887 -1.834142 0.370760 1.285583 -0.062207 1.000000 
0.329702 1.815280 0.485782 -0.752290 -1.831234 0.356248 1.285091 -0.060985 1.000000 
0.344077 1.778205 0.479534 -0.809452 -1.828445 0.340811 1.284607 -0.059847 1.000000 
0.358150 1.739832 0.472834 -0.865357 -1.825783 0.324494 1.284133 -0.058789 1.000000 
0.371911 1.700209 0.465692 -0.919992 -1.823255 0.307345 1.283667 -0.057809 1.000000 
0.385350 1.659382 0.458118 -0.973347 -1.820868 0.289414 1.283208 -0.056904 1.000000 
0.398458 1.617394 0.450122 -1.025415 -1.818627 0.270750 1.282756 -0.056074 1.000000 
0.411225 1.574285 0.441715 -1.076188 -1.816537 0.251403 1.282310 -0.055314 1.000000 
0.423643 1.530091 0.432906 -1.125664 -1.814606 0.231425 1.281871 -0.054623 1.000000 
0.435704 1.484849 0.423708 -1.173839 -1.812836 0.210868 1.281436 -0.054000 1.000000 
0.447398 1.438588 0.414129 -1.220710 -1.811233 0.189786 1.281007 -0.053443 1.000000 
0.458719 1.391338 0.404180 -1.266278 -1.809801 0.168230 1.280581 -0.052950 1.000000 
0.469657 1.343126 0.393872 -1.310542 -1.808543 0.146255 1.280159 -0.052520 1.000000 
0.480206 1.293976 0.383215 -1.353500 -1.807462 0.123916 1.279741 -0.052151 1.000000 
0.490358 1.243908 0.372219 -1.395154 -1.806561 0.101265 1.279325 -0.051843 1.000000 
0.500106 1.192943 0.360896 -1.435501 -1.805842 0.078358 1.278911 -0.051595 1.000000 
0.509443 1.141098 0.349255 -1.474541 -1.805308 0.055250 1.278499 -0.051406 1.000000 
0.518361 1.088389 0.337306 -1.512272 -1.804959 0.031994 1.278088 -0.051276 1.000000 
0.526855 1.034830 0.325062 -1.548690 -1.804796 0.008647 1.277678 -0.051204 1.000000 
0.534917 0.980434 0.312531 -1.583792 -1.804820 -0.014738 1.277269 -0.051189 1.000000 
0.542540 0.925214 0.299725 -1.617573 -1.805032 -0.038106 1.276859 -0.051232 1.000000 
0.549718 0.869179 0.286653 -1.650025 -1.805430 -0.061402 1.276449 -0.051333 1.000000 
0.556444 0.812341 0.273328 -1.681140 -1.806014 -0.084572 1.276038 -0.051491 1.000000 
0.562713 0.754710 0.259759 -1.710908 -1.806783 -0.107561 1.275625 -0.051708 1.000000 
0.568518 0.696296 0.245957 -1.739318 -1.807734 -0.130316 1.275210 -0.051983 1.000000 
0.573852 0.637109 0.231933 -1.766354 -1.808867 -0.152784 1.274793 -0.052317 1.000000 
0.578709 0.577161 0.217699 -1.792002 -1.810178 -0.174910 1.274373 -0.052711 1.000000 
0.583084 0.516462 0.203265 -1.816244 -1.811664 -0.196644 1.273950 -0.053165 1.000000 
0.586971 0.455026 0.188643 -1.839061 -1.813323 -0.217932 1.273522 -0.053681 1.000000 
0.590363 0.392868 0.173844 -1.860430 -1.815150 -0.238723 1.273090 -0.054260 1.000000 
0.593255 0.330003 0.158880 -1.880328 -1.817141 -0.258967 1.272654 -0.054903 1.000000 
0.595641 0.266449 0.143763 -1.898730 -1.819292 -0.278613 1.272212 -0.055610 1.000000 
0.597516 0.202225 0.128504 -1.915609 -1.821597 -0.297612 1.271764 -0.056385 1.000000 
0.598875 0.137356 0.113117 -1.930937 -1.824052 -0.315916 1.271310 -0.057228 1.000000 
0.599712 0.071865 0.097613 -1.944682 -1.826650 -0.333479 1.270848 -0.058141 1.000000 
0.600023 0.005780 0.082006 -1.956814 -1.829385 -0.350254 1.270379 -0.059126 1.000000 
0.599803 -0.060866 0.066309 -1.967299 -1.832252 -0.366196 1.269902 -0.060185 1.000000 
0.599048 -0.128039 0.050534 -1.976104 -1.835242 -0.381263 1.269416 -0.061320 1.000000 
0.597753 -0.195702 0.034696 -1.983193 -1.838349 -0.395413 1.268921 -0.062532 1.000000 
0.595916 -0.263811 0.018808 -1.988533 -1.841566 -0.408606 1.268415 -0.063825 1.000000 
0.593531 -0.332323 0.002884 -1.992087 -1.844884 -0.420804 1.267899 -0.065200 1.000000 
0.590597 -0.401186 -0.013061 -1.993819 -1.848296 -0.431971 1.267372 -0.066660 1.000000 
0.587111 -0.470348 -0.029012 -1.993695 -1.851793 -0.442072 1.266832 -0.068205 1.000000 
0.583071 -0.539751 -0.044955 -1.991678 -1.855367 -0.451076 1.266280 -0.069840 1.000000 
0.578475 -0.609332 -0.060874 -1.987736 -1.859007 -0.458953 1.265715 -0.071565 1.000000 
0.573322 -0.679025 -0.076754 -1.981834 -1.862707 -0.465677 1.265135 -0.073383 1.000000 
0.567610 -0.748762 -0.092578 -1.973942 -1.866455 -0.471223 1.264540 -0.075295 1.000000 
0.561341 -0.818466 -0.108331 -1.964028 -1.870243 -0.475569 1.263930 -0.077302 1.000000 
0.554515 -0.888060 -0.123997 -1.952066 -1.874061 -0.478699 1.263303 -0.079406 1.000000 
0.547133 -0.957463 -0.139559 -1.938030 -1.877899 -0.480595 1.262659 -0.081608 1.000000 
0.539197 -1.026587 -0.155000 -1.921898 -1.881747 -0.481247 1.261997 -0.083906 1.000000 
0.530709 -1.095345 -0.170304 -1.903648 -1.885596 -0.480645 1.261316 -0.086302 1.000000 
0.521672 -1.163642 -0.185453 -1.883266 -1.889434 -0.478785 1.260616 -0.088794 1.000000 
0.512092 -1.231385 -0.200430 -1.860738 -1.893253 -0.475664 1.259895 -0.091379 1.000000 
0.501972 -1.298474 -0.215219 -1.836055 -1.897041 -0.471286 1.259154 -0.094056 1.000000 
0.491318 -1.364809 -0.229801 -1.809213 -1.900790 -0.465655 1.258390 -0.096820 1.000000 
0.480137 -1.430286 -0.244160 -1.780213 -1.904489 -0.458783 1.257604 -0.099666 1.000000 
0.468436 -1.494802 -0.258279 -1.749057 -1.908127 -0.450681 1.256795 -0.102587 1.000000 
0.456223 -1.558250 -0.272140 -1.715757 -1.911696 -0.441369 1.255963 -0.105577 1.000000 
0.443507 -1.620524 -0.285725 -1.680326 -1.915186 -0.430867 1.255106 -0.108625 1.000000 
0.430298 -1.681516 -0.299019 -1.642785 -1.918587 -0.419201 1.254225 -0.111720 1.000000 
0.416607 -1.741119 -0.312004 -1.603159 -1.921890 -0.406400 1.253318 -0.114851 1.000000 
0.402444 -1.799227 -0.324664 -1.561478 -1.925086 -0.392498 1.252387 -0.118001 1.000000 
0.387823 -1.855734 -0.336983 -1.517780 -1.928167 -0.377531 1.251430 -0.121156 1.000000 
0.372757 -1.910535 -0.348943 -1.472105 -1.931124 -0.361541 1.250449 -0.124296 1.000000 
0.357260 -1.963529 -0.360531 -1.424501 -1.933949 -0.344570 1.249442 -0.127402 1.000000 
0.341346 -2.014614 -0.371730 -1.375022 -1.936635 -0.326668 1.248410 -0.130452 1.000000 
0.325031 -2.063695 -0.382527 -1.323725 -1.939174 -0.307885 1.247355 -0.133425 1.000000 
0.308332 -2.110677 -0.392905 -1.270675 -1.941559 -0.288275 1.246276 -0.136295 1.000000 
0.291266 -2.155471 -0.402853 -1.215940 -1.943784 -0.267896 1.245174 -0.139038 1.000000 
0.273851 -2.197991 -0.412356 -1.159593 -1.945843 -0.246807 1.244052 -0.141630 1.000000 
0.256105 -2.238157 -0.421402 -1.101714 -1.947731 -0.225069 1.242909 -0.144044 1.000000 
0.238047 -2.275892 -0.429980 -1.042386 -1.949443 -0.202749 1.241747 -0.146257 1.000000 
0.219697 -2.311126 -0.438077 -0.981695 -1.950974 -0.179911 1.240569 -0.148245 1.000000 
0.201076 -2.343795 -0.445683 -0.919732 -1.952320 -0.156624 1.239376 -0.149985 1.000000 
0.182203 -2.373840 -0.452789 -0.856592 -1.953479 -0.132958 1.238170 -0.151460 1.000000 
0.163101 -2.401209 -0.459386 -0.792373 -1.954447 -0.108982 1.236954 -0.152651 1.000000 
0.143791 -2.425855 -0.465465 -0.727175 -1.955222 -0.084769 1.235729 -0.153544 1.000000 
0.124295 -2.447741 -0.471018 -0.661100 -1.955803 -0.060390 1.234498 -0.154129 1.000000 
0.104635 -2.466834 -0.476040 -0.594254 -1.956188 -0.035918 1.233263 -0.154400 1.000000 
0.084833 -2.483108 -0.480525 -0.526742 -1.956377 -0.011424 1.232028 -0.154353 1.000000 
0.064913 -2.496545 -0.484467 -0.458672 -1.956371 0.013020 1.230795 -0.153991 1.000000 
0.044896 -2.507133 -0.487862 -0.390152 -1.956169 0.037343 1.229565 -0.153318 1.000000 
0.024806 -2.514869 -0.490708 -0.321291 -1.955774 0.061474 1.228342 -0.152344 1.000000 
0.004666 -2.519754 -0.493002 -0.252195 -1.955186 0.085344 1.227128 -0.151081 1.000000 
-0.015502 -2.521797 -0.494743 -0.182974 -1.954409 0.108887 1.225926 -0.149545 1.000000 
-0.035675 -2.521015 -0.495930 -0.113733 -1.953445 0.132035 1.224736 -0.147756 1.000000 
-0.055831 -2.517429 -0.496563 -0.044579 -1.952298 0.154725 1.223562 -0.145733 1.000000 
-0.075947 -2.511067 -0.496644 0.024385 -1.950971 0.176894 1.222405 -0.143501 1.000000 
-0.096001 -2.501963 -0.496174 0.093058 -1.949469 0.198483 1.221267 -0.141081 1.000000 
-0.115971 -2.490158 -0.495156 0.161340 -1.947797 0.219435 1.220148 -0.138499 1.000000 
-0.135836 -2.475696 -0.493593 0.229133 -1.945960 0.239694 1.219051 -0.135779 1.000000 
-0.155575 -2.458628 -0.491491 0.296345 -1.943964 0.259208 1.217976 -0.132947 1.000000 
-0.175168 -2.439009 -0.488854 0.362884 -1.941815 0.277930 1.216924 -0.130024 1.000000 
-0.194593 -2.416899 -0.485687 0.428663 -1.939519 0.295811 1.215896 -0.127034 1.000000 
-0.213831 -2.392361 -0.481997 0.493599 -1.937084 0.312810 1.214892 -0.123999 1.000000 
-0.232864 -2.365462 -0.477792 0.557611 -1.934517 0.328886 1.213912 -0.120937 1.000000 
-0.251673 -2.336274 -0.473078 0.620623 -1.931824 0.344002 1.212957 -0.117869 1.000000 
-0.270239 -2.304870 -0.467865 0.682564 -1.929015 0.358126 1.212026 -0.114809 1.000000 
-0.288545 -2.271325 -0.462160 0.743365 -1.926097 0.371227 1.211120 -0.111773 1.000000 
-0.306574 -2.235719 -0.455974 0.802964 -1.923078 0.383278 1.210238 -0.108773 1.000000 
-0.324311 -2.198131 -0.449316 0.861300 -1.919968 0.394256 1.209379 -0.105823 1.000000 
-0.341739 -2.158644 -0.442197 0.918320 -1.916773 0.404141 1.208544 -0.102930 1.000000 
-0.358845 -2.117339 -0.434627 0.973972 -1.913504 0.412916 1.207732 -0.100104 1.000000 
-0.375612 -2.074301 -0.426617 1.028210 -1.910170 0.420568 1.206942 -0.097351 1.000000 
-0.392029 -2.029614 -0.418179 1.080993 -1.906778 0.427086 1.206174 -0.094677 1.000000 
-0.408082 -1.983360 -0.409325 1.132284 -1.903339 0.432463 1.205427 -0.092086 1.000000 
-0.423759 -1.935625 -0.400067 1.182047 -1.899862 0.436696 1.204701 -0.089582 1.000000 
-0.439048 -1.886490 -0.390417 1.230255 -1.896355 0.439784 1.203994 -0.087167 1.000000 
-0.453939 -1.836038 -0.380387 1.276881 -1.892828 0.441728 1.203306 -0.084843 1.000000 
-0.468421 -1.784350 -0.369991 1.321905 -1.889291 0.442534 1.202636 -0.082609 1.000000 
-0.482486 -1.731505 -0.359241 1.365308 -1.885751 0.442210 1.201984 -0.080468 1.000000 
-0.496123 -1.677581 -0.348150 1.407075 -1.882218 0.440766 1.201348 -0.078418 1.000000 
-0.509324 -1.622654 -0.336732 1.447196 -1.878702 0.438215 1.200729 -0.076458 1.000000 
-0.522083 -1.566799 -0.324999 1.485662 -1.875210 0.434573 1.200125 -0.074588 1.000000 
-0.534391 -1.510086 -0.312966 1.522469 -1.871751 0.429858 1.199535 -0.072805 1.000000 
-0.546242 -1.452585 -0.300644 1.557614 -1.868335 0.424090 1.198960 -0.071109 1.000000 
-0.557630 -1.394363 -0.288048 1.591098 -1.864969 0.417291 1.198397 -0.069498 1.000000 
-0.568550 -1.335483 -0.275191 1.622924 -1.861661 0.409486 1.197848 -0.067970 1.000000 
-0.578996 -1.276008 -0.262086 1.653095 -1.858419 0.400701 1.197310 -0.066522 1.000000 
-0.588965 -1.215995 -0.248746 1.681619 -1.855252 0.390964 1.196783 -0.065153 1.000000 
-0.598451 -1.155500 -0.235185 1.708504 -1.852166 0.380304 1.196267 -0.063860 1.000000 
-0.607452 -1.094576 -0.221414 1.733760 -1.849170 0.368754 1.195761 -0.062642 1.000000 
-0.615963 -1.033273 -0.207449 1.757398 -1.846269 0.356346 1.195265 -0.061496 1.000000 
-0.623983 -0.971638 -0.193300 1.779430 -1.843470 0.343115 1.194777 -0.060420 1.000000 
-0.631509 -0.909715 -0.178982 1.799869 -1.840781 0.329095 1.194298 -0.059413 1.000000 
-0.638538 -0.847545 -0.164507 1.818729 -1.838207 0.314323 1.193826 -0.058471 1.000000 
-0.645069 -0.785168 -0.149887 1.836025 -1.835754 0.298837 1.193362 -0.057595 1.000000 
-0.651100 -0.722618 -0.135134 1.851769 -1.833427 0.282675 1.192904 -0.056781 1.000000 
-0.656630 -0.659931 -0.120262 1.865978 -1.831233 0.265877 1.192453 -0.056029 1.000000 
-0.661659 -0.597135 -0.105283 1.878666 -1.829175 0.248483 1.192008 -0.055335 1.000000 
-0.666184 -0.534261 -0.090208 1.889846 -1.827258 0.230535 1.191568 -0.054701 1.000000 
-0.670207 -0.471335 -0.075049 1.899533 -1.825488 0.212073 1.191132 -0.054122 1.000000 
-0.673726 -0.408381 -0.059819 1.907740 -1.823866 0.193140 1.190702 -0.053600 1.000000 
-0.676741 -0.345421 -0.044529 1.914480 -1.822398 0.173779 1.190275 -0.053131 1.000000 
-0.679252 -0.282477 -0.029191 1.919765 -1.821087 0.154032 1.189851 -0.052716 1.000000 
-0.681260 -0.219568 -0.013817 1.923606 -1.819935 0.133943 1.189431 -0.052353 1.000000 
-0.682766 -0.156712 0.001583 1.926014 -1.818945 0.113557 1.189014 -0.052042 1.000000 
-0.683768 -0.093925 0.016996 1.926998 -1.818119 0.092916 1.188598 -0.051782 1.000000 
-0.684269 -0.031224 0.032411 1.926567 -1.817459 0.072065 1.188185 -0.051571 1.000000 
-0.684268 0.031378 0.047817 1.924727 -1.816966 0.051048 1.187773 -0.051410 1.000000 
-0.683767 0.093865 0.063203 1.921485 -1.816642 0.029910 1.187362 -0.051299 1.000000 
-0.682766 0.156224 0.078557 1.916846 -1.816488 0.008696 1.186952 -0.051236 1.000000 
-0.681268 0.218441 0.093868 1.910813 -1.816503 -0.012550 1.186542 -0.051223 1.000000 
-0.679272 0.280502 0.109126 1.903391 -1.816688 -0.033785 1.186132 -0.051257 1.000000 
-0.676780 0.342394 0.124319 1.894579 -1.817043 -0.054962 1.185722 -0.051341 1.000000 
-0.673794 0.404103 0.139436 1.884379 -1.817568 -0.076039 1.185311 -0.051473 1.000000 
-0.670315 0.465614 0.154465 1.872791 -1.818260 -0.096970 1.184898 -0.051654 1.000000 
-0.666345 0.526912 0.169397 1.859813 -1.819119 -0.117713 1.184484 -0.051884 1.000000 
-0.661885 0.587980 0.184219 1.845443 -1.820143 -0.138224 1.184068 -0.052164 1.000000 
-0.656938 0.648801 0.198920 1.829678 -1.821329 -0.158459 1.183650 -0.052493 1.000000 
-0.651505 0.709357 0.213490 1.812515 -1.822677 -0.178375 1.183228 -0.052874 1.000000 
-0.645589 0.769627 0.227917 1.793948 -1.824182 -0.197931 1.182803 -0.053306 1.000000 
-0.639192 0.829590 0.242189 1.773973 -1.825843 -0.217084 1.182375 -0.053789 1.000000 
-0.632316 0.889223 0.256296 1.752586 -1.827655 -0.235793 1.181943 -0.054326 1.000000 
-0.624965 0.948502 0.270227 1.729781 -1.829614 -0.254017 1.181506 -0.054917 1.000000 
-0.617141 1.007398 0.283969 1.705552 -1.831717 -0.271716 1.181064 -0.055563 1.000000 
-0.608848 1.065884 0.297512 1.679894 -1.833960 -0.288851 1.180617 -0.056264 1.000000 
-0.600088 1.123929 0.310844 1.652803 -1.836337 -0.305383 1.180163 -0.057023 1.000000 
-0.590866 1.181499 0.323953 1.624273 -1.838845 -0.321274 1.179704 -0.057841 1.000000 
-0.581186 1.238559 0.336828 1.594302 -1.841476 -0.336489 1.179238 -0.058718 1.000000 
-0.571051 1.295072 0.349458 1.562884 -1.844226 -0.350991 1.178764 -0.059657 1.000000 
-0.560466 1.350998 0.361830 1.530019 -1.847090 -0.364746 1.178283 -0.060658 1.000000 
-0.549436 1.406295 0.373934 1.495706 -1.850060 -0.377721 1.177794 -0.061723 1.000000 
-0.537967 1.460919 0.385758 1.459944 -1.853131 -0.389883 1.177295 -0.062854 1.000000 
-0.526064 1.514822 0.397290 1.422735 -1.856296 -0.401202 1.176788 -0.064053 1.000000 
-0.513732 1.567956 0.408518 1.384082 -1.859548 -0.411650 1.176270 -0.065320 1.000000 
-0.500978 1.620271 0.419431 1.343992 -1.862880 -0.421199 1.175743 -0.066657 1.000000 
-0.487810 1.671713 0.430018 1.302471 -1.866285 -0.429823 1.175204 -0.068067 1.000000 
-0.474234 1.722226 0.440267 1.259529 -1.869755 -0.437498 1.174653 -0.069549 1.000000 
-0.460257 1.771756 0.450166 1.215178 -1.873282 -0.444202 1.174091 -0.071105 1.000000 
-0.445888 1.820241 0.459706 1.169432 -1.876859 -0.449915 1.173515 -0.072737 1.000000 
-0.431136 1.867624 0.468874 1.122309 -1.880478 -0.454620 1.172927 -0.074446 1.000000 
-0.416009 1.913841 0.477659 1.073829 -1.884131 -0.458300 1.172324 -0.076232 1.000000 
-0.400518 1.958831 0.486051 1.024014 -1.887808 -0.460942 1.171707 -0.078095 1.000000 
-0.384672 2.002529 0.494040 0.972891 -1.891503 -0.462536 1.171074 -0.080037 1.000000 
-0.368481 2.044871 0.501614 0.920490 -1.895206 -0.463071 1.170426 -0.082056 1.000000 
-0.351957 2.085792 0.508764 0.866842 -1.898909 -0.462542 1.169761 -0.084153 1.000000 
-0.335112 2.125227 0.515481 0.811984 -1.902604 -0.460946 1.169079 -0.086325 1.000000 
-0.317958 2.163110 0.521753 0.755954 -1.906282 -0.458282 1.168380 -0.088572 1.000000 
-0.300507 2.199376 0.527573 0.698797 -1.909934 -0.454551 1.167662 -0.090890 1.000000 
-0.282772 2.233959 0.532931 0.640558 -1.913551 -0.449758 1.166925 -0.093278 1.000000 
-0.264768 2.266797 0.537819 0.581286 -1.917127 -0.443911 1.166169 -0.095730 1.000000 
-0.246508 2.297826 0.542229 0.521035 -1.920651 -0.437019 1.165394 -0.098242 1.000000 
-0.228008 2.326985 0.546153 0.459861 -1.924116 -0.429097 1.164597 -0.100809 1.000000 
-0.209282 2.354213 0.549584 0.397824 -1.927514 -0.420159 1.163780 -0.103424 1.000000 
-0.190346 2.379453 0.552516 0.334987 -1.930836 -0.410225 1.162942 -0.106078 1.000000 
-0.171216 2.402649 0.554942 0.271417 -1.934075 -0.399316 1.162083 -0.108763 1.000000 
-0.151909 2.423748 0.556857 0.207182 -1.937223 -0.387458 1.161202 -0.111469 1.000000 
-0.132442 2.442699 0.558256 0.142354 -1.940272 -0.374677 1.160300 -0.114184 1.000000 
-0.112832 2.459456 0.559133 0.077008 -1.943215 -0.361003 1.159375 -0.116896 1.000000 
-0.093096 2.473973 0.559486 0.011222 -1.946046 -0.346469 1.158429 -0.119590 1.000000 
-0.073254 2.486211 0.559312 -0.054926 -1.948757 -0.331111 1.157462 -0.122253 1.000000 
-0.053323 2.496133 0.558607 -0.121353 -1.951341 -0.314966 1.156473 -0.124868 1.000000 
-0.033322 2.503707 0.557370 -0.187976 -1.953794 -0.298075 1.155464 -0.127418 1.000000 
-0.013270 2.508904 0.555599 -0.254710 -1.956109 -0.280479 1.154435 -0.129886 1.000000 
0.006814 2.511701 0.553294 -0.321470 -1.958280 -0.262224 1.153386 -0.132254 1.000000 
0.026910 2.512078 0.550456 -0.388166 -1.960303 -0.243356 1.152319 -0.134504 1.000000 
0.047000 2.510021 0.547084 -0.454713 -1.962172 -0.223924 1.151235 -0.136617 1.000000 
0.067064 2.505520 0.543181 -0.521019 -1.963884 -0.203977 1.150134 -0.138575 1.000000 
0.087082 2.498570 0.538749 -0.586998 -1.965435 -0.183568 1.149018 -0.140361 1.000000 
0.107035 2.489172 0.533790 -0.652560 -1.966820 -0.162748 1.147888 -0.141959 1.000000 
0.126903 2.477331 0.528309 -0.717617 -1.968038 -0.141573 1.146747 -0.143353 1.000000 
0.146666 2.463058 0.522310 -0.782082 -1.969084 -0.120097 1.145595 -0.144530 1.000000 
0.166305 2.446366 0.515797 -0.845867 -1.969958 -0.098376 1.144435 -0.145478 1.000000 
0.185801 2.427277 0.508778 -0.908889 -1.970658 -0.076466 1.143268 -0.146188 1.000000 
0.205135 2.405816 0.501257 -0.971062 -1.971182 -0.054424 1.142097 -0.146653 1.000000 
0.224288 2.382012 0.493243 -1.032306 -1.971529 -0.032307 1.140923 -0.146868 1.000000 
0.243241 2.355901 0.484743 -1.092540 -1.971698 -0.010172 1.139748 -0.146832 1.000000 
0.261976 2.327520 0.475766 -1.151687 -1.971691 0.011925 1.138574 -0.146545 1.000000 
0.280476 2.296915 0.466319 -1.209672 -1.971508 0.033927 1.137404 -0.146010 1.000000 
0.298721 2.264132 0.456414 -1.266424 -1.971149 0.055779 1.136238 -0.145236 1.000000 
0.316696 2.229223 0.446060 -1.321873 -1.970616 0.077426 1.135080 -0.144228 1.000000 
0.334383 2.192243 0.435268 -1.375953 -1.969911 0.098814 1.133931 -0.143000 1.000000 
0.351766 2.153252 0.424049 -1.428603 -1.969036 0.119890 1.132793 -0.141563 1.000000 
0.368830 2.112312 0.412414 -1.479761 -1.967994 0.140603 1.131667 -0.139931 1.000000 
0.385558 2.069488 0.400377 -1.529374 -1.966787 0.160903 1.130555 -0.138121 1.000000 
0.401937 2.024849 0.387948 -1.577390 -1.965420 0.180740 1.129457 -0.136149 1.000000 
0.417951 1.978465 0.375143 -1.623760 -1.963897 0.200069 1.128377 -0.134034 1.000000 
0.433588 1.930409 0.361973 -1.668439 -1.962221 0.218844 1.127313 -0.131792 1.000000 
0.448834 1.880757 0.348452 -1.711389 -1.960397 0.237021 1.126268 -0.129441 1.000000 
0.463676 1.829584 0.334595 -1.752572 -1.958430 0.254560 1.125242 -0.127000 1.000000 
0.478103 1.776970 0.320416 -1.791956 -1.956326 0.271421 1.124236 -0.124486 1.000000 
0.492104 1.722994 0.305929 -1.829513 -1.954089 0.287568 1.123251 -0.121915 1.000000 
0.505668 1.667735 0.291149 -1.865218 -1.951727 0.302966 1.122286 -0.119304 1.000000 
0.518784 1.611276 0.276090 -1.899049 -1.949244 0.317583 1.121342 -0.116667 1.000000 
0.531445 1.553696 0.260769 -1.930991 -1.946647 0.331388 1.120419 -0.114018 1.000000 
0.543641 1.495077 0.245200 -1.961029 -1.943944 0.344354 1.119518 -0.111369 1.000000 
0.555364 1.435500 0.229398 -1.989155 -1.941140 0.356457 1.118637 -0.108733 1.000000 
0.566606 1.375046 0.213378 -2.015362 -1.938243 0.367673 1.117778 -0.106120 1.000000 
0.577362 1.313795 0.197157 -2.039647 -1.935260 0.377982 1.116939 -0.103539 1.000000 
0.587625 1.251827 0.180749 -2.062011 -1.932198 0.387366 1.116121 -0.100998 1.000000 
0.597390 1.189218 0.164170 -2.082457 -1.929064 0.395811 1.115323 -0.098505 1.000000 
0.606651 1.126047 0.147435 -2.100993 -1.925867 0.403303 1.114545 -0.096064 1.000000 
0.615405 1.062388 0.130559 -2.117628 -1.922614 0.409832 1.113786 -0.093683 1.000000 
0.000000 0.000000 0.000000 0.000000 0.000000 0.000000 0.000000 0.000000 0.000000 
