-1.297855 -3.390002 1.369815 -1.779241 -1.576342 1.513131 0.328063 -0.025833 -1.000000 
-1.324740 -3.331202 1.355330 -1.841650 -1.564324 1.490979 0.327859 -0.025264 -1.000000 
-1.351153 -3.271926 1.340352 -1.902637 -1.552489 1.467605 0.327659 -0.024719 -1.000000 
-1.377090 -3.212212 1.324892 -1.962212 -1.540846 1.443044 0.327463 -0.024197 -1.000000 
-1.402548 -3.152096 1.308960 -2.020380 -1.529404 1.417326 0.327271 -0.023698 -1.000000 
-1.427523 -3.091614 1.292569 -2.077152 -1.518172 1.390485 0.327084 -0.023220 -1.000000 
-1.452012 -3.030799 1.275730 -2.132538 -1.507159 1.362554 0.326900 -0.022763 -1.000000 
-1.476015 -2.969681 1.258452 -2.186550 -1.496374 1.333566 0.326720 -0.022325 -1.000000 
-1.499527 -2.908290 1.240749 -2.239202 -1.485824 1.303554 0.326543 -0.021908 -1.000000 
-1.522547 -2.846653 1.222629 -2.290508 -1.475519 1.272552 0.326369 -0.021508 -1.000000 
-1.545072 -2.784794 1.204104 -2.340481 -1.465466 1.240594 0.326198 -0.021127 -1.000000 
-1.567103 -2.722737 1.185185 -2.389138 -1.455672 1.207712 0.326031 -0.020764 -1.000000 
-1.588636 -2.660504 1.165881 -2.436496 -1.446145 1.173939 0.325866 -0.020417 -1.000000 
-1.609670 -2.598112 1.146204 -2.482570 -1.436892 1.139310 0.325704 -0.020086 -1.000000 
-1.630205 -2.535581 1.126163 -2.527379 -1.427918 1.103857 0.325545 -0.019772 -1.000000 
-1.650239 -2.472924 1.105769 -2.570941 -1.419232 1.067613 0.325388 -0.019473 -1.000000 
-1.669772 -2.410157 1.085032 -2.613273 -1.410839 1.030611 0.325233 -0.019188 -1.000000 
-1.688802 -2.347290 1.063960 -2.654394 -1.402744 0.992885 0.325081 -0.018919 -1.000000 
-1.707328 -2.284333 1.042565 -2.694323 -1.394954 0.954465 0.324930 -0.018663 -1.000000 
-1.725351 -2.221296 1.020854 -2.733079 -1.387474 0.915385 0.324782 -0.018421 -1.000000 
-1.742869 -2.158184 0.998838 -2.770680 -1.380310 0.875677 0.324636 -0.018193 -1.000000 
-1.759881 -2.095003 0.976526 -2.807144 -1.373465 0.835373 0.324491 -0.017977 -1.000000 
-1.776389 -2.031755 0.953927 -2.842492 -1.366945 0.794504 0.324348 -0.017774 -1.000000 
-1.792389 -1.968444 0.931049 -2.876739 -1.360755 0.753101 0.324207 -0.017584 -1.000000 
-1.807883 -1.905068 0.907902 -2.909906 -1.354897 0.711197 0.324067 -0.017406 -1.000000 
-1.822870 -1.841627 0.884494 -2.942009 -1.349377 0.668821 0.323928 -0.017240 -1.000000 
-1.837349 -1.778118 0.860833 -2.973065 -1.344197 0.626005 0.323791 -0.017085 -1.000000 
-1.851320 -1.714538 0.836927 -3.003092 -1.339362 0.582779 0.323655 -0.016943 -1.000000 
-1.864782 -1.650880 0.812786 -3.032105 -1.334874 0.539174 0.323520 -0.016811 -1.000000 
-1.877734 -1.587140 0.788416 -3.060121 -1.330736 0.495219 0.323386 -0.016691 -1.000000 
-1.890176 -1.523309 0.763827 -3.087153 -1.326951 0.450944 0.323252 -0.016581 -1.000000 
-1.902107 -1.459379 0.739025 -3.113217 -1.323521 0.406379 0.323120 -0.016482 -1.000000 
-1.913525 -1.395340 0.714018 -3.138325 -1.320450 0.361554 0.322989 -0.016394 -1.000000 
-1.924432 -1.331181 0.688814 -3.162491 -1.317737 0.316498 0.322858 -0.016317 -1.000000 
-1.934824 -1.266891 0.663420 -3.185726 -1.315386 0.271239 0.322728 -0.016250 -1.000000 
-1.944701 -1.202459 0.637845 -3.208041 -1.313398 0.225808 0.322598 -0.016194 -1.000000 
-1.954063 -1.137870 0.612094 -3.229446 -1.311774 0.180233 0.322469 -0.016147 -1.000000 
-1.962907 -1.073111 0.586176 -3.249951 -1.310514 0.134542 0.322339 -0.016111 -1.000000 
-1.971232 -1.008168 0.560097 -3.269563 -1.309621 0.088766 0.322211 -0.016086 -1.000000 
-1.979037 -0.943027 0.533865 -3.288289 -1.309094 0.042931 0.322082 -0.016070 -1.000000 
-1.986320 -0.877672 0.507487 -3.306136 -1.308934 -0.002932 0.321954 -0.016065 -1.000000 
-1.993079 -0.812087 0.480969 -3.323107 -1.309141 -0.048797 0.321825 -0.016069 -1.000000 
-1.999313 -0.746257 0.454320 -3.339208 -1.309715 -0.094633 0.321696 -0.016084 -1.000000 
-2.005019 -0.680165 0.427544 -3.354441 -1.310655 -0.140412 0.321568 -0.016109 -1.000000 
-2.010195 -0.613796 0.400651 -3.368807 -1.311961 -0.186106 0.321439 -0.016144 -1.000000 
-2.014839 -0.547133 0.373646 -3.382306 -1.313633 -0.231686 0.321309 -0.016189 -1.000000 
-2.018948 -0.480160 0.346536 -3.394939 -1.315668 -0.277123 0.321180 -0.016245 -1.000000 
-2.022520 -0.412862 0.319329 -3.406703 -1.318066 -0.322389 0.321049 -0.016311 -1.000000 
-2.025553 -0.345221 0.292031 -3.417595 -1.320826 -0.367454 0.320919 -0.016387 -1.000000 
-2.028043 -0.277223 0.264650 -3.427611 -1.323945 -0.412289 0.320787 -0.016474 -1.000000 
-2.029987 -0.208852 0.237192 -3.436746 -1.327422 -0.456866 0.320655 -0.016571 -1.000000 
-2.031383 -0.140093 0.209664 -3.444993 -1.331254 -0.501155 0.320522 -0.016680 -1.000000 
-2.032228 -0.070932 0.182074 -3.452344 -1.335439 -0.545126 0.320388 -0.016799 -1.000000 
-2.032517 -0.001356 0.154429 -3.458791 -1.339975 -0.588751 0.320253 -0.016929 -1.000000 
-2.032248 0.068649 0.126736 -3.464324 -1.344858 -0.631998 0.320117 -0.017070 -1.000000 
-2.031418 0.139095 0.099003 -3.468932 -1.350086 -0.674838 0.319980 -0.017223 -1.000000 
-2.030022 0.209994 0.071236 -3.472602 -1.355654 -0.717241 0.319842 -0.017388 -1.000000 
-2.028057 0.281355 0.043444 -3.475322 -1.361560 -0.759177 0.319702 -0.017564 -1.000000 
-2.025519 0.353190 0.015633 -3.477077 -1.367800 -0.800614 0.319561 -0.017752 -1.000000 
-2.022404 0.425505 -0.012187 -3.477853 -1.374369 -0.841522 0.319418 -0.017953 -1.000000 
-2.018709 0.498308 -0.040010 -3.477632 -1.381263 -0.881871 0.319273 -0.018166 -1.000000 
-2.014430 0.571607 -0.067827 -3.476399 -1.388477 -0.921628 0.319127 -0.018392 -1.000000 
-2.009562 0.645404 -0.095629 -3.474134 -1.396007 -0.960762 0.318979 -0.018632 -1.000000 
-2.004102 0.719704 -0.123410 -3.470820 -1.403848 -0.999242 0.318829 -0.018884 -1.000000 
-1.998046 0.794508 -0.151160 -3.466436 -1.411993 -1.037036 0.318677 -0.019151 -1.000000 
-1.991389 0.869818 -0.178870 -3.460962 -1.420438 -1.074112 0.318522 -0.019432 -1.000000 
-1.984127 0.945631 -0.206532 -3.454377 -1.429177 -1.110438 0.318366 -0.019728 -1.000000 
-1.976257 1.021945 -0.234137 -3.446659 -1.438203 -1.145981 0.318207 -0.020039 -1.000000 
-1.967775 1.098755 -0.261676 -3.437787 -1.447511 -1.180710 0.318045 -0.020365 -1.000000 
-1.958676 1.176055 -0.289138 -3.427736 -1.457092 -1.214591 0.317881 -0.020708 -1.000000 
-1.948957 1.253837 -0.316516 -3.416484 -1.466942 -1.247592 0.317714 -0.021067 -1.000000 
-1.938613 1.332090 -0.343799 -3.404006 -1.477051 -1.279681 0.317544 -0.021443 -1.000000 
-1.927642 1.410802 -0.370977 -3.390280 -1.487414 -1.310825 0.317371 -0.021836 -1.000000 
-1.916039 1.489959 -0.398040 -3.375280 -1.498022 -1.340991 0.317194 -0.022248 -1.000000 
-1.903802 1.569545 -0.424978 -3.358982 -1.508867 -1.370147 0.317015 -0.022679 -1.000000 
-1.890925 1.649540 -0.451780 -3.341361 -1.519942 -1.398260 0.316831 -0.023130 -1.000000 
-1.877408 1.729925 -0.478436 -3.322394 -1.531237 -1.425299 0.316645 -0.023600 -1.000000 
-1.863246 1.810677 -0.504935 -3.302054 -1.542743 -1.451230 0.316454 -0.024092 -1.000000 
-1.848436 1.891770 -0.531265 -3.280319 -1.554453 -1.476023 0.316259 -0.024605 -1.000000 
-1.832977 1.973178 -0.557416 -3.257163 -1.566357 -1.499645 0.316060 -0.025141 -1.000000 
-1.816864 2.054870 -0.583376 -3.232563 -1.578444 -1.522065 0.315857 -0.025700 -1.000000 
-1.800098 2.136814 -0.609133 -3.206495 -1.590706 -1.543253 0.315649 -0.026284 -1.000000 
-1.782675 2.218977 -0.634676 -3.178937 -1.603133 -1.563178 0.315436 -0.026893 -1.000000 
-1.764594 2.301320 -0.659992 -3.149867 -1.615714 -1.581810 0.315218 -0.027527 -1.000000 
-1.745853 2.383806 -0.685070 -3.119263 -1.628438 -1.599121 0.314996 -0.028189 -1.000000 
-1.726453 2.466393 -0.709896 -3.087104 -1.641296 -1.615080 0.314767 -0.028880 -1.000000 
-1.706391 2.549037 -0.734459 -3.053370 -1.654276 -1.629661 0.314533 -0.029599 -1.000000 
-1.685668 2.631692 -0.758746 -3.018043 -1.667367 -1.642836 0.314294 -0.030349 -1.000000 
-1.664284 2.714310 -0.782744 -2.981105 -1.680558 -1.654579 0.314048 -0.031130 -1.000000 
-1.642239 2.796839 -0.806439 -2.942540 -1.693836 -1.664864 0.313795 -0.031944 -1.000000 
-1.619535 2.879228 -0.829820 -2.902333 -1.707191 -1.673668 0.313537 -0.032793 -1.000000 
-1.596172 2.961420 -0.852872 -2.860469 -1.720611 -1.680967 0.313271 -0.033676 -1.000000 
-1.572153 3.043360 -0.875583 -2.816937 -1.734083 -1.686739 0.312998 -0.034596 -1.000000 
-1.547479 3.124986 -0.897939 -2.771727 -1.747595 -1.690963 0.312717 -0.035554 -1.000000 
-1.522154 3.206239 -0.919926 -2.724829 -1.761134 -1.693620 0.312429 -0.036551 -1.000000 
-1.496181 3.287054 -0.941531 -2.676237 -1.774688 -1.694691 0.312132 -0.037589 -1.000000 
-1.469563 3.367367 -0.962741 -2.625945 -1.788245 -1.694160 0.311827 -0.038668 -1.000000 
-1.442304 3.447110 -0.983542 -2.573950 -1.801791 -1.692011 0.311513 -0.039792 -1.000000 
-1.414410 3.526215 -1.003920 -2.520252 -1.815313 -1.688232 0.311190 -0.040959 -1.000000 
-1.385887 3.604612 -1.023861 -2.464852 -1.828798 -1.682810 0.310858 -0.042173 -1.000000 
-1.356739 3.682229 -1.043353 -2.407752 -1.842233 -1.675736 0.310515 -0.043435 -1.000000 
-1.326973 3.758993 -1.062381 -2.348959 -1.855605 -1.667001 0.310163 -0.044745 -1.000000 
-1.296597 3.834830 -1.080932 -2.288481 -1.868901 -1.656599 0.309799 -0.046105 -1.000000 
-1.265619 3.909665 -1.098992 -2.226329 -1.882106 -1.644526 0.309425 -0.047517 -1.000000 
-1.234046 3.983421 -1.116549 -2.162515 -1.895209 -1.630779 0.309039 -0.048980 -1.000000 
-1.201887 4.056021 -1.133588 -2.097055 -1.908194 -1.615359 0.308641 -0.050497 -1.000000 
-1.169153 4.127388 -1.150097 -2.029968 -1.921050 -1.598268 0.308231 -0.052068 -1.000000 
-1.135852 4.197443 -1.166063 -1.961274 -1.933762 -1.579510 0.307808 -0.053693 -1.000000 
-1.101997 4.266108 -1.181473 -1.890997 -1.946318 -1.559091 0.307372 -0.055373 -1.000000 
-1.067599 4.333304 -1.196315 -1.819163 -1.958703 -1.537021 0.306922 -0.057108 -1.000000 
-1.032668 4.398953 -1.210576 -1.745803 -1.970906 -1.513311 0.306458 -0.058899 -1.000000 
-0.997220 4.462977 -1.224244 -1.670946 -1.982912 -1.487975 0.305979 -0.060743 -1.000000 
-0.961265 4.525296 -1.237307 -1.594629 -1.994709 -1.461028 0.305486 -0.062642 -1.000000 
-0.924820 4.585835 -1.249754 -1.516887 -2.006284 -1.432490 0.304977 -0.064593 -1.000000 
-0.887897 4.644515 -1.261574 -1.437763 -2.017625 -1.402381 0.304452 -0.066595 -1.000000 
-0.850513 4.701262 -1.272755 -1.357297 -2.028718 -1.370724 0.303911 -0.068645 -1.000000 
-0.812682 4.756001 -1.283287 -1.275537 -2.039552 -1.337547 0.303354 -0.070741 -1.000000 
-0.774422 4.808659 -1.293160 -1.192529 -2.050115 -1.302877 0.302779 -0.072880 -1.000000 
-0.735749 4.859163 -1.302364 -1.108325 -2.060394 -1.266746 0.302187 -0.075057 -1.000000 
-0.696681 4.907445 -1.310890 -1.022978 -2.070379 -1.229186 0.301578 -0.077269 -1.000000 
-0.657236 4.953435 -1.318729 -0.936543 -2.080058 -1.190234 0.300951 -0.079508 -1.000000 
-0.617433 4.997068 -1.325872 -0.849080 -2.089419 -1.149927 0.300306 -0.081770 -1.000000 
-0.577290 5.038281 -1.332312 -0.760648 -2.098453 -1.108308 0.299643 -0.084046 -1.000000 
-0.536827 5.077011 -1.338040 -0.671310 -2.107149 -1.065417 0.298961 -0.086330 -1.000000 
-0.496064 5.113201 -1.343050 -0.581131 -2.115496 -1.021302 0.298261 -0.088613 -1.000000 
-0.455023 5.146795 -1.347336 -0.490178 -2.123486 -0.976008 0.297543 -0.090885 -1.000000 
-0.413723 5.177739 -1.350891 -0.398519 -2.131110 -0.929586 0.296807 -0.093135 -1.000000 
-0.372186 5.205984 -1.353711 -0.306225 -2.138357 -0.882087 0.296053 -0.095354 -1.000000 
-0.330434 5.231484 -1.355789 -0.213369 -2.145220 -0.833564 0.295282 -0.097529 -1.000000 
-0.288490 5.254195 -1.357123 -0.120024 -2.151691 -0.784074 0.294493 -0.099648 -1.000000 
-0.246375 5.274078 -1.357709 -0.026264 -2.157763 -0.733672 0.293688 -0.101698 -1.000000 
-0.204112 5.291098 -1.357543 0.067833 -2.163428 -0.682419 0.292866 -0.103667 -1.000000 
-0.161725 5.305221 -1.356623 0.162191 -2.168680 -0.630374 0.292029 -0.105541 -1.000000 
-0.119236 5.316421 -1.354947 0.256731 -2.173512 -0.577600 0.291178 -0.107307 -1.000000 
-0.076670 5.324672 -1.352515 0.351374 -2.177919 -0.524159 0.290313 -0.108951 -1.000000 
-0.034049 5.329954 -1.349325 0.446041 -2.181897 -0.470116 0.289435 -0.110462 -1.000000 
0.008601 5.332252 -1.345378 0.540652 -2.185440 -0.415537 0.288546 -0.111828 -1.000000 
0.051259 5.331553 -1.340675 0.635127 -2.188544 -0.360487 0.287646 -0.113036 -1.000000 
0.093898 5.327849 -1.335217 0.729386 -2.191206 -0.305035 0.286737 -0.114077 -1.000000 
0.136496 5.321138 -1.329006 0.823347 -2.193424 -0.249248 0.285821 -0.114942 -1.000000 
0.179028 5.311419 -1.322044 0.916933 -2.195194 -0.193195 0.284899 -0.115624 -1.000000 
0.221471 5.298697 -1.314336 1.010063 -2.196514 -0.136945 0.283972 -0.116115 -1.000000 
0.263800 5.282982 -1.305885 1.102658 -2.197385 -0.080566 0.283042 -0.116412 -1.000000 
0.305991 5.264286 -1.296695 1.194641 -2.197803 -0.024128 0.282110 -0.116513 -1.000000 
0.348020 5.242628 -1.286772 1.285935 -2.197771 0.032299 0.281178 -0.116416 -1.000000 
0.389865 5.218028 -1.276122 1.376463 -2.197287 0.088647 0.280248 -0.116122 -1.000000 
0.431501 5.190512 -1.264751 1.466151 -2.196353 0.144847 0.279320 -0.115634 -1.000000 
0.472905 5.160110 -1.252666 1.554926 -2.194970 0.200830 0.278398 -0.114958 -1.000000 
0.514055 5.126855 -1.239875 1.642716 -2.193140 0.256529 0.277482 -0.114099 -1.000000 
0.554927 5.090784 -1.226385 1.729451 -2.190866 0.311876 0.276573 -0.113064 -1.000000 
0.595500 5.051939 -1.212207 1.815063 -2.188151 0.366805 0.275673 -0.111864 -1.000000 
0.635751 5.010363 -1.197348 1.899485 -2.184999 0.421251 0.274783 -0.110509 -1.000000 
0.675659 4.966104 -1.181818 1.982653 -2.181413 0.475149 0.273905 -0.109009 -1.000000 
0.715202 4.919214 -1.165629 2.064506 -2.177398 0.528436 0.273040 -0.107377 -1.000000 
0.754359 4.869748 -1.148790 2.144984 -2.172959 0.581051 0.272188 -0.105626 -1.000000 
0.793111 4.817762 -1.131313 2.224029 -2.168103 0.632932 0.271350 -0.103768 -1.000000 
0.831437 4.763317 -1.113209 2.301586 -2.162835 0.684021 0.270528 -0.101816 -1.000000 
0.869318 4.706476 -1.094492 2.377603 -2.157161 0.734261 0.269721 -0.099785 -1.000000 
0.906734 4.647305 -1.075172 2.452030 -2.151089 0.783595 0.268931 -0.097685 -1.000000 
0.943669 4.585872 -1.055263 2.524821 -2.144626 0.831970 0.268158 -0.095531 -1.000000 
0.980103 4.522248 -1.034779 2.595930 -2.137780 0.879333 0.267403 -0.093334 -1.000000 
1.016019 4.456504 -1.013733 2.665316 -2.130559 0.925634 0.266665 -0.091106 -1.000000 
1.051401 4.388715 -0.992139 2.732941 -2.122973 0.970825 0.265945 -0.088857 -1.000000 
1.086233 4.318957 -0.970011 2.798769 -2.115029 1.014859 0.265243 -0.086598 -1.000000 
1.120499 4.247308 -0.947363 2.862766 -2.106738 1.057692 0.264560 -0.084337 -1.000000 
1.154185 4.173846 -0.924212 2.924902 -2.098110 1.099283 0.263894 -0.082083 -1.000000 
1.187276 4.098652 -0.900570 2.985151 -2.089153 1.139591 0.263246 -0.079845 -1.000000 
1.219759 4.021806 -0.876454 3.043488 -2.079880 1.178579 0.262616 -0.077628 -1.000000 
1.251621 3.943391 -0.851879 3.099892 -2.070300 1.216211 0.262004 -0.075439 -1.000000 
1.282850 3.863489 -0.826861 3.154344 -2.060424 1.252454 0.261409 -0.073283 -1.000000 
1.313433 3.782184 -0.801415 3.206828 -2.050264 1.287277 0.260831 -0.071165 -1.000000 
1.343361 3.699557 -0.775557 3.257331 -2.039831 1.320652 0.260270 -0.069089 -1.000000 
1.372623 3.615693 -0.749303 3.305844 -2.029138 1.352552 0.259726 -0.067058 -1.000000 
1.401209 3.530674 -0.722669 3.352360 -2.018195 1.382953 0.259197 -0.065074 -1.000000 
1.429111 3.444585 -0.695671 3.396872 -2.007014 1.411833 0.258685 -0.063141 -1.000000 
1.456320 3.357506 -0.668324 3.439381 -1.995609 1.439174 0.258187 -0.061258 -1.000000 
1.482828 3.269521 -0.640646 3.479885 -1.983992 1.464959 0.257704 -0.059429 -1.000000 
1.508630 3.180711 -0.612652 3.518389 -1.972174 1.489171 0.257236 -0.057653 -1.000000 
1.533718 3.091156 -0.584357 3.554898 -1.960169 1.511799 0.256782 -0.055931 -1.000000 
1.558087 3.000935 -0.555779 3.589419 -1.947990 1.532833 0.256341 -0.054263 -1.000000 
1.581731 2.910127 -0.526932 3.621963 -1.935648 1.552263 0.255913 -0.052650 -1.000000 
1.604647 2.818809 -0.497832 3.652542 -1.923158 1.570084 0.255498 -0.051089 -1.000000 
1.626831 2.727057 -0.468496 3.681170 -1.910531 1.586292 0.255096 -0.049582 -1.000000 
1.648279 2.634944 -0.438939 3.707865 -1.897781 1.600885 0.254705 -0.048127 -1.000000 
1.668989 2.542544 -0.409175 3.732644 -1.884921 1.613863 0.254326 -0.046723 -1.000000 
1.688959 2.449927 -0.379222 3.755527 -1.871964 1.625228 0.253957 -0.045370 -1.000000 
1.708188 2.357161 -0.349092 3.776536 -1.858922 1.634983 0.253600 -0.044065 -1.000000 
1.726674 2.264315 -0.318802 3.795695 -1.845808 1.643135 0.253252 -0.042809 -1.000000 
1.744417 2.171454 -0.288366 3.813029 -1.832636 1.649690 0.252915 -0.041600 -1.000000 
1.761417 2.078639 -0.257798 3.828563 -1.819418 1.654658 0.252586 -0.040436 -1.000000 
1.777675 1.985933 -0.227113 3.842326 -1.806166 1.658049 0.252267 -0.039316 -1.000000 
1.793192 1.893394 -0.196326 3.854347 -1.792893 1.659876 0.251957 -0.038238 -1.000000 
1.807970 1.801079 -0.165449 3.864654 -1.779612 1.660153 0.251655 -0.037203 -1.000000 
1.822010 1.709041 -0.134496 3.873279 -1.766335 1.658895 0.251362 -0.036207 -1.000000 
1.835316 1.617334 -0.103480 3.880254 -1.753074 1.656118 0.251076 -0.035250 -1.000000 
1.847889 1.526005 -0.072416 3.885610 -1.739841 1.651840 0.250798 -0.034330 -1.000000 
1.859733 1.435104 -0.041315 3.889381 -1.726648 1.646081 0.250527 -0.033447 -1.000000 
1.870852 1.344674 -0.010190 3.891601 -1.713507 1.638860 0.250263 -0.032598 -1.000000 
1.881249 1.254759 0.020947 3.892303 -1.700430 1.630200 0.250005 -0.031783 -1.000000 
1.890929 1.165398 0.052083 3.891522 -1.687428 1.620122 0.249754 -0.031000 -1.000000 
1.899897 1.076629 0.083207 3.889293 -1.674512 1.608650 0.249509 -0.030249 -1.000000 
1.908157 0.988487 0.114308 3.885649 -1.661693 1.595808 0.249270 -0.029528 -1.000000 
1.915715 0.901006 0.145374 3.880626 -1.648983 1.581622 0.249036 -0.028835 -1.000000 
1.922575 0.814216 0.176394 3.874258 -1.636391 1.566116 0.248808 -0.028170 -1.000000 
1.928744 0.728145 0.207358 3.866581 -1.623928 1.549317 0.248586 -0.027533 -1.000000 
1.934227 0.642820 0.238256 3.857628 -1.611605 1.531254 0.248368 -0.026921 -1.000000 
1.939031 0.558265 0.269077 3.847433 -1.599431 1.511952 0.248155 -0.026334 -1.000000 
1.943162 0.474500 0.299812 3.836031 -1.587417 1.491441 0.247946 -0.025771 -1.000000 
1.946625 0.391546 0.330451 3.823454 -1.575572 1.469749 0.247742 -0.025231 -1.000000 
1.949429 0.309420 0.360984 3.809735 -1.563904 1.446906 0.247543 -0.024714 -1.000000 
1.951578 0.228136 0.391403 3.794906 -1.552424 1.422940 0.247347 -0.024218 -1.000000 
1.953081 0.147709 0.421700 3.778999 -1.541140 1.397881 0.247155 -0.023743 -1.000000 
1.953944 0.068150 0.451865 3.762044 -1.530061 1.371760 0.246967 -0.023288 -1.000000 
1.954174 -0.010532 0.481890 3.744072 -1.519195 1.344607 0.246782 -0.022852 -1.000000 
1.953778 -0.088330 0.511767 3.725112 -1.508550 1.316451 0.246601 -0.022435 -1.000000 
1.952763 -0.165238 0.541489 3.705191 -1.498134 1.287324 0.246423 -0.022036 -1.000000 
1.951136 -0.241251 0.571048 3.684337 -1.487955 1.257256 0.246249 -0.021654 -1.000000 
1.948905 -0.316368 0.600436 3.662577 -1.478020 1.226278 0.246077 -0.021289 -1.000000 
1.946077 -0.390586 0.629647 3.639936 -1.468337 1.194420 0.245908 -0.020941 -1.000000 
1.942658 -0.463908 0.658673 3.616437 -1.458912 1.161713 0.245742 -0.020608 -1.000000 
1.938657 -0.536335 0.687507 3.592106 -1.449752 1.128188 0.245578 -0.020291 -1.000000 
1.934079 -0.607870 0.716144 3.566962 -1.440863 1.093875 0.245417 -0.019989 -1.000000 
1.928933 -0.678518 0.744577 3.541028 -1.432252 1.058805 0.245258 -0.019701 -1.000000 
1.923225 -0.748285 0.772799 3.514323 -1.423924 1.023009 0.245102 -0.019427 -1.000000 
1.916963 -0.817178 0.800804 3.486866 -1.415885 0.986516 0.244948 -0.019167 -1.000000 
1.910153 -0.885204 0.828586 3.458675 -1.408142 0.949356 0.244795 -0.018920 -1.000000 
1.902802 -0.952373 0.856141 3.429764 -1.400697 0.911561 0.244645 -0.018686 -1.000000 
1.894917 -1.018695 0.883461 3.400150 -1.393558 0.873159 0.244496 -0.018465 -1.000000 
1.886505 -1.084180 0.910541 3.369846 -1.386728 0.834180 0.244349 -0.018256 -1.000000 
1.877572 -1.148840 0.937377 3.338865 -1.380213 0.794654 0.244204 -0.018059 -1.000000 
1.868126 -1.212687 0.963961 3.307218 -1.374015 0.754611 0.244060 -0.017874 -1.000000 
1.858172 -1.275733 0.990290 3.274915 -1.368140 0.714079 0.243918 -0.017700 -1.000000 
1.847716 -1.337991 1.016358 3.241964 -1.362591 0.673087 0.243777 -0.017538 -1.000000 
1.836766 -1.399476 1.042160 3.208374 -1.357372 0.631665 0.243637 -0.017387 -1.000000 
1.825327 -1.460201 1.067690 3.174150 -1.352486 0.589840 0.243499 -0.017246 -1.000000 
1.813405 -1.520179 1.092945 3.139299 -1.347936 0.547642 0.243361 -0.017117 -1.000000 
1.801006 -1.579427 1.117918 3.103823 -1.343724 0.505098 0.243225 -0.016998 -1.000000 
1.788136 -1.637958 1.142604 3.067726 -1.339855 0.462237 0.243089 -0.016889 -1.000000 
1.774800 -1.695786 1.167000 3.031009 -1.336329 0.419087 0.242955 -0.016790 -1.000000 
1.761005 -1.752927 1.191099 2.993673 -1.333150 0.375675 0.242821 -0.016702 -1.000000 
1.746755 -1.809396 1.214897 2.955717 -1.330319 0.332030 0.242688 -0.016624 -1.000000 
1.732056 -1.865205 1.238389 2.917140 -1.327838 0.288178 0.242555 -0.016555 -1.000000 
1.716914 -1.920371 1.261569 2.877939 -1.325709 0.244148 0.242423 -0.016496 -1.000000 
1.701332 -1.974906 1.284434 2.838110 -1.323932 0.199966 0.242291 -0.016447 -1.000000 
1.685317 -2.028825 1.306977 2.797648 -1.322510 0.155660 0.242159 -0.016408 -1.000000 
1.668872 -2.082141 1.329195 2.756548 -1.321442 0.111258 0.242028 -0.016378 -1.000000 
1.652004 -2.134866 1.351080 2.714804 -1.320730 0.066785 0.241897 -0.016358 -1.000000 
1.634716 -2.187014 1.372630 2.672407 -1.320374 0.022270 0.241767 -0.016348 -1.000000 
1.617013 -2.238595 1.393837 2.629350 -1.320373 -0.022262 0.241636 -0.016347 -1.000000 
1.598900 -2.289620 1.414697 2.585624 -1.320730 -0.066781 0.241505 -0.016355 -1.000000 
1.580381 -2.340102 1.435205 2.541218 -1.321442 -0.111263 0.241374 -0.016374 -1.000000 
1.561460 -2.390048 1.455355 2.496123 -1.322510 -0.155679 0.241243 -0.016401 -1.000000 
1.542141 -2.439469 1.475141 2.450327 -1.323933 -0.200002 0.241112 -0.016438 -1.000000 
1.522430 -2.488372 1.494558 2.403818 -1.325709 -0.244206 0.240980 -0.016485 -1.000000 
1.502329 -2.536766 1.513601 2.356585 -1.327839 -0.288263 0.240848 -0.016542 -1.000000 
1.481843 -2.584655 1.532262 2.308613 -1.330321 -0.332147 0.240715 -0.016608 -1.000000 
1.460976 -2.632046 1.550536 2.259892 -1.333153 -0.375829 0.240582 -0.016684 -1.000000 
1.439731 -2.678943 1.568418 2.210405 -1.336334 -0.419282 0.240448 -0.016771 -1.000000 
1.418114 -2.725350 1.585901 2.160141 -1.339861 -0.462479 0.240314 -0.016867 -1.000000 
1.396127 -2.771269 1.602978 2.109085 -1.343733 -0.505392 0.240178 -0.016973 -1.000000 
1.373775 -2.816702 1.619644 2.057221 -1.347946 -0.547993 0.240042 -0.017090 -1.000000 
1.351061 -2.861648 1.635892 2.004537 -1.352500 -0.590255 0.239905 -0.017217 -1.000000 
1.327990 -2.906107 1.651714 1.951017 -1.357390 -0.632150 0.239767 -0.017354 -1.000000 
1.304565 -2.950077 1.667106 1.896647 -1.362613 -0.673648 0.239627 -0.017503 -1.000000 
1.280790 -2.993553 1.682058 1.841413 -1.368167 -0.714722 0.239487 -0.017662 -1.000000 
1.256669 -3.036532 1.696566 1.785300 -1.374047 -0.755344 0.239345 -0.017833 -1.000000 
1.232207 -3.079007 1.710621 1.728294 -1.380251 -0.795485 0.239201 -0.018015 -1.000000 
1.207407 -3.120972 1.724216 1.670381 -1.386774 -0.835115 0.239056 -0.018208 -1.000000 
1.182273 -3.162418 1.737344 1.611549 -1.393611 -0.874206 0.238910 -0.018414 -1.000000 
1.156809 -3.203335 1.749998 1.551783 -1.400760 -0.912729 0.238762 -0.018631 -1.000000 
1.131021 -3.243712 1.762170 1.491071 -1.408214 -0.950655 0.238612 -0.018861 -1.000000 
1.104911 -3.283537 1.773853 1.429402 -1.415968 -0.987954 0.238460 -0.019104 -1.000000 
1.078486 -3.322795 1.785038 1.366764 -1.424019 -1.024596 0.238306 -0.019360 -1.000000 
1.051748 -3.361473 1.795719 1.303147 -1.432360 -1.060552 0.238150 -0.019629 -1.000000 
1.024704 -3.399553 1.805886 1.238540 -1.440986 -1.095792 0.237992 -0.019912 -1.000000 
0.997357 -3.437018 1.815533 1.172935 -1.449891 -1.130287 0.237831 -0.020209 -1.000000 
0.969713 -3.473848 1.824650 1.106324 -1.459068 -1.164005 0.237668 -0.020521 -1.000000 
0.941777 -3.510024 1.833231 1.038700 -1.468513 -1.196918 0.237503 -0.020847 -1.000000 
0.913554 -3.545523 1.841267 0.970058 -1.478217 -1.228995 0.237335 -0.021190 -1.000000 
0.885051 -3.580323 1.848749 0.900391 -1.488174 -1.260207 0.237164 -0.021548 -1.000000 
0.856271 -3.614399 1.855670 0.829699 -1.498378 -1.290522 0.236990 -0.021922 -1.000000 
0.827222 -3.647727 1.862022 0.757977 -1.508820 -1.319912 0.236813 -0.022314 -1.000000 
0.797910 -3.680279 1.867795 0.685226 -1.519494 -1.348346 0.236633 -0.022723 -1.000000 
0.768340 -3.712028 1.872983 0.611446 -1.530391 -1.375795 0.236450 -0.023151 -1.000000 
0.738519 -3.742945 1.877576 0.536641 -1.541504 -1.402228 0.236263 -0.023597 -1.000000 
0.708455 -3.772999 1.881566 0.460813 -1.552824 -1.427617 0.236072 -0.024062 -1.000000 
0.678154 -3.802160 1.884946 0.383969 -1.564343 -1.451933 0.235877 -0.024548 -1.000000 
0.647623 -3.830396 1.887707 0.306115 -1.576052 -1.475146 0.235679 -0.025055 -1.000000 
0.616870 -3.857674 1.889841 0.227263 -1.587942 -1.497227 0.235477 -0.025583 -1.000000 
0.585903 -3.883959 1.891340 0.147421 -1.600005 -1.518150 0.235270 -0.026133 -1.000000 
0.554729 -3.909216 1.892197 0.066604 -1.612229 -1.537885 0.235058 -0.026707 -1.000000 
0.523358 -3.933412 1.892404 -0.015173 -1.624607 -1.556405 0.234842 -0.027305 -1.000000 
0.491798 -3.956508 1.891952 -0.097893 -1.637129 -1.573684 0.234621 -0.027927 -1.000000 
0.460057 -3.978468 1.890835 -0.181538 -1.649783 -1.589696 0.234395 -0.028576 -1.000000 
0.428145 -3.999255 1.889045 -0.266085 -1.662560 -1.604415 0.234164 -0.029251 -1.000000 
0.396072 -4.018831 1.886575 -0.351511 -1.675450 -1.617815 0.233927 -0.029954 -1.000000 
0.363847 -4.037157 1.883418 -0.437791 -1.688442 -1.629874 0.233685 -0.030686 -1.000000 
0.331481 -4.054194 1.879568 -0.524897 -1.701524 -1.640567 0.233436 -0.031447 -1.000000 
0.298984 -4.069904 1.875018 -0.612797 -1.714687 -1.649872 0.233182 -0.032240 -1.000000 
0.266366 -4.084248 1.869761 -0.701461 -1.727919 -1.657768 0.232920 -0.033065 -1.000000 
0.233640 -4.097185 1.863793 -0.790852 -1.741208 -1.664234 0.232652 -0.033922 -1.000000 
0.200815 -4.108678 1.857106 -0.880934 -1.754543 -1.669251 0.232378 -0.034814 -1.000000 
0.167905 -4.118687 1.849696 -0.971667 -1.767912 -1.672801 0.232095 -0.035742 -1.000000 
0.134920 -4.127173 1.841558 -1.063010 -1.781303 -1.674867 0.231806 -0.036706 -1.000000 
0.101874 -4.134099 1.832686 -1.154918 -1.794706 -1.675433 0.231508 -0.037709 -1.000000 
0.068779 -4.139425 1.823078 -1.247345 -1.808106 -1.674484 0.231202 -0.038750 -1.000000 
0.035648 -4.143114 1.812728 -1.340242 -1.821493 -1.672008 0.230888 -0.039832 -1.000000 
0.002494 -4.145130 1.801633 -1.433559 -1.834854 -1.667994 0.230565 -0.040955 -1.000000 
-0.030670 -4.145437 1.789790 -1.527241 -1.848177 -1.662431 0.230232 -0.042121 -1.000000 
-0.063829 -4.144000 1.777196 -1.621234 -1.861449 -1.655310 0.229891 -0.043331 -1.000000 
-0.096969 -4.140784 1.763849 -1.715481 -1.874658 -1.646626 0.229539 -0.044586 -1.000000 
-0.130076 -4.135756 1.749748 -1.809921 -1.887791 -1.636374 0.229177 -0.045887 -1.000000 
-0.163136 -4.128885 1.734890 -1.904494 -1.900836 -1.624550 0.228805 -0.047235 -1.000000 
-0.196134 -4.120141 1.719276 -1.999134 -1.913779 -1.611152 0.228421 -0.048631 -1.000000 
-0.229053 -4.109494 1.702904 -2.093778 -1.926610 -1.596182 0.228026 -0.050076 -1.000000 
-0.261880 -4.096916 1.685775 -2.188358 -1.939314 -1.579642 0.227620 -0.051570 -1.000000 
-0.294599 -4.082382 1.667891 -2.282805 -1.951880 -1.561536 0.227201 -0.053114 -1.000000 
-0.327193 -4.065869 1.649251 -2.377049 -1.964295 -1.541871 0.226770 -0.054708 -1.000000 
-0.359647 -4.047353 1.629859 -2.471017 -1.976546 -1.520656 0.226326 -0.056352 -1.000000 
-0.391945 -4.026815 1.609716 -2.564636 -1.988621 -1.497900 0.225868 -0.058046 -1.000000 
-0.424071 -4.004237 1.588826 -2.657831 -2.000508 -1.473617 0.225397 -0.059790 -1.000000 
-0.456008 -3.979602 1.567192 -2.750528 -2.012195 -1.447821 0.224911 -0.061583 -1.000000 
-0.487739 -3.952897 1.544819 -2.842648 -2.023669 -1.420530 0.224411 -0.063423 -1.000000 
-0.519249 -3.924110 1.521711 -2.934115 -2.034919 -1.391763 0.223896 -0.065309 -1.000000 
-0.550519 -3.893233 1.497875 -3.024850 -2.045934 -1.361541 0.223366 -0.067239 -1.000000 
-0.581535 -3.860259 1.473316 -3.114773 -2.056700 -1.329888 0.222821 -0.069212 -1.000000 
-0.612278 -3.825185 1.448041 -3.203806 -2.067208 -1.296829 0.222259 -0.071223 -1.000000 
-0.642732 -3.788008 1.422057 -3.291869 -2.077446 -1.262393 0.221681 -0.073269 -1.000000 
-0.672880 -3.748731 1.395374 -3.378882 -2.087403 -1.226610 0.221086 -0.075346 -1.000000 
-0.702706 -3.707357 1.367998 -3.464765 -2.097068 -1.189511 0.220475 -0.077450 -1.000000 
-0.732193 -3.663894 1.339941 -3.549439 -2.106432 -1.151131 0.219847 -0.079576 -1.000000 
-0.761323 -3.618352 1.311211 -3.632825 -2.115483 -1.111507 0.219202 -0.081716 -1.000000 
-0.790081 -3.570742 1.281819 -3.714843 -2.124212 -1.070677 0.218540 -0.083864 -1.000000 
-0.818449 -3.521080 1.251777 -3.795416 -2.132611 -1.028682 0.217860 -0.086014 -1.000000 
-0.846412 -3.469386 1.221096 -3.874467 -2.140668 -0.985564 0.217163 -0.088156 -1.000000 
-0.873954 -3.415679 1.189790 -3.951920 -2.148377 -0.941368 0.216450 -0.090283 -1.000000 
-0.901058 -3.359985 1.157870 -4.027700 -2.155727 -0.896139 0.215719 -0.092383 -1.000000 
-0.927709 -3.302329 1.125351 -4.101734 -2.162712 -0.849926 0.214972 -0.094449 -1.000000 
-0.953890 -3.242743 1.092247 -4.173949 -2.169324 -0.802778 0.214208 -0.096468 -1.000000 
-0.979587 -3.181258 1.058573 -4.244277 -2.175554 -0.754747 0.213428 -0.098430 -1.000000 
-1.004785 -3.117910 1.024344 -4.312649 -2.181398 -0.705886 0.212633 -0.100324 -1.000000 
-1.029469 -3.052737 0.989576 -4.378998 -2.186847 -0.656247 0.211823 -0.102139 -1.000000 
-1.053624 -2.985780 0.954286 -4.443260 -2.191896 -0.605888 0.210999 -0.103861 -1.000000 
-1.077237 -2.917083 0.918490 -4.505375 -2.196539 -0.554865 0.210162 -0.105481 -1.000000 
-1.100293 -2.846690 0.882206 -4.565283 -2.200772 -0.503236 0.209312 -0.106986 -1.000000 
-1.122780 -2.774652 0.845451 -4.622927 -2.204589 -0.451059 0.208450 -0.108366 -1.000000 
-1.144683 -2.701018 0.808245 -4.678253 -2.207987 -0.398396 0.207578 -0.109610 -1.000000 
-1.165992 -2.625842 0.770605 -4.731211 -2.210963 -0.345306 0.206697 -0.110709 -1.000000 
-1.186693 -2.549179 0.732552 -4.781753 -2.213511 -0.291850 0.205807 -0.111654 -1.000000 
-1.206775 -2.471087 0.694104 -4.829833 -2.215631 -0.238092 0.204911 -0.112436 -1.000000 
-1.226227 -2.391624 0.655281 -4.875410 -2.217320 -0.184092 0.204009 -0.113051 -1.000000 
-1.245037 -2.310852 0.616104 -4.918446 -2.218576 -0.129915 0.203103 -0.113493 -1.000000 
-1.263197 -2.228834 0.576593 -4.958905 -2.219399 -0.075623 0.202194 -0.113757 -1.000000 
-1.280696 -2.145635 0.536769 -4.996755 -2.219786 -0.021279 0.201283 -0.113842 -1.000000 
-1.297524 -2.061320 0.496652 -5.031968 -2.219739 0.033054 0.200373 -0.113748 -1.000000 
-1.313674 -1.975957 0.456264 -5.064520 -2.219257 0.087313 0.199464 -0.113474 -1.000000 
-1.329137 -1.889614 0.415627 -5.094388 -2.218342 0.141435 0.198557 -0.113024 -1.000000 
-1.343905 -1.802361 0.374761 -5.121555 -2.216995 0.195357 0.197656 -0.112402 -1.000000 
-1.357972 -1.714269 0.333689 -5.146007 -2.215217 0.249019 0.196759 -0.111613 -1.000000 
-1.371332 -1.625409 0.292432 -5.167734 -2.213012 0.302358 0.195870 -0.110664 -1.000000 
-1.383977 -1.535852 0.251013 -5.186727 -2.210381 0.355315 0.194989 -0.109562 -1.000000 
-1.395903 -1.445672 0.209452 -5.202983 -2.207328 0.407829 0.194118 -0.108317 -1.000000 
-1.407106 -1.354941 0.167772 -5.216503 -2.203857 0.459841 0.193257 -0.106938 -1.000000 
-1.417581 -1.263733 0.125995 -5.227290 -2.199972 0.511294 0.192407 -0.105436 -1.000000 
-1.427325 -1.172119 0.084143 -5.235351 -2.195678 0.562131 0.191570 -0.103821 -1.000000 
-1.436334 -1.080174 0.042237 -5.240696 -2.190979 0.612297 0.190746 -0.102106 -1.000000 
-1.444607 -0.987971 0.000299 -5.243338 -2.185883 0.661737 0.189936 -0.100301 -1.000000 
-1.452141 -0.895581 -0.041649 -5.243296 -2.180394 0.710398 0.189141 -0.098418 -1.000000 
-1.458936 -0.803077 -0.083587 -5.240589 -2.174519 0.758228 0.188362 -0.096469 -1.000000 
-1.464990 -0.710531 -0.125492 -5.235240 -2.168264 0.805179 0.187598 -0.094464 -1.000000 
-1.470305 -0.618013 -0.167343 -5.227276 -2.161638 0.851200 0.186851 -0.092415 -1.000000 
-1.474879 -0.525592 -0.209121 -5.216727 -2.154648 0.896247 0.186120 -0.090332 -1.000000 
-1.478715 -0.433339 -0.250804 -5.203625 -2.147301 0.940273 0.185405 -0.088225 -1.000000 
-1.481813 -0.341320 -0.292372 -5.188004 -2.139606 0.983235 0.184708 -0.086102 -1.000000 
-1.484176 -0.249602 -0.333806 -5.169902 -2.131572 1.025093 0.184028 -0.083973 -1.000000 
-1.485808 -0.158252 -0.375084 -5.149360 -2.123208 1.065806 0.183364 -0.081846 -1.000000 
-1.486710 -0.067331 -0.416189 -5.126421 -2.114523 1.105336 0.182718 -0.079727 -1.000000 
-1.486886 0.023095 -0.457101 -5.101128 -2.105526 1.143648 0.182089 -0.077624 -1.000000 
-1.486342 0.112968 -0.497801 -5.073530 -2.096227 1.180709 0.181476 -0.075542 -1.000000 
-1.485080 0.202228 -0.538271 -5.043675 -2.086638 1.216485 0.180880 -0.073486 -1.000000 
-1.483108 0.290817 -0.578494 -5.011615 -2.076767 1.250948 0.180300 -0.071461 -1.000000 
-1.480429 0.378680 -0.618451 -4.977402 -2.066626 1.284070 0.179737 -0.069471 -1.000000 
-1.477051 0.465762 -0.658127 -4.941091 -2.056226 1.315825 0.179189 -0.067519 -1.000000 
-1.472979 0.552013 -0.697503 -4.902737 -2.045577 1.346188 0.178656 -0.065609 -1.000000 
-1.468221 0.637381 -0.736565 -4.862399 -2.034691 1.375140 0.178139 -0.063742 -1.000000 
-1.462784 0.721821 -0.775297 -4.820134 -2.023578 1.402659 0.177636 -0.061921 -1.000000 
-1.456675 0.805285 -0.813682 -4.776001 -2.012252 1.428728 0.177148 -0.060146 -1.000000 
-1.449902 0.887730 -0.851708 -4.730063 -2.000723 1.453332 0.176674 -0.058420 -1.000000 
-1.442474 0.969115 -0.889359 -4.682379 -1.989002 1.476457 0.176213 -0.056742 -1.000000 
-1.434399 1.049400 -0.926621 -4.633012 -1.977103 1.498092 0.175766 -0.055113 -1.000000 
-1.425686 1.128549 -0.963483 -4.582025 -1.965037 1.518226 0.175331 -0.053534 -1.000000 
-1.416345 1.206527 -0.999930 -4.529479 -1.952816 1.536852 0.174909 -0.052004 -1.000000 
-1.406385 1.283301 -1.035950 -4.475438 -1.940451 1.553964 0.174499 -0.050522 -1.000000 
-1.395816 1.358840 -1.071533 -4.419966 -1.927956 1.569558 0.174101 -0.049090 -1.000000 
-1.384647 1.433117 -1.106666 -4.363125 -1.915343 1.583632 0.173713 -0.047705 -1.000000 
-1.372889 1.506106 -1.141339 -4.304979 -1.902622 1.596186 0.173337 -0.046367 -1.000000 
-1.360553 1.577782 -1.175542 -4.245589 -1.889808 1.607220 0.172971 -0.045075 -1.000000 
-1.347648 1.648124 -1.209266 -4.185020 -1.876911 1.616738 0.172616 -0.043829 -1.000000 
-1.334186 1.717113 -1.242500 -4.123332 -1.863944 1.624744 0.172270 -0.042627 -1.000000 
-1.320178 1.784730 -1.275236 -4.060587 -1.850919 1.631244 0.171934 -0.041468 -1.000000 
-1.305634 1.850961 -1.307467 -3.996845 -1.837848 1.636247 0.171606 -0.040351 -1.000000 
-1.290566 1.915793 -1.339183 -3.932166 -1.824743 1.639761 0.171288 -0.039275 -1.000000 
-1.274986 1.979214 -1.370379 -3.866610 -1.811616 1.641797 0.170978 -0.038238 -1.000000 
-1.258903 2.041214 -1.401047 -3.800233 -1.798478 1.642367 0.170676 -0.037241 -1.000000 
-1.242330 2.101787 -1.431181 -3.733093 -1.785342 1.641484 0.170382 -0.036280 -1.000000 
-1.225278 2.160926 -1.460774 -3.665245 -1.772218 1.639163 0.170095 -0.035356 -1.000000 
-1.207759 2.218627 -1.489823 -3.596744 -1.759119 1.635419 0.169816 -0.034467 -1.000000 
-1.189784 2.274888 -1.518321 -3.527643 -1.746055 1.630269 0.169544 -0.033611 -1.000000 
-1.171365 2.329710 -1.546264 -3.457993 -1.733038 1.623732 0.169278 -0.032788 -1.000000 
-1.152512 2.383091 -1.573647 -3.387845 -1.720079 1.615826 0.169019 -0.031997 -1.000000 
-1.133239 2.435037 -1.600468 -3.317247 -1.707189 1.606570 0.168766 -0.031237 -1.000000 
-1.113556 2.485549 -1.626722 -3.246247 -1.694378 1.595987 0.168519 -0.030505 -1.000000 
-1.093474 2.534634 -1.652407 -3.174890 -1.681656 1.584096 0.168278 -0.029803 -1.000000 
-1.073005 2.582299 -1.677519 -3.103220 -1.669035 1.570921 0.168042 -0.029127 -1.000000 
-1.052161 2.628550 -1.702058 -3.031279 -1.656525 1.556485 0.167812 -0.028478 -1.000000 
-1.030952 2.673398 -1.726019 -2.959109 -1.644135 1.540812 0.167587 -0.027855 -1.000000 
-1.009390 2.716853 -1.749403 -2.886748 -1.631875 1.523925 0.167366 -0.027256 -1.000000 
-0.987486 2.758925 -1.772207 -2.814233 -1.619755 1.505850 0.167151 -0.026680 -1.000000 
-0.965251 2.799627 -1.794430 -2.741599 -1.607785 1.486613 0.166939 -0.026128 -1.000000 
-0.942696 2.838972 -1.816072 -2.668880 -1.595973 1.466238 0.166732 -0.025598 -1.000000 
-0.919831 2.876973 -1.837132 -2.596109 -1.584328 1.444754 0.166530 -0.025089 -1.000000 
-0.896668 2.913646 -1.857610 -2.523314 -1.572859 1.422185 0.166331 -0.024601 -1.000000 
-0.873216 2.949005 -1.877505 -2.450525 -1.561576 1.398560 0.166136 -0.024132 -1.000000 
-0.849487 2.983066 -1.896818 -2.377767 -1.550485 1.373906 0.165945 -0.023683 -1.000000 
-0.825491 3.015846 -1.915550 -2.305065 -1.539596 1.348249 0.165757 -0.023252 -1.000000 
-0.801237 3.047360 -1.933700 -2.232443 -1.528916 1.321619 0.165573 -0.022840 -1.000000 
-0.776736 3.077627 -1.951269 -2.159922 -1.518453 1.294043 0.165392 -0.022444 -1.000000 
-0.751998 3.106663 -1.968259 -2.087520 -1.508214 1.265549 0.165214 -0.022066 -1.000000 
-0.727033 3.134486 -1.984670 -2.015256 -1.498206 1.236165 0.165038 -0.021703 -1.000000 
-0.701850 3.161113 -2.000503 -1.943146 -1.488437 1.205920 0.164866 -0.021357 -1.000000 
-0.676458 3.186563 -2.015761 -1.871204 -1.478914 1.174842 0.164697 -0.021025 -1.000000 
-0.650868 3.210853 -2.030443 -1.799444 -1.469642 1.142958 0.164530 -0.020709 -1.000000 
-0.625088 3.234002 -2.044552 -1.727875 -1.460628 1.110299 0.164365 -0.020406 -1.000000 
-0.599127 3.256026 -2.058090 -1.656509 -1.451879 1.076891 0.164203 -0.020118 -1.000000 
-0.572994 3.276944 -2.071057 -1.585353 -1.443400 1.042764 0.164043 -0.019843 -1.000000 
-0.546699 3.296773 -2.083456 -1.514415 -1.435197 1.007945 0.163886 -0.019582 -1.000000 
-0.520249 3.315530 -2.095288 -1.443698 -1.427275 0.972462 0.163730 -0.019333 -1.000000 
-0.493653 3.333232 -2.106556 -1.373208 -1.419639 0.936344 0.163576 -0.019097 -1.000000 
-0.466920 3.349895 -2.117260 -1.302947 -1.412295 0.899619 0.163425 -0.018873 -1.000000 
-0.440057 3.365535 -2.127403 -1.232916 -1.405247 0.862314 0.163274 -0.018661 -1.000000 
-0.413074 3.380169 -2.136987 -1.163115 -1.398499 0.824457 0.163126 -0.018460 -1.000000 
-0.385977 3.393812 -2.146014 -1.093543 -1.392057 0.786076 0.162979 -0.018271 -1.000000 
-0.358775 3.406477 -2.154485 -1.024199 -1.385923 0.747199 0.162834 -0.018093 -1.000000 
-0.331476 3.418179 -2.162402 -0.955077 -1.380103 0.707851 0.162689 -0.017926 -1.000000 
-0.304087 3.428932 -2.169766 -0.886176 -1.374599 0.668061 0.162547 -0.017769 -1.000000 
-0.276616 3.438748 -2.176581 -0.817488 -1.369415 0.627856 0.162405 -0.017623 -1.000000 
-0.249070 3.447640 -2.182847 -0.749008 -1.364554 0.587263 0.162265 -0.017487 -1.000000 
-0.221456 3.455619 -2.188566 -0.680728 -1.360020 0.546308 0.162125 -0.017362 -1.000000 
-0.193782 3.462695 -2.193739 -0.612642 -1.355814 0.505018 0.161987 -0.017246 -1.000000 
-0.166055 3.468880 -2.198368 -0.544739 -1.351940 0.463419 0.161849 -0.017140 -1.000000 
-0.138282 3.474181 -2.202455 -0.477012 -1.348400 0.421539 0.161713 -0.017044 -1.000000 
-0.110471 3.478608 -2.206001 -0.409450 -1.345196 0.379402 0.161577 -0.016957 -1.000000 
-0.082627 3.482168 -2.209007 -0.342042 -1.342330 0.337036 0.161441 -0.016880 -1.000000 
-0.054758 3.484868 -2.211474 -0.274778 -1.339804 0.294466 0.161307 -0.016812 -1.000000 
-0.026871 3.486713 -2.213404 -0.207646 -1.337619 0.251718 0.161172 -0.016754 -1.000000 
0.001027 3.487710 -2.214797 -0.140635 -1.335777 0.208818 0.161038 -0.016705 -1.000000 
0.028930 3.487862 -2.215654 -0.073733 -1.334279 0.165793 0.160905 -0.016664 -1.000000 
0.056830 3.487172 -2.215977 -0.006926 -1.333125 0.122667 0.160772 -0.016633 -1.000000 
0.084722 3.485643 -2.215765 0.059797 -1.332316 0.079466 0.160639 -0.016611 -1.000000 
0.112599 3.483277 -2.215020 0.126449 -1.331853 0.036216 0.160506 -0.016598 -1.000000 
0.140452 3.480074 -2.213742 0.193042 -1.331737 -0.007057 0.160373 -0.016595 -1.000000 
0.168277 3.476035 -2.211932 0.259590 -1.331966 -0.050329 0.160240 -0.016600 -1.000000 
0.196067 3.471157 -2.209589 0.326105 -1.332542 -0.093572 0.160108 -0.016614 -1.000000 
0.223814 3.465439 -2.206714 0.392599 -1.333463 -0.136762 0.159975 -0.016637 -1.000000 
0.251512 3.458879 -2.203307 0.459086 -1.334730 -0.179874 0.159841 -0.016669 -1.000000 
0.279154 3.451472 -2.199369 0.525576 -1.336341 -0.222880 0.159708 -0.016710 -1.000000 
0.306733 3.443215 -2.194898 0.592082 -1.338296 -0.265757 0.159574 -0.016761 -1.000000 
0.334243 3.434102 -2.189895 0.658616 -1.340593 -0.308478 0.159440 -0.016820 -1.000000 
0.361676 3.424126 -2.184360 0.725188 -1.343231 -0.351017 0.159305 -0.016889 -1.000000 
0.389026 3.413280 -2.178292 0.791808 -1.346208 -0.393348 0.159169 -0.016967 -1.000000 
0.416286 3.401558 -2.171691 0.858488 -1.349524 -0.435446 0.159033 -0.017055 -1.000000 
0.443449 3.388951 -2.164556 0.925235 -1.353175 -0.477285 0.158897 -0.017152 -1.000000 
0.470507 3.375448 -2.156887 0.992060 -1.357160 -0.518838 0.158759 -0.017259 -1.000000 
0.497454 3.361041 -2.148683 1.058970 -1.361475 -0.560079 0.158620 -0.017375 -1.000000 
0.524281 3.345719 -2.139943 1.125972 -1.366120 -0.600982 0.158481 -0.017502 -1.000000 
0.550983 3.329471 -2.130667 1.193073 -1.371090 -0.641520 0.158340 -0.017639 -1.000000 
0.577550 3.312284 -2.120854 1.260279 -1.376383 -0.681668 0.158199 -0.017785 -1.000000 
0.603977 3.294146 -2.110502 1.327593 -1.381996 -0.721397 0.158056 -0.017943 -1.000000 
0.630254 3.275044 -2.099612 1.395021 -1.387924 -0.760682 0.157911 -0.018111 -1.000000 
0.656375 3.254965 -2.088182 1.462563 -1.394165 -0.799495 0.157766 -0.018289 -1.000000 
0.682331 3.233895 -2.076211 1.530223 -1.400715 -0.837810 0.157619 -0.018479 -1.000000 
0.708115 3.211819 -2.063698 1.598000 -1.407569 -0.875599 0.157470 -0.018680 -1.000000 
0.733717 3.188723 -2.050642 1.665894 -1.414723 -0.912835 0.157320 -0.018893 -1.000000 
0.759131 3.164591 -2.037043 1.733902 -1.422173 -0.949490 0.157168 -0.019117 -1.000000 
0.784348 3.139409 -2.022900 1.802022 -1.429913 -0.985538 0.157014 -0.019353 -1.000000 
0.809359 3.113160 -2.008211 1.870249 -1.437940 -1.020950 0.156858 -0.019602 -1.000000 
0.834156 3.085829 -1.992975 1.938576 -1.446247 -1.055699 0.156700 -0.019864 -1.000000 
0.858729 3.057399 -1.977193 2.006998 -1.454829 -1.089758 0.156540 -0.020138 -1.000000 
0.883071 3.027856 -1.960863 2.075504 -1.463681 -1.123098 0.156378 -0.020426 -1.000000 
0.907172 2.997182 -1.943985 2.144086 -1.472797 -1.155691 0.156213 -0.020728 -1.000000 
0.931023 2.965363 -1.926558 2.212730 -1.482170 -1.187511 0.156046 -0.021044 -1.000000 
0.954615 2.932381 -1.908581 2.281425 -1.491795 -1.218528 0.155877 -0.021375 -1.000000 
0.977938 2.898222 -1.890055 2.350155 -1.501664 -1.248716 0.155704 -0.021720 -1.000000 
1.000983 2.862870 -1.870978 2.418904 -1.511772 -1.278046 0.155529 -0.022082 -1.000000 
1.023741 2.826309 -1.851352 2.487654 -1.522111 -1.306491 0.155351 -0.022459 -1.000000 
1.046201 2.788526 -1.831176 2.556386 -1.532673 -1.334023 0.155170 -0.022853 -1.000000 
1.068354 2.749506 -1.810450 2.625079 -1.543452 -1.360616 0.154985 -0.023263 -1.000000 
1.090190 2.709234 -1.789175 2.693709 -1.554441 -1.386241 0.154798 -0.023692 -1.000000 
1.111698 2.667698 -1.767351 2.762253 -1.565630 -1.410872 0.154606 -0.024139 -1.000000 
1.132869 2.624884 -1.744979 2.830684 -1.577012 -1.434481 0.154411 -0.024604 -1.000000 
1.153693 2.580782 -1.722060 2.898975 -1.588579 -1.457043 0.154213 -0.025089 -1.000000 
1.174158 2.535380 -1.698596 2.967097 -1.600322 -1.478531 0.154010 -0.025594 -1.000000 
1.194255 2.488666 -1.674587 3.035018 -1.612232 -1.498919 0.153803 -0.026121 -1.000000 
1.213973 2.440633 -1.650036 3.102705 -1.624301 -1.518182 0.153592 -0.026668 -1.000000 
1.233302 2.391271 -1.624945 3.170126 -1.636520 -1.536295 0.153376 -0.027238 -1.000000 
1.252230 2.340574 -1.599315 3.237243 -1.648879 -1.553233 0.153156 -0.027832 -1.000000 
1.270748 2.288534 -1.573150 3.304019 -1.661369 -1.568972 0.152931 -0.028449 -1.000000 
1.288843 2.235147 -1.546452 3.370416 -1.673979 -1.583490 0.152701 -0.029091 -1.000000 
1.306506 2.180409 -1.519224 3.436393 -1.686701 -1.596762 0.152465 -0.029758 -1.000000 
1.323726 2.124318 -1.491471 3.501908 -1.699524 -1.608767 0.152224 -0.030453 -1.000000 
1.340492 2.066872 -1.463195 3.566917 -1.712438 -1.619485 0.151978 -0.031175 -1.000000 
1.356793 2.008072 -1.434402 3.631376 -1.725432 -1.628893 0.151726 -0.031925 -1.000000 
1.372617 1.947919 -1.405095 3.695239 -1.738497 -1.636973 0.151467 -0.032705 -1.000000 
1.387956 1.886417 -1.375279 3.758458 -1.751620 -1.643706 0.151202 -0.033515 -1.000000 
1.402796 1.823572 -1.344961 3.820984 -1.764792 -1.649075 0.150931 -0.034357 -1.000000 
1.417129 1.759389 -1.314146 3.882768 -1.778002 -1.653061 0.150652 -0.035232 -1.000000 
1.430943 1.693878 -1.282839 3.943759 -1.791238 -1.655650 0.150367 -0.036140 -1.000000 
1.444228 1.627049 -1.251048 4.003905 -1.804488 -1.656828 0.150074 -0.037083 -1.000000 
1.456972 1.558914 -1.218779 4.063152 -1.817743 -1.656580 0.149774 -0.038061 -1.000000 
1.469167 1.489487 -1.186040 4.121448 -1.830990 -1.654895 0.149465 -0.039077 -1.000000 
1.480801 1.418784 -1.152839 4.178737 -1.844217 -1.651761 0.149148 -0.040130 -1.000000 
1.491864 1.346822 -1.119183 4.234964 -1.857414 -1.647171 0.148823 -0.041222 -1.000000 
1.502347 1.273623 -1.085082 4.290074 -1.870568 -1.641114 0.148489 -0.042355 -1.000000 
1.512239 1.199208 -1.050545 4.344010 -1.883668 -1.633586 0.148145 -0.043528 -1.000000 
1.521531 1.123600 -1.015581 4.396715 -1.896702 -1.624580 0.147792 -0.044743 -1.000000 
1.530213 1.046826 -0.980201 4.448133 -1.909657 -1.614094 0.147429 -0.046001 -1.000000 
1.538277 0.968915 -0.944415 4.498207 -1.922523 -1.602125 0.147056 -0.047303 -1.000000 
1.545713 0.889895 -0.908233 4.546878 -1.935287 -1.588673 0.146672 -0.048649 -1.000000 
1.552512 0.809801 -0.871668 4.594091 -1.947938 -1.573740 0.146277 -0.050040 -1.000000 
1.558667 0.728665 -0.834732 4.639787 -1.960463 -1.557328 0.145871 -0.051476 -1.000000 
1.564168 0.646525 -0.797436 4.683911 -1.972851 -1.539444 0.145454 -0.052958 -1.000000 
1.569009 0.563419 -0.759794 4.726405 -1.985090 -1.520093 0.145024 -0.054485 -1.000000 
1.573181 0.479388 -0.721818 4.767216 -1.997169 -1.499284 0.144582 -0.056059 -1.000000 
1.576677 0.394474 -0.683523 4.806286 -2.009075 -1.477028 0.144127 -0.057678 -1.000000 
1.579490 0.308722 -0.644922 4.843563 -2.020798 -1.453337 0.143659 -0.059343 -1.000000 
1.581614 0.222179 -0.606031 4.878993 -2.032325 -1.428226 0.143177 -0.061051 -1.000000 
1.583043 0.134892 -0.566863 4.912524 -2.043645 -1.401710 0.142682 -0.062803 -1.000000 
1.583771 0.046913 -0.527436 4.944105 -2.054748 -1.373807 0.142172 -0.064596 -1.000000 
1.583792 -0.041707 -0.487763 4.973686 -2.065623 -1.344538 0.141648 -0.066429 -1.000000 
1.583102 -0.130913 -0.447862 5.001219 -2.076257 -1.313925 0.141109 -0.068300 -1.000000 
1.581696 -0.220651 -0.407749 5.026657 -2.086642 -1.281991 0.140555 -0.070205 -1.000000 
1.579570 -0.310862 -0.367441 5.049956 -2.096766 -1.248763 0.139986 -0.072142 -1.000000 
1.576721 -0.401489 -0.326956 5.071073 -2.106619 -1.214268 0.139401 -0.074107 -1.000000 
1.573145 -0.492471 -0.286310 5.089965 -2.116191 -1.178536 0.138800 -0.076095 -1.000000 
1.568841 -0.583747 -0.245522 5.106595 -2.125472 -1.141599 0.138183 -0.078102 -1.000000 
1.563805 -0.675253 -0.204611 5.120925 -2.134453 -1.103489 0.137551 -0.080122 -1.000000 
1.558036 -0.766927 -0.163594 5.132921 -2.143125 -1.064243 0.136901 -0.082150 -1.000000 
1.551534 -0.858702 -0.122490 5.142551 -2.151478 -1.023896 0.136236 -0.084179 -1.000000 
1.544297 -0.950514 -0.081319 5.149784 -2.159505 -0.982488 0.135555 -0.086201 -1.000000 
1.536325 -1.042296 -0.040100 5.154594 -2.167195 -0.940059 0.134857 -0.088209 -1.000000 
1.527620 -1.133980 0.001148 5.156956 -2.174543 -0.896652 0.134143 -0.090194 -1.000000 
1.518182 -1.225497 0.042405 5.156848 -2.181539 -0.852309 0.133414 -0.092148 -1.000000 
1.508013 -1.316781 0.083651 5.154252 -2.188177 -0.807076 0.132669 -0.094062 -1.000000 
1.497115 -1.407761 0.124866 5.149151 -2.194450 -0.761000 0.131909 -0.095926 -1.000000 
1.485490 -1.498369 0.166030 5.141533 -2.200351 -0.714128 0.131134 -0.097729 -1.000000 
1.473142 -1.588536 0.207124 5.131387 -2.205874 -0.666509 0.130346 -0.099462 -1.000000 
1.460075 -1.678193 0.248126 5.118706 -2.211014 -0.618195 0.129543 -0.101114 -1.000000 
1.446292 -1.767270 0.289016 5.103486 -2.215764 -0.569236 0.128728 -0.102675 -1.000000 
1.431800 -1.855700 0.329775 5.085726 -2.220120 -0.519685 0.127901 -0.104135 -1.000000 
1.416603 -1.943413 0.370381 5.065430 -2.224077 -0.469597 0.127062 -0.105485 -1.000000 
1.400707 -2.030343 0.410815 5.042601 -2.227632 -0.419024 0.126213 -0.106714 -1.000000 
1.384120 -2.116422 0.451056 5.017249 -2.230781 -0.368023 0.125355 -0.107815 -1.000000 
1.366847 -2.201585 0.491084 4.989385 -2.233519 -0.316648 0.124489 -0.108778 -1.000000 
1.348897 -2.285767 0.530879 4.959024 -2.235846 -0.264958 0.123615 -0.109596 -1.000000 
1.330278 -2.368903 0.570422 4.926185 -2.237758 -0.213008 0.122735 -0.110264 -1.000000 
1.310998 -2.450931 0.609692 4.890887 -2.239254 -0.160856 0.121851 -0.110777 -1.000000 
1.291066 -2.531788 0.648670 4.853156 -2.240331 -0.108558 0.120963 -0.111129 -1.000000 
1.270492 -2.611416 0.687336 4.813017 -2.240990 -0.056174 0.120074 -0.111319 -1.000000 
1.249287 -2.689756 0.725672 4.770502 -2.241230 -0.003761 0.119183 -0.111344 -1.000000 
1.227460 -2.766750 0.763658 4.725643 -2.241051 0.048625 0.118292 -0.111206 -1.000000 
1.205022 -2.842344 0.801276 4.678475 -2.240452 0.100924 0.117404 -0.110904 -1.000000 
1.181986 -2.916485 0.838507 4.629036 -2.239436 0.153080 0.116518 -0.110442 -1.000000 
1.158363 -2.989120 0.875334 4.577369 -2.238004 0.205037 0.115637 -0.109824 -1.000000 
1.134164 -3.060201 0.911739 4.523516 -2.236156 0.256736 0.114762 -0.109054 -1.000000 
1.109404 -3.129680 0.947705 4.467524 -2.233897 0.308124 0.113893 -0.108138 -1.000000 
1.084094 -3.197512 0.983214 4.409441 -2.231227 0.359143 0.113032 -0.107084 -1.000000 
1.058248 -3.263655 1.018250 4.349317 -2.228151 0.409740 0.112180 -0.105900 -1.000000 
1.031880 -3.328068 1.052798 4.287205 -2.224673 0.459861 0.111338 -0.104594 -1.000000 
1.005004 -3.390712 1.086841 4.223161 -2.220795 0.509452 0.110507 -0.103175 -1.000000 
0.977633 -3.451551 1.120363 4.157241 -2.216523 0.558463 0.109687 -0.101654 -1.000000 
0.949784 -3.510553 1.153352 4.089503 -2.211861 0.606841 0.108880 -0.100040 -1.000000 
0.921469 -3.567687 1.185791 4.020008 -2.206815 0.654538 0.108087 -0.098343 -1.000000 
0.892706 -3.622923 1.217667 3.948818 -2.201391 0.701505 0.107307 -0.096575 -1.000000 
0.863508 -3.676236 1.248968 3.875996 -2.195593 0.747694 0.106542 -0.094743 -1.000000 
0.833891 -3.727602 1.279679 3.801606 -2.189430 0.793060 0.105791 -0.092860 -1.000000 
0.803871 -3.777001 1.309789 3.725714 -2.182907 0.837557 0.105056 -0.090934 -1.000000 
0.773464 -3.824414 1.339287 3.648388 -2.176031 0.881144 0.104336 -0.088974 -1.000000 
0.742686 -3.869825 1.368160 3.569694 -2.168811 0.923777 0.103633 -0.086990 -1.000000 
0.711553 -3.913222 1.396398 3.489701 -2.161254 0.965418 0.102945 -0.084990 -1.000000 
0.680080 -3.954592 1.423992 3.408479 -2.153367 1.006028 0.102273 -0.082981 -1.000000 
0.648285 -3.993929 1.450931 3.326096 -2.145160 1.045569 0.101617 -0.080971 -1.000000 
0.616183 -4.031225 1.477206 3.242623 -2.136641 1.084008 0.100977 -0.078967 -1.000000 
0.583790 -4.066478 1.502810 3.158130 -2.127819 1.121309 0.100353 -0.076974 -1.000000 
0.551124 -4.099687 1.527734 3.072687 -2.118703 1.157443 0.099746 -0.074998 -1.000000 
0.518201 -4.130853 1.551971 2.986364 -2.109303 1.192378 0.099153 -0.073044 -1.000000 
0.485036 -4.159979 1.575514 2.899233 -2.099628 1.226087 0.098577 -0.071116 -1.000000 
0.451647 -4.187072 1.598356 2.811362 -2.089689 1.258543 0.098016 -0.069218 -1.000000 
0.418048 -4.212139 1.620494 2.722821 -2.079495 1.289721 0.097469 -0.067353 -1.000000 
0.384258 -4.235191 1.641920 2.633679 -2.069057 1.319599 0.096938 -0.065524 -1.000000 
0.350291 -4.256240 1.662631 2.544005 -2.058385 1.348156 0.096421 -0.063734 -1.000000 
0.316163 -4.275301 1.682623 2.453866 -2.047490 1.375373 0.095918 -0.061985 -1.000000 
0.281891 -4.292389 1.701892 2.363329 -2.036383 1.401232 0.095429 -0.060277 -1.000000 
0.247490 -4.307523 1.720435 2.272461 -2.025074 1.425718 0.094953 -0.058613 -1.000000 
0.212976 -4.320723 1.738250 2.181325 -2.013575 1.448817 0.094491 -0.056992 -1.000000 
0.178364 -4.332009 1.755336 2.089987 -2.001896 1.470517 0.094041 -0.055416 -1.000000 
0.143669 -4.341406 1.771690 1.998508 -1.990050 1.490808 0.093604 -0.053886 -1.000000 
0.108906 -4.348937 1.787312 1.906950 -1.978047 1.509681 0.093179 -0.052400 -1.000000 
0.074091 -4.354629 1.802201 1.815372 -1.965899 1.527130 0.092766 -0.050959 -1.000000 
0.039237 -4.358510 1.816358 1.723834 -1.953617 1.543149 0.092364 -0.049563 -1.000000 
0.004359 -4.360608 1.829783 1.632393 -1.941213 1.557735 0.091973 -0.048212 -1.000000 
-0.030528 -4.360953 1.842477 1.541103 -1.928697 1.570886 0.091592 -0.046904 -1.000000 
-0.065411 -4.359576 1.854441 1.450020 -1.916082 1.582601 0.091222 -0.045640 -1.000000 
-0.100277 -4.356510 1.865678 1.359194 -1.903379 1.592883 0.090862 -0.044418 -1.000000 
-0.135111 -4.351786 1.876189 1.268676 -1.890600 1.601733 0.090511 -0.043237 -1.000000 
-0.169901 -4.345438 1.885977 1.178516 -1.877755 1.609157 0.090170 -0.042097 -1.000000 
-0.204634 -4.337502 1.895046 1.088760 -1.864857 1.615158 0.089838 -0.040997 -1.000000 
-0.239297 -4.328011 1.903399 0.999452 -1.851917 1.619746 0.089514 -0.039935 -1.000000 
-0.273878 -4.317002 1.911039 0.910637 -1.838945 1.622927 0.089198 -0.038911 -1.000000 
-0.308365 -4.304511 1.917970 0.822355 -1.825954 1.624711 0.088891 -0.037924 -1.000000 
-0.342746 -4.290573 1.924198 0.734646 -1.812953 1.625110 0.088592 -0.036972 -1.000000 
-0.377010 -4.275226 1.929726 0.647547 -1.799955 1.624134 0.088299 -0.036055 -1.000000 
-0.411146 -4.258505 1.934560 0.561095 -1.786971 1.621798 0.088015 -0.035172 -1.000000 
-0.445143 -4.240450 1.938706 0.475322 -1.774010 1.618115 0.087737 -0.034320 -1.000000 
-0.478990 -4.221095 1.942167 0.390260 -1.761085 1.613100 0.087465 -0.033501 -1.000000 
-0.512677 -4.200478 1.944952 0.305940 -1.748204 1.606771 0.087201 -0.032712 -1.000000 
-0.546194 -4.178635 1.947064 0.222389 -1.735380 1.599143 0.086942 -0.031952 -1.000000 
-0.579532 -4.155604 1.948512 0.139633 -1.722621 1.590234 0.086689 -0.031221 -1.000000 
-0.612681 -4.131420 1.949301 0.057697 -1.709939 1.580065 0.086442 -0.030517 -1.000000 
-0.645632 -4.106120 1.949437 -0.023398 -1.697344 1.568653 0.086201 -0.029840 -1.000000 
-0.678376 -4.079738 1.948929 -0.103630 -1.684844 1.556019 0.085965 -0.029188 -1.000000 
-0.710905 -4.052310 1.947782 -0.182981 -1.672451 1.542185 0.085734 -0.028562 -1.000000 
-0.743210 -4.023871 1.946003 -0.261434 -1.660172 1.527172 0.085508 -0.027959 -1.000000 
-0.775284 -3.994453 1.943601 -0.338974 -1.648019 1.511001 0.085286 -0.027380 -1.000000 
-0.807119 -3.964092 1.940582 -0.415587 -1.635999 1.493697 0.085070 -0.026822 -1.000000 
-0.838707 -3.932817 1.936954 -0.491260 -1.624123 1.475281 0.084857 -0.026287 -1.000000 
-0.870042 -3.900663 1.932725 -0.565985 -1.612398 1.455778 0.084649 -0.025772 -1.000000 
-0.901115 -3.867659 1.927901 -0.639751 -1.600833 1.435211 0.084445 -0.025278 -1.000000 
-0.931922 -3.833837 1.922491 -0.712552 -1.589437 1.413605 0.084244 -0.024803 -1.000000 
-0.962455 -3.799224 1.916503 -0.784381 -1.578218 1.390985 0.084048 -0.024347 -1.000000 
-0.992708 -3.763849 1.909944 -0.855235 -1.567184 1.367377 0.083855 -0.023909 -1.000000 
-1.022674 -3.727741 1.902822 -0.925109 -1.556343 1.342804 0.083665 -0.023489 -1.000000 
-1.052350 -3.690924 1.895145 -0.994003 -1.545702 1.317293 0.083479 -0.023085 -1.000000 
-1.081727 -3.653425 1.886920 -1.061916 -1.535268 1.290869 0.083296 -0.022699 -1.000000 
-1.110803 -3.615268 1.878157 -1.128847 -1.525050 1.263559 0.083116 -0.022328 -1.000000 
-1.139570 -3.576476 1.868861 -1.194800 -1.515054 1.235388 0.082939 -0.021973 -1.000000 
-1.168025 -3.537072 1.859042 -1.259776 -1.505286 1.206382 0.082764 -0.021633 -1.000000 
-1.196162 -3.497076 1.848707 -1.323780 -1.495754 1.176568 0.082592 -0.021307 -1.000000 
-1.223976 -3.456508 1.837864 -1.386817 -1.486463 1.145972 0.082423 -0.020996 -1.000000 
-1.251464 -3.415388 1.826521 -1.448891 -1.477420 1.114621 0.082256 -0.020698 -1.000000 
-1.278621 -3.373734 1.814685 -1.510009 -1.468631 1.082540 0.082092 -0.020414 -1.000000 
-1.305443 -3.331561 1.802363 -1.570179 -1.460101 1.049755 0.081930 -0.020142 -1.000000 
-1.331925 -3.288885 1.789564 -1.629409 -1.451837 1.016294 0.081770 -0.019883 -1.000000 
-1.358063 -3.245722 1.776295 -1.687707 -1.443843 0.982183 0.081612 -0.019637 -1.000000 
-1.383855 -3.202083 1.762564 -1.745082 -1.436124 0.947447 0.081456 -0.019403 -1.000000 
-1.409296 -3.157981 1.748376 -1.801544 -1.428685 0.912113 0.081301 -0.019180 -1.000000 
-1.434381 -3.113427 1.733741 -1.857103 -1.421531 0.876207 0.081149 -0.018968 -1.000000 
-1.459109 -3.068432 1.718665 -1.911770 -1.414667 0.839755 0.080998 -0.018768 -1.000000 
-1.483475 -3.023002 1.703155 -1.965556 -1.408097 0.802782 0.080848 -0.018579 -1.000000 
-1.507476 -2.977147 1.687219 -2.018472 -1.401824 0.765315 0.080700 -0.018400 -1.000000 
-1.531108 -2.930873 1.670862 -2.070529 -1.395853 0.727380 0.080554 -0.018232 -1.000000 
-1.554369 -2.884185 1.654092 -2.121740 -1.390187 0.689001 0.080409 -0.018074 -1.000000 
-1.577254 -2.837088 1.636916 -2.172116 -1.384830 0.650204 0.080265 -0.017926 -1.000000 
-1.599761 -2.789585 1.619341 -2.221668 -1.379785 0.611016 0.080122 -0.017788 -1.000000 
-1.621887 -2.741679 1.601372 -2.270410 -1.375055 0.571460 0.079980 -0.017660 -1.000000 
-1.643627 -2.693370 1.583016 -2.318352 -1.370642 0.531563 0.079839 -0.017541 -1.000000 
-1.664979 -2.644661 1.564280 -2.365507 -1.366550 0.491349 0.079699 -0.017431 -1.000000 
-1.685941 -2.595549 1.545170 -2.411886 -1.362782 0.450843 0.079560 -0.017331 -1.000000 
-1.706507 -2.546035 1.525692 -2.457501 -1.359338 0.410071 0.079422 -0.017240 -1.000000 
-1.726676 -2.496115 1.505852 -2.502363 -1.356221 0.369056 0.079284 -0.017158 -1.000000 
-1.746444 -2.445786 1.485656 -2.546484 -1.353433 0.327824 0.079147 -0.017085 -1.000000 
-1.765808 -2.395046 1.465110 -2.589873 -1.350976 0.286399 0.079011 -0.017021 -1.000000 
-1.784764 -2.343888 1.444220 -2.632542 -1.348851 0.244806 0.078875 -0.016966 -1.000000 
-1.803309 -2.292309 1.422992 -2.674501 -1.347060 0.203069 0.078740 -0.016919 -1.000000 
-1.821439 -2.240301 1.401430 -2.715758 -1.345603 0.161213 0.078604 -0.016881 -1.000000 
-1.839152 -2.187858 1.379541 -2.756324 -1.344481 0.119261 0.078469 -0.016852 -1.000000 
-1.856444 -2.134974 1.357331 -2.796206 -1.343695 0.077239 0.078335 -0.016831 -1.000000 
-1.873311 -2.081639 1.334804 -2.835413 -1.343245 0.035171 0.078200 -0.016819 -1.000000 
-1.889749 -2.027845 1.311966 -2.873952 -1.343132 -0.006920 0.078066 -0.016815 -1.000000 
-1.905755 -1.973585 1.288822 -2.911831 -1.343356 -0.049009 0.077931 -0.016820 -1.000000 
-1.921325 -1.918847 1.265378 -2.949054 -1.343916 -0.091071 0.077796 -0.016833 -1.000000 
-1.936455 -1.863623 1.241639 -2.985629 -1.344813 -0.133083 0.077662 -0.016855 -1.000000 
-1.951142 -1.807903 1.217610 -3.021559 -1.346045 -0.175020 0.077527 -0.016886 -1.000000 
-1.965380 -1.751676 1.193296 -3.056849 -1.347613 -0.216858 0.077392 -0.016925 -1.000000 
-1.979167 -1.694930 1.168702 -3.091502 -1.349515 -0.258573 0.077256 -0.016972 -1.000000 
-1.992498 -1.637657 1.143834 -3.125521 -1.351750 -0.300140 0.077120 -0.017029 -1.000000 
-2.005368 -1.579844 1.118696 -3.158907 -1.354316 -0.341535 0.076983 -0.017094 -1.000000 
-2.017774 -1.521480 1.093293 -3.191661 -1.357214 -0.382733 0.076846 -0.017168 -1.000000 
-2.029710 -1.462554 1.067631 -3.223784 -1.360440 -0.423710 0.076709 -0.017251 -1.000000 
-2.041173 -1.403055 1.041714 -3.255275 -1.363992 -0.464442 0.076570 -0.017343 -1.000000 
-2.052158 -1.342972 1.015548 -3.286132 -1.367870 -0.504903 0.076431 -0.017445 -1.000000 
-2.062659 -1.282293 0.989138 -3.316352 -1.372070 -0.545070 0.076291 -0.017555 -1.000000 
-2.072673 -1.221008 0.962488 -3.345933 -1.376590 -0.584916 0.076150 -0.017675 -1.000000 
-2.082194 -1.159107 0.935604 -3.374869 -1.381428 -0.624418 0.076008 -0.017804 -1.000000 
-2.091217 -1.096577 0.908492 -3.403156 -1.386580 -0.663550 0.075865 -0.017943 -1.000000 
-2.099737 -1.033410 0.881156 -3.430788 -1.392043 -0.702288 0.075721 -0.018092 -1.000000 
-2.107750 -0.969596 0.853601 -3.457757 -1.397815 -0.740605 0.075576 -0.018251 -1.000000 
-2.115249 -0.905125 0.825833 -3.484055 -1.403892 -0.778477 0.075429 -0.018419 -1.000000 
-2.122230 -0.839988 0.797858 -3.509674 -1.410270 -0.815879 0.075281 -0.018599 -1.000000 
-2.128687 -0.774178 0.769680 -3.534603 -1.416945 -0.852784 0.075132 -0.018789 -1.000000 
-2.134615 -0.707686 0.741306 -3.558832 -1.423913 -0.889168 0.074981 -0.018989 -1.000000 
-2.140008 -0.640506 0.712741 -3.582350 -1.431170 -0.925005 0.074828 -0.019201 -1.000000 
-2.144861 -0.572631 0.683991 -3.605142 -1.438711 -0.960269 0.074673 -0.019424 -1.000000 
-2.149168 -0.504056 0.655061 -3.627197 -1.446533 -0.994934 0.074517 -0.019659 -1.000000 
-2.152924 -0.434775 0.625957 -3.648500 -1.454629 -1.028975 0.074359 -0.019906 -1.000000 
-2.156123 -0.364786 0.596687 -3.669035 -1.462994 -1.062366 0.074198 -0.020165 -1.000000 
-2.158759 -0.294084 0.567255 -3.688786 -1.471625 -1.095081 0.074036 -0.020436 -1.000000 
-2.160826 -0.222669 0.537668 -3.707737 -1.480514 -1.127094 0.073871 -0.020720 -1.000000 
-2.162320 -0.150540 0.507933 -3.725870 -1.489656 -1.158380 0.073704 -0.021017 -1.000000 
-2.163233 -0.077696 0.478057 -3.743166 -1.499046 -1.188911 0.073535 -0.021328 -1.000000 
-2.163561 -0.004139 0.448045 -3.759606 -1.508677 -1.218663 0.073363 -0.021653 -1.000000 
-2.163297 0.070128 0.417905 -3.775170 -1.518542 -1.247611 0.073189 -0.021993 -1.000000 
-2.162437 0.145102 0.387645 -3.789837 -1.528636 -1.275727 0.073011 -0.022347 -1.000000 
-2.160974 0.220778 0.357270 -3.803587 -1.538952 -1.302987 0.072831 -0.022716 -1.000000 
-2.158903 0.297148 0.326790 -3.816396 -1.549482 -1.329365 0.072648 -0.023102 -1.000000 
-2.156218 0.374205 0.296210 -3.828243 -1.560219 -1.354836 0.072461 -0.023503 -1.000000 
-2.152913 0.451940 0.265540 -3.839105 -1.571157 -1.379375 0.072272 -0.023921 -1.000000 
-2.148985 0.530342 0.234788 -3.848957 -1.582287 -1.402957 0.072079 -0.024357 -1.000000 
-2.144426 0.609399 0.203960 -3.857776 -1.593601 -1.425557 0.071882 -0.024811 -1.000000 
-2.139233 0.689096 0.173066 -3.865537 -1.605093 -1.447151 0.071682 -0.025283 -1.000000 
-2.133399 0.769419 0.142114 -3.872216 -1.616753 -1.467715 0.071477 -0.025774 -1.000000 
-2.126920 0.850350 0.111113 -3.877787 -1.628574 -1.487226 0.071269 -0.026285 -1.000000 
-2.119792 0.931870 0.080073 -3.882225 -1.640546 -1.505660 0.071057 -0.026816 -1.000000 
-2.112009 1.013960 0.049001 -3.885504 -1.652661 -1.522994 0.070840 -0.027369 -1.000000 
-2.103567 1.096596 0.017908 -3.887599 -1.664911 -1.539206 0.070619 -0.027943 -1.000000 
-2.094462 1.179755 -0.013197 -3.888484 -1.677285 -1.554274 0.070393 -0.028540 -1.000000 
-2.084690 1.263412 -0.044305 -3.888132 -1.689776 -1.568177 0.070162 -0.029160 -1.000000 
-2.074246 1.347539 -0.075404 -3.886519 -1.702373 -1.580894 0.069926 -0.029805 -1.000000 
-2.063128 1.432107 -0.106486 -3.883618 -1.715067 -1.592405 0.069685 -0.030474 -1.000000 
-2.051331 1.517084 -0.137539 -3.879404 -1.727848 -1.602691 0.069439 -0.031170 -1.000000 
-2.038853 1.602439 -0.168553 -3.873852 -1.740707 -1.611733 0.069186 -0.031892 -1.000000 
-2.025691 1.688137 -0.199517 -3.866936 -1.753633 -1.619514 0.068928 -0.032641 -1.000000 
-2.011842 1.774142 -0.230420 -3.858633 -1.766616 -1.626016 0.068664 -0.033419 -1.000000 
-1.997304 1.860415 -0.261251 -3.848918 -1.779645 -1.631224 0.068393 -0.034227 -1.000000 
-1.982075 1.946917 -0.291999 -3.837767 -1.792712 -1.635121 0.068116 -0.035065 -1.000000 
-1.966153 2.033606 -0.322651 -3.825158 -1.805804 -1.637695 0.067832 -0.035934 -1.000000 
-1.949537 2.120439 -0.353197 -3.811067 -1.818911 -1.638932 0.067541 -0.036835 -1.000000 
-1.932226 2.207372 -0.383624 -3.795475 -1.832023 -1.638820 0.067243 -0.037770 -1.000000 
-1.914219 2.294357 -0.413921 -3.778360 -1.845129 -1.637348 0.066937 -0.038738 -1.000000 
-1.895516 2.381347 -0.444074 -3.759701 -1.858217 -1.634506 0.066623 -0.039742 -1.000000 
-1.876118 2.468291 -0.474072 -3.739482 -1.871277 -1.630285 0.066301 -0.040782 -1.000000 
-1.856024 2.555140 -0.503902 -3.717682 -1.884298 -1.624680 0.065970 -0.041858 -1.000000 
-1.835236 2.641839 -0.533550 -3.694287 -1.897268 -1.617682 0.065631 -0.042973 -1.000000 
-1.813755 2.728335 -0.563006 -3.669279 -1.910177 -1.609289 0.065283 -0.044125 -1.000000 
-1.791583 2.814572 -0.592255 -3.642646 -1.923013 -1.599496 0.064925 -0.045318 -1.000000 
-1.768723 2.900494 -0.621284 -3.614375 -1.935765 -1.588302 0.064558 -0.046550 -1.000000 
-1.745176 2.986042 -0.650080 -3.584453 -1.948422 -1.575707 0.064180 -0.047823 -1.000000 
-1.720947 3.071158 -0.678631 -3.552871 -1.960973 -1.561712 0.063792 -0.049138 -1.000000 
-1.696039 3.155781 -0.706922 -3.519620 -1.973406 -1.546319 0.063394 -0.050494 -1.000000 
-1.670456 3.239851 -0.734940 -3.484693 -1.985710 -1.529534 0.062984 -0.051892 -1.000000 
-1.644203 3.323304 -0.762672 -3.448086 -1.997875 -1.511361 0.062563 -0.053332 -1.000000 
-1.617285 3.406079 -0.790105 -3.409795 -2.009888 -1.491809 0.062131 -0.054814 -1.000000 
-1.589708 3.488112 -0.817225 -3.369817 -2.021740 -1.470886 0.061686 -0.056338 -1.000000 
-1.561477 3.569339 -0.844018 -3.328153 -2.033419 -1.448604 0.061229 -0.057904 -1.000000 
-1.532601 3.649694 -0.870470 -3.284806 -2.044914 -1.424976 0.060760 -0.059510 -1.000000 
-1.503085 3.729115 -0.896570 -3.239777 -2.056215 -1.400015 0.060277 -0.061156 -1.000000 
-1.472937 3.807534 -0.922302 -3.193075 -2.067311 -1.373737 0.059781 -0.062841 -1.000000 
-1.442167 3.884887 -0.947655 -3.144705 -2.078191 -1.346161 0.059271 -0.064563 -1.000000 
-1.410782 3.961109 -0.972613 -3.094679 -2.088846 -1.317306 0.058748 -0.066320 -1.000000 
-1.378792 4.036134 -0.997165 -3.043007 -2.099265 -1.287193 0.058210 -0.068110 -1.000000 
-1.346208 4.109897 -1.021297 -2.989703 -2.109438 -1.255845 0.057658 -0.069930 -1.000000 
-1.313038 4.182334 -1.044996 -2.934784 -2.119355 -1.223286 0.057091 -0.071778 -1.000000 
-1.279294 4.253380 -1.068249 -2.878268 -2.129007 -1.189543 0.056510 -0.073648 -1.000000 
-1.244987 4.322972 -1.091044 -2.820174 -2.138385 -1.154644 0.055913 -0.075539 -1.000000 
-1.210130 4.391046 -1.113368 -2.760524 -2.147479 -1.118619 0.055301 -0.077444 -1.000000 
-1.174735 4.457541 -1.135208 -2.699343 -2.156280 -1.081499 0.054674 -0.079359 -1.000000 
-1.138814 4.522396 -1.156553 -2.636657 -2.164780 -1.043317 0.054031 -0.081279 -1.000000 
-1.102381 4.585550 -1.177391 -2.572495 -2.172970 -1.004107 0.053373 -0.083196 -1.000000 
-1.065450 4.646945 -1.197710 -2.506886 -2.180843 -0.963906 0.052700 -0.085106 -1.000000 
-1.028035 4.706524 -1.217497 -2.439864 -2.188390 -0.922751 0.052012 -0.087000 -1.000000 
-0.990151 4.764230 -1.236744 -2.371462 -2.195604 -0.880680 0.051308 -0.088871 -1.000000 
-0.951812 4.820009 -1.255437 -2.301717 -2.202479 -0.837735 0.050590 -0.090712 -1.000000 
-0.913036 4.873809 -1.273568 -2.230667 -2.209006 -0.793957 0.049857 -0.092513 -1.000000 
-0.873837 4.925578 -1.291125 -2.158353 -2.215180 -0.749388 0.049110 -0.094266 -1.000000 
-0.834232 4.975268 -1.308098 -2.084815 -2.220994 -0.704073 0.048349 -0.095963 -1.000000 
-0.794238 5.022832 -1.324478 -2.010098 -2.226443 -0.658058 0.047574 -0.097593 -1.000000 
-0.753873 5.068225 -1.340257 -1.934247 -2.231521 -0.611388 0.046787 -0.099149 -1.000000 
-0.713153 5.111404 -1.355424 -1.857308 -2.236224 -0.564112 0.045988 -0.100621 -1.000000 
-0.672096 5.152330 -1.369971 -1.779330 -2.240546 -0.516277 0.045178 -0.102000 -1.000000 
-0.630721 5.190964 -1.383890 -1.700364 -2.244483 -0.467932 0.044357 -0.103277 -1.000000 
-0.589047 5.227272 -1.397174 -1.620459 -2.248031 -0.419127 0.043526 -0.104444 -1.000000 
-0.547091 5.261221 -1.409815 -1.539669 -2.251188 -0.369914 0.042686 -0.105493 -1.000000 
-0.504874 5.292779 -1.421807 -1.458048 -2.253949 -0.320343 0.041838 -0.106417 -1.000000 
-0.462413 5.321921 -1.433142 -1.375649 -2.256312 -0.270466 0.040983 -0.107209 -1.000000 
-0.419729 5.348621 -1.443815 -1.292530 -2.258276 -0.220335 0.040123 -0.107864 -1.000000 
-0.376842 5.372857 -1.453821 -1.208746 -2.259837 -0.170002 0.039258 -0.108376 -1.000000 
-0.333770 5.394611 -1.463153 -1.124355 -2.260995 -0.119521 0.038389 -0.108742 -1.000000 
-0.290535 5.413866 -1.471809 -1.039416 -2.261749 -0.068945 0.037519 -0.108960 -1.000000 
-0.247155 5.430608 -1.479783 -0.953987 -2.262098 -0.018325 0.036646 -0.109027 -1.000000 
-0.203652 5.444827 -1.487071 -0.868127 -2.262043 0.032284 0.035774 -0.108944 -1.000000 
-0.160045 5.456517 -1.493672 -0.781897 -2.261582 0.082830 0.034904 -0.108711 -1.000000 
-0.116354 5.465671 -1.499581 -0.695357 -2.260718 0.133260 0.034036 -0.108330 -1.000000 
-0.072601 5.472288 -1.504797 -0.608566 -2.259450 0.183522 0.033171 -0.107803 -1.000000 
-0.028804 5.476370 -1.509318 -0.521586 -2.257782 0.233564 0.032311 -0.107136 -1.000000 
0.015014 5.477921 -1.513142 -0.434476 -2.255714 0.283333 0.031457 -0.106332 -1.000000 
0.058836 5.476947 -1.516269 -0.347298 -2.253249 0.332780 0.030610 -0.105399 -1.000000 
0.102639 5.473459 -1.518699 -0.260110 -2.250391 0.381852 0.029771 -0.104342 -1.000000 
0.146404 5.467468 -1.520431 -0.172972 -2.247141 0.430502 0.028941 -0.103168 -1.000000 
0.190112 5.458991 -1.521466 -0.085945 -2.243504 0.478679 0.028121 -0.101887 -1.000000 
0.233742 5.448045 -1.521806 0.000914 -2.239483 0.526335 0.027311 -0.100506 -1.000000 
0.000000 0.000000 0.000000 0.000000 0.000000 0.000000 0.000000 0.000000 0.000000 
