0.095381 -0.086771 0.088147 0.316439 -1.730270 0.055417 1.481406 -0.085953 -1.000000 
0.094575 -0.114710 0.090602 0.297209 -1.729884 0.040936 1.480721 -0.085403 -1.000000 
0.093547 -0.142296 0.092901 0.277435 -1.729616 0.026125 1.480039 -0.085326 -1.000000 
0.092299 -0.169516 0.095040 0.257135 -1.729467 0.011102 1.479355 -0.085714 -1.000000 
0.090836 -0.196352 0.097014 0.236326 -1.729439 -0.004011 1.478666 -0.086565 -1.000000 
0.089159 -0.222789 0.098820 0.215024 -1.729531 -0.019097 1.477969 -0.087890 -1.000000 
0.087272 -0.248810 0.100453 0.193242 -1.729744 -0.034037 1.477259 -0.089706 -1.000000 
0.085179 -0.274398 0.101910 0.170993 -1.730075 -0.048714 1.476532 -0.092040 -1.000000 
0.082883 -0.299531 0.103188 0.148292 -1.730522 -0.063013 1.475784 -0.094928 -1.000000 
0.080388 -0.324185 0.104282 0.125153 -1.731082 -0.076825 1.475011 -0.098418 -1.000000 
0.077697 -0.348335 0.105189 0.101592 -1.731750 -0.090041 1.474208 -0.102570 -1.000000 
0.074816 -0.371949 0.105906 0.077629 -1.732521 -0.102557 1.473368 -0.107456 -1.000000 
0.071748 -0.394994 0.106430 0.053282 -1.733389 -0.114277 1.472486 -0.113167 -1.000000 
0.068497 -0.417432 0.106758 0.028578 -1.734347 -0.125108 1.471555 -0.119811 -1.000000 
0.065070 -0.439219 0.106886 0.003543 -1.735388 -0.134965 1.470567 -0.127519 -1.000000 
0.061472 -0.460311 0.106814 -0.021790 -1.736503 -0.143770 1.469512 -0.136447 -1.000000 
0.057707 -0.480658 0.106537 -0.047385 -1.737685 -0.151453 1.468380 -0.146783 -1.000000 
0.053783 -0.500206 0.106055 -0.073201 -1.738924 -0.157954 1.467159 -0.158754 -1.000000 
0.049706 -0.518899 0.105365 -0.099191 -1.740209 -0.163220 1.465835 -0.172630 -1.000000 
0.045483 -0.536678 0.104467 -0.125306 -1.741532 -0.167212 1.464391 -0.188732 -1.000000 
0.041122 -0.553484 0.103360 -0.151488 -1.742881 -0.169898 1.462808 -0.207446 -1.000000 
0.036631 -0.569254 0.102044 -0.177679 -1.744247 -0.171260 1.461063 -0.229226 -1.000000 
0.032017 -0.583927 0.100518 -0.203811 -1.745618 -0.171292 1.459131 -0.254610 -1.000000 
0.027291 -0.597442 0.098783 -0.229818 -1.746984 -0.169998 1.456978 -0.284222 -1.000000 
0.022461 -0.609739 0.096841 -0.255627 -1.748334 -0.167396 1.454570 -0.318781 -1.000000 
0.017538 -0.620761 0.094694 -0.281162 -1.749659 -0.163518 1.451863 -0.359095 -1.000000 
0.012533 -0.630456 0.092343 -0.306345 -1.750947 -0.158406 1.448807 -0.406036 -1.000000 
0.007455 -0.638775 0.089793 -0.331099 -1.752190 -0.152117 1.445346 -0.460501 -1.000000 
0.002316 -0.645676 0.087047 -0.355343 -1.753378 -0.144719 1.441416 -0.523323 -1.000000 
-0.002872 -0.651123 0.084109 -0.378998 -1.754503 -0.136294 1.436949 -0.595128 -1.000000 
-0.008098 -0.655089 0.080985 -0.401986 -1.755556 -0.126933 1.431870 -0.676126 -1.000000 
-0.013350 -0.657556 0.077680 -0.424230 -1.756531 -0.116741 1.426107 -0.765816 -1.000000 
-0.018615 -0.658517 0.074199 -0.445657 -1.757422 -0.105832 1.419598 -0.862640 -1.000000 
-0.023882 -0.657976 0.070551 -0.466198 -1.758223 -0.094330 1.412294 -0.963634 -1.000000 
-0.029139 -0.655949 0.066743 -0.485789 -1.758930 -0.082368 1.404180 -1.064217 -1.000000 
-0.034373 -0.652465 0.062781 -0.504370 -1.759540 -0.070083 1.395284 -1.158275 -1.000000 
-0.039574 -0.647566 0.058676 -0.521893 -1.760051 -0.057616 1.385684 -1.238721 -1.000000 
-0.044731 -0.641307 0.054434 -0.538318 -1.760462 -0.045102 1.375519 -1.298544 -1.000000 
-0.049832 -0.633750 0.050066 -0.553616 -1.760773 -0.032670 1.364978 -1.332163 -1.000000 
-0.054867 -0.624965 0.045579 -0.567770 -1.760985 -0.020433 1.354283 -1.336651 -1.000000 
-0.059828 -0.615026 0.040984 -0.580773 -1.761101 -0.008483 1.343668 -1.312374 -1.000000 
-0.064705 -0.604005 0.036290 -0.592632 -1.761122 0.003106 1.333353 -1.262780 -1.000000 
-0.069489 -0.591972 0.031505 -0.603356 -1.761052 0.014280 1.323516 -1.193478 -1.000000 
-0.074174 -0.578995 0.026639 -0.612964 -1.760895 0.025001 1.314292 -1.110990 -1.000000 
-0.078751 -0.565133 0.021701 -0.621476 -1.760653 0.035245 1.305759 -1.021610 -1.000000 
-0.083214 -0.550445 0.016699 -0.628914 -1.760332 0.044994 1.297950 -0.930644 -1.000000 
-0.087556 -0.534981 0.011641 -0.635300 -1.759935 0.054235 1.290862 -0.842074 -1.000000 
-0.091772 -0.518792 0.006536 -0.640655 -1.759466 0.062957 1.284464 -0.758560 -1.000000 
-0.095855 -0.501922 0.001393 -0.645002 -1.758929 0.071152 1.278708 -0.681633 -1.000000 
-0.099801 -0.484416 -0.003781 -0.648360 -1.758329 0.078808 1.273538 -0.611968 -1.000000 
-0.103604 -0.466316 -0.008978 -0.650749 -1.757669 0.085916 1.268896 -0.549644 -1.000000 
-0.107260 -0.447661 -0.014190 -0.652188 -1.756955 0.092465 1.264725 -0.494362 -1.000000 
-0.110765 -0.428492 -0.019411 -0.652696 -1.756191 0.098445 1.260969 -0.445607 -1.000000 
-0.114115 -0.408847 -0.024631 -0.652292 -1.755382 0.103847 1.257579 -0.402765 -1.000000 
-0.117306 -0.388764 -0.029845 -0.650996 -1.754531 0.108660 1.254511 -0.365199 -1.000000 
-0.120334 -0.368280 -0.035045 -0.648826 -1.753645 0.112876 1.251724 -0.332286 -1.000000 
-0.123197 -0.347431 -0.040224 -0.645801 -1.752727 0.116490 1.249183 -0.303451 -1.000000 
-0.125892 -0.326254 -0.045375 -0.641942 -1.751783 0.119494 1.246859 -0.278173 -1.000000 
-0.128416 -0.304782 -0.050493 -0.637267 -1.750817 0.121886 1.244724 -0.255989 -1.000000 
-0.130768 -0.283050 -0.055569 -0.631798 -1.749834 0.123663 1.242756 -0.236494 -1.000000 
-0.132945 -0.261090 -0.060599 -0.625555 -1.748840 0.124827 1.240934 -0.219336 -1.000000 
-0.134945 -0.238935 -0.065576 -0.618559 -1.747839 0.125379 1.239241 -0.204211 -1.000000 
-0.136767 -0.216617 -0.070494 -0.610830 -1.746835 0.125325 1.237662 -0.190856 -1.000000 
-0.138410 -0.194164 -0.075348 -0.602389 -1.745835 0.124670 1.236184 -0.179048 -1.000000 
-0.139873 -0.171607 -0.080131 -0.593257 -1.744842 0.123424 1.234794 -0.168593 -1.000000 
-0.141156 -0.148974 -0.084838 -0.583456 -1.743862 0.121598 1.233483 -0.159325 -1.000000 
-0.142257 -0.126290 -0.089464 -0.573006 -1.742898 0.119205 1.232242 -0.151103 -1.000000 
-0.143176 -0.103584 -0.094004 -0.561927 -1.741956 0.116261 1.231063 -0.143806 -1.000000 
-0.143914 -0.080878 -0.098453 -0.550240 -1.741039 0.112782 1.229939 -0.137329 -1.000000 
-0.144471 -0.058198 -0.102807 -0.537967 -1.740153 0.108790 1.228864 -0.131582 -1.000000 
-0.144846 -0.035565 -0.107059 -0.525125 -1.739300 0.104304 1.227832 -0.126489 -1.000000 
-0.145040 -0.013002 -0.111207 -0.511735 -1.738485 0.099347 1.226838 -0.121983 -1.000000 
-0.145054 0.009470 -0.115246 -0.497816 -1.737712 0.093945 1.225879 -0.118007 -1.000000 
-0.144889 0.031833 -0.119171 -0.483387 -1.736983 0.088124 1.224949 -0.114513 -1.000000 
-0.144545 0.054066 -0.122979 -0.468466 -1.736303 0.081911 1.224045 -0.111459 -1.000000 
-0.144024 0.076153 -0.126665 -0.453071 -1.735674 0.075336 1.223164 -0.108809 -1.000000 
-0.143327 0.098075 -0.130227 -0.437218 -1.735098 0.068429 1.222303 -0.106533 -1.000000 
-0.142455 0.119816 -0.133659 -0.420926 -1.734579 0.061220 1.221459 -0.104605 -1.000000 
-0.141410 0.141360 -0.136960 -0.404210 -1.734119 0.053744 1.220629 -0.103002 -1.000000 
-0.140194 0.162691 -0.140126 -0.387087 -1.733720 0.046033 1.219810 -0.101708 -1.000000 
-0.138808 0.183796 -0.143153 -0.369571 -1.733383 0.038120 1.219001 -0.100707 -1.000000 
-0.137254 0.204659 -0.146038 -0.351678 -1.733111 0.030041 1.218198 -0.099988 -1.000000 
-0.135534 0.225266 -0.148779 -0.333424 -1.732903 0.021831 1.217400 -0.099543 -1.000000 
-0.133650 0.245604 -0.151372 -0.314823 -1.732762 0.013524 1.216605 -0.099364 -1.000000 
-0.131605 0.265658 -0.153815 -0.295889 -1.732687 0.005157 1.215810 -0.099448 -1.000000 
-0.129401 0.285415 -0.156105 -0.276636 -1.732679 -0.003234 1.215013 -0.099793 -1.000000 
-0.127039 0.304862 -0.158240 -0.257079 -1.732739 -0.011615 1.214212 -0.100401 -1.000000 
-0.124524 0.323986 -0.160218 -0.237231 -1.732865 -0.019950 1.213406 -0.101276 -1.000000 
-0.121856 0.342772 -0.162035 -0.217108 -1.733058 -0.028203 1.212591 -0.102421 -1.000000 
-0.119040 0.361207 -0.163691 -0.196723 -1.733316 -0.036340 1.211766 -0.103846 -1.000000 
-0.116078 0.379277 -0.165182 -0.176091 -1.733639 -0.044327 1.210929 -0.105560 -1.000000 
-0.112973 0.396968 -0.166507 -0.155226 -1.734025 -0.052130 1.210076 -0.107577 -1.000000 
-0.109728 0.414266 -0.167665 -0.134143 -1.734472 -0.059717 1.209207 -0.109913 -1.000000 
-0.106346 0.431157 -0.168653 -0.112858 -1.734979 -0.067056 1.208317 -0.112584 -1.000000 
-0.102830 0.447625 -0.169470 -0.091387 -1.735544 -0.074116 1.207404 -0.115615 -1.000000 
-0.099185 0.463655 -0.170115 -0.069745 -1.736164 -0.080869 1.206466 -0.119028 -1.000000 
-0.095413 0.479232 -0.170586 -0.047951 -1.736837 -0.087286 1.205499 -0.122854 -1.000000 
-0.091518 0.494340 -0.170882 -0.026021 -1.737560 -0.093340 1.204499 -0.127126 -1.000000 
-0.087505 0.508964 -0.171002 -0.003973 -1.738330 -0.099007 1.203463 -0.131880 -1.000000 
-0.083376 0.523087 -0.170945 0.018173 -1.739143 -0.104262 1.202388 -0.137159 -1.000000 
-0.079137 0.536692 -0.170711 0.040398 -1.739997 -0.109084 1.201267 -0.143011 -1.000000 
-0.074791 0.549764 -0.170299 0.062681 -1.740887 -0.113454 1.200098 -0.149490 -1.000000 
-0.070342 0.562284 -0.169708 0.085002 -1.741811 -0.117353 1.198874 -0.156656 -1.000000 
-0.065796 0.574238 -0.168938 0.107337 -1.742764 -0.120766 1.197589 -0.164579 -1.000000 
-0.061156 0.585607 -0.167990 0.129666 -1.743742 -0.123678 1.196238 -0.173333 -1.000000 
-0.056427 0.596376 -0.166864 0.151963 -1.744741 -0.126079 1.194814 -0.183004 -1.000000 
-0.051615 0.606528 -0.165559 0.174205 -1.745758 -0.127960 1.193307 -0.193686 -1.000000 
-0.046725 0.616046 -0.164077 0.196367 -1.746787 -0.129312 1.191712 -0.205484 -1.000000 
-0.041760 0.624916 -0.162418 0.218423 -1.747825 -0.130133 1.190016 -0.218510 -1.000000 
-0.036728 0.633121 -0.160582 0.240346 -1.748868 -0.130420 1.188212 -0.232892 -1.000000 
-0.031632 0.640647 -0.158573 0.262111 -1.749910 -0.130173 1.186286 -0.248764 -1.000000 
-0.026479 0.647481 -0.156389 0.283689 -1.750949 -0.129396 1.184227 -0.266272 -1.000000 
-0.021274 0.653608 -0.154034 0.305052 -1.751979 -0.128094 1.182021 -0.285568 -1.000000 
-0.016023 0.659017 -0.151509 0.326174 -1.752997 -0.126275 1.179653 -0.306810 -1.000000 
-0.010732 0.663696 -0.148816 0.347025 -1.753998 -0.123951 1.177107 -0.330158 -1.000000 
-0.005406 0.667635 -0.145957 0.367578 -1.754979 -0.121133 1.174364 -0.355765 -1.000000 
-0.000052 0.670825 -0.142936 0.387803 -1.755935 -0.117838 1.171408 -0.383771 -1.000000 
0.005325 0.673259 -0.139753 0.407674 -1.756863 -0.114083 1.168217 -0.414288 -1.000000 
0.010718 0.674931 -0.136414 0.427161 -1.757759 -0.109889 1.164772 -0.447388 -1.000000 
0.016122 0.675836 -0.132920 0.446238 -1.758620 -0.105279 1.161052 -0.483083 -1.000000 
0.021529 0.675971 -0.129275 0.464877 -1.759443 -0.100276 1.157036 -0.521300 -1.000000 
0.026935 0.675335 -0.125483 0.483052 -1.760224 -0.094908 1.152705 -0.561855 -1.000000 
0.032333 0.673930 -0.121548 0.500739 -1.760960 -0.089202 1.148041 -0.604429 -1.000000 
0.037716 0.671757 -0.117473 0.517912 -1.761650 -0.083190 1.143030 -0.648534 -1.000000 
0.043079 0.668822 -0.113263 0.534548 -1.762291 -0.076902 1.137662 -0.693500 -1.000000 
0.048415 0.665131 -0.108921 0.550625 -1.762880 -0.070373 1.131934 -0.738457 -1.000000 
0.053719 0.660693 -0.104454 0.566122 -1.763416 -0.063635 1.125850 -0.782343 -1.000000 
0.058984 0.655519 -0.099865 0.581020 -1.763898 -0.056723 1.119423 -0.823933 -1.000000 
0.064205 0.649621 -0.095159 0.595301 -1.764323 -0.049672 1.112677 -0.861897 -1.000000 
0.069376 0.643013 -0.090342 0.608950 -1.764692 -0.042518 1.105646 -0.894875 -1.000000 
0.074492 0.635713 -0.085418 0.621952 -1.765003 -0.035295 1.098375 -0.921584 -1.000000 
0.079546 0.627738 -0.080393 0.634296 -1.765257 -0.028036 1.090920 -0.940929 -1.000000 
0.084534 0.619106 -0.075271 0.645971 -1.765452 -0.020774 1.083342 -0.952108 -1.000000 
0.089450 0.609838 -0.070059 0.656970 -1.765589 -0.013541 1.075709 -0.954692 -1.000000 
0.094290 0.599955 -0.064761 0.667285 -1.765669 -0.006363 1.068090 -0.948666 -1.000000 
0.099048 0.589479 -0.059384 0.676913 -1.765691 0.000730 1.060553 -0.934426 -1.000000 
0.103720 0.578431 -0.053933 0.685850 -1.765657 0.007716 1.053159 -0.912729 -1.000000 
0.108301 0.566833 -0.048412 0.694096 -1.765568 0.014572 1.045966 -0.884608 -1.000000 
0.112788 0.554708 -0.042829 0.701650 -1.765425 0.021277 1.039020 -0.851273 -1.000000 
0.117175 0.542076 -0.037188 0.708513 -1.765228 0.027814 1.032356 -0.814002 -1.000000 
0.121459 0.528960 -0.031494 0.714688 -1.764980 0.034165 1.026003 -0.774050 -1.000000 
0.125637 0.515381 -0.025755 0.720176 -1.764682 0.040315 1.019975 -0.732575 -1.000000 
0.129704 0.501359 -0.019973 0.724983 -1.764336 0.046252 1.014283 -0.690591 -1.000000 
0.133658 0.486915 -0.014157 0.729111 -1.763943 0.051961 1.008925 -0.648943 -1.000000 
0.137494 0.472069 -0.008309 0.732566 -1.763505 0.057431 1.003897 -0.608298 -1.000000 
0.141210 0.456841 -0.002437 0.735353 -1.763024 0.062652 0.999188 -0.569160 -1.000000 
0.144802 0.441251 0.003454 0.737477 -1.762503 0.067612 0.994785 -0.531881 -1.000000 
0.148269 0.425318 0.009361 0.738945 -1.761943 0.072303 0.990673 -0.496686 -1.000000 
0.151607 0.409062 0.015276 0.739762 -1.761347 0.076714 0.986833 -0.463700 -1.000000 
0.154813 0.392501 0.021195 0.739935 -1.760717 0.080839 0.983247 -0.432963 -1.000000 
0.157886 0.375653 0.027113 0.739472 -1.760054 0.084669 0.979899 -0.404455 -1.000000 
0.160823 0.358539 0.033025 0.738379 -1.759363 0.088198 0.976770 -0.378115 -1.000000 
0.163622 0.341175 0.038925 0.736664 -1.758644 0.091418 0.973844 -0.353846 -1.000000 
0.166281 0.323581 0.044810 0.734336 -1.757901 0.094324 0.971104 -0.331538 -1.000000 
0.168799 0.305774 0.050673 0.731402 -1.757136 0.096912 0.968534 -0.311066 -1.000000 
0.171173 0.287771 0.056511 0.727871 -1.756351 0.099176 0.966122 -0.292303 -1.000000 
0.173402 0.269591 0.062318 0.723753 -1.755550 0.101114 0.963853 -0.275121 -1.000000 
0.175486 0.251250 0.068089 0.719056 -1.754734 0.102723 0.961716 -0.259395 -1.000000 
0.177422 0.232766 0.073821 0.713790 -1.753907 0.104001 0.959699 -0.245008 -1.000000 
0.179210 0.214155 0.079508 0.707965 -1.753071 0.104947 0.957793 -0.231847 -1.000000 
0.180848 0.195433 0.085147 0.701589 -1.752229 0.105561 0.955987 -0.219807 -1.000000 
0.182337 0.176618 0.090732 0.694675 -1.751383 0.105843 0.954273 -0.208793 -1.000000 
0.183674 0.157724 0.096260 0.687231 -1.750536 0.105795 0.952644 -0.198716 -1.000000 
0.184860 0.138767 0.101727 0.679269 -1.749691 0.105420 0.951091 -0.189495 -1.000000 
0.185894 0.119763 0.107127 0.670798 -1.748850 0.104719 0.949610 -0.181055 -1.000000 
0.186776 0.100726 0.112458 0.661831 -1.748017 0.103699 0.948193 -0.173329 -1.000000 
0.187506 0.081671 0.117715 0.652376 -1.747192 0.102362 0.946835 -0.166257 -1.000000 
0.188083 0.062612 0.122895 0.642446 -1.746380 0.100716 0.945531 -0.159784 -1.000000 
0.188507 0.043563 0.127993 0.632052 -1.745581 0.098766 0.944277 -0.153860 -1.000000 
0.188780 0.024538 0.133006 0.621204 -1.744800 0.096519 0.943068 -0.148440 -1.000000 
0.188900 0.005549 0.137931 0.609913 -1.744038 0.093984 0.941900 -0.143484 -1.000000 
0.188869 -0.013390 0.142764 0.598191 -1.743297 0.091169 0.940771 -0.138956 -1.000000 
0.188686 -0.032267 0.147501 0.586048 -1.742580 0.088084 0.939676 -0.134823 -1.000000 
0.188353 -0.051070 0.152140 0.573496 -1.741889 0.084738 0.938613 -0.131056 -1.000000 
0.187869 -0.069786 0.156676 0.560545 -1.741225 0.081142 0.937578 -0.127629 -1.000000 
0.187236 -0.088404 0.161107 0.547206 -1.740591 0.077308 0.936570 -0.124518 -1.000000 
0.186455 -0.106913 0.165430 0.533490 -1.739988 0.073248 0.935585 -0.121702 -1.000000 
0.185526 -0.125302 0.169642 0.519409 -1.739419 0.068973 0.934622 -0.119163 -1.000000 
0.184451 -0.143560 0.173740 0.504972 -1.738885 0.064497 0.933678 -0.116883 -1.000000 
0.183230 -0.161677 0.177721 0.490191 -1.738388 0.059834 0.932751 -0.114848 -1.000000 
0.181864 -0.179642 0.181582 0.475075 -1.737929 0.054997 0.931840 -0.113045 -1.000000 
0.180356 -0.197445 0.185321 0.459636 -1.737508 0.050000 0.930942 -0.111463 -1.000000 
0.178705 -0.215077 0.188935 0.443884 -1.737129 0.044859 0.930056 -0.110090 -1.000000 
0.176915 -0.232528 0.192423 0.427830 -1.736791 0.039588 0.929180 -0.108920 -1.000000 
0.174986 -0.249789 0.195780 0.411483 -1.736496 0.034202 0.928312 -0.107943 -1.000000 
0.172919 -0.266850 0.199005 0.394854 -1.736244 0.028717 0.927452 -0.107154 -1.000000 
0.170717 -0.283703 0.202097 0.377953 -1.736037 0.023149 0.926598 -0.106547 -1.000000 
0.168380 -0.300338 0.205052 0.360791 -1.735874 0.017514 0.925747 -0.106118 -1.000000 
0.165912 -0.316747 0.207869 0.343377 -1.735757 0.011827 0.924899 -0.105865 -1.000000 
0.163313 -0.332922 0.210545 0.325722 -1.735685 0.006105 0.924053 -0.105785 -1.000000 
0.160586 -0.348853 0.213080 0.307836 -1.735659 0.000364 0.923206 -0.105876 -1.000000 
0.157732 -0.364531 0.215470 0.289729 -1.735679 -0.005380 0.922358 -0.106139 -1.000000 
0.154754 -0.379950 0.217715 0.271411 -1.735745 -0.011111 0.921507 -0.106573 -1.000000 
0.151653 -0.395100 0.219812 0.252892 -1.735857 -0.016813 0.920653 -0.107181 -1.000000 
0.148433 -0.409973 0.221761 0.234184 -1.736014 -0.022469 0.919792 -0.107964 -1.000000 
0.145095 -0.424561 0.223559 0.215295 -1.736216 -0.028065 0.918925 -0.108926 -1.000000 
0.141641 -0.438855 0.225205 0.196238 -1.736463 -0.033584 0.918049 -0.110071 -1.000000 
0.138074 -0.452848 0.226698 0.177021 -1.736753 -0.039011 0.917163 -0.111403 -1.000000 
0.134396 -0.466531 0.228037 0.157656 -1.737087 -0.044331 0.916266 -0.112930 -1.000000 
0.130610 -0.479896 0.229220 0.138154 -1.737462 -0.049530 0.915356 -0.114657 -1.000000 
0.126719 -0.492934 0.230247 0.118525 -1.737879 -0.054592 0.914431 -0.116594 -1.000000 
0.122724 -0.505639 0.231116 0.098781 -1.738335 -0.059505 0.913490 -0.118750 -1.000000 
0.118629 -0.518001 0.231827 0.078933 -1.738830 -0.064254 0.912530 -0.121134 -1.000000 
0.114437 -0.530013 0.232379 0.058993 -1.739363 -0.068826 0.911551 -0.123759 -1.000000 
0.110150 -0.541666 0.232771 0.038971 -1.739931 -0.073210 0.910549 -0.126638 -1.000000 
0.105771 -0.552952 0.233002 0.018881 -1.740534 -0.077392 0.909524 -0.129785 -1.000000 
0.101304 -0.563864 0.233073 -0.001267 -1.741169 -0.081361 0.908472 -0.133216 -1.000000 
0.096750 -0.574393 0.232982 -0.021459 -1.741835 -0.085107 0.907392 -0.136949 -1.000000 
0.092115 -0.584532 0.232729 -0.041683 -1.742530 -0.088620 0.906280 -0.141003 -1.000000 
0.087399 -0.594272 0.232315 -0.061927 -1.743252 -0.091889 0.905135 -0.145400 -1.000000 
0.082607 -0.603606 0.231739 -0.082177 -1.743999 -0.094906 0.903953 -0.150162 -1.000000 
0.077742 -0.612527 0.231000 -0.102420 -1.744770 -0.097663 0.902731 -0.155314 -1.000000 
0.072808 -0.621026 0.230100 -0.122643 -1.745561 -0.100152 0.901466 -0.160885 -1.000000 
0.067807 -0.629097 0.229038 -0.142832 -1.746372 -0.102367 0.900156 -0.166902 -1.000000 
0.062744 -0.636731 0.227815 -0.162972 -1.747198 -0.104302 0.898795 -0.173400 -1.000000 
0.057621 -0.643923 0.226431 -0.183051 -1.748040 -0.105952 0.897380 -0.180411 -1.000000 
0.052442 -0.650665 0.224886 -0.203053 -1.748893 -0.107313 0.895907 -0.187973 -1.000000 
0.047211 -0.656950 0.223182 -0.222964 -1.749756 -0.108382 0.894371 -0.196125 -1.000000 
0.041932 -0.662772 0.221319 -0.242769 -1.750626 -0.109156 0.892767 -0.204909 -1.000000 
0.036608 -0.668125 0.219298 -0.262454 -1.751502 -0.109634 0.891090 -0.214370 -1.000000 
0.031243 -0.673004 0.217120 -0.282004 -1.752380 -0.109815 0.889335 -0.224554 -1.000000 
0.025841 -0.677402 0.214786 -0.301402 -1.753258 -0.109699 0.887495 -0.235508 -1.000000 
0.020406 -0.681315 0.212298 -0.320635 -1.754134 -0.109287 0.885565 -0.247284 -1.000000 
0.014942 -0.684738 0.209657 -0.339687 -1.755006 -0.108582 0.883537 -0.259930 -1.000000 
0.009452 -0.687666 0.206864 -0.358542 -1.755870 -0.107586 0.881403 -0.273497 -1.000000 
0.003940 -0.690096 0.203921 -0.377185 -1.756726 -0.106303 0.879158 -0.288034 -1.000000 
-0.001589 -0.692024 0.200829 -0.395601 -1.757571 -0.104739 0.876792 -0.303587 -1.000000 
-0.007131 -0.693447 0.197592 -0.413775 -1.758401 -0.102897 0.874298 -0.320195 -1.000000 
-0.012682 -0.694363 0.194210 -0.431691 -1.759216 -0.100786 0.871666 -0.337894 -1.000000 
-0.018239 -0.694770 0.190685 -0.449334 -1.760013 -0.098412 0.868889 -0.356706 -1.000000 
-0.023797 -0.694666 0.187021 -0.466690 -1.760790 -0.095783 0.865956 -0.376642 -1.000000 
-0.029353 -0.694051 0.183219 -0.483743 -1.761545 -0.092908 0.862859 -0.397697 -1.000000 
-0.034901 -0.692925 0.179282 -0.500480 -1.762276 -0.089798 0.859590 -0.419840 -1.000000 
-0.040438 -0.691288 0.175212 -0.516885 -1.762981 -0.086461 0.856139 -0.443019 -1.000000 
-0.045960 -0.689140 0.171013 -0.532946 -1.763659 -0.082910 0.852499 -0.467148 -1.000000 
-0.051463 -0.686484 0.166686 -0.548648 -1.764307 -0.079156 0.848663 -0.492104 -1.000000 
-0.056942 -0.683323 0.162235 -0.563978 -1.764925 -0.075212 0.844624 -0.517724 -1.000000 
-0.062395 -0.679659 0.157663 -0.578924 -1.765510 -0.071090 0.840378 -0.543802 -1.000000 
-0.067816 -0.675495 0.152974 -0.593473 -1.766062 -0.066805 0.835922 -0.570082 -1.000000 
-0.073201 -0.670837 0.148169 -0.607613 -1.766579 -0.062369 0.831257 -0.596261 -1.000000 
-0.078548 -0.665689 0.143253 -0.621334 -1.767059 -0.057797 0.826383 -0.621990 -1.000000 
-0.083851 -0.660058 0.138229 -0.634623 -1.767503 -0.053104 0.821307 -0.646880 -1.000000 
-0.089107 -0.653948 0.133100 -0.647473 -1.767909 -0.048304 0.816037 -0.670511 -1.000000 
-0.094313 -0.647369 0.127870 -0.659872 -1.768276 -0.043413 0.810583 -0.692440 -1.000000 
-0.099464 -0.640326 0.122543 -0.671812 -1.768603 -0.038445 0.804963 -0.712225 -1.000000 
-0.104557 -0.632829 0.117123 -0.683285 -1.768891 -0.033417 0.799195 -0.729438 -1.000000 
-0.109588 -0.624885 0.111612 -0.694283 -1.769138 -0.028341 0.793300 -0.743684 -1.000000 
-0.114554 -0.616505 0.106015 -0.704801 -1.769344 -0.023234 0.787305 -0.754629 -1.000000 
-0.119451 -0.607698 0.100337 -0.714830 -1.769509 -0.018110 0.781236 -0.762011 -1.000000 
-0.124276 -0.598474 0.094579 -0.724367 -1.769634 -0.012983 0.775122 -0.765658 -1.000000 
-0.129026 -0.588844 0.088748 -0.733406 -1.769717 -0.007866 0.768995 -0.765499 -1.000000 
-0.133696 -0.578817 0.082846 -0.741944 -1.769760 -0.002774 0.762884 -0.761565 -1.000000 
-0.138286 -0.568406 0.076878 -0.749977 -1.769762 0.002282 0.756820 -0.753989 -1.000000 
-0.142790 -0.557621 0.070848 -0.757502 -1.769723 0.007289 0.750830 -0.742994 -1.000000 
-0.147207 -0.546474 0.064760 -0.764518 -1.769645 0.012235 0.744940 -0.728881 -1.000000 
-0.151533 -0.534976 0.058617 -0.771022 -1.769528 0.017110 0.739175 -0.712011 -1.000000 
-0.155765 -0.523139 0.052425 -0.777014 -1.769372 0.021902 0.733554 -0.692786 -1.000000 
-0.159902 -0.510974 0.046186 -0.782493 -1.769178 0.026601 0.728096 -0.671627 -1.000000 
-0.163940 -0.498493 0.039906 -0.787458 -1.768946 0.031199 0.722812 -0.648958 -1.000000 
-0.167877 -0.485707 0.033588 -0.791911 -1.768679 0.035685 0.717715 -0.625189 -1.000000 
-0.171711 -0.472629 0.027237 -0.795852 -1.768376 0.040052 0.712811 -0.600706 -1.000000 
-0.175438 -0.459269 0.020856 -0.799282 -1.768038 0.044291 0.708105 -0.575857 -1.000000 
-0.179058 -0.445640 0.014450 -0.802203 -1.767667 0.048394 0.703598 -0.550951 -1.000000 
-0.182568 -0.431752 0.008022 -0.804616 -1.767264 0.052355 0.699289 -0.526254 -1.000000 
-0.185966 -0.417618 0.001577 -0.806523 -1.766830 0.056165 0.695176 -0.501987 -1.000000 
-0.189249 -0.403249 -0.004881 -0.807927 -1.766366 0.059820 0.691256 -0.478330 -1.000000 
-0.192417 -0.388656 -0.011348 -0.808831 -1.765873 0.063311 0.687521 -0.455422 -1.000000 
-0.195467 -0.373850 -0.017821 -0.809237 -1.765353 0.066635 0.683967 -0.433370 -1.000000 
-0.198398 -0.358843 -0.024295 -0.809149 -1.764808 0.069784 0.680585 -0.412246 -1.000000 
-0.201208 -0.343647 -0.030766 -0.808570 -1.764237 0.072754 0.677368 -0.392100 -1.000000 
-0.203896 -0.328271 -0.037231 -0.807504 -1.763644 0.075540 0.674309 -0.372955 -1.000000 
-0.206460 -0.312728 -0.043685 -0.805955 -1.763029 0.078139 0.671398 -0.354820 -1.000000 
-0.208899 -0.297028 -0.050125 -0.803927 -1.762394 0.080544 0.668629 -0.337687 -1.000000 
-0.211212 -0.281183 -0.056546 -0.801424 -1.761741 0.082754 0.665992 -0.321538 -1.000000 
-0.213398 -0.265202 -0.062946 -0.798452 -1.761071 0.084765 0.663482 -0.306344 -1.000000 
-0.215455 -0.249098 -0.069320 -0.795015 -1.760385 0.086573 0.661088 -0.292073 -1.000000 
-0.217383 -0.232880 -0.075665 -0.791119 -1.759686 0.088177 0.658806 -0.278686 -1.000000 
-0.219181 -0.216560 -0.081977 -0.786767 -1.758975 0.089574 0.656627 -0.266143 -1.000000 
-0.220848 -0.200147 -0.088252 -0.781967 -1.758254 0.090762 0.654546 -0.254400 -1.000000 
-0.222383 -0.183652 -0.094487 -0.776723 -1.757523 0.091741 0.652555 -0.243416 -1.000000 
-0.223786 -0.167086 -0.100679 -0.771042 -1.756786 0.092508 0.650649 -0.233147 -1.000000 
-0.225056 -0.150459 -0.106823 -0.764928 -1.756044 0.093065 0.648823 -0.223552 -1.000000 
-0.226193 -0.133780 -0.112916 -0.758390 -1.755298 0.093409 0.647071 -0.214590 -1.000000 
-0.227196 -0.117059 -0.118956 -0.751431 -1.754550 0.093543 0.645388 -0.206222 -1.000000 
-0.228066 -0.100307 -0.124938 -0.744060 -1.753802 0.093466 0.643769 -0.198412 -1.000000 
-0.228801 -0.083533 -0.130860 -0.736282 -1.753055 0.093180 0.642212 -0.191123 -1.000000 
-0.229402 -0.066746 -0.136718 -0.728105 -1.752311 0.092687 0.640710 -0.184323 -1.000000 
-0.229869 -0.049955 -0.142508 -0.719534 -1.751573 0.091987 0.639261 -0.177981 -1.000000 
-0.230202 -0.033171 -0.148229 -0.710577 -1.750840 0.091084 0.637861 -0.172067 -1.000000 
-0.230400 -0.016401 -0.153877 -0.701241 -1.750116 0.089980 0.636507 -0.166553 -1.000000 
-0.230464 0.000344 -0.159448 -0.691532 -1.749401 0.088679 0.635196 -0.161416 -1.000000 
-0.230395 0.017057 -0.164940 -0.681458 -1.748697 0.087183 0.633924 -0.156630 -1.000000 
-0.230191 0.033729 -0.170350 -0.671025 -1.748007 0.085497 0.632689 -0.152174 -1.000000 
-0.229855 0.050351 -0.175676 -0.660241 -1.747330 0.083625 0.631488 -0.148027 -1.000000 
-0.229386 0.066915 -0.180913 -0.649114 -1.746669 0.081571 0.630319 -0.144171 -1.000000 
-0.228785 0.083413 -0.186061 -0.637649 -1.746025 0.079340 0.629181 -0.140589 -1.000000 
-0.228052 0.099838 -0.191115 -0.625856 -1.745400 0.076939 0.628069 -0.137264 -1.000000 
-0.227187 0.116180 -0.196073 -0.613740 -1.744795 0.074371 0.626984 -0.134183 -1.000000 
-0.226193 0.132432 -0.200934 -0.601309 -1.744211 0.071643 0.625922 -0.131330 -1.000000 
-0.225069 0.148588 -0.205694 -0.588572 -1.743649 0.068762 0.624882 -0.128694 -1.000000 
-0.223816 0.164639 -0.210350 -0.575534 -1.743111 0.065734 0.623862 -0.126264 -1.000000 
-0.222435 0.180578 -0.214901 -0.562203 -1.742597 0.062564 0.622861 -0.124029 -1.000000 
-0.220927 0.196398 -0.219345 -0.548588 -1.742110 0.059262 0.621877 -0.121980 -1.000000 
-0.219293 0.212092 -0.223678 -0.534695 -1.741650 0.055832 0.620909 -0.120108 -1.000000 
-0.217534 0.227653 -0.227899 -0.520531 -1.741217 0.052284 0.619955 -0.118405 -1.000000 
-0.215651 0.243075 -0.232006 -0.506104 -1.740813 0.048625 0.619014 -0.116864 -1.000000 
-0.213645 0.258350 -0.235996 -0.491422 -1.740439 0.044863 0.618085 -0.115479 -1.000000 
-0.211518 0.273472 -0.239868 -0.476492 -1.740096 0.041005 0.617166 -0.114243 -1.000000 
-0.209270 0.288435 -0.243619 -0.461321 -1.739783 0.037060 0.616256 -0.113153 -1.000000 
-0.206903 0.303233 -0.247248 -0.445917 -1.739503 0.033037 0.615355 -0.112203 -1.000000 
-0.204418 0.317858 -0.250753 -0.430287 -1.739255 0.028943 0.614461 -0.111389 -1.000000 
-0.201818 0.332306 -0.254132 -0.414438 -1.739040 0.024788 0.613572 -0.110708 -1.000000 
-0.199102 0.346570 -0.257384 -0.398378 -1.738859 0.020579 0.612689 -0.110157 -1.000000 
-0.196273 0.360644 -0.260506 -0.382115 -1.738711 0.016327 0.611810 -0.109734 -1.000000 
-0.193332 0.374522 -0.263497 -0.365656 -1.738597 0.012040 0.610933 -0.109436 -1.000000 
-0.190281 0.388198 -0.266356 -0.349009 -1.738518 0.007726 0.610058 -0.109263 -1.000000 
-0.187122 0.401667 -0.269081 -0.332180 -1.738474 0.003395 0.609185 -0.109213 -1.000000 
-0.183855 0.414923 -0.271670 -0.315178 -1.738464 -0.000944 0.608311 -0.109285 -1.000000 
-0.180484 0.427961 -0.274123 -0.298009 -1.738489 -0.005283 0.607436 -0.109479 -1.000000 
-0.177008 0.440774 -0.276438 -0.280683 -1.738549 -0.009612 0.606559 -0.109796 -1.000000 
-0.173432 0.453358 -0.278614 -0.263205 -1.738643 -0.013922 0.605679 -0.110236 -1.000000 
-0.169755 0.465707 -0.280649 -0.245584 -1.738771 -0.018206 0.604794 -0.110801 -1.000000 
-0.165981 0.477816 -0.282543 -0.227828 -1.738934 -0.022453 0.603905 -0.111491 -1.000000 
-0.162111 0.489678 -0.284294 -0.209944 -1.739130 -0.026655 0.603010 -0.112310 -1.000000 
-0.158147 0.501291 -0.285901 -0.191941 -1.739360 -0.030805 0.602108 -0.113258 -1.000000 
-0.154091 0.512647 -0.287365 -0.173825 -1.739623 -0.034892 0.601198 -0.114340 -1.000000 
-0.149945 0.523741 -0.288682 -0.155605 -1.739918 -0.038909 0.600278 -0.115559 -1.000000 
-0.145712 0.534570 -0.289854 -0.137290 -1.740245 -0.042848 0.599348 -0.116917 -1.000000 
-0.141393 0.545127 -0.290879 -0.118886 -1.740604 -0.046700 0.598407 -0.118421 -1.000000 
-0.136991 0.555408 -0.291756 -0.100402 -1.740992 -0.050458 0.597453 -0.120073 -1.000000 
-0.132507 0.565407 -0.292485 -0.081847 -1.741411 -0.054115 0.596486 -0.121881 -1.000000 
-0.127945 0.575121 -0.293065 -0.063228 -1.741858 -0.057662 0.595503 -0.123849 -1.000000 
-0.123306 0.584543 -0.293497 -0.044554 -1.742333 -0.061093 0.594504 -0.125984 -1.000000 
-0.118593 0.593670 -0.293778 -0.025834 -1.742835 -0.064401 0.593487 -0.128293 -1.000000 
-0.113808 0.602496 -0.293910 -0.007076 -1.743363 -0.067579 0.592450 -0.130784 -1.000000 
-0.108954 0.611017 -0.293891 0.011712 -1.743916 -0.070620 0.591394 -0.133466 -1.000000 
-0.104033 0.619228 -0.293722 0.030519 -1.744493 -0.073519 0.590314 -0.136346 -1.000000 
-0.099047 0.627125 -0.293403 0.049339 -1.745092 -0.076270 0.589211 -0.139435 -1.000000 
-0.093999 0.634703 -0.292933 0.068161 -1.745713 -0.078867 0.588083 -0.142744 -1.000000 
-0.088893 0.641959 -0.292312 0.086977 -1.746353 -0.081305 0.586927 -0.146283 -1.000000 
-0.083729 0.648887 -0.291541 0.105778 -1.747013 -0.083580 0.585742 -0.150065 -1.000000 
-0.078511 0.655484 -0.290620 0.124554 -1.747690 -0.085686 0.584525 -0.154102 -1.000000 
-0.073242 0.661746 -0.289549 0.143296 -1.748384 -0.087620 0.583275 -0.158408 -1.000000 
-0.067924 0.667668 -0.288327 0.161995 -1.749092 -0.089378 0.581990 -0.162997 -1.000000 
-0.062560 0.673248 -0.286957 0.180641 -1.749813 -0.090956 0.580667 -0.167886 -1.000000 
-0.057153 0.678480 -0.285437 0.199225 -1.750546 -0.092352 0.579303 -0.173089 -1.000000 
-0.051706 0.683363 -0.283769 0.217737 -1.751290 -0.093563 0.577896 -0.178625 -1.000000 
-0.046220 0.687892 -0.281954 0.236167 -1.752043 -0.094586 0.576444 -0.184511 -1.000000 
-0.040700 0.692064 -0.279991 0.254506 -1.752803 -0.095420 0.574943 -0.190766 -1.000000 
-0.035148 0.695876 -0.277882 0.272744 -1.753569 -0.096064 0.573391 -0.197409 -1.000000 
-0.029567 0.699325 -0.275627 0.290871 -1.754340 -0.096516 0.571784 -0.204461 -1.000000 
-0.023960 0.702409 -0.273228 0.308877 -1.755113 -0.096776 0.570118 -0.211942 -1.000000 
-0.018330 0.705125 -0.270686 0.326752 -1.755888 -0.096843 0.568391 -0.219873 -1.000000 
-0.012679 0.707471 -0.268001 0.344487 -1.756662 -0.096718 0.566599 -0.228275 -1.000000 
-0.007011 0.709444 -0.265174 0.362070 -1.757435 -0.096402 0.564738 -0.237170 -1.000000 
-0.001329 0.711042 -0.262208 0.379494 -1.758204 -0.095895 0.562803 -0.246578 -1.000000 
0.004365 0.712265 -0.259103 0.396746 -1.758968 -0.095200 0.560791 -0.256519 -1.000000 
0.010066 0.713110 -0.255860 0.413818 -1.759727 -0.094317 0.558697 -0.267012 -1.000000 
0.015773 0.713577 -0.252482 0.430700 -1.760477 -0.093250 0.556517 -0.278073 -1.000000 
0.021483 0.713664 -0.248970 0.447382 -1.761218 -0.092001 0.554246 -0.289717 -1.000000 
0.027191 0.713371 -0.245325 0.463854 -1.761948 -0.090574 0.551880 -0.301955 -1.000000 
0.032895 0.712697 -0.241549 0.480106 -1.762667 -0.088971 0.549414 -0.314793 -1.000000 
0.038593 0.711643 -0.237644 0.496130 -1.763372 -0.087196 0.546842 -0.328235 -1.000000 
0.044281 0.710207 -0.233611 0.511914 -1.764061 -0.085255 0.544160 -0.342275 -1.000000 
0.049955 0.708392 -0.229454 0.527451 -1.764735 -0.083151 0.541364 -0.356902 -1.000000 
0.055614 0.706197 -0.225173 0.542730 -1.765391 -0.080891 0.538448 -0.372095 -1.000000 
0.061254 0.703624 -0.220771 0.557743 -1.766029 -0.078478 0.535409 -0.387824 -1.000000 
0.066871 0.700673 -0.216250 0.572482 -1.766647 -0.075919 0.532242 -0.404048 -1.000000 
0.072463 0.697347 -0.211612 0.586936 -1.767243 -0.073220 0.528943 -0.420710 -1.000000 
0.078028 0.693648 -0.206859 0.601097 -1.767818 -0.070387 0.525509 -0.437742 -1.000000 
0.083561 0.689577 -0.201995 0.614958 -1.768369 -0.067427 0.521938 -0.455061 -1.000000 
0.089060 0.685138 -0.197021 0.628511 -1.768896 -0.064346 0.518228 -0.472565 -1.000000 
0.094522 0.680333 -0.191940 0.641746 -1.769398 -0.061152 0.514377 -0.490139 -1.000000 
0.099944 0.675165 -0.186754 0.654657 -1.769875 -0.057852 0.510386 -0.507648 -1.000000 
0.105324 0.669639 -0.181466 0.667237 -1.770324 -0.054454 0.506255 -0.524945 -1.000000 
0.110657 0.663757 -0.176079 0.679478 -1.770746 -0.050966 0.501988 -0.541864 -1.000000 
0.115943 0.657524 -0.170595 0.691374 -1.771139 -0.047394 0.497587 -0.558232 -1.000000 
0.121177 0.650944 -0.165018 0.702918 -1.771504 -0.043748 0.493058 -0.573861 -1.000000 
0.126357 0.644022 -0.159349 0.714104 -1.771839 -0.040035 0.488408 -0.588562 -1.000000 
0.131480 0.636763 -0.153593 0.724926 -1.772144 -0.036263 0.483644 -0.602143 -1.000000 
0.136544 0.629173 -0.147752 0.735379 -1.772419 -0.032441 0.478777 -0.614415 -1.000000 
0.141546 0.621256 -0.141828 0.745457 -1.772663 -0.028577 0.473817 -0.625200 -1.000000 
0.146484 0.613018 -0.135825 0.755156 -1.772876 -0.024678 0.468778 -0.634337 -1.000000 
0.151354 0.604467 -0.129747 0.764471 -1.773058 -0.020754 0.463673 -0.641683 -1.000000 
0.156154 0.595606 -0.123595 0.773399 -1.773208 -0.016812 0.458516 -0.647123 -1.000000 
0.160883 0.586444 -0.117373 0.781935 -1.773327 -0.012861 0.453324 -0.650574 -1.000000 
0.165536 0.576987 -0.111085 0.790076 -1.773414 -0.008907 0.448112 -0.651983 -1.000000 
0.170114 0.567240 -0.104733 0.797819 -1.773469 -0.004959 0.442898 -0.651336 -1.000000 
0.174612 0.557213 -0.098321 0.805160 -1.773493 -0.001024 0.437697 -0.648653 -1.000000 
0.179028 0.546910 -0.091852 0.812099 -1.773486 0.002890 0.432525 -0.643991 -1.000000 
0.183361 0.536340 -0.085328 0.818632 -1.773447 0.006777 0.427398 -0.637437 -1.000000 
0.187609 0.525509 -0.078755 0.824758 -1.773377 0.010628 0.422330 -0.629110 -1.000000 
0.191769 0.514425 -0.072133 0.830475 -1.773277 0.014438 0.417336 -0.619152 -1.000000 
0.195839 0.503096 -0.065468 0.835782 -1.773146 0.018200 0.412428 -0.607722 -1.000000 
0.199818 0.491529 -0.058762 0.840678 -1.772986 0.021908 0.407616 -0.594996 -1.000000 
0.203703 0.479730 -0.052018 0.845162 -1.772796 0.025555 0.402911 -0.581156 -1.000000 
0.207493 0.467709 -0.045240 0.849235 -1.772577 0.029135 0.398320 -0.566387 -1.000000 
0.211186 0.455472 -0.038432 0.852896 -1.772330 0.032643 0.393851 -0.550873 -1.000000 
0.214780 0.443028 -0.031595 0.856144 -1.772055 0.036073 0.389508 -0.534792 -1.000000 
0.218274 0.430383 -0.024734 0.858981 -1.771753 0.039421 0.385295 -0.518309 -1.000000 
0.221666 0.417545 -0.017853 0.861407 -1.771425 0.042680 0.381215 -0.501582 -1.000000 
0.224954 0.404522 -0.010953 0.863422 -1.771071 0.045846 0.377270 -0.484753 -1.000000 
0.228137 0.391322 -0.004039 0.865029 -1.770691 0.048915 0.373459 -0.467947 -1.000000 
0.231215 0.377952 0.002886 0.866227 -1.770288 0.051881 0.369783 -0.451276 -1.000000 
0.234184 0.364420 0.009820 0.867018 -1.769862 0.054741 0.366238 -0.434837 -1.000000 
0.237045 0.350734 0.016758 0.867404 -1.769413 0.057490 0.362824 -0.418711 -1.000000 
0.239796 0.336901 0.023697 0.867387 -1.768942 0.060125 0.359538 -0.402965 -1.000000 
0.242435 0.322928 0.030635 0.866969 -1.768451 0.062642 0.356376 -0.387653 -1.000000 
0.244962 0.308824 0.037567 0.866151 -1.767940 0.065038 0.353334 -0.372817 -1.000000 
0.247376 0.294596 0.044492 0.864936 -1.767411 0.067308 0.350409 -0.358489 -1.000000 
0.249675 0.280251 0.051405 0.863327 -1.766864 0.069451 0.347597 -0.344692 -1.000000 
0.251860 0.265798 0.058304 0.861325 -1.766300 0.071464 0.344893 -0.331438 -1.000000 
0.253928 0.251242 0.065186 0.858935 -1.765721 0.073342 0.342292 -0.318736 -1.000000 
0.255879 0.236592 0.072046 0.856158 -1.765127 0.075086 0.339792 -0.306586 -1.000000 
0.257713 0.221856 0.078883 0.852998 -1.764520 0.076691 0.337386 -0.294985 -1.000000 
0.259429 0.207040 0.085693 0.849458 -1.763900 0.078156 0.335070 -0.283925 -1.000000 
0.261025 0.192152 0.092473 0.845541 -1.763269 0.079480 0.332841 -0.273395 -1.000000 
0.262503 0.177199 0.099221 0.841252 -1.762629 0.080660 0.330695 -0.263381 -1.000000 
0.263860 0.162188 0.105932 0.836593 -1.761979 0.081695 0.328626 -0.253869 -1.000000 
0.265098 0.147126 0.112605 0.831568 -1.761322 0.082585 0.326631 -0.244841 -1.000000 
0.266214 0.132021 0.119236 0.826181 -1.760658 0.083329 0.324707 -0.236280 -1.000000 
0.267210 0.116880 0.125823 0.820437 -1.759989 0.083925 0.322850 -0.228166 -1.000000 
0.268084 0.101709 0.132363 0.814338 -1.759316 0.084374 0.321055 -0.220483 -1.000000 
0.268837 0.086515 0.138852 0.807891 -1.758640 0.084674 0.319321 -0.213210 -1.000000 
0.269469 0.071305 0.145288 0.801097 -1.757961 0.084827 0.317643 -0.206330 -1.000000 
0.269978 0.056087 0.151668 0.793964 -1.757283 0.084833 0.316019 -0.199823 -1.000000 
0.270366 0.040865 0.157990 0.786493 -1.756605 0.084691 0.314445 -0.193674 -1.000000 
0.270632 0.025648 0.164251 0.778691 -1.755928 0.084403 0.312919 -0.187863 -1.000000 
0.270776 0.010442 0.170449 0.770562 -1.755254 0.083970 0.311438 -0.182375 -1.000000 
0.270799 -0.004747 0.176579 0.762111 -1.754585 0.083393 0.310000 -0.177193 -1.000000 
0.270700 -0.019913 0.182641 0.753342 -1.753921 0.082673 0.308602 -0.172303 -1.000000 
0.270481 -0.035049 0.188632 0.744260 -1.753263 0.081811 0.307243 -0.167689 -1.000000 
0.270140 -0.050149 0.194549 0.734870 -1.752612 0.080811 0.305919 -0.163338 -1.000000 
0.269678 -0.065208 0.200389 0.725178 -1.751970 0.079673 0.304629 -0.159237 -1.000000 
0.269097 -0.080218 0.206151 0.715189 -1.751338 0.078400 0.303370 -0.155373 -1.000000 
0.268395 -0.095174 0.211831 0.704906 -1.750716 0.076994 0.302142 -0.151734 -1.000000 
0.267574 -0.110070 0.217429 0.694337 -1.750106 0.075458 0.300942 -0.148310 -1.000000 
0.266634 -0.124900 0.222940 0.683485 -1.749509 0.073795 0.299768 -0.145090 -1.000000 
0.265576 -0.139660 0.228364 0.672357 -1.748926 0.072009 0.298620 -0.142064 -1.000000 
0.264400 -0.154342 0.233697 0.660957 -1.748357 0.070101 0.297495 -0.139224 -1.000000 
0.263106 -0.168942 0.238938 0.649290 -1.747804 0.068076 0.296392 -0.136560 -1.000000 
0.261697 -0.183454 0.244085 0.637363 -1.747268 0.065937 0.295310 -0.134064 -1.000000 
0.260171 -0.197872 0.249135 0.625181 -1.746750 0.063687 0.294246 -0.131730 -1.000000 
0.258531 -0.212192 0.254087 0.612748 -1.746249 0.061332 0.293201 -0.129549 -1.000000 
0.256777 -0.226409 0.258939 0.600071 -1.745769 0.058874 0.292173 -0.127516 -1.000000 
0.254909 -0.240516 0.263688 0.587155 -1.745308 0.056319 0.291161 -0.125625 -1.000000 
0.252929 -0.254510 0.268333 0.574006 -1.744868 0.053669 0.290163 -0.123869 -1.000000 
0.250837 -0.268384 0.272871 0.560628 -1.744449 0.050931 0.289179 -0.122244 -1.000000 
0.248635 -0.282135 0.277302 0.547028 -1.744053 0.048108 0.288207 -0.120746 -1.000000 
0.246323 -0.295758 0.281623 0.533211 -1.743680 0.045206 0.287246 -0.119369 -1.000000 
0.243903 -0.309247 0.285833 0.519182 -1.743330 0.042228 0.286296 -0.118109 -1.000000 
0.241376 -0.322598 0.289929 0.504948 -1.743004 0.039181 0.285356 -0.116963 -1.000000 
0.238742 -0.335807 0.293911 0.490514 -1.742703 0.036069 0.284425 -0.115928 -1.000000 
0.236003 -0.348868 0.297777 0.475885 -1.742427 0.032897 0.283501 -0.115001 -1.000000 
0.233160 -0.361778 0.301525 0.461067 -1.742177 0.029670 0.282584 -0.114178 -1.000000 
0.230215 -0.374532 0.305154 0.446066 -1.741953 0.026394 0.281674 -0.113457 -1.000000 
0.227168 -0.387126 0.308662 0.430888 -1.741755 0.023075 0.280769 -0.112837 -1.000000 
0.224022 -0.399555 0.312048 0.415538 -1.741584 0.019717 0.279868 -0.112316 -1.000000 
0.220776 -0.411815 0.315310 0.400022 -1.741439 0.016326 0.278972 -0.111891 -1.000000 
0.217433 -0.423902 0.318447 0.384345 -1.741322 0.012908 0.278078 -0.111561 -1.000000 
0.213994 -0.435812 0.321459 0.368514 -1.741233 0.009468 0.277186 -0.111326 -1.000000 
0.210460 -0.447541 0.324343 0.352534 -1.741171 0.006011 0.276296 -0.111184 -1.000000 
0.206834 -0.459085 0.327099 0.336412 -1.741137 0.002544 0.275407 -0.111136 -1.000000 
0.203116 -0.470439 0.329725 0.320151 -1.741130 -0.000928 0.274518 -0.111179 -1.000000 
0.199307 -0.481601 0.332221 0.303760 -1.741152 -0.004399 0.273628 -0.111315 -1.000000 
0.195411 -0.492566 0.334585 0.287243 -1.741201 -0.007865 0.272737 -0.111544 -1.000000 
0.191427 -0.503330 0.336817 0.270607 -1.741277 -0.011319 0.271843 -0.111866 -1.000000 
0.187358 -0.513890 0.338915 0.253857 -1.741382 -0.014755 0.270947 -0.112281 -1.000000 
0.183205 -0.524242 0.340878 0.236999 -1.741513 -0.018169 0.270046 -0.112790 -1.000000 
0.178970 -0.534382 0.342706 0.220039 -1.741672 -0.021555 0.269142 -0.113394 -1.000000 
0.174656 -0.544307 0.344399 0.202984 -1.741858 -0.024907 0.268232 -0.114095 -1.000000 
0.170262 -0.554013 0.345954 0.185839 -1.742071 -0.028221 0.267316 -0.114894 -1.000000 
0.165792 -0.563497 0.347372 0.168611 -1.742310 -0.031490 0.266393 -0.115793 -1.000000 
0.161247 -0.572755 0.348651 0.151305 -1.742575 -0.034709 0.265463 -0.116793 -1.000000 
0.156628 -0.581783 0.349792 0.133928 -1.742865 -0.037874 0.264524 -0.117898 -1.000000 
0.151939 -0.590579 0.350794 0.116486 -1.743180 -0.040980 0.263576 -0.119109 -1.000000 
0.147180 -0.599139 0.351656 0.098985 -1.743520 -0.044021 0.262618 -0.120430 -1.000000 
0.142353 -0.607461 0.352378 0.081431 -1.743885 -0.046993 0.261649 -0.121863 -1.000000 
0.137461 -0.615539 0.352959 0.063832 -1.744272 -0.049890 0.260668 -0.123412 -1.000000 
0.132505 -0.623372 0.353399 0.046192 -1.744683 -0.052710 0.259674 -0.125080 -1.000000 
0.127488 -0.630957 0.353698 0.028519 -1.745115 -0.055446 0.258666 -0.126871 -1.000000 
0.122411 -0.638290 0.353855 0.010819 -1.745569 -0.058094 0.257644 -0.128790 -1.000000 
0.117276 -0.645368 0.353871 -0.006902 -1.746044 -0.060652 0.256605 -0.130841 -1.000000 
0.112085 -0.652189 0.353745 -0.024636 -1.746540 -0.063113 0.255550 -0.133029 -1.000000 
0.106842 -0.658750 0.353477 -0.042378 -1.747054 -0.065476 0.254477 -0.135358 -1.000000 
0.101546 -0.665047 0.353067 -0.060120 -1.747587 -0.067735 0.253384 -0.137836 -1.000000 
0.096201 -0.671078 0.352515 -0.077857 -1.748138 -0.069888 0.252271 -0.140467 -1.000000 
0.090810 -0.676841 0.351821 -0.095580 -1.748705 -0.071930 0.251136 -0.143258 -1.000000 
0.085373 -0.682332 0.350986 -0.113285 -1.749288 -0.073860 0.249978 -0.146215 -1.000000 
0.079893 -0.687550 0.350009 -0.130963 -1.749886 -0.075673 0.248796 -0.149345 -1.000000 
0.074373 -0.692492 0.348890 -0.148607 -1.750499 -0.077367 0.247588 -0.152656 -1.000000 
0.068814 -0.697155 0.347631 -0.166212 -1.751124 -0.078940 0.246353 -0.156156 -1.000000 
0.063219 -0.701538 0.346231 -0.183770 -1.751761 -0.080389 0.245089 -0.159852 -1.000000 
0.057590 -0.705638 0.344691 -0.201275 -1.752410 -0.081712 0.243795 -0.163753 -1.000000 
0.051930 -0.709452 0.343011 -0.218718 -1.753068 -0.082906 0.242469 -0.167867 -1.000000 
0.046240 -0.712980 0.341191 -0.236093 -1.753736 -0.083971 0.241109 -0.172205 -1.000000 
0.040523 -0.716219 0.339233 -0.253394 -1.754411 -0.084905 0.239713 -0.176775 -1.000000 
0.034781 -0.719167 0.337137 -0.270612 -1.755094 -0.085705 0.238279 -0.181588 -1.000000 
0.029017 -0.721824 0.334904 -0.287742 -1.755782 -0.086372 0.236807 -0.186653 -1.000000 
0.023232 -0.724186 0.332534 -0.304775 -1.756476 -0.086904 0.235292 -0.191980 -1.000000 
0.017431 -0.726253 0.330028 -0.321705 -1.757173 -0.087300 0.233734 -0.197581 -1.000000 
0.011613 -0.728023 0.327387 -0.338525 -1.757872 -0.087560 0.232130 -0.203466 -1.000000 
0.005783 -0.729495 0.324612 -0.355227 -1.758573 -0.087685 0.230478 -0.209645 -1.000000 
-0.000058 -0.730668 0.321703 -0.371805 -1.759275 -0.087673 0.228775 -0.216128 -1.000000 
-0.005907 -0.731542 0.318663 -0.388251 -1.759976 -0.087525 0.227019 -0.222927 -1.000000 
-0.011762 -0.732115 0.315492 -0.404558 -1.760675 -0.087242 0.225207 -0.230051 -1.000000 
-0.017620 -0.732386 0.312191 -0.420720 -1.761371 -0.086824 0.223337 -0.237510 -1.000000 
-0.023479 -0.732356 0.308761 -0.436728 -1.762064 -0.086273 0.221406 -0.245312 -1.000000 
-0.029337 -0.732023 0.305203 -0.452577 -1.762751 -0.085589 0.219411 -0.253465 -1.000000 
-0.035191 -0.731388 0.301520 -0.468259 -1.763433 -0.084773 0.217350 -0.261976 -1.000000 
-0.041038 -0.730450 0.297712 -0.483767 -1.764107 -0.083828 0.215219 -0.270849 -1.000000 
-0.046877 -0.729209 0.293780 -0.499094 -1.764773 -0.082755 0.213015 -0.280090 -1.000000 
-0.052705 -0.727666 0.289727 -0.514234 -1.765431 -0.081556 0.210736 -0.289697 -1.000000 
-0.058519 -0.725821 0.285553 -0.529180 -1.766078 -0.080234 0.208379 -0.299672 -1.000000 
-0.064317 -0.723675 0.281260 -0.543924 -1.766714 -0.078790 0.205941 -0.310008 -1.000000 
-0.070097 -0.721228 0.276851 -0.558461 -1.767338 -0.077229 0.203418 -0.320699 -1.000000 
-0.075856 -0.718481 0.272326 -0.572784 -1.767950 -0.075551 0.200809 -0.331734 -1.000000 
-0.081592 -0.715435 0.267687 -0.586886 -1.768547 -0.073761 0.198110 -0.343096 -1.000000 
-0.087302 -0.712092 0.262936 -0.600762 -1.769129 -0.071862 0.195318 -0.354766 -1.000000 
-0.092985 -0.708452 0.258075 -0.614404 -1.769696 -0.069857 0.192433 -0.366716 -1.000000 
-0.098637 -0.704518 0.253106 -0.627807 -1.770247 -0.067750 0.189450 -0.378916 -1.000000 
-0.104256 -0.700291 0.248031 -0.640965 -1.770780 -0.065544 0.186369 -0.391327 -1.000000 
-0.109840 -0.695773 0.242851 -0.653872 -1.771295 -0.063244 0.183188 -0.403906 -1.000000 
-0.115388 -0.690966 0.237570 -0.666522 -1.771792 -0.060853 0.179907 -0.416599 -1.000000 
-0.120895 -0.685872 0.232188 -0.678909 -1.772269 -0.058376 0.176523 -0.429350 -1.000000 
-0.126361 -0.680495 0.226708 -0.691029 -1.772726 -0.055817 0.173037 -0.442091 -1.000000 
-0.131782 -0.674835 0.221132 -0.702876 -1.773162 -0.053181 0.169450 -0.454752 -1.000000 
-0.137157 -0.668897 0.215463 -0.714444 -1.773576 -0.050472 0.165761 -0.467252 -1.000000 
-0.142484 -0.662683 0.209702 -0.725729 -1.773969 -0.047695 0.161974 -0.479507 -1.000000 
-0.147760 -0.656196 0.203852 -0.736725 -1.774339 -0.044855 0.158090 -0.491427 -1.000000 
-0.152982 -0.649440 0.197915 -0.747430 -1.774687 -0.041956 0.154112 -0.502917 -1.000000 
-0.158150 -0.642418 0.191894 -0.757836 -1.775010 -0.039004 0.150045 -0.513880 -1.000000 
-0.163260 -0.635133 0.185790 -0.767942 -1.775310 -0.036003 0.145892 -0.524218 -1.000000 
-0.168311 -0.627589 0.179607 -0.777742 -1.775586 -0.032959 0.141659 -0.533833 -1.000000 
-0.173301 -0.619791 0.173347 -0.787233 -1.775838 -0.029876 0.137353 -0.542630 -1.000000 
-0.178227 -0.611742 0.167012 -0.796411 -1.776064 -0.026761 0.132980 -0.550519 -1.000000 
-0.183088 -0.603446 0.160605 -0.805273 -1.776266 -0.023616 0.128547 -0.557415 -1.000000 
-0.187882 -0.594908 0.154129 -0.813814 -1.776442 -0.020449 0.124064 -0.563243 -1.000000 
-0.192606 -0.586132 0.147585 -0.822033 -1.776593 -0.017264 0.119538 -0.567938 -1.000000 
-0.197259 -0.577122 0.140977 -0.829927 -1.776718 -0.014066 0.114980 -0.571448 -1.000000 
-0.201840 -0.567884 0.134307 -0.837492 -1.776818 -0.010859 0.110398 -0.573734 -1.000000 
-0.206345 -0.558422 0.127578 -0.844726 -1.776892 -0.007650 0.105804 -0.574772 -1.000000 
-0.210774 -0.548740 0.120793 -0.851627 -1.776940 -0.004443 0.101205 -0.574553 -1.000000 
-0.215124 -0.538844 0.113953 -0.858193 -1.776963 -0.001242 0.096614 -0.573084 -1.000000 
-0.219395 -0.528739 0.107062 -0.864422 -1.776960 0.001947 0.092039 -0.570387 -1.000000 
-0.223583 -0.518430 0.100123 -0.870313 -1.776932 0.005120 0.087491 -0.566498 -1.000000 
-0.227689 -0.507921 0.093138 -0.875863 -1.776878 0.008272 0.082978 -0.561469 -1.000000 
-0.231710 -0.497219 0.086110 -0.881072 -1.776800 0.011399 0.078510 -0.555360 -1.000000 
-0.235644 -0.486328 0.079042 -0.885938 -1.776696 0.014496 0.074095 -0.548246 -1.000000 
-0.239490 -0.475253 0.071936 -0.890461 -1.776568 0.017560 0.069741 -0.540207 -1.000000 
-0.243248 -0.464001 0.064796 -0.894640 -1.776415 0.020585 0.065454 -0.531331 -1.000000 
-0.246914 -0.452576 0.057623 -0.898474 -1.776239 0.023568 0.061242 -0.521709 -1.000000 
-0.250488 -0.440984 0.050421 -0.901962 -1.776038 0.026504 0.057109 -0.511438 -1.000000 
-0.253969 -0.429230 0.043192 -0.905105 -1.775815 0.029390 0.053060 -0.500612 -1.000000 
-0.257356 -0.417320 0.035940 -0.907903 -1.775568 0.032223 0.049100 -0.489325 -1.000000 
-0.260646 -0.405259 0.028667 -0.910355 -1.775299 0.034998 0.045232 -0.477670 -1.000000 
-0.263839 -0.393053 0.021375 -0.912461 -1.775008 0.037711 0.041458 -0.465734 -1.000000 
-0.266935 -0.380707 0.014068 -0.914223 -1.774696 0.040360 0.037781 -0.453600 -1.000000 
-0.269930 -0.368227 0.006749 -0.915640 -1.774363 0.042941 0.034201 -0.441346 -1.000000 
-0.272826 -0.355619 -0.000581 -0.916714 -1.774009 0.045452 0.030719 -0.429043 -1.000000 
-0.275620 -0.342887 -0.007918 -0.917444 -1.773636 0.047888 0.027336 -0.416756 -1.000000 
-0.278312 -0.330037 -0.015259 -0.917832 -1.773243 0.050246 0.024051 -0.404543 -1.000000 
-0.280900 -0.317076 -0.022602 -0.917880 -1.772832 0.052525 0.020863 -0.392456 -1.000000 
-0.283385 -0.304008 -0.029944 -0.917587 -1.772403 0.054722 0.017771 -0.380540 -1.000000 
-0.285764 -0.290839 -0.037283 -0.916956 -1.771957 0.056833 0.014774 -0.368834 -1.000000 
-0.288038 -0.277574 -0.044615 -0.915988 -1.771494 0.058856 0.011869 -0.357370 -1.000000 
-0.290205 -0.264219 -0.051938 -0.914684 -1.771015 0.060789 0.009055 -0.346175 -1.000000 
-0.292265 -0.250780 -0.059249 -0.913046 -1.770522 0.062630 0.006330 -0.335272 -1.000000 
-0.294217 -0.237262 -0.066545 -0.911076 -1.770013 0.064376 0.003690 -0.324678 -1.000000 
-0.296061 -0.223671 -0.073825 -0.908776 -1.769492 0.066026 0.001134 -0.314406 -1.000000 
-0.297779 -0.207309 -0.081076 -0.904058 -1.768849 0.085699 0.002353 0.303366 1.000000 
-0.299384 -0.194037 -0.088290 -0.899353 -1.768157 0.087132 0.004736 0.292403 1.000000 
-0.300883 -0.180709 -0.095465 -0.894325 -1.767455 0.088448 0.007033 0.281894 1.000000 
-0.302275 -0.167330 -0.102599 -0.888979 -1.766742 0.089644 0.009248 0.271835 1.000000 
-0.303560 -0.153906 -0.109688 -0.883315 -1.766021 0.090718 0.011383 0.262215 1.000000 
-0.304738 -0.140442 -0.116731 -0.877336 -1.765291 0.091670 0.013444 0.253027 1.000000 
-0.305807 -0.126943 -0.123724 -0.871046 -1.764554 0.092496 0.015433 0.244257 1.000000 
-0.306769 -0.113415 -0.130667 -0.864447 -1.763812 0.093196 0.017353 0.235895 1.000000 
-0.307622 -0.099861 -0.137555 -0.857541 -1.763064 0.093769 0.019208 0.227926 1.000000 
-0.308366 -0.086288 -0.144386 -0.850333 -1.762312 0.094214 0.021001 0.220336 1.000000 
-0.309002 -0.072701 -0.151159 -0.842824 -1.761557 0.094529 0.022735 0.213113 1.000000 
-0.309530 -0.059104 -0.157871 -0.835018 -1.760799 0.094714 0.024412 0.206241 1.000000 
-0.309948 -0.045503 -0.164519 -0.826920 -1.760041 0.094768 0.026036 0.199706 1.000000 
-0.310258 -0.031902 -0.171101 -0.818531 -1.759284 0.094692 0.027608 0.193495 1.000000 
-0.310458 -0.018307 -0.177615 -0.809855 -1.758527 0.094486 0.029132 0.187593 1.000000 
-0.310551 -0.004722 -0.184058 -0.800897 -1.757772 0.094148 0.030610 0.181987 1.000000 
-0.310534 0.008847 -0.190428 -0.791660 -1.757021 0.093681 0.032045 0.176664 1.000000 
-0.310409 0.022396 -0.196724 -0.782148 -1.756274 0.093084 0.033438 0.171612 1.000000 
-0.310176 0.035920 -0.202942 -0.772364 -1.755532 0.092357 0.034791 0.166817 1.000000 
-0.309834 0.049414 -0.209081 -0.762313 -1.754796 0.091503 0.036107 0.162268 1.000000 
-0.309385 0.062873 -0.215138 -0.751998 -1.754068 0.090522 0.037388 0.157953 1.000000 
-0.308829 0.076293 -0.221112 -0.741424 -1.753348 0.089415 0.038635 0.153863 1.000000 
-0.308165 0.089670 -0.227000 -0.730595 -1.752638 0.088184 0.039851 0.149986 1.000000 
-0.307394 0.102998 -0.232801 -0.719514 -1.751938 0.086830 0.041036 0.146312 1.000000 
-0.306517 0.116273 -0.238512 -0.708187 -1.751249 0.085356 0.042192 0.142833 1.000000 
-0.305534 0.129491 -0.244131 -0.696618 -1.750572 0.083762 0.043321 0.139539 1.000000 
-0.304445 0.142647 -0.249657 -0.684810 -1.749909 0.082053 0.044425 0.136421 1.000000 
-0.303252 0.155736 -0.255088 -0.672769 -1.749260 0.080228 0.045505 0.133473 1.000000 
-0.301954 0.168755 -0.260421 -0.660498 -1.748626 0.078293 0.046561 0.130686 1.000000 
-0.300552 0.181700 -0.265655 -0.648003 -1.748007 0.076248 0.047596 0.128053 1.000000 
-0.299047 0.194565 -0.270788 -0.635287 -1.747406 0.074096 0.048610 0.125568 1.000000 
-0.297439 0.207348 -0.275819 -0.622356 -1.746822 0.071842 0.049605 0.123224 1.000000 
-0.295729 0.220043 -0.280745 -0.609214 -1.746257 0.069487 0.050582 0.121016 1.000000 
-0.293918 0.232646 -0.285566 -0.595865 -1.745710 0.067035 0.051542 0.118937 1.000000 
-0.292007 0.245155 -0.290279 -0.582314 -1.745184 0.064490 0.052486 0.116983 1.000000 
-0.289996 0.257564 -0.294882 -0.568566 -1.744679 0.061855 0.053414 0.115149 1.000000 
-0.287886 0.269870 -0.299375 -0.554626 -1.744195 0.059134 0.054328 0.113430 1.000000 
-0.285679 0.282069 -0.303756 -0.540498 -1.743733 0.056330 0.055229 0.111823 1.000000 
-0.283374 0.294158 -0.308023 -0.526187 -1.743294 0.053448 0.056118 0.110322 1.000000 
-0.280972 0.306131 -0.312174 -0.511697 -1.742878 0.050491 0.056995 0.108926 1.000000 
-0.278476 0.317987 -0.316209 -0.497034 -1.742486 0.047463 0.057861 0.107629 1.000000 
-0.275885 0.329720 -0.320126 -0.482203 -1.742119 0.044370 0.058717 0.106429 1.000000 
-0.273201 0.341328 -0.323924 -0.467207 -1.741776 0.041214 0.059564 0.105324 1.000000 
-0.270424 0.352807 -0.327601 -0.452052 -1.741459 0.038001 0.060402 0.104311 1.000000 
-0.267556 0.364153 -0.331157 -0.436744 -1.741168 0.034736 0.061233 0.103387 1.000000 
-0.264598 0.375364 -0.334589 -0.421286 -1.740904 0.031422 0.062057 0.102550 1.000000 
-0.261551 0.386434 -0.337897 -0.405683 -1.740666 0.028064 0.062874 0.101799 1.000000 
-0.258415 0.397362 -0.341079 -0.389941 -1.740455 0.024667 0.063686 0.101131 1.000000 
-0.255193 0.408143 -0.344135 -0.374065 -1.740271 0.021236 0.064493 0.100545 1.000000 
-0.251885 0.418775 -0.347064 -0.358059 -1.740115 0.017775 0.065295 0.100040 1.000000 
-0.248493 0.429254 -0.349864 -0.341928 -1.739987 0.014291 0.066093 0.099615 1.000000 
-0.245018 0.439576 -0.352535 -0.325677 -1.739887 0.010786 0.066889 0.099269 1.000000 
-0.241460 0.449739 -0.355075 -0.309312 -1.739814 0.007267 0.067682 0.099002 1.000000 
-0.237822 0.459740 -0.357483 -0.292837 -1.739770 0.003738 0.068473 0.098812 1.000000 
-0.234105 0.469575 -0.359760 -0.276258 -1.739755 0.000205 0.069263 0.098699 1.000000 
-0.230310 0.479241 -0.361903 -0.259579 -1.739767 -0.003328 0.070053 0.098664 1.000000 
-0.226438 0.488735 -0.363913 -0.242806 -1.739808 -0.006856 0.070842 0.098706 1.000000 
-0.222490 0.498054 -0.365788 -0.225944 -1.739877 -0.010374 0.071632 0.098826 1.000000 
-0.218469 0.507195 -0.367528 -0.208998 -1.739974 -0.013876 0.072423 0.099024 1.000000 
-0.214376 0.516155 -0.369132 -0.191972 -1.740099 -0.017358 0.073217 0.099301 1.000000 
-0.210211 0.524931 -0.370599 -0.174873 -1.740251 -0.020814 0.074012 0.099658 1.000000 
-0.205977 0.533521 -0.371929 -0.157706 -1.740432 -0.024240 0.074811 0.100095 1.000000 
-0.201675 0.541920 -0.373122 -0.140476 -1.740639 -0.027631 0.075614 0.100615 1.000000 
-0.197307 0.550127 -0.374177 -0.123187 -1.740874 -0.030982 0.076421 0.101218 1.000000 
-0.192874 0.558139 -0.375093 -0.105847 -1.741135 -0.034289 0.077234 0.101907 1.000000 
-0.188377 0.565952 -0.375870 -0.088459 -1.741422 -0.037545 0.078052 0.102683 1.000000 
-0.183819 0.573564 -0.376508 -0.071029 -1.741735 -0.040748 0.078877 0.103548 1.000000 
-0.179201 0.580973 -0.377007 -0.053564 -1.742074 -0.043891 0.079709 0.104506 1.000000 
-0.174524 0.588175 -0.377365 -0.036068 -1.742437 -0.046971 0.080549 0.105558 1.000000 
-0.169791 0.595167 -0.377584 -0.018546 -1.742825 -0.049983 0.081398 0.106708 1.000000 
-0.165002 0.601948 -0.377662 -0.001005 -1.743237 -0.052922 0.082257 0.107959 1.000000 
-0.160160 0.608514 -0.377600 0.016549 -1.743672 -0.055785 0.083126 0.109315 1.000000 
-0.155266 0.614864 -0.377397 0.034112 -1.744129 -0.058567 0.084006 0.110779 1.000000 
-0.150323 0.620993 -0.377054 0.051678 -1.744609 -0.061264 0.084899 0.112356 1.000000 
-0.145331 0.626901 -0.376570 0.069240 -1.745109 -0.063872 0.085804 0.114050 1.000000 
-0.140293 0.632584 -0.375946 0.086793 -1.745630 -0.066387 0.086724 0.115867 1.000000 
-0.135210 0.638040 -0.375182 0.104331 -1.746171 -0.068806 0.087659 0.117812 1.000000 
-0.130085 0.643266 -0.374277 0.121849 -1.746731 -0.071124 0.088609 0.119890 1.000000 
-0.124919 0.648261 -0.373232 0.139339 -1.747309 -0.073338 0.089577 0.122108 1.000000 
-0.119714 0.653021 -0.372047 0.156797 -1.747904 -0.075446 0.090563 0.124472 1.000000 
-0.114471 0.657545 -0.370723 0.174216 -1.748516 -0.077443 0.091569 0.126990 1.000000 
-0.109193 0.661830 -0.369260 0.191589 -1.749143 -0.079326 0.092596 0.129670 1.000000 
-0.103882 0.665875 -0.367658 0.208912 -1.749785 -0.081093 0.093644 0.132520 1.000000 
-0.098540 0.669676 -0.365918 0.226178 -1.750440 -0.082741 0.094716 0.135548 1.000000 
-0.093168 0.673233 -0.364039 0.243380 -1.751108 -0.084267 0.095814 0.138765 1.000000 
-0.087769 0.676542 -0.362024 0.260512 -1.751788 -0.085669 0.096937 0.142181 1.000000 
-0.082344 0.679603 -0.359871 0.277569 -1.752479 -0.086944 0.098089 0.145805 1.000000 
-0.076896 0.682412 -0.357583 0.294543 -1.753179 -0.088090 0.099271 0.149651 1.000000 
-0.071426 0.684969 -0.355159 0.311428 -1.753888 -0.089106 0.100484 0.153731 1.000000 
-0.065937 0.687272 -0.352600 0.328218 -1.754604 -0.089990 0.101731 0.158057 1.000000 
-0.060431 0.689318 -0.349908 0.344907 -1.755327 -0.090740 0.103014 0.162644 1.000000 
-0.054909 0.691106 -0.347082 0.361487 -1.756056 -0.091354 0.104334 0.167507 1.000000 
-0.049374 0.692635 -0.344124 0.377952 -1.756788 -0.091831 0.105695 0.172661 1.000000 
-0.043827 0.693902 -0.341035 0.394297 -1.757525 -0.092171 0.107097 0.178124 1.000000 
-0.038272 0.694908 -0.337816 0.410513 -1.758263 -0.092372 0.108545 0.183914 1.000000 
-0.032710 0.695650 -0.334467 0.426595 -1.759002 -0.092434 0.110041 0.190048 1.000000 
-0.027142 0.696126 -0.330991 0.442537 -1.759741 -0.092356 0.111587 0.196547 1.000000 
-0.021572 0.696337 -0.327387 0.458330 -1.760479 -0.092138 0.113187 0.203432 1.000000 
-0.016002 0.696280 -0.323658 0.473969 -1.761215 -0.091781 0.114843 0.210723 1.000000 
-0.010432 0.695956 -0.319804 0.489447 -1.761948 -0.091283 0.116559 0.218444 1.000000 
-0.004867 0.695362 -0.315827 0.504758 -1.762675 -0.090645 0.118339 0.226617 1.000000 
0.000693 0.694498 -0.311728 0.519894 -1.763398 -0.089868 0.120187 0.235267 1.000000 
0.006244 0.693364 -0.307509 0.534849 -1.764113 -0.088952 0.122105 0.244417 1.000000 
0.011786 0.691958 -0.303171 0.549616 -1.764820 -0.087898 0.124099 0.254093 1.000000 
0.017315 0.690281 -0.298716 0.564189 -1.765519 -0.086708 0.126172 0.264318 1.000000 
0.022829 0.688331 -0.294145 0.578560 -1.766207 -0.085382 0.128329 0.275119 1.000000 
0.028327 0.686109 -0.289460 0.592724 -1.766885 -0.083922 0.130575 0.286517 1.000000 
0.033806 0.683615 -0.284662 0.606674 -1.767550 -0.082329 0.132915 0.298536 1.000000 
0.039265 0.680847 -0.279753 0.620402 -1.768202 -0.080606 0.135354 0.311197 1.000000 
0.044699 0.677807 -0.274736 0.633903 -1.768839 -0.078753 0.137896 0.324516 1.000000 
0.050109 0.674494 -0.269612 0.647169 -1.769461 -0.076774 0.140548 0.338511 1.000000 
0.055490 0.670909 -0.264382 0.660195 -1.770067 -0.074670 0.143314 0.353190 1.000000 
0.060843 0.667052 -0.259049 0.672973 -1.770656 -0.072444 0.146201 0.368559 1.000000 
0.066163 0.662923 -0.253615 0.685497 -1.771226 -0.070099 0.149213 0.384616 1.000000 
0.071449 0.658523 -0.248082 0.697761 -1.771777 -0.067637 0.152356 0.401352 1.000000 
0.076698 0.653854 -0.242452 0.709758 -1.772308 -0.065061 0.155636 0.418748 1.000000 
0.081910 0.648914 -0.236726 0.721482 -1.772818 -0.062375 0.159058 0.436771 1.000000 
0.087080 0.643706 -0.230909 0.732927 -1.773306 -0.059581 0.162626 0.455379 1.000000 
0.092208 0.638231 -0.225000 0.744085 -1.773771 -0.056684 0.166345 0.474513 1.000000 
0.097291 0.632490 -0.219004 0.754952 -1.774212 -0.053686 0.170220 0.494098 1.000000 
0.102327 0.626483 -0.212922 0.765521 -1.774629 -0.050591 0.174252 0.514041 1.000000 
0.107314 0.620214 -0.206756 0.775785 -1.775021 -0.047404 0.178445 0.534228 1.000000 
0.112250 0.613682 -0.200510 0.785739 -1.775388 -0.044127 0.182800 0.554527 1.000000 
0.117132 0.606891 -0.194186 0.795377 -1.775727 -0.040767 0.187317 0.574783 1.000000 
0.121960 0.599841 -0.187785 0.804692 -1.776040 -0.037326 0.191996 0.594822 1.000000 
0.126729 0.592535 -0.181311 0.813680 -1.776324 -0.033809 0.196833 0.614449 1.000000 
0.131439 0.584975 -0.174767 0.822334 -1.776580 -0.030222 0.201825 0.633453 1.000000 
0.136088 0.577164 -0.168155 0.830648 -1.776808 -0.026568 0.206966 0.651608 1.000000 
0.140673 0.569103 -0.161478 0.838617 -1.777005 -0.022854 0.212248 0.668677 1.000000 
0.145193 0.560796 -0.154738 0.846236 -1.777173 -0.019084 0.217662 0.684419 1.000000 
0.149645 0.552245 -0.147939 0.853499 -1.777311 -0.015263 0.223195 0.698597 1.000000 
0.154028 0.543454 -0.141083 0.860400 -1.777417 -0.011397 0.228834 0.710980 1.000000 
0.158340 0.534424 -0.134173 0.866936 -1.777493 -0.007493 0.234565 0.721354 1.000000 
0.162579 0.525161 -0.127213 0.873100 -1.777537 -0.003555 0.240370 0.729532 1.000000 
0.166742 0.515667 -0.120205 0.878889 -1.777550 0.000409 0.246231 0.735358 1.000000 
0.170829 0.505946 -0.113152 0.884297 -1.777530 0.004394 0.252129 0.738712 1.000000 
0.174837 0.496002 -0.106057 0.889320 -1.777479 0.008393 0.258044 0.739522 1.000000 
0.178764 0.485839 -0.098924 0.893954 -1.777396 0.012399 0.263955 0.737760 1.000000 
0.182609 0.475461 -0.091755 0.898194 -1.777281 0.016406 0.269841 0.733448 1.000000 
0.186371 0.464873 -0.084554 0.902038 -1.777134 0.020406 0.275683 0.726656 1.000000 
0.190047 0.454080 -0.077323 0.905481 -1.776954 0.024392 0.281462 0.717499 1.000000 
0.193636 0.443087 -0.070067 0.908521 -1.776743 0.028358 0.287157 0.706132 1.000000 
0.197136 0.431898 -0.062788 0.911154 -1.776501 0.032295 0.292754 0.692744 1.000000 
0.200545 0.420518 -0.055490 0.913377 -1.776227 0.036197 0.298237 0.677553 1.000000 
0.203864 0.408954 -0.048175 0.915189 -1.775922 0.040056 0.303591 0.660792 1.000000 
0.207088 0.397211 -0.040848 0.916587 -1.775586 0.043865 0.308806 0.642709 1.000000 
0.210218 0.385294 -0.033511 0.917569 -1.775220 0.047616 0.313871 0.623552 1.000000 
0.213253 0.373209 -0.026168 0.918135 -1.774824 0.051302 0.318780 0.603568 1.000000 
0.216189 0.360963 -0.018822 0.918282 -1.774399 0.054915 0.323527 0.582991 1.000000 
0.219028 0.348561 -0.011476 0.918010 -1.773946 0.058450 0.328107 0.562042 1.000000 
0.221766 0.336011 -0.004135 0.917318 -1.773464 0.061898 0.332519 0.540925 1.000000 
0.224403 0.323317 0.003200 0.916207 -1.772956 0.065252 0.336762 0.519822 1.000000 
0.226939 0.310488 0.010523 0.914676 -1.772421 0.068507 0.340837 0.498893 1.000000 
0.229371 0.297528 0.017833 0.912726 -1.771860 0.071655 0.344745 0.478276 1.000000 
0.231699 0.284446 0.025126 0.910358 -1.771275 0.074690 0.348490 0.458087 1.000000 
0.233922 0.271247 0.032398 0.907573 -1.770665 0.077605 0.352076 0.438420 1.000000 
0.236038 0.257939 0.039646 0.904372 -1.770033 0.080395 0.355507 0.419352 1.000000 
0.238048 0.244529 0.046867 0.900757 -1.769379 0.083055 0.358787 0.400940 1.000000 
0.239951 0.231023 0.054057 0.896730 -1.768705 0.085578 0.361924 0.383227 1.000000 
0.241744 0.217428 0.061213 0.892293 -1.768010 0.087959 0.364921 0.366240 1.000000 
0.243429 0.203751 0.068333 0.887449 -1.767298 0.090194 0.367785 0.349996 1.000000 
0.245004 0.190000 0.075412 0.882200 -1.766568 0.092278 0.370523 0.334499 1.000000 
0.246469 0.176181 0.082447 0.876550 -1.765822 0.094206 0.373139 0.319749 1.000000 
0.247823 0.162302 0.089435 0.870502 -1.765061 0.095975 0.375641 0.305735 1.000000 
0.249066 0.148369 0.096374 0.864060 -1.764287 0.097581 0.378033 0.292442 1.000000 
0.250197 0.134389 0.103259 0.857227 -1.763500 0.099020 0.380322 0.279851 1.000000 
0.251216 0.120370 0.110088 0.850007 -1.762703 0.100290 0.382512 0.267941 1.000000 
0.252123 0.106318 0.116858 0.842405 -1.761896 0.101387 0.384610 0.256684 1.000000 
0.252917 0.092241 0.123566 0.834425 -1.761081 0.102310 0.386621 0.246057 1.000000 
0.253598 0.078144 0.130208 0.826072 -1.760259 0.103055 0.388549 0.236030 1.000000 
0.254167 0.064036 0.136782 0.817350 -1.759433 0.103622 0.390399 0.226577 1.000000 
0.254623 0.049922 0.143285 0.808265 -1.758602 0.104010 0.392176 0.217669 1.000000 
0.254966 0.035810 0.149713 0.798821 -1.757769 0.104216 0.393883 0.209279 1.000000 
0.255196 0.021706 0.156065 0.789024 -1.756935 0.104241 0.395525 0.201380 1.000000 
0.255313 0.007617 0.162337 0.778879 -1.756101 0.104084 0.397106 0.193946 1.000000 
0.255318 -0.006451 0.168526 0.768393 -1.755270 0.103745 0.398630 0.186951 1.000000 
0.255210 -0.020491 0.174630 0.757569 -1.754442 0.103224 0.400099 0.180371 1.000000 
0.254990 -0.034497 0.180646 0.746416 -1.753619 0.102522 0.401517 0.174183 1.000000 
0.254658 -0.048463 0.186572 0.734937 -1.752802 0.101641 0.402887 0.168366 1.000000 
0.254215 -0.062382 0.192404 0.723140 -1.751993 0.100582 0.404212 0.162897 1.000000 
0.253660 -0.076248 0.198141 0.711030 -1.751193 0.099345 0.405494 0.157758 1.000000 
0.252995 -0.090055 0.203780 0.698614 -1.750404 0.097934 0.406736 0.152930 1.000000 
0.252220 -0.103798 0.209318 0.685897 -1.749627 0.096351 0.407942 0.148394 1.000000 
0.251334 -0.117470 0.214754 0.672887 -1.748863 0.094598 0.409112 0.144136 1.000000 
0.250340 -0.131066 0.220084 0.659589 -1.748114 0.092679 0.410248 0.140138 1.000000 
0.249238 -0.144579 0.225306 0.646009 -1.747381 0.090596 0.411354 0.136388 1.000000 
0.248027 -0.158006 0.230419 0.632156 -1.746665 0.088354 0.412431 0.132871 1.000000 
0.246710 -0.171339 0.235420 0.618034 -1.745967 0.085956 0.413481 0.129575 1.000000 
0.245286 -0.184573 0.240307 0.603650 -1.745290 0.083406 0.414505 0.126488 1.000000 
0.243757 -0.197704 0.245078 0.589012 -1.744633 0.080709 0.415505 0.123600 1.000000 
0.242123 -0.210727 0.249731 0.574125 -1.743999 0.077870 0.416483 0.120899 1.000000 
0.240386 -0.223634 0.254263 0.558996 -1.743388 0.074893 0.417440 0.118377 1.000000 
0.238545 -0.236423 0.258674 0.543633 -1.742801 0.071784 0.418378 0.116026 1.000000 
0.236603 -0.249088 0.262961 0.528040 -1.742239 0.068549 0.419297 0.113837 1.000000 
0.234560 -0.261624 0.267122 0.512226 -1.741704 0.065192 0.420199 0.111802 1.000000 
0.232418 -0.274027 0.271156 0.496197 -1.741197 0.061720 0.421086 0.109915 1.000000 
0.230176 -0.286291 0.275061 0.479959 -1.740717 0.058140 0.421958 0.108170 1.000000 
0.227837 -0.298412 0.278835 0.463520 -1.740267 0.054456 0.422817 0.106561 1.000000 
0.225402 -0.310385 0.282476 0.446885 -1.739846 0.050677 0.423664 0.105082 1.000000 
0.222872 -0.322207 0.285984 0.430062 -1.739456 0.046808 0.424499 0.103730 1.000000 
0.220247 -0.333872 0.289357 0.413058 -1.739097 0.042856 0.425324 0.102499 1.000000 
0.217530 -0.345376 0.292593 0.395879 -1.738771 0.038829 0.426139 0.101385 1.000000 
0.214722 -0.356715 0.295690 0.378531 -1.738476 0.034734 0.426946 0.100386 1.000000 
0.211823 -0.367886 0.298649 0.361022 -1.738215 0.030577 0.427746 0.099499 1.000000 
0.208836 -0.378882 0.301466 0.343358 -1.737987 0.026367 0.428539 0.098719 1.000000 
0.205761 -0.389702 0.304142 0.325547 -1.737793 0.022110 0.429326 0.098046 1.000000 
0.202601 -0.400340 0.306675 0.307594 -1.737634 0.017815 0.430108 0.097477 1.000000 
0.199356 -0.410792 0.309063 0.289507 -1.737508 0.013489 0.430885 0.097011 1.000000 
0.196029 -0.421055 0.311307 0.271292 -1.737418 0.009139 0.431660 0.096646 1.000000 
0.192620 -0.431124 0.313404 0.252957 -1.737362 0.004774 0.432432 0.096382 1.000000 
0.189131 -0.440997 0.315354 0.234507 -1.737341 0.000401 0.433202 0.096217 1.000000 
0.185565 -0.450668 0.317155 0.215951 -1.737356 -0.003972 0.433972 0.096152 1.000000 
0.181921 -0.460135 0.318808 0.197294 -1.737405 -0.008337 0.434741 0.096187 1.000000 
0.178203 -0.469393 0.320312 0.178545 -1.737489 -0.012686 0.435511 0.096321 1.000000 
0.174412 -0.478438 0.321665 0.159709 -1.737608 -0.017012 0.436282 0.096557 1.000000 
0.170549 -0.487268 0.322867 0.140794 -1.737761 -0.021306 0.437056 0.096895 1.000000 
0.166616 -0.495879 0.323917 0.121807 -1.737949 -0.025561 0.437833 0.097335 1.000000 
0.162615 -0.504266 0.324816 0.102755 -1.738170 -0.029769 0.438614 0.097882 1.000000 
0.158548 -0.512427 0.325561 0.083645 -1.738425 -0.033923 0.439399 0.098535 1.000000 
0.154417 -0.520357 0.326154 0.064484 -1.738713 -0.038014 0.440191 0.099299 1.000000 
0.150223 -0.528054 0.326593 0.045281 -1.739033 -0.042036 0.440989 0.100175 1.000000 
0.145969 -0.535513 0.326878 0.026041 -1.739385 -0.045981 0.441794 0.101168 1.000000 
0.141656 -0.542732 0.327010 0.006773 -1.739768 -0.049841 0.442608 0.102282 1.000000 
0.137286 -0.549707 0.326987 -0.012517 -1.740182 -0.053611 0.443431 0.103520 1.000000 
0.132861 -0.556434 0.326809 -0.031820 -1.740626 -0.057282 0.444264 0.104887 1.000000 
0.128383 -0.562910 0.326477 -0.051128 -1.741098 -0.060847 0.445109 0.106390 1.000000 
0.123855 -0.569132 0.325991 -0.070435 -1.741599 -0.064301 0.445967 0.108034 1.000000 
0.119278 -0.575097 0.325351 -0.089733 -1.742127 -0.067637 0.446838 0.109825 1.000000 
0.114654 -0.580802 0.324556 -0.109012 -1.742681 -0.070848 0.447724 0.111771 1.000000 
0.000000 0.000000 0.000000 0.000000 0.000000 0.000000 0.000000 0.000000 0.000000 
