-0.275223 -0.152324 0.215504 -0.300277 -1.535272 -0.042512 0.843829 -0.037386 -1.000000 
-0.276344 -0.128097 0.213017 -0.321428 -1.535672 -0.057396 0.843528 -0.037839 -1.000000 
-0.277272 -0.103728 0.210361 -0.342382 -1.536190 -0.072113 0.843223 -0.038382 -1.000000 
-0.278004 -0.079223 0.207539 -0.363134 -1.536825 -0.086622 0.842913 -0.039018 -1.000000 
-0.278539 -0.054587 0.204552 -0.383677 -1.537575 -0.100878 0.842598 -0.039753 -1.000000 
-0.278877 -0.029826 0.201401 -0.404005 -1.538438 -0.114842 0.842277 -0.040591 -1.000000 
-0.279016 -0.004947 0.198088 -0.424109 -1.539412 -0.128472 0.841949 -0.041540 -1.000000 
-0.278956 0.020043 0.194616 -0.443982 -1.540493 -0.141727 0.841612 -0.042607 -1.000000 
-0.278695 0.045136 0.190985 -0.463615 -1.541678 -0.154568 0.841267 -0.043802 -1.000000 
-0.278233 0.070324 0.187198 -0.482997 -1.542965 -0.166957 0.840911 -0.045134 -1.000000 
-0.277569 0.095598 0.183258 -0.502120 -1.544348 -0.178856 0.840544 -0.046615 -1.000000 
-0.276703 0.120947 0.179165 -0.520970 -1.545825 -0.190230 0.840165 -0.048258 -1.000000 
-0.275634 0.146361 0.174923 -0.539537 -1.547390 -0.201043 0.839771 -0.050080 -1.000000 
-0.274361 0.171827 0.170533 -0.557808 -1.549040 -0.211263 0.839363 -0.052098 -1.000000 
-0.272885 0.197333 0.165999 -0.575768 -1.550769 -0.220857 0.838937 -0.054332 -1.000000 
-0.271204 0.222864 0.161322 -0.593404 -1.552572 -0.229796 0.838493 -0.056805 -1.000000 
-0.269319 0.248406 0.156505 -0.610701 -1.554444 -0.238050 0.838028 -0.059544 -1.000000 
-0.267230 0.273942 0.151552 -0.627642 -1.556379 -0.245593 0.837539 -0.062579 -1.000000 
-0.264936 0.299455 0.146464 -0.644211 -1.558371 -0.252401 0.837025 -0.065947 -1.000000 
-0.262438 0.324926 0.141245 -0.660390 -1.560415 -0.258451 0.836483 -0.069688 -1.000000 
-0.259737 0.350336 0.135899 -0.676161 -1.562504 -0.263722 0.835909 -0.073850 -1.000000 
-0.256833 0.375664 0.130428 -0.691507 -1.564633 -0.268196 0.835300 -0.078486 -1.000000 
-0.253727 0.400887 0.124836 -0.706407 -1.566793 -0.271858 0.834652 -0.083663 -1.000000 
-0.250419 0.425983 0.119127 -0.720843 -1.568980 -0.274693 0.833960 -0.089453 -1.000000 
-0.246912 0.450928 0.113304 -0.734793 -1.571186 -0.276692 0.833219 -0.095945 -1.000000 
-0.243205 0.475697 0.107371 -0.748239 -1.573405 -0.277846 0.832423 -0.103242 -1.000000 
-0.239301 0.500263 0.101333 -0.761159 -1.575629 -0.278149 0.831565 -0.111463 -1.000000 
-0.235201 0.524600 0.095194 -0.773533 -1.577853 -0.277599 0.830637 -0.120753 -1.000000 
-0.230908 0.548679 0.088958 -0.785340 -1.580069 -0.276197 0.829629 -0.131279 -1.000000 
-0.226423 0.572473 0.082630 -0.796560 -1.582270 -0.273944 0.828532 -0.143243 -1.000000 
-0.221749 0.595951 0.076215 -0.807173 -1.584450 -0.270848 0.827333 -0.156883 -1.000000 
-0.216889 0.619085 0.069717 -0.817159 -1.586601 -0.266917 0.826017 -0.172483 -1.000000 
-0.211845 0.641845 0.063142 -0.826497 -1.588718 -0.262164 0.824567 -0.190384 -1.000000 
-0.206621 0.664199 0.056495 -0.835171 -1.590794 -0.256604 0.822964 -0.210993 -1.000000 
-0.201219 0.686118 0.049781 -0.843160 -1.592822 -0.250257 0.821183 -0.234795 -1.000000 
-0.195644 0.707571 0.043006 -0.850448 -1.594796 -0.243142 0.819197 -0.262375 -1.000000 
-0.189899 0.728527 0.036176 -0.857019 -1.596710 -0.235286 0.816973 -0.294425 -1.000000 
-0.183989 0.748958 0.029296 -0.862857 -1.598558 -0.226716 0.814472 -0.331773 -1.000000 
-0.177917 0.768832 0.022372 -0.867948 -1.600336 -0.217464 0.811648 -0.375392 -1.000000 
-0.171689 0.788122 0.015411 -0.872280 -1.602036 -0.207565 0.808446 -0.426420 -1.000000 
-0.165309 0.806799 0.008418 -0.875842 -1.603655 -0.197054 0.804802 -0.486158 -1.000000 
-0.158782 0.824837 0.001400 -0.878624 -1.605188 -0.185975 0.800640 -0.556061 -1.000000 
-0.152113 0.842209 -0.005638 -0.880618 -1.606629 -0.174369 0.795874 -0.637685 -1.000000 
-0.145309 0.858891 -0.012688 -0.881820 -1.607976 -0.162284 0.790402 -0.732581 -1.000000 
-0.138373 0.874859 -0.019745 -0.882224 -1.609225 -0.149770 0.784113 -0.842101 -1.000000 
-0.131313 0.890094 -0.026802 -0.881832 -1.610371 -0.136879 0.776887 -0.967085 -1.000000 
-0.124134 0.904576 -0.033852 -0.880643 -1.611414 -0.123667 0.768599 -1.107397 -1.000000 
-0.116842 0.918287 -0.040890 -0.878661 -1.612349 -0.110194 0.759132 -1.261310 -1.000000 
-0.109443 0.931212 -0.047909 -0.875895 -1.613176 -0.096519 0.748392 -1.424817 -1.000000 
-0.101944 0.943339 -0.054902 -0.872354 -1.613893 -0.082707 0.736327 -1.591045 -1.000000 
-0.094352 0.954658 -0.061864 -0.868052 -1.614500 -0.068824 0.722954 -1.750087 -1.000000 
-0.086672 0.965162 -0.068789 -0.863006 -1.614995 -0.054937 0.708378 -1.889635 -1.000000 
-0.078911 0.974847 -0.075670 -0.857237 -1.615379 -0.041111 0.692807 -1.996653 -1.000000 
-0.071077 0.983713 -0.082503 -0.850768 -1.615653 -0.027409 0.676549 -2.059892 -1.000000 
-0.063174 0.991762 -0.089281 -0.843624 -1.615818 -0.013885 0.659984 -2.072546 -1.000000 
-0.055211 0.999002 -0.095999 -0.835830 -1.615875 -0.000587 0.643525 -2.033965 -1.000000 
-0.047192 1.005443 -0.102653 -0.827414 -1.615828 0.012450 0.627563 -1.949705 -1.000000 
-0.039126 1.011094 -0.109236 -0.818400 -1.615677 0.025201 0.612425 -1.829906 -1.000000 
-0.031017 1.015970 -0.115745 -0.808812 -1.615425 0.037647 0.598347 -1.686791 -1.000000 
-0.022872 1.020083 -0.122176 -0.798671 -1.615075 0.049780 0.585466 -1.532252 -1.000000 
-0.014697 1.023447 -0.128523 -0.787998 -1.614630 0.061594 0.573834 -1.376211 -1.000000 
-0.006499 1.026074 -0.134782 -0.776811 -1.614091 0.073084 0.563432 -1.225923 -1.000000 
0.001718 1.027977 -0.140950 -0.765127 -1.613461 0.084246 0.554192 -1.086008 -1.000000 
0.009947 1.029166 -0.147023 -0.752963 -1.612744 0.095076 0.546021 -0.958902 -1.000000 
0.018183 1.029653 -0.152997 -0.740334 -1.611941 0.105568 0.538813 -0.845435 -1.000000 
0.026419 1.029447 -0.158867 -0.727256 -1.611056 0.115716 0.532458 -0.745379 -1.000000 
0.034652 1.028559 -0.164632 -0.713745 -1.610090 0.125509 0.526853 -0.657878 -1.000000 
0.042875 1.026998 -0.170286 -0.699814 -1.609048 0.134940 0.521902 -0.581763 -1.000000 
0.051082 1.024773 -0.175827 -0.685480 -1.607932 0.143997 0.517518 -0.515756 -1.000000 
0.059269 1.021894 -0.181253 -0.670756 -1.606745 0.152670 0.513626 -0.458592 -1.000000 
0.067431 1.018371 -0.186559 -0.655659 -1.605491 0.160948 0.510160 -0.409093 -1.000000 
0.075561 1.014213 -0.191742 -0.640202 -1.604171 0.168818 0.507063 -0.366197 -1.000000 
0.083656 1.009430 -0.196801 -0.624402 -1.602791 0.176270 0.504286 -0.328965 -1.000000 
0.091711 1.004033 -0.201732 -0.608272 -1.601352 0.183293 0.501787 -0.296586 -1.000000 
0.099719 0.998031 -0.206532 -0.591829 -1.599859 0.189876 0.499530 -0.268361 -1.000000 
0.107678 0.991436 -0.211200 -0.575087 -1.598315 0.196009 0.497484 -0.243693 -1.000000 
0.115581 0.984259 -0.215733 -0.558062 -1.596724 0.201682 0.495622 -0.222076 -1.000000 
0.123424 0.976509 -0.220129 -0.540769 -1.595090 0.206888 0.493923 -0.203078 -1.000000 
0.131203 0.968200 -0.224385 -0.523221 -1.593415 0.211616 0.492367 -0.186336 -1.000000 
0.138914 0.959342 -0.228499 -0.505435 -1.591705 0.215862 0.490937 -0.171539 -1.000000 
0.146551 0.949947 -0.232471 -0.487426 -1.589963 0.219618 0.489618 -0.158424 -1.000000 
0.154112 0.940027 -0.236298 -0.469207 -1.588193 0.222879 0.488398 -0.146770 -1.000000 
0.161591 0.929595 -0.239978 -0.450793 -1.586398 0.225640 0.487266 -0.136385 -1.000000 
0.168984 0.918662 -0.243510 -0.432200 -1.584584 0.227899 0.486213 -0.127107 -1.000000 
0.176288 0.907242 -0.246893 -0.413439 -1.582753 0.229652 0.485230 -0.118798 -1.000000 
0.183498 0.895345 -0.250125 -0.394526 -1.580911 0.230899 0.484310 -0.111340 -1.000000 
0.190612 0.882986 -0.253205 -0.375475 -1.579060 0.231639 0.483447 -0.104629 -1.000000 
0.197625 0.870176 -0.256132 -0.356297 -1.577206 0.231873 0.482634 -0.098579 -1.000000 
0.204534 0.856928 -0.258905 -0.337007 -1.575351 0.231602 0.481868 -0.093112 -1.000000 
0.211335 0.843254 -0.261524 -0.317617 -1.573501 0.230829 0.481143 -0.088165 -1.000000 
0.218025 0.829167 -0.263987 -0.298140 -1.571660 0.229558 0.480456 -0.083679 -1.000000 
0.224600 0.814680 -0.266294 -0.278588 -1.569830 0.227793 0.479803 -0.079605 -1.000000 
0.231059 0.799803 -0.268444 -0.258972 -1.568016 0.225540 0.479181 -0.075899 -1.000000 
0.237396 0.784550 -0.270437 -0.239303 -1.566222 0.222805 0.478588 -0.072525 -1.000000 
0.243610 0.768933 -0.272273 -0.219594 -1.564453 0.219597 0.478020 -0.069448 -1.000000 
0.249698 0.752962 -0.273951 -0.199855 -1.562710 0.215922 0.477476 -0.066641 -1.000000 
0.255657 0.736650 -0.275470 -0.180095 -1.560999 0.211792 0.476953 -0.064076 -1.000000 
0.261484 0.720008 -0.276832 -0.160325 -1.559323 0.207214 0.476450 -0.061732 -1.000000 
0.267176 0.703047 -0.278036 -0.140555 -1.557685 0.202202 0.475965 -0.059590 -1.000000 
0.272732 0.685779 -0.279081 -0.120794 -1.556089 0.196766 0.475496 -0.057630 -1.000000 
0.278148 0.668213 -0.279968 -0.101051 -1.554538 0.190920 0.475042 -0.055838 -1.000000 
0.283422 0.650360 -0.280698 -0.081335 -1.553035 0.184675 0.474602 -0.054201 -1.000000 
0.288553 0.632230 -0.281270 -0.061653 -1.551584 0.178047 0.474175 -0.052705 -1.000000 
0.293537 0.613833 -0.281684 -0.042014 -1.550187 0.171051 0.473759 -0.051340 -1.000000 
0.298373 0.595179 -0.281942 -0.022426 -1.548848 0.163700 0.473353 -0.050096 -1.000000 
0.303059 0.576277 -0.282043 -0.002895 -1.547569 0.156013 0.472957 -0.048965 -1.000000 
0.307593 0.557136 -0.281989 0.016571 -1.546353 0.148004 0.472569 -0.047939 -1.000000 
0.311973 0.537765 -0.281778 0.035966 -1.545202 0.139692 0.472190 -0.047012 -1.000000 
0.316197 0.518171 -0.281413 0.055282 -1.544118 0.131093 0.471817 -0.046177 -1.000000 
0.320263 0.498365 -0.280894 0.074514 -1.543105 0.122227 0.471450 -0.045429 -1.000000 
0.324170 0.478353 -0.280221 0.093656 -1.542163 0.113111 0.471090 -0.044763 -1.000000 
0.327916 0.458143 -0.279396 0.112702 -1.541296 0.103764 0.470734 -0.044176 -1.000000 
0.331500 0.437743 -0.278418 0.131646 -1.540504 0.094207 0.470383 -0.043663 -1.000000 
0.334920 0.417160 -0.277290 0.150482 -1.539789 0.084458 0.470035 -0.043223 -1.000000 
0.338174 0.396401 -0.276011 0.169206 -1.539153 0.074538 0.469691 -0.042851 -1.000000 
0.341262 0.375473 -0.274583 0.187812 -1.538597 0.064466 0.469349 -0.042546 -1.000000 
0.344181 0.354383 -0.273006 0.206296 -1.538122 0.054264 0.469010 -0.042307 -1.000000 
0.346931 0.333137 -0.271282 0.224652 -1.537729 0.043953 0.468672 -0.042130 -1.000000 
0.349511 0.311742 -0.269412 0.242874 -1.537419 0.033552 0.468336 -0.042016 -1.000000 
0.351919 0.290204 -0.267397 0.260960 -1.537192 0.023084 0.468000 -0.041964 -1.000000 
0.354154 0.268529 -0.265237 0.278903 -1.537049 0.012569 0.467664 -0.041973 -1.000000 
0.356215 0.246724 -0.262935 0.296699 -1.536991 0.002028 0.467328 -0.042043 -1.000000 
0.358101 0.224794 -0.260490 0.314343 -1.537017 -0.008517 0.466991 -0.042174 -1.000000 
0.359811 0.202745 -0.257906 0.331830 -1.537127 -0.019045 0.466653 -0.042367 -1.000000 
0.361345 0.180585 -0.255182 0.349156 -1.537322 -0.029535 0.466313 -0.042622 -1.000000 
0.362700 0.158317 -0.252320 0.366315 -1.537600 -0.039966 0.465971 -0.042940 -1.000000 
0.363878 0.135950 -0.249321 0.383302 -1.537961 -0.050317 0.465626 -0.043324 -1.000000 
0.364875 0.113488 -0.246187 0.400113 -1.538404 -0.060568 0.465278 -0.043774 -1.000000 
0.365693 0.090939 -0.242920 0.416742 -1.538930 -0.070696 0.464926 -0.044294 -1.000000 
0.366330 0.068308 -0.239520 0.433184 -1.539535 -0.080683 0.464569 -0.044885 -1.000000 
0.366786 0.045602 -0.235989 0.449433 -1.540220 -0.090508 0.464207 -0.045551 -1.000000 
0.367060 0.022828 -0.232329 0.465484 -1.540983 -0.100151 0.463840 -0.046294 -1.000000 
0.367151 -0.000008 -0.228542 0.481331 -1.541822 -0.109593 0.463466 -0.047120 -1.000000 
0.367059 -0.022899 -0.224629 0.496968 -1.542736 -0.118814 0.463086 -0.048032 -1.000000 
0.366784 -0.045837 -0.220591 0.512390 -1.543722 -0.127796 0.462698 -0.049035 -1.000000 
0.366326 -0.068815 -0.216431 0.527589 -1.544780 -0.136520 0.462301 -0.050134 -1.000000 
0.365683 -0.091825 -0.212150 0.542559 -1.545906 -0.144968 0.461895 -0.051337 -1.000000 
0.364857 -0.114859 -0.207751 0.557294 -1.547099 -0.153124 0.461479 -0.052649 -1.000000 
0.363846 -0.137909 -0.203234 0.571787 -1.548355 -0.160970 0.461052 -0.054080 -1.000000 
0.362650 -0.160966 -0.198603 0.586031 -1.549673 -0.168490 0.460614 -0.055636 -1.000000 
0.361270 -0.184021 -0.193859 0.600018 -1.551050 -0.175668 0.460162 -0.057329 -1.000000 
0.359706 -0.207066 -0.189003 0.613742 -1.552483 -0.182489 0.459696 -0.059169 -1.000000 
0.357957 -0.230090 -0.184039 0.627194 -1.553969 -0.188940 0.459215 -0.061167 -1.000000 
0.356024 -0.253084 -0.178969 0.640368 -1.555505 -0.195005 0.458717 -0.063338 -1.000000 
0.353908 -0.276037 -0.173794 0.653254 -1.557088 -0.200673 0.458201 -0.065697 -1.000000 
0.351608 -0.298939 -0.168518 0.665846 -1.558715 -0.205932 0.457665 -0.068259 -1.000000 
0.349125 -0.321779 -0.163142 0.678134 -1.560382 -0.210769 0.457108 -0.071045 -1.000000 
0.346460 -0.344545 -0.157668 0.690112 -1.562086 -0.215175 0.456528 -0.074075 -1.000000 
0.343612 -0.367226 -0.152101 0.701769 -1.563823 -0.219139 0.455922 -0.077373 -1.000000 
0.340584 -0.389809 -0.146441 0.713098 -1.565591 -0.222653 0.455289 -0.080966 -1.000000 
0.337376 -0.412283 -0.140692 0.724090 -1.567385 -0.225710 0.454626 -0.084883 -1.000000 
0.333988 -0.434634 -0.134856 0.734736 -1.569201 -0.228301 0.453930 -0.089158 -1.000000 
0.330422 -0.456849 -0.128937 0.745027 -1.571036 -0.230422 0.453198 -0.093829 -1.000000 
0.326679 -0.478915 -0.122937 0.754956 -1.572886 -0.232067 0.452427 -0.098938 -1.000000 
0.322760 -0.500818 -0.116859 0.764513 -1.574748 -0.233232 0.451614 -0.104536 -1.000000 
0.318666 -0.522545 -0.110706 0.773689 -1.576617 -0.233915 0.450753 -0.110675 -1.000000 
0.314400 -0.544080 -0.104481 0.782476 -1.578489 -0.234114 0.449842 -0.117420 -1.000000 
0.309962 -0.565410 -0.098187 0.790866 -1.580361 -0.233827 0.448873 -0.124839 -1.000000 
0.305354 -0.586520 -0.091828 0.798849 -1.582229 -0.233055 0.447842 -0.133015 -1.000000 
0.300578 -0.607394 -0.085407 0.806417 -1.584089 -0.231800 0.446742 -0.142037 -1.000000 
0.295636 -0.628018 -0.078926 0.813563 -1.585937 -0.230063 0.445567 -0.152011 -1.000000 
0.290530 -0.648377 -0.072391 0.820278 -1.587769 -0.227850 0.444307 -0.163055 -1.000000 
0.285263 -0.668455 -0.065803 0.826555 -1.589581 -0.225163 0.442955 -0.175303 -1.000000 
0.279836 -0.688236 -0.059167 0.832385 -1.591370 -0.222010 0.441499 -0.188910 -1.000000 
0.274252 -0.707706 -0.052486 0.837763 -1.593132 -0.218397 0.439928 -0.204052 -1.000000 
0.268513 -0.726848 -0.045764 0.842681 -1.594863 -0.214333 0.438230 -0.220927 -1.000000 
0.262623 -0.745649 -0.039005 0.847132 -1.596560 -0.209826 0.436388 -0.239762 -1.000000 
0.256584 -0.764091 -0.032211 0.851111 -1.598219 -0.204888 0.434387 -0.260813 -1.000000 
0.250399 -0.782161 -0.025388 0.854612 -1.599837 -0.199529 0.432208 -0.284369 -1.000000 
0.244070 -0.799843 -0.018539 0.857629 -1.601411 -0.193763 0.429830 -0.310753 -1.000000 
0.237602 -0.817122 -0.011667 0.860158 -1.602936 -0.187603 0.427228 -0.340323 -1.000000 
0.230998 -0.833984 -0.004778 0.862194 -1.604411 -0.181065 0.424375 -0.373474 -1.000000 
0.224260 -0.850415 0.002126 0.863734 -1.605832 -0.174163 0.421242 -0.410632 -1.000000 
0.217392 -0.866401 0.009041 0.864775 -1.607197 -0.166916 0.417793 -0.452249 -1.000000 
0.210398 -0.881929 0.015961 0.865314 -1.608502 -0.159342 0.413993 -0.498786 -1.000000 
0.203283 -0.896986 0.022884 0.865349 -1.609746 -0.151460 0.409798 -0.550696 -1.000000 
0.196048 -0.911559 0.029806 0.864879 -1.610925 -0.143289 0.405166 -0.608390 -1.000000 
0.188699 -0.925637 0.036721 0.863904 -1.612038 -0.134852 0.400048 -0.672188 -1.000000 
0.181239 -0.939208 0.043627 0.862425 -1.613082 -0.126170 0.394394 -0.742259 -1.000000 
0.173673 -0.952263 0.050519 0.860441 -1.614056 -0.117267 0.388155 -0.818534 -1.000000 
0.166004 -0.964791 0.057393 0.857956 -1.614958 -0.108166 0.381282 -0.900612 -1.000000 
0.158238 -0.976783 0.064245 0.854972 -1.615786 -0.098892 0.373732 -0.987643 -1.000000 
0.150377 -0.988232 0.071071 0.851492 -1.616539 -0.089470 0.365470 -1.078220 -1.000000 
0.142427 -0.999129 0.077867 0.847522 -1.617217 -0.079928 0.356476 -1.170292 -1.000000 
0.134393 -1.009470 0.084630 0.843067 -1.617818 -0.070290 0.346749 -1.261127 -1.000000 
0.126277 -1.019248 0.091355 0.838133 -1.618342 -0.060584 0.336311 -1.347368 -1.000000 
0.118086 -1.028459 0.098039 0.832728 -1.618787 -0.050836 0.325213 -1.425206 -1.000000 
0.109824 -1.037100 0.104677 0.826860 -1.619155 -0.041073 0.313540 -1.490686 -1.000000 
0.101494 -1.045169 0.111267 0.820538 -1.619444 -0.031321 0.301405 -1.540115 -1.000000 
0.093102 -1.052665 0.117805 0.813773 -1.619656 -0.021604 0.288949 -1.570522 -1.000000 
0.084653 -1.059587 0.124286 0.806574 -1.619790 -0.011945 0.276333 -1.580070 -1.000000 
0.076151 -1.065936 0.130709 0.798952 -1.619847 -0.002364 0.263725 -1.568315 -1.000000 
0.067600 -1.071715 0.137069 0.790918 -1.619828 0.007119 0.251294 -1.536265 -1.000000 
0.059005 -1.076926 0.143362 0.782482 -1.619734 0.016487 0.239193 -1.486199 -1.000000 
0.050370 -1.081572 0.149587 0.773657 -1.619565 0.025727 0.227554 -1.421328 -1.000000 
0.041701 -1.085658 0.155740 0.764452 -1.619323 0.034825 0.216481 -1.345358 -1.000000 
0.033001 -1.089186 0.161818 0.754877 -1.619008 0.043771 0.206048 -1.262063 -1.000000 
0.024276 -1.092162 0.167817 0.744943 -1.618623 0.052555 0.196299 -1.174948 -1.000000 
0.015528 -1.094590 0.173736 0.734659 -1.618168 0.061168 0.187251 -1.087015 -1.000000 
0.006764 -1.096474 0.179571 0.724035 -1.617644 0.069603 0.178902 -1.000660 -1.000000 
-0.002014 -1.097820 0.185319 0.713080 -1.617055 0.077851 0.171231 -0.917659 -1.000000 
-0.010800 -1.098631 0.190979 0.701803 -1.616399 0.085905 0.164207 -0.839218 -1.000000 
-0.019591 -1.098913 0.196547 0.690214 -1.615681 0.093757 0.157790 -0.766067 -1.000000 
-0.028381 -1.098670 0.202022 0.678321 -1.614900 0.101400 0.151935 -0.698552 -1.000000 
-0.037168 -1.097906 0.207400 0.666134 -1.614059 0.108827 0.146598 -0.636738 -1.000000 
-0.045947 -1.096627 0.212679 0.653660 -1.613159 0.116029 0.141732 -0.580489 -1.000000 
-0.054713 -1.094838 0.217858 0.640910 -1.612203 0.123000 0.137296 -0.529538 -1.000000 
-0.063463 -1.092542 0.222933 0.627891 -1.611192 0.129731 0.133247 -0.483537 -1.000000 
-0.072192 -1.089747 0.227903 0.614613 -1.610128 0.136215 0.129547 -0.442101 -1.000000 
-0.080897 -1.086456 0.232766 0.601084 -1.609013 0.142445 0.126162 -0.404832 -1.000000 
-0.089574 -1.082675 0.237520 0.587313 -1.607849 0.148413 0.123060 -0.371336 -1.000000 
-0.098219 -1.078410 0.242162 0.573310 -1.606639 0.154112 0.120212 -0.341239 -1.000000 
-0.106827 -1.073666 0.246692 0.559082 -1.605384 0.159536 0.117592 -0.314191 -1.000000 
-0.115396 -1.068450 0.251107 0.544640 -1.604087 0.164677 0.115177 -0.289870 -1.000000 
-0.123921 -1.062766 0.255406 0.529992 -1.602750 0.169530 0.112947 -0.267984 -1.000000 
-0.132399 -1.056622 0.259587 0.515146 -1.601376 0.174088 0.110884 -0.248268 -1.000000 
-0.140826 -1.050024 0.263648 0.500112 -1.599966 0.178346 0.108970 -0.230488 -1.000000 
-0.149198 -1.042978 0.267588 0.484898 -1.598523 0.182298 0.107191 -0.214432 -1.000000 
-0.157512 -1.035491 0.271406 0.469514 -1.597050 0.185941 0.105535 -0.199912 -1.000000 
-0.165765 -1.027570 0.275100 0.453968 -1.595549 0.189268 0.103989 -0.186764 -1.000000 
-0.173952 -1.019221 0.278669 0.438268 -1.594022 0.192277 0.102543 -0.174839 -1.000000 
-0.182071 -1.010451 0.282112 0.422425 -1.592473 0.194964 0.101189 -0.164008 -1.000000 
-0.190119 -1.001269 0.285427 0.406445 -1.590904 0.197326 0.099917 -0.154155 -1.000000 
-0.198091 -0.991680 0.288614 0.390338 -1.589317 0.199360 0.098720 -0.145179 -1.000000 
-0.205984 -0.981693 0.291672 0.374113 -1.587715 0.201064 0.097592 -0.136989 -1.000000 
-0.213797 -0.971315 0.294600 0.357777 -1.586101 0.202437 0.096526 -0.129506 -1.000000 
-0.221524 -0.960553 0.297396 0.341338 -1.584477 0.203478 0.095518 -0.122659 -1.000000 
-0.229165 -0.949415 0.300061 0.324806 -1.582846 0.204186 0.094562 -0.116385 -1.000000 
-0.236714 -0.937908 0.302593 0.308188 -1.581211 0.204560 0.093654 -0.110629 -1.000000 
-0.244170 -0.926041 0.304992 0.291492 -1.579574 0.204602 0.092791 -0.105341 -1.000000 
-0.251530 -0.913820 0.307257 0.274726 -1.577938 0.204313 0.091968 -0.100478 -1.000000 
-0.258790 -0.901254 0.309387 0.257898 -1.576306 0.203693 0.091182 -0.096000 -1.000000 
-0.265949 -0.888350 0.311383 0.241014 -1.574680 0.202745 0.090431 -0.091872 -1.000000 
-0.273003 -0.875116 0.313243 0.224083 -1.573063 0.201471 0.089711 -0.088063 -1.000000 
-0.279950 -0.861560 0.314968 0.207113 -1.571457 0.199874 0.089021 -0.084545 -1.000000 
-0.286787 -0.847689 0.316557 0.190109 -1.569866 0.197957 0.088358 -0.081292 -1.000000 
-0.293512 -0.833510 0.318010 0.173079 -1.568291 0.195724 0.087720 -0.078284 -1.000000 
-0.300123 -0.819033 0.319326 0.156030 -1.566735 0.193180 0.087105 -0.075499 -1.000000 
-0.306616 -0.804263 0.320506 0.138968 -1.565201 0.190330 0.086511 -0.072919 -1.000000 
-0.312990 -0.789209 0.321550 0.121901 -1.563690 0.187177 0.085938 -0.070528 -1.000000 
-0.319242 -0.773878 0.322457 0.104834 -1.562206 0.183729 0.085382 -0.068312 -1.000000 
-0.325371 -0.758277 0.323227 0.087774 -1.560751 0.179991 0.084844 -0.066257 -1.000000 
-0.331374 -0.742414 0.323861 0.070727 -1.559327 0.175969 0.084322 -0.064351 -1.000000 
-0.337249 -0.726295 0.324359 0.053699 -1.557937 0.171672 0.083814 -0.062583 -1.000000 
-0.342994 -0.709928 0.324720 0.036695 -1.556581 0.167104 0.083320 -0.060945 -1.000000 
-0.348607 -0.693320 0.324946 0.019722 -1.555264 0.162276 0.082839 -0.059426 -1.000000 
-0.354087 -0.676478 0.325036 0.002785 -1.553986 0.157194 0.082369 -0.058019 -1.000000 
-0.359430 -0.659408 0.324991 -0.014111 -1.552749 0.151866 0.081910 -0.056716 -1.000000 
-0.364637 -0.642118 0.324810 -0.030961 -1.551556 0.146303 0.081461 -0.055512 -1.000000 
-0.369704 -0.624614 0.324495 -0.047759 -1.550409 0.140512 0.081022 -0.054400 -1.000000 
-0.374630 -0.606902 0.324046 -0.064500 -1.549309 0.134502 0.080591 -0.053374 -1.000000 
-0.379414 -0.588988 0.323464 -0.081180 -1.548257 0.128285 0.080167 -0.052431 -1.000000 
-0.384053 -0.570880 0.322748 -0.097794 -1.547257 0.121869 0.079752 -0.051565 -1.000000 
-0.388547 -0.552584 0.321899 -0.114336 -1.546308 0.115264 0.079342 -0.050773 -1.000000 
-0.392894 -0.534105 0.320918 -0.130803 -1.545413 0.108482 0.078939 -0.050051 -1.000000 
-0.397092 -0.515449 0.319806 -0.147190 -1.544573 0.101532 0.078541 -0.049396 -1.000000 
-0.401141 -0.496623 0.318564 -0.163493 -1.543789 0.094426 0.078148 -0.048804 -1.000000 
-0.405038 -0.477632 0.317191 -0.179707 -1.543062 0.087175 0.077760 -0.048275 -1.000000 
-0.408783 -0.458483 0.315689 -0.195829 -1.542394 0.079790 0.077376 -0.047804 -1.000000 
-0.412373 -0.439180 0.314058 -0.211853 -1.541786 0.072283 0.076995 -0.047390 -1.000000 
-0.415809 -0.419729 0.312299 -0.227777 -1.541238 0.064664 0.076618 -0.047031 -1.000000 
-0.419089 -0.400137 0.310414 -0.243596 -1.540752 0.056947 0.076243 -0.046727 -1.000000 
-0.422211 -0.380407 0.308402 -0.259306 -1.540327 0.049142 0.075870 -0.046474 -1.000000 
-0.425175 -0.360547 0.306265 -0.274903 -1.539966 0.041262 0.075499 -0.046274 -1.000000 
-0.427979 -0.340561 0.304004 -0.290383 -1.539667 0.033319 0.075129 -0.046123 -1.000000 
-0.430623 -0.320455 0.301619 -0.305744 -1.539433 0.025324 0.074761 -0.046023 -1.000000 
-0.433106 -0.300233 0.299112 -0.320980 -1.539262 0.017291 0.074393 -0.045972 -1.000000 
-0.435427 -0.279901 0.296484 -0.336088 -1.539156 0.009231 0.074025 -0.045970 -1.000000 
-0.437584 -0.259465 0.293735 -0.351064 -1.539115 0.001157 0.073657 -0.046016 -1.000000 
-0.439578 -0.238930 0.290867 -0.365905 -1.539138 -0.006919 0.073289 -0.046112 -1.000000 
-0.441407 -0.218300 0.287881 -0.380607 -1.539225 -0.014984 0.072919 -0.046257 -1.000000 
-0.443071 -0.197581 0.284778 -0.395166 -1.539377 -0.023027 0.072548 -0.046452 -1.000000 
-0.444568 -0.176779 0.281559 -0.409578 -1.539594 -0.031036 0.072176 -0.046697 -1.000000 
-0.445899 -0.155898 0.278225 -0.423839 -1.539874 -0.038997 0.071801 -0.046993 -1.000000 
-0.447062 -0.134944 0.274778 -0.437947 -1.540217 -0.046899 0.071424 -0.047341 -1.000000 
-0.448058 -0.113922 0.271218 -0.451896 -1.540624 -0.054730 0.071044 -0.047742 -1.000000 
-0.448885 -0.092838 0.267548 -0.465683 -1.541093 -0.062478 0.070660 -0.048198 -1.000000 
-0.449543 -0.071697 0.263768 -0.479305 -1.541623 -0.070131 0.070272 -0.048710 -1.000000 
-0.450032 -0.050504 0.259879 -0.492756 -1.542215 -0.077678 0.069880 -0.049281 -1.000000 
-0.450351 -0.029265 0.255884 -0.506034 -1.542866 -0.085107 0.069484 -0.049912 -1.000000 
-0.450500 -0.007987 0.251783 -0.519134 -1.543576 -0.092406 0.069082 -0.050606 -1.000000 
-0.450479 0.013327 0.247579 -0.532053 -1.544344 -0.099565 0.068674 -0.051365 -1.000000 
-0.450287 0.034669 0.243271 -0.544786 -1.545169 -0.106573 0.068259 -0.052192 -1.000000 
-0.449924 0.056034 0.238862 -0.557328 -1.546049 -0.113418 0.067838 -0.053091 -1.000000 
-0.449390 0.077416 0.234354 -0.569676 -1.546983 -0.120090 0.067410 -0.054065 -1.000000 
-0.448685 0.098808 0.229748 -0.581826 -1.547970 -0.126580 0.066973 -0.055118 -1.000000 
-0.447809 0.120204 0.225046 -0.593773 -1.549008 -0.132876 0.066528 -0.056255 -1.000000 
-0.446762 0.141599 0.220248 -0.605513 -1.550095 -0.138970 0.066073 -0.057480 -1.000000 
-0.445544 0.162985 0.215358 -0.617042 -1.551231 -0.144851 0.065608 -0.058799 -1.000000 
-0.444154 0.184355 0.210376 -0.628354 -1.552412 -0.150511 0.065132 -0.060217 -1.000000 
-0.442594 0.205704 0.205305 -0.639446 -1.553638 -0.155941 0.064644 -0.061741 -1.000000 
-0.440863 0.227023 0.200146 -0.650313 -1.554907 -0.161132 0.064144 -0.063378 -1.000000 
-0.438962 0.248307 0.194901 -0.660950 -1.556216 -0.166076 0.063630 -0.065135 -1.000000 
-0.436890 0.269547 0.189571 -0.671353 -1.557563 -0.170766 0.063101 -0.067021 -1.000000 
-0.434649 0.290736 0.184160 -0.681517 -1.558947 -0.175194 0.062557 -0.069045 -1.000000 
-0.432239 0.311868 0.178668 -0.691437 -1.560365 -0.179352 0.061996 -0.071217 -1.000000 
-0.429659 0.332933 0.173097 -0.701109 -1.561816 -0.183235 0.061417 -0.073549 -1.000000 
-0.426912 0.353924 0.167450 -0.710528 -1.563296 -0.186836 0.060819 -0.076052 -1.000000 
-0.423997 0.374834 0.161729 -0.719689 -1.564805 -0.190150 0.060200 -0.078740 -1.000000 
-0.420915 0.395654 0.155936 -0.728588 -1.566338 -0.193170 0.059558 -0.081628 -1.000000 
-0.417667 0.416375 0.150073 -0.737219 -1.567895 -0.195893 0.058893 -0.084732 -1.000000 
-0.414253 0.436991 0.144141 -0.745578 -1.569472 -0.198313 0.058202 -0.088070 -1.000000 
-0.410675 0.457491 0.138144 -0.753660 -1.571067 -0.200427 0.057483 -0.091662 -1.000000 
-0.406934 0.477867 0.132084 -0.761461 -1.572678 -0.202231 0.056735 -0.095530 -1.000000 
-0.403030 0.498111 0.125962 -0.768976 -1.574302 -0.203723 0.055954 -0.099698 -1.000000 
-0.398964 0.518213 0.119781 -0.776199 -1.575936 -0.204899 0.055139 -0.104192 -1.000000 
-0.394739 0.538164 0.113543 -0.783127 -1.577579 -0.205758 0.054286 -0.109043 -1.000000 
-0.390354 0.557956 0.107252 -0.789756 -1.579228 -0.206298 0.053393 -0.114282 -1.000000 
-0.385812 0.577579 0.100908 -0.796080 -1.580879 -0.206519 0.052456 -0.119947 -1.000000 
-0.381113 0.597024 0.094515 -0.802094 -1.582531 -0.206419 0.051473 -0.126076 -1.000000 
-0.376260 0.616281 0.088075 -0.807796 -1.584181 -0.205999 0.050438 -0.132715 -1.000000 
-0.371253 0.635341 0.081591 -0.813181 -1.585826 -0.205260 0.049348 -0.139913 -1.000000 
-0.366095 0.654194 0.075065 -0.818244 -1.587464 -0.204202 0.048198 -0.147724 -1.000000 
-0.360787 0.672831 0.068500 -0.822981 -1.589093 -0.202828 0.046982 -0.156209 -1.000000 
-0.355330 0.691242 0.061898 -0.827390 -1.590709 -0.201140 0.045696 -0.165435 -1.000000 
-0.349727 0.709418 0.055263 -0.831465 -1.592310 -0.199139 0.044333 -0.175476 -1.000000 
-0.343980 0.727349 0.048596 -0.835204 -1.593894 -0.196831 0.042886 -0.186415 -1.000000 
-0.338091 0.745025 0.041900 -0.838603 -1.595458 -0.194218 0.041348 -0.198341 -1.000000 
-0.332061 0.762437 0.035179 -0.841659 -1.597001 -0.191305 0.039710 -0.211355 -1.000000 
-0.325892 0.779575 0.028435 -0.844369 -1.598519 -0.188097 0.037963 -0.225568 -1.000000 
-0.319588 0.796430 0.021670 -0.846730 -1.600010 -0.184599 0.036097 -0.241100 -1.000000 
-0.313150 0.812993 0.014888 -0.848739 -1.601471 -0.180818 0.034102 -0.258082 -1.000000 
-0.306581 0.829254 0.008091 -0.850395 -1.602902 -0.176760 0.031964 -0.276657 -1.000000 
-0.299883 0.845204 0.001283 -0.851695 -1.604299 -0.172432 0.029670 -0.296981 -1.000000 
-0.293059 0.860833 -0.005535 -0.852636 -1.605660 -0.167842 0.027207 -0.319218 -1.000000 
-0.286110 0.876134 -0.012359 -0.853219 -1.606984 -0.162997 0.024557 -0.343542 -1.000000 
-0.279041 0.891097 -0.019185 -0.853440 -1.608267 -0.157908 0.021704 -0.370135 -1.000000 
-0.271854 0.905714 -0.026013 -0.853299 -1.609509 -0.152582 0.018629 -0.399181 -1.000000 
-0.264551 0.919977 -0.032837 -0.852796 -1.610708 -0.147029 0.015310 -0.430865 -1.000000 
-0.257135 0.933877 -0.039656 -0.851929 -1.611861 -0.141260 0.011727 -0.465361 -1.000000 
-0.249610 0.947406 -0.046467 -0.850699 -1.612968 -0.135285 0.007857 -0.502825 -1.000000 
-0.241978 0.960558 -0.053267 -0.849105 -1.614025 -0.129115 0.003674 -0.543383 -1.000000 
-0.234235 0.976939 -0.060049 -0.845714 -1.614982 -0.097187 0.001479 0.586014 1.000000 
-0.226371 0.988809 -0.066798 -0.841350 -1.615733 -0.090656 0.006333 0.627976 1.000000 
-0.218415 1.000277 -0.073510 -0.836621 -1.616432 -0.083953 0.011532 0.672065 1.000000 
-0.210368 1.011336 -0.080183 -0.831525 -1.617076 -0.077085 0.017091 0.717977 1.000000 
-0.202234 1.021978 -0.086814 -0.826063 -1.617665 -0.070061 0.023023 0.765272 1.000000 
-0.194017 1.032194 -0.093399 -0.820234 -1.618197 -0.062887 0.029338 0.813359 1.000000 
-0.185720 1.041975 -0.099936 -0.814040 -1.618671 -0.055573 0.036037 0.861487 1.000000 
-0.177347 1.051314 -0.106423 -0.807480 -1.619086 -0.048127 0.043119 0.908741 1.000000 
-0.168901 1.060202 -0.112855 -0.800555 -1.619440 -0.040557 0.050572 0.954052 1.000000 
-0.160385 1.068632 -0.119231 -0.793267 -1.619734 -0.032874 0.058376 0.996235 1.000000 
-0.151804 1.076595 -0.125546 -0.785615 -1.619966 -0.025086 0.066500 1.034031 1.000000 
-0.143161 1.084083 -0.131799 -0.777603 -1.620135 -0.017204 0.074905 1.066177 1.000000 
-0.134460 1.091088 -0.137987 -0.769231 -1.620241 -0.009239 0.083541 1.091493 1.000000 
-0.125705 1.097602 -0.144106 -0.760501 -1.620283 -0.001204 0.092348 1.108967 1.000000 
-0.116899 1.103618 -0.150154 -0.751417 -1.620260 0.006889 0.101261 1.117847 1.000000 
-0.108048 1.109129 -0.156128 -0.741981 -1.620173 0.015027 0.110209 1.117710 1.000000 
-0.099155 1.114127 -0.162025 -0.732197 -1.620020 0.023195 0.119120 1.108501 1.000000 
-0.090223 1.118607 -0.167842 -0.722067 -1.619801 0.031378 0.127922 1.090549 1.000000 
-0.081258 1.122561 -0.173577 -0.711597 -1.619518 0.039560 0.136548 1.064530 1.000000 
-0.072264 1.125985 -0.179227 -0.700792 -1.619169 0.047726 0.144936 1.031412 1.000000 
-0.063244 1.128873 -0.184789 -0.689656 -1.618754 0.055859 0.153034 0.992371 1.000000 
-0.054203 1.131220 -0.190260 -0.678195 -1.618275 0.063941 0.160801 0.948696 1.000000 
-0.045146 1.133024 -0.195639 -0.666416 -1.617731 0.071956 0.168205 0.901697 1.000000 
-0.036076 1.134280 -0.200922 -0.654324 -1.617124 0.079887 0.175223 0.852633 1.000000 
-0.026999 1.134987 -0.206107 -0.641926 -1.616453 0.087715 0.181844 0.802644 1.000000 
-0.017918 1.135141 -0.211192 -0.629230 -1.615721 0.095425 0.188065 0.752721 1.000000 
-0.008838 1.134744 -0.216174 -0.616244 -1.614927 0.103000 0.193890 0.703678 1.000000 
0.000236 1.133793 -0.221051 -0.602975 -1.614073 0.110422 0.199328 0.656157 1.000000 
0.009301 1.132289 -0.225821 -0.589430 -1.613161 0.117677 0.204394 0.610632 1.000000 
0.018351 1.130232 -0.230482 -0.575620 -1.612191 0.124747 0.209105 0.567433 1.000000 
0.027383 1.127625 -0.235030 -0.561552 -1.611165 0.131618 0.213480 0.526761 1.000000 
0.036392 1.124470 -0.239466 -0.547236 -1.610085 0.138276 0.217540 0.488716 1.000000 
0.045373 1.120768 -0.243786 -0.532680 -1.608953 0.144705 0.221306 0.453316 1.000000 
0.054323 1.116523 -0.247988 -0.517894 -1.607771 0.150893 0.224800 0.420517 1.000000 
0.063236 1.111739 -0.252071 -0.502887 -1.606540 0.156826 0.228041 0.390232 1.000000 
0.072109 1.106420 -0.256034 -0.487669 -1.605262 0.162492 0.231050 0.362344 1.000000 
0.080938 1.100571 -0.259873 -0.472249 -1.603941 0.167878 0.233845 0.336715 1.000000 
0.089717 1.094196 -0.263589 -0.456638 -1.602577 0.172975 0.236443 0.313199 1.000000 
0.098443 1.087302 -0.267179 -0.440846 -1.601174 0.177771 0.238861 0.291644 1.000000 
0.107112 1.079895 -0.270642 -0.424881 -1.599734 0.182256 0.241114 0.271902 1.000000 
0.115720 1.071981 -0.273977 -0.408755 -1.598259 0.186421 0.243216 0.253827 1.000000 
0.124263 1.063566 -0.277182 -0.392478 -1.596752 0.190259 0.245179 0.237280 1.000000 
0.132736 1.054659 -0.280256 -0.376058 -1.595215 0.193760 0.247016 0.222130 1.000000 
0.141136 1.045266 -0.283198 -0.359507 -1.593652 0.196919 0.248737 0.208256 1.000000 
0.149459 1.035395 -0.286008 -0.342834 -1.592066 0.199729 0.250351 0.195545 1.000000 
0.157701 1.025054 -0.288683 -0.326049 -1.590458 0.202185 0.251868 0.183893 1.000000 
0.165859 1.014252 -0.291224 -0.309162 -1.588832 0.204281 0.253296 0.173205 1.000000 
0.173928 1.002996 -0.293630 -0.292182 -1.587190 0.206014 0.254642 0.163393 1.000000 
0.181905 0.991296 -0.295899 -0.275119 -1.585536 0.207380 0.255913 0.154381 1.000000 
0.189787 0.979161 -0.298032 -0.257984 -1.583873 0.208377 0.257114 0.146095 1.000000 
0.197571 0.966598 -0.300027 -0.240784 -1.582203 0.209003 0.258252 0.138470 1.000000 
0.205252 0.953618 -0.301884 -0.223529 -1.580530 0.209257 0.259331 0.131449 1.000000 
0.212828 0.940229 -0.303603 -0.206229 -1.578856 0.209138 0.260357 0.124977 1.000000 
0.220295 0.926442 -0.305183 -0.188892 -1.577185 0.208647 0.261332 0.119007 1.000000 
0.227650 0.912264 -0.306625 -0.171526 -1.575519 0.207785 0.262262 0.113496 1.000000 
0.234890 0.897706 -0.307928 -0.154142 -1.573861 0.206553 0.263149 0.108404 1.000000 
0.242012 0.882776 -0.309091 -0.136746 -1.572215 0.204954 0.263997 0.103696 1.000000 
0.249013 0.867485 -0.310116 -0.119347 -1.570583 0.202991 0.264809 0.099339 1.000000 
0.255891 0.851841 -0.311001 -0.101954 -1.568968 0.200668 0.265588 0.095305 1.000000 
0.262642 0.835854 -0.311747 -0.084573 -1.567373 0.197988 0.266335 0.091568 1.000000 
0.269264 0.819533 -0.312354 -0.067213 -1.565801 0.194958 0.267054 0.088103 1.000000 
0.275753 0.802888 -0.312823 -0.049881 -1.564255 0.191583 0.267745 0.084890 1.000000 
0.282109 0.785927 -0.313152 -0.032584 -1.562737 0.187869 0.268412 0.081909 1.000000 
0.288327 0.768659 -0.313344 -0.015329 -1.561250 0.183822 0.269056 0.079143 1.000000 
0.294407 0.751094 -0.313398 0.001877 -1.559796 0.179451 0.269679 0.076575 1.000000 
0.300344 0.733240 -0.313314 0.019027 -1.558379 0.174764 0.270282 0.074191 1.000000 
0.306138 0.715107 -0.313094 0.036115 -1.557001 0.169768 0.270867 0.071978 1.000000 
0.311785 0.696701 -0.312736 0.053135 -1.555664 0.164474 0.271434 0.069924 1.000000 
0.317284 0.678033 -0.312244 0.070080 -1.554370 0.158890 0.271986 0.068018 1.000000 
0.322633 0.659111 -0.311615 0.086945 -1.553122 0.153027 0.272523 0.066251 1.000000 
0.327829 0.639942 -0.310853 0.103724 -1.551923 0.146895 0.273046 0.064613 1.000000 
0.332871 0.620535 -0.309956 0.120411 -1.550773 0.140506 0.273557 0.063096 1.000000 
0.337757 0.600897 -0.308926 0.137002 -1.549675 0.133870 0.274056 0.061693 1.000000 
0.342485 0.581037 -0.307764 0.153490 -1.548631 0.126999 0.274544 0.060398 1.000000 
0.347053 0.560962 -0.306471 0.169871 -1.547644 0.119907 0.275023 0.059204 1.000000 
0.351460 0.540679 -0.305047 0.186141 -1.546713 0.112604 0.275492 0.058107 1.000000 
0.355704 0.520196 -0.303493 0.202293 -1.545843 0.105105 0.275953 0.057100 1.000000 
0.359783 0.499520 -0.301810 0.218323 -1.545032 0.097422 0.276406 0.056179 1.000000 
0.363695 0.478659 -0.300000 0.234227 -1.544284 0.089569 0.276852 0.055341 1.000000 
0.367441 0.457619 -0.298063 0.250001 -1.543600 0.081560 0.277291 0.054582 1.000000 
0.371017 0.436406 -0.296000 0.265639 -1.542980 0.073409 0.277725 0.053899 1.000000 
0.374423 0.415029 -0.293813 0.281138 -1.542425 0.065130 0.278154 0.053288 1.000000 
0.377657 0.393493 -0.291503 0.296493 -1.541938 0.056737 0.278578 0.052748 1.000000 
0.380718 0.371804 -0.289070 0.311701 -1.541518 0.048246 0.278998 0.052277 1.000000 
0.383605 0.349971 -0.286516 0.326756 -1.541166 0.039670 0.279415 0.051871 1.000000 
0.386317 0.327998 -0.283842 0.341656 -1.540883 0.031026 0.279828 0.051531 1.000000 
0.388853 0.305892 -0.281050 0.356395 -1.540670 0.022328 0.280239 0.051254 1.000000 
0.391211 0.283660 -0.278140 0.370970 -1.540526 0.013591 0.280648 0.051040 1.000000 
0.393391 0.261308 -0.275115 0.385377 -1.540452 0.004831 0.281056 0.050887 1.000000 
0.395392 0.238841 -0.271975 0.399612 -1.540449 -0.003937 0.281463 0.050796 1.000000 
0.397212 0.216267 -0.268721 0.413671 -1.540515 -0.012698 0.281869 0.050765 1.000000 
0.398852 0.193591 -0.265356 0.427549 -1.540652 -0.021436 0.282275 0.050796 1.000000 
0.400310 0.170820 -0.261881 0.441243 -1.540858 -0.030136 0.282682 0.050888 1.000000 
0.401585 0.147960 -0.258297 0.454749 -1.541134 -0.038784 0.283090 0.051043 1.000000 
0.402677 0.125017 -0.254606 0.468062 -1.541479 -0.047363 0.283499 0.051259 1.000000 
0.403585 0.101998 -0.250808 0.481179 -1.541892 -0.055858 0.283910 0.051540 1.000000 
0.404309 0.078909 -0.246907 0.494094 -1.542372 -0.064255 0.284324 0.051886 1.000000 
0.404847 0.055757 -0.242903 0.506805 -1.542919 -0.072538 0.284740 0.052299 1.000000 
0.405201 0.032548 -0.238799 0.519305 -1.543532 -0.080694 0.285161 0.052780 1.000000 
0.405368 0.009289 -0.234595 0.531592 -1.544210 -0.088707 0.285585 0.053333 1.000000 
0.405349 -0.014013 -0.230294 0.543661 -1.544951 -0.096563 0.286014 0.053959 1.000000 
0.405144 -0.037350 -0.225897 0.555506 -1.545755 -0.104248 0.286449 0.054662 1.000000 
0.404751 -0.060717 -0.221407 0.567124 -1.546619 -0.111748 0.286889 0.055446 1.000000 
0.404172 -0.084105 -0.216824 0.578509 -1.547542 -0.119049 0.287336 0.056314 1.000000 
0.403406 -0.107507 -0.212151 0.589657 -1.548523 -0.126140 0.287790 0.057270 1.000000 
0.402452 -0.130915 -0.207390 0.600563 -1.549560 -0.133005 0.288252 0.058319 1.000000 
0.401311 -0.154322 -0.202543 0.611222 -1.550650 -0.139633 0.288724 0.059468 1.000000 
0.399983 -0.177718 -0.197611 0.621629 -1.551793 -0.146012 0.289204 0.060720 1.000000 
0.398468 -0.201097 -0.192597 0.631778 -1.552986 -0.152129 0.289695 0.062085 1.000000 
0.396765 -0.224449 -0.187503 0.641666 -1.554227 -0.157973 0.290198 0.063568 1.000000 
0.394877 -0.247765 -0.182331 0.651285 -1.555513 -0.163534 0.290713 0.065179 1.000000 
0.392801 -0.271037 -0.177084 0.660632 -1.556842 -0.168800 0.291241 0.066926 1.000000 
0.390540 -0.294255 -0.171762 0.669700 -1.558213 -0.173761 0.291784 0.068819 1.000000 
0.388093 -0.317410 -0.166369 0.678484 -1.559622 -0.178408 0.292343 0.070870 1.000000 
0.385462 -0.340491 -0.160907 0.686979 -1.561066 -0.182731 0.292918 0.073091 1.000000 
0.382646 -0.363490 -0.155378 0.695179 -1.562544 -0.186722 0.293513 0.075497 1.000000 
0.379646 -0.386396 -0.149785 0.703079 -1.564053 -0.190373 0.294127 0.078103 1.000000 
0.376464 -0.409197 -0.144130 0.710673 -1.565589 -0.193676 0.294763 0.080925 1.000000 
0.373099 -0.431885 -0.138415 0.717954 -1.567151 -0.196625 0.295422 0.083984 1.000000 
0.369554 -0.454446 -0.132643 0.724919 -1.568735 -0.199212 0.296107 0.087301 1.000000 
0.365828 -0.476871 -0.126817 0.731560 -1.570337 -0.201432 0.296820 0.090899 1.000000 
0.361924 -0.499148 -0.120939 0.737873 -1.571956 -0.203280 0.297562 0.094806 1.000000 
0.357843 -0.521265 -0.115012 0.743852 -1.573589 -0.204751 0.298338 0.099052 1.000000 
0.353585 -0.543209 -0.109039 0.749491 -1.575231 -0.205842 0.299148 0.103669 1.000000 
0.349152 -0.564970 -0.103021 0.754784 -1.576881 -0.206548 0.299997 0.108695 1.000000 
0.344546 -0.586535 -0.096963 0.759727 -1.578535 -0.206868 0.300889 0.114174 1.000000 
0.339768 -0.607890 -0.090866 0.764314 -1.580190 -0.206800 0.301826 0.120151 1.000000 
0.334820 -0.629024 -0.084735 0.768540 -1.581843 -0.206342 0.302812 0.126681 1.000000 
0.329704 -0.649924 -0.078571 0.772398 -1.583491 -0.205493 0.303854 0.133824 1.000000 
0.324422 -0.670575 -0.072377 0.775885 -1.585130 -0.204254 0.304955 0.141647 1.000000 
0.318975 -0.690967 -0.066158 0.778996 -1.586758 -0.202625 0.306122 0.150226 1.000000 
0.313367 -0.711084 -0.059915 0.781725 -1.588371 -0.200608 0.307361 0.159648 1.000000 
0.307599 -0.730913 -0.053651 0.784068 -1.589966 -0.198205 0.308679 0.170010 1.000000 
0.301673 -0.750442 -0.047370 0.786020 -1.591541 -0.195419 0.310084 0.181421 1.000000 
0.295593 -0.769655 -0.041076 0.787577 -1.593092 -0.192252 0.311585 0.194005 1.000000 
0.289360 -0.788541 -0.034770 0.788734 -1.594616 -0.188709 0.313192 0.207901 1.000000 
0.282977 -0.807085 -0.028457 0.789489 -1.596110 -0.184794 0.314915 0.223265 1.000000 
0.276447 -0.825273 -0.022140 0.789836 -1.597572 -0.180513 0.316768 0.240275 1.000000 
0.269773 -0.843091 -0.015821 0.789773 -1.598998 -0.175872 0.318765 0.259125 1.000000 
0.262959 -0.860526 -0.009504 0.789296 -1.600385 -0.170877 0.320920 0.280035 1.000000 
0.256006 -0.877565 -0.003193 0.788401 -1.601731 -0.165534 0.323251 0.303247 1.000000 
0.248919 -0.894193 0.003109 0.787087 -1.603032 -0.159851 0.325779 0.329027 1.000000 
0.241700 -0.910397 0.009399 0.785349 -1.604287 -0.153836 0.328524 0.357663 1.000000 
0.234354 -0.926163 0.015673 0.783186 -1.605493 -0.147498 0.331510 0.389462 1.000000 
0.226883 -0.941478 0.021929 0.780595 -1.606647 -0.140844 0.334764 0.424746 1.000000 
0.219291 -0.956329 0.028162 0.777575 -1.607746 -0.133883 0.338316 0.463842 1.000000 
0.211583 -0.970702 0.034369 0.774122 -1.608788 -0.126626 0.342197 0.507064 1.000000 
0.203761 -0.984583 0.040547 0.770236 -1.609771 -0.119080 0.346441 0.554695 1.000000 
0.195831 -0.997960 0.046692 0.765915 -1.610692 -0.111257 0.351084 0.606955 1.000000 
0.187795 -1.010819 0.052800 0.761157 -1.611550 -0.103165 0.356165 0.663957 1.000000 
0.179659 -1.023148 0.058869 0.755962 -1.612342 -0.094814 0.361720 0.725656 1.000000 
0.171426 -1.034933 0.064894 0.750327 -1.613067 -0.086214 0.367787 0.791782 1.000000 
0.163102 -1.046160 0.070873 0.744253 -1.613721 -0.077375 0.374399 0.861761 1.000000 
0.154689 -1.056817 0.076801 0.737739 -1.614304 -0.068308 0.381583 0.934641 1.000000 
0.146194 -1.066891 0.082676 0.730783 -1.614813 -0.059022 0.389357 1.009016 1.000000 
0.137621 -1.076367 0.088493 0.723386 -1.615248 -0.049530 0.397726 1.082981 1.000000 
0.128974 -1.085231 0.094249 0.715547 -1.615605 -0.039843 0.406677 1.154135 1.000000 
0.120259 -1.093471 0.099940 0.707266 -1.615885 -0.029973 0.416177 1.219655 1.000000 
0.111480 -1.101072 0.105564 0.698545 -1.616085 -0.019935 0.426169 1.276459 1.000000 
0.102643 -1.108019 0.111116 0.689384 -1.616203 -0.009745 0.436569 1.321471 1.000000 
0.093754 -1.114300 0.116593 0.679786 -1.616240 0.000578 0.447273 1.351945 1.000000 
0.084816 -1.119899 0.121991 0.669754 -1.616194 0.011014 0.458156 1.365819 1.000000 
0.075837 -1.124804 0.127308 0.659290 -1.616064 0.021540 0.469079 1.362008 1.000000 
0.066821 -1.129002 0.132539 0.648400 -1.615849 0.032129 0.479901 1.340587 1.000000 
0.057775 -1.132481 0.137681 0.637090 -1.615549 0.042755 0.490485 1.302787 1.000000 
0.048704 -1.135229 0.142731 0.625366 -1.615165 0.053386 0.500708 1.250825 1.000000 
0.039613 -1.137239 0.147686 0.613236 -1.614695 0.063992 0.510468 1.187606 1.000000 
0.030510 -1.138501 0.152542 0.600710 -1.614141 0.074541 0.519688 1.116356 1.000000 
0.021399 -1.139009 0.157296 0.587796 -1.613503 0.085000 0.528317 1.040274 1.000000 
0.012288 -1.138759 0.161945 0.574505 -1.612782 0.095336 0.536327 0.962265 1.000000 
0.003181 -1.137746 0.166487 0.560848 -1.611978 0.105517 0.543714 0.884762 1.000000 
-0.005914 -1.135970 0.170918 0.546838 -1.611094 0.115510 0.550490 0.809655 1.000000 
-0.014992 -1.133430 0.175236 0.532486 -1.610130 0.125285 0.556679 0.738291 1.000000 
-0.024047 -1.130128 0.179437 0.517806 -1.609090 0.134811 0.562315 0.671538 1.000000 
-0.033072 -1.126066 0.183520 0.502811 -1.607974 0.144058 0.567437 0.609864 1.000000 
-0.042062 -1.121249 0.187481 0.487515 -1.606786 0.153000 0.572087 0.553431 1.000000 
-0.051010 -1.115682 0.191319 0.471933 -1.605527 0.161608 0.576306 0.502175 1.000000 
-0.059911 -1.109372 0.195031 0.456078 -1.604201 0.169856 0.580135 0.455882 1.000000 
-0.068758 -1.102328 0.198616 0.439967 -1.602810 0.177722 0.583612 0.414243 1.000000 
-0.077546 -1.094557 0.202070 0.423614 -1.601359 0.185180 0.586774 0.376900 1.000000 
-0.086269 -1.086071 0.205393 0.407035 -1.599849 0.192211 0.589653 0.343474 1.000000 
-0.094922 -1.076880 0.208582 0.390245 -1.598284 0.198794 0.592279 0.313589 1.000000 
-0.103498 -1.066997 0.211636 0.373260 -1.596669 0.204910 0.594679 0.286881 1.000000 
-0.111992 -1.056433 0.214554 0.356095 -1.595007 0.210542 0.596877 0.263014 1.000000 
-0.120399 -1.045202 0.217333 0.338766 -1.593302 0.215675 0.598894 0.241674 1.000000 
-0.128713 -1.033319 0.219974 0.321288 -1.591558 0.220294 0.600750 0.222582 1.000000 
-0.136930 -1.020798 0.222474 0.303677 -1.589779 0.224387 0.602461 0.205482 1.000000 
-0.145044 -1.007654 0.224832 0.285948 -1.587969 0.227943 0.604042 0.190148 1.000000 
-0.153051 -0.993904 0.227048 0.268117 -1.586133 0.230954 0.605507 0.176381 1.000000 
-0.160945 -0.979562 0.229122 0.250197 -1.584275 0.233410 0.606868 0.164003 1.000000 
-0.168723 -0.964645 0.231051 0.232204 -1.582400 0.235306 0.608135 0.152856 1.000000 
-0.176378 -0.949170 0.232837 0.214152 -1.580512 0.236637 0.609317 0.142804 1.000000 
-0.183908 -0.933154 0.234478 0.196054 -1.578615 0.237401 0.610422 0.133725 1.000000 
-0.191307 -0.916613 0.235974 0.177925 -1.576715 0.237594 0.611458 0.125512 1.000000 
-0.198572 -0.899564 0.237324 0.159777 -1.574815 0.237219 0.612432 0.118071 1.000000 
-0.205699 -0.882024 0.238530 0.141624 -1.572921 0.236275 0.613349 0.111321 1.000000 
-0.212683 -0.864010 0.239590 0.123477 -1.571036 0.234765 0.614215 0.105189 1.000000 
-0.219522 -0.845539 0.240506 0.105350 -1.569166 0.232694 0.615034 0.099611 1.000000 
-0.226211 -0.826627 0.241276 0.087253 -1.567315 0.230068 0.615810 0.094530 1.000000 
-0.232747 -0.807290 0.241902 0.069197 -1.565486 0.226894 0.616548 0.089897 1.000000 
-0.239126 -0.787546 0.242383 0.051194 -1.563686 0.223179 0.617250 0.085667 1.000000 
-0.245346 -0.767409 0.242721 0.033253 -1.561917 0.218935 0.617919 0.081803 1.000000 
-0.251404 -0.746895 0.242916 0.015385 -1.560184 0.214170 0.618559 0.078270 1.000000 
-0.257296 -0.726019 0.242968 -0.002401 -1.558492 0.208899 0.619172 0.075037 1.000000 
-0.263019 -0.704797 0.242877 -0.020097 -1.556843 0.203133 0.619761 0.072077 1.000000 
-0.268572 -0.683243 0.242646 -0.037693 -1.555243 0.196888 0.620326 0.069366 1.000000 
-0.273950 -0.661370 0.242275 -0.055182 -1.553694 0.190178 0.620871 0.066883 1.000000 
-0.279153 -0.639193 0.241764 -0.072555 -1.552201 0.183022 0.621397 0.064609 1.000000 
-0.284177 -0.616724 0.241114 -0.089807 -1.550767 0.175435 0.621905 0.062527 1.000000 
-0.289020 -0.593977 0.240327 -0.106929 -1.549395 0.167436 0.622398 0.060622 1.000000 
-0.293680 -0.570964 0.239404 -0.123914 -1.548089 0.159046 0.622876 0.058880 1.000000 
-0.298154 -0.547697 0.238345 -0.140758 -1.546852 0.150283 0.623340 0.057289 1.000000 
-0.302442 -0.524187 0.237152 -0.157454 -1.545685 0.141169 0.623793 0.055840 1.000000 
-0.306541 -0.500445 0.235826 -0.173995 -1.544594 0.131726 0.624234 0.054521 1.000000 
-0.310449 -0.476482 0.234368 -0.190377 -1.543579 0.121976 0.624665 0.053326 1.000000 
-0.314164 -0.452308 0.232780 -0.206595 -1.542643 0.111942 0.625088 0.052246 1.000000 
-0.317685 -0.427933 0.231063 -0.222644 -1.541788 0.101648 0.625502 0.051275 1.000000 
-0.321010 -0.403367 0.229219 -0.238519 -1.541017 0.091117 0.625908 0.050407 1.000000 
-0.324138 -0.378618 0.227248 -0.254215 -1.540331 0.080376 0.626308 0.049636 1.000000 
-0.327068 -0.353696 0.225152 -0.269728 -1.539732 0.069447 0.626703 0.048960 1.000000 
-0.329797 -0.328608 0.222932 -0.285053 -1.539220 0.058358 0.627092 0.048372 1.000000 
-0.332325 -0.303364 0.220591 -0.300187 -1.538798 0.047134 0.627477 0.047871 1.000000 
-0.334651 -0.277971 0.218130 -0.315125 -1.538466 0.035801 0.627858 0.047454 1.000000 
-0.336772 -0.252438 0.215550 -0.329864 -1.538226 0.024385 0.628236 0.047118 1.000000 
-0.338689 -0.226771 0.212853 -0.344398 -1.538076 0.012913 0.628612 0.046862 1.000000 
-0.340400 -0.200979 0.210040 -0.358724 -1.538019 0.001412 0.628986 0.046685 1.000000 
-0.341904 -0.175068 0.207114 -0.372838 -1.538054 -0.010093 0.629359 0.046585 1.000000 
-0.343201 -0.149047 0.204075 -0.386735 -1.538181 -0.021573 0.629732 0.046562 1.000000 
-0.344289 -0.122923 0.200926 -0.400411 -1.538399 -0.033003 0.630105 0.046617 1.000000 
-0.345168 -0.096704 0.197669 -0.413862 -1.538708 -0.044355 0.630478 0.046751 1.000000 
-0.345836 -0.070397 0.194305 -0.427083 -1.539108 -0.055604 0.630853 0.046963 1.000000 
-0.346294 -0.044009 0.190836 -0.440069 -1.539598 -0.066722 0.631230 0.047256 1.000000 
-0.346540 -0.017549 0.187265 -0.452815 -1.540175 -0.077683 0.631609 0.047632 1.000000 
-0.346574 0.008974 0.183592 -0.465317 -1.540840 -0.088463 0.631992 0.048094 1.000000 
-0.346396 0.035554 0.179820 -0.477568 -1.541590 -0.099034 0.632379 0.048644 1.000000 
-0.346005 0.062180 0.175952 -0.489565 -1.542424 -0.109372 0.632771 0.049286 1.000000 
-0.345401 0.088845 0.171988 -0.501300 -1.543339 -0.119452 0.633168 0.050025 1.000000 
-0.344584 0.115538 0.167932 -0.512768 -1.544335 -0.129250 0.633571 0.050866 1.000000 
-0.343553 0.142250 0.163784 -0.523963 -1.545407 -0.138741 0.633982 0.051815 1.000000 
-0.342308 0.168971 0.159549 -0.534879 -1.546553 -0.147904 0.634401 0.052878 1.000000 
-0.340849 0.195689 0.155227 -0.545509 -1.547772 -0.156714 0.634828 0.054064 1.000000 
-0.339177 0.222395 0.150822 -0.555846 -1.549060 -0.165151 0.635266 0.055381 1.000000 
-0.337291 0.249075 0.146334 -0.565882 -1.550414 -0.173192 0.635715 0.056839 1.000000 
-0.335192 0.275718 0.141768 -0.575612 -1.551830 -0.180818 0.636176 0.058449 1.000000 
-0.332879 0.302312 0.137126 -0.585027 -1.553305 -0.188009 0.636650 0.060225 1.000000 
-0.330355 0.328842 0.132409 -0.594120 -1.554837 -0.194747 0.637140 0.062181 1.000000 
-0.327618 0.355294 0.127620 -0.602882 -1.556420 -0.201012 0.637646 0.064334 1.000000 
-0.324670 0.381655 0.122763 -0.611306 -1.558052 -0.206789 0.638170 0.066702 1.000000 
-0.321512 0.407908 0.117840 -0.619384 -1.559727 -0.212062 0.638714 0.069306 1.000000 
-0.318144 0.434038 0.112854 -0.627107 -1.561443 -0.216816 0.639279 0.072173 1.000000 
-0.314568 0.460028 0.107808 -0.634466 -1.563195 -0.221037 0.639869 0.075328 1.000000 
-0.310784 0.485862 0.102704 -0.641454 -1.564978 -0.224713 0.640485 0.078803 1.000000 
-0.306794 0.511520 0.097546 -0.648061 -1.566789 -0.227833 0.641131 0.082636 1.000000 
-0.302600 0.536987 0.092336 -0.654278 -1.568622 -0.230385 0.641809 0.086867 1.000000 
-0.298203 0.562241 0.087078 -0.660098 -1.570474 -0.232363 0.642522 0.091545 1.000000 
-0.293605 0.587264 0.081775 -0.665510 -1.572339 -0.233757 0.643275 0.096724 1.000000 
-0.288808 0.612035 0.076431 -0.670507 -1.574212 -0.234562 0.644071 0.102467 1.000000 
-0.283813 0.636535 0.071048 -0.675080 -1.576090 -0.234773 0.644916 0.108849 1.000000 
-0.278624 0.660741 0.065631 -0.679220 -1.577967 -0.234386 0.645815 0.115954 1.000000 
-0.273242 0.684633 0.060182 -0.682918 -1.579839 -0.233399 0.646773 0.123880 1.000000 
-0.267671 0.708188 0.054705 -0.686167 -1.581700 -0.231811 0.647799 0.132744 1.000000 
-0.261912 0.731384 0.049205 -0.688959 -1.583546 -0.229624 0.648900 0.142679 1.000000 
-0.255970 0.754198 0.043683 -0.691284 -1.585372 -0.226838 0.650085 0.153842 1.000000 
-0.249846 0.776608 0.038145 -0.693137 -1.587174 -0.223457 0.651365 0.166419 1.000000 
-0.243545 0.798590 0.032594 -0.694508 -1.588946 -0.219485 0.652752 0.180624 1.000000 
-0.237070 0.820120 0.027035 -0.695392 -1.590684 -0.214930 0.654260 0.196714 1.000000 
-0.230424 0.841175 0.021469 -0.695781 -1.592383 -0.209797 0.655906 0.214986 1.000000 
-0.223612 0.861732 0.015903 -0.695668 -1.594039 -0.204096 0.657707 0.235794 1.000000 
-0.216638 0.881766 0.010340 -0.695049 -1.595647 -0.197836 0.659686 0.259552 1.000000 
-0.209506 0.901253 0.004784 -0.693916 -1.597203 -0.191027 0.661869 0.286746 1.000000 
-0.202219 0.920170 -0.000761 -0.692264 -1.598702 -0.183681 0.664285 0.317947 1.000000 
-0.194784 0.938493 -0.006291 -0.690089 -1.600141 -0.175811 0.666968 0.353816 1.000000 
-0.187205 0.956198 -0.011801 -0.687384 -1.601514 -0.167430 0.669960 0.395115 1.000000 
-0.179487 0.973262 -0.017288 -0.684147 -1.602818 -0.158551 0.673307 0.442711 1.000000 
-0.171635 0.989661 -0.022746 -0.680372 -1.604049 -0.149187 0.677063 0.497570 1.000000 
-0.163654 1.005372 -0.028172 -0.676055 -1.605204 -0.139354 0.681290 0.560730 1.000000 
-0.155551 1.020371 -0.033561 -0.671193 -1.606278 -0.129064 0.686060 0.633260 1.000000 
-0.147330 1.034635 -0.038910 -0.665781 -1.607268 -0.118331 0.691450 0.716161 1.000000 
-0.138999 1.048139 -0.044212 -0.659816 -1.608170 -0.107167 0.697548 0.810219 1.000000 
-0.130562 1.060862 -0.049465 -0.653293 -1.608981 -0.095582 0.704444 0.915772 1.000000 
-0.122027 1.072777 -0.054664 -0.646208 -1.609698 -0.083588 0.712230 1.032375 1.000000 
-0.113400 1.083859 -0.059803 -0.638557 -1.610318 -0.071192 0.720988 1.158381 1.000000 
-0.104688 1.094083 -0.064879 -0.630335 -1.610836 -0.058404 0.730780 1.290458 1.000000 
-0.095897 1.103419 -0.069887 -0.621537 -1.611251 -0.045231 0.741637 1.423179 1.000000 
-0.087035 1.111840 -0.074822 -0.612158 -1.611559 -0.031685 0.753533 1.548870 1.000000 
-0.078110 1.119313 -0.079680 -0.602194 -1.611757 -0.017778 0.766375 1.657982 1.000000 
-0.069129 1.125806 -0.084456 -0.591643 -1.611842 -0.003534 0.779989 1.740203 1.000000 
-0.060100 1.131283 -0.089145 -0.580505 -1.611813 0.011018 0.794121 1.786274 1.000000 
-0.051031 1.135711 -0.093742 -0.568781 -1.611665 0.025835 0.808456 1.790102 1.000000 
-0.041931 1.139056 -0.098244 -0.556479 -1.611399 0.040862 0.822646 1.750417 1.000000 
-0.032809 1.141287 -0.102644 -0.543608 -1.611011 0.056032 0.836357 1.671231 1.000000 
-0.023674 1.142376 -0.106940 -0.530180 -1.610502 0.071272 0.849303 1.560862 1.000000 
-0.014534 1.142302 -0.111126 -0.516214 -1.609871 0.086501 0.861276 1.429940 1.000000 
-0.005400 1.141046 -0.115198 -0.501726 -1.609118 0.101636 0.872156 1.289201 1.000000 
0.003719 1.138598 -0.119152 -0.486740 -1.608245 0.116595 0.881902 1.147813 1.000000 
0.012814 1.134952 -0.122984 -0.471276 -1.607254 0.131298 0.890537 1.012539 1.000000 
0.021875 1.130108 -0.126691 -0.455360 -1.606145 0.145667 0.898130 0.887654 1.000000 
0.030893 1.124071 -0.130269 -0.439015 -1.604924 0.159629 0.904773 0.775317 1.000000 
0.039857 1.116848 -0.133714 -0.422269 -1.603593 0.173114 0.910570 0.676134 1.000000 
0.048759 1.108455 -0.137024 -0.405149 -1.602156 0.186055 0.915626 0.589700 1.000000 
0.057589 1.098908 -0.140196 -0.387682 -1.600617 0.198390 0.920037 0.515029 1.000000 
0.066339 1.088228 -0.143226 -0.369898 -1.598983 0.210062 0.923894 0.450874 1.000000 
0.074998 1.076440 -0.146113 -0.351824 -1.597258 0.221016 0.927275 0.395918 1.000000 
0.083559 1.063569 -0.148855 -0.333491 -1.595449 0.231203 0.930250 0.348898 1.000000 
0.092012 1.049646 -0.151449 -0.314927 -1.593561 0.240578 0.932876 0.308659 1.000000 
0.100351 1.034702 -0.153893 -0.296164 -1.591602 0.249101 0.935204 0.274181 1.000000 
0.108565 1.018771 -0.156187 -0.277229 -1.589578 0.256734 0.937276 0.244582 1.000000 
0.116648 1.001888 -0.158328 -0.258151 -1.587497 0.263447 0.939128 0.219110 1.000000 
0.124593 0.984090 -0.160317 -0.238960 -1.585365 0.269213 0.940791 0.197130 1.000000 
0.132391 0.965414 -0.162152 -0.219683 -1.583192 0.274008 0.942290 0.178105 1.000000 
0.140037 0.945899 -0.163832 -0.200347 -1.580984 0.277815 0.943647 0.161587 1.000000 
0.147524 0.925584 -0.165357 -0.180979 -1.578749 0.280619 0.944881 0.147201 1.000000 
0.154845 0.904508 -0.166727 -0.161603 -1.576497 0.282412 0.946007 0.134633 1.000000 
0.161994 0.882710 -0.167943 -0.142244 -1.574234 0.283188 0.947039 0.123619 1.000000 
0.168966 0.860228 -0.169003 -0.122925 -1.571968 0.282946 0.947989 0.113938 1.000000 
0.175756 0.837102 -0.169910 -0.103668 -1.569709 0.281690 0.948865 0.105406 1.000000 
0.182358 0.813368 -0.170662 -0.084494 -1.567464 0.279427 0.949678 0.097865 1.000000 
0.188768 0.789064 -0.171262 -0.065421 -1.565241 0.276167 0.950434 0.091183 1.000000 
0.194982 0.764226 -0.171709 -0.046468 -1.563048 0.271925 0.951139 0.085248 1.000000 
0.200994 0.738887 -0.172006 -0.027653 -1.560893 0.266719 0.951799 0.079967 1.000000 
0.206803 0.713082 -0.172152 -0.008989 -1.558783 0.260571 0.952420 0.075257 1.000000 
0.212403 0.686842 -0.172150 0.009508 -1.556726 0.253507 0.953005 0.071050 1.000000 
0.217791 0.660197 -0.172001 0.027825 -1.554729 0.245552 0.953558 0.067287 1.000000 
0.222965 0.633175 -0.171705 0.045952 -1.552799 0.236740 0.954082 0.063917 1.000000 
0.227921 0.605805 -0.171266 0.063876 -1.550944 0.227103 0.954581 0.060897 1.000000 
0.232657 0.578110 -0.170684 0.081590 -1.549168 0.216677 0.955058 0.058189 1.000000 
0.237170 0.550115 -0.169961 0.099084 -1.547479 0.205502 0.955513 0.055761 1.000000 
0.241458 0.521841 -0.169099 0.116351 -1.545882 0.193617 0.955950 0.053585 1.000000 
0.245519 0.493308 -0.168100 0.133385 -1.544383 0.181067 0.956371 0.051637 1.000000 
0.249350 0.464535 -0.166966 0.150181 -1.542986 0.167895 0.956777 0.049896 1.000000 
0.252951 0.435537 -0.165698 0.166732 -1.541698 0.154150 0.957170 0.048344 1.000000 
0.256318 0.406330 -0.164299 0.183036 -1.540521 0.139878 0.957551 0.046965 1.000000 
0.259451 0.376928 -0.162770 0.199089 -1.539461 0.125130 0.957922 0.045745 1.000000 
0.262349 0.347342 -0.161114 0.214888 -1.538520 0.109957 0.958283 0.044674 1.000000 
0.265008 0.317584 -0.159332 0.230429 -1.537703 0.094411 0.958637 0.043741 1.000000 
0.267429 0.287663 -0.157428 0.245711 -1.537011 0.078545 0.958984 0.042937 1.000000 
0.269611 0.257587 -0.155402 0.260732 -1.536447 0.062414 0.959324 0.042257 1.000000 
0.271550 0.227364 -0.153257 0.275489 -1.536013 0.046072 0.959660 0.041693 1.000000 
0.273248 0.197001 -0.150995 0.289981 -1.535710 0.029574 0.959992 0.041241 1.000000 
0.274702 0.166505 -0.148618 0.304204 -1.535540 0.012977 0.960320 0.040898 1.000000 
0.275912 0.135880 -0.146128 0.318158 -1.535502 -0.003663 0.960646 0.040661 1.000000 
0.276876 0.105134 -0.143528 0.331839 -1.535598 -0.020290 0.960971 0.040529 1.000000 
0.277594 0.074270 -0.140819 0.345244 -1.535827 -0.036848 0.961295 0.040500 1.000000 
0.278064 0.043294 -0.138005 0.358370 -1.536188 -0.053280 0.961619 0.040575 1.000000 
0.278286 0.012213 -0.135086 0.371214 -1.536679 -0.069530 0.961945 0.040755 1.000000 
0.278259 -0.018967 -0.132066 0.383770 -1.537299 -0.085543 0.962272 0.041043 1.000000 
0.277982 -0.050241 -0.128947 0.396035 -1.538047 -0.101262 0.962602 0.041442 1.000000 
0.277455 -0.081600 -0.125730 0.408001 -1.538919 -0.116635 0.962935 0.041955 1.000000 
0.276676 -0.113036 -0.122419 0.419663 -1.539912 -0.131605 0.963273 0.042590 1.000000 
0.275646 -0.144540 -0.119016 0.431015 -1.541023 -0.146122 0.963617 0.043352 1.000000 
0.274364 -0.176100 -0.115524 0.442047 -1.542249 -0.160132 0.963967 0.044250 1.000000 
0.272828 -0.207705 -0.111945 0.452751 -1.543584 -0.173585 0.964325 0.045295 1.000000 
0.271040 -0.239340 -0.108281 0.463118 -1.545024 -0.186432 0.964692 0.046498 1.000000 
0.268999 -0.270991 -0.104536 0.473137 -1.546565 -0.198624 0.965070 0.047874 1.000000 
0.266704 -0.302640 -0.100712 0.482798 -1.548200 -0.210117 0.965459 0.049438 1.000000 
0.264157 -0.334268 -0.096812 0.492088 -1.549925 -0.220865 0.965861 0.051212 1.000000 
0.261356 -0.365855 -0.092839 0.500996 -1.551732 -0.230826 0.966279 0.053218 1.000000 
0.258303 -0.397376 -0.088797 0.509506 -1.553616 -0.239960 0.966713 0.055483 1.000000 
0.254998 -0.428807 -0.084688 0.517606 -1.555569 -0.248230 0.967167 0.058040 1.000000 
0.251443 -0.460120 -0.080516 0.525282 -1.557585 -0.255599 0.967643 0.060925 1.000000 
0.247637 -0.491286 -0.076285 0.532516 -1.559656 -0.262036 0.968143 0.064184 1.000000 
0.243583 -0.522274 -0.071997 0.539295 -1.561775 -0.267511 0.968671 0.067870 1.000000 
0.239281 -0.553048 -0.067657 0.545601 -1.563934 -0.271996 0.969230 0.072046 1.000000 
0.234734 -0.583573 -0.063269 0.551418 -1.566124 -0.275468 0.969825 0.076787 1.000000 
0.229945 -0.613812 -0.058836 0.556730 -1.568339 -0.277907 0.970461 0.082184 1.000000 
0.224914 -0.643723 -0.054363 0.561519 -1.570568 -0.279295 0.971142 0.088347 1.000000 
0.219646 -0.673264 -0.049853 0.565769 -1.572804 -0.279619 0.971877 0.095408 1.000000 
0.214143 -0.702393 -0.045312 0.569462 -1.575039 -0.278869 0.972672 0.103530 1.000000 
0.208409 -0.731062 -0.040743 0.572582 -1.577263 -0.277038 0.973536 0.112909 1.000000 
0.202448 -0.759226 -0.036152 0.575112 -1.579469 -0.274124 0.974482 0.123792 1.000000 
0.196263 -0.786835 -0.031543 0.577036 -1.581647 -0.270127 0.975522 0.136480 1.000000 
0.189860 -0.813840 -0.026921 0.578338 -1.583788 -0.265053 0.976672 0.151353 1.000000 
0.183243 -0.840190 -0.022292 0.579003 -1.585885 -0.258910 0.977951 0.168885 1.000000 
0.176419 -0.865834 -0.017659 0.579016 -1.587928 -0.251709 0.979382 0.189676 1.000000 
0.169392 -0.890719 -0.013029 0.578363 -1.589909 -0.243465 0.980996 0.214487 1.000000 
0.162169 -0.914793 -0.008407 0.577031 -1.591820 -0.234197 0.982828 0.244293 1.000000 
0.154758 -0.938003 -0.003798 0.575007 -1.593654 -0.223926 0.984921 0.280341 1.000000 
0.147164 -0.960297 0.000791 0.572279 -1.595401 -0.212673 0.987334 0.324242 1.000000 
0.139395 -0.981622 0.005356 0.568834 -1.597054 -0.200463 0.990136 0.378068 1.000000 
0.131461 -1.001924 0.009891 0.564662 -1.598606 -0.187320 0.993417 0.444490 1.000000 
0.123367 -1.021152 0.014389 0.559751 -1.600048 -0.173266 0.997290 0.526920 1.000000 
0.115125 -1.039254 0.018845 0.554090 -1.601375 -0.158320 1.001901 0.629645 1.000000 
0.106743 -1.056176 0.023252 0.547664 -1.602579 -0.142496 1.007433 0.757896 1.000000 
0.098230 -1.071865 0.027605 0.540460 -1.603653 -0.125799 1.014112 0.917678 1.000000 
0.089596 -1.086265 0.031897 0.532457 -1.604590 -0.108216 1.022216 1.115104 1.000000 
0.080853 -1.099317 0.036122 0.523634 -1.605382 -0.089720 1.032066 1.354708 1.000000 
0.072011 -1.110953 0.040273 0.513959 -1.606023 -0.070256 1.044003 1.636061 1.000000 
0.063082 -1.121097 0.044343 0.503394 -1.606503 -0.049742 1.058327 1.948236 1.000000 
0.054078 -1.129652 0.048325 0.491894 -1.606815 -0.028079 1.075184 2.263117 1.000000 
0.045012 -1.136499 0.052211 0.479408 -1.606949 -0.005169 1.094416 2.532036 1.000000 
0.035899 -1.141489 0.055993 0.465892 -1.606895 0.019038 1.115411 2.693904 1.000000 
0.026753 -1.144454 0.059662 0.451322 -1.606641 0.044485 1.137097 2.699381 1.000000 
0.017593 -1.145217 0.063211 0.435705 -1.606180 0.070968 1.158155 2.539452 1.000000 
0.008436 -1.143620 0.066631 0.419084 -1.605504 0.098152 1.177390 2.253486 1.000000 
-0.000698 -1.139544 0.069914 0.401531 -1.604609 0.125628 1.194051 1.907265 1.000000 
-0.009790 -1.132921 0.073053 0.383126 -1.603494 0.152987 1.207909 1.561186 1.000000 
-0.018818 -1.123725 0.076042 0.363956 -1.602162 0.179855 1.219132 1.252599 1.000000 
-0.027763 -1.111972 0.078875 0.344101 -1.600619 0.205903 1.228090 0.995950 1.000000 
-0.036603 -1.097706 0.081546 0.323644 -1.598871 0.230842 1.235205 0.791022 1.000000 
-0.045319 -1.080998 0.084052 0.302666 -1.596929 0.254412 1.240866 0.630910 1.000000 
-0.053893 -1.061941 0.086388 0.281253 -1.594805 0.276382 1.245396 0.506980 1.000000 
-0.062304 -1.040648 0.088551 0.259490 -1.592512 0.296543 1.249053 0.411205 1.000000 
-0.070537 -1.017246 0.090539 0.237463 -1.590065 0.314715 1.252033 0.336943 1.000000 
-0.078575 -0.991874 0.092350 0.215259 -1.587482 0.330739 1.254487 0.279007 1.000000 
-0.086402 -0.964682 0.093983 0.192963 -1.584779 0.344486 1.256530 0.233457 1.000000 
-0.094006 -0.935826 0.095437 0.170657 -1.581977 0.355850 1.258248 0.197338 1.000000 
-0.101372 -0.905465 0.096713 0.148420 -1.579092 0.364749 1.259707 0.168447 1.000000 
-0.108489 -0.873762 0.097812 0.126325 -1.576147 0.371127 1.260958 0.145136 1.000000 
-0.115349 -0.840875 0.098735 0.104443 -1.573161 0.374951 1.262040 0.126170 1.000000 
-0.121941 -0.806961 0.099484 0.082834 -1.570155 0.376211 1.262985 0.110615 1.000000 
-0.128258 -0.772170 0.100061 0.061554 -1.567149 0.374919 1.263817 0.097763 1.000000 
-0.134293 -0.736646 0.100470 0.040654 -1.564163 0.371105 1.264555 0.087070 1.000000 
-0.140042 -0.700523 0.100713 0.020175 -1.561218 0.364819 1.265215 0.078117 1.000000 
-0.145501 -0.663924 0.100794 0.000152 -1.558332 0.356127 1.265809 0.070577 1.000000 
-0.150664 -0.626961 0.100717 -0.019387 -1.555526 0.345112 1.266347 0.064195 1.000000 
-0.155531 -0.589734 0.100485 -0.038421 -1.552816 0.331870 1.266839 0.058769 1.000000 
-0.160100 -0.552331 0.100103 -0.056934 -1.550221 0.316509 1.267290 0.054137 1.000000 
-0.164368 -0.514823 0.099575 -0.074917 -1.547758 0.299150 1.267707 0.050172 1.000000 
-0.168337 -0.477273 0.098906 -0.092367 -1.545440 0.279922 1.268094 0.046770 1.000000 
-0.172005 -0.439726 0.098099 -0.109287 -1.543283 0.258962 1.268456 0.043847 1.000000 
-0.175372 -0.402218 0.097159 -0.125681 -1.541301 0.236415 1.268797 0.041336 1.000000 
-0.178440 -0.364770 0.096089 -0.141559 -1.539505 0.212433 1.269119 0.039179 1.000000 
-0.181209 -0.327392 0.094895 -0.156935 -1.537905 0.187172 1.269424 0.037333 1.000000 
-0.183679 -0.290083 0.093580 -0.171824 -1.536513 0.160791 1.269717 0.035759 1.000000 
-0.185850 -0.252834 0.092147 -0.186243 -1.535335 0.133456 1.269997 0.034428 1.000000 
-0.187724 -0.215624 0.090601 -0.200209 -1.534380 0.105331 1.270268 0.033315 1.000000 
-0.189300 -0.178428 0.088945 -0.213743 -1.533652 0.076588 1.270531 0.032399 1.000000 
-0.190579 -0.141213 0.087182 -0.226861 -1.533155 0.047394 1.270787 0.031666 1.000000 
-0.191560 -0.103941 0.085316 -0.239582 -1.532894 0.017924 1.271038 0.031101 1.000000 
-0.192242 -0.066571 0.083350 -0.251922 -1.532869 -0.011651 1.271285 0.030698 1.000000 
-0.192624 -0.029061 0.081287 -0.263894 -1.533080 -0.041157 1.271529 0.030448 1.000000 
-0.192706 0.008633 0.079129 -0.275510 -1.533527 -0.070420 1.271773 0.030349 1.000000 
-0.192486 0.046552 0.076879 -0.286779 -1.534206 -0.099267 1.272015 0.030400 1.000000 
-0.191961 0.084735 0.074541 -0.297704 -1.535114 -0.127524 1.272259 0.030602 1.000000 
-0.191129 0.123218 0.072117 -0.308289 -1.536244 -0.155019 1.272505 0.030960 1.000000 
-0.189988 0.162028 0.069609 -0.318528 -1.537591 -0.181581 1.272755 0.031482 1.000000 
-0.188536 0.201189 0.067021 -0.328415 -1.539147 -0.207040 1.273010 0.032180 1.000000 
-0.186768 0.240712 0.064356 -0.337939 -1.540901 -0.231230 1.273271 0.033067 1.000000 
-0.184683 0.280602 0.061615 -0.347082 -1.542842 -0.253986 1.273539 0.034165 1.000000 
-0.182278 0.320849 0.058804 -0.355822 -1.544960 -0.275149 1.273818 0.035498 1.000000 
-0.179549 0.361432 0.055923 -0.364135 -1.547240 -0.294564 1.274108 0.037099 1.000000 
-0.176494 0.402319 0.052979 -0.371989 -1.549668 -0.312081 1.274412 0.039009 1.000000 
-0.173111 0.443460 0.049973 -0.379350 -1.552228 -0.327558 1.274733 0.041280 1.000000 
-0.169398 0.484793 0.046910 -0.386178 -1.554903 -0.340861 1.275074 0.043979 1.000000 
-0.165354 0.526238 0.043796 -0.392432 -1.557676 -0.351867 1.275438 0.047191 1.000000 
-0.160978 0.567704 0.040633 -0.398065 -1.560527 -0.360462 1.275831 0.051025 1.000000 
-0.156271 0.609079 0.037428 -0.403029 -1.563436 -0.366546 1.276257 0.055625 1.000000 
-0.151234 0.650239 0.034187 -0.407273 -1.566384 -0.370031 1.276723 0.061180 1.000000 
-0.145868 0.691047 0.030914 -0.410746 -1.569350 -0.370847 1.277239 0.067939 1.000000 
-0.140178 0.731347 0.027617 -0.413395 -1.572311 -0.368938 1.277814 0.076242 1.000000 
-0.134168 0.770975 0.024302 -0.415168 -1.575245 -0.364267 1.278464 0.086555 1.000000 
-0.127845 0.809754 0.020977 -0.416012 -1.578132 -0.356816 1.279206 0.099525 1.000000 
-0.121215 0.847497 0.017648 -0.415876 -1.580947 -0.346583 1.280066 0.116077 1.000000 
-0.114288 0.884009 0.014325 -0.414712 -1.583670 -0.333589 1.281076 0.137553 1.000000 
-0.107075 0.919089 0.011016 -0.412474 -1.586277 -0.317870 1.282285 0.165948 1.000000 
-0.099587 0.952534 0.007729 -0.409117 -1.588748 -0.299480 1.283758 0.204311 1.000000 
-0.091839 0.984138 0.004473 -0.404598 -1.591062 -0.278481 1.285593 0.257428 1.000000 
-0.083846 1.013694 0.001258 -0.398875 -1.593197 -0.254944 1.287937 0.333067 1.000000 
-0.075626 1.041002 -0.001905 -0.391903 -1.595134 -0.228924 1.291016 0.444253 1.000000 
-0.067197 1.065862 -0.005008 -0.383627 -1.596854 -0.200445 1.295198 0.613594 1.000000 
-0.058579 1.088076 -0.008040 -0.373970 -1.598335 -0.169435 1.301094 0.881553 1.000000 
-0.049795 1.107446 -0.010988 -0.362800 -1.599557 -0.135614 1.309757 1.321579 1.000000 
-0.040868 1.123748 -0.013840 -0.349863 -1.600495 -0.098202 1.323034 2.062067 1.000000 
-0.031824 1.136656 -0.016580 -0.334602 -1.601114 -0.055187 1.344036 3.281847 1.000000 
-0.022693 1.145418 -0.019184 -0.315670 -1.601350 -0.001452 1.376918 4.984609 1.000000 
-0.013515 1.147479 -0.021612 -0.289904 -1.601078 0.074463 1.422604 6.189246 1.000000 
-0.004372 1.134830 -0.023791 -0.252583 -1.600061 0.186264 1.469687 5.177239 1.000000 
0.000000 0.000000 0.000000 0.000000 0.000000 0.000000 0.000000 0.000000 0.000000 
