-0.104074 -2.241710 0.933727 1.253841 -1.554482 1.150342 0.297612 0.059492 1.000000 
-0.121974 -2.233026 0.943513 1.192644 -1.545264 1.153700 0.298077 0.056819 1.000000 
-0.139800 -2.223305 0.952810 1.131649 -1.536027 1.155368 0.298522 0.054322 1.000000 
-0.157544 -2.212583 0.961620 1.070907 -1.526783 1.155360 0.298947 0.051991 1.000000 
-0.175199 -2.200897 0.969945 1.010464 -1.517546 1.153689 0.299354 0.049813 1.000000 
-0.192756 -2.188284 0.977788 0.950365 -1.508328 1.150374 0.299744 0.047776 1.000000 
-0.210209 -2.174779 0.985152 0.890651 -1.499144 1.145435 0.300119 0.045872 1.000000 
-0.227550 -2.160419 0.992040 0.831361 -1.490006 1.138893 0.300479 0.044091 1.000000 
-0.244773 -2.145240 0.998455 0.772531 -1.480926 1.130773 0.300825 0.042424 1.000000 
-0.261872 -2.129277 1.004402 0.714194 -1.471917 1.121101 0.301158 0.040863 1.000000 
-0.278840 -2.112564 1.009884 0.656382 -1.462992 1.109905 0.301479 0.039401 1.000000 
-0.295671 -2.095136 1.014905 0.599121 -1.454163 1.097214 0.301788 0.038031 1.000000 
-0.312360 -2.077025 1.019471 0.542438 -1.445441 1.083059 0.302087 0.036748 1.000000 
-0.328902 -2.058265 1.023586 0.486354 -1.436838 1.067474 0.302377 0.035544 1.000000 
-0.345291 -2.038887 1.027255 0.430889 -1.428365 1.050493 0.302656 0.034416 1.000000 
-0.361522 -2.018921 1.030482 0.376061 -1.420034 1.032150 0.302927 0.033358 1.000000 
-0.377592 -1.998396 1.033273 0.321884 -1.411854 1.012482 0.303190 0.032365 1.000000 
-0.393495 -1.977341 1.035634 0.268370 -1.403837 0.991528 0.303445 0.031434 1.000000 
-0.409228 -1.955781 1.037569 0.215529 -1.395993 0.969324 0.303693 0.030561 1.000000 
-0.424787 -1.933743 1.039084 0.163368 -1.388331 0.945911 0.303934 0.029742 1.000000 
-0.440167 -1.911250 1.040185 0.111892 -1.380862 0.921329 0.304169 0.028975 1.000000 
-0.455365 -1.888325 1.040876 0.061104 -1.373593 0.895618 0.304398 0.028255 1.000000 
-0.470379 -1.864988 1.041164 0.011005 -1.366535 0.868819 0.304622 0.027580 1.000000 
-0.485204 -1.841260 1.041054 -0.038407 -1.359695 0.840974 0.304840 0.026949 1.000000 
-0.499838 -1.817158 1.040551 -0.087135 -1.353082 0.812125 0.305053 0.026358 1.000000 
-0.514278 -1.792698 1.039662 -0.135183 -1.346703 0.782316 0.305261 0.025805 1.000000 
-0.528520 -1.767896 1.038390 -0.182559 -1.340567 0.751587 0.305466 0.025289 1.000000 
-0.542563 -1.742764 1.036743 -0.229271 -1.334680 0.719983 0.305666 0.024807 1.000000 
-0.556404 -1.717314 1.034724 -0.275328 -1.329050 0.687547 0.305863 0.024358 1.000000 
-0.570039 -1.691555 1.032339 -0.320743 -1.323682 0.654322 0.306056 0.023941 1.000000 
-0.583468 -1.665497 1.029594 -0.365527 -1.318582 0.620351 0.306246 0.023553 1.000000 
-0.596687 -1.639146 1.026492 -0.409695 -1.313758 0.585678 0.306433 0.023195 1.000000 
-0.609693 -1.612507 1.023040 -0.453260 -1.309213 0.550347 0.306617 0.022864 1.000000 
-0.622486 -1.585583 1.019242 -0.496240 -1.304954 0.514400 0.306799 0.022559 1.000000 
-0.635062 -1.558377 1.015102 -0.538650 -1.300984 0.477883 0.306978 0.022280 1.000000 
-0.647419 -1.530889 1.010625 -0.580507 -1.297309 0.440837 0.307155 0.022026 1.000000 
-0.659555 -1.503118 1.005815 -0.621830 -1.293932 0.403306 0.307331 0.021795 1.000000 
-0.671468 -1.475061 1.000677 -0.662637 -1.290857 0.365334 0.307504 0.021588 1.000000 
-0.683156 -1.446716 0.995214 -0.702947 -1.288088 0.326965 0.307676 0.021404 1.000000 
-0.694615 -1.418075 0.989431 -0.742779 -1.285627 0.288240 0.307847 0.021241 1.000000 
-0.705844 -1.389134 0.983331 -0.782152 -1.283477 0.249205 0.308016 0.021100 1.000000 
-0.716840 -1.359884 0.976918 -0.821086 -1.281640 0.209901 0.308184 0.020980 1.000000 
-0.727601 -1.330316 0.970195 -0.859599 -1.280119 0.170371 0.308352 0.020880 1.000000 
-0.738124 -1.300420 0.963165 -0.897712 -1.278915 0.130660 0.308518 0.020801 1.000000 
-0.748407 -1.270185 0.955832 -0.935442 -1.278029 0.090809 0.308685 0.020743 1.000000 
-0.758447 -1.239599 0.948199 -0.972809 -1.277462 0.050862 0.308850 0.020704 1.000000 
-0.768240 -1.208647 0.940268 -1.009831 -1.277215 0.010862 0.309016 0.020685 1.000000 
-0.777784 -1.177317 0.932043 -1.046525 -1.277289 -0.029148 0.309181 0.020686 1.000000 
-0.787076 -1.145594 0.923525 -1.082909 -1.277682 -0.069126 0.309347 0.020708 1.000000 
-0.796112 -1.113461 0.914717 -1.118997 -1.278394 -0.109028 0.309513 0.020749 1.000000 
-0.804890 -1.080902 0.905621 -1.154807 -1.279426 -0.148812 0.309679 0.020810 1.000000 
-0.813406 -1.047901 0.896241 -1.190353 -1.280775 -0.188433 0.309846 0.020891 1.000000 
-0.821655 -1.014440 0.886576 -1.225648 -1.282440 -0.227850 0.310013 0.020993 1.000000 
-0.829635 -0.980502 0.876631 -1.260704 -1.284420 -0.267018 0.310182 0.021116 1.000000 
-0.837342 -0.946068 0.866406 -1.295534 -1.286712 -0.305895 0.310351 0.021260 1.000000 
-0.844771 -0.911120 0.855903 -1.330146 -1.289313 -0.344436 0.310522 0.021425 1.000000 
-0.851918 -0.875641 0.845124 -1.364551 -1.292222 -0.382599 0.310694 0.021613 1.000000 
-0.858780 -0.839611 0.834071 -1.398755 -1.295434 -0.420340 0.310868 0.021824 1.000000 
-0.865351 -0.803013 0.822744 -1.432766 -1.298946 -0.457615 0.311043 0.022057 1.000000 
-0.871626 -0.765828 0.811147 -1.466586 -1.302754 -0.494380 0.311221 0.022316 1.000000 
-0.877602 -0.728038 0.799280 -1.500219 -1.306854 -0.530591 0.311400 0.022599 1.000000 
-0.883273 -0.689627 0.787144 -1.533668 -1.311242 -0.566205 0.311582 0.022907 1.000000 
-0.888635 -0.650577 0.774741 -1.566930 -1.315912 -0.601176 0.311767 0.023243 1.000000 
-0.893681 -0.610873 0.762074 -1.600006 -1.320859 -0.635461 0.311954 0.023607 1.000000 
-0.898407 -0.570498 0.749142 -1.632890 -1.326077 -0.669017 0.312145 0.024000 1.000000 
-0.902807 -0.529438 0.735948 -1.665577 -1.331561 -0.701797 0.312338 0.024424 1.000000 
-0.906876 -0.487679 0.722493 -1.698061 -1.337304 -0.733759 0.312536 0.024879 1.000000 
-0.910608 -0.445209 0.708779 -1.730332 -1.343299 -0.764859 0.312737 0.025369 1.000000 
-0.913997 -0.402016 0.694808 -1.762379 -1.349539 -0.795051 0.312942 0.025893 1.000000 
-0.917038 -0.358089 0.680582 -1.794189 -1.356017 -0.824293 0.313151 0.026455 1.000000 
-0.919725 -0.313421 0.666102 -1.825747 -1.362725 -0.852541 0.313365 0.027056 1.000000 
-0.922051 -0.268003 0.651371 -1.857037 -1.369655 -0.879752 0.313584 0.027699 1.000000 
-0.924011 -0.221829 0.636390 -1.888041 -1.376799 -0.905881 0.313808 0.028387 1.000000 
-0.925598 -0.174897 0.621163 -1.918737 -1.384146 -0.930888 0.314038 0.029120 1.000000 
-0.926807 -0.127202 0.605691 -1.949103 -1.391690 -0.954729 0.314274 0.029904 1.000000 
-0.927631 -0.078746 0.589978 -1.979115 -1.399419 -0.977363 0.314517 0.030740 1.000000 
-0.928065 -0.029530 0.574026 -2.008748 -1.407324 -0.998749 0.314766 0.031633 1.000000 
-0.928102 0.020443 0.557839 -2.037972 -1.415395 -1.018847 0.315023 0.032586 1.000000 
-0.927736 0.071167 0.541420 -2.066759 -1.423622 -1.037617 0.315288 0.033604 1.000000 
-0.926961 0.122633 0.524772 -2.095077 -1.431994 -1.055020 0.315561 0.034690 1.000000 
-0.925772 0.174830 0.507900 -2.122893 -1.440499 -1.071020 0.315843 0.035849 1.000000 
-0.924162 0.227747 0.490808 -2.150172 -1.449126 -1.085580 0.316135 0.037088 1.000000 
-0.922126 0.281367 0.473499 -2.176879 -1.457864 -1.098665 0.316437 0.038411 1.000000 
-0.919658 0.335671 0.455979 -2.202975 -1.466701 -1.110240 0.316750 0.039826 1.000000 
-0.916754 0.390641 0.438253 -2.228422 -1.475624 -1.120275 0.317074 0.041338 1.000000 
-0.913406 0.446251 0.420326 -2.253179 -1.484621 -1.128737 0.317411 0.042955 1.000000 
-0.909612 0.502477 0.402204 -2.277205 -1.493679 -1.135599 0.317762 0.044687 1.000000 
-0.905365 0.559289 0.383893 -2.300457 -1.502786 -1.140832 0.318127 0.046541 1.000000 
-0.900662 0.616655 0.365399 -2.322892 -1.511928 -1.144413 0.318507 0.048526 1.000000 
-0.895497 0.674542 0.346729 -2.344466 -1.521092 -1.146317 0.318903 0.050655 1.000000 
-0.889868 0.732912 0.327890 -2.365133 -1.530265 -1.146525 0.319318 0.052938 1.000000 
-0.883770 0.791726 0.308889 -2.384849 -1.539432 -1.145017 0.319751 0.055388 1.000000 
-0.877199 0.850940 0.289735 -2.403566 -1.548580 -1.141778 0.320204 0.058018 1.000000 
-0.870154 0.910510 0.270435 -2.421240 -1.557696 -1.136795 0.320680 0.060843 1.000000 
-0.862630 0.970387 0.250998 -2.437823 -1.566764 -1.130056 0.321178 0.063878 1.000000 
-0.854627 1.030521 0.231433 -2.453270 -1.575772 -1.121554 0.321702 0.067143 1.000000 
-0.846141 1.090859 0.211749 -2.467533 -1.584705 -1.111283 0.322253 0.070653 1.000000 
-0.837173 1.151345 0.191956 -2.480568 -1.593548 -1.099243 0.322834 0.074431 1.000000 
-0.827720 1.211922 0.172063 -2.492329 -1.602288 -1.085434 0.323445 0.078496 1.000000 
-0.817782 1.272528 0.152082 -2.502772 -1.610910 -1.069861 0.324090 0.082872 1.000000 
-0.807359 1.333101 0.132023 -2.511853 -1.619401 -1.052531 0.324772 0.087583 1.000000 
-0.796452 1.393577 0.111896 -2.519529 -1.627746 -1.033455 0.325493 0.092653 1.000000 
-0.785062 1.453890 0.091714 -2.525760 -1.635932 -1.012649 0.326255 0.098110 1.000000 
-0.773191 1.513971 0.071488 -2.530504 -1.643944 -0.990129 0.327063 0.103980 1.000000 
-0.760840 1.573751 0.051230 -2.533725 -1.651769 -0.965918 0.327920 0.110291 1.000000 
-0.748012 1.633158 0.030952 -2.535384 -1.659394 -0.940040 0.328829 0.117070 1.000000 
-0.734710 1.692119 0.010668 -2.535448 -1.666805 -0.912523 0.329795 0.124343 1.000000 
-0.720939 1.750562 -0.009610 -2.533883 -1.673990 -0.883401 0.330820 0.132134 1.000000 
-0.706703 1.808411 -0.029870 -2.530659 -1.680936 -0.852708 0.331910 0.140466 1.000000 
-0.692006 1.865592 -0.050096 -2.525748 -1.687629 -0.820483 0.333069 0.149354 1.000000 
-0.676855 1.922028 -0.070277 -2.519124 -1.694059 -0.786769 0.334301 0.158808 1.000000 
-0.661256 1.977644 -0.090398 -2.510764 -1.700214 -0.751613 0.335612 0.168832 1.000000 
-0.645215 2.032364 -0.110445 -2.500648 -1.706081 -0.715063 0.337004 0.179414 1.000000 
-0.628741 2.086111 -0.130403 -2.488758 -1.711651 -0.677172 0.338484 0.190532 1.000000 
-0.611840 2.138811 -0.150260 -2.475080 -1.716913 -0.637996 0.340054 0.202145 1.000000 
-0.594523 2.190387 -0.170000 -2.459602 -1.721856 -0.597595 0.341719 0.214191 1.000000 
-0.576798 2.240765 -0.189609 -2.442316 -1.726471 -0.556031 0.343482 0.226587 1.000000 
-0.558674 2.289873 -0.209072 -2.423217 -1.730749 -0.513369 0.345345 0.239221 1.000000 
-0.540163 2.337637 -0.228375 -2.402304 -1.734682 -0.469678 0.347310 0.251954 1.000000 
-0.521276 2.383987 -0.247504 -2.379578 -1.738262 -0.425029 0.349376 0.264617 1.000000 
-0.502023 2.428854 -0.266444 -2.355045 -1.741480 -0.379497 0.351543 0.277013 1.000000 
-0.482418 2.472170 -0.285180 -2.328714 -1.744332 -0.333157 0.353807 0.288920 1.000000 
-0.462473 2.513869 -0.303698 -2.300597 -1.746809 -0.286091 0.356164 0.300096 1.000000 
-0.442201 2.553889 -0.321985 -2.270711 -1.748907 -0.238379 0.358606 0.310287 1.000000 
-0.421615 2.592168 -0.340025 -2.239075 -1.750622 -0.190106 0.361125 0.319238 1.000000 
-0.400731 2.628648 -0.357805 -2.205715 -1.751948 -0.141361 0.363710 0.326706 1.000000 
-0.379562 2.663275 -0.375312 -2.170657 -1.752882 -0.092231 0.366348 0.332474 1.000000 
-0.358123 2.695994 -0.392532 -2.133934 -1.753423 -0.042809 0.369025 0.336364 1.000000 
-0.336431 2.726759 -0.409451 -2.095581 -1.753567 0.006812 0.371724 0.338249 1.000000 
-0.314501 2.755523 -0.426057 -2.055637 -1.753313 0.056538 0.374431 0.338066 1.000000 
-0.292348 2.782245 -0.442337 -2.014147 -1.752662 0.106271 0.377128 0.335815 1.000000 
-0.269990 2.806889 -0.458279 -1.971157 -1.751613 0.155914 0.379799 0.331561 1.000000 
-0.247444 2.829420 -0.473871 -1.926717 -1.750168 0.205369 0.382428 0.325434 1.000000 
-0.224725 2.849811 -0.489103 -1.880884 -1.748328 0.254537 0.385001 0.317614 1.000000 
-0.201852 2.868038 -0.503962 -1.833714 -1.746096 0.303319 0.387506 0.308320 1.000000 
-0.178842 2.884082 -0.518439 -1.785268 -1.743476 0.351615 0.389931 0.297799 1.000000 
-0.155713 2.897930 -0.532523 -1.735610 -1.740472 0.399330 0.392268 0.286309 1.000000 
-0.132481 2.909571 -0.546205 -1.684807 -1.737089 0.446366 0.394510 0.274109 1.000000 
-0.109166 2.919004 -0.559477 -1.632929 -1.733332 0.492627 0.396652 0.261443 1.000000 
-0.085783 2.926228 -0.572330 -1.580046 -1.729209 0.538022 0.398692 0.248537 1.000000 
-0.062352 2.931251 -0.584755 -1.526232 -1.724727 0.582460 0.400629 0.235589 1.000000 
-0.038889 2.934084 -0.596747 -1.471561 -1.719893 0.625852 0.402462 0.222770 1.000000 
-0.015412 2.934744 -0.608298 -1.416110 -1.714716 0.668115 0.404194 0.210218 1.000000 
0.008061 2.933252 -0.619403 -1.359955 -1.709206 0.709165 0.405827 0.198046 1.000000 
0.031514 2.929634 -0.630056 -1.303175 -1.703373 0.748926 0.407364 0.186335 1.000000 
0.054930 2.923921 -0.640252 -1.245848 -1.697227 0.787323 0.408810 0.175146 1.000000 
0.078291 2.916148 -0.649988 -1.188051 -1.690779 0.824287 0.410168 0.164517 1.000000 
0.101583 2.906353 -0.659260 -1.129864 -1.684042 0.859750 0.411443 0.154470 1.000000 
0.124788 2.894579 -0.668065 -1.071363 -1.677028 0.893651 0.412641 0.145012 1.000000 
0.147891 2.880874 -0.676401 -1.012625 -1.669748 0.925934 0.413765 0.136138 1.000000 
0.170877 2.865287 -0.684267 -0.953726 -1.662217 0.956545 0.414821 0.127837 1.000000 
0.193730 2.847870 -0.691661 -0.894741 -1.654448 0.985436 0.415812 0.120088 1.000000 
0.216438 2.828681 -0.698582 -0.835742 -1.646455 1.012563 0.416743 0.112870 1.000000 
0.238985 2.807776 -0.705033 -0.776801 -1.638252 1.037889 0.417619 0.106155 1.000000 
0.261358 2.785218 -0.711012 -0.717986 -1.629853 1.061378 0.418443 0.099915 1.000000 
0.283544 2.761067 -0.716521 -0.659366 -1.621275 1.083002 0.419219 0.094121 1.000000 
0.305531 2.735390 -0.721562 -0.601005 -1.612530 1.102734 0.419950 0.088746 1.000000 
0.327306 2.708251 -0.726138 -0.542965 -1.603636 1.120556 0.420640 0.083760 1.000000 
0.348859 2.679717 -0.730251 -0.485307 -1.594607 1.136450 0.421291 0.079136 1.000000 
0.370178 2.649855 -0.733904 -0.428087 -1.585458 1.150406 0.421907 0.074848 1.000000 
0.391253 2.618735 -0.737101 -0.371360 -1.576205 1.162416 0.422490 0.070872 1.000000 
0.412075 2.586423 -0.739847 -0.315177 -1.566865 1.172477 0.423042 0.067184 1.000000 
0.432633 2.552988 -0.742146 -0.259586 -1.557451 1.180591 0.423565 0.063762 1.000000 
0.452920 2.518499 -0.744002 -0.204632 -1.547980 1.186761 0.424063 0.060585 1.000000 
0.472926 2.483023 -0.745422 -0.150359 -1.538468 1.190997 0.424535 0.057635 1.000000 
0.492646 2.446626 -0.746410 -0.096804 -1.528929 1.193310 0.424985 0.054895 1.000000 
0.512070 2.409374 -0.746973 -0.044003 -1.519380 1.193716 0.425414 0.052348 1.000000 
0.531194 2.371332 -0.747116 0.008010 -1.509835 1.192235 0.425823 0.049980 1.000000 
0.550010 2.332562 -0.746847 0.059207 -1.500309 1.188888 0.426214 0.047776 1.000000 
0.568513 2.293127 -0.746171 0.109561 -1.490818 1.183701 0.426588 0.045725 1.000000 
0.586698 2.253086 -0.745096 0.159049 -1.481375 1.176700 0.426946 0.043814 1.000000 
0.604561 2.212497 -0.743628 0.207650 -1.471995 1.167916 0.427290 0.042033 1.000000 
0.622097 2.171414 -0.741776 0.255348 -1.462693 1.157382 0.427619 0.040373 1.000000 
0.639302 2.129893 -0.739545 0.302128 -1.453482 1.145132 0.427936 0.038824 1.000000 
0.656174 2.087983 -0.736944 0.347978 -1.444375 1.131204 0.428241 0.037379 1.000000 
0.672709 2.045733 -0.733980 0.392890 -1.435387 1.115636 0.428534 0.036030 1.000000 
0.688905 2.003189 -0.730661 0.436858 -1.426529 1.098469 0.428817 0.034769 1.000000 
0.704759 1.960395 -0.726993 0.479877 -1.417816 1.079745 0.429091 0.033592 1.000000 
0.720271 1.917391 -0.722985 0.521948 -1.409258 1.059507 0.429355 0.032492 1.000000 
0.735437 1.874214 -0.718644 0.563071 -1.400867 1.037801 0.429611 0.031464 1.000000 
0.750258 1.830900 -0.713978 0.603249 -1.392656 1.014671 0.429859 0.030503 1.000000 
0.764731 1.787480 -0.708995 0.642488 -1.384636 0.990165 0.430099 0.029605 1.000000 
0.778857 1.743984 -0.703701 0.680795 -1.376817 0.964331 0.430332 0.028766 1.000000 
0.792635 1.700438 -0.698105 0.718179 -1.369210 0.937216 0.430559 0.027981 1.000000 
0.806064 1.656866 -0.692213 0.754652 -1.361825 0.908871 0.430780 0.027249 1.000000 
0.819145 1.613287 -0.686033 0.790226 -1.354672 0.879343 0.430996 0.026565 1.000000 
0.831877 1.569720 -0.679571 0.824914 -1.347759 0.848684 0.431205 0.025927 1.000000 
0.844260 1.526178 -0.672836 0.858731 -1.341096 0.816943 0.431410 0.025332 1.000000 
0.856296 1.482674 -0.665834 0.891695 -1.334690 0.784170 0.431611 0.024777 1.000000 
0.867983 1.439218 -0.658571 0.923821 -1.328551 0.750417 0.431807 0.024262 1.000000 
0.879323 1.395814 -0.651055 0.955128 -1.322686 0.715734 0.431999 0.023783 1.000000 
0.890316 1.352468 -0.643292 0.985635 -1.317102 0.680172 0.432188 0.023339 1.000000 
0.900963 1.309181 -0.635287 1.015361 -1.311806 0.643781 0.432373 0.022928 1.000000 
0.911263 1.265950 -0.627048 1.044327 -1.306804 0.606612 0.432555 0.022549 1.000000 
0.921218 1.222773 -0.618580 1.072551 -1.302102 0.568716 0.432734 0.022200 1.000000 
0.930828 1.179643 -0.609889 1.100056 -1.297706 0.530143 0.432910 0.021880 1.000000 
0.940093 1.136551 -0.600981 1.126860 -1.293621 0.490942 0.433084 0.021588 1.000000 
0.949013 1.093489 -0.591861 1.152986 -1.289852 0.451165 0.433255 0.021323 1.000000 
0.957589 1.050442 -0.582535 1.178452 -1.286404 0.410862 0.433425 0.021085 1.000000 
0.965820 1.007397 -0.573007 1.203280 -1.283280 0.370081 0.433593 0.020871 1.000000 
0.973707 0.964337 -0.563284 1.227489 -1.280484 0.328873 0.433759 0.020682 1.000000 
0.981249 0.921245 -0.553369 1.251098 -1.278019 0.287286 0.433924 0.020516 1.000000 
0.988447 0.878100 -0.543268 1.274126 -1.275888 0.245371 0.434087 0.020374 1.000000 
0.995299 0.834882 -0.532985 1.296592 -1.274094 0.203176 0.434250 0.020255 1.000000 
1.001804 0.791569 -0.522524 1.318512 -1.272638 0.160751 0.434411 0.020159 1.000000 
1.007963 0.748137 -0.511890 1.339903 -1.271522 0.118144 0.434572 0.020084 1.000000 
1.013774 0.704561 -0.501087 1.360780 -1.270748 0.075403 0.434733 0.020032 1.000000 
1.019236 0.660815 -0.490119 1.381159 -1.270316 0.032579 0.434893 0.020001 1.000000 
1.024347 0.616875 -0.478990 1.401053 -1.270227 -0.010282 0.435053 0.019992 1.000000 
1.029105 0.572712 -0.467703 1.420474 -1.270480 -0.053129 0.435213 0.020004 1.000000 
1.033510 0.528298 -0.456263 1.439432 -1.271077 -0.095914 0.435373 0.020039 1.000000 
1.037557 0.483607 -0.444673 1.457939 -1.272015 -0.138588 0.435534 0.020095 1.000000 
1.041246 0.438609 -0.432937 1.476003 -1.273294 -0.181102 0.435695 0.020173 1.000000 
1.044574 0.393277 -0.421059 1.493631 -1.274912 -0.223408 0.435856 0.020273 1.000000 
1.047538 0.347583 -0.409040 1.510827 -1.276867 -0.265456 0.436019 0.020396 1.000000 
1.050134 0.301498 -0.396886 1.527598 -1.279158 -0.307196 0.436183 0.020541 1.000000 
1.052361 0.254995 -0.384600 1.543945 -1.281782 -0.348580 0.436348 0.020711 1.000000 
1.054213 0.208046 -0.372184 1.559869 -1.284735 -0.389558 0.436514 0.020904 1.000000 
1.055688 0.160627 -0.359643 1.575371 -1.288013 -0.430079 0.436682 0.021122 1.000000 
1.056782 0.112710 -0.346980 1.590448 -1.291614 -0.470093 0.436852 0.021366 1.000000 
1.057490 0.064272 -0.334197 1.605096 -1.295533 -0.509551 0.437024 0.021636 1.000000 
1.057809 0.015290 -0.321299 1.619310 -1.299766 -0.548401 0.437198 0.021933 1.000000 
1.057733 -0.034260 -0.308289 1.633083 -1.304306 -0.586592 0.437375 0.022258 1.000000 
1.057259 -0.084397 -0.295171 1.646407 -1.309149 -0.624075 0.437555 0.022613 1.000000 
1.056381 -0.135141 -0.281948 1.659271 -1.314289 -0.660796 0.437737 0.022999 1.000000 
1.055095 -0.186508 -0.268624 1.671663 -1.319720 -0.696706 0.437923 0.023417 1.000000 
1.053395 -0.238513 -0.255203 1.683571 -1.325434 -0.731751 0.438112 0.023869 1.000000 
1.051277 -0.291171 -0.241688 1.694978 -1.331425 -0.765882 0.438305 0.024357 1.000000 
1.048735 -0.344491 -0.228085 1.705868 -1.337686 -0.799045 0.438502 0.024882 1.000000 
1.045764 -0.398483 -0.214396 1.716224 -1.344207 -0.831189 0.438703 0.025446 1.000000 
1.042357 -0.453151 -0.200626 1.726025 -1.350982 -0.862262 0.438909 0.026053 1.000000 
1.038511 -0.508500 -0.186781 1.735250 -1.358001 -0.892214 0.439120 0.026704 1.000000 
1.034220 -0.564530 -0.172864 1.743877 -1.365254 -0.920991 0.439336 0.027402 1.000000 
1.029477 -0.621238 -0.158881 1.751882 -1.372733 -0.948544 0.439558 0.028151 1.000000 
1.024278 -0.678619 -0.144836 1.759240 -1.380427 -0.974822 0.439787 0.028953 1.000000 
1.018617 -0.736663 -0.130734 1.765925 -1.388327 -0.999773 0.440022 0.029812 1.000000 
1.012490 -0.795360 -0.116583 1.771910 -1.396420 -1.023349 0.440264 0.030732 1.000000 
1.005890 -0.854692 -0.102386 1.777165 -1.404697 -1.045500 0.440514 0.031718 1.000000 
0.998813 -0.914643 -0.088150 1.781663 -1.413144 -1.066179 0.440772 0.032774 1.000000 
0.991254 -0.975187 -0.073881 1.785372 -1.421751 -1.085338 0.441038 0.033906 1.000000 
0.983208 -1.036300 -0.059586 1.788263 -1.430505 -1.102931 0.441314 0.035118 1.000000 
0.974672 -1.097952 -0.045271 1.790303 -1.439394 -1.118913 0.441600 0.036419 1.000000 
0.965640 -1.160108 -0.030944 1.791462 -1.448404 -1.133240 0.441897 0.037814 1.000000 
0.956109 -1.222731 -0.016610 1.791707 -1.457521 -1.145872 0.442206 0.039310 1.000000 
0.946075 -1.285780 -0.002279 1.791006 -1.466733 -1.156766 0.442527 0.040917 1.000000 
0.935535 -1.349208 0.012043 1.789327 -1.476025 -1.165887 0.442861 0.042644 1.000000 
0.924487 -1.412968 0.026348 1.786638 -1.485382 -1.173196 0.443209 0.044500 1.000000 
0.912927 -1.477006 0.040626 1.782906 -1.494791 -1.178661 0.443573 0.046496 1.000000 
0.900854 -1.541264 0.054871 1.778100 -1.504236 -1.182249 0.443954 0.048644 1.000000 
0.888266 -1.605683 0.069073 1.772190 -1.513702 -1.183932 0.444352 0.050958 1.000000 
0.875163 -1.670199 0.083223 1.765145 -1.523174 -1.183683 0.444769 0.053452 1.000000 
0.861543 -1.734743 0.097312 1.756936 -1.532636 -1.181479 0.445208 0.056143 1.000000 
0.847407 -1.799244 0.111331 1.747534 -1.542072 -1.177301 0.445668 0.059046 1.000000 
0.832756 -1.863628 0.125270 1.736913 -1.551467 -1.171131 0.446153 0.062182 1.000000 
0.817590 -1.927817 0.139118 1.725047 -1.560805 -1.162957 0.446664 0.065571 1.000000 
0.801911 -1.991729 0.152867 1.711911 -1.570069 -1.152767 0.447203 0.069236 1.000000 
0.785723 -2.055281 0.166505 1.697483 -1.579244 -1.140557 0.447772 0.073200 1.000000 
0.769028 -2.118387 0.180023 1.681744 -1.588313 -1.126324 0.448375 0.077492 1.000000 
0.751830 -2.180958 0.193410 1.664673 -1.597260 -1.110071 0.449013 0.082140 1.000000 
0.734134 -2.242902 0.206654 1.646255 -1.606068 -1.091803 0.449690 0.087173 1.000000 
0.715946 -2.304127 0.219746 1.626476 -1.614723 -1.071531 0.450409 0.092626 1.000000 
0.697270 -2.364538 0.232674 1.605323 -1.623208 -1.049270 0.451173 0.098532 1.000000 
0.678115 -2.424039 0.245428 1.582789 -1.631506 -1.025039 0.451987 0.104929 1.000000 
0.658489 -2.482532 0.257995 1.558865 -1.639603 -0.998861 0.452854 0.111852 1.000000 
0.638398 -2.539920 0.270366 1.533550 -1.647483 -0.970765 0.453778 0.119340 1.000000 
0.617853 -2.596103 0.282528 1.506841 -1.655130 -0.940785 0.454765 0.127430 1.000000 
0.596864 -2.650983 0.294472 1.478741 -1.662530 -0.908956 0.455819 0.136158 1.000000 
0.575441 -2.704461 0.306184 1.449256 -1.669669 -0.875321 0.456945 0.145555 1.000000 
0.553596 -2.756439 0.317656 1.418393 -1.676531 -0.839927 0.458149 0.155648 1.000000 
0.531342 -2.806820 0.328875 1.386165 -1.683103 -0.802825 0.459437 0.166455 1.000000 
0.508692 -2.855507 0.339831 1.352585 -1.689372 -0.764071 0.460815 0.177983 1.000000 
0.485659 -2.902406 0.350513 1.317672 -1.695324 -0.723723 0.462287 0.190221 1.000000 
0.462258 -2.947422 0.360910 1.281448 -1.700947 -0.681847 0.463860 0.203142 1.000000 
0.438505 -2.990466 0.371013 1.243936 -1.706229 -0.638511 0.465539 0.216689 1.000000 
0.414416 -3.031449 0.380810 1.205165 -1.711160 -0.593788 0.467328 0.230779 1.000000 
0.390008 -3.070285 0.390292 1.165165 -1.715727 -0.547755 0.469232 0.245292 1.000000 
0.365298 -3.106892 0.399449 1.123971 -1.719920 -0.500491 0.471254 0.260066 1.000000 
0.340304 -3.141189 0.408272 1.081620 -1.723731 -0.452081 0.473394 0.274898 1.000000 
0.315045 -3.173102 0.416752 1.038154 -1.727151 -0.402615 0.475652 0.289542 1.000000 
0.289541 -3.202559 0.424880 0.993615 -1.730171 -0.352183 0.478025 0.303711 1.000000 
0.263811 -3.229492 0.432647 0.948051 -1.732783 -0.300881 0.480509 0.317081 1.000000 
0.237876 -3.253839 0.440046 0.901513 -1.734983 -0.248808 0.483095 0.329309 1.000000 
0.211756 -3.275542 0.447069 0.854054 -1.736763 -0.196068 0.485774 0.340042 1.000000 
0.185474 -3.294547 0.453709 0.805730 -1.738118 -0.142766 0.488531 0.348941 1.000000 
0.159051 -3.310808 0.459959 0.756600 -1.739046 -0.089010 0.491351 0.355702 1.000000 
0.132509 -3.324284 0.465812 0.706727 -1.739542 -0.034913 0.494216 0.360079 1.000000 
0.105870 -3.334939 0.471265 0.656176 -1.739604 0.019409 0.497106 0.361905 1.000000 
0.079157 -3.342746 0.476310 0.605015 -1.739231 0.073841 0.499999 0.361102 1.000000 
0.052394 -3.347682 0.480943 0.553314 -1.738422 0.128262 0.502876 0.357693 1.000000 
0.025602 -3.349734 0.485161 0.501144 -1.737179 0.182551 0.505716 0.351798 1.000000 
-0.001194 -3.348894 0.488961 0.448581 -1.735502 0.236588 0.508499 0.343624 1.000000 
-0.027972 -3.345163 0.492338 0.395699 -1.733394 0.290248 0.511209 0.333449 1.000000 
-0.054709 -3.338550 0.495291 0.342575 -1.730859 0.343409 0.513830 0.321601 1.000000 
-0.081382 -3.329070 0.497819 0.289287 -1.727902 0.395950 0.516351 0.308431 1.000000 
-0.107967 -3.316747 0.499919 0.235914 -1.724526 0.447750 0.518762 0.294296 1.000000 
-0.134442 -3.301613 0.501593 0.182533 -1.720740 0.498689 0.521058 0.279538 1.000000 
-0.160785 -3.283707 0.502840 0.129223 -1.716550 0.548653 0.523234 0.264469 1.000000 
-0.186974 -3.263075 0.503661 0.076060 -1.711964 0.597528 0.525289 0.249363 1.000000 
-0.212987 -3.239770 0.504058 0.023122 -1.706993 0.645203 0.527224 0.234450 1.000000 
-0.238803 -3.213854 0.504032 -0.029516 -1.701645 0.691575 0.529041 0.219914 1.000000 
-0.264402 -3.185393 0.503587 -0.081782 -1.695931 0.736540 0.530744 0.205897 1.000000 
-0.289763 -3.154460 0.502725 -0.133603 -1.689864 0.780003 0.532337 0.192502 1.000000 
-0.314867 -3.121132 0.501450 -0.184911 -1.683455 0.821873 0.533826 0.179798 1.000000 
-0.339695 -3.085494 0.499768 -0.235639 -1.676718 0.862064 0.535216 0.167823 1.000000 
-0.364229 -3.047635 0.497682 -0.285723 -1.669667 0.900496 0.536513 0.156595 1.000000 
-0.388452 -3.007645 0.495198 -0.335101 -1.662315 0.937094 0.537724 0.146112 1.000000 
-0.412346 -2.965623 0.492322 -0.383717 -1.654679 0.971790 0.538853 0.136358 1.000000 
-0.435896 -2.921667 0.489061 -0.431514 -1.646772 1.004523 0.539907 0.127309 1.000000 
-0.459088 -2.875879 0.485420 -0.478443 -1.638612 1.035236 0.540892 0.118930 1.000000 
-0.481906 -2.828364 0.481408 -0.524454 -1.630214 1.063879 0.541812 0.111187 1.000000 
-0.504337 -2.779228 0.477032 -0.569505 -1.621595 1.090409 0.542672 0.104040 1.000000 
-0.526369 -2.728579 0.472299 -0.613554 -1.612773 1.114789 0.543478 0.097449 1.000000 
-0.547991 -2.676523 0.467217 -0.656565 -1.603764 1.136988 0.544233 0.091374 1.000000 
-0.569190 -2.623171 0.461796 -0.698505 -1.594587 1.156980 0.544941 0.085777 1.000000 
-0.589958 -2.568629 0.456044 -0.739344 -1.585259 1.174747 0.545606 0.080621 1.000000 
-0.610286 -2.513005 0.449970 -0.779058 -1.575797 1.190275 0.546232 0.075871 1.000000 
-0.630164 -2.456405 0.443582 -0.817624 -1.566220 1.203556 0.546821 0.071494 1.000000 
-0.649586 -2.398933 0.436891 -0.855024 -1.556546 1.214589 0.547377 0.067459 1.000000 
-0.668545 -2.340694 0.429905 -0.891244 -1.546793 1.223377 0.547902 0.063739 1.000000 
-0.687035 -2.281786 0.422634 -0.926272 -1.536978 1.229928 0.548398 0.060305 1.000000 
-0.705052 -2.222308 0.415088 -0.960101 -1.527120 1.234254 0.548867 0.057136 1.000000 
-0.722591 -2.162356 0.407276 -0.992726 -1.517236 1.236374 0.549312 0.054207 1.000000 
-0.739648 -2.102020 0.399208 -1.024145 -1.507344 1.236311 0.549735 0.051500 1.000000 
-0.756222 -2.041388 0.390893 -1.054361 -1.497461 1.234089 0.550137 0.048996 1.000000 
-0.772310 -1.980547 0.382341 -1.083377 -1.487604 1.229739 0.550519 0.046678 1.000000 
-0.787911 -1.919575 0.373562 -1.111201 -1.477790 1.223295 0.550884 0.044530 1.000000 
-0.803023 -1.858550 0.364565 -1.137842 -1.468037 1.214795 0.551232 0.042539 1.000000 
-0.817647 -1.797544 0.355360 -1.163312 -1.458359 1.204277 0.551565 0.040692 1.000000 
-0.831784 -1.736625 0.345955 -1.187626 -1.448774 1.191787 0.551884 0.038978 1.000000 
-0.845434 -1.675855 0.336361 -1.210799 -1.439296 1.177368 0.552189 0.037386 1.000000 
-0.858598 -1.615295 0.326585 -1.232849 -1.429941 1.161070 0.552482 0.035907 1.000000 
-0.871279 -1.554996 0.316638 -1.253795 -1.420723 1.142942 0.552764 0.034531 1.000000 
-0.883479 -1.495010 0.306527 -1.273660 -1.411658 1.123037 0.553035 0.033252 1.000000 
-0.895200 -1.435381 0.296262 -1.292464 -1.402759 1.101408 0.553296 0.032062 1.000000 
-0.906446 -1.376148 0.285851 -1.310230 -1.394040 1.078110 0.553548 0.030954 1.000000 
-0.917220 -1.317347 0.275301 -1.326984 -1.385514 1.053201 0.553792 0.029923 1.000000 
-0.927525 -1.259009 0.264622 -1.342750 -1.377193 1.026736 0.554027 0.028962 1.000000 
-0.937365 -1.201159 0.253820 -1.357553 -1.369090 0.998776 0.554255 0.028069 1.000000 
-0.946745 -1.143820 0.242903 -1.371419 -1.361217 0.969378 0.554476 0.027237 1.000000 
-0.955668 -1.087008 0.231880 -1.384374 -1.353584 0.938603 0.554691 0.026462 1.000000 
-0.964139 -1.030735 0.220756 -1.396444 -1.346202 0.906511 0.554900 0.025742 1.000000 
-0.972161 -0.975012 0.209539 -1.407654 -1.339083 0.873161 0.555103 0.025073 1.000000 
-0.979740 -0.919841 0.198235 -1.418031 -1.332235 0.838614 0.555301 0.024451 1.000000 
-0.986880 -0.865225 0.186852 -1.427599 -1.325668 0.802930 0.555495 0.023874 1.000000 
-0.993585 -0.811159 0.175396 -1.436383 -1.319391 0.766171 0.555683 0.023340 1.000000 
-0.999860 -0.757637 0.163872 -1.444407 -1.313412 0.728396 0.555868 0.022845 1.000000 
-1.005709 -0.704650 0.152287 -1.451694 -1.307739 0.689665 0.556049 0.022389 1.000000 
-1.011136 -0.652182 0.140647 -1.458267 -1.302380 0.650038 0.556226 0.021969 1.000000 
-1.016145 -0.600218 0.128957 -1.464147 -1.297341 0.609574 0.556401 0.021583 1.000000 
-1.020741 -0.548739 0.117223 -1.469354 -1.292629 0.568333 0.556572 0.021229 1.000000 
-1.024926 -0.497721 0.105449 -1.473906 -1.288249 0.526374 0.556740 0.020908 1.000000 
-1.028705 -0.447141 0.093642 -1.477822 -1.284209 0.483754 0.556906 0.020616 1.000000 
-1.032082 -0.396970 0.081806 -1.481118 -1.280511 0.440533 0.557070 0.020354 1.000000 
-1.035058 -0.347181 0.069945 -1.483809 -1.277161 0.396766 0.557232 0.020119 1.000000 
-1.037637 -0.297742 0.058066 -1.485908 -1.274164 0.352513 0.557392 0.019912 1.000000 
-1.039823 -0.248619 0.046172 -1.487427 -1.271522 0.307829 0.557551 0.019731 1.000000 
-1.041616 -0.199778 0.034269 -1.488377 -1.269240 0.262771 0.557708 0.019576 1.000000 
-1.043020 -0.151184 0.022360 -1.488765 -1.267319 0.217395 0.557864 0.019446 1.000000 
-1.044035 -0.102799 0.010450 -1.488598 -1.265762 0.171758 0.558019 0.019341 1.000000 
-1.044665 -0.054586 -0.001456 -1.487883 -1.264571 0.125915 0.558174 0.019261 1.000000 
-1.044909 -0.006506 -0.013355 -1.486622 -1.263748 0.079923 0.558328 0.019204 1.000000 
-1.044769 0.041481 -0.025241 -1.484817 -1.263293 0.033836 0.558481 0.019171 1.000000 
-1.044246 0.089412 -0.037110 -1.482467 -1.263207 -0.012291 0.558634 0.019162 1.000000 
-1.043339 0.137329 -0.048959 -1.479572 -1.263489 -0.058400 0.558788 0.019177 1.000000 
-1.042048 0.185269 -0.060782 -1.476127 -1.264141 -0.104438 0.558941 0.019215 1.000000 
-1.040374 0.233273 -0.072575 -1.472128 -1.265160 -0.150348 0.559095 0.019278 1.000000 
-1.038316 0.281379 -0.084334 -1.467567 -1.266546 -0.196075 0.559250 0.019364 1.000000 
-1.035872 0.329623 -0.096055 -1.462435 -1.268297 -0.241562 0.559405 0.019475 1.000000 
-1.033041 0.378044 -0.107732 -1.456723 -1.270410 -0.286754 0.559561 0.019611 1.000000 
-1.029823 0.426677 -0.119361 -1.450418 -1.272884 -0.331593 0.559719 0.019772 1.000000 
-1.026214 0.475555 -0.130937 -1.443507 -1.275715 -0.376023 0.559878 0.019959 1.000000 
-1.022213 0.524712 -0.142455 -1.435975 -1.278899 -0.419987 0.560038 0.020173 1.000000 
-1.017818 0.574179 -0.153911 -1.427805 -1.282433 -0.463427 0.560201 0.020415 1.000000 
-1.013025 0.623983 -0.165298 -1.418981 -1.286312 -0.506285 0.560365 0.020685 1.000000 
-1.007833 0.674153 -0.176613 -1.409481 -1.290532 -0.548503 0.560532 0.020984 1.000000 
-1.002238 0.724711 -0.187848 -1.399287 -1.295086 -0.590020 0.560701 0.021314 1.000000 
-0.996236 0.775681 -0.198999 -1.388377 -1.299970 -0.630779 0.560873 0.021676 1.000000 
-0.989826 0.827081 -0.210060 -1.376728 -1.305177 -0.670718 0.561048 0.022071 1.000000 
-0.983002 0.878926 -0.221025 -1.364318 -1.310699 -0.709778 0.561226 0.022502 1.000000 
-0.975762 0.931230 -0.231887 -1.351122 -1.316531 -0.747897 0.561408 0.022969 1.000000 
-0.968101 0.984003 -0.242641 -1.337115 -1.322663 -0.785015 0.561594 0.023475 1.000000 
-0.960016 1.037250 -0.253279 -1.322272 -1.329088 -0.821070 0.561784 0.024023 1.000000 
-0.951504 1.090974 -0.263795 -1.306567 -1.335797 -0.856000 0.561978 0.024613 1.000000 
-0.942559 1.145173 -0.274182 -1.289975 -1.342781 -0.889743 0.562178 0.025251 1.000000 
-0.933180 1.199843 -0.284432 -1.272469 -1.350030 -0.922238 0.562382 0.025937 1.000000 
-0.923361 1.254973 -0.294539 -1.254023 -1.357533 -0.953421 0.562593 0.026676 1.000000 
-0.913099 1.310550 -0.304494 -1.234611 -1.365281 -0.983231 0.562809 0.027471 1.000000 
-0.902391 1.366556 -0.314290 -1.214207 -1.373261 -1.011606 0.563032 0.028326 1.000000 
-0.891233 1.422968 -0.323918 -1.192788 -1.381462 -1.038485 0.563263 0.029246 1.000000 
-0.879622 1.479760 -0.333372 -1.170328 -1.389873 -1.063806 0.563500 0.030235 1.000000 
-0.867556 1.536899 -0.342641 -1.146804 -1.398479 -1.087511 0.563747 0.031299 1.000000 
-0.855031 1.594350 -0.351718 -1.122193 -1.407268 -1.109538 0.564001 0.032444 1.000000 
-0.842046 1.652071 -0.360593 -1.096476 -1.416227 -1.129830 0.564266 0.033675 1.000000 
-0.828597 1.710016 -0.369258 -1.069631 -1.425341 -1.148330 0.564541 0.035002 1.000000 
-0.814685 1.768135 -0.377704 -1.041641 -1.434595 -1.164983 0.564826 0.036430 1.000000 
-0.800307 1.826371 -0.385921 -1.012490 -1.443975 -1.179733 0.565124 0.037969 1.000000 
-0.785463 1.884666 -0.393901 -0.982164 -1.453466 -1.192529 0.565434 0.039629 1.000000 
-0.770152 1.942955 -0.401633 -0.950650 -1.463051 -1.203322 0.565758 0.041421 1.000000 
-0.754376 2.001167 -0.409108 -0.917940 -1.472714 -1.212063 0.566097 0.043356 1.000000 
-0.738134 2.059229 -0.416317 -0.884025 -1.482438 -1.218709 0.566452 0.045448 1.000000 
-0.721429 2.117062 -0.423249 -0.848903 -1.492207 -1.223216 0.566825 0.047710 1.000000 
-0.704262 2.174585 -0.429896 -0.812570 -1.502004 -1.225546 0.567216 0.050161 1.000000 
-0.686636 2.231710 -0.436247 -0.775030 -1.511810 -1.225664 0.567628 0.052816 1.000000 
-0.668556 2.288347 -0.442293 -0.736286 -1.521608 -1.223538 0.568062 0.055696 1.000000 
-0.650024 2.344403 -0.448024 -0.696347 -1.531381 -1.219140 0.568520 0.058823 1.000000 
-0.631047 2.399779 -0.453431 -0.655225 -1.541108 -1.212447 0.569004 0.062221 1.000000 
-0.611630 2.454376 -0.458505 -0.612934 -1.550774 -1.203440 0.569516 0.065917 1.000000 
-0.591779 2.508090 -0.463235 -0.569495 -1.560357 -1.192103 0.570059 0.069940 1.000000 
-0.571503 2.560815 -0.467614 -0.524928 -1.569841 -1.178429 0.570636 0.074322 1.000000 
-0.550809 2.612445 -0.471631 -0.479262 -1.579206 -1.162411 0.571249 0.079098 1.000000 
-0.529707 2.662868 -0.475279 -0.432527 -1.588433 -1.144052 0.571903 0.084308 1.000000 
-0.508207 2.711975 -0.478549 -0.384756 -1.597504 -1.123357 0.572600 0.089992 1.000000 
-0.486319 2.759654 -0.481433 -0.335988 -1.606401 -1.100339 0.573344 0.096196 1.000000 
-0.464057 2.805793 -0.483922 -0.286266 -1.615104 -1.075014 0.574140 0.102967 1.000000 
-0.441431 2.850278 -0.486010 -0.235635 -1.623595 -1.047408 0.574993 0.110357 1.000000 
-0.418457 2.892999 -0.487690 -0.184146 -1.631856 -1.017549 0.575908 0.118418 1.000000 
-0.395148 2.933844 -0.488955 -0.131852 -1.639870 -0.985474 0.576890 0.127203 1.000000 
-0.371521 2.972704 -0.489798 -0.078810 -1.647618 -0.951224 0.577945 0.136767 1.000000 
-0.347590 3.009470 -0.490214 -0.025082 -1.655084 -0.914847 0.579080 0.147158 1.000000 
-0.323375 3.044037 -0.490197 0.029268 -1.662250 -0.876396 0.580302 0.158424 1.000000 
-0.298892 3.076301 -0.489744 0.084172 -1.669101 -0.835933 0.581617 0.170599 1.000000 
-0.274161 3.106162 -0.488849 0.139560 -1.675620 -0.793524 0.583034 0.183705 1.000000 
-0.249200 3.133525 -0.487510 0.195358 -1.681792 -0.749238 0.584559 0.197745 1.000000 
-0.224031 3.158296 -0.485723 0.251488 -1.687603 -0.703156 0.586200 0.212693 1.000000 
-0.198674 3.180388 -0.483485 0.307873 -1.693038 -0.655359 0.587965 0.228488 1.000000 
-0.173152 3.199716 -0.480796 0.364430 -1.698084 -0.605937 0.589858 0.245027 1.000000 
-0.147487 3.216204 -0.477654 0.421075 -1.702729 -0.554983 0.591887 0.262152 1.000000 
-0.121701 3.229779 -0.474059 0.477725 -1.706960 -0.502598 0.594054 0.279644 1.000000 
-0.095818 3.240374 -0.470011 0.534290 -1.710767 -0.448886 0.596361 0.297219 1.000000 
-0.069863 3.247929 -0.465511 0.590683 -1.714139 -0.393957 0.598808 0.314523 1.000000 
-0.043859 3.252390 -0.460561 0.646812 -1.717067 -0.337926 0.601392 0.331140 1.000000 
-0.017833 3.253711 -0.455163 0.702588 -1.719543 -0.280913 0.604104 0.346603 1.000000 
0.008191 3.251854 -0.449320 0.757918 -1.721560 -0.223042 0.606933 0.360415 1.000000 
0.034188 3.246786 -0.443038 0.812709 -1.723110 -0.164443 0.609864 0.372079 1.000000 
0.060131 3.238486 -0.436319 0.866868 -1.724189 -0.105250 0.612879 0.381132 1.000000 
0.085995 3.226940 -0.429170 0.920302 -1.724793 -0.045603 0.615955 0.387188 1.000000 
0.111754 3.212142 -0.421596 0.972918 -1.724918 0.014355 0.619065 0.389970 1.000000 
0.137381 3.194097 -0.413605 1.024625 -1.724563 0.074477 0.622185 0.389342 1.000000 
0.162851 3.172820 -0.405205 1.075332 -1.723726 0.134614 0.625286 0.385320 1.000000 
0.188137 3.148336 -0.396403 1.124951 -1.722409 0.194611 0.628341 0.378071 1.000000 
0.213216 3.120680 -0.387209 1.173394 -1.720613 0.254315 0.631327 0.367902 1.000000 
0.238060 3.089897 -0.377632 1.220579 -1.718341 0.313569 0.634221 0.355222 1.000000 
0.262646 3.056042 -0.367683 1.266424 -1.715598 0.372218 0.637005 0.340511 1.000000 
0.286949 3.019182 -0.357373 1.310856 -1.712388 0.430106 0.639665 0.324278 1.000000 
0.310945 2.979391 -0.346713 1.353801 -1.708719 0.487080 0.642191 0.307024 1.000000 
0.334611 2.936756 -0.335716 1.395194 -1.704598 0.542990 0.644576 0.289216 1.000000 
0.357926 2.891370 -0.324395 1.434974 -1.700034 0.597690 0.646818 0.271263 1.000000 
0.380866 2.843336 -0.312761 1.473085 -1.695038 0.651038 0.648917 0.253510 1.000000 
0.403412 2.792763 -0.300830 1.509478 -1.689621 0.702896 0.650876 0.236230 1.000000 
0.425544 2.739769 -0.288614 1.544110 -1.683796 0.753134 0.652698 0.219628 1.000000 
0.447242 2.684477 -0.276129 1.576944 -1.677576 0.801629 0.654392 0.203848 1.000000 
0.468490 2.627017 -0.263388 1.607949 -1.670975 0.848262 0.655962 0.188981 1.000000 
0.489269 2.567523 -0.250407 1.637102 -1.664009 0.892926 0.657418 0.175074 1.000000 
0.509565 2.506133 -0.237199 1.664385 -1.656694 0.935517 0.658766 0.162143 1.000000 
0.529363 2.442988 -0.223781 1.689786 -1.649046 0.975942 0.660015 0.150175 1.000000 
0.548649 2.378232 -0.210168 1.713301 -1.641085 1.014117 0.661172 0.139139 1.000000 
0.567410 2.312011 -0.196374 1.734930 -1.632827 1.049965 0.662243 0.128992 1.000000 
0.585637 2.244470 -0.182414 1.754680 -1.624292 1.083417 0.663238 0.119684 1.000000 
0.603319 2.175757 -0.168304 1.772564 -1.615499 1.114416 0.664161 0.111158 1.000000 
0.620447 2.106017 -0.154058 1.788599 -1.606468 1.142909 0.665018 0.103358 1.000000 
0.637013 2.035394 -0.139691 1.802809 -1.597219 1.168855 0.665816 0.096226 1.000000 
0.653011 1.964033 -0.125218 1.815220 -1.587773 1.192221 0.666559 0.089708 1.000000 
0.668436 1.892073 -0.110652 1.825866 -1.578150 1.212980 0.667253 0.083752 1.000000 
0.683283 1.819651 -0.096008 1.834783 -1.568372 1.231115 0.667901 0.078308 1.000000 
0.697549 1.746900 -0.081300 1.842010 -1.558459 1.246617 0.668507 0.073330 1.000000 
0.711233 1.673949 -0.066541 1.847591 -1.548433 1.259484 0.669075 0.068776 1.000000 
0.724332 1.600924 -0.051743 1.851574 -1.538315 1.269721 0.669608 0.064607 1.000000 
0.736848 1.527944 -0.036920 1.854006 -1.528125 1.277339 0.670110 0.060788 1.000000 
0.748780 1.455123 -0.022083 1.854940 -1.517884 1.282358 0.670582 0.057287 1.000000 
0.760130 1.382569 -0.007244 1.854430 -1.507614 1.284802 0.671027 0.054074 1.000000 
0.770902 1.310384 0.007584 1.852530 -1.497334 1.284703 0.671448 0.051124 1.000000 
0.781098 1.238665 0.022392 1.849298 -1.487065 1.282096 0.671846 0.048411 1.000000 
0.790722 1.167501 0.037170 1.844789 -1.476827 1.277022 0.672223 0.045915 1.000000 
0.799779 1.096975 0.051906 1.839062 -1.466639 1.269528 0.672581 0.043617 1.000000 
0.808275 1.027163 0.066592 1.832176 -1.456521 1.259663 0.672921 0.041498 1.000000 
0.816216 0.958136 0.081218 1.824187 -1.446491 1.247482 0.673245 0.039544 1.000000 
0.823608 0.889956 0.095776 1.815153 -1.436567 1.233041 0.673554 0.037739 1.000000 
0.830458 0.822679 0.110258 1.805130 -1.426768 1.216403 0.673850 0.036071 1.000000 
0.836773 0.756354 0.124655 1.794174 -1.417111 1.197630 0.674132 0.034529 1.000000 
0.842562 0.691025 0.138962 1.782340 -1.407612 1.176787 0.674402 0.033103 1.000000 
0.847832 0.626726 0.153171 1.769680 -1.398287 1.153944 0.674662 0.031782 1.000000 
0.852593 0.563489 0.167275 1.756244 -1.389154 1.129168 0.674911 0.030559 1.000000 
0.856851 0.501337 0.181269 1.742082 -1.380226 1.102532 0.675151 0.029425 1.000000 
0.860617 0.440287 0.195146 1.727241 -1.371518 1.074108 0.675382 0.028375 1.000000 
0.863899 0.380350 0.208903 1.711764 -1.363044 1.043968 0.675605 0.027402 1.000000 
0.866706 0.321534 0.222533 1.695694 -1.354819 1.012187 0.675821 0.026499 1.000000 
0.869046 0.263839 0.236032 1.679070 -1.346854 0.978837 0.676029 0.025663 1.000000 
0.870930 0.207260 0.249397 1.661928 -1.339161 0.943994 0.676232 0.024889 1.000000 
0.872365 0.151789 0.262622 1.644302 -1.331754 0.907731 0.676428 0.024172 1.000000 
0.873361 0.097410 0.275704 1.626222 -1.324641 0.870124 0.676618 0.023509 1.000000 
0.873927 0.044107 0.288640 1.607716 -1.317835 0.831244 0.676804 0.022896 1.000000 
0.874070 -0.008144 0.301427 1.588808 -1.311345 0.791166 0.676985 0.022331 1.000000 
0.873799 -0.059368 0.314060 1.569519 -1.305179 0.749963 0.677161 0.021810 1.000000 
0.873123 -0.109594 0.326538 1.549867 -1.299348 0.707706 0.677334 0.021332 1.000000 
0.872048 -0.158855 0.338857 1.529868 -1.293859 0.664467 0.677503 0.020893 1.000000 
0.870584 -0.207187 0.351015 1.509532 -1.288719 0.620316 0.677668 0.020492 1.000000 
0.868736 -0.254627 0.363009 1.488868 -1.283936 0.575324 0.677831 0.020128 1.000000 
0.866512 -0.301216 0.374836 1.467881 -1.279516 0.529560 0.677991 0.019798 1.000000 
0.863918 -0.346996 0.386494 1.446573 -1.275465 0.483092 0.678148 0.019501 1.000000 
0.860962 -0.392011 0.397980 1.424944 -1.271788 0.435987 0.678303 0.019236 1.000000 
0.857648 -0.436305 0.409292 1.402988 -1.268490 0.388312 0.678456 0.019001 1.000000 
0.853983 -0.479926 0.420427 1.380698 -1.265576 0.340134 0.678607 0.018796 1.000000 
0.849971 -0.522920 0.431383 1.358066 -1.263049 0.291519 0.678756 0.018620 1.000000 
0.845618 -0.565336 0.442155 1.335076 -1.260913 0.242530 0.678905 0.018473 1.000000 
0.840927 -0.607221 0.452743 1.311715 -1.259170 0.193233 0.679052 0.018353 1.000000 
0.835903 -0.648622 0.463142 1.287963 -1.257822 0.143691 0.679198 0.018260 1.000000 
0.830550 -0.689589 0.473349 1.263800 -1.256871 0.093968 0.679344 0.018193 1.000000 
0.824871 -0.730168 0.483361 1.239202 -1.256319 0.044128 0.679490 0.018154 1.000000 
0.818868 -0.770405 0.493175 1.214144 -1.256165 -0.005766 0.679635 0.018140 1.000000 
0.812545 -0.810347 0.502786 1.188598 -1.256411 -0.055650 0.679780 0.018153 1.000000 
0.805904 -0.850036 0.512191 1.162534 -1.257056 -0.105462 0.679925 0.018192 1.000000 
0.798945 -0.889517 0.521386 1.135921 -1.258098 -0.155139 0.680071 0.018258 1.000000 
0.791672 -0.928829 0.530365 1.108725 -1.259537 -0.204615 0.680217 0.018350 1.000000 
0.784084 -0.968011 0.539123 1.080911 -1.261371 -0.253827 0.680365 0.018469 1.000000 
0.776184 -1.007101 0.547657 1.052444 -1.263598 -0.302712 0.680513 0.018616 1.000000 
0.767971 -1.046133 0.555961 1.023285 -1.266214 -0.351203 0.680663 0.018792 1.000000 
0.759446 -1.085138 0.564028 0.993397 -1.269216 -0.399234 0.680814 0.018996 1.000000 
0.750609 -1.124146 0.571853 0.962740 -1.272600 -0.446741 0.680967 0.019230 1.000000 
0.741459 -1.163182 0.579430 0.931275 -1.276362 -0.493655 0.681122 0.019494 1.000000 
0.731998 -1.202268 0.586751 0.898963 -1.280497 -0.539908 0.681279 0.019791 1.000000 
0.722223 -1.241425 0.593811 0.865762 -1.284998 -0.585432 0.681438 0.020121 1.000000 
0.712135 -1.280667 0.600601 0.831633 -1.289861 -0.630158 0.681601 0.020485 1.000000 
0.701732 -1.320007 0.607114 0.796537 -1.295079 -0.674014 0.681766 0.020886 1.000000 
0.691014 -1.359452 0.613343 0.760435 -1.300643 -0.716930 0.681935 0.021324 1.000000 
0.679980 -1.399006 0.619278 0.723288 -1.306547 -0.758832 0.682107 0.021803 1.000000 
0.668630 -1.438669 0.624913 0.685062 -1.312782 -0.799648 0.682284 0.022325 1.000000 
0.656961 -1.478435 0.630236 0.645719 -1.319338 -0.839304 0.682465 0.022891 1.000000 
0.644975 -1.518296 0.635241 0.605227 -1.326207 -0.877725 0.682650 0.023505 1.000000 
0.632669 -1.558238 0.639917 0.563554 -1.333378 -0.914835 0.682841 0.024170 1.000000 
0.620043 -1.598242 0.644255 0.520672 -1.340841 -0.950558 0.683037 0.024890 1.000000 
0.607097 -1.638284 0.648244 0.476553 -1.348583 -0.984819 0.683239 0.025668 1.000000 
0.593830 -1.678336 0.651876 0.431175 -1.356594 -1.017539 0.683448 0.026509 1.000000 
0.580243 -1.718365 0.655140 0.384516 -1.364860 -1.048643 0.683664 0.027417 1.000000 
0.566336 -1.758334 0.658025 0.336561 -1.373368 -1.078054 0.683887 0.028399 1.000000 
0.552110 -1.798198 0.660521 0.287296 -1.382104 -1.105695 0.684118 0.029459 1.000000 
0.537566 -1.837910 0.662618 0.236713 -1.391054 -1.131490 0.684358 0.030604 1.000000 
0.522704 -1.877417 0.664305 0.184807 -1.400202 -1.155363 0.684608 0.031842 1.000000 
0.507528 -1.916662 0.665571 0.131578 -1.409534 -1.177241 0.684868 0.033181 1.000000 
0.492038 -1.955581 0.666407 0.077031 -1.419033 -1.197051 0.685139 0.034630 1.000000 
0.476239 -1.994109 0.666800 0.021177 -1.428681 -1.214721 0.685423 0.036199 1.000000 
0.460134 -2.032174 0.666742 -0.035969 -1.438462 -1.230183 0.685719 0.037900 1.000000 
0.443726 -2.069699 0.666222 -0.094385 -1.448358 -1.243368 0.686029 0.039744 1.000000 
0.427020 -2.106606 0.665229 -0.154044 -1.458350 -1.254214 0.686355 0.041747 1.000000 
0.410022 -2.142809 0.663754 -0.214913 -1.468419 -1.262658 0.686698 0.043924 1.000000 
0.392738 -2.178223 0.661787 -0.276952 -1.478546 -1.268644 0.687059 0.046293 1.000000 
0.375173 -2.212756 0.659319 -0.340115 -1.488711 -1.272116 0.687439 0.048873 1.000000 
0.357336 -2.246314 0.656342 -0.404350 -1.498893 -1.273026 0.687841 0.051687 1.000000 
0.339235 -2.278802 0.652847 -0.469599 -1.509072 -1.271329 0.688267 0.054759 1.000000 
0.320878 -2.310120 0.648826 -0.535797 -1.519227 -1.266984 0.688718 0.058117 1.000000 
0.302276 -2.340168 0.644272 -0.602870 -1.529337 -1.259957 0.689197 0.061793 1.000000 
0.283439 -2.368844 0.639178 -0.670743 -1.539379 -1.250219 0.689708 0.065820 1.000000 
0.264379 -2.396044 0.633538 -0.739329 -1.549333 -1.237748 0.690252 0.070237 1.000000 
0.245107 -2.421667 0.627347 -0.808537 -1.559176 -1.222527 0.690833 0.075088 1.000000 
0.225637 -2.445606 0.620600 -0.878272 -1.568886 -1.204547 0.691454 0.080420 1.000000 
0.205982 -2.467761 0.613294 -0.948429 -1.578441 -1.183807 0.692121 0.086285 1.000000 
0.186157 -2.488028 0.605425 -1.018901 -1.587820 -1.160311 0.692836 0.092743 1.000000 
0.166179 -2.506306 0.596991 -1.089573 -1.596999 -1.134073 0.693606 0.099855 1.000000 
0.146062 -2.522498 0.587991 -1.160326 -1.605958 -1.105114 0.694436 0.107692 1.000000 
0.125825 -2.536507 0.578426 -1.231036 -1.614674 -1.073463 0.695332 0.116325 1.000000 
0.105484 -2.548240 0.568295 -1.301575 -1.623126 -1.039158 0.696300 0.125833 1.000000 
0.085059 -2.557607 0.557601 -1.371811 -1.631293 -1.002244 0.697347 0.136295 1.000000 
0.064569 -2.564525 0.546347 -1.441609 -1.639155 -0.962775 0.698483 0.147790 1.000000 
0.044033 -2.568912 0.534537 -1.510830 -1.646691 -0.920814 0.699715 0.160395 1.000000 
0.023473 -2.570694 0.522176 -1.579335 -1.653882 -0.876432 0.701053 0.174174 1.000000 
0.002909 -2.569800 0.509270 -1.646979 -1.660708 -0.829707 0.702505 0.189180 1.000000 
-0.017636 -2.566167 0.495827 -1.713621 -1.667151 -0.780726 0.704083 0.205439 1.000000 
-0.038142 -2.559737 0.481855 -1.779114 -1.673194 -0.729585 0.705795 0.222940 1.000000 
-0.058584 -2.550461 0.467364 -1.843315 -1.678819 -0.676387 0.707653 0.241623 1.000000 
-0.078941 -2.538296 0.452366 -1.906080 -1.684011 -0.621242 0.709664 0.261362 1.000000 
-0.099189 -2.523205 0.436871 -1.967264 -1.688754 -0.564268 0.711837 0.281950 1.000000 
-0.119305 -2.505161 0.420894 -2.026726 -1.693034 -0.505591 0.714177 0.303082 1.000000 
-0.139264 -2.484145 0.404449 -2.084327 -1.696839 -0.445342 0.716687 0.324344 1.000000 
-0.159043 -2.460145 0.387550 -2.139928 -1.700156 -0.383663 0.719365 0.345211 1.000000 
-0.178618 -2.433160 0.370216 -2.193395 -1.702974 -0.320699 0.722207 0.365056 1.000000 
-0.197966 -2.403197 0.352462 -2.244597 -1.705284 -0.256605 0.725202 0.383170 1.000000 
-0.217062 -2.370272 0.334308 -2.293407 -1.707077 -0.191543 0.728331 0.398810 1.000000 
-0.235882 -2.334414 0.315774 -2.339704 -1.708347 -0.125682 0.731574 0.411252 1.000000 
-0.254405 -2.295660 0.296880 -2.383371 -1.709087 -0.059197 0.734901 0.419862 1.000000 
-0.272605 -2.254059 0.277648 -2.424298 -1.709293 0.007729 0.738280 0.424169 1.000000 
-0.290462 -2.209671 0.258099 -2.462381 -1.708962 0.074907 0.741676 0.423914 1.000000 
-0.307953 -2.162568 0.238257 -2.497527 -1.708094 0.142141 0.745051 0.419093 1.000000 
-0.325056 -2.112832 0.218147 -2.529650 -1.706688 0.209233 0.748370 0.409950 1.000000 
-0.341751 -2.060558 0.197791 -2.558674 -1.704747 0.275979 0.751600 0.396955 1.000000 
-0.358019 -2.005852 0.177216 -2.584537 -1.702274 0.342176 0.754712 0.380744 1.000000 
-0.373839 -1.948828 0.156447 -2.607186 -1.699274 0.407618 0.757685 0.362049 1.000000 
-0.389194 -1.889613 0.135510 -2.626582 -1.695755 0.472102 0.760501 0.341630 1.000000 
-0.404067 -1.828341 0.114431 -2.642697 -1.691724 0.535427 0.763148 0.320211 1.000000 
-0.418442 -1.765154 0.093236 -2.655520 -1.687192 0.597398 0.765623 0.298438 1.000000 
-0.432305 -1.700202 0.071951 -2.665050 -1.682170 0.657824 0.767924 0.276849 1.000000 
-0.445641 -1.633639 0.050604 -2.671300 -1.676671 0.716522 0.770054 0.255869 1.000000 
-0.458439 -1.565627 0.029219 -2.674298 -1.670710 0.773318 0.772020 0.235806 1.000000 
-0.470688 -1.496327 0.007823 -2.674082 -1.664303 0.828048 0.773830 0.216870 1.000000 
-0.482378 -1.425908 -0.013558 -2.670704 -1.657467 0.880555 0.775494 0.199185 1.000000 
-0.493500 -1.354536 -0.034900 -2.664228 -1.650221 0.930697 0.777021 0.182805 1.000000 
-0.504048 -1.282379 -0.056177 -2.654726 -1.642583 0.978340 0.778422 0.167735 1.000000 
-0.514016 -1.209606 -0.077367 -2.642285 -1.634574 1.023365 0.779708 0.153941 1.000000 
-0.523400 -1.136382 -0.098446 -2.626996 -1.626216 1.065662 0.780888 0.141365 1.000000 
-0.532198 -1.062870 -0.119392 -2.608962 -1.617531 1.105137 0.781973 0.129932 1.000000 
-0.540406 -0.989231 -0.140183 -2.588294 -1.608542 1.141706 0.782970 0.119561 1.000000 
-0.548025 -0.915620 -0.160798 -2.565107 -1.599272 1.175297 0.783888 0.110166 1.000000 
-0.555056 -0.842188 -0.181218 -2.539524 -1.589745 1.205853 0.784735 0.101662 1.000000 
-0.561501 -0.769080 -0.201424 -2.511672 -1.579987 1.233327 0.785517 0.093967 1.000000 
-0.567363 -0.696435 -0.221399 -2.481683 -1.570020 1.257685 0.786240 0.087005 1.000000 
-0.572646 -0.624385 -0.241126 -2.449689 -1.559872 1.278904 0.786911 0.080703 1.000000 
-0.577355 -0.553055 -0.260589 -2.415828 -1.549566 1.296972 0.787533 0.074995 1.000000 
-0.581497 -0.482562 -0.279775 -2.380237 -1.539129 1.311890 0.788112 0.069821 1.000000 
-0.585079 -0.413015 -0.298669 -2.343052 -1.528585 1.323666 0.788652 0.065128 1.000000 
-0.588108 -0.344514 -0.317260 -2.304413 -1.517958 1.332321 0.789155 0.060865 1.000000 
-0.590594 -0.277153 -0.335536 -2.264453 -1.507276 1.337882 0.789627 0.056990 1.000000 
-0.592546 -0.211015 -0.353488 -2.223307 -1.496561 1.340386 0.790068 0.053462 1.000000 
-0.593974 -0.146175 -0.371106 -2.181107 -1.485837 1.339880 0.790483 0.050247 1.000000 
-0.594888 -0.082700 -0.388383 -2.137979 -1.475130 1.336415 0.790873 0.047314 1.000000 
-0.595301 -0.020647 -0.405311 -2.094048 -1.464463 1.330050 0.791241 0.044634 1.000000 
-0.595222 0.039933 -0.421886 -2.049432 -1.453857 1.320852 0.791588 0.042182 1.000000 
-0.594666 0.098999 -0.438101 -2.004247 -1.443336 1.308890 0.791916 0.039937 1.000000 
-0.593643 0.156518 -0.453952 -1.958600 -1.432922 1.294241 0.792227 0.037879 1.000000 
-0.592166 0.212465 -0.469437 -1.912595 -1.422635 1.276984 0.792522 0.035990 1.000000 
-0.590247 0.266822 -0.484553 -1.866328 -1.412497 1.257202 0.792803 0.034254 1.000000 
-0.587901 0.319578 -0.499298 -1.819890 -1.402527 1.234983 0.793071 0.032659 1.000000 
-0.585138 0.370730 -0.513671 -1.773365 -1.392744 1.210415 0.793326 0.031190 1.000000 
-0.581973 0.420279 -0.527672 -1.726829 -1.383166 1.183590 0.793570 0.029838 1.000000 
-0.578418 0.468236 -0.541301 -1.680353 -1.373812 1.154599 0.793804 0.028592 1.000000 
-0.574486 0.514614 -0.554558 -1.633998 -1.364698 1.123538 0.794028 0.027443 1.000000 
-0.570188 0.559433 -0.567445 -1.587822 -1.355841 1.090499 0.794243 0.026384 1.000000 
-0.565539 0.602718 -0.579964 -1.541872 -1.347255 1.055579 0.794450 0.025408 1.000000 
-0.560549 0.644498 -0.592116 -1.496189 -1.338956 1.018871 0.794650 0.024507 1.000000 
-0.555231 0.684807 -0.603904 -1.450809 -1.330958 0.980469 0.794843 0.023677 1.000000 
-0.549596 0.723681 -0.615330 -1.405759 -1.323273 0.940468 0.795029 0.022912 1.000000 
-0.543656 0.761160 -0.626397 -1.361059 -1.315914 0.898960 0.795209 0.022207 1.000000 
-0.537421 0.797287 -0.637108 -1.316722 -1.308893 0.856038 0.795384 0.021560 1.000000 
-0.530903 0.832108 -0.647465 -1.272757 -1.302221 0.811791 0.795555 0.020965 1.000000 
-0.524111 0.865668 -0.657473 -1.229164 -1.295908 0.766308 0.795720 0.020420 1.000000 
-0.517055 0.898016 -0.667133 -1.185938 -1.289963 0.719678 0.795881 0.019922 1.000000 
-0.509745 0.929203 -0.676449 -1.143067 -1.284396 0.671987 0.796039 0.019468 1.000000 
-0.502191 0.959278 -0.685423 -1.100535 -1.279214 0.623319 0.796193 0.019057 1.000000 
-0.494400 0.988292 -0.694058 -1.058320 -1.274425 0.573758 0.796344 0.018684 1.000000 
-0.486381 1.016297 -0.702357 -1.016393 -1.270036 0.523385 0.796492 0.018350 1.000000 
-0.478142 1.043343 -0.710321 -0.974722 -1.266053 0.472281 0.796638 0.018053 1.000000 
-0.469690 1.069481 -0.717953 -0.933270 -1.262481 0.420524 0.796781 0.017790 1.000000 
-0.461032 1.094758 -0.725254 -0.891996 -1.259326 0.368192 0.796922 0.017561 1.000000 
-0.452176 1.119224 -0.732225 -0.850854 -1.256592 0.315360 0.797062 0.017365 1.000000 
-0.443127 1.142925 -0.738868 -0.809794 -1.254281 0.262105 0.797200 0.017201 1.000000 
-0.433891 1.165906 -0.745182 -0.768763 -1.252399 0.208500 0.797337 0.017067 1.000000 
-0.424474 1.188209 -0.751168 -0.727706 -1.250946 0.154618 0.797473 0.016965 1.000000 
-0.414881 1.209876 -0.756825 -0.686564 -1.249925 0.100533 0.797609 0.016892 1.000000 
-0.405118 1.230945 -0.762152 -0.645275 -1.249338 0.046317 0.797744 0.016849 1.000000 
-0.395188 1.251452 -0.767149 -0.603776 -1.249185 -0.007959 0.797879 0.016836 1.000000 
-0.385096 1.271429 -0.771812 -0.562002 -1.249465 -0.062221 0.798013 0.016852 1.000000 
-0.374846 1.290906 -0.776140 -0.519886 -1.250180 -0.116399 0.798148 0.016898 1.000000 
-0.364443 1.309910 -0.780129 -0.477360 -1.251327 -0.170420 0.798284 0.016973 1.000000 
-0.353889 1.328465 -0.783776 -0.434356 -1.252906 -0.224211 0.798420 0.017078 1.000000 
-0.343188 1.346590 -0.787077 -0.390804 -1.254914 -0.277699 0.798557 0.017215 1.000000 
-0.332344 1.364302 -0.790028 -0.346636 -1.257348 -0.330810 0.798695 0.017382 1.000000 
-0.321360 1.381613 -0.792622 -0.301783 -1.260206 -0.383468 0.798835 0.017581 1.000000 
-0.310240 1.398531 -0.794854 -0.256177 -1.263482 -0.435597 0.798977 0.017813 1.000000 
-0.298985 1.415063 -0.796718 -0.209752 -1.267174 -0.487121 0.799120 0.018079 1.000000 
-0.287600 1.431208 -0.798208 -0.162443 -1.271274 -0.537958 0.799266 0.018380 1.000000 
-0.276087 1.446963 -0.799315 -0.114187 -1.275779 -0.588030 0.799414 0.018718 1.000000 
-0.264449 1.462321 -0.800032 -0.064923 -1.280681 -0.637255 0.799566 0.019093 1.000000 
-0.252691 1.477271 -0.800351 -0.014595 -1.285972 -0.685548 0.799720 0.019509 1.000000 
-0.240814 1.491797 -0.800263 0.036853 -1.291647 -0.732824 0.799878 0.019968 1.000000 
-0.228823 1.505878 -0.799758 0.089471 -1.297695 -0.778996 0.800040 0.020470 1.000000 
-0.216721 1.519492 -0.798828 0.143305 -1.304107 -0.823976 0.800206 0.021021 1.000000 
-0.204513 1.532609 -0.797462 0.198396 -1.310875 -0.867672 0.800376 0.021621 1.000000 
-0.192201 1.545198 -0.795650 0.254781 -1.317986 -0.909992 0.800552 0.022275 1.000000 
-0.179791 1.557222 -0.793382 0.312490 -1.325431 -0.950843 0.800733 0.022987 1.000000 
-0.167287 1.568642 -0.790647 0.371548 -1.333196 -0.990129 0.800920 0.023761 1.000000 
-0.154694 1.579413 -0.787433 0.431974 -1.341268 -1.027754 0.801113 0.024602 1.000000 
-0.142018 1.589489 -0.783731 0.493778 -1.349635 -1.063621 0.801313 0.025514 1.000000 
-0.129265 1.598818 -0.779529 0.556964 -1.358281 -1.097631 0.801521 0.026504 1.000000 
-0.116439 1.607346 -0.774816 0.621527 -1.367192 -1.129685 0.801738 0.027580 1.000000 
-0.103549 1.615017 -0.769581 0.687457 -1.376351 -1.159685 0.801963 0.028747 1.000000 
-0.090601 1.621769 -0.763813 0.754730 -1.385741 -1.187532 0.802198 0.030016 1.000000 
-0.077604 1.627541 -0.757502 0.823318 -1.395345 -1.213126 0.802444 0.031395 1.000000 
-0.064564 1.632267 -0.750637 0.893181 -1.405145 -1.236372 0.802701 0.032896 1.000000 
-0.051490 1.635882 -0.743208 0.964271 -1.415121 -1.257173 0.802970 0.034530 1.000000 
-0.038393 1.638317 -0.735205 1.036528 -1.425253 -1.275434 0.803254 0.036311 1.000000 
-0.025281 1.639502 -0.726621 1.109883 -1.435521 -1.291065 0.803552 0.038255 1.000000 
-0.012164 1.639369 -0.717445 1.184259 -1.445903 -1.303976 0.803866 0.040379 1.000000 
0.000946 1.637845 -0.707670 1.259565 -1.456377 -1.314083 0.804198 0.042702 1.000000 
0.014037 1.634862 -0.697289 1.335702 -1.466920 -1.321305 0.804550 0.045249 1.000000 
0.027099 1.630348 -0.686297 1.412560 -1.477510 -1.325565 0.804923 0.048043 1.000000 
0.040119 1.624237 -0.674687 1.490019 -1.488121 -1.326793 0.805319 0.051114 1.000000 
0.053083 1.616460 -0.662455 1.567947 -1.498730 -1.324925 0.805742 0.054494 1.000000 
0.065978 1.606953 -0.649599 1.646206 -1.509312 -1.319903 0.806192 0.058220 1.000000 
0.078789 1.595653 -0.636115 1.724646 -1.519840 -1.311676 0.806674 0.062335 1.000000 
0.091503 1.582502 -0.622004 1.803106 -1.530290 -1.300201 0.807191 0.066886 1.000000 
0.104104 1.567443 -0.607266 1.881421 -1.540635 -1.285446 0.807746 0.071928 1.000000 
0.116577 1.550425 -0.591902 1.959412 -1.550848 -1.267386 0.808343 0.077521 1.000000 
0.128906 1.531402 -0.575917 2.036899 -1.560904 -1.246005 0.808988 0.083734 1.000000 
0.141074 1.510332 -0.559314 2.113689 -1.570775 -1.221299 0.809685 0.090645 1.000000 
0.153065 1.487179 -0.542100 2.189586 -1.580436 -1.193273 0.810440 0.098340 1.000000 
0.164863 1.461914 -0.524284 2.264390 -1.589859 -1.161946 0.811260 0.106915 1.000000 
0.176450 1.434513 -0.505873 2.337893 -1.599018 -1.127345 0.812153 0.116474 1.000000 
0.187810 1.404960 -0.486881 2.409886 -1.607888 -1.089511 0.813127 0.127133 1.000000 
0.198924 1.373246 -0.467320 2.480158 -1.616442 -1.048496 0.814191 0.139012 1.000000 
0.209776 1.339369 -0.447204 2.548495 -1.624656 -1.004363 0.815355 0.152236 1.000000 
0.220348 1.303335 -0.426550 2.614684 -1.632504 -0.957189 0.816630 0.166928 1.000000 
0.230623 1.265158 -0.405375 2.678511 -1.639963 -0.907062 0.818030 0.183204 1.000000 
0.240585 1.224861 -0.383700 2.739767 -1.647009 -0.854080 0.819566 0.201159 1.000000 
0.250216 1.182473 -0.361546 2.798242 -1.653621 -0.798357 0.821253 0.220854 1.000000 
0.259499 1.138034 -0.338936 2.853735 -1.659776 -0.740013 0.823104 0.242292 1.000000 
0.268419 1.091589 -0.315895 2.906045 -1.665454 -0.679183 0.825134 0.265396 1.000000 
0.276959 1.043195 -0.292449 2.954979 -1.670636 -0.616011 0.827355 0.289978 1.000000 
0.285105 0.992913 -0.268625 3.000353 -1.675305 -0.550653 0.829777 0.315703 1.000000 
0.292841 0.940817 -0.244453 3.041988 -1.679442 -0.483274 0.832408 0.342064 1.000000 
0.300153 0.886986 -0.219964 3.079715 -1.683032 -0.414051 0.835250 0.368361 1.000000 
0.307028 0.831508 -0.195188 3.113375 -1.686062 -0.343172 0.838299 0.393698 1.000000 
0.313453 0.774482 -0.170161 3.142818 -1.688519 -0.270833 0.841543 0.417014 1.000000 
0.319416 0.716012 -0.144915 3.167910 -1.690392 -0.197246 0.844963 0.437151 1.000000 
0.324906 0.656214 -0.119486 3.188525 -1.691672 -0.122630 0.848526 0.452959 1.000000 
0.329912 0.595214 -0.093911 3.204555 -1.692352 -0.047220 0.852196 0.463426 1.000000 
0.334427 0.533143 -0.068226 3.215909 -1.692426 0.028740 0.855925 0.467822 1.000000 
0.338440 0.470144 -0.042469 3.222513 -1.691891 0.104994 0.859664 0.465805 1.000000 
0.341947 0.406369 -0.016678 3.224311 -1.690746 0.181277 0.863361 0.457479 1.000000 
0.344941 0.341974 0.009107 3.221272 -1.688992 0.257316 0.866968 0.443384 1.000000 
0.347417 0.277122 0.034849 3.213387 -1.686630 0.332833 0.870442 0.424410 1.000000 
0.349374 0.211984 0.060508 3.200669 -1.683668 0.407547 0.873748 0.401670 1.000000 
0.350809 0.146728 0.086047 3.183157 -1.680113 0.481177 0.876862 0.376358 1.000000 
0.351722 0.081528 0.111426 3.160915 -1.675973 0.553447 0.879766 0.349625 1.000000 
0.352114 0.016555 0.136609 3.134029 -1.671262 0.624086 0.882455 0.322482 1.000000 
0.351987 -0.048020 0.161559 3.102611 -1.665993 0.692832 0.884927 0.295750 1.000000 
0.351347 -0.112033 0.186239 3.066794 -1.660182 0.759435 0.887190 0.270044 1.000000 
0.350197 -0.175320 0.210616 3.026730 -1.653848 0.823656 0.889252 0.245786 1.000000 
0.348544 -0.237727 0.234656 2.982594 -1.647011 0.885273 0.891127 0.223228 1.000000 
0.346396 -0.299106 0.258327 2.934576 -1.639691 0.944078 0.892828 0.202492 1.000000 
0.343761 -0.359316 0.281600 2.882882 -1.631913 0.999883 0.894371 0.183599 1.000000 
0.340650 -0.418227 0.304444 2.827731 -1.623702 1.052516 0.895771 0.166498 1.000000 
0.337074 -0.475717 0.326835 2.769355 -1.615082 1.101825 0.897040 0.151097 1.000000 
0.333043 -0.531675 0.348746 2.707994 -1.606082 1.147674 0.898192 0.137276 1.000000 
0.328571 -0.585999 0.370155 2.643895 -1.596729 1.189951 0.899240 0.124901 1.000000 
0.323672 -0.638602 0.391042 2.577312 -1.587052 1.228558 0.900194 0.113837 1.000000 
0.318358 -0.689403 0.411386 2.508501 -1.577082 1.263421 0.901065 0.103952 1.000000 
0.312646 -0.738336 0.431172 2.437718 -1.566848 1.294481 0.901860 0.095121 1.000000 
0.306550 -0.785345 0.450385 2.365221 -1.556380 1.321698 0.902589 0.087228 1.000000 
0.300086 -0.830383 0.469012 2.291264 -1.545711 1.345050 0.903258 0.080169 1.000000 
0.293269 -0.873418 0.487042 2.216096 -1.534870 1.364531 0.903874 0.073849 1.000000 
0.286117 -0.914425 0.504467 2.139963 -1.523889 1.380152 0.904442 0.068184 1.000000 
0.278644 -0.953390 0.521280 2.063101 -1.512798 1.391938 0.904966 0.063097 1.000000 
0.270868 -0.990310 0.537475 1.985739 -1.501628 1.399929 0.905453 0.058524 1.000000 
0.262804 -1.025190 0.553051 1.908097 -1.490409 1.404177 0.905904 0.054405 1.000000 
0.254470 -1.058044 0.568005 1.830383 -1.479171 1.404746 0.906324 0.050690 1.000000 
0.245881 -1.088895 0.582337 1.752794 -1.467942 1.401711 0.906716 0.047332 1.000000 
0.237053 -1.117771 0.596050 1.675515 -1.456753 1.395158 0.907082 0.044293 1.000000 
0.228002 -1.144709 0.609147 1.598719 -1.445629 1.385179 0.907425 0.041538 1.000000 
0.218743 -1.169751 0.621631 1.522564 -1.434599 1.371877 0.907748 0.039036 1.000000 
0.209291 -1.192946 0.633510 1.447195 -1.423688 1.355359 0.908051 0.036760 1.000000 
0.199660 -1.214345 0.644789 1.372743 -1.412921 1.335739 0.908336 0.034687 1.000000 
0.189866 -1.234006 0.655476 1.299325 -1.402324 1.313133 0.908606 0.032797 1.000000 
0.179921 -1.251988 0.665581 1.227044 -1.391919 1.287663 0.908861 0.031071 1.000000 
0.169838 -1.268354 0.675112 1.155989 -1.381729 1.259453 0.909104 0.029492 1.000000 
0.159631 -1.283167 0.684080 1.086236 -1.371774 1.228628 0.909334 0.028048 1.000000 
0.149312 -1.296496 0.692496 1.017846 -1.362077 1.195317 0.909553 0.026725 1.000000 
0.138891 -1.308405 0.700370 0.950866 -1.352656 1.159644 0.909762 0.025513 1.000000 
0.128381 -1.318962 0.707714 0.885334 -1.343529 1.121739 0.909961 0.024401 1.000000 
0.117791 -1.328233 0.714539 0.821271 -1.334714 1.081725 0.910152 0.023382 1.000000 
0.107132 -1.336284 0.720858 0.758689 -1.326226 1.039729 0.910335 0.022447 1.000000 
0.096414 -1.343180 0.726682 0.697588 -1.318083 0.995873 0.910512 0.021590 1.000000 
0.085644 -1.348983 0.732023 0.637957 -1.310297 0.950277 0.910681 0.020805 1.000000 
0.074833 -1.353753 0.736893 0.579773 -1.302883 0.903059 0.910845 0.020086 1.000000 
0.063987 -1.357547 0.741303 0.523006 -1.295852 0.854336 0.911003 0.019429 1.000000 
0.053114 -1.360420 0.745265 0.467617 -1.289217 0.804220 0.911156 0.018830 1.000000 
0.042223 -1.362424 0.748789 0.413555 -1.282988 0.752821 0.911304 0.018285 1.000000 
0.031318 -1.363606 0.751885 0.360766 -1.277175 0.700244 0.911448 0.017791 1.000000 
0.020407 -1.364009 0.754564 0.309185 -1.271787 0.646595 0.911589 0.017345 1.000000 
0.009496 -1.363674 0.756835 0.258743 -1.266832 0.591972 0.911726 0.016944 1.000000 
-0.001410 -1.362636 0.758707 0.209364 -1.262318 0.536475 0.911860 0.016587 1.000000 
-0.012305 -1.360925 0.760188 0.160966 -1.258251 0.480197 0.911991 0.016271 1.000000 
-0.023183 -1.358568 0.761285 0.113464 -1.254636 0.423232 0.912121 0.015995 1.000000 
-0.034040 -1.355587 0.762005 0.066768 -1.251480 0.365669 0.912248 0.015757 1.000000 
-0.044871 -1.351997 0.762355 0.020785 -1.248787 0.307595 0.912373 0.015557 1.000000 
-0.055670 -1.347812 0.762339 -0.024582 -1.246560 0.249096 0.912497 0.015392 1.000000 
-0.066434 -1.343036 0.761963 -0.069430 -1.244802 0.190257 0.912619 0.015263 1.000000 
-0.077157 -1.337674 0.761230 -0.113860 -1.243517 0.131159 0.912741 0.015169 1.000000 
-0.087835 -1.331720 0.760142 -0.157973 -1.242704 0.071886 0.912862 0.015109 1.000000 
-0.098463 -1.325167 0.758703 -0.201871 -1.242367 0.012517 0.912983 0.015083 1.000000 
-0.109036 -1.318002 0.756912 -0.245655 -1.242504 -0.046867 0.913103 0.015091 1.000000 
-0.119550 -1.310207 0.754772 -0.289427 -1.243116 -0.106184 0.913224 0.015132 1.000000 
-0.129998 -1.301759 0.752281 -0.333285 -1.244203 -0.165353 0.913346 0.015208 1.000000 
-0.140376 -1.292631 0.749439 -0.377330 -1.245762 -0.224294 0.913468 0.015318 1.000000 
-0.150678 -1.282791 0.746243 -0.421657 -1.247791 -0.282923 0.913591 0.015463 1.000000 
-0.160899 -1.272202 0.742692 -0.466359 -1.250287 -0.341156 0.913715 0.015644 1.000000 
-0.171031 -1.260823 0.738780 -0.511527 -1.253248 -0.398907 0.913841 0.015862 1.000000 
-0.181070 -1.248611 0.734506 -0.557246 -1.256668 -0.456088 0.913969 0.016117 1.000000 
-0.191007 -1.235517 0.729863 -0.603599 -1.260543 -0.512609 0.914099 0.016411 1.000000 
-0.200835 -1.221489 0.724846 -0.650661 -1.264868 -0.568377 0.914232 0.016745 1.000000 
-0.210548 -1.206472 0.719450 -0.698505 -1.269635 -0.623297 0.914367 0.017122 1.000000 
-0.220136 -1.190407 0.713668 -0.747195 -1.274838 -0.677270 0.914506 0.017543 1.000000 
-0.229592 -1.173234 0.707493 -0.796790 -1.280469 -0.730195 0.914648 0.018010 1.000000 
-0.238905 -1.154891 0.700917 -0.847340 -1.286518 -0.781966 0.914794 0.018527 1.000000 
-0.248067 -1.135311 0.693932 -0.898888 -1.292977 -0.832475 0.914945 0.019096 1.000000 
-0.257066 -1.114430 0.686532 -0.951470 -1.299834 -0.881611 0.915100 0.019721 1.000000 
-0.265894 -1.092179 0.678706 -1.005111 -1.307079 -0.929258 0.915260 0.020405 1.000000 
-0.274537 -1.068491 0.670447 -1.059827 -1.314698 -0.975298 0.915426 0.021154 1.000000 
-0.282986 -1.043300 0.661746 -1.115625 -1.322679 -1.019610 0.915599 0.021972 1.000000 
-0.291226 -1.016537 0.652594 -1.172499 -1.331007 -1.062070 0.915778 0.022865 1.000000 
-0.299246 -0.988138 0.642983 -1.230435 -1.339667 -1.102549 0.915965 0.023840 1.000000 
-0.307032 -0.958039 0.632905 -1.289404 -1.348642 -1.140918 0.916160 0.024904 1.000000 
-0.314570 -0.926178 0.622350 -1.349369 -1.357915 -1.177046 0.916364 0.026066 1.000000 
0.000000 0.000000 0.000000 0.000000 0.000000 0.000000 0.000000 0.000000 0.000000 
