0.207714 1.730405 0.399230 0.780580 -1.664814 0.793406 0.848630 -0.094686 1.000000 
0.221470 1.708395 0.405291 0.734569 -1.658416 0.805828 0.847903 -0.087159 1.000000 
0.235045 1.685231 0.410983 0.688644 -1.651927 0.816096 0.847233 -0.080486 1.000000 
0.248431 1.660987 0.416309 0.642875 -1.645364 0.824210 0.846613 -0.074555 1.000000 
0.261619 1.635736 0.421270 0.597326 -1.638745 0.830176 0.846039 -0.069270 1.000000 
0.274600 1.609551 0.425867 0.552058 -1.632087 0.834007 0.845504 -0.064549 1.000000 
0.287369 1.582503 0.430104 0.507127 -1.625407 0.835720 0.845004 -0.060321 1.000000 
0.299918 1.554662 0.433982 0.462586 -1.618721 0.835340 0.844537 -0.056527 1.000000 
0.312242 1.526094 0.437506 0.418483 -1.612047 0.832892 0.844099 -0.053114 1.000000 
0.324334 1.496866 0.440679 0.374863 -1.605400 0.828411 0.843687 -0.050037 1.000000 
0.336190 1.467041 0.443505 0.331764 -1.598797 0.821933 0.843298 -0.047259 1.000000 
0.347805 1.436679 0.445989 0.289224 -1.592254 0.813498 0.842930 -0.044745 1.000000 
0.359176 1.405838 0.448135 0.247272 -1.585787 0.803153 0.842581 -0.042467 1.000000 
0.370298 1.374571 0.449947 0.205937 -1.579409 0.790944 0.842250 -0.040399 1.000000 
0.381168 1.342932 0.451431 0.165241 -1.573136 0.776923 0.841934 -0.038520 1.000000 
0.391784 1.310966 0.452593 0.125204 -1.566983 0.761145 0.841633 -0.036810 1.000000 
0.402142 1.278719 0.453436 0.085839 -1.560962 0.743666 0.841345 -0.035253 1.000000 
0.412242 1.246231 0.453968 0.047160 -1.555089 0.724546 0.841069 -0.033833 1.000000 
0.422082 1.213540 0.454193 0.009173 -1.549374 0.703846 0.840803 -0.032538 1.000000 
0.431659 1.180679 0.454117 -0.028118 -1.543831 0.681629 0.840548 -0.031357 1.000000 
0.440972 1.147677 0.453745 -0.064711 -1.538472 0.657960 0.840301 -0.030279 1.000000 
0.450021 1.114561 0.453083 -0.100608 -1.533307 0.632906 0.840063 -0.029296 1.000000 
0.458805 1.081352 0.452137 -0.135815 -1.528349 0.606532 0.839832 -0.028400 1.000000 
0.467323 1.048069 0.450912 -0.170340 -1.523606 0.578908 0.839608 -0.027584 1.000000 
0.475574 1.014728 0.449413 -0.204192 -1.519089 0.550103 0.839391 -0.026841 1.000000 
0.483558 0.981338 0.447646 -0.237384 -1.514808 0.520186 0.839179 -0.026167 1.000000 
0.491275 0.947908 0.445617 -0.269931 -1.510769 0.489228 0.838972 -0.025557 1.000000 
0.498725 0.914443 0.443329 -0.301849 -1.506982 0.457300 0.838770 -0.025006 1.000000 
0.505906 0.880942 0.440789 -0.333157 -1.503455 0.424472 0.838572 -0.024511 1.000000 
0.512819 0.847404 0.438000 -0.363873 -1.500193 0.390816 0.838377 -0.024068 1.000000 
0.519464 0.813824 0.434968 -0.394019 -1.497204 0.356403 0.838186 -0.023676 1.000000 
0.525841 0.780194 0.431698 -0.423617 -1.494492 0.321303 0.837998 -0.023330 1.000000 
0.531947 0.746501 0.428192 -0.452688 -1.492065 0.285590 0.837813 -0.023030 1.000000 
0.537784 0.712735 0.424456 -0.481256 -1.489925 0.249333 0.837630 -0.022773 1.000000 
0.543351 0.678877 0.420493 -0.509344 -1.488076 0.212605 0.837448 -0.022558 1.000000 
0.548646 0.644911 0.416308 -0.536976 -1.486524 0.175476 0.837269 -0.022383 1.000000 
0.553669 0.610816 0.411903 -0.564175 -1.485270 0.138017 0.837090 -0.022247 1.000000 
0.558419 0.576570 0.407282 -0.590964 -1.484316 0.100299 0.836913 -0.022150 1.000000 
0.562894 0.542151 0.402448 -0.617367 -1.483665 0.062394 0.836736 -0.022091 1.000000 
0.567093 0.507533 0.397405 -0.643404 -1.483318 0.024372 0.836559 -0.022070 1.000000 
0.571014 0.472690 0.392155 -0.669097 -1.483276 -0.013697 0.836383 -0.022087 1.000000 
0.574655 0.437595 0.386700 -0.694466 -1.483537 -0.051741 0.836206 -0.022141 1.000000 
0.578014 0.402221 0.381044 -0.719531 -1.484103 -0.089690 0.836028 -0.022232 1.000000 
0.581090 0.366540 0.375189 -0.744309 -1.484972 -0.127474 0.835850 -0.022363 1.000000 
0.583878 0.330523 0.369136 -0.768816 -1.486142 -0.165021 0.835670 -0.022532 1.000000 
0.586377 0.294142 0.362888 -0.793067 -1.487612 -0.202262 0.835489 -0.022742 1.000000 
0.588583 0.257369 0.356447 -0.817074 -1.489377 -0.239126 0.835306 -0.022993 1.000000 
0.590494 0.220177 0.349816 -0.840849 -1.491436 -0.275541 0.835121 -0.023286 1.000000 
0.592105 0.182538 0.342994 -0.864399 -1.493785 -0.311439 0.834934 -0.023624 1.000000 
0.593413 0.144427 0.335986 -0.887733 -1.496418 -0.346747 0.834743 -0.024009 1.000000 
0.594415 0.105820 0.328791 -0.910854 -1.499331 -0.381397 0.834549 -0.024442 1.000000 
0.595105 0.066693 0.321413 -0.933765 -1.502518 -0.415316 0.834352 -0.024926 1.000000 
0.595480 0.027025 0.313852 -0.956465 -1.505974 -0.448436 0.834150 -0.025465 1.000000 
0.595536 -0.013203 0.306110 -0.978952 -1.509691 -0.480687 0.833944 -0.026062 1.000000 
0.595267 -0.054009 0.298189 -1.001220 -1.513662 -0.511998 0.833733 -0.026721 1.000000 
0.594670 -0.095406 0.290091 -1.023261 -1.517880 -0.542300 0.833517 -0.027446 1.000000 
0.593739 -0.137407 0.281817 -1.045065 -1.522336 -0.571525 0.833294 -0.028241 1.000000 
0.592470 -0.180021 0.273371 -1.066618 -1.527021 -0.599605 0.833065 -0.029113 1.000000 
0.590857 -0.223253 0.264752 -1.087905 -1.531927 -0.626472 0.832828 -0.030068 1.000000 
0.588896 -0.267105 0.255965 -1.108908 -1.537042 -0.652060 0.832583 -0.031113 1.000000 
0.586582 -0.311577 0.247011 -1.129604 -1.542356 -0.676302 0.832330 -0.032256 1.000000 
0.583909 -0.356663 0.237892 -1.149971 -1.547859 -0.699136 0.832067 -0.033505 1.000000 
0.580874 -0.402355 0.228612 -1.169982 -1.553538 -0.720499 0.831793 -0.034871 1.000000 
0.577470 -0.448639 0.219173 -1.189609 -1.559383 -0.740329 0.831509 -0.036364 1.000000 
0.573694 -0.495499 0.209579 -1.208819 -1.565379 -0.758568 0.831211 -0.037999 1.000000 
0.569541 -0.542911 0.199833 -1.227581 -1.571515 -0.775158 0.830900 -0.039788 1.000000 
0.565006 -0.590851 0.189939 -1.245857 -1.577777 -0.790045 0.830574 -0.041750 1.000000 
0.560086 -0.639287 0.179901 -1.263611 -1.584151 -0.803178 0.830232 -0.043901 1.000000 
0.554776 -0.688184 0.169723 -1.280802 -1.590623 -0.814508 0.829871 -0.046264 1.000000 
0.549074 -0.737502 0.159410 -1.297391 -1.597179 -0.823989 0.829491 -0.048862 1.000000 
0.542975 -0.787195 0.148967 -1.313333 -1.603802 -0.831579 0.829089 -0.051723 1.000000 
0.536478 -0.837216 0.138398 -1.328584 -1.610479 -0.837240 0.828662 -0.054878 1.000000 
0.529579 -0.887508 0.127711 -1.343100 -1.617193 -0.840939 0.828210 -0.058362 1.000000 
0.522277 -0.938015 0.116911 -1.356833 -1.623928 -0.842646 0.827728 -0.062217 1.000000 
0.514570 -0.988672 0.106004 -1.369738 -1.630670 -0.842336 0.827213 -0.066489 1.000000 
0.506458 -1.039411 0.094997 -1.381767 -1.637400 -0.839990 0.826663 -0.071232 1.000000 
0.497940 -1.090163 0.083898 -1.392873 -1.644104 -0.835594 0.826072 -0.076508 1.000000 
0.489016 -1.140850 0.072714 -1.403008 -1.650764 -0.829139 0.825437 -0.082387 1.000000 
0.479687 -1.191395 0.061453 -1.412126 -1.657365 -0.820622 0.824752 -0.088951 1.000000 
0.469954 -1.241713 0.050123 -1.420181 -1.663889 -0.810048 0.824012 -0.096294 1.000000 
0.459820 -1.291720 0.038733 -1.427129 -1.670320 -0.797426 0.823209 -0.104523 1.000000 
0.449287 -1.341326 0.027292 -1.432926 -1.676642 -0.782773 0.822336 -0.113761 1.000000 
0.438360 -1.390442 0.015809 -1.437530 -1.682839 -0.766112 0.821386 -0.124151 1.000000 
0.427042 -1.438973 0.004295 -1.440903 -1.688895 -0.747474 0.820347 -0.135853 1.000000 
0.415338 -1.486826 -0.007242 -1.443006 -1.694793 -0.726896 0.819208 -0.149049 1.000000 
0.403255 -1.533904 -0.018790 -1.443806 -1.700520 -0.704423 0.817957 -0.163944 1.000000 
0.390798 -1.580112 -0.030339 -1.443270 -1.706059 -0.680108 0.816580 -0.180768 1.000000 
0.377976 -1.625353 -0.041879 -1.441372 -1.711397 -0.654009 0.815059 -0.199770 1.000000 
0.364795 -1.669532 -0.053397 -1.438086 -1.716519 -0.626194 0.813377 -0.221220 1.000000 
0.351266 -1.712552 -0.064884 -1.433393 -1.721412 -0.596736 0.811512 -0.245394 1.000000 
0.337398 -1.754322 -0.076328 -1.427275 -1.726063 -0.565717 0.809443 -0.272571 1.000000 
0.323201 -1.794748 -0.087717 -1.419721 -1.730459 -0.533225 0.807143 -0.303002 1.000000 
0.308686 -1.833743 -0.099040 -1.410723 -1.734590 -0.499355 0.804585 -0.336885 1.000000 
0.293865 -1.871222 -0.110285 -1.400280 -1.738446 -0.464210 0.801743 -0.374318 1.000000 
0.278750 -1.907102 -0.121440 -1.388394 -1.742015 -0.427897 0.798587 -0.415242 1.000000 
0.263356 -1.941308 -0.132495 -1.375074 -1.745289 -0.390530 0.795090 -0.459373 1.000000 
0.247694 -1.973766 -0.143438 -1.360331 -1.748261 -0.352229 0.791230 -0.506116 1.000000 
0.231780 -2.004412 -0.154257 -1.344186 -1.750923 -0.313117 0.786988 -0.554494 1.000000 
0.215629 -2.033184 -0.164941 -1.326663 -1.753269 -0.273323 0.782357 -0.603093 1.000000 
0.199254 -2.060031 -0.175480 -1.307790 -1.755294 -0.232975 0.777343 -0.650054 1.000000 
0.182673 -2.084905 -0.185862 -1.287603 -1.756995 -0.192208 0.771967 -0.693150 1.000000 
0.165901 -2.107768 -0.196078 -1.266139 -1.758369 -0.151152 0.766269 -0.729950 1.000000 
0.148954 -2.128590 -0.206117 -1.243444 -1.759413 -0.109938 0.760311 -0.758093 1.000000 
0.131849 -2.147348 -0.215970 -1.219562 -1.760128 -0.068694 0.754168 -0.775601 1.000000 
0.114602 -2.164026 -0.225627 -1.194545 -1.760513 -0.027542 0.747933 -0.781198 1.000000 
0.097230 -2.178617 -0.235080 -1.168443 -1.760569 0.013400 0.741702 -0.774521 1.000000 
0.079750 -2.191120 -0.244319 -1.141310 -1.760299 0.054024 0.735572 -0.756185 1.000000 
0.062178 -2.201540 -0.253338 -1.113200 -1.759706 0.094226 0.729630 -0.727656 1.000000 
0.044531 -2.209890 -0.262128 -1.084166 -1.758793 0.133911 0.723951 -0.691002 1.000000 
0.026825 -2.216183 -0.270682 -1.054264 -1.757565 0.172991 0.718590 -0.648576 1.000000 
0.009078 -2.220442 -0.278994 -1.023546 -1.756027 0.211384 0.713583 -0.602710 1.000000 
-0.008696 -2.222689 -0.287057 -0.992066 -1.754185 0.249012 0.708950 -0.555490 1.000000 
-0.026480 -2.222952 -0.294865 -0.959879 -1.752045 0.285802 0.704694 -0.508623 1.000000 
-0.044258 -2.221261 -0.302413 -0.927036 -1.749614 0.321685 0.700808 -0.463390 1.000000 
-0.062015 -2.217649 -0.309696 -0.893591 -1.746900 0.356593 0.697273 -0.420666 1.000000 
-0.079736 -2.212153 -0.316709 -0.859598 -1.743911 0.390462 0.694069 -0.380978 1.000000 
-0.097405 -2.204810 -0.323448 -0.825110 -1.740656 0.423230 0.691169 -0.344579 1.000000 
-0.115008 -2.195662 -0.329910 -0.790178 -1.737143 0.454839 0.688547 -0.311517 1.000000 
-0.132531 -2.184751 -0.336090 -0.754857 -1.733382 0.485230 0.686176 -0.281702 1.000000 
-0.149959 -2.172125 -0.341987 -0.719199 -1.729383 0.514351 0.684031 -0.254955 1.000000 
-0.167280 -2.157832 -0.347597 -0.683255 -1.725156 0.542149 0.682089 -0.231049 1.000000 
-0.184480 -2.141921 -0.352918 -0.647078 -1.720712 0.568577 0.680327 -0.209733 1.000000 
-0.201547 -2.124444 -0.357949 -0.610718 -1.716062 0.593589 0.678727 -0.190752 1.000000 
-0.218467 -2.105457 -0.362689 -0.574225 -1.711218 0.617143 0.677270 -0.173861 1.000000 
-0.235230 -2.085015 -0.367137 -0.537649 -1.706192 0.639202 0.675940 -0.158830 1.000000 
-0.251824 -2.063174 -0.371292 -0.501037 -1.700995 0.659731 0.674724 -0.145447 1.000000 
-0.268237 -2.039995 -0.375153 -0.464436 -1.695640 0.678699 0.673609 -0.133520 1.000000 
-0.284460 -2.015535 -0.378723 -0.427891 -1.690140 0.696080 0.672584 -0.122878 1.000000 
-0.300483 -1.989854 -0.382000 -0.391446 -1.684507 0.711851 0.671640 -0.113370 1.000000 
-0.316295 -1.963015 -0.384986 -0.355143 -1.678755 0.725992 0.670768 -0.104862 1.000000 
-0.331888 -1.935077 -0.387683 -0.319022 -1.672896 0.738490 0.669960 -0.097235 1.000000 
-0.347253 -1.906101 -0.390091 -0.283122 -1.666944 0.749332 0.669210 -0.090386 1.000000 
-0.362383 -1.876149 -0.392213 -0.247478 -1.660911 0.758513 0.668512 -0.084226 1.000000 
-0.377269 -1.845280 -0.394052 -0.212126 -1.654812 0.766028 0.667861 -0.078674 1.000000 
-0.391905 -1.813554 -0.395608 -0.177097 -1.648659 0.771879 0.667252 -0.073662 1.000000 
-0.406284 -1.781029 -0.396886 -0.142423 -1.642466 0.776068 0.666681 -0.069129 1.000000 
-0.420400 -1.747765 -0.397888 -0.108131 -1.636246 0.778605 0.666145 -0.065023 1.000000 
-0.434247 -1.713816 -0.398617 -0.074246 -1.630013 0.779500 0.665640 -0.061296 1.000000 
-0.447819 -1.679238 -0.399077 -0.040794 -1.623779 0.778768 0.665163 -0.057908 1.000000 
-0.461113 -1.644084 -0.399271 -0.007795 -1.617557 0.776427 0.664712 -0.054824 1.000000 
-0.474123 -1.608406 -0.399203 0.024731 -1.611360 0.772497 0.664285 -0.052012 1.000000 
-0.486846 -1.572252 -0.398877 0.056766 -1.605201 0.767002 0.663879 -0.049444 1.000000 
-0.499278 -1.535672 -0.398296 0.088297 -1.599092 0.759968 0.663493 -0.047097 1.000000 
-0.511416 -1.498709 -0.397465 0.119309 -1.593046 0.751424 0.663125 -0.044948 1.000000 
-0.523256 -1.461407 -0.396389 0.149791 -1.587073 0.741402 0.662774 -0.042978 1.000000 
-0.534797 -1.423806 -0.395070 0.179735 -1.581187 0.729936 0.662437 -0.041172 1.000000 
-0.546037 -1.385945 -0.393514 0.209133 -1.575398 0.717061 0.662115 -0.039513 1.000000 
-0.556972 -1.347859 -0.391726 0.237980 -1.569718 0.702816 0.661805 -0.037990 1.000000 
-0.567602 -1.309580 -0.389708 0.266272 -1.564157 0.687239 0.661506 -0.036588 1.000000 
-0.577925 -1.271140 -0.387467 0.294006 -1.558725 0.670373 0.661219 -0.035300 1.000000 
-0.587940 -1.232565 -0.385006 0.321184 -1.553434 0.652261 0.660941 -0.034114 1.000000 
-0.597646 -1.193882 -0.382329 0.347805 -1.548292 0.632946 0.660673 -0.033023 1.000000 
-0.607042 -1.155111 -0.379442 0.373873 -1.543310 0.612474 0.660413 -0.032020 1.000000 
-0.616127 -1.116273 -0.376349 0.399390 -1.538496 0.590892 0.660160 -0.031097 1.000000 
-0.624902 -1.077385 -0.373053 0.424363 -1.533858 0.568249 0.659915 -0.030248 1.000000 
-0.633365 -1.038461 -0.369560 0.448796 -1.529406 0.544592 0.659676 -0.029469 1.000000 
-0.641517 -0.999514 -0.365874 0.472697 -1.525148 0.519972 0.659443 -0.028754 1.000000 
-0.649357 -0.960552 -0.361999 0.496074 -1.521089 0.494438 0.659216 -0.028100 1.000000 
-0.656886 -0.921583 -0.357938 0.518936 -1.517239 0.468042 0.658994 -0.027502 1.000000 
-0.664103 -0.882611 -0.353697 0.541291 -1.513603 0.440835 0.658776 -0.026957 1.000000 
-0.671008 -0.843638 -0.349279 0.563150 -1.510188 0.412870 0.658562 -0.026462 1.000000 
-0.677601 -0.804666 -0.344688 0.584522 -1.506999 0.384198 0.658352 -0.026014 1.000000 
-0.683882 -0.765692 -0.339928 0.605419 -1.504042 0.354873 0.658146 -0.025611 1.000000 
-0.689852 -0.726713 -0.335002 0.625852 -1.501322 0.324947 0.657942 -0.025251 1.000000 
-0.695510 -0.687722 -0.329915 0.645831 -1.498844 0.294474 0.657742 -0.024932 1.000000 
-0.700856 -0.648712 -0.324670 0.665367 -1.496612 0.263507 0.657543 -0.024652 1.000000 
-0.705889 -0.609675 -0.319271 0.684472 -1.494629 0.232100 0.657347 -0.024409 1.000000 
-0.710610 -0.570600 -0.313720 0.703157 -1.492900 0.200307 0.657153 -0.024203 1.000000 
-0.715019 -0.531475 -0.308021 0.721431 -1.491425 0.168181 0.656960 -0.024033 1.000000 
-0.719114 -0.492287 -0.302178 0.739306 -1.490209 0.135778 0.656768 -0.023897 1.000000 
-0.722895 -0.453022 -0.296193 0.756791 -1.489254 0.103149 0.656577 -0.023796 1.000000 
-0.726362 -0.413666 -0.290070 0.773896 -1.488560 0.070351 0.656387 -0.023727 1.000000 
-0.729513 -0.374201 -0.283812 0.790630 -1.488128 0.037436 0.656198 -0.023692 1.000000 
-0.732349 -0.334612 -0.277421 0.807000 -1.487961 0.004459 0.656008 -0.023690 1.000000 
-0.734867 -0.294883 -0.270901 0.823015 -1.488057 -0.028526 0.655818 -0.023721 1.000000 
-0.737066 -0.254995 -0.264254 0.838682 -1.488417 -0.061465 0.655628 -0.023785 1.000000 
-0.738946 -0.214931 -0.257483 0.854005 -1.489040 -0.094305 0.655438 -0.023883 1.000000 
-0.740505 -0.174674 -0.250591 0.868991 -1.489925 -0.126991 0.655246 -0.024014 1.000000 
-0.741740 -0.134207 -0.243580 0.883644 -1.491071 -0.159469 0.655053 -0.024179 1.000000 
-0.742651 -0.093513 -0.236453 0.897966 -1.492476 -0.191686 0.654859 -0.024380 1.000000 
-0.743236 -0.052575 -0.229213 0.911959 -1.494138 -0.223588 0.654663 -0.024617 1.000000 
-0.743492 -0.011378 -0.221863 0.925626 -1.496053 -0.255122 0.654465 -0.024890 1.000000 
-0.743417 0.030094 -0.214404 0.938965 -1.498218 -0.286234 0.654265 -0.025203 1.000000 
-0.743010 0.071855 -0.206840 0.951977 -1.500631 -0.316871 0.654062 -0.025555 1.000000 
-0.742267 0.113918 -0.199174 0.964657 -1.503287 -0.346980 0.653856 -0.025950 1.000000 
-0.741186 0.156294 -0.191407 0.977004 -1.506181 -0.376508 0.653647 -0.026388 1.000000 
-0.739765 0.198995 -0.183542 0.989012 -1.509309 -0.405403 0.653434 -0.026872 1.000000 
-0.738001 0.242028 -0.175583 1.000676 -1.512666 -0.433614 0.653217 -0.027405 1.000000 
-0.735892 0.285402 -0.167533 1.011989 -1.516245 -0.461087 0.652995 -0.027988 1.000000 
-0.733434 0.329121 -0.159393 1.022943 -1.520041 -0.487773 0.652769 -0.028627 1.000000 
-0.730625 0.373189 -0.151166 1.033528 -1.524047 -0.513620 0.652537 -0.029323 1.000000 
-0.727462 0.417607 -0.142857 1.043734 -1.528257 -0.538579 0.652299 -0.030081 1.000000 
-0.723942 0.462375 -0.134468 1.053550 -1.532662 -0.562600 0.652055 -0.030905 1.000000 
-0.720063 0.507489 -0.126001 1.062964 -1.537256 -0.585634 0.651805 -0.031801 1.000000 
-0.715822 0.552943 -0.117461 1.071960 -1.542030 -0.607634 0.651546 -0.032772 1.000000 
-0.711215 0.598730 -0.108851 1.080526 -1.546975 -0.628554 0.651280 -0.033826 1.000000 
-0.706241 0.644839 -0.100174 1.088646 -1.552083 -0.648348 0.651005 -0.034969 1.000000 
-0.700897 0.691256 -0.091434 1.096303 -1.557345 -0.666970 0.650720 -0.036208 1.000000 
-0.695180 0.737965 -0.082635 1.103479 -1.562752 -0.684379 0.650425 -0.037552 1.000000 
-0.689089 0.784946 -0.073780 1.110158 -1.568292 -0.700533 0.650119 -0.039010 1.000000 
-0.682620 0.832179 -0.064874 1.116320 -1.573957 -0.715392 0.649801 -0.040592 1.000000 
-0.675773 0.879637 -0.055920 1.121946 -1.579735 -0.728917 0.649469 -0.042309 1.000000 
-0.668546 0.927293 -0.046924 1.127017 -1.585616 -0.741072 0.649123 -0.044174 1.000000 
-0.660936 0.975116 -0.037889 1.131511 -1.591588 -0.751823 0.648762 -0.046202 1.000000 
-0.652943 1.023073 -0.028821 1.135410 -1.597641 -0.761138 0.648384 -0.048408 1.000000 
-0.644567 1.071125 -0.019724 1.138691 -1.603763 -0.768988 0.647987 -0.050811 1.000000 
-0.635805 1.119234 -0.010604 1.141334 -1.609941 -0.775344 0.647570 -0.053431 1.000000 
-0.626659 1.167357 -0.001465 1.143319 -1.616164 -0.780182 0.647131 -0.056290 1.000000 
-0.617128 1.215449 0.007687 1.144624 -1.622420 -0.783480 0.646669 -0.059414 1.000000 
-0.607212 1.263461 0.016847 1.145229 -1.628696 -0.785220 0.646180 -0.062831 1.000000 
-0.596913 1.311342 0.026009 1.145113 -1.634979 -0.785386 0.645663 -0.066574 1.000000 
-0.586231 1.359040 0.035167 1.144258 -1.641258 -0.783966 0.645114 -0.070679 1.000000 
-0.575169 1.406498 0.044315 1.142644 -1.647518 -0.780950 0.644531 -0.075187 1.000000 
-0.563728 1.453658 0.053447 1.140252 -1.653748 -0.776333 0.643910 -0.080144 1.000000 
-0.551911 1.500461 0.062557 1.137066 -1.659935 -0.770114 0.643247 -0.085602 1.000000 
-0.539722 1.546844 0.071638 1.133068 -1.666066 -0.762294 0.642539 -0.091621 1.000000 
-0.527163 1.592744 0.080684 1.128243 -1.672128 -0.752880 0.641780 -0.098265 1.000000 
-0.514239 1.638095 0.089688 1.122577 -1.678108 -0.741882 0.640965 -0.105610 1.000000 
-0.500955 1.682831 0.098643 1.116057 -1.683994 -0.729313 0.640088 -0.113739 1.000000 
-0.487316 1.726885 0.107542 1.108671 -1.689773 -0.715194 0.639142 -0.122744 1.000000 
-0.473327 1.770189 0.116379 1.100411 -1.695433 -0.699546 0.638121 -0.132729 1.000000 
-0.458995 1.812673 0.125147 1.091267 -1.700961 -0.682396 0.637016 -0.143809 1.000000 
-0.444326 1.854269 0.133837 1.081233 -1.706347 -0.663777 0.635817 -0.156110 1.000000 
-0.429329 1.894907 0.142444 1.070306 -1.711578 -0.643724 0.634514 -0.169767 1.000000 
-0.414011 1.934520 0.150960 1.058482 -1.716643 -0.622277 0.633097 -0.184927 1.000000 
-0.398380 1.973039 0.159377 1.045762 -1.721531 -0.599483 0.631551 -0.201743 1.000000 
-0.382445 2.010399 0.167690 1.032147 -1.726231 -0.575390 0.629864 -0.220371 1.000000 
-0.366217 2.046532 0.175889 1.017642 -1.730734 -0.550051 0.628020 -0.240965 1.000000 
-0.349704 2.081376 0.183969 1.002252 -1.735029 -0.523525 0.626003 -0.263665 1.000000 
-0.332918 2.114868 0.191923 0.985987 -1.739107 -0.495873 0.623795 -0.288585 1.000000 
-0.315870 2.146950 0.199743 0.968858 -1.742960 -0.467163 0.621379 -0.315800 1.000000 
-0.298571 2.177564 0.207422 0.950879 -1.746579 -0.437463 0.618736 -0.345316 1.000000 
-0.281033 2.206656 0.214955 0.932065 -1.749957 -0.406848 0.615848 -0.377046 1.000000 
-0.263269 2.234177 0.222333 0.912435 -1.753087 -0.375395 0.612698 -0.410781 1.000000 
-0.245290 2.260078 0.229552 0.892010 -1.755961 -0.343183 0.609272 -0.446152 1.000000 
-0.227112 2.284317 0.236603 0.870813 -1.758576 -0.310297 0.605557 -0.482600 1.000000 
-0.208746 2.306854 0.243483 0.848869 -1.760924 -0.276820 0.601549 -0.519356 1.000000 
-0.190207 2.327657 0.250183 0.826206 -1.763003 -0.242841 0.597249 -0.555431 1.000000 
-0.171508 2.346694 0.256700 0.802854 -1.764809 -0.208447 0.592667 -0.589642 1.000000 
-0.152664 2.363940 0.263027 0.778843 -1.766338 -0.173729 0.587823 -0.620664 1.000000 
-0.133690 2.379376 0.269160 0.754208 -1.767588 -0.138775 0.582749 -0.647121 1.000000 
-0.114599 2.392987 0.275093 0.728982 -1.768558 -0.103673 0.577485 -0.667711 1.000000 
-0.095407 2.404761 0.280822 0.703201 -1.769246 -0.068512 0.572084 -0.681345 1.000000 
-0.076128 2.414694 0.286343 0.676900 -1.769654 -0.033374 0.566604 -0.687273 1.000000 
-0.056777 2.422785 0.291651 0.650117 -1.769781 0.001657 0.561109 -0.685184 1.000000 
-0.037368 2.429038 0.296744 0.622888 -1.769628 0.036502 0.555662 -0.675245 1.000000 
-0.017917 2.433459 0.301616 0.595250 -1.769197 0.071088 0.550324 -0.658071 1.000000 
0.001562 2.436061 0.306267 0.567239 -1.768491 0.105342 0.545150 -0.634649 1.000000 
0.021055 2.436857 0.310691 0.538891 -1.767513 0.139197 0.540183 -0.606206 1.000000 
0.040547 2.435866 0.314888 0.510242 -1.766266 0.172587 0.535460 -0.574080 1.000000 
0.060024 2.433108 0.318855 0.481327 -1.764753 0.205453 0.531004 -0.539591 1.000000 
0.079472 2.428606 0.322589 0.452180 -1.762980 0.237735 0.526830 -0.503946 1.000000 
0.098877 2.422385 0.326089 0.422836 -1.760951 0.269378 0.522942 -0.468174 1.000000 
0.118226 2.414473 0.329354 0.393328 -1.758672 0.300327 0.519337 -0.433102 1.000000 
0.137504 2.404900 0.332382 0.363690 -1.756148 0.330531 0.516008 -0.399347 1.000000 
0.156700 2.393697 0.335172 0.333953 -1.753385 0.359940 0.512943 -0.367339 1.000000 
0.175799 2.380897 0.337725 0.304152 -1.750391 0.388506 0.510126 -0.337346 1.000000 
0.194790 2.366536 0.340039 0.274317 -1.747172 0.416183 0.507540 -0.309504 1.000000 
0.213660 2.350651 0.342114 0.244480 -1.743734 0.442927 0.505168 -0.283851 1.000000 
0.232397 2.333281 0.343950 0.214672 -1.740087 0.468695 0.502992 -0.260349 1.000000 
0.250989 2.314466 0.345549 0.184923 -1.736238 0.493446 0.500997 -0.238915 1.000000 
0.269424 2.294247 0.346909 0.155262 -1.732195 0.517143 0.499165 -0.219429 1.000000 
0.287693 2.272668 0.348033 0.125719 -1.727967 0.539749 0.497481 -0.201757 1.000000 
0.305783 2.249773 0.348921 0.096322 -1.723562 0.561229 0.495932 -0.185755 1.000000 
0.323686 2.225607 0.349575 0.067097 -1.718990 0.581553 0.494505 -0.171281 1.000000 
0.341390 2.200217 0.349995 0.038072 -1.714260 0.600691 0.493188 -0.158194 1.000000 
0.358886 2.173650 0.350185 0.009271 -1.709382 0.618617 0.491970 -0.146362 1.000000 
0.376165 2.145954 0.350144 -0.019281 -1.704366 0.635305 0.490843 -0.135663 1.000000 
0.393219 2.117177 0.349877 -0.047560 -1.699221 0.650736 0.489797 -0.125982 1.000000 
0.410037 2.087368 0.349384 -0.075545 -1.693957 0.664888 0.488825 -0.117216 1.000000 
0.426614 2.056577 0.348669 -0.103215 -1.688586 0.677747 0.487919 -0.109271 1.000000 
0.442940 2.024852 0.347734 -0.130549 -1.683117 0.689299 0.487074 -0.102063 1.000000 
0.459009 1.992242 0.346581 -0.157529 -1.677561 0.699532 0.486285 -0.095516 1.000000 
0.474814 1.958796 0.345214 -0.184137 -1.671928 0.708439 0.485545 -0.089563 1.000000 
0.490348 1.924562 0.343636 -0.210356 -1.666229 0.716013 0.484850 -0.084142 1.000000 
0.505605 1.889589 0.341850 -0.236173 -1.660475 0.722252 0.484197 -0.079200 1.000000 
0.520579 1.853923 0.339858 -0.261573 -1.654677 0.727154 0.483582 -0.074688 1.000000 
0.535266 1.817612 0.337666 -0.286543 -1.648844 0.730722 0.483001 -0.070564 1.000000 
0.549659 1.780699 0.335275 -0.311073 -1.642989 0.732959 0.482452 -0.066790 1.000000 
0.563756 1.743231 0.332690 -0.335151 -1.637121 0.733874 0.481932 -0.063332 1.000000 
0.577550 1.705250 0.329914 -0.358769 -1.631250 0.733474 0.481438 -0.060159 1.000000 
0.591038 1.666799 0.326951 -0.381919 -1.625388 0.731771 0.480968 -0.057244 1.000000 
0.604217 1.627917 0.323804 -0.404594 -1.619545 0.728778 0.480521 -0.054564 1.000000 
0.617084 1.588645 0.320478 -0.426789 -1.613731 0.724510 0.480095 -0.052096 1.000000 
0.629635 1.549020 0.316977 -0.448500 -1.607957 0.718986 0.479687 -0.049822 1.000000 
0.641867 1.509078 0.313304 -0.469722 -1.602231 0.712224 0.479297 -0.047725 1.000000 
0.653779 1.468853 0.309463 -0.490453 -1.596564 0.704246 0.478923 -0.045788 1.000000 
0.665368 1.428379 0.305458 -0.510692 -1.590966 0.695074 0.478564 -0.043999 1.000000 
0.676633 1.387687 0.301293 -0.530439 -1.585446 0.684734 0.478219 -0.042345 1.000000 
0.687571 1.346805 0.296972 -0.549692 -1.580013 0.673250 0.477886 -0.040814 1.000000 
0.698181 1.305761 0.292499 -0.568454 -1.574677 0.660651 0.477565 -0.039398 1.000000 
0.708463 1.264580 0.287878 -0.586727 -1.569446 0.646966 0.477256 -0.038086 1.000000 
0.718414 1.223287 0.283113 -0.604512 -1.564329 0.632224 0.476956 -0.036871 1.000000 
0.728035 1.181902 0.278207 -0.621812 -1.559333 0.616457 0.476665 -0.035745 1.000000 
0.737324 1.140446 0.273165 -0.638632 -1.554468 0.599698 0.476384 -0.034702 1.000000 
0.746282 1.098936 0.267990 -0.654976 -1.549741 0.581980 0.476110 -0.033736 1.000000 
0.754907 1.057389 0.262687 -0.670848 -1.545159 0.563338 0.475844 -0.032841 1.000000 
0.763200 1.015819 0.257258 -0.686254 -1.540729 0.543807 0.475584 -0.032013 1.000000 
0.771160 0.974238 0.251708 -0.701199 -1.536460 0.523423 0.475331 -0.031247 1.000000 
0.778788 0.932658 0.246040 -0.715688 -1.532357 0.502223 0.475084 -0.030540 1.000000 
0.786083 0.891087 0.240258 -0.729728 -1.528426 0.480245 0.474843 -0.029887 1.000000 
0.793045 0.849532 0.234366 -0.743326 -1.524675 0.457527 0.474606 -0.029286 1.000000 
0.799676 0.807999 0.228366 -0.756486 -1.521108 0.434108 0.474374 -0.028733 1.000000 
0.805973 0.766493 0.222263 -0.769217 -1.517731 0.410027 0.474146 -0.028226 1.000000 
0.811939 0.725015 0.216060 -0.781523 -1.514549 0.385324 0.473922 -0.027763 1.000000 
0.817574 0.683568 0.209760 -0.793413 -1.511567 0.360040 0.473702 -0.027341 1.000000 
0.822877 0.642150 0.203366 -0.804891 -1.508790 0.334214 0.473485 -0.026959 1.000000 
0.827848 0.600761 0.196883 -0.815965 -1.506221 0.307888 0.473270 -0.026614 1.000000 
0.832489 0.559397 0.190312 -0.826640 -1.503865 0.281102 0.473059 -0.026306 1.000000 
0.836799 0.518055 0.183657 -0.836923 -1.501725 0.253899 0.472849 -0.026032 1.000000 
0.840778 0.476730 0.176922 -0.846818 -1.499804 0.226319 0.472642 -0.025792 1.000000 
0.844426 0.435416 0.170109 -0.856332 -1.498104 0.198405 0.472437 -0.025585 1.000000 
0.847744 0.394107 0.163222 -0.865469 -1.496630 0.170199 0.472233 -0.025410 1.000000 
0.850732 0.352795 0.156263 -0.874234 -1.495382 0.141742 0.472030 -0.025266 1.000000 
0.853389 0.311471 0.149235 -0.882632 -1.494363 0.113077 0.471828 -0.025152 1.000000 
0.855716 0.270128 0.142142 -0.890666 -1.493573 0.084245 0.471627 -0.025069 1.000000 
0.857711 0.228756 0.134985 -0.898340 -1.493015 0.055290 0.471427 -0.025014 1.000000 
0.859376 0.187345 0.127769 -0.905656 -1.492689 0.026254 0.471227 -0.024990 1.000000 
0.860709 0.145886 0.120496 -0.912617 -1.492595 -0.002821 0.471027 -0.024994 1.000000 
0.861710 0.104368 0.113168 -0.919225 -1.492734 -0.031893 0.470827 -0.025028 1.000000 
0.862378 0.062782 0.105789 -0.925482 -1.493105 -0.060919 0.470627 -0.025091 1.000000 
0.862714 0.021118 0.098361 -0.931388 -1.493708 -0.089858 0.470426 -0.025184 1.000000 
0.862716 -0.020635 0.090888 -0.936944 -1.494543 -0.118666 0.470224 -0.025307 1.000000 
0.862383 -0.062486 0.083371 -0.942149 -1.495607 -0.147301 0.470021 -0.025461 1.000000 
0.861716 -0.104444 0.075814 -0.947003 -1.496899 -0.175723 0.469816 -0.025645 1.000000 
0.860712 -0.146519 0.068220 -0.951503 -1.498417 -0.203888 0.469610 -0.025861 1.000000 
0.859371 -0.188718 0.060591 -0.955649 -1.500160 -0.231755 0.469402 -0.026110 1.000000 
0.857692 -0.231049 0.052931 -0.959437 -1.502125 -0.259282 0.469192 -0.026392 1.000000 
0.855674 -0.273520 0.045241 -0.962865 -1.504308 -0.286428 0.468980 -0.026710 1.000000 
0.853315 -0.316136 0.037526 -0.965929 -1.506706 -0.313152 0.468765 -0.027063 1.000000 
0.850615 -0.358903 0.029787 -0.968624 -1.509317 -0.339413 0.468547 -0.027454 1.000000 
0.847573 -0.401824 0.022029 -0.970945 -1.512136 -0.365170 0.468326 -0.027884 1.000000 
0.844186 -0.444904 0.014253 -0.972888 -1.515158 -0.390383 0.468101 -0.028355 1.000000 
0.840454 -0.488143 0.006464 -0.974447 -1.518380 -0.415012 0.467872 -0.028870 1.000000 
0.836375 -0.531542 -0.001337 -0.975615 -1.521797 -0.439018 0.467639 -0.029430 1.000000 
0.831949 -0.575102 -0.009145 -0.976385 -1.525403 -0.462361 0.467401 -0.030038 1.000000 
0.827173 -0.618818 -0.016958 -0.976750 -1.529193 -0.485003 0.467158 -0.030697 1.000000 
0.822047 -0.662688 -0.024772 -0.976704 -1.533161 -0.506907 0.466909 -0.031409 1.000000 
0.816570 -0.706706 -0.032584 -0.976237 -1.537301 -0.528034 0.466655 -0.032179 1.000000 
0.810739 -0.750866 -0.040391 -0.975342 -1.541607 -0.548349 0.466394 -0.033010 1.000000 
0.804555 -0.795159 -0.048188 -0.974009 -1.546072 -0.567815 0.466127 -0.033906 1.000000 
0.798017 -0.839574 -0.055974 -0.972231 -1.550690 -0.586398 0.465852 -0.034873 1.000000 
0.791122 -0.884100 -0.063743 -0.969998 -1.555452 -0.604062 0.465569 -0.035913 1.000000 
0.783871 -0.928722 -0.071492 -0.967301 -1.560352 -0.620776 0.465277 -0.037034 1.000000 
0.776262 -0.973424 -0.079218 -0.964131 -1.565382 -0.636506 0.464976 -0.038242 1.000000 
0.768296 -1.018189 -0.086917 -0.960479 -1.570534 -0.651221 0.464665 -0.039543 1.000000 
0.759971 -1.062997 -0.094585 -0.956334 -1.575799 -0.664892 0.464343 -0.040945 1.000000 
0.751288 -1.107827 -0.102217 -0.951688 -1.581169 -0.677490 0.464009 -0.042455 1.000000 
0.742246 -1.152655 -0.109810 -0.946532 -1.586636 -0.688988 0.463663 -0.044083 1.000000 
0.732845 -1.197455 -0.117360 -0.940856 -1.592190 -0.699360 0.463304 -0.045840 1.000000 
0.723087 -1.242200 -0.124863 -0.934652 -1.597822 -0.708581 0.462929 -0.047736 1.000000 
0.712970 -1.286862 -0.132313 -0.927911 -1.603524 -0.716629 0.462539 -0.049783 1.000000 
0.702497 -1.331408 -0.139708 -0.920624 -1.609285 -0.723482 0.462132 -0.051995 1.000000 
0.691668 -1.375807 -0.147042 -0.912785 -1.615097 -0.729123 0.461707 -0.054387 1.000000 
0.680485 -1.420022 -0.154311 -0.904385 -1.620948 -0.733533 0.461262 -0.056977 1.000000 
0.668948 -1.464019 -0.161510 -0.895418 -1.626830 -0.736696 0.460795 -0.059782 1.000000 
0.657061 -1.507758 -0.168636 -0.885877 -1.632732 -0.738601 0.460305 -0.062824 1.000000 
0.644825 -1.551200 -0.175683 -0.875757 -1.638644 -0.739236 0.459789 -0.066125 1.000000 
0.632243 -1.594304 -0.182647 -0.865052 -1.644556 -0.738591 0.459246 -0.069711 1.000000 
0.619317 -1.637027 -0.189522 -0.853759 -1.650458 -0.736661 0.458673 -0.073610 1.000000 
0.606052 -1.679326 -0.196305 -0.841874 -1.656339 -0.733441 0.458067 -0.077854 1.000000 
0.592449 -1.721155 -0.202991 -0.829393 -1.662190 -0.728930 0.457426 -0.082478 1.000000 
0.578514 -1.762468 -0.209574 -0.816316 -1.667999 -0.723128 0.456746 -0.087520 1.000000 
0.564251 -1.803218 -0.216050 -0.802642 -1.673756 -0.716040 0.456025 -0.093025 1.000000 
0.549665 -1.843357 -0.222415 -0.788370 -1.679452 -0.707671 0.455257 -0.099039 1.000000 
0.534759 -1.882837 -0.228662 -0.773503 -1.685076 -0.698031 0.454438 -0.105615 1.000000 
0.519541 -1.921608 -0.234789 -0.758042 -1.690617 -0.687131 0.453565 -0.112812 1.000000 
0.504016 -1.959620 -0.240790 -0.741991 -1.696066 -0.674986 0.452632 -0.120693 1.000000 
0.488189 -1.996825 -0.246659 -0.725354 -1.701414 -0.661613 0.451632 -0.129327 1.000000 
0.472069 -2.033172 -0.252394 -0.708138 -1.706649 -0.647032 0.450560 -0.138791 1.000000 
0.455661 -2.068612 -0.257988 -0.690349 -1.711763 -0.631267 0.449409 -0.149165 1.000000 
0.438974 -2.103095 -0.263438 -0.671995 -1.716746 -0.614344 0.448171 -0.160536 1.000000 
0.422014 -2.136573 -0.268738 -0.653087 -1.721589 -0.596292 0.446838 -0.172995 1.000000 
0.404791 -2.168997 -0.273886 -0.633634 -1.726284 -0.577143 0.445400 -0.186637 1.000000 
0.387313 -2.200321 -0.278875 -0.613649 -1.730821 -0.556931 0.443848 -0.201556 1.000000 
0.369589 -2.230499 -0.283703 -0.593145 -1.735192 -0.535695 0.442171 -0.217844 1.000000 
0.351628 -2.259484 -0.288364 -0.572137 -1.739389 -0.513474 0.440359 -0.235585 1.000000 
0.333441 -2.287235 -0.292856 -0.550639 -1.743405 -0.490312 0.438398 -0.254853 1.000000 
0.315036 -2.313709 -0.297173 -0.528671 -1.747232 -0.466255 0.436277 -0.275695 1.000000 
0.296425 -2.338867 -0.301313 -0.506248 -1.750863 -0.441350 0.433982 -0.298131 1.000000 
0.277618 -2.362671 -0.305272 -0.483392 -1.754291 -0.415650 0.431502 -0.322136 1.000000 
0.258626 -2.385084 -0.309046 -0.460121 -1.757511 -0.389206 0.428824 -0.347625 1.000000 
0.239460 -2.406074 -0.312633 -0.436459 -1.760517 -0.362075 0.425937 -0.374442 1.000000 
0.220132 -2.425611 -0.316029 -0.412428 -1.763303 -0.334314 0.422830 -0.402339 1.000000 
0.200654 -2.443665 -0.319231 -0.388050 -1.765864 -0.305981 0.419497 -0.430968 1.000000 
0.181038 -2.460213 -0.322237 -0.363351 -1.768197 -0.277138 0.415934 -0.459863 1.000000 
0.161295 -2.475231 -0.325044 -0.338356 -1.770297 -0.247847 0.412141 -0.488442 1.000000 
0.141438 -2.488701 -0.327650 -0.313091 -1.772162 -0.218170 0.408122 -0.516015 1.000000 
0.121480 -2.500608 -0.330052 -0.287582 -1.773787 -0.188173 0.403889 -0.541801 1.000000 
0.101433 -2.510938 -0.332250 -0.261857 -1.775172 -0.157917 0.399460 -0.564968 1.000000 
0.081309 -2.519682 -0.334242 -0.235942 -1.776313 -0.127469 0.394859 -0.584683 1.000000 
0.061122 -2.526835 -0.336025 -0.209866 -1.777211 -0.096891 0.390116 -0.600174 1.000000 
0.040884 -2.532392 -0.337599 -0.183655 -1.777864 -0.066247 0.385269 -0.610796 1.000000 
0.020608 -2.536356 -0.338963 -0.157337 -1.778271 -0.035598 0.380358 -0.616094 1.000000 
0.000307 -2.538727 -0.340116 -0.130939 -1.778433 -0.005004 0.375426 -0.615844 1.000000 
-0.020007 -2.539514 -0.341058 -0.104488 -1.778351 0.025475 0.370519 -0.610081 1.000000 
-0.040321 -2.538724 -0.341788 -0.078011 -1.778026 0.055784 0.365679 -0.599090 1.000000 
-0.060623 -2.536369 -0.342306 -0.051533 -1.777459 0.085867 0.360946 -0.583378 1.000000 
-0.080899 -2.532463 -0.342613 -0.025079 -1.776653 0.115672 0.356356 -0.563618 1.000000 
0.000000 0.000000 0.000000 0.000000 0.000000 0.000000 0.000000 0.000000 0.000000 
