0.157446 1.042775 -0.311605 -0.429421 -1.854918 0.410263 1.092647 0.092190 1.000000 
0.165716 1.024667 -0.314918 -0.398718 -1.851642 0.408541 1.093361 0.086359 1.000000 
0.173839 1.005932 -0.317985 -0.368026 -1.848384 0.405670 1.094030 0.081115 1.000000 
0.181809 0.986601 -0.320806 -0.337374 -1.845154 0.401662 1.094660 0.076390 1.000000 
0.189623 0.966705 -0.323383 -0.306790 -1.841961 0.396534 1.095254 0.072127 1.000000 
0.197275 0.946273 -0.325715 -0.276300 -1.838812 0.390306 1.095815 0.068276 1.000000 
0.204762 0.925333 -0.327804 -0.245926 -1.835718 0.382999 1.096347 0.064791 1.000000 
0.212079 0.903913 -0.329650 -0.215692 -1.832687 0.374641 1.096853 0.061635 1.000000 
0.219223 0.882038 -0.331255 -0.185615 -1.829727 0.365257 1.097334 0.058773 1.000000 
0.226190 0.859733 -0.332620 -0.155716 -1.826846 0.354879 1.097794 0.056177 1.000000 
0.232978 0.837022 -0.333747 -0.126009 -1.824051 0.343539 1.098234 0.053820 1.000000 
0.239582 0.813926 -0.334637 -0.096510 -1.821352 0.331273 1.098655 0.051680 1.000000 
0.246000 0.790467 -0.335292 -0.067230 -1.818753 0.318118 1.099061 0.049736 1.000000 
0.252228 0.766662 -0.335713 -0.038182 -1.816264 0.304113 1.099452 0.047972 1.000000 
0.258265 0.742530 -0.335904 -0.009373 -1.813890 0.289299 1.099829 0.046371 1.000000 
0.264108 0.718086 -0.335864 0.019186 -1.811637 0.273718 1.100194 0.044920 1.000000 
0.269754 0.693344 -0.335597 0.047491 -1.809512 0.257414 1.100548 0.043607 1.000000 
0.275201 0.668319 -0.335105 0.075536 -1.807520 0.240434 1.100892 0.042422 1.000000 
0.280446 0.643020 -0.334389 0.103316 -1.805667 0.222824 1.101227 0.041355 1.000000 
0.285488 0.617459 -0.333453 0.130830 -1.803957 0.204632 1.101554 0.040397 1.000000 
0.290325 0.591642 -0.332297 0.158074 -1.802394 0.185908 1.101874 0.039543 1.000000 
0.294954 0.565579 -0.330924 0.185048 -1.800984 0.166700 1.102187 0.038785 1.000000 
0.299374 0.539274 -0.329337 0.211751 -1.799728 0.147062 1.102495 0.038118 1.000000 
0.303582 0.512731 -0.327537 0.238184 -1.798632 0.127043 1.102797 0.037538 1.000000 
0.307577 0.485956 -0.325527 0.264348 -1.797696 0.106697 1.103095 0.037040 1.000000 
0.311356 0.458950 -0.323308 0.290244 -1.796925 0.086076 1.103390 0.036621 1.000000 
0.314919 0.431714 -0.320883 0.315872 -1.796320 0.065235 1.103682 0.036278 1.000000 
0.318263 0.404250 -0.318255 0.341236 -1.795882 0.044226 1.103971 0.036009 1.000000 
0.321387 0.376557 -0.315424 0.366335 -1.795612 0.023105 1.104258 0.035813 1.000000 
0.324288 0.348634 -0.312394 0.391173 -1.795512 0.001924 1.104544 0.035687 1.000000 
0.326964 0.320482 -0.309166 0.415749 -1.795582 -0.019260 1.104829 0.035633 1.000000 
0.329415 0.292097 -0.305743 0.440064 -1.795820 -0.040394 1.105114 0.035648 1.000000 
0.331637 0.263479 -0.302126 0.464120 -1.796228 -0.061423 1.105400 0.035734 1.000000 
0.333630 0.234626 -0.298318 0.487915 -1.796803 -0.082292 1.105686 0.035891 1.000000 
0.335390 0.205536 -0.294320 0.511449 -1.797544 -0.102947 1.105974 0.036121 1.000000 
0.336918 0.176207 -0.290135 0.534720 -1.798449 -0.123335 1.106264 0.036426 1.000000 
0.338209 0.146639 -0.285765 0.557725 -1.799516 -0.143401 1.106557 0.036807 1.000000 
0.339263 0.116830 -0.281212 0.580461 -1.800743 -0.163092 1.106853 0.037268 1.000000 
0.340078 0.086780 -0.276478 0.602922 -1.802125 -0.182355 1.107154 0.037812 1.000000 
0.340651 0.056491 -0.271566 0.625103 -1.803659 -0.201139 1.107459 0.038444 1.000000 
0.340981 0.025964 -0.266478 0.646998 -1.805341 -0.219392 1.107769 0.039168 1.000000 
0.341066 -0.004800 -0.261215 0.668597 -1.807168 -0.237063 1.108086 0.039991 1.000000 
0.340904 -0.035795 -0.255781 0.689890 -1.809133 -0.254104 1.108409 0.040919 1.000000 
0.340492 -0.067018 -0.250178 0.710868 -1.811232 -0.270464 1.108741 0.041961 1.000000 
0.339831 -0.098461 -0.244408 0.731518 -1.813458 -0.286098 1.109081 0.043125 1.000000 
0.338917 -0.130118 -0.238474 0.751825 -1.815807 -0.300959 1.109431 0.044422 1.000000 
0.337748 -0.161978 -0.232380 0.771775 -1.818271 -0.315002 1.109792 0.045863 1.000000 
0.336324 -0.194031 -0.226127 0.791350 -1.820845 -0.328184 1.110165 0.047462 1.000000 
0.334643 -0.226262 -0.219719 0.810534 -1.823520 -0.340464 1.110552 0.049235 1.000000 
0.332704 -0.258659 -0.213159 0.829306 -1.826290 -0.351801 1.110953 0.051200 1.000000 
0.330504 -0.291202 -0.206451 0.847646 -1.829146 -0.362159 1.111372 0.053377 1.000000 
0.328044 -0.323875 -0.199598 0.865531 -1.832082 -0.371501 1.111808 0.055791 1.000000 
0.325322 -0.356655 -0.192604 0.882939 -1.835087 -0.379795 1.112265 0.058468 1.000000 
0.322337 -0.389520 -0.185473 0.899844 -1.838155 -0.387008 1.112744 0.061440 1.000000 
0.319090 -0.422445 -0.178208 0.916222 -1.841277 -0.393113 1.113249 0.064743 1.000000 
0.315578 -0.455402 -0.170815 0.932045 -1.844442 -0.398083 1.113781 0.068420 1.000000 
0.311803 -0.488361 -0.163297 0.947285 -1.847643 -0.401896 1.114345 0.072520 1.000000 
0.307765 -0.521292 -0.155660 0.961915 -1.850869 -0.404530 1.114943 0.077101 1.000000 
0.303463 -0.554160 -0.147908 0.975904 -1.854112 -0.405969 1.115580 0.082229 1.000000 
0.298898 -0.586929 -0.140047 0.989224 -1.857362 -0.406199 1.116260 0.087984 1.000000 
0.294072 -0.619563 -0.132082 1.001844 -1.860608 -0.405209 1.116989 0.094458 1.000000 
0.288986 -0.652020 -0.124019 1.013733 -1.863842 -0.402991 1.117774 0.101761 1.000000 
0.283640 -0.684261 -0.115864 1.024861 -1.867053 -0.399540 1.118620 0.110021 1.000000 
0.278038 -0.716241 -0.107624 1.035197 -1.870231 -0.394857 1.119537 0.119392 1.000000 
0.272181 -0.747916 -0.099304 1.044710 -1.873367 -0.388945 1.120534 0.130056 1.000000 
0.266073 -0.779240 -0.090911 1.053369 -1.876451 -0.381808 1.121622 0.142230 1.000000 
0.259715 -0.810165 -0.082452 1.061146 -1.879473 -0.373458 1.122814 0.156173 1.000000 
0.253111 -0.840643 -0.073935 1.068009 -1.882423 -0.363907 1.124126 0.172194 1.000000 
0.246266 -0.870624 -0.065366 1.073931 -1.885292 -0.353173 1.125576 0.190664 1.000000 
0.239183 -0.900057 -0.056754 1.078883 -1.888071 -0.341274 1.127185 0.212022 1.000000 
0.231866 -0.928892 -0.048107 1.082838 -1.890749 -0.328234 1.128977 0.236794 1.000000 
0.224322 -0.957078 -0.039432 1.085770 -1.893319 -0.314079 1.130984 0.265601 1.000000 
0.216555 -0.984561 -0.030737 1.087654 -1.895772 -0.298837 1.133240 0.299174 1.000000 
0.208571 -1.011291 -0.022032 1.088466 -1.898098 -0.282539 1.135786 0.338359 1.000000 
0.200376 -1.037216 -0.013325 1.088183 -1.900290 -0.265217 1.138671 0.384117 1.000000 
0.191978 -1.062283 -0.004624 1.086782 -1.902339 -0.246904 1.141952 0.437502 1.000000 
0.183382 -1.086441 0.004061 1.084243 -1.904238 -0.227635 1.145694 0.499613 1.000000 
0.174597 -1.109640 0.012721 1.080546 -1.905979 -0.207443 1.149972 0.571492 1.000000 
0.165631 -1.131827 0.021346 1.075670 -1.907554 -0.186363 1.154866 0.653941 1.000000 
0.156491 -1.152951 0.029928 1.069597 -1.908958 -0.164427 1.160464 0.747240 1.000000 
0.147187 -1.172961 0.038457 1.062308 -1.910183 -0.141666 1.166849 0.850728 1.000000 
0.137727 -1.191803 0.046922 1.053782 -1.911223 -0.118109 1.174097 0.962270 1.000000 
0.128121 -1.209424 0.055314 1.044001 -1.912071 -0.093788 1.182256 1.077686 1.000000 
0.118379 -1.225767 0.063622 1.032945 -1.912721 -0.068734 1.191333 1.190352 1.000000 
0.108512 -1.240772 0.071837 1.020596 -1.913169 -0.042988 1.201271 1.291283 1.000000 
0.098531 -1.254377 0.079948 1.006940 -1.913407 -0.016602 1.211934 1.370071 1.000000 
0.088446 -1.266515 0.087945 0.991965 -1.913433 0.010355 1.223106 1.416796 1.000000 
0.078271 -1.277120 0.095816 0.975667 -1.913240 0.037791 1.234499 1.424530 1.000000 
0.068016 -1.286125 0.103552 0.958051 -1.912827 0.065588 1.245789 1.391451 1.000000 
0.057697 -1.293468 0.111142 0.939131 -1.912190 0.093606 1.256663 1.321549 1.000000 
0.047326 -1.299095 0.118575 0.918932 -1.911329 0.121690 1.266859 1.223474 1.000000 
0.036916 -1.302961 0.125841 0.897488 -1.910244 0.149671 1.276193 1.108123 1.000000 
0.026483 -1.305032 0.132931 0.874843 -1.908935 0.177379 1.284571 0.986097 1.000000 
0.016040 -1.305288 0.139836 0.851046 -1.907407 0.204644 1.291976 0.865939 1.000000 
0.005603 -1.303718 0.146545 0.826153 -1.905663 0.231302 1.298447 0.753458 1.000000 
-0.004814 -1.300327 0.153051 0.800228 -1.903708 0.257195 1.304060 0.651885 1.000000 
-0.015197 -1.295126 0.159346 0.773336 -1.901550 0.282174 1.308909 0.562453 1.000000 
-0.025531 -1.288139 0.165422 0.745548 -1.899196 0.306098 1.313092 0.485070 1.000000 
-0.035803 -1.279398 0.171273 0.716939 -1.896655 0.328837 1.316700 0.418874 1.000000 
-0.045997 -1.268944 0.176891 0.687583 -1.893938 0.350271 1.319820 0.362645 1.000000 
-0.056101 -1.256825 0.182272 0.657561 -1.891055 0.370290 1.322526 0.315063 1.000000 
-0.066102 -1.243096 0.187411 0.626951 -1.888017 0.388794 1.324881 0.274856 1.000000 
-0.075987 -1.227819 0.192302 0.595832 -1.884838 0.405695 1.326940 0.240869 1.000000 
-0.085743 -1.211058 0.196943 0.564285 -1.881531 0.420916 1.328749 0.212095 1.000000 
-0.095360 -1.192883 0.201330 0.532389 -1.878108 0.434389 1.330345 0.187677 1.000000 
-0.104826 -1.173368 0.205460 0.500219 -1.874585 0.446059 1.331761 0.166892 1.000000 
-0.114130 -1.152588 0.209333 0.467852 -1.870976 0.455880 1.333024 0.149142 1.000000 
-0.123264 -1.130620 0.212946 0.435360 -1.867296 0.463818 1.334154 0.133929 1.000000 
-0.132217 -1.107544 0.216298 0.402813 -1.863560 0.469848 1.335172 0.120843 1.000000 
-0.140982 -1.083437 0.219391 0.370277 -1.859784 0.473955 1.336093 0.109545 1.000000 
-0.149550 -1.058377 0.222223 0.337815 -1.855982 0.476135 1.336929 0.099755 1.000000 
-0.157914 -1.032443 0.224796 0.305484 -1.852171 0.476391 1.337692 0.091242 1.000000 
-0.166067 -1.005708 0.227111 0.273339 -1.848365 0.474736 1.338392 0.083815 1.000000 
-0.174003 -0.978246 0.229170 0.241431 -1.844580 0.471193 1.339036 0.077315 1.000000 
-0.181717 -0.950127 0.230975 0.209803 -1.840831 0.465789 1.339631 0.071608 1.000000 
-0.189204 -0.921418 0.232528 0.178497 -1.837132 0.458562 1.340183 0.066585 1.000000 
-0.196458 -0.892182 0.233832 0.147548 -1.833499 0.449556 1.340698 0.062152 1.000000 
-0.203477 -0.862478 0.234890 0.116988 -1.829944 0.438820 1.341179 0.058231 1.000000 
-0.210257 -0.832361 0.235705 0.086842 -1.826482 0.426410 1.341631 0.054756 1.000000 
-0.216794 -0.801882 0.236280 0.057134 -1.823126 0.412388 1.342056 0.051671 1.000000 
-0.223086 -0.771086 0.236620 0.027879 -1.819888 0.396820 1.342458 0.048929 1.000000 
-0.229131 -0.740012 0.236728 -0.000907 -1.816781 0.379777 1.342840 0.046491 1.000000 
-0.234926 -0.708699 0.236607 -0.029216 -1.813815 0.361335 1.343203 0.044321 1.000000 
-0.240469 -0.677174 0.236262 -0.057042 -1.811003 0.341571 1.343549 0.042390 1.000000 
-0.245760 -0.645465 0.235696 -0.084383 -1.808353 0.320567 1.343882 0.040673 1.000000 
-0.250796 -0.613592 0.234913 -0.111239 -1.805877 0.298409 1.344201 0.039148 1.000000 
-0.255577 -0.581571 0.233917 -0.137615 -1.803582 0.275183 1.344508 0.037798 1.000000 
-0.260101 -0.549413 0.232712 -0.163517 -1.801477 0.250978 1.344806 0.036606 1.000000 
-0.264367 -0.517125 0.231302 -0.188954 -1.799569 0.225888 1.345095 0.035559 1.000000 
-0.268375 -0.484710 0.229690 -0.213936 -1.797864 0.200003 1.345375 0.034645 1.000000 
-0.272122 -0.452167 0.227880 -0.238476 -1.796370 0.173419 1.345649 0.033855 1.000000 
-0.275609 -0.419489 0.225876 -0.262586 -1.795091 0.146231 1.345917 0.033180 1.000000 
-0.278834 -0.386670 0.223680 -0.286281 -1.794032 0.118536 1.346180 0.032613 1.000000 
-0.281795 -0.353697 0.221296 -0.309576 -1.793196 0.090431 1.346439 0.032149 1.000000 
-0.284492 -0.320557 0.218728 -0.332486 -1.792586 0.062014 1.346695 0.031784 1.000000 
-0.286924 -0.287234 0.215977 -0.355025 -1.792204 0.033384 1.346948 0.031512 1.000000 
-0.289088 -0.253709 0.213048 -0.377208 -1.792052 0.004640 1.347199 0.031333 1.000000 
-0.290982 -0.219964 0.209943 -0.399047 -1.792130 -0.024119 1.347450 0.031245 1.000000 
-0.292606 -0.185979 0.206664 -0.420556 -1.792438 -0.052793 1.347700 0.031246 1.000000 
-0.293957 -0.151733 0.203215 -0.441744 -1.792974 -0.081283 1.347950 0.031338 1.000000 
-0.295033 -0.117205 0.199597 -0.462622 -1.793738 -0.109490 1.348201 0.031521 1.000000 
-0.295832 -0.082375 0.195814 -0.483196 -1.794725 -0.137314 1.348454 0.031798 1.000000 
-0.296351 -0.047225 0.191867 -0.503470 -1.795933 -0.164657 1.348710 0.032171 1.000000 
-0.296587 -0.011736 0.187759 -0.523449 -1.797358 -0.191420 1.348969 0.032646 1.000000 
-0.296537 0.024107 0.183493 -0.543130 -1.798994 -0.217505 1.349233 0.033226 1.000000 
-0.296200 0.060317 0.179070 -0.562511 -1.800836 -0.242816 1.349501 0.033920 1.000000 
-0.295571 0.096905 0.174493 -0.581586 -1.802877 -0.267256 1.349776 0.034734 1.000000 
-0.294648 0.133877 0.169765 -0.600346 -1.805110 -0.290731 1.350057 0.035680 1.000000 
-0.293428 0.171239 0.164889 -0.618777 -1.807526 -0.313148 1.350347 0.036768 1.000000 
-0.291908 0.208987 0.159866 -0.636865 -1.810117 -0.334415 1.350646 0.038013 1.000000 
-0.290083 0.247118 0.154700 -0.654589 -1.812873 -0.354443 1.350956 0.039431 1.000000 
-0.287953 0.285621 0.149393 -0.671927 -1.815784 -0.373146 1.351278 0.041041 1.000000 
-0.285513 0.324480 0.143950 -0.688853 -1.818840 -0.390439 1.351613 0.042868 1.000000 
-0.282760 0.363675 0.138373 -0.705338 -1.822027 -0.406240 1.351964 0.044937 1.000000 
-0.279693 0.403179 0.132666 -0.721348 -1.825335 -0.420474 1.352333 0.047282 1.000000 
-0.276309 0.442957 0.126833 -0.736847 -1.828751 -0.433065 1.352721 0.049942 1.000000 
-0.272605 0.482973 0.120878 -0.751798 -1.832260 -0.443946 1.353133 0.052963 1.000000 
-0.268580 0.523179 0.114806 -0.766159 -1.835849 -0.453052 1.353570 0.056400 1.000000 
-0.264234 0.563525 0.108621 -0.779884 -1.839504 -0.460325 1.354037 0.060320 1.000000 
-0.259564 0.603951 0.102329 -0.792928 -1.843209 -0.465711 1.354537 0.064805 1.000000 
-0.254570 0.644394 0.095936 -0.805242 -1.846950 -0.469164 1.355075 0.069953 1.000000 
-0.249254 0.684782 0.089447 -0.816776 -1.850711 -0.470644 1.355658 0.075883 1.000000 
-0.243614 0.725038 0.082870 -0.827479 -1.854475 -0.470118 1.356292 0.082745 1.000000 
-0.237654 0.765081 0.076210 -0.837297 -1.858227 -0.467561 1.356985 0.090722 1.000000 
-0.231374 0.804821 0.069476 -0.846178 -1.861950 -0.462955 1.357747 0.100040 1.000000 
-0.224778 0.844166 0.062674 -0.854069 -1.865629 -0.456292 1.358590 0.110986 1.000000 
-0.217868 0.883017 0.055813 -0.860915 -1.869246 -0.447571 1.359528 0.123918 1.000000 
-0.210651 0.921272 0.048902 -0.866666 -1.872785 -0.436799 1.360579 0.139293 1.000000 
-0.203130 0.958827 0.041950 -0.871269 -1.876229 -0.423992 1.361765 0.157692 1.000000 
-0.195312 0.995571 0.034965 -0.874673 -1.879563 -0.409175 1.363112 0.179862 1.000000 
-0.187203 1.031395 0.027958 -0.876832 -1.882771 -0.392379 1.364655 0.206764 1.000000 
-0.178812 1.066186 0.020939 -0.877697 -1.885836 -0.373644 1.366436 0.239646 1.000000 
-0.170147 1.099830 0.013919 -0.877223 -1.888744 -0.353015 1.368510 0.280123 1.000000 
-0.161218 1.132214 0.006907 -0.875369 -1.891479 -0.330540 1.370944 0.330285 1.000000 
-0.152036 1.163223 -0.000084 -0.872093 -1.894028 -0.306274 1.373827 0.392818 1.000000 
-0.142611 1.192744 -0.007042 -0.867355 -1.896375 -0.280266 1.377271 0.471111 1.000000 
-0.132956 1.220665 -0.013957 -0.861114 -1.898507 -0.252566 1.381418 0.569310 1.000000 
-0.123085 1.246874 -0.020816 -0.853331 -1.900412 -0.223209 1.386446 0.692165 1.000000 
-0.113011 1.271258 -0.027606 -0.843960 -1.902074 -0.192220 1.392571 0.844450 1.000000 
-0.102750 1.293703 -0.034315 -0.832951 -1.903483 -0.159598 1.400045 1.029492 1.000000 
-0.092317 1.314086 -0.040929 -0.820245 -1.904624 -0.125313 1.409128 1.246273 1.000000 
-0.081730 1.332273 -0.047434 -0.805771 -1.905483 -0.089306 1.420044 1.484780 1.000000 
-0.071007 1.348106 -0.053816 -0.789447 -1.906048 -0.051506 1.432880 1.720779 1.000000 
-0.060167 1.361395 -0.060060 -0.771187 -1.906302 -0.011860 1.447464 1.914237 1.000000 
-0.049232 1.371913 -0.066150 -0.750916 -1.906233 0.029593 1.463267 2.018069 1.000000 
-0.038225 1.379406 -0.072069 -0.728594 -1.905825 0.072659 1.479422 1.999027 1.000000 
-0.027170 1.383617 -0.077802 -0.704238 -1.905067 0.116951 1.494924 1.858179 1.000000 
-0.016096 1.384321 -0.083332 -0.677921 -1.903952 0.161927 1.508924 1.631778 1.000000 
-0.005031 1.381360 -0.088644 -0.649766 -1.902476 0.206972 1.520940 1.370634 1.000000 
0.005996 1.374646 -0.093724 -0.619922 -1.900641 0.251479 1.530876 1.117057 1.000000 
0.016953 1.364165 -0.098559 -0.588557 -1.898455 0.294884 1.538899 0.894934 1.000000 
0.027812 1.349962 -0.103137 -0.555846 -1.895928 0.336675 1.545300 0.712074 1.000000 
0.038543 1.332137 -0.107449 -0.521975 -1.893074 0.376395 1.550392 0.566802 1.000000 
0.049117 1.310835 -0.111486 -0.487137 -1.889912 0.413635 1.554454 0.453485 1.000000 
0.059508 1.286238 -0.115241 -0.451529 -1.886463 0.448033 1.557716 0.365727 1.000000 
0.069689 1.258562 -0.118709 -0.415354 -1.882752 0.479276 1.560359 0.297777 1.000000 
0.079637 1.228047 -0.121886 -0.378810 -1.878804 0.507099 1.562521 0.244950 1.000000 
0.089331 1.194954 -0.124769 -0.342094 -1.874648 0.531283 1.564308 0.203609 1.000000 
0.098750 1.159557 -0.127359 -0.305395 -1.870314 0.551657 1.565802 0.171001 1.000000 
0.107878 1.122139 -0.129656 -0.268893 -1.865832 0.568098 1.567062 0.145060 1.000000 
0.116700 1.082985 -0.131663 -0.232755 -1.861235 0.580523 1.568136 0.124244 1.000000 
0.125202 1.042377 -0.133382 -0.197134 -1.856554 0.588895 1.569061 0.107397 1.000000 
0.133375 1.000592 -0.134819 -0.162169 -1.851823 0.593213 1.569863 0.093651 1.000000 
0.141209 0.957894 -0.135979 -0.127982 -1.847074 0.593513 1.570566 0.082347 1.000000 
0.148699 0.914535 -0.136869 -0.094676 -1.842338 0.589863 1.571186 0.072984 1.000000 
0.155841 0.870745 -0.137496 -0.062338 -1.837646 0.582363 1.571737 0.065177 1.000000 
0.162631 0.826739 -0.137869 -0.031036 -1.833030 0.571135 1.572232 0.058628 1.000000 
0.169068 0.782705 -0.137995 -0.000824 -1.828517 0.556326 1.572678 0.053103 1.000000 
0.175154 0.738810 -0.137885 0.028266 -1.824138 0.538101 1.573084 0.048421 1.000000 
0.180890 0.695195 -0.137546 0.056212 -1.819916 0.516642 1.573455 0.044437 1.000000 
0.186278 0.651974 -0.136989 0.083012 -1.815879 0.492144 1.573796 0.041034 1.000000 
0.191323 0.609239 -0.136221 0.108674 -1.812050 0.464809 1.574113 0.038122 1.000000 
0.196028 0.567053 -0.135253 0.133221 -1.808449 0.434850 1.574407 0.035625 1.000000 
0.200397 0.525456 -0.134092 0.156683 -1.805099 0.402485 1.574684 0.033483 1.000000 
0.204437 0.484463 -0.132749 0.179104 -1.802016 0.367933 1.574944 0.031648 1.000000 
0.208150 0.444069 -0.131229 0.200532 -1.799217 0.331419 1.575191 0.030078 1.000000 
0.211543 0.404243 -0.129543 0.221024 -1.796717 0.293164 1.575426 0.028742 1.000000 
0.214620 0.364940 -0.127695 0.240640 -1.794530 0.253394 1.575651 0.027613 1.000000 
0.217383 0.326093 -0.125695 0.259443 -1.792667 0.212331 1.575868 0.026669 1.000000 
0.219838 0.287620 -0.123546 0.277500 -1.791136 0.170197 1.576078 0.025893 1.000000 
0.221986 0.249426 -0.121256 0.294876 -1.789946 0.127213 1.576283 0.025270 1.000000 
0.223829 0.211404 -0.118830 0.311636 -1.789102 0.083597 1.576483 0.024790 1.000000 
0.225369 0.173437 -0.116272 0.327843 -1.788609 0.039569 1.576680 0.024444 1.000000 
0.226604 0.135401 -0.113586 0.343556 -1.788470 -0.004652 1.576874 0.024226 1.000000 
0.227535 0.097168 -0.110776 0.358829 -1.788684 -0.048849 1.577068 0.024132 1.000000 
0.228158 0.058607 -0.107846 0.373712 -1.789250 -0.092803 1.577261 0.024160 1.000000 
0.228471 0.019586 -0.104797 0.388246 -1.790167 -0.136293 1.577455 0.024311 1.000000 
0.228470 -0.020023 -0.101634 0.402467 -1.791429 -0.179098 1.577650 0.024588 1.000000 
0.228149 -0.060343 -0.098359 0.416401 -1.793030 -0.220995 1.577848 0.024994 1.000000 
0.227502 -0.101490 -0.094973 0.430064 -1.794962 -0.261757 1.578050 0.025538 1.000000 
0.226522 -0.143569 -0.091478 0.443466 -1.797215 -0.301156 1.578257 0.026228 1.000000 
0.225202 -0.186673 -0.087878 0.456602 -1.799776 -0.338962 1.578470 0.027077 1.000000 
0.223533 -0.230880 -0.084174 0.469460 -1.802633 -0.374943 1.578691 0.028103 1.000000 
0.221505 -0.276248 -0.080367 0.482015 -1.805770 -0.408865 1.578921 0.029326 1.000000 
0.219110 -0.322817 -0.076462 0.494234 -1.809169 -0.440493 1.579161 0.030774 1.000000 
0.216337 -0.370602 -0.072461 0.506069 -1.812811 -0.469593 1.579414 0.032478 1.000000 
0.213177 -0.419597 -0.068366 0.517464 -1.816675 -0.495934 1.579681 0.034482 1.000000 
0.209620 -0.469766 -0.064183 0.528352 -1.820738 -0.519288 1.579966 0.036839 1.000000 
0.205658 -0.521045 -0.059914 0.538657 -1.824975 -0.539435 1.580272 0.039616 1.000000 
0.201281 -0.573341 -0.055566 0.548290 -1.829360 -0.556161 1.580602 0.042898 1.000000 
0.196482 -0.626530 -0.051144 0.557159 -1.833864 -0.569265 1.580960 0.046797 1.000000 
0.191254 -0.680457 -0.046654 0.565161 -1.838458 -0.578560 1.581352 0.051455 1.000000 
0.185593 -0.734935 -0.042104 0.572189 -1.843111 -0.583877 1.581786 0.057062 1.000000 
0.179494 -0.789745 -0.037502 0.578130 -1.847789 -0.585068 1.582268 0.063868 1.000000 
0.172957 -0.844639 -0.032857 0.582870 -1.852460 -0.582007 1.582812 0.072210 1.000000 
0.165981 -0.899340 -0.028179 0.586291 -1.857090 -0.574597 1.583429 0.082549 1.000000 
0.158569 -0.953546 -0.023480 0.588279 -1.861642 -0.562769 1.584139 0.095526 1.000000 
0.150726 -1.006929 -0.018771 0.588718 -1.866082 -0.546487 1.584967 0.112045 1.000000 
0.142461 -1.059143 -0.014065 0.587500 -1.870374 -0.525747 1.585945 0.133408 1.000000 
0.133784 -1.109826 -0.009375 0.584520 -1.874482 -0.500576 1.587119 0.161529 1.000000 
0.124709 -1.158604 -0.004717 0.579678 -1.878372 -0.471034 1.588555 0.199284 1.000000 
0.115252 -1.205097 -0.000106 0.572880 -1.882007 -0.437202 1.590345 0.251093 1.000000 
0.105434 -1.248922 0.004443 0.564038 -1.885356 -0.399179 1.592628 0.323912 1.000000 
0.095278 -1.289700 0.008913 0.553063 -1.888383 -0.357053 1.595613 0.428917 1.000000 
0.084808 -1.327058 0.013286 0.539853 -1.891058 -0.310870 1.599624 0.584327 1.000000 
0.074055 -1.360627 0.017544 0.524279 -1.893346 -0.260561 1.605174 0.819771 1.000000 
0.063049 -1.390033 0.021668 0.506142 -1.895215 -0.205802 1.613075 1.181239 1.000000 
0.051826 -1.414864 0.025635 0.485092 -1.896625 -0.145743 1.624571 1.728611 1.000000 
0.040425 -1.434541 0.029420 0.460473 -1.897528 -0.078515 1.641327 2.493500 1.000000 
0.028890 -1.447981 0.032990 0.431088 -1.897853 -0.000620 1.664696 3.330249 1.000000 
0.017280 -1.452844 0.036300 0.395202 -1.897497 0.092511 1.693480 3.740455 1.000000 
0.005679 -1.444994 0.039292 0.351688 -1.896328 0.202167 1.722107 3.272839 1.000000 
-0.005794 -1.420195 0.041910 0.301801 -1.894235 0.321676 1.744436 2.285455 1.000000 
-0.016995 -1.376791 0.044112 0.248334 -1.891182 0.440890 1.759036 1.413864 1.000000 
-0.027775 -1.315574 0.045880 0.193494 -1.887202 0.552570 1.767901 0.850416 1.000000 
-0.038002 -1.238553 0.047208 0.138696 -1.882373 0.652318 1.773268 0.521552 1.000000 
-0.047557 -1.148477 0.048102 0.085091 -1.876805 0.737075 1.776612 0.331477 1.000000 
-0.056351 -1.048618 0.048575 0.033748 -1.870625 0.804703 1.778776 0.218746 1.000000 
-0.064319 -0.942525 0.048650 -0.014378 -1.863978 0.853995 1.780227 0.149393 1.000000 
-0.071424 -0.833753 0.048356 -0.058508 -1.857011 0.884652 1.781232 0.105091 1.000000 
-0.077660 -0.725629 0.047726 -0.098089 -1.849872 0.897189 1.781948 0.075780 1.000000 
-0.083044 -0.621078 0.046800 -0.132806 -1.842702 0.892772 1.782469 0.055764 1.000000 
-0.087614 -0.522510 0.045615 -0.162575 -1.835629 0.873042 1.782856 0.041701 1.000000 
-0.091425 -0.431761 0.044211 -0.187513 -1.828769 0.839926 1.783147 0.031565 1.000000 
-0.094546 -0.350093 0.042627 -0.207902 -1.822220 0.795477 1.783368 0.024087 1.000000 
-0.097053 -0.278226 0.040896 -0.224145 -1.816066 0.741736 1.783537 0.018452 1.000000 
-0.099025 -0.216395 0.039050 -0.236728 -1.810372 0.680621 1.783666 0.014123 1.000000 
-0.100541 -0.164426 0.037117 -0.246175 -1.805191 0.613856 1.783765 0.010740 1.000000 
-0.101680 -0.121809 0.035118 -0.253022 -1.800561 0.542927 1.783840 0.008061 1.000000 
-0.102513 -0.087774 0.033074 -0.257784 -1.796512 0.469061 1.783896 0.005921 1.000000 
-0.103105 -0.061354 0.030998 -0.260940 -1.793062 0.393228 1.783936 0.004213 1.000000 
-0.103512 -0.041446 0.028902 -0.262914 -1.790223 0.316158 1.783964 0.002865 1.000000 
-0.103748 -0.028652 0.026785 -0.263445 -1.788848 0.238699 1.783984 0.002222 1.000000 
-0.103865 -0.020050 0.024660 -0.263087 -1.789002 0.161421 1.784003 0.002286 1.000000 
-0.103938 -0.011270 0.022543 -0.263011 -1.789156 0.083880 1.784022 0.002355 1.000000 
-0.103967 -0.002272 0.020434 -0.263049 -1.789312 0.006075 1.784041 0.002428 1.000000 
-0.103947 0.007060 0.018329 -0.263020 -1.789607 -0.071925 1.784061 0.002567 1.000000 
-0.103850 0.017666 0.016226 -0.262774 -1.790494 -0.149817 1.784083 0.002981 1.000000 
-0.103657 0.030907 0.014126 -0.262195 -1.792003 -0.227411 1.784109 0.003687 1.000000 
-0.103344 0.048137 0.012032 -0.261088 -1.794131 -0.304438 1.784143 0.004683 1.000000 
-0.102873 0.070682 0.009951 -0.259171 -1.796871 -0.380487 1.784185 0.005966 1.000000 
-0.102196 0.099817 0.007889 -0.256083 -1.800214 -0.454956 1.784239 0.007531 1.000000 
-0.101255 0.136721 0.005858 -0.251383 -1.804144 -0.527014 1.784306 0.009375 1.000000 
-0.099985 0.182431 0.003872 -0.244565 -1.808637 -0.595559 1.784390 0.011495 1.000000 
-0.098311 0.237771 0.001952 -0.235067 -1.813660 -0.659196 1.784491 0.013896 1.000000 
-0.096153 0.303270 0.000120 -0.222297 -1.819167 -0.716230 1.784613 0.016588 1.000000 
-0.093431 0.379070 -0.001595 -0.205660 -1.825097 -0.764677 1.784757 0.019597 1.000000 
-0.090062 0.464826 -0.003159 -0.184602 -1.831373 -0.802319 1.784927 0.022966 1.000000 
-0.085969 0.559610 -0.004535 -0.158651 -1.837899 -0.826778 1.785126 0.026761 1.000000 
-0.081088 0.661829 -0.005683 -0.127476 -1.844560 -0.835653 1.785357 0.031080 1.000000 
-0.075366 0.769174 -0.006561 -0.090946 -1.851222 -0.826674 1.785625 0.036060 1.000000 
-0.068776 0.878621 -0.007125 -0.049179 -1.857734 -0.797912 1.785936 0.041885 1.000000 
-0.061313 0.986485 -0.007335 -0.002595 -1.863932 -0.747998 1.786298 0.048763 1.000000 
-0.053007 1.088564 -0.007155 0.048060 -1.869644 -0.676349 1.786719 0.056805 1.000000 
-0.043923 1.180341 -0.006558 0.101709 -1.874696 -0.583364 1.787208 0.065384 1.000000 
-0.034161 1.257273 -0.005524 0.156964 -1.878925 -0.470582 1.787756 0.069632 1.000000 
-0.023858 1.315118 -0.004046 0.212144 -1.882180 -0.340815 1.788232 0.034514 1.000000 
-0.013180 1.350349 -0.002135 0.265051 -1.884344 -0.198637 1.787296 -0.497562 1.000000 
-0.013438 -1.414439 -0.002159 -0.270219 -1.884312 0.210042 1.787002 0.445969 1.000000 
-0.024617 -1.375862 -0.004099 -0.214202 -1.882003 0.365502 1.787740 -0.044496 1.000000 
-0.035385 -1.312334 -0.005580 -0.155840 -1.878501 0.507203 1.787223 -0.071816 1.000000 
-0.045558 -1.227855 -0.006593 -0.097481 -1.873938 0.630161 1.786668 -0.065377 1.000000 
-0.054987 -1.127208 -0.007145 -0.040945 -1.868477 0.731308 1.786183 -0.056011 1.000000 
-0.063564 -1.015507 -0.007257 0.012262 -1.862300 0.809003 1.785769 -0.047629 1.000000 
-0.071220 -0.897813 -0.006960 0.060981 -1.855597 0.862893 1.785417 -0.040572 1.000000 
-0.077926 -0.778817 -0.006295 0.104425 -1.848555 0.893733 1.785117 -0.034624 1.000000 
-0.083688 -0.662599 -0.005305 0.142169 -1.841354 0.903152 1.784861 -0.029532 1.000000 
-0.088543 -0.552484 -0.004036 0.174118 -1.834156 0.893392 1.784643 -0.025095 1.000000 
-0.092551 -0.450977 -0.002534 0.200453 -1.827104 0.867055 1.784458 -0.021165 1.000000 
-0.095787 -0.359779 -0.000842 0.221567 -1.820320 0.826868 1.784303 -0.017641 1.000000 
-0.098338 -0.279850 0.000999 0.237999 -1.813904 0.775500 1.784175 -0.014456 1.000000 
-0.100295 -0.211512 0.002955 0.250375 -1.807935 0.715422 1.784071 -0.011569 1.000000 
-0.101752 -0.154562 0.004996 0.259354 -1.802474 0.648816 1.783989 -0.008958 1.000000 
-0.102797 -0.108388 0.007097 0.265586 -1.797567 0.577527 1.783927 -0.006615 1.000000 
-0.103513 -0.072077 0.009239 0.269685 -1.793243 0.503051 1.783883 -0.004545 1.000000 
-0.103974 -0.044506 0.011408 0.272197 -1.789523 0.426542 1.783854 -0.002754 1.000000 
-0.104179 -0.030842 0.013583 0.274260 -1.788375 0.347750 1.783834 -0.002205 1.000000 
-0.104277 -0.022114 0.015768 0.275827 -1.788535 0.268393 1.783815 -0.002287 1.000000 
-0.104329 -0.013095 0.017964 0.276654 -1.788694 0.189369 1.783796 -0.002364 1.000000 
-0.104334 -0.003837 0.020167 0.276917 -1.788852 0.110675 1.783776 -0.002438 1.000000 
-0.104292 0.005630 0.022375 0.276785 -1.789009 0.032303 1.783756 -0.002510 1.000000 
-0.104202 0.015309 0.024587 0.276419 -1.789198 -0.045764 1.783735 -0.002598 1.000000 
-0.104038 0.025782 0.026796 0.275814 -1.789876 -0.123689 1.783713 -0.002921 1.000000 
-0.103784 0.038326 0.028999 0.274822 -1.791177 -0.201387 1.783688 -0.003547 1.000000 
-0.103416 0.054228 0.031191 0.273229 -1.793097 -0.278636 1.783656 -0.004487 1.000000 
-0.102904 0.074728 0.033368 0.270742 -1.795633 -0.355100 1.783615 -0.005763 1.000000 
-0.102205 0.100998 0.035520 0.266996 -1.798775 -0.430294 1.783563 -0.007416 1.000000 
-0.101270 0.134117 0.037635 0.261562 -1.802512 -0.503544 1.783495 -0.009512 1.000000 
-0.100039 0.175027 0.039699 0.253959 -1.806825 -0.573964 1.783409 -0.012153 1.000000 
-0.098446 0.224489 0.041691 0.243667 -1.811685 -0.640439 1.783299 -0.015493 1.000000 
-0.096423 0.283024 0.043589 0.230149 -1.817058 -0.701615 1.783159 -0.019757 1.000000 
-0.093893 0.350846 0.045364 0.212877 -1.822893 -0.755919 1.782979 -0.025276 1.000000 
-0.090785 0.427794 0.046984 0.191364 -1.829129 -0.801594 1.782750 -0.032541 1.000000 
-0.087026 0.513271 0.048413 0.165203 -1.835690 -0.836762 1.782452 -0.042290 1.000000 
-0.082552 0.606185 0.049614 0.134107 -1.842484 -0.859513 1.782063 -0.055651 1.000000 
-0.077311 0.704921 0.050545 0.097953 -1.849405 -0.868029 1.781548 -0.074401 1.000000 
-0.071264 0.807336 0.051168 0.056814 -1.856331 -0.860727 1.780851 -0.101405 1.000000 
-0.064391 0.910807 0.051442 0.010995 -1.863131 -0.836422 1.779891 -0.141442 1.000000 
-0.056696 1.012316 0.051333 -0.038958 -1.869666 -0.794491 1.778532 -0.202713 1.000000 
-0.048208 1.108605 0.050810 -0.092267 -1.875796 -0.735024 1.776553 -0.299700 1.000000 
-0.038981 1.196372 0.049850 -0.147961 -1.881382 -0.658928 1.773574 -0.458362 1.000000 
-0.029097 1.272503 0.048439 -0.204932 -1.886299 -0.567969 1.768936 -0.724334 1.000000 
-0.018659 1.334314 0.046571 -0.261985 -1.890437 -0.464767 1.761509 -1.169058 1.000000 
-0.007792 1.379754 0.044250 -0.317755 -1.893712 -0.352999 1.749558 -1.861892 1.000000 
0.003370 1.407739 0.041495 -0.370367 -1.896077 -0.238313 1.731225 -2.726166 1.000000 
0.014687 1.419005 0.038340 -0.417323 -1.897540 -0.129077 1.706595 -3.340276 1.000000 
0.026038 1.416724 0.034838 -0.456859 -1.898178 -0.032930 1.679723 -3.252716 1.000000 
0.037330 1.404883 0.031049 -0.489338 -1.898106 0.048575 1.656040 -2.617440 1.000000 
0.048498 1.386228 0.027023 -0.516305 -1.897431 0.118597 1.638049 -1.894686 1.000000 
0.059495 1.362146 0.022799 -0.539103 -1.896230 0.180613 1.625304 -1.322561 1.000000 
0.070280 1.333348 0.018406 -0.558549 -1.894557 0.236800 1.616416 -0.925518 1.000000 
0.080817 1.300301 0.013870 -0.575096 -1.892454 0.288246 1.610144 -0.660668 1.000000 
0.091074 1.263397 0.009212 -0.589007 -1.889956 0.335417 1.605612 -0.484003 1.000000 
0.101022 1.223013 0.004453 -0.600446 -1.887098 0.378459 1.602249 -0.364215 1.000000 
0.110634 1.179528 -0.000389 -0.609538 -1.883912 0.417365 1.599687 -0.281152 1.000000 
0.119887 1.133326 -0.005294 -0.616391 -1.880431 0.452064 1.597687 -0.222172 1.000000 
0.128761 1.084794 -0.010246 -0.621109 -1.876690 0.482468 1.596090 -0.179317 1.000000 
0.137239 1.034317 -0.015226 -0.623798 -1.872724 0.508492 1.594788 -0.147504 1.000000 
0.145306 0.982275 -0.020221 -0.624571 -1.868566 0.530078 1.593709 -0.123419 1.000000 
0.152952 0.929035 -0.025215 -0.623545 -1.864254 0.547191 1.592799 -0.104859 1.000000 
0.160168 0.874950 -0.030193 -0.620843 -1.859823 0.559832 1.592021 -0.090327 1.000000 
0.166950 0.820352 -0.035144 -0.616591 -1.855309 0.568033 1.591346 -0.078784 1.000000 
0.173293 0.765549 -0.040055 -0.610918 -1.850746 0.571858 1.590754 -0.069499 1.000000 
0.179199 0.710824 -0.044915 -0.603952 -1.846170 0.571402 1.590229 -0.061944 1.000000 
0.184668 0.656429 -0.049715 -0.595822 -1.841615 0.566787 1.589759 -0.055736 1.000000 
0.189703 0.602586 -0.054446 -0.586650 -1.837113 0.558162 1.589335 -0.050591 1.000000 
0.194311 0.549487 -0.059099 -0.576555 -1.832695 0.545693 1.588948 -0.046293 1.000000 
0.198497 0.497290 -0.063668 -0.565650 -1.828391 0.529569 1.588592 -0.042683 1.000000 
0.202270 0.446121 -0.068148 -0.554036 -1.824231 0.509991 1.588263 -0.039634 1.000000 
0.205638 0.396076 -0.072531 -0.541810 -1.820240 0.487174 1.587957 -0.037051 1.000000 
0.208611 0.347219 -0.076815 -0.529054 -1.816444 0.461342 1.587669 -0.034857 1.000000 
0.211197 0.299586 -0.080995 -0.515843 -1.812866 0.432723 1.587398 -0.032994 1.000000 
0.213407 0.253186 -0.085068 -0.502236 -1.809527 0.401553 1.587141 -0.031415 1.000000 
0.215251 0.208003 -0.089030 -0.488283 -1.806447 0.368069 1.586895 -0.030081 1.000000 
0.216738 0.163997 -0.092879 -0.474022 -1.803644 0.332508 1.586659 -0.028964 1.000000 
0.217878 0.121109 -0.096614 -0.459478 -1.801132 0.295107 1.586431 -0.028040 1.000000 
0.218679 0.079261 -0.100230 -0.444664 -1.798926 0.256103 1.586210 -0.027291 1.000000 
0.219149 0.038361 -0.103727 -0.429581 -1.797038 0.215731 1.585994 -0.026701 1.000000 
0.219295 -0.001697 -0.107103 -0.414221 -1.795478 0.174220 1.585782 -0.026260 1.000000 
0.219124 -0.041028 -0.110354 -0.398563 -1.794253 0.131802 1.585573 -0.025961 1.000000 
0.218640 -0.079755 -0.113479 -0.382577 -1.793371 0.088704 1.585366 -0.025798 1.000000 
0.217849 -0.118006 -0.116474 -0.366226 -1.792835 0.045150 1.585160 -0.025769 1.000000 
0.216753 -0.155910 -0.119337 -0.349462 -1.792649 0.001364 1.584954 -0.025872 1.000000 
0.215355 -0.193597 -0.122065 -0.332231 -1.792813 -0.042430 1.584746 -0.026111 1.000000 
0.213656 -0.231192 -0.124652 -0.314474 -1.793327 -0.086010 1.584536 -0.026489 1.000000 
0.211656 -0.268816 -0.127095 -0.296128 -1.794188 -0.129156 1.584322 -0.027012 1.000000 
0.209354 -0.306583 -0.129388 -0.277123 -1.795392 -0.171644 1.584103 -0.027691 1.000000 
0.206750 -0.344595 -0.131527 -0.257390 -1.796932 -0.213251 1.583878 -0.028537 1.000000 
0.203840 -0.382942 -0.133504 -0.236860 -1.798801 -0.253753 1.583646 -0.029566 1.000000 
0.200622 -0.421700 -0.135314 -0.215462 -1.800989 -0.292925 1.583405 -0.030798 1.000000 
0.197091 -0.460928 -0.136949 -0.193130 -1.803484 -0.330541 1.583152 -0.032255 1.000000 
0.193245 -0.500667 -0.138401 -0.169801 -1.806272 -0.366374 1.582888 -0.033969 1.000000 
0.189079 -0.540937 -0.139663 -0.145418 -1.809340 -0.400198 1.582608 -0.035974 1.000000 
0.184589 -0.581737 -0.140725 -0.119932 -1.812670 -0.431789 1.582311 -0.038316 1.000000 
0.179770 -0.623042 -0.141579 -0.093301 -1.816242 -0.460924 1.581994 -0.041049 1.000000 
0.174619 -0.664803 -0.142215 -0.065497 -1.820037 -0.487385 1.581653 -0.044239 1.000000 
0.169132 -0.706947 -0.142624 -0.036502 -1.824033 -0.510960 1.581285 -0.047971 1.000000 
0.163307 -0.749374 -0.142796 -0.006312 -1.828204 -0.531446 1.580884 -0.052347 1.000000 
0.157142 -0.791960 -0.142722 0.025061 -1.832527 -0.548651 1.580445 -0.057495 1.000000 
0.150636 -0.834554 -0.142392 0.057589 -1.836974 -0.562397 1.579962 -0.063578 1.000000 
0.143789 -0.876983 -0.141797 0.091226 -1.841516 -0.572523 1.579425 -0.070799 1.000000 
0.136605 -0.919049 -0.140929 0.125908 -1.846124 -0.578889 1.578825 -0.079419 1.000000 
0.129086 -0.960534 -0.139780 0.161552 -1.850768 -0.581379 1.578150 -0.089772 1.000000 
0.121239 -1.001200 -0.138342 0.198056 -1.855415 -0.579904 1.577383 -0.102287 1.000000 
0.113070 -1.040793 -0.136609 0.235299 -1.860035 -0.574407 1.576506 -0.117526 1.000000 
0.104590 -1.079048 -0.134576 0.273142 -1.864595 -0.564864 1.575493 -0.136220 1.000000 
0.095809 -1.115689 -0.132238 0.311430 -1.869062 -0.551289 1.574315 -0.159334 1.000000 
0.086744 -1.150437 -0.129592 0.349989 -1.873405 -0.533739 1.572929 -0.188143 1.000000 
0.077408 -1.183013 -0.126638 0.388633 -1.877592 -0.512310 1.571285 -0.224335 1.000000 
0.067822 -1.213145 -0.123374 0.427165 -1.881592 -0.487147 1.569314 -0.270140 1.000000 
0.058005 -1.240570 -0.119804 0.465379 -1.885377 -0.458440 1.566929 -0.328477 1.000000 
0.047981 -1.265043 -0.115930 0.503061 -1.888918 -0.426427 1.564015 -0.403092 1.000000 
0.037773 -1.286343 -0.111757 0.539997 -1.892192 -0.391393 1.560424 -0.498597 1.000000 
0.027408 -1.304277 -0.107292 0.575974 -1.895174 -0.353674 1.555968 -0.620243 1.000000 
0.016914 -1.318688 -0.102544 0.610782 -1.897844 -0.313650 1.550417 -0.773056 1.000000 
0.006319 -1.329460 -0.097523 0.644220 -1.900187 -0.271751 1.543508 -0.959801 1.000000 
-0.004348 -1.336527 -0.092241 0.676098 -1.902188 -0.228454 1.534977 -1.177234 1.000000 
-0.015056 -1.339879 -0.086711 0.706234 -1.903840 -0.184287 1.524627 -1.410965 1.000000 
-0.025776 -1.339570 -0.080946 0.734466 -1.905136 -0.139824 1.512435 -1.631669 1.000000 
-0.036479 -1.335727 -0.074965 0.760654 -1.906078 -0.095661 1.498665 -1.798254 1.000000 
-0.047139 -1.328539 -0.068782 0.784701 -1.906669 -0.052364 1.483913 -1.872082 1.000000 
-0.057728 -1.318245 -0.062415 0.806562 -1.906919 -0.010393 1.469007 -1.836224 1.000000 
-0.068223 -1.305096 -0.055882 0.826251 -1.906840 0.029954 1.454791 -1.704440 1.000000 
-0.078602 -1.289329 -0.049201 0.843825 -1.906445 0.068541 1.441898 -1.511938 1.000000 
-0.088846 -1.271152 -0.042387 0.859367 -1.905748 0.105351 1.430658 -1.297243 1.000000 
-0.098935 -1.250738 -0.035456 0.872963 -1.904764 0.140424 1.421123 -1.089202 1.000000 
-0.108852 -1.228234 -0.028424 0.884691 -1.903506 0.173805 1.413170 -0.903685 1.000000 
-0.118581 -1.203773 -0.021306 0.894620 -1.901987 0.205524 1.406589 -0.746331 1.000000 
-0.128107 -1.177476 -0.014115 0.902809 -1.900222 0.235587 1.401154 -0.616720 1.000000 
-0.137416 -1.149460 -0.006865 0.909310 -1.898222 0.263975 1.396656 -0.511642 1.000000 
-0.146495 -1.119842 0.000430 0.914171 -1.896003 0.290656 1.392913 -0.427062 1.000000 
-0.155330 -1.088737 0.007757 0.917439 -1.893576 0.315583 1.389779 -0.359087 1.000000 
-0.163911 -1.056261 0.015104 0.919159 -1.890958 0.338706 1.387133 -0.304345 1.000000 
-0.172227 -1.022531 0.022460 0.919378 -1.888162 0.359973 1.384881 -0.260073 1.000000 
-0.180268 -0.987664 0.029811 0.918144 -1.885204 0.379331 1.382950 -0.224068 1.000000 
-0.188027 -0.951775 0.037146 0.915507 -1.882098 0.396736 1.381279 -0.194603 1.000000 
-0.195494 -0.914980 0.044455 0.911520 -1.878861 0.412144 1.379822 -0.170329 1.000000 
-0.202664 -0.877393 0.051727 0.906237 -1.875509 0.425523 1.378542 -0.150198 1.000000 
-0.209531 -0.839124 0.058952 0.899714 -1.872058 0.436846 1.377410 -0.133391 1.000000 
-0.216089 -0.800281 0.066119 0.892008 -1.868525 0.446095 1.376401 -0.119271 1.000000 
-0.222334 -0.760968 0.073221 0.883177 -1.864926 0.453260 1.375496 -0.107335 1.000000 
-0.228263 -0.721285 0.080247 0.873281 -1.861279 0.458341 1.374679 -0.097186 1.000000 
-0.233874 -0.681328 0.087191 0.862379 -1.857598 0.461346 1.373937 -0.088511 1.000000 
-0.239164 -0.641186 0.094043 0.850529 -1.853902 0.462291 1.373259 -0.081059 1.000000 
-0.244132 -0.600943 0.100797 0.837790 -1.850207 0.461200 1.372637 -0.074626 1.000000 
-0.248779 -0.560677 0.107445 0.824219 -1.846529 0.458107 1.372063 -0.069050 1.000000 
-0.253103 -0.520460 0.113982 0.809871 -1.842883 0.453050 1.371531 -0.064198 1.000000 
-0.257107 -0.480357 0.120401 0.794799 -1.839285 0.446079 1.371034 -0.059962 1.000000 
-0.260790 -0.440428 0.126697 0.779056 -1.835750 0.437244 1.370570 -0.056253 1.000000 
-0.264154 -0.400723 0.132865 0.762690 -1.832294 0.426608 1.370133 -0.052997 1.000000 
-0.267202 -0.361290 0.138899 0.745747 -1.828929 0.414234 1.369721 -0.050134 1.000000 
-0.269935 -0.322167 0.144795 0.728269 -1.825671 0.400193 1.369330 -0.047611 1.000000 
-0.272357 -0.283386 0.150550 0.710295 -1.822530 0.384560 1.368958 -0.045388 1.000000 
-0.274471 -0.244974 0.156159 0.691862 -1.819522 0.367415 1.368603 -0.043428 1.000000 
-0.276278 -0.206953 0.161618 0.673001 -1.816656 0.348840 1.368263 -0.041702 1.000000 
-0.277783 -0.169335 0.166925 0.653741 -1.813944 0.328922 1.367935 -0.040184 1.000000 
-0.278989 -0.132133 0.172077 0.634106 -1.811396 0.307749 1.367619 -0.038852 1.000000 
-0.279898 -0.095349 0.177070 0.614118 -1.809023 0.285413 1.367313 -0.037690 1.000000 
-0.280515 -0.058984 0.181902 0.593794 -1.806832 0.262009 1.367016 -0.036682 1.000000 
-0.280843 -0.023034 0.186570 0.573146 -1.804833 0.237630 1.366726 -0.035814 1.000000 
-0.280885 0.012509 0.191072 0.552184 -1.803033 0.212376 1.366442 -0.035077 1.000000 
-0.280644 0.047656 0.195404 0.530916 -1.801437 0.186343 1.366164 -0.034462 1.000000 
-0.280123 0.082422 0.199565 0.509343 -1.800053 0.159631 1.365891 -0.033961 1.000000 
-0.279326 0.116821 0.203553 0.487467 -1.798885 0.132342 1.365621 -0.033568 1.000000 
-0.278255 0.150873 0.207364 0.465283 -1.797937 0.104574 1.365353 -0.033280 1.000000 
-0.276913 0.184596 0.210997 0.442786 -1.797213 0.076431 1.365088 -0.033092 1.000000 
-0.275302 0.218011 0.214448 0.419968 -1.796715 0.048014 1.364824 -0.033003 1.000000 
-0.273426 0.251138 0.217715 0.396820 -1.796445 0.019424 1.364560 -0.033011 1.000000 
-0.271285 0.283997 0.220796 0.373328 -1.796404 -0.009236 1.364295 -0.033116 1.000000 
-0.268882 0.316609 0.223688 0.349480 -1.796593 -0.037865 1.364030 -0.033319 1.000000 
-0.266220 0.348991 0.226387 0.325261 -1.797010 -0.066361 1.363762 -0.033622 1.000000 
-0.263299 0.381161 0.228891 0.300656 -1.797654 -0.094623 1.363491 -0.034027 1.000000 
-0.260122 0.413134 0.231196 0.275648 -1.798523 -0.122548 1.363217 -0.034539 1.000000 
-0.256689 0.444922 0.233300 0.250223 -1.799613 -0.150039 1.362938 -0.035162 1.000000 
-0.253003 0.476535 0.235199 0.224364 -1.800922 -0.176994 1.362654 -0.035904 1.000000 
-0.249065 0.507980 0.236889 0.198057 -1.802444 -0.203315 1.362364 -0.036771 1.000000 
-0.244876 0.539260 0.238366 0.171289 -1.804173 -0.228904 1.362066 -0.037773 1.000000 
-0.240438 0.570374 0.239628 0.144046 -1.806104 -0.253665 1.361759 -0.038921 1.000000 
-0.235751 0.601316 0.240670 0.116320 -1.808229 -0.277504 1.361442 -0.040227 1.000000 
-0.230817 0.632079 0.241488 0.088101 -1.810541 -0.300328 1.361115 -0.041708 1.000000 
-0.225638 0.662648 0.242078 0.059385 -1.813031 -0.322045 1.360775 -0.043380 1.000000 
-0.220215 0.693003 0.242437 0.030169 -1.815691 -0.342568 1.360420 -0.045264 1.000000 
-0.214551 0.723123 0.242559 0.000454 -1.818509 -0.361810 1.360050 -0.047385 1.000000 
-0.208646 0.752978 0.242442 -0.029756 -1.821476 -0.379689 1.359661 -0.049771 1.000000 
-0.202504 0.782534 0.242082 -0.060450 -1.824580 -0.396127 1.359253 -0.052454 1.000000 
-0.196126 0.811754 0.241474 -0.091618 -1.827810 -0.411047 1.358821 -0.055473 1.000000 
-0.189517 0.840593 0.240615 -0.123241 -1.831153 -0.424380 1.358364 -0.058874 1.000000 
-0.182678 0.869003 0.239501 -0.155298 -1.834596 -0.436059 1.357878 -0.062710 1.000000 
-0.175614 0.896933 0.238129 -0.187761 -1.838125 -0.446025 1.357359 -0.067044 1.000000 
-0.168328 0.924323 0.236496 -0.220599 -1.841727 -0.454223 1.356804 -0.071950 1.000000 
-0.160826 0.951114 0.234599 -0.253775 -1.845388 -0.460604 1.356206 -0.077516 1.000000 
-0.153112 0.977240 0.232435 -0.287246 -1.849092 -0.465128 1.355561 -0.083847 1.000000 
-0.145192 1.002632 0.230002 -0.320966 -1.852825 -0.467761 1.354862 -0.091069 1.000000 
-0.137072 1.027219 0.227299 -0.354882 -1.856571 -0.468477 1.354102 -0.099331 1.000000 
-0.128759 1.050928 0.224323 -0.388938 -1.860315 -0.467258 1.353270 -0.108812 1.000000 
-0.120260 1.073683 0.221075 -0.423071 -1.864042 -0.464097 1.352357 -0.119728 1.000000 
-0.111583 1.095408 0.217554 -0.457215 -1.867736 -0.458995 1.351350 -0.132338 1.000000 
-0.102737 1.116025 0.213760 -0.491300 -1.871381 -0.451961 1.350234 -0.146956 1.000000 
-0.093730 1.135458 0.209694 -0.525252 -1.874962 -0.443018 1.348992 -0.163957 1.000000 
-0.084573 1.153631 0.205357 -0.558994 -1.878464 -0.432195 1.347603 -0.183794 1.000000 
-0.075275 1.170469 0.200751 -0.592444 -1.881872 -0.419536 1.346042 -0.207013 1.000000 
-0.065849 1.185902 0.195879 -0.625520 -1.885172 -0.405093 1.344280 -0.234260 1.000000 
-0.056305 1.199859 0.190744 -0.658139 -1.888349 -0.388931 1.342281 -0.266300 1.000000 
-0.046655 1.212278 0.185350 -0.690213 -1.891390 -0.371124 1.340004 -0.304022 1.000000 
-0.036913 1.223099 0.179702 -0.721659 -1.894283 -0.351759 1.337399 -0.348433 1.000000 
-0.027090 1.232268 0.173805 -0.752390 -1.897015 -0.330934 1.334409 -0.400633 1.000000 
-0.017201 1.239740 0.167666 -0.782322 -1.899574 -0.308757 1.330965 -0.461741 1.000000 
-0.007259 1.245474 0.161290 -0.811373 -1.901952 -0.285347 1.326994 -0.532773 1.000000 
0.002722 1.249439 0.154686 -0.839463 -1.904137 -0.260833 1.322413 -0.614414 1.000000 
0.012727 1.251615 0.147862 -0.866517 -1.906122 -0.235355 1.317135 -0.706684 1.000000 
0.022743 1.251989 0.140825 -0.892462 -1.907900 -0.209062 1.311080 -0.808470 1.000000 
0.032754 1.250560 0.133585 -0.917232 -1.909465 -0.182109 1.304181 -0.916992 1.000000 
0.042747 1.247338 0.126153 -0.940765 -1.910813 -0.154661 1.296403 -1.027336 1.000000 
0.052707 1.242346 0.118537 -0.963010 -1.911939 -0.126887 1.287758 -1.132310 1.000000 
0.062620 1.235617 0.110748 -0.983918 -1.912843 -0.098957 1.278324 -1.222956 1.000000 
0.072472 1.227196 0.102798 -1.003454 -1.913523 -0.071038 1.268254 -1.289906 1.000000 
0.082251 1.217138 0.094696 -1.021591 -1.913980 -0.043289 1.257770 -1.325396 1.000000 
0.091942 1.205504 0.086456 -1.038312 -1.914216 -0.015854 1.247143 -1.325290 1.000000 
0.101535 1.192361 0.078087 -1.053611 -1.914235 0.011144 1.236659 -1.290218 1.000000 
0.111016 1.177778 0.069602 -1.067492 -1.914039 0.037605 1.226580 -1.225287 1.000000 
0.120376 1.161820 0.061011 -1.079964 -1.913634 0.063450 1.217113 -1.138551 1.000000 
0.129602 1.144553 0.052326 -1.091043 -1.913026 0.088617 1.208397 -1.038974 1.000000 
0.138685 1.126038 0.043558 -1.100749 -1.912219 0.113060 1.200502 -0.934713 1.000000 
0.147616 1.106335 0.034718 -1.109101 -1.911219 0.136738 1.193437 -0.832117 1.000000 
0.156384 1.085499 0.025816 -1.116121 -1.910033 0.159616 1.187172 -0.735467 1.000000 
0.164981 1.063585 0.016863 -1.121830 -1.908667 0.181659 1.181647 -0.647197 1.000000 
0.173398 1.040648 0.007870 -1.126250 -1.907129 0.202834 1.176791 -0.568330 1.000000 
0.181628 1.016741 -0.001153 -1.129403 -1.905424 0.223105 1.172529 -0.498928 1.000000 
0.189664 0.991916 -0.010197 -1.131312 -1.903561 0.242438 1.168785 -0.438480 1.000000 
0.197497 0.966227 -0.019251 -1.132001 -1.901548 0.260795 1.165491 -0.386173 1.000000 
0.205121 0.939727 -0.028306 -1.131492 -1.899391 0.278143 1.162587 -0.341083 1.000000 
0.212530 0.912469 -0.037352 -1.129812 -1.897100 0.294446 1.160017 -0.302282 1.000000 
0.219719 0.884507 -0.046380 -1.126986 -1.894683 0.309672 1.157736 -0.268900 1.000000 
0.226681 0.855894 -0.055380 -1.123043 -1.892149 0.323789 1.155702 -0.240155 1.000000 
0.233411 0.826683 -0.064345 -1.118010 -1.889506 0.336768 1.153883 -0.215363 1.000000 
0.239906 0.796926 -0.073266 -1.111918 -1.886763 0.348583 1.152247 -0.193933 1.000000 
0.246161 0.766674 -0.082133 -1.104797 -1.883931 0.359211 1.150772 -0.175360 1.000000 
0.252172 0.735980 -0.090940 -1.096679 -1.881019 0.368633 1.149435 -0.159218 1.000000 
0.257936 0.704894 -0.099678 -1.087596 -1.878037 0.376832 1.148219 -0.145148 1.000000 
0.263449 0.673463 -0.108339 -1.077581 -1.874993 0.383794 1.147108 -0.132846 1.000000 
0.268710 0.641736 -0.116917 -1.066669 -1.871899 0.389511 1.146090 -0.122056 1.000000 
0.273716 0.609760 -0.125403 -1.054892 -1.868764 0.393978 1.145152 -0.112566 1.000000 
0.278466 0.577579 -0.133793 -1.042285 -1.865599 0.397191 1.144285 -0.104194 1.000000 
0.282957 0.545235 -0.142078 -1.028882 -1.862413 0.399153 1.143482 -0.096787 1.000000 
0.287189 0.512770 -0.150253 -1.014717 -1.859216 0.399868 1.142735 -0.090216 1.000000 
0.291161 0.480223 -0.158311 -0.999824 -1.856018 0.399347 1.142037 -0.084373 1.000000 
0.294873 0.447631 -0.166248 -0.984236 -1.852829 0.397600 1.141383 -0.079164 1.000000 
0.298323 0.415029 -0.174057 -0.967986 -1.849660 0.394643 1.140769 -0.074510 1.000000 
0.301513 0.382449 -0.181734 -0.951105 -1.846518 0.390496 1.140190 -0.070344 1.000000 
0.304443 0.349924 -0.189273 -0.933624 -1.843415 0.385180 1.139642 -0.066607 1.000000 
0.307112 0.317479 -0.196671 -0.915575 -1.840359 0.378720 1.139123 -0.063251 1.000000 
0.309523 0.285143 -0.203921 -0.896984 -1.837358 0.371144 1.138629 -0.060232 1.000000 
0.311675 0.252939 -0.211021 -0.877881 -1.834423 0.362482 1.138158 -0.057514 1.000000 
0.313570 0.220889 -0.217966 -0.858291 -1.831561 0.352767 1.137708 -0.055065 1.000000 
0.315210 0.189011 -0.224752 -0.838240 -1.828782 0.342035 1.137277 -0.052856 1.000000 
0.316595 0.157325 -0.231377 -0.817750 -1.826091 0.330323 1.136862 -0.050865 1.000000 
0.317727 0.125845 -0.237835 -0.796844 -1.823499 0.317671 1.136462 -0.049069 1.000000 
0.318609 0.094584 -0.244125 -0.775543 -1.821011 0.304121 1.136076 -0.047452 1.000000 
0.319241 0.063555 -0.250243 -0.753865 -1.818635 0.289717 1.135703 -0.045998 1.000000 
0.319626 0.032768 -0.256186 -0.731828 -1.816378 0.274503 1.135340 -0.044691 1.000000 
0.319766 0.002229 -0.261951 -0.709447 -1.814245 0.258526 1.134987 -0.043521 1.000000 
0.319663 -0.028053 -0.267536 -0.686737 -1.812243 0.241834 1.134643 -0.042478 1.000000 
0.319318 -0.058074 -0.272938 -0.663710 -1.810378 0.224478 1.134307 -0.041551 1.000000 
0.318734 -0.087830 -0.278155 -0.640378 -1.808653 0.206507 1.133978 -0.040733 1.000000 
0.317913 -0.117319 -0.283184 -0.616749 -1.807075 0.187973 1.133655 -0.040018 1.000000 
0.316858 -0.146538 -0.288022 -0.592833 -1.805647 0.168928 1.133338 -0.039399 1.000000 
0.315570 -0.175488 -0.292668 -0.568636 -1.804373 0.149427 1.133025 -0.038871 1.000000 
0.314051 -0.204167 -0.297119 -0.544163 -1.803257 0.129523 1.132715 -0.038430 1.000000 
0.312304 -0.232578 -0.301374 -0.519420 -1.802302 0.109270 1.132409 -0.038073 1.000000 
0.310330 -0.260721 -0.305429 -0.494409 -1.801510 0.088724 1.132106 -0.037797 1.000000 
0.308133 -0.288598 -0.309284 -0.469132 -1.800883 0.067940 1.131805 -0.037600 1.000000 
0.305713 -0.316211 -0.312935 -0.443591 -1.800423 0.046974 1.131504 -0.037479 1.000000 
0.303074 -0.343561 -0.316381 -0.417787 -1.800132 0.025882 1.131205 -0.037435 1.000000 
0.300217 -0.370650 -0.319619 -0.391720 -1.800009 0.004721 1.130905 -0.037466 1.000000 
0.297144 -0.397479 -0.322647 -0.365388 -1.800056 -0.016454 1.130605 -0.037573 1.000000 
0.293858 -0.424051 -0.325464 -0.338791 -1.800272 -0.037587 1.130304 -0.037755 1.000000 
0.290360 -0.450365 -0.328067 -0.311927 -1.800657 -0.058621 1.130001 -0.038015 1.000000 
0.286653 -0.476421 -0.330454 -0.284795 -1.801210 -0.079500 1.129695 -0.038353 1.000000 
0.282738 -0.502219 -0.332623 -0.257393 -1.801929 -0.100170 1.129387 -0.038773 1.000000 
0.278618 -0.527757 -0.334572 -0.229721 -1.802812 -0.120574 1.129075 -0.039276 1.000000 
0.274295 -0.553032 -0.336298 -0.201776 -1.803857 -0.140659 1.128758 -0.039867 1.000000 
0.269770 -0.578041 -0.337800 -0.173558 -1.805062 -0.160370 1.128437 -0.040549 1.000000 
0.265047 -0.602780 -0.339074 -0.145067 -1.806422 -0.179654 1.128109 -0.041327 1.000000 
0.260127 -0.627242 -0.340120 -0.116304 -1.807935 -0.198458 1.127775 -0.042208 1.000000 
0.255012 -0.651420 -0.340934 -0.087269 -1.809596 -0.216730 1.127434 -0.043196 1.000000 
0.249705 -0.675305 -0.341516 -0.057965 -1.811401 -0.234420 1.127084 -0.044300 1.000000 
0.244208 -0.698888 -0.341861 -0.028395 -1.813345 -0.251479 1.126724 -0.045529 1.000000 
0.238523 -0.722156 -0.341969 0.001435 -1.815423 -0.267857 1.126355 -0.046892 1.000000 
0.232654 -0.745097 -0.341838 0.031521 -1.817629 -0.283508 1.125974 -0.048400 1.000000 
0.226603 -0.767696 -0.341464 0.061855 -1.819957 -0.298386 1.125580 -0.050065 1.000000 
0.220372 -0.789937 -0.340847 0.092427 -1.822401 -0.312447 1.125172 -0.051903 1.000000 
0.213965 -0.811802 -0.339985 0.123228 -1.824954 -0.325649 1.124749 -0.053929 1.000000 
0.207384 -0.833273 -0.338875 0.154245 -1.827609 -0.337952 1.124309 -0.056162 1.000000 
0.200633 -0.854328 -0.337516 0.185463 -1.830358 -0.349318 1.123850 -0.058622 1.000000 
0.193716 -0.874947 -0.335907 0.216868 -1.833195 -0.359709 1.123370 -0.061333 1.000000 
0.186635 -0.895104 -0.334046 0.248440 -1.836111 -0.369093 1.122868 -0.064323 1.000000 
0.179396 -0.914776 -0.331932 0.280160 -1.839098 -0.377439 1.122340 -0.067623 1.000000 
0.172000 -0.933937 -0.329563 0.312007 -1.842147 -0.384717 1.121785 -0.071267 1.000000 
0.164454 -0.952560 -0.326939 0.343955 -1.845250 -0.390901 1.121199 -0.075296 1.000000 
0.156761 -0.970616 -0.324060 0.375978 -1.848399 -0.395970 1.120579 -0.079756 1.000000 
0.148926 -0.988076 -0.320923 0.408050 -1.851583 -0.399902 1.119922 -0.084700 1.000000 
0.140953 -1.004912 -0.317531 0.440139 -1.854794 -0.402682 1.119222 -0.090188 1.000000 
0.132849 -1.021092 -0.313881 0.472214 -1.858023 -0.404296 1.118477 -0.096290 1.000000 
0.124618 -1.036586 -0.309975 0.504240 -1.861260 -0.404735 1.117680 -0.103087 1.000000 
0.116265 -1.051362 -0.305814 0.536182 -1.864495 -0.403992 1.116825 -0.110669 1.000000 
0.107798 -1.065390 -0.301397 0.568002 -1.867720 -0.402065 1.115907 -0.119144 1.000000 
0.099221 -1.078637 -0.296726 0.599661 -1.870925 -0.398957 1.114916 -0.128632 1.000000 
0.090542 -1.091074 -0.291803 0.631118 -1.874101 -0.394671 1.113846 -0.139275 1.000000 
0.081766 -1.102669 -0.286629 0.662331 -1.877237 -0.389218 1.112684 -0.151233 1.000000 
0.072902 -1.113393 -0.281206 0.693257 -1.880325 -0.382613 1.111422 -0.164691 1.000000 
0.063955 -1.123216 -0.275538 0.723851 -1.883356 -0.374872 1.110045 -0.179860 1.000000 
0.054933 -1.132110 -0.269626 0.754069 -1.886320 -0.366018 1.108539 -0.196980 1.000000 
0.045843 -1.140049 -0.263474 0.783864 -1.889209 -0.356077 1.106887 -0.216321 1.000000 
0.036694 -1.147008 -0.257085 0.813190 -1.892014 -0.345082 1.105071 -0.238185 1.000000 
0.027494 -1.152963 -0.250464 0.842001 -1.894728 -0.333065 1.103069 -0.262905 1.000000 
0.018250 -1.157892 -0.243615 0.870249 -1.897341 -0.320068 1.100856 -0.290841 1.000000 
0.008970 -1.161775 -0.236542 0.897890 -1.899846 -0.306134 1.098406 -0.322369 1.000000 
-0.000336 -1.164597 -0.229250 0.924877 -1.902237 -0.291310 1.095687 -0.357866 1.000000 
-0.009660 -1.166341 -0.221745 0.951166 -1.904505 -0.275649 1.092668 -0.397687 1.000000 
-0.018994 -1.166997 -0.214033 0.976712 -1.906645 -0.259207 1.089312 -0.442120 1.000000 
-0.028329 -1.166555 -0.206120 1.001473 -1.908650 -0.242042 1.085582 -0.491335 1.000000 
-0.037656 -1.165010 -0.198012 1.025409 -1.910516 -0.224219 1.081438 -0.545308 1.000000 
-0.046967 -1.162358 -0.189716 1.048479 -1.912236 -0.205803 1.076845 -0.603725 1.000000 
-0.056251 -1.158601 -0.181239 1.070648 -1.913807 -0.186866 1.071768 -0.665880 1.000000 
-0.065501 -1.153743 -0.172588 1.091881 -1.915225 -0.167478 1.066184 -0.730568 1.000000 
-0.074708 -1.147793 -0.163771 1.112147 -1.916486 -0.147716 1.060077 -0.796003 1.000000 
-0.083863 -1.140761 -0.154796 1.131416 -1.917588 -0.127655 1.053452 -0.859799 1.000000 
-0.092957 -1.132663 -0.145671 1.149663 -1.918528 -0.107371 1.046333 -0.919047 1.000000 
-0.101983 -1.123519 -0.136405 1.166866 -1.919305 -0.086944 1.038768 -0.970518 1.000000 
-0.110931 -1.113350 -0.127004 1.183007 -1.919919 -0.066447 1.030834 -1.011004 1.000000 
-0.119794 -1.102181 -0.117479 1.198072 -1.920368 -0.045956 1.022629 -1.037740 1.000000 
-0.128563 -1.090040 -0.107838 1.212048 -1.920654 -0.025540 1.014272 -1.048827 1.000000 
-0.137232 -1.076956 -0.098089 1.224930 -1.920777 -0.005264 1.005891 -1.043550 1.000000 
-0.145792 -1.062959 -0.088242 1.236714 -1.920739 0.014811 0.997617 -1.022490 1.000000 
-0.154237 -1.048082 -0.078305 1.247399 -1.920541 0.034631 0.989569 -0.987407 1.000000 
-0.162559 -1.032355 -0.068287 1.256987 -1.920186 0.054148 0.981849 -0.940922 1.000000 
-0.170752 -1.015811 -0.058196 1.265485 -1.919676 0.073318 0.974536 -0.886106 1.000000 
-0.178810 -0.998480 -0.048042 1.272897 -1.919014 0.092101 0.967685 -0.826076 1.000000 
-0.186726 -0.980394 -0.037833 1.279231 -1.918203 0.110463 0.961326 -0.763668 1.000000 
-0.194494 -0.961584 -0.027577 1.284499 -1.917247 0.128371 0.955467 -0.701246 1.000000 
-0.202110 -0.942078 -0.017283 1.288708 -1.916150 0.145794 0.950101 -0.640617 1.000000 
-0.209566 -0.921909 -0.006960 1.291871 -1.914916 0.162702 0.945208 -0.583047 1.000000 
-0.216858 -0.901104 0.003384 1.293999 -1.913549 0.179068 0.940762 -0.529329 1.000000 
-0.223982 -0.879696 0.013741 1.295105 -1.912052 0.194864 0.936728 -0.479873 1.000000 
-0.230932 -0.857713 0.024103 1.295203 -1.910432 0.210064 0.933072 -0.434802 1.000000 
-0.237704 -0.835185 0.034461 1.294306 -1.908693 0.224641 0.929759 -0.394041 1.000000 
-0.244294 -0.812142 0.044809 1.292429 -1.906840 0.238571 0.926756 -0.357384 1.000000 
-0.250697 -0.788614 0.055138 1.289588 -1.904878 0.251830 0.924031 -0.324548 1.000000 
-0.256910 -0.764631 0.065440 1.285799 -1.902812 0.264394 0.921554 -0.295214 1.000000 
-0.262930 -0.740223 0.075708 1.281080 -1.900649 0.276242 0.919299 -0.269050 1.000000 
-0.268753 -0.715420 0.085935 1.275448 -1.898395 0.287353 0.917242 -0.245733 1.000000 
-0.274376 -0.690250 0.096113 1.268923 -1.896054 0.297708 0.915361 -0.224956 1.000000 
-0.279796 -0.664744 0.106235 1.261522 -1.893633 0.307289 0.913637 -0.206436 1.000000 
-0.285011 -0.638929 0.116295 1.253267 -1.891139 0.316081 0.912052 -0.189916 1.000000 
-0.290018 -0.612836 0.126285 1.244178 -1.888578 0.324068 0.910593 -0.175165 1.000000 
-0.294815 -0.586491 0.136200 1.234276 -1.885956 0.331239 0.909246 -0.161975 1.000000 
-0.299401 -0.559923 0.146032 1.223582 -1.883280 0.337582 0.907998 -0.150166 1.000000 
-0.303774 -0.533159 0.155775 1.212118 -1.880557 0.343089 0.906840 -0.139576 1.000000 
-0.307931 -0.506225 0.165423 1.199906 -1.877793 0.347752 0.905762 -0.130064 1.000000 
-0.311873 -0.479147 0.174971 1.186969 -1.874995 0.351567 0.904756 -0.121506 1.000000 
-0.315597 -0.451950 0.184413 1.173329 -1.872171 0.354530 0.903816 -0.113794 1.000000 
-0.319104 -0.424658 0.193743 1.159009 -1.869325 0.356639 0.902933 -0.106832 1.000000 
-0.322392 -0.397295 0.202955 1.144030 -1.866467 0.357897 0.902104 -0.100538 1.000000 
-0.325460 -0.369884 0.212046 1.128417 -1.863601 0.358304 0.901323 -0.094838 1.000000 
-0.328310 -0.342446 0.221008 1.112191 -1.860736 0.357865 0.900586 -0.089668 1.000000 
-0.330940 -0.315003 0.229839 1.095373 -1.857878 0.356587 0.899887 -0.084972 1.000000 
-0.333350 -0.287573 0.238533 1.077987 -1.855033 0.354477 0.899225 -0.080701 1.000000 
-0.335541 -0.260177 0.247085 1.060054 -1.852208 0.351545 0.898595 -0.076812 1.000000 
-0.337513 -0.232832 0.255492 1.041594 -1.849410 0.347802 0.897995 -0.073266 1.000000 
-0.339266 -0.205555 0.263750 1.022628 -1.846645 0.343261 0.897422 -0.070030 1.000000 
-0.340802 -0.178363 0.271853 1.003177 -1.843920 0.337938 0.896874 -0.067074 1.000000 
-0.342120 -0.151270 0.279799 0.983259 -1.841240 0.331848 0.896348 -0.064371 1.000000 
-0.343223 -0.124290 0.287584 0.962894 -1.838613 0.325008 0.895843 -0.061900 1.000000 
-0.344109 -0.097437 0.295204 0.942101 -1.836042 0.317438 0.895357 -0.059637 1.000000 
-0.344782 -0.070724 0.302657 0.920896 -1.833535 0.309159 0.894889 -0.057567 1.000000 
-0.345241 -0.044161 0.309938 0.899297 -1.831098 0.300192 0.894436 -0.055672 1.000000 
-0.345489 -0.017759 0.317044 0.877319 -1.828734 0.290560 0.893997 -0.053937 1.000000 
-0.345526 0.008473 0.323974 0.854979 -1.826450 0.280287 0.893572 -0.052351 1.000000 
-0.345354 0.034525 0.330723 0.832290 -1.824251 0.269398 0.893159 -0.050902 1.000000 
-0.344974 0.060389 0.337290 0.809267 -1.822142 0.257921 0.892758 -0.049578 1.000000 
-0.344388 0.086058 0.343670 0.785922 -1.820126 0.245881 0.892366 -0.048373 1.000000 
-0.343598 0.111526 0.349863 0.762268 -1.818209 0.233308 0.891983 -0.047276 1.000000 
-0.342604 0.136787 0.355866 0.738317 -1.816394 0.220230 0.891609 -0.046282 1.000000 
-0.341410 0.161834 0.361676 0.714078 -1.814686 0.206678 0.891243 -0.045383 1.000000 
-0.340015 0.186665 0.367291 0.689562 -1.813089 0.192682 0.890883 -0.044575 1.000000 
-0.338424 0.211273 0.372708 0.664779 -1.811605 0.178273 0.890529 -0.043851 1.000000 
-0.336636 0.235655 0.377926 0.639736 -1.810237 0.163483 0.890181 -0.043208 1.000000 
-0.334654 0.259809 0.382943 0.614442 -1.808990 0.148345 0.889838 -0.042643 1.000000 
-0.332479 0.283730 0.387757 0.588904 -1.807865 0.132891 0.889498 -0.042150 1.000000 
-0.330115 0.307416 0.392365 0.563128 -1.806864 0.117156 0.889163 -0.041729 1.000000 
-0.327561 0.330865 0.396766 0.537121 -1.805991 0.101172 0.888831 -0.041375 1.000000 
-0.324821 0.354074 0.400958 0.510888 -1.805246 0.084974 0.888501 -0.041088 1.000000 
-0.321897 0.377041 0.404940 0.484433 -1.804632 0.068597 0.888173 -0.040865 1.000000 
-0.318789 0.399763 0.408709 0.457762 -1.804149 0.052075 0.887847 -0.040705 1.000000 
-0.315501 0.422239 0.412263 0.430879 -1.803799 0.035442 0.887522 -0.040607 1.000000 
-0.312034 0.444467 0.415602 0.403788 -1.803582 0.018735 0.887197 -0.040570 1.000000 
-0.308390 0.466444 0.418723 0.376491 -1.803499 0.001988 0.886872 -0.040595 1.000000 
-0.304572 0.488168 0.421626 0.348994 -1.803550 -0.014765 0.886547 -0.040681 1.000000 
-0.300580 0.509637 0.424307 0.321298 -1.803735 -0.031487 0.886221 -0.040828 1.000000 
-0.296418 0.530847 0.426766 0.293407 -1.804054 -0.048144 0.885894 -0.041038 1.000000 
-0.292088 0.551795 0.429001 0.265324 -1.804505 -0.064702 0.885564 -0.041310 1.000000 
-0.287590 0.572479 0.431010 0.237053 -1.805089 -0.081124 0.885233 -0.041647 1.000000 
-0.282929 0.592895 0.432793 0.208596 -1.805803 -0.097378 0.884898 -0.042050 1.000000 
-0.278105 0.613038 0.434347 0.179957 -1.806646 -0.113429 0.884560 -0.042521 1.000000 
-0.273121 0.632904 0.435672 0.151139 -1.807617 -0.129243 0.884217 -0.043062 1.000000 
-0.267979 0.652488 0.436765 0.122147 -1.808713 -0.144786 0.883870 -0.043677 1.000000 
-0.262682 0.671785 0.437626 0.092985 -1.809933 -0.160026 0.883518 -0.044368 1.000000 
-0.257231 0.690789 0.438253 0.063656 -1.811273 -0.174930 0.883160 -0.045140 1.000000 
-0.251630 0.709493 0.438644 0.034168 -1.812731 -0.189466 0.882796 -0.045995 1.000000 
-0.245880 0.727890 0.438799 0.004524 -1.814303 -0.203602 0.882424 -0.046940 1.000000 
-0.239985 0.745972 0.438716 -0.025269 -1.815987 -0.217309 0.882045 -0.047980 1.000000 
-0.233945 0.763733 0.438394 -0.055203 -1.817779 -0.230556 0.881656 -0.049119 1.000000 
-0.227766 0.781162 0.437832 -0.085272 -1.819675 -0.243314 0.881258 -0.050366 1.000000 
-0.221448 0.798251 0.437029 -0.115467 -1.821671 -0.255554 0.880850 -0.051727 1.000000 
-0.214995 0.814990 0.435985 -0.145779 -1.823762 -0.267250 0.880430 -0.053211 1.000000 
-0.208409 0.831368 0.434697 -0.176198 -1.825945 -0.278374 0.879998 -0.054828 1.000000 
-0.201694 0.847375 0.433165 -0.206714 -1.828215 -0.288901 0.879553 -0.056586 1.000000 
-0.194852 0.862998 0.431389 -0.237314 -1.830566 -0.298808 0.879093 -0.058499 1.000000 
-0.187887 0.878227 0.429368 -0.267987 -1.832994 -0.308070 0.878616 -0.060579 1.000000 
-0.180801 0.893048 0.427101 -0.298719 -1.835493 -0.316666 0.878123 -0.062839 1.000000 
-0.173599 0.907448 0.424588 -0.329495 -1.838059 -0.324575 0.877610 -0.065297 1.000000 
-0.166283 0.921415 0.421829 -0.360300 -1.840685 -0.331777 0.877078 -0.067970 1.000000 
-0.158858 0.934934 0.418823 -0.391118 -1.843365 -0.338256 0.876522 -0.070877 1.000000 
-0.151326 0.947991 0.415571 -0.421931 -1.846095 -0.343994 0.875943 -0.074042 1.000000 
-0.143691 0.960572 0.412073 -0.452721 -1.848867 -0.348976 0.875337 -0.077488 1.000000 
-0.135958 0.972661 0.408328 -0.483469 -1.851676 -0.353189 0.874702 -0.081244 1.000000 
-0.128130 0.984245 0.404337 -0.514153 -1.854516 -0.356623 0.874036 -0.085340 1.000000 
-0.120211 0.995307 0.400102 -0.544753 -1.857380 -0.359265 0.873336 -0.089812 1.000000 
-0.112206 1.005833 0.395622 -0.575247 -1.860262 -0.361110 0.872598 -0.094698 1.000000 
-0.104119 1.015808 0.390898 -0.605610 -1.863156 -0.362149 0.871819 -0.100042 1.000000 
-0.095955 1.025216 0.385932 -0.635820 -1.866054 -0.362379 0.870996 -0.105893 1.000000 
-0.087718 1.034041 0.380725 -0.665852 -1.868952 -0.361797 0.870124 -0.112305 1.000000 
-0.079412 1.042270 0.375279 -0.695679 -1.871841 -0.360403 0.869197 -0.119339 1.000000 
-0.071043 1.049886 0.369595 -0.725276 -1.874716 -0.358198 0.868212 -0.127065 1.000000 
-0.062615 1.056877 0.363675 -0.754615 -1.877570 -0.355185 0.867162 -0.135558 1.000000 
-0.054135 1.063227 0.357522 -0.783669 -1.880397 -0.351371 0.866041 -0.144904 1.000000 
-0.045606 1.068923 0.351137 -0.812410 -1.883190 -0.346762 0.864841 -0.155198 1.000000 
-0.037034 1.073952 0.344524 -0.840809 -1.885943 -0.341368 0.863555 -0.166544 1.000000 
-0.028424 1.078301 0.337686 -0.868838 -1.888650 -0.335201 0.862174 -0.179058 1.000000 
-0.019783 1.081959 0.330624 -0.896466 -1.891304 -0.328276 0.860687 -0.192867 1.000000 
-0.011115 1.084914 0.323343 -0.923665 -1.893900 -0.320608 0.859084 -0.208110 1.000000 
-0.002426 1.087156 0.315847 -0.950406 -1.896432 -0.312215 0.857353 -0.224933 1.000000 
0.006278 1.088676 0.308138 -0.976659 -1.898894 -0.303119 0.855480 -0.243495 1.000000 
0.014991 1.089465 0.300221 -1.002395 -1.901280 -0.293340 0.853452 -0.263958 1.000000 
0.023707 1.089516 0.292101 -1.027584 -1.903585 -0.282905 0.851251 -0.286488 1.000000 
0.032421 1.088823 0.283782 -1.052198 -1.905805 -0.271839 0.848862 -0.311246 1.000000 
0.041127 1.087381 0.275268 -1.076210 -1.907933 -0.260171 0.846265 -0.338378 1.000000 
0.049817 1.085186 0.266564 -1.099591 -1.909966 -0.247931 0.843441 -0.368005 1.000000 
0.058488 1.082234 0.257676 -1.122314 -1.911899 -0.235152 0.840370 -0.400206 1.000000 
0.067131 1.078526 0.248609 -1.144353 -1.913727 -0.221868 0.837031 -0.434997 1.000000 
0.075742 1.074062 0.239368 -1.165684 -1.915447 -0.208115 0.833404 -0.472302 1.000000 
0.084314 1.068842 0.229960 -1.186282 -1.917056 -0.193930 0.829468 -0.511930 1.000000 
0.092841 1.062871 0.220390 -1.206125 -1.918549 -0.179353 0.825207 -0.553542 1.000000 
0.101318 1.056153 0.210664 -1.225190 -1.919924 -0.164422 0.820607 -0.596615 1.000000 
0.109738 1.048693 0.200789 -1.243457 -1.921179 -0.149181 0.815659 -0.640428 1.000000 
0.118095 1.040501 0.190771 -1.260908 -1.922311 -0.133670 0.810361 -0.684040 1.000000 
0.126384 1.031585 0.180616 -1.277526 -1.923317 -0.117932 0.804718 -0.726305 1.000000 
0.134599 1.021956 0.170333 -1.293295 -1.924197 -0.102012 0.798747 -0.765904 1.000000 
0.142733 1.011626 0.159926 -1.308201 -1.924949 -0.085953 0.792475 -0.801413 1.000000 
0.150783 1.000608 0.149404 -1.322233 -1.925572 -0.069797 0.785939 -0.831399 1.000000 
0.158741 0.988918 0.138773 -1.335380 -1.926066 -0.053586 0.779191 -0.854542 1.000000 
0.166604 0.976572 0.128040 -1.347635 -1.926429 -0.037364 0.772288 -0.869763 1.000000 
0.174365 0.963585 0.117213 -1.358992 -1.926663 -0.021169 0.765298 -0.876339 1.000000 
0.182019 0.949976 0.106299 -1.369445 -1.926768 -0.005039 0.758290 -0.873984 1.000000 
0.189563 0.935762 0.095304 -1.378992 -1.926744 0.010987 0.751337 -0.862881 1.000000 
0.196990 0.920963 0.084237 -1.387631 -1.926593 0.026877 0.744506 -0.843656 1.000000 
0.204297 0.905597 0.073104 -1.395364 -1.926315 0.042597 0.737858 -0.817302 1.000000 
0.211478 0.889683 0.061914 -1.402192 -1.925912 0.058118 0.731445 -0.785063 1.000000 
0.218530 0.873240 0.050672 -1.408116 -1.925386 0.073410 0.725309 -0.748320 1.000000 
0.225449 0.856288 0.039386 -1.413142 -1.924738 0.088448 0.719480 -0.708460 1.000000 
0.232229 0.838845 0.028064 -1.417274 -1.923971 0.103205 0.713978 -0.666791 1.000000 
0.238869 0.820931 0.016712 -1.420517 -1.923087 0.117657 0.708813 -0.624464 1.000000 
0.245363 0.802565 0.005338 -1.422879 -1.922089 0.131782 0.703986 -0.582441 1.000000 
0.251709 0.783765 -0.006052 -1.424365 -1.920980 0.145558 0.699491 -0.541482 1.000000 
0.257902 0.764552 -0.017450 -1.424983 -1.919762 0.158964 0.695318 -0.502150 1.000000 
0.263941 0.744943 -0.028849 -1.424743 -1.918437 0.171979 0.691451 -0.464836 1.000000 
0.269820 0.724958 -0.040243 -1.423652 -1.917011 0.184583 0.687875 -0.429781 1.000000 
0.275539 0.704616 -0.051625 -1.421720 -1.915485 0.196758 0.684569 -0.397106 1.000000 
0.281093 0.683936 -0.062988 -1.418958 -1.913864 0.208485 0.681514 -0.366840 1.000000 
0.286481 0.662937 -0.074326 -1.415376 -1.912151 0.219746 0.678693 -0.338945 1.000000 
0.291700 0.641638 -0.085632 -1.410985 -1.910349 0.230525 0.676085 -0.313334 1.000000 
0.296747 0.620058 -0.096900 -1.405797 -1.908464 0.240805 0.673674 -0.289888 1.000000 
0.301620 0.598215 -0.108123 -1.399823 -1.906498 0.250571 0.671442 -0.268472 1.000000 
0.306317 0.576128 -0.119295 -1.393078 -1.904456 0.259808 0.669373 -0.248941 1.000000 
0.310837 0.553817 -0.130410 -1.385574 -1.902342 0.268503 0.667454 -0.231145 1.000000 
0.315178 0.531298 -0.141462 -1.377325 -1.900161 0.276643 0.665671 -0.214940 1.000000 
0.319337 0.508591 -0.152445 -1.368344 -1.897918 0.284215 0.664011 -0.200188 1.000000 
0.323315 0.485714 -0.163354 -1.358646 -1.895615 0.291210 0.662464 -0.186757 1.000000 
0.327109 0.462684 -0.174182 -1.348247 -1.893260 0.297618 0.661020 -0.174524 1.000000 
0.000000 0.000000 0.000000 0.000000 0.000000 0.000000 0.000000 0.000000 0.000000 
