1.960901 -1.175170 1.002757 0.298857 -1.856024 -1.202448 0.202158 0.005463 1.000000 
1.951341 -1.214764 1.005065 0.278080 -1.865823 -1.247196 0.202202 0.005549 1.000000 
1.941463 -1.254761 1.007205 0.256940 -1.875977 -1.291225 0.202247 0.005639 1.000000 
1.931264 -1.295168 1.009175 0.235428 -1.886481 -1.334502 0.202292 0.005735 1.000000 
1.920740 -1.335993 1.010971 0.213537 -1.897327 -1.376995 0.202338 0.005837 1.000000 
1.909887 -1.377242 1.012590 0.191257 -1.908510 -1.418671 0.202385 0.005945 1.000000 
1.898703 -1.418921 1.014030 0.168580 -1.920024 -1.459499 0.202433 0.006058 1.000000 
1.887183 -1.461033 1.015287 0.145500 -1.931860 -1.499445 0.202482 0.006179 1.000000 
1.875325 -1.503581 1.016357 0.122008 -1.944012 -1.538476 0.202532 0.006306 1.000000 
1.863125 -1.546567 1.017238 0.098099 -1.956473 -1.576560 0.202583 0.006440 1.000000 
1.850579 -1.589990 1.017925 0.073766 -1.969235 -1.613662 0.202635 0.006581 1.000000 
1.837684 -1.633850 1.018417 0.049004 -1.982289 -1.649750 0.202689 0.006731 1.000000 
1.824436 -1.678143 1.018708 0.023808 -1.995628 -1.684790 0.202743 0.006889 1.000000 
1.810832 -1.722868 1.018796 -0.001827 -2.009243 -1.718748 0.202799 0.007057 1.000000 
1.796869 -1.768018 1.018678 -0.027904 -2.023125 -1.751592 0.202856 0.007233 1.000000 
1.782543 -1.813587 1.018349 -0.054427 -2.037265 -1.783287 0.202915 0.007420 1.000000 
1.767850 -1.859567 1.017806 -0.081397 -2.051654 -1.813801 0.202975 0.007617 1.000000 
1.752789 -1.905949 1.017045 -0.108817 -2.066283 -1.843100 0.203037 0.007826 1.000000 
1.737354 -1.952721 1.016064 -0.136688 -2.081140 -1.871150 0.203100 0.008047 1.000000 
1.721544 -1.999873 1.014857 -0.165010 -2.096218 -1.897920 0.203165 0.008281 1.000000 
1.705355 -2.047390 1.013422 -0.193782 -2.111504 -1.923377 0.203233 0.008528 1.000000 
1.688785 -2.095257 1.011755 -0.223004 -2.126988 -1.947487 0.203302 0.008791 1.000000 
1.671830 -2.143457 1.009853 -0.252674 -2.142660 -1.970220 0.203373 0.009069 1.000000 
1.654489 -2.191973 1.007711 -0.282787 -2.158508 -1.991543 0.203447 0.009364 1.000000 
1.636758 -2.240783 1.005327 -0.313342 -2.174521 -2.011426 0.203523 0.009677 1.000000 
1.618635 -2.289869 1.002697 -0.344333 -2.190687 -2.029838 0.203602 0.010010 1.000000 
1.600119 -2.339205 0.999817 -0.375754 -2.206994 -2.046750 0.203683 0.010364 1.000000 
1.581208 -2.388769 0.996684 -0.407600 -2.223431 -2.062131 0.203768 0.010741 1.000000 
1.561898 -2.438535 0.993294 -0.439863 -2.239984 -2.075954 0.203855 0.011142 1.000000 
1.542191 -2.488476 0.989645 -0.472535 -2.256642 -2.088191 0.203946 0.011570 1.000000 
1.522082 -2.538562 0.985732 -0.505607 -2.273391 -2.098815 0.204040 0.012026 1.000000 
1.501573 -2.588764 0.981554 -0.539069 -2.290218 -2.107800 0.204139 0.012514 1.000000 
1.480662 -2.639050 0.977106 -0.572909 -2.307111 -2.115122 0.204241 0.013035 1.000000 
1.459348 -2.689388 0.972386 -0.607116 -2.324056 -2.120756 0.204347 0.013593 1.000000 
1.437632 -2.739743 0.967391 -0.641677 -2.341039 -2.124681 0.204458 0.014191 1.000000 
1.415512 -2.790080 0.962119 -0.676577 -2.358046 -2.126874 0.204574 0.014833 1.000000 
1.392991 -2.840361 0.956565 -0.711802 -2.375064 -2.127316 0.204696 0.015522 1.000000 
1.370067 -2.890548 0.950729 -0.747337 -2.392078 -2.125989 0.204823 0.016264 1.000000 
1.346742 -2.940603 0.944607 -0.783163 -2.409075 -2.122874 0.204956 0.017063 1.000000 
1.323018 -2.990484 0.938198 -0.819264 -2.426040 -2.117957 0.205096 0.017925 1.000000 
1.298895 -3.040149 0.931498 -0.855620 -2.442958 -2.111223 0.205243 0.018856 1.000000 
1.274376 -3.089557 0.924507 -0.892212 -2.459814 -2.102661 0.205398 0.019864 1.000000 
1.249463 -3.138663 0.917222 -0.929019 -2.476595 -2.092259 0.205561 0.020956 1.000000 
1.224158 -3.187422 0.909642 -0.966020 -2.493286 -2.080009 0.205734 0.022142 1.000000 
1.198465 -3.235790 0.901765 -1.003192 -2.509870 -2.065904 0.205916 0.023431 1.000000 
1.172387 -3.283719 0.893591 -1.040513 -2.526335 -2.049939 0.206109 0.024836 1.000000 
1.145927 -3.331163 0.885117 -1.077957 -2.542664 -2.032110 0.206313 0.026370 1.000000 
1.119090 -3.378073 0.876343 -1.115499 -2.558844 -2.012419 0.206531 0.028048 1.000000 
1.091879 -3.424402 0.867269 -1.153116 -2.574858 -1.990865 0.206763 0.029886 1.000000 
1.064301 -3.470101 0.857893 -1.190778 -2.590693 -1.967451 0.207010 0.031905 1.000000 
1.036360 -3.515121 0.848216 -1.228461 -2.606332 -1.942185 0.207274 0.034129 1.000000 
1.008061 -3.559412 0.838238 -1.266135 -2.621763 -1.915073 0.207556 0.036582 1.000000 
0.979411 -3.602925 0.827958 -1.303772 -2.636969 -1.886126 0.207860 0.039295 1.000000 
0.950416 -3.645609 0.817378 -1.341343 -2.651936 -1.855357 0.208186 0.042304 1.000000 
0.921084 -3.687416 0.806497 -1.378818 -2.666650 -1.822779 0.208537 0.045650 1.000000 
0.891420 -3.728295 0.795317 -1.416168 -2.681096 -1.788412 0.208917 0.049381 1.000000 
0.861434 -3.768196 0.783839 -1.453361 -2.695259 -1.752273 0.209329 0.053553 1.000000 
0.831132 -3.807072 0.772064 -1.490366 -2.709127 -1.714386 0.209776 0.058232 1.000000 
0.800523 -3.844873 0.759993 -1.527153 -2.722685 -1.674775 0.210262 0.063498 1.000000 
0.769617 -3.881550 0.747630 -1.563689 -2.735919 -1.633466 0.210793 0.069442 1.000000 
0.738422 -3.917056 0.734975 -1.599943 -2.748816 -1.590489 0.211375 0.076176 1.000000 
0.706947 -3.951345 0.722032 -1.635883 -2.761363 -1.545875 0.212015 0.083832 1.000000 
0.675203 -3.984369 0.708802 -1.671476 -2.773546 -1.499658 0.212719 0.092569 1.000000 
0.643201 -4.016084 0.695289 -1.706690 -2.785353 -1.451874 0.213499 0.102578 1.000000 
0.610950 -4.046445 0.681496 -1.741493 -2.796772 -1.402562 0.214365 0.114092 1.000000 
0.578461 -4.075409 0.667426 -1.775853 -2.807790 -1.351761 0.215329 0.127390 1.000000 
0.545747 -4.102935 0.653084 -1.809739 -2.818396 -1.299513 0.216409 0.142817 1.000000 
0.512818 -4.128981 0.638472 -1.843118 -2.828578 -1.245864 0.217621 0.160792 1.000000 
0.479687 -4.153508 0.623595 -1.875959 -2.838326 -1.190857 0.218989 0.181829 1.000000 
0.446366 -4.176479 0.608458 -1.908231 -2.847629 -1.134542 0.220540 0.206561 1.000000 
0.412868 -4.197856 0.593065 -1.939904 -2.856476 -1.076967 0.222306 0.235767 1.000000 
0.379205 -4.217606 0.577421 -1.970947 -2.864857 -1.018180 0.224327 0.270403 1.000000 
0.345391 -4.235694 0.561532 -2.001332 -2.872763 -0.958234 0.226650 0.311645 1.000000 
0.311438 -4.252090 0.545402 -2.031029 -2.880186 -0.897178 0.229335 0.360925 1.000000 
0.277362 -4.266763 0.529037 -2.060010 -2.887115 -0.835063 0.232451 0.419970 1.000000 
0.243175 -4.279684 0.512444 -2.088248 -2.893544 -0.771940 0.236086 0.490826 1.000000 
0.208892 -4.290826 0.495627 -2.115718 -2.899464 -0.707858 0.240342 0.575847 1.000000 
0.174526 -4.300164 0.478594 -2.142392 -2.904867 -0.642863 0.245344 0.677600 1.000000 
0.140094 -4.307673 0.461351 -2.168248 -2.909747 -0.577002 0.251235 0.798641 1.000000 
0.105609 -4.313329 0.443905 -2.193260 -2.914097 -0.510314 0.258179 0.941053 1.000000 
0.071086 -4.317109 0.426261 -2.217408 -2.917910 -0.442837 0.266351 1.105637 1.000000 
0.036540 -4.318990 0.408428 -2.240667 -2.921180 -0.374605 0.275924 1.290669 1.000000 
0.001987 -4.318949 0.390413 -2.263017 -2.923902 -0.305646 0.287042 1.490288 1.000000 
-0.032558 -4.316963 0.372223 -2.284435 -2.926069 -0.235989 0.299777 1.692900 1.000000 
-0.067079 -4.313007 0.353865 -2.304899 -2.927676 -0.165662 0.314088 1.880537 1.000000 
-0.101561 -4.307058 0.335347 -2.324384 -2.928718 -0.094703 0.329766 2.030476 1.000000 
-0.135987 -4.299091 0.316677 -2.342865 -2.929190 -0.023160 0.346414 2.119992 1.000000 
-0.170341 -4.289086 0.297864 -2.360312 -2.929087 0.048899 0.363481 2.133299 1.000000 
-0.204607 -4.277025 0.278915 -2.376696 -2.928406 0.121386 0.380335 2.067465 1.000000 
-0.238768 -4.262896 0.259839 -2.391988 -2.927144 0.194193 0.396378 1.933692 1.000000 
-0.272807 -4.246693 0.240646 -2.406158 -2.925299 0.267196 0.411149 1.753069 1.000000 
-0.306709 -4.228416 0.221344 -2.419181 -2.922869 0.340262 0.424367 1.549482 1.000000 
-0.340457 -4.208073 0.201942 -2.431032 -2.919855 0.413255 0.435935 1.343536 1.000000 
-0.374033 -4.185678 0.182451 -2.441694 -2.916257 0.486036 0.445896 1.149560 1.000000 
-0.407422 -4.161249 0.162878 -2.451150 -2.912079 0.558474 0.454381 0.975491 1.000000 
-0.440608 -4.134811 0.143236 -2.459388 -2.907323 0.630439 0.461565 0.824299 1.000000 
-0.473574 -4.106394 0.123532 -2.466401 -2.901993 0.701811 0.467630 0.695761 1.000000 
-0.506305 -4.076030 0.103776 -2.472184 -2.896096 0.772472 0.472752 0.587936 1.000000 
-0.538785 -4.043758 0.083980 -2.476736 -2.889636 0.842312 0.477086 0.498177 1.000000 
-0.571000 -4.009619 0.064152 -2.480058 -2.882621 0.911226 0.480764 0.423722 1.000000 
-0.602934 -3.973656 0.044302 -2.482154 -2.875059 0.979115 0.483899 0.362008 1.000000 
-0.634574 -3.935917 0.024441 -2.483031 -2.866958 1.045884 0.486584 0.310788 1.000000 
-0.665904 -3.896452 0.004577 -2.482699 -2.858328 1.111442 0.488895 0.268166 1.000000 
-0.696912 -3.855314 -0.015279 -2.481168 -2.849179 1.175705 0.490893 0.232574 1.000000 
-0.727585 -3.812557 -0.035119 -2.478454 -2.839521 1.238590 0.492631 0.202728 1.000000 
-0.757909 -3.768239 -0.054931 -2.474570 -2.829365 1.300021 0.494150 0.177591 1.000000 
-0.787873 -3.722420 -0.074709 -2.469535 -2.818724 1.359924 0.495483 0.156319 1.000000 
-0.817464 -3.675159 -0.094441 -2.463369 -2.807611 1.418229 0.496659 0.138235 1.000000 
-0.846672 -3.626520 -0.114120 -2.456092 -2.796037 1.474873 0.497702 0.122787 1.000000 
-0.875485 -3.576566 -0.133736 -2.447727 -2.784017 1.529792 0.498630 0.109531 1.000000 
-0.903893 -3.525362 -0.153280 -2.438298 -2.771565 1.582930 0.499459 0.098104 1.000000 
-0.931887 -3.472975 -0.172746 -2.427831 -2.758695 1.634233 0.500203 0.088210 1.000000 
-0.959458 -3.419471 -0.192123 -2.416353 -2.745423 1.683650 0.500874 0.079607 1.000000 
-0.986596 -3.364919 -0.211405 -2.403892 -2.731762 1.731135 0.501480 0.072097 1.000000 
-1.013294 -3.309386 -0.230583 -2.390477 -2.717730 1.776646 0.502030 0.065514 1.000000 
-1.039544 -3.252941 -0.249650 -2.376139 -2.703341 1.820145 0.502530 0.059723 1.000000 
-1.065339 -3.195653 -0.268599 -2.360908 -2.688613 1.861595 0.502987 0.054610 1.000000 
-1.090672 -3.137589 -0.287422 -2.344817 -2.673561 1.900966 0.503406 0.050079 1.000000 
-1.115538 -3.078820 -0.306113 -2.327898 -2.658203 1.938229 0.503790 0.046052 1.000000 
-1.139932 -3.019413 -0.324666 -2.310185 -2.642555 1.973361 0.504144 0.042461 1.000000 
-1.163847 -2.959436 -0.343074 -2.291712 -2.626635 2.006342 0.504470 0.039249 1.000000 
-1.187281 -2.898955 -0.361332 -2.272513 -2.610460 2.037153 0.504772 0.036367 1.000000 
-1.210230 -2.838038 -0.379433 -2.252623 -2.594046 2.065782 0.505053 0.033775 1.000000 
-1.232689 -2.776749 -0.397372 -2.232076 -2.577413 2.092217 0.505314 0.031437 1.000000 
-1.254657 -2.715153 -0.415144 -2.210909 -2.560577 2.116453 0.505556 0.029324 1.000000 
-1.276131 -2.653314 -0.432745 -2.189155 -2.543556 2.138484 0.505783 0.027408 1.000000 
-1.297109 -2.591293 -0.450169 -2.166851 -2.526367 2.158311 0.505995 0.025667 1.000000 
-1.317591 -2.529151 -0.467413 -2.144031 -2.509028 2.175935 0.506194 0.024082 1.000000 
-1.337576 -2.466947 -0.484472 -2.120731 -2.491558 2.191362 0.506381 0.022636 1.000000 
-1.357062 -2.404739 -0.501344 -2.096985 -2.473972 2.204600 0.506557 0.021314 1.000000 
-1.376052 -2.342581 -0.518023 -2.072827 -2.456290 2.215659 0.506722 0.020103 1.000000 
-1.394544 -2.280530 -0.534508 -2.048291 -2.438528 2.224553 0.506879 0.018991 1.000000 
-1.412540 -2.218636 -0.550795 -2.023411 -2.420703 2.231297 0.507027 0.017968 1.000000 
-1.430043 -2.156950 -0.566882 -1.998220 -2.402833 2.235910 0.507166 0.017027 1.000000 
-1.447052 -2.095521 -0.582766 -1.972749 -2.384934 2.238412 0.507299 0.016158 1.000000 
-1.463572 -2.034394 -0.598445 -1.947032 -2.367024 2.238826 0.507425 0.015355 1.000000 
-1.479604 -1.973615 -0.613918 -1.921098 -2.349118 2.237176 0.507545 0.014612 1.000000 
-1.495151 -1.913225 -0.629182 -1.894978 -2.331234 2.233490 0.507659 0.013923 1.000000 
-1.510216 -1.853265 -0.644237 -1.868701 -2.313388 2.227794 0.507768 0.013284 1.000000 
-1.524804 -1.793771 -0.659081 -1.842296 -2.295595 2.220120 0.507872 0.012690 1.000000 
-1.538918 -1.734781 -0.673713 -1.815790 -2.277871 2.210498 0.507971 0.012137 1.000000 
-1.552562 -1.676328 -0.688133 -1.789210 -2.260232 2.198963 0.508066 0.011622 1.000000 
-1.565741 -1.618442 -0.702340 -1.762581 -2.242693 2.185547 0.508157 0.011142 1.000000 
-1.578459 -1.561153 -0.716335 -1.735929 -2.225268 2.170287 0.508244 0.010693 1.000000 
-1.590721 -1.504488 -0.730115 -1.709276 -2.207973 2.153219 0.508328 0.010274 1.000000 
-1.602532 -1.448471 -0.743683 -1.682646 -2.190821 2.134380 0.508409 0.009881 1.000000 
-1.613898 -1.393125 -0.757038 -1.656060 -2.173827 2.113810 0.508486 0.009514 1.000000 
-1.624824 -1.338470 -0.770180 -1.629537 -2.157005 2.091548 0.508561 0.009169 1.000000 
-1.635316 -1.284524 -0.783111 -1.603098 -2.140367 2.067633 0.508633 0.008846 1.000000 
-1.645378 -1.231303 -0.795830 -1.576760 -2.123927 2.042106 0.508703 0.008542 1.000000 
-1.655018 -1.178822 -0.808339 -1.550541 -2.107698 2.015008 0.508770 0.008256 1.000000 
-1.664242 -1.127091 -0.820639 -1.524456 -2.091691 1.986381 0.508835 0.007988 1.000000 
-1.673054 -1.076121 -0.832731 -1.498519 -2.075919 1.956266 0.508898 0.007735 1.000000 
-1.681462 -1.025919 -0.844616 -1.472744 -2.060395 1.924705 0.508959 0.007498 1.000000 
-1.689471 -0.976491 -0.856295 -1.447143 -2.045128 1.891740 0.509018 0.007273 1.000000 
-1.697087 -0.927841 -0.867771 -1.421728 -2.030130 1.857414 0.509075 0.007062 1.000000 
-1.704318 -0.879971 -0.879043 -1.396509 -2.015413 1.821769 0.509131 0.006863 1.000000 
-1.711169 -0.832882 -0.890115 -1.371493 -2.000985 1.784847 0.509185 0.006675 1.000000 
-1.717646 -0.786571 -0.900988 -1.346690 -1.986858 1.746691 0.509238 0.006498 1.000000 
-1.723756 -0.741036 -0.911663 -1.322104 -1.973042 1.707341 0.509289 0.006331 1.000000 
-1.729505 -0.696272 -0.922142 -1.297743 -1.959544 1.666840 0.509339 0.006173 1.000000 
-1.734899 -0.652272 -0.932427 -1.273609 -1.946375 1.625230 0.509388 0.006024 1.000000 
-1.739943 -0.609028 -0.942520 -1.249707 -1.933543 1.582551 0.509435 0.005883 1.000000 
-1.744645 -0.566530 -0.952423 -1.226039 -1.921057 1.538845 0.509482 0.005750 1.000000 
-1.749010 -0.524768 -0.962138 -1.202605 -1.908924 1.494151 0.509527 0.005624 1.000000 
-1.753043 -0.483729 -0.971666 -1.179406 -1.897153 1.448511 0.509572 0.005506 1.000000 
-1.756751 -0.443400 -0.981009 -1.156440 -1.885751 1.401964 0.509615 0.005394 1.000000 
-1.760140 -0.403766 -0.990169 -1.133706 -1.874724 1.354548 0.509658 0.005289 1.000000 
-1.763213 -0.364810 -0.999149 -1.111201 -1.864080 1.306304 0.509700 0.005190 1.000000 
-1.765978 -0.326516 -1.007949 -1.088920 -1.853825 1.257268 0.509741 0.005096 1.000000 
-1.768439 -0.288865 -1.016572 -1.066860 -1.843966 1.207480 0.509782 0.005008 1.000000 
-1.770602 -0.251838 -1.025019 -1.045014 -1.834507 1.156975 0.509821 0.004926 1.000000 
-1.772470 -0.215414 -1.033293 -1.023376 -1.825456 1.105792 0.509860 0.004848 1.000000 
-1.774050 -0.179573 -1.041394 -1.001939 -1.816817 1.053966 0.509899 0.004776 1.000000 
-1.775345 -0.144292 -1.049324 -0.980693 -1.808594 1.001534 0.509937 0.004708 1.000000 
-1.776360 -0.109548 -1.057085 -0.959630 -1.800794 0.948530 0.509974 0.004644 1.000000 
-1.777099 -0.075319 -1.064679 -0.938741 -1.793419 0.894990 0.510011 0.004585 1.000000 
-1.777567 -0.041579 -1.072106 -0.918014 -1.786475 0.840948 0.510048 0.004530 1.000000 
-1.777766 -0.008304 -1.079367 -0.897438 -1.779965 0.786438 0.510084 0.004479 1.000000 
-1.777701 0.024531 -1.086465 -0.877001 -1.773893 0.731494 0.510119 0.004432 1.000000 
-1.777374 0.056953 -1.093400 -0.856690 -1.768262 0.676149 0.510155 0.004389 1.000000 
-1.776790 0.088988 -1.100172 -0.836493 -1.763076 0.620435 0.510190 0.004349 1.000000 
-1.775951 0.120662 -1.106784 -0.816395 -1.758336 0.564385 0.510224 0.004313 1.000000 
-1.774861 0.152004 -1.113235 -0.796381 -1.754046 0.508031 0.510259 0.004281 1.000000 
-1.773520 0.183039 -1.119526 -0.776437 -1.750208 0.451404 0.510293 0.004252 1.000000 
-1.771933 0.213796 -1.125658 -0.756546 -1.746825 0.394537 0.510327 0.004227 1.000000 
-1.770100 0.244303 -1.131631 -0.736693 -1.743896 0.337460 0.510360 0.004205 1.000000 
-1.768024 0.274588 -1.137445 -0.716862 -1.741426 0.280205 0.510394 0.004186 1.000000 
-1.765707 0.304680 -1.143101 -0.697034 -1.739414 0.222801 0.510427 0.004170 1.000000 
-1.763150 0.334605 -1.148598 -0.677193 -1.737861 0.165280 0.510461 0.004158 1.000000 
-1.760354 0.364393 -1.153936 -0.657321 -1.736769 0.107672 0.510494 0.004149 1.000000 
-1.757320 0.394071 -1.159115 -0.637399 -1.736139 0.050008 0.510527 0.004143 1.000000 
-1.754049 0.423669 -1.164134 -0.617410 -1.735969 -0.007682 0.510560 0.004140 1.000000 
-1.750541 0.453213 -1.168993 -0.597334 -1.736261 -0.065369 0.510593 0.004141 1.000000 
-1.746798 0.482732 -1.173691 -0.577152 -1.737015 -0.123021 0.510626 0.004144 1.000000 
-1.742818 0.512253 -1.178227 -0.556844 -1.738230 -0.180608 0.510660 0.004151 1.000000 
-1.738602 0.541803 -1.182600 -0.536393 -1.739905 -0.238101 0.510693 0.004161 1.000000 
-1.734149 0.571409 -1.186809 -0.515777 -1.742039 -0.295468 0.510726 0.004174 1.000000 
-1.729459 0.601099 -1.190852 -0.494977 -1.744632 -0.352678 0.510760 0.004190 1.000000 
-1.724531 0.630898 -1.194728 -0.473974 -1.747681 -0.409702 0.510793 0.004209 1.000000 
-1.719364 0.660832 -1.198435 -0.452747 -1.751186 -0.466507 0.510827 0.004232 1.000000 
-1.713957 0.690925 -1.201971 -0.431276 -1.755145 -0.523063 0.510861 0.004258 1.000000 
-1.708309 0.721204 -1.205335 -0.409541 -1.759555 -0.579338 0.510895 0.004287 1.000000 
-1.702417 0.751691 -1.208523 -0.387524 -1.764413 -0.635300 0.510930 0.004320 1.000000 
-1.696281 0.782411 -1.211534 -0.365202 -1.769718 -0.690918 0.510964 0.004357 1.000000 
-1.689898 0.813386 -1.214366 -0.342558 -1.775467 -0.746158 0.510999 0.004397 1.000000 
-1.683266 0.844638 -1.217015 -0.319571 -1.781656 -0.800987 0.511035 0.004440 1.000000 
-1.676383 0.876189 -1.219478 -0.296223 -1.788282 -0.855373 0.511070 0.004488 1.000000 
-1.669246 0.908058 -1.221753 -0.272493 -1.795341 -0.909281 0.511106 0.004539 1.000000 
-1.661853 0.940266 -1.223837 -0.248364 -1.802829 -0.962677 0.511143 0.004594 1.000000 
-1.654201 0.972831 -1.225726 -0.223816 -1.810742 -1.015527 0.511180 0.004654 1.000000 
-1.646287 1.005770 -1.227417 -0.198832 -1.819076 -1.067795 0.511217 0.004718 1.000000 
-1.638108 1.039101 -1.228906 -0.173394 -1.827825 -1.119447 0.511255 0.004786 1.000000 
-1.629660 1.072839 -1.230190 -0.147484 -1.836985 -1.170445 0.511294 0.004859 1.000000 
-1.620941 1.106999 -1.231264 -0.121086 -1.846550 -1.220754 0.511333 0.004937 1.000000 
-1.611947 1.141594 -1.232126 -0.094183 -1.856515 -1.270335 0.511373 0.005020 1.000000 
-1.602674 1.176636 -1.232770 -0.066760 -1.866874 -1.319153 0.511414 0.005108 1.000000 
-1.593120 1.212136 -1.233192 -0.038801 -1.877619 -1.367167 0.511455 0.005201 1.000000 
-1.583279 1.248104 -1.233389 -0.010292 -1.888746 -1.414341 0.511497 0.005301 1.000000 
-1.573149 1.284548 -1.233356 0.018780 -1.900247 -1.460634 0.511540 0.005406 1.000000 
-1.562725 1.321476 -1.233087 0.048429 -1.912114 -1.506008 0.511583 0.005518 1.000000 
-1.552004 1.358893 -1.232579 0.078667 -1.924340 -1.550422 0.511628 0.005636 1.000000 
-1.540981 1.396802 -1.231827 0.109505 -1.936918 -1.593835 0.511673 0.005761 1.000000 
-1.529654 1.435208 -1.230825 0.140953 -1.949839 -1.636208 0.511720 0.005894 1.000000 
-1.518017 1.474111 -1.229570 0.173021 -1.963094 -1.677499 0.511768 0.006035 1.000000 
-1.506067 1.513510 -1.228055 0.205718 -1.976676 -1.717666 0.511817 0.006183 1.000000 
-1.493799 1.553404 -1.226277 0.239050 -1.990574 -1.756668 0.511867 0.006341 1.000000 
-1.481211 1.593788 -1.224229 0.273025 -2.004779 -1.794462 0.511918 0.006508 1.000000 
-1.468297 1.634659 -1.221907 0.307647 -2.019282 -1.831007 0.511971 0.006685 1.000000 
-1.455055 1.676007 -1.219305 0.342920 -2.034072 -1.866260 0.512025 0.006873 1.000000 
-1.441480 1.717826 -1.216418 0.378848 -2.049138 -1.900178 0.512081 0.007071 1.000000 
-1.427569 1.760104 -1.213242 0.415431 -2.064471 -1.932719 0.512138 0.007282 1.000000 
-1.413317 1.802830 -1.209770 0.452670 -2.080058 -1.963840 0.512197 0.007506 1.000000 
-1.398722 1.845988 -1.205997 0.490564 -2.095889 -1.993499 0.512258 0.007743 1.000000 
-1.383780 1.889564 -1.201919 0.529110 -2.111950 -2.021654 0.512321 0.007996 1.000000 
-1.368488 1.933539 -1.197530 0.568305 -2.128231 -2.048263 0.512386 0.008264 1.000000 
-1.352843 1.977894 -1.192824 0.608142 -2.144718 -2.073283 0.512454 0.008550 1.000000 
-1.336841 2.022607 -1.187798 0.648614 -2.161399 -2.096674 0.512523 0.008853 1.000000 
-1.320480 2.067655 -1.182445 0.689715 -2.178260 -2.118395 0.512595 0.009177 1.000000 
-1.303757 2.113014 -1.176761 0.731432 -2.195289 -2.138406 0.512670 0.009522 1.000000 
-1.286671 2.158655 -1.170740 0.773755 -2.212470 -2.156667 0.512748 0.009891 1.000000 
-1.269218 2.204550 -1.164379 0.816669 -2.229791 -2.173139 0.512828 0.010285 1.000000 
-1.251398 2.250669 -1.157672 0.860162 -2.247236 -2.187786 0.512912 0.010706 1.000000 
-1.233207 2.296979 -1.150615 0.904214 -2.264790 -2.200569 0.513000 0.011157 1.000000 
-1.214646 2.343445 -1.143203 0.948809 -2.282440 -2.211453 0.513091 0.011640 1.000000 
-1.195712 2.390031 -1.135432 0.993927 -2.300168 -2.220405 0.513186 0.012159 1.000000 
-1.176405 2.436700 -1.127299 1.039544 -2.317961 -2.227390 0.513286 0.012717 1.000000 
-1.156724 2.483411 -1.118799 1.085639 -2.335801 -2.232377 0.513390 0.013317 1.000000 
-1.136670 2.530125 -1.109927 1.132186 -2.353674 -2.235337 0.513499 0.013963 1.000000 
-1.116242 2.576797 -1.100682 1.179158 -2.371561 -2.236239 0.513613 0.014661 1.000000 
-1.095442 2.623383 -1.091060 1.226527 -2.389448 -2.235059 0.513734 0.015415 1.000000 
-1.074269 2.669838 -1.081057 1.274262 -2.407317 -2.231771 0.513860 0.016232 1.000000 
-1.052725 2.716114 -1.070671 1.322331 -2.425150 -2.226353 0.513993 0.017117 1.000000 
-1.030811 2.762163 -1.059899 1.370702 -2.442932 -2.218783 0.514134 0.018079 1.000000 
-1.008531 2.807934 -1.048739 1.419339 -2.460645 -2.209045 0.514283 0.019126 1.000000 
-0.985885 2.853375 -1.037189 1.468204 -2.478271 -2.197121 0.514440 0.020267 1.000000 
-0.962878 2.898436 -1.025247 1.517261 -2.495793 -2.182999 0.514608 0.021513 1.000000 
-0.939512 2.943062 -1.012912 1.566469 -2.513193 -2.166667 0.514785 0.022877 1.000000 
-0.915790 2.987199 -1.000183 1.615788 -2.530454 -2.148119 0.514974 0.024374 1.000000 
-0.891718 3.030792 -0.987059 1.665174 -2.547557 -2.127347 0.515175 0.026020 1.000000 
-0.867299 3.073785 -0.973540 1.714584 -2.564486 -2.104351 0.515391 0.027834 1.000000 
-0.842539 3.116121 -0.959626 1.763972 -2.581221 -2.079130 0.515621 0.029838 1.000000 
-0.817443 3.157744 -0.945317 1.813293 -2.597746 -2.051688 0.515869 0.032058 1.000000 
-0.792017 3.198597 -0.930614 1.862500 -2.614042 -2.022032 0.516135 0.034523 1.000000 
-0.766268 3.238621 -0.915518 1.911543 -2.630092 -1.990172 0.516422 0.037270 1.000000 
-0.740202 3.277759 -0.900030 1.960373 -2.645879 -1.956121 0.516732 0.040338 1.000000 
-0.713826 3.315954 -0.884152 2.008942 -2.661385 -1.919896 0.517068 0.043776 1.000000 
-0.687149 3.353149 -0.867887 2.057196 -2.676592 -1.881515 0.517434 0.047642 1.000000 
-0.660179 3.389285 -0.851238 2.105086 -2.691483 -1.841003 0.517832 0.052003 1.000000 
-0.632923 3.424306 -0.834207 2.152559 -2.706042 -1.798387 0.518267 0.056941 1.000000 
-0.605393 3.458157 -0.816798 2.199563 -2.720252 -1.753695 0.518745 0.062553 1.000000 
-0.577596 3.490782 -0.799016 2.246045 -2.734096 -1.706962 0.519270 0.068957 1.000000 
-0.549544 3.522126 -0.780863 2.291952 -2.747558 -1.658224 0.519850 0.076294 1.000000 
-0.521246 3.552135 -0.762346 2.337231 -2.760622 -1.607521 0.520494 0.084737 1.000000 
-0.492713 3.580759 -0.743469 2.381831 -2.773273 -1.554896 0.521210 0.094499 1.000000 
-0.463957 3.607944 -0.724239 2.425697 -2.785496 -1.500396 0.522010 0.105837 1.000000 
-0.434990 3.633643 -0.704660 2.468777 -2.797275 -1.444070 0.522908 0.119075 1.000000 
-0.405823 3.657806 -0.684740 2.511021 -2.808596 -1.385971 0.523921 0.134610 1.000000 
-0.376469 3.680387 -0.664486 2.552377 -2.819446 -1.326152 0.525069 0.152940 1.000000 
-0.346941 3.701341 -0.643905 2.592794 -2.829810 -1.264673 0.526377 0.174687 1.000000 
-0.317252 3.720626 -0.623004 2.632222 -2.839676 -1.201593 0.527876 0.200638 1.000000 
-0.287416 3.738200 -0.601792 2.670614 -2.849031 -1.136972 0.529601 0.231783 1.000000 
-0.257446 3.754025 -0.580277 2.707921 -2.857864 -1.070875 0.531601 0.269373 1.000000 
-0.227356 3.768064 -0.558468 2.744098 -2.866162 -1.003366 0.533933 0.314993 1.000000 
-0.197162 3.780281 -0.536375 2.779099 -2.873914 -0.934509 0.536668 0.370635 1.000000 
-0.166877 3.790644 -0.514006 2.812881 -2.881110 -0.864369 0.539896 0.438789 1.000000 
-0.136516 3.799121 -0.491372 2.845403 -2.887741 -0.793008 0.543730 0.522510 1.000000 
-0.106096 3.805683 -0.468483 2.876625 -2.893795 -0.720486 0.548308 0.625440 1.000000 
-0.075631 3.810302 -0.445350 2.906507 -2.899265 -0.646861 0.553799 0.751697 1.000000 
-0.045136 3.812952 -0.421983 2.935014 -2.904142 -0.572183 0.560408 0.905491 1.000000 
-0.014629 3.813605 -0.398393 2.962110 -2.908418 -0.496497 0.568370 1.090240 1.000000 
0.015876 3.812235 -0.374593 2.987761 -2.912084 -0.419838 0.577938 1.306895 1.000000 
0.046362 3.808814 -0.350593 3.011933 -2.915133 -0.342236 0.589355 1.551250 1.000000 
0.076811 3.803314 -0.326406 3.034593 -2.917557 -0.263710 0.602798 1.810503 1.000000 
0.107209 3.795705 -0.302044 3.055705 -2.919349 -0.184281 0.618299 2.060463 1.000000 
0.137537 3.785954 -0.277519 3.075231 -2.920503 -0.103976 0.635649 2.266337 1.000000 
0.167778 3.774030 -0.252844 3.093128 -2.921011 -0.022845 0.654341 2.390198 1.000000 
0.197916 3.759906 -0.228033 3.109349 -2.920867 0.059033 0.673598 2.404609 1.000000 
0.227931 3.743560 -0.203099 3.123848 -2.920065 0.141535 0.692509 2.305307 1.000000 
0.257807 3.724979 -0.178056 3.136576 -2.918601 0.224506 0.710235 2.113578 1.000000 
0.287525 3.704161 -0.152919 3.147489 -2.916472 0.307763 0.726178 1.866267 1.000000 
0.317067 3.681112 -0.127702 3.156550 -2.913676 0.391110 0.740048 1.601111 1.000000 
0.346417 3.655850 -0.102419 3.163731 -2.910214 0.474348 0.751825 1.346506 1.000000 
0.375555 3.628400 -0.077087 3.169009 -2.906088 0.557284 0.761665 1.118679 1.000000 
0.404465 3.598795 -0.051720 3.172372 -2.901299 0.639730 0.769812 0.923841 1.000000 
0.433130 3.567073 -0.026334 3.173813 -2.895854 0.721513 0.776534 0.761858 1.000000 
0.461533 3.533280 -0.000944 3.173334 -2.889757 0.802466 0.782081 0.629405 1.000000 
0.489657 3.497464 0.024434 3.170942 -2.883017 0.882436 0.786671 0.522024 1.000000 
0.517487 3.459681 0.049786 3.166649 -2.875641 0.961277 0.790488 0.435248 1.000000 
0.545007 3.419989 0.075096 3.160473 -2.867640 1.038851 0.793680 0.365093 1.000000 
0.572202 3.378449 0.100348 3.152436 -2.859023 1.115030 0.796365 0.308217 1.000000 
0.599057 3.335129 0.125530 3.142566 -2.849803 1.189692 0.798639 0.261908 1.000000 
0.625559 3.290095 0.150625 3.130893 -2.839993 1.262722 0.800578 0.224005 1.000000 
0.651695 3.243421 0.175619 3.117451 -2.829604 1.334012 0.802241 0.192803 1.000000 
0.677450 3.195179 0.200499 3.102279 -2.818653 1.403460 0.803677 0.166963 1.000000 
0.702813 3.145447 0.225251 3.085419 -2.807154 1.470970 0.804924 0.145434 1.000000 
0.727773 3.094302 0.249862 3.066913 -2.795123 1.536453 0.806013 0.127388 1.000000 
0.752319 3.041824 0.274318 3.046811 -2.782577 1.599824 0.806970 0.112173 1.000000 
0.776439 2.988095 0.298606 3.025160 -2.769532 1.661006 0.807814 0.099271 1.000000 
0.800125 2.933196 0.322716 3.002015 -2.756007 1.719927 0.808563 0.088270 1.000000 
0.823367 2.877212 0.346635 2.977428 -2.742019 1.776520 0.809231 0.078841 1.000000 
0.846158 2.820226 0.370351 2.951456 -2.727589 1.830725 0.809828 0.070719 1.000000 
0.868489 2.762323 0.393855 2.924156 -2.712734 1.882486 0.810365 0.063688 1.000000 
0.890353 2.703588 0.417134 2.895589 -2.697475 1.931755 0.810850 0.057574 1.000000 
0.911744 2.644104 0.440181 2.865816 -2.681833 1.978486 0.811288 0.052235 1.000000 
0.932657 2.583955 0.462984 2.834897 -2.665827 2.022643 0.811687 0.047552 1.000000 
0.953086 2.523226 0.485536 2.802895 -2.649477 2.064191 0.812051 0.043430 1.000000 
0.973027 2.461999 0.507828 2.769875 -2.632807 2.103104 0.812383 0.039786 1.000000 
0.992477 2.400356 0.529852 2.735899 -2.615835 2.139359 0.812688 0.036555 1.000000 
1.011432 2.338377 0.551600 2.701032 -2.598584 2.172939 0.812969 0.033680 1.000000 
1.029890 2.276141 0.573066 2.665339 -2.581075 2.203831 0.813228 0.031113 1.000000 
1.047850 2.213727 0.594243 2.628883 -2.563330 2.232029 0.813468 0.028814 1.000000 
1.065309 2.151209 0.615126 2.591728 -2.545370 2.257529 0.813690 0.026749 1.000000 
1.082269 2.088661 0.635709 2.553937 -2.527217 2.280333 0.813896 0.024889 1.000000 
1.098728 2.026157 0.655988 2.515575 -2.508892 2.300447 0.814088 0.023209 1.000000 
1.114688 1.963764 0.675957 2.476702 -2.490416 2.317883 0.814268 0.021688 1.000000 
1.130149 1.901550 0.695614 2.437380 -2.471813 2.332655 0.814436 0.020308 1.000000 
1.145113 1.839582 0.714954 2.397668 -2.453101 2.344782 0.814593 0.019052 1.000000 
1.159583 1.777919 0.733976 2.357627 -2.434303 2.354284 0.814741 0.017908 1.000000 
1.173561 1.716624 0.752675 2.317313 -2.415439 2.361189 0.814880 0.016862 1.000000 
1.187050 1.655751 0.771052 2.276783 -2.396531 2.365526 0.815011 0.015904 1.000000 
1.200054 1.595357 0.789104 2.236092 -2.377598 2.367326 0.815135 0.015025 1.000000 
1.212577 1.535492 0.806829 2.195291 -2.358660 2.366624 0.815251 0.014218 1.000000 
1.224623 1.476205 0.824228 2.154433 -2.339738 2.363459 0.815362 0.013474 1.000000 
1.236198 1.417541 0.841300 2.113567 -2.320851 2.357870 0.815467 0.012789 1.000000 
1.247306 1.359543 0.858045 2.072740 -2.302019 2.349900 0.815567 0.012156 1.000000 
1.257953 1.302251 0.874464 2.031999 -2.283259 2.339595 0.815662 0.011570 1.000000 
1.268144 1.245702 0.890558 1.991385 -2.264591 2.327000 0.815752 0.011027 1.000000 
1.277886 1.189930 0.906327 1.950942 -2.246033 2.312163 0.815838 0.010523 1.000000 
1.287185 1.134965 0.921773 1.910707 -2.227603 2.295136 0.815921 0.010055 1.000000 
1.296048 1.080836 0.936899 1.870719 -2.209317 2.275968 0.815999 0.009620 1.000000 
1.304481 1.027567 0.951705 1.831013 -2.191193 2.254713 0.816075 0.009214 1.000000 
1.312491 0.975181 0.966196 1.791620 -2.173247 2.231424 0.816147 0.008836 1.000000 
1.320086 0.923698 0.980372 1.752571 -2.155495 2.206156 0.816216 0.008483 1.000000 
1.327273 0.873134 0.994238 1.713895 -2.137953 2.178963 0.816283 0.008153 1.000000 
1.334059 0.823503 1.007796 1.675618 -2.120637 2.149901 0.816347 0.007844 1.000000 
1.340451 0.774816 1.021049 1.637763 -2.103560 2.119025 0.816408 0.007556 1.000000 
1.346458 0.727083 1.034001 1.600353 -2.086737 2.086393 0.816468 0.007285 1.000000 
1.352087 0.680308 1.046656 1.563405 -2.070182 2.052060 0.816525 0.007031 1.000000 
1.357346 0.634497 1.059017 1.526938 -2.053908 2.016083 0.816580 0.006793 1.000000 
1.362242 0.589650 1.071088 1.490967 -2.037929 1.978517 0.816634 0.006569 1.000000 
1.366783 0.545766 1.082874 1.455504 -2.022256 1.939420 0.816685 0.006359 1.000000 
1.370976 0.502842 1.094378 1.420560 -2.006902 1.898846 0.816735 0.006161 1.000000 
1.374831 0.460872 1.105604 1.386143 -1.991879 1.856850 0.816784 0.005975 1.000000 
1.378353 0.419850 1.116557 1.352261 -1.977196 1.813488 0.816831 0.005801 1.000000 
1.381551 0.379766 1.127242 1.318918 -1.962866 1.768814 0.816877 0.005636 1.000000 
1.384432 0.340609 1.137661 1.286115 -1.948899 1.722880 0.816921 0.005481 1.000000 
1.387003 0.302364 1.147821 1.253855 -1.935303 1.675741 0.816964 0.005336 1.000000 
1.389272 0.265019 1.157725 1.222136 -1.922090 1.627447 0.817007 0.005198 1.000000 
1.391246 0.228555 1.167377 1.190955 -1.909267 1.578050 0.817048 0.005069 1.000000 
1.392931 0.192955 1.176781 1.160307 -1.896844 1.527601 0.817088 0.004948 1.000000 
1.394335 0.158199 1.185943 1.130186 -1.884828 1.476149 0.817127 0.004833 1.000000 
1.395464 0.124267 1.194866 1.100583 -1.873228 1.423742 0.817165 0.004726 1.000000 
1.396325 0.091135 1.203554 1.071488 -1.862051 1.370429 0.817202 0.004625 1.000000 
1.396925 0.058782 1.212011 1.042891 -1.851303 1.316256 0.817239 0.004530 1.000000 
1.397268 0.027181 1.220241 1.014779 -1.840993 1.261268 0.817275 0.004441 1.000000 
1.397361 -0.003693 1.228248 0.987136 -1.831125 1.205511 0.817310 0.004358 1.000000 
1.397211 -0.033866 1.236036 0.959948 -1.821707 1.149029 0.817345 0.004280 1.000000 
1.396821 -0.063367 1.243609 0.933197 -1.812743 1.091865 0.817379 0.004207 1.000000 
1.396199 -0.092223 1.250969 0.906865 -1.804238 1.034060 0.817412 0.004139 1.000000 
1.395347 -0.120464 1.258120 0.880933 -1.796199 0.975657 0.817445 0.004076 1.000000 
1.394273 -0.148120 1.265065 0.855379 -1.788629 0.916695 0.817477 0.004017 1.000000 
1.392979 -0.175221 1.271807 0.830181 -1.781533 0.857214 0.817509 0.003963 1.000000 
1.391471 -0.201799 1.278348 0.805317 -1.774915 0.797253 0.817541 0.003913 1.000000 
1.389752 -0.227885 1.284693 0.780762 -1.768779 0.736849 0.817572 0.003867 1.000000 
1.387826 -0.253511 1.290841 0.756492 -1.763127 0.676041 0.817602 0.003825 1.000000 
1.385697 -0.278710 1.296797 0.732480 -1.757963 0.614865 0.817633 0.003787 1.000000 
1.383367 -0.303514 1.302562 0.708700 -1.753290 0.553356 0.817663 0.003753 1.000000 
1.380841 -0.327957 1.308137 0.685124 -1.749110 0.491550 0.817693 0.003722 1.000000 
1.378121 -0.352070 1.313524 0.661723 -1.745426 0.429482 0.817723 0.003695 1.000000 
1.375209 -0.375889 1.318725 0.638469 -1.742239 0.367186 0.817752 0.003672 1.000000 
1.372107 -0.399445 1.323740 0.615331 -1.739551 0.304697 0.817781 0.003653 1.000000 
1.368818 -0.422772 1.328570 0.592279 -1.737364 0.242047 0.817811 0.003636 1.000000 
1.365344 -0.445904 1.333217 0.569283 -1.735679 0.179271 0.817840 0.003624 1.000000 
1.361684 -0.468873 1.337679 0.546310 -1.734496 0.116402 0.817869 0.003614 1.000000 
1.357842 -0.491712 1.341958 0.523329 -1.733817 0.053472 0.817897 0.003608 1.000000 
1.353817 -0.514455 1.346052 0.500308 -1.733641 -0.009486 0.817926 0.003605 1.000000 
1.349611 -0.537133 1.349962 0.477213 -1.733968 -0.072439 0.817955 0.003606 1.000000 
1.345223 -0.559778 1.353687 0.454012 -1.734800 -0.135354 0.817984 0.003610 1.000000 
0.000000 0.000000 0.000000 0.000000 0.000000 0.000000 0.000000 0.000000 0.000000 
