-0.025503 -0.442869 0.570785 -1.208200 -1.505151 -0.470023 0.083091 0.043245 1.000000 
-0.029036 -0.440313 0.560997 -1.238762 -1.508918 -0.471480 0.083446 0.045512 1.000000 
-0.032548 -0.437547 0.550966 -1.268999 -1.512693 -0.472191 0.083819 0.047996 1.000000 
-0.036036 -0.434569 0.540694 -1.298890 -1.516471 -0.472151 0.084214 0.050724 1.000000 
-0.039500 -0.431378 0.530185 -1.328414 -1.520245 -0.471358 0.084632 0.053724 1.000000 
-0.042938 -0.427972 0.519440 -1.357550 -1.524010 -0.469808 0.085075 0.057031 1.000000 
-0.046347 -0.424351 0.508465 -1.386276 -1.527760 -0.467500 0.085545 0.060684 1.000000 
-0.049727 -0.420513 0.497261 -1.414569 -1.531488 -0.464436 0.086047 0.064728 1.000000 
-0.053075 -0.416458 0.485833 -1.442408 -1.535189 -0.460617 0.086582 0.069217 1.000000 
-0.056390 -0.412185 0.474184 -1.469769 -1.538856 -0.456045 0.087155 0.074213 1.000000 
-0.059669 -0.407694 0.462318 -1.496630 -1.542484 -0.450724 0.087771 0.079787 1.000000 
-0.062912 -0.402985 0.450239 -1.522967 -1.546066 -0.444659 0.088434 0.086025 1.000000 
-0.066116 -0.398057 0.437952 -1.548757 -1.549596 -0.437857 0.089149 0.093027 1.000000 
-0.069280 -0.392910 0.425461 -1.573977 -1.553070 -0.430326 0.089925 0.100910 1.000000 
-0.072402 -0.387546 0.412770 -1.598603 -1.556480 -0.422073 0.090767 0.109816 1.000000 
-0.075481 -0.381966 0.399885 -1.622611 -1.559821 -0.413109 0.091685 0.119912 1.000000 
-0.078513 -0.376169 0.386810 -1.645978 -1.563087 -0.403445 0.092689 0.131398 1.000000 
-0.081499 -0.370157 0.373551 -1.668681 -1.566274 -0.393093 0.093792 0.144515 1.000000 
-0.084435 -0.363932 0.360113 -1.690697 -1.569375 -0.382067 0.095006 0.159554 1.000000 
-0.087321 -0.357495 0.346501 -1.712003 -1.572385 -0.370381 0.096350 0.176866 1.000000 
-0.090155 -0.350848 0.332723 -1.732577 -1.575300 -0.358049 0.097843 0.196880 1.000000 
-0.092934 -0.343993 0.318782 -1.752395 -1.578112 -0.345089 0.099509 0.220117 1.000000 
-0.095658 -0.336932 0.304686 -1.771436 -1.580819 -0.331517 0.101376 0.247215 1.000000 
-0.098324 -0.329669 0.290441 -1.789679 -1.583415 -0.317351 0.103477 0.278956 1.000000 
-0.100932 -0.322205 0.276054 -1.807102 -1.585895 -0.302609 0.105854 0.316301 1.000000 
-0.103479 -0.314543 0.261530 -1.823685 -1.588255 -0.287309 0.108556 0.360430 1.000000 
-0.105964 -0.306687 0.246877 -1.839407 -1.590491 -0.271470 0.111643 0.412787 1.000000 
-0.108386 -0.298639 0.232102 -1.854248 -1.592598 -0.255111 0.115187 0.475135 1.000000 
-0.110742 -0.290403 0.217211 -1.868189 -1.594571 -0.238249 0.119277 0.549602 1.000000 
-0.113032 -0.281981 0.202213 -1.881212 -1.596408 -0.220902 0.124020 0.638720 1.000000 
-0.115253 -0.273376 0.187115 -1.893296 -1.598104 -0.203085 0.129543 0.745421 1.000000 
-0.117405 -0.264592 0.171923 -1.904424 -1.599656 -0.184812 0.136002 0.872955 1.000000 
-0.119486 -0.255631 0.156646 -1.914578 -1.601060 -0.166094 0.143575 1.024656 1.000000 
-0.121495 -0.246494 0.141292 -1.923737 -1.602313 -0.146939 0.152469 1.203440 1.000000 
-0.123430 -0.237185 0.125869 -1.931883 -1.603410 -0.127351 0.162907 1.410898 1.000000 
-0.125289 -0.227703 0.110385 -1.938995 -1.604349 -0.107330 0.175117 1.645846 1.000000 
-0.127072 -0.218051 0.094848 -1.945051 -1.605126 -0.086870 0.189299 1.902313 1.000000 
-0.128778 -0.208228 0.079267 -1.950027 -1.605738 -0.065965 0.205577 2.167319 1.000000 
-0.130404 -0.198237 0.063651 -1.953897 -1.606181 -0.044608 0.223942 2.419447 1.000000 
-0.131949 -0.188078 0.048008 -1.956631 -1.606450 -0.022798 0.244178 2.629867 1.000000 
-0.133412 -0.177758 0.032348 -1.958197 -1.606544 -0.000544 0.265825 2.767407 1.000000 
-0.134793 -0.167281 0.016680 -1.958564 -1.606458 0.022124 0.288195 2.807398 1.000000 
-0.136088 -0.156660 0.001014 -1.957700 -1.606189 0.045156 0.310457 2.740762 1.000000 
-0.137299 -0.145906 -0.014640 -1.955576 -1.605735 0.068483 0.331789 2.578032 1.000000 
-0.138423 -0.135034 -0.030272 -1.952168 -1.605093 0.092019 0.351519 2.345467 1.000000 
-0.139459 -0.124061 -0.045871 -1.947458 -1.604262 0.115670 0.369218 2.075722 1.000000 
-0.140407 -0.113002 -0.061428 -1.941433 -1.603242 0.139341 0.384711 1.798535 1.000000 
-0.141267 -0.101874 -0.076931 -1.934088 -1.602033 0.162939 0.398033 1.535401 1.000000 
-0.142037 -0.090690 -0.092369 -1.925421 -1.600635 0.186374 0.409349 1.298640 1.000000 
-0.142718 -0.079465 -0.107734 -1.915437 -1.599052 0.209562 0.418895 1.093157 1.000000 
-0.143309 -0.068214 -0.123013 -1.904144 -1.597283 0.232423 0.426923 0.918990 1.000000 
-0.143809 -0.056950 -0.138197 -1.891555 -1.595334 0.254881 0.433675 0.773529 1.000000 
-0.144220 -0.045686 -0.153274 -1.877687 -1.593207 0.276866 0.439366 0.653058 1.000000 
-0.144540 -0.034435 -0.168236 -1.862560 -1.590905 0.298311 0.444180 0.553675 1.000000 
-0.144771 -0.023209 -0.183072 -1.846196 -1.588435 0.319152 0.448271 0.471751 1.000000 
-0.144912 -0.012022 -0.197772 -1.828622 -1.585801 0.339332 0.451766 0.404124 1.000000 
-0.144963 -0.000885 -0.212327 -1.809866 -1.583008 0.358795 0.454768 0.348138 1.000000 
-0.144926 0.010189 -0.226727 -1.789959 -1.580062 0.377490 0.457362 0.301612 1.000000 
-0.144800 0.021190 -0.240963 -1.768934 -1.576970 0.395367 0.459615 0.262775 1.000000 
-0.144587 0.032107 -0.255027 -1.746825 -1.573739 0.412383 0.461583 0.230200 1.000000 
-0.144287 0.042927 -0.268910 -1.723668 -1.570374 0.428497 0.463311 0.202742 1.000000 
-0.143901 0.053643 -0.282603 -1.699501 -1.566885 0.443669 0.464838 0.179481 1.000000 
-0.143429 0.064242 -0.296099 -1.674363 -1.563278 0.457866 0.466192 0.159677 1.000000 
-0.142873 0.074717 -0.309390 -1.648292 -1.559562 0.471055 0.467400 0.142732 1.000000 
-0.142234 0.085058 -0.322469 -1.621331 -1.555744 0.483209 0.468482 0.128166 1.000000 
-0.141513 0.095256 -0.335329 -1.593519 -1.551833 0.494301 0.469456 0.115587 1.000000 
-0.140710 0.105305 -0.347964 -1.564898 -1.547838 0.504311 0.470336 0.104676 1.000000 
-0.139828 0.115196 -0.360366 -1.535510 -1.543767 0.513218 0.471135 0.095170 1.000000 
-0.138868 0.124922 -0.372530 -1.505397 -1.539630 0.521008 0.471862 0.086857 1.000000 
-0.137830 0.134478 -0.384450 -1.474599 -1.535434 0.527666 0.472527 0.079557 1.000000 
-0.136716 0.143857 -0.396122 -1.443160 -1.531190 0.533183 0.473137 0.073125 1.000000 
-0.135529 0.153054 -0.407539 -1.411118 -1.526906 0.537552 0.473699 0.067436 1.000000 
-0.134268 0.162065 -0.418698 -1.378516 -1.522592 0.540768 0.474218 0.062389 1.000000 
-0.132936 0.170884 -0.429594 -1.345392 -1.518257 0.542830 0.474699 0.057897 1.000000 
-0.131534 0.179509 -0.440223 -1.311785 -1.513910 0.543739 0.475146 0.053886 1.000000 
-0.130064 0.187935 -0.450581 -1.277733 -1.509560 0.543500 0.475562 0.050296 1.000000 
-0.128528 0.196160 -0.460666 -1.243274 -1.505217 0.542117 0.475951 0.047074 1.000000 
-0.126926 0.204183 -0.470473 -1.208442 -1.500890 0.539601 0.476316 0.044175 1.000000 
-0.125262 0.211999 -0.480000 -1.173272 -1.496587 0.535962 0.476659 0.041560 1.000000 
-0.123535 0.219610 -0.489244 -1.137798 -1.492317 0.531215 0.476982 0.039197 1.000000 
-0.121748 0.227012 -0.498204 -1.102050 -1.488090 0.525374 0.477287 0.037056 1.000000 
-0.119903 0.234206 -0.506876 -1.066058 -1.483914 0.518458 0.477575 0.035114 1.000000 
-0.118002 0.241191 -0.515260 -1.029853 -1.479798 0.510487 0.477849 0.033349 1.000000 
-0.116045 0.247968 -0.523354 -0.993460 -1.475749 0.501482 0.478109 0.031741 1.000000 
-0.114035 0.254536 -0.531155 -0.956904 -1.471777 0.491467 0.478357 0.030276 1.000000 
-0.111973 0.260897 -0.538664 -0.920210 -1.467888 0.480469 0.478594 0.028938 1.000000 
-0.109861 0.267050 -0.545878 -0.883400 -1.464092 0.468513 0.478821 0.027716 1.000000 
-0.107701 0.272999 -0.552798 -0.846493 -1.460394 0.455629 0.479038 0.026598 1.000000 
-0.105493 0.278743 -0.559422 -0.809510 -1.456804 0.441846 0.479246 0.025574 1.000000 
-0.103241 0.284284 -0.565750 -0.772465 -1.453327 0.427197 0.479447 0.024637 1.000000 
-0.100945 0.289625 -0.571781 -0.735376 -1.449971 0.411715 0.479641 0.023778 1.000000 
-0.098608 0.294767 -0.577516 -0.698255 -1.446742 0.395432 0.479828 0.022991 1.000000 
-0.096230 0.299712 -0.582953 -0.661115 -1.443646 0.378385 0.480009 0.022270 1.000000 
-0.093813 0.304463 -0.588094 -0.623966 -1.440690 0.360609 0.480184 0.021610 1.000000 
-0.091359 0.309020 -0.592937 -0.586817 -1.437878 0.342142 0.480355 0.021005 1.000000 
-0.088869 0.313388 -0.597483 -0.549676 -1.435217 0.323022 0.480521 0.020453 1.000000 
-0.086345 0.317567 -0.601732 -0.512548 -1.432711 0.303288 0.480682 0.019948 1.000000 
-0.083788 0.321560 -0.605684 -0.475439 -1.430366 0.282979 0.480840 0.019489 1.000000 
-0.081201 0.325370 -0.609339 -0.438352 -1.428185 0.262136 0.480994 0.019071 1.000000 
-0.078583 0.328997 -0.612697 -0.401289 -1.426173 0.240800 0.481145 0.018693 1.000000 
-0.075937 0.332446 -0.615759 -0.364251 -1.424334 0.219011 0.481293 0.018351 1.000000 
-0.073264 0.335716 -0.618525 -0.327239 -1.422670 0.196813 0.481439 0.018045 1.000000 
-0.070566 0.338811 -0.620995 -0.290250 -1.421186 0.174248 0.481582 0.017772 1.000000 
-0.067844 0.341732 -0.623169 -0.253285 -1.419883 0.151358 0.481723 0.017531 1.000000 
-0.065099 0.344481 -0.625048 -0.216339 -1.418765 0.128186 0.481863 0.017320 1.000000 
-0.062333 0.347058 -0.626631 -0.179411 -1.417833 0.104777 0.482000 0.017138 1.000000 
-0.059546 0.349465 -0.627918 -0.142495 -1.417089 0.081173 0.482137 0.016985 1.000000 
-0.056742 0.351704 -0.628911 -0.105588 -1.416534 0.057419 0.482272 0.016859 1.000000 
-0.053920 0.353775 -0.629608 -0.068685 -1.416170 0.033559 0.482407 0.016759 1.000000 
-0.051082 0.355678 -0.630010 -0.031782 -1.415998 0.009637 0.482540 0.016686 1.000000 
-0.048229 0.357415 -0.630116 0.005128 -1.416016 -0.014303 0.482674 0.016639 1.000000 
-0.045364 0.358984 -0.629928 0.042049 -1.416226 -0.038216 0.482807 0.016617 1.000000 
-0.042486 0.360388 -0.629444 0.078985 -1.416627 -0.062058 0.482940 0.016621 1.000000 
-0.039598 0.361624 -0.628664 0.115943 -1.417219 -0.085786 0.483073 0.016650 1.000000 
-0.036700 0.362692 -0.627588 0.152927 -1.418000 -0.109354 0.483206 0.016706 1.000000 
-0.033795 0.363593 -0.626217 0.189941 -1.418968 -0.132719 0.483340 0.016787 1.000000 
-0.030883 0.364324 -0.624549 0.226988 -1.420122 -0.155836 0.483475 0.016896 1.000000 
-0.027966 0.364885 -0.622585 0.264073 -1.421461 -0.178663 0.483611 0.017032 1.000000 
-0.025046 0.365274 -0.620324 0.301198 -1.422980 -0.201156 0.483747 0.017196 1.000000 
-0.022122 0.365490 -0.617766 0.338364 -1.424678 -0.223272 0.483886 0.017389 1.000000 
-0.019198 0.365530 -0.614910 0.375573 -1.426551 -0.244968 0.484026 0.017613 1.000000 
-0.016274 0.365393 -0.611756 0.412824 -1.428596 -0.266202 0.484168 0.017869 1.000000 
-0.013352 0.365077 -0.608305 0.450117 -1.430809 -0.286932 0.484312 0.018158 1.000000 
-0.010434 0.364578 -0.604554 0.487449 -1.433186 -0.307118 0.484458 0.018482 1.000000 
-0.007520 0.363895 -0.600505 0.524817 -1.435722 -0.326718 0.484608 0.018845 1.000000 
-0.004612 0.363024 -0.596157 0.562215 -1.438412 -0.345692 0.484760 0.019247 1.000000 
-0.001712 0.361963 -0.591510 0.599639 -1.441251 -0.364001 0.484916 0.019692 1.000000 
0.001179 0.360709 -0.586563 0.637080 -1.444234 -0.381608 0.485075 0.020183 1.000000 
0.004059 0.359258 -0.581317 0.674529 -1.447355 -0.398473 0.485239 0.020723 1.000000 
0.006927 0.357607 -0.575771 0.711976 -1.450607 -0.414562 0.485407 0.021318 1.000000 
0.009780 0.355753 -0.569925 0.749409 -1.453985 -0.429837 0.485580 0.021970 1.000000 
0.012618 0.353693 -0.563780 0.786813 -1.457482 -0.444264 0.485758 0.022686 1.000000 
0.015439 0.351424 -0.557336 0.824173 -1.461091 -0.457811 0.485943 0.023471 1.000000 
0.018240 0.348941 -0.550594 0.861472 -1.464805 -0.470445 0.486134 0.024332 1.000000 
0.021021 0.346242 -0.543553 0.898691 -1.468616 -0.482135 0.486333 0.025277 1.000000 
0.023780 0.343323 -0.536215 0.935809 -1.472517 -0.492853 0.486539 0.026315 1.000000 
0.026514 0.340182 -0.528580 0.972804 -1.476499 -0.502569 0.486754 0.027455 1.000000 
0.029222 0.336815 -0.520650 1.009651 -1.480555 -0.511260 0.486978 0.028709 1.000000 
0.031902 0.333219 -0.512426 1.046325 -1.484676 -0.518899 0.487214 0.030090 1.000000 
0.034553 0.329392 -0.503910 1.082798 -1.488854 -0.525464 0.487460 0.031613 1.000000 
0.037172 0.325330 -0.495102 1.119040 -1.493081 -0.530936 0.487720 0.033296 1.000000 
0.039757 0.321032 -0.486006 1.155021 -1.497346 -0.535294 0.487994 0.035159 1.000000 
0.042308 0.316496 -0.476623 1.190709 -1.501642 -0.538523 0.488283 0.037225 1.000000 
0.044821 0.311720 -0.466955 1.226068 -1.505960 -0.540608 0.488590 0.039523 1.000000 
0.047295 0.306701 -0.457006 1.261064 -1.510289 -0.541537 0.488916 0.042084 1.000000 
0.049727 0.301440 -0.446779 1.295660 -1.514621 -0.541300 0.489264 0.044946 1.000000 
0.052117 0.295935 -0.436277 1.329818 -1.518947 -0.539890 0.489636 0.048154 1.000000 
0.054462 0.290185 -0.425503 1.363499 -1.523256 -0.537301 0.490035 0.051762 1.000000 
0.056759 0.284190 -0.414462 1.396661 -1.527540 -0.533531 0.490465 0.055831 1.000000 
0.059008 0.277951 -0.403158 1.429265 -1.531790 -0.528581 0.490930 0.060439 1.000000 
0.061206 0.271469 -0.391596 1.461267 -1.535995 -0.522452 0.491434 0.065677 1.000000 
0.063351 0.264745 -0.379780 1.492625 -1.540146 -0.515151 0.491983 0.071656 1.000000 
0.065441 0.257779 -0.367716 1.523295 -1.544234 -0.506685 0.492583 0.078509 1.000000 
0.067475 0.250575 -0.355409 1.553234 -1.548250 -0.497066 0.493242 0.086402 1.000000 
0.069450 0.243135 -0.342866 1.582397 -1.552184 -0.486305 0.493969 0.095538 1.000000 
0.071364 0.235461 -0.330093 1.610740 -1.556028 -0.474420 0.494774 0.106171 1.000000 
0.073216 0.227558 -0.317096 1.638218 -1.559772 -0.461429 0.495672 0.118614 1.000000 
0.075005 0.219430 -0.303884 1.664788 -1.563408 -0.447353 0.496678 0.133265 1.000000 
0.076727 0.211080 -0.290462 1.690406 -1.566927 -0.432215 0.497812 0.150626 1.000000 
0.078381 0.202514 -0.276840 1.715027 -1.570320 -0.416042 0.499097 0.171341 1.000000 
0.079966 0.193737 -0.263025 1.738610 -1.573580 -0.398860 0.500564 0.196237 1.000000 
0.081480 0.184754 -0.249025 1.761112 -1.576699 -0.380699 0.502251 0.226386 1.000000 
0.082922 0.175572 -0.234850 1.782491 -1.579669 -0.361591 0.504204 0.263193 1.000000 
0.084289 0.166197 -0.220508 1.802707 -1.582482 -0.341567 0.506485 0.308502 1.000000 
0.085581 0.156636 -0.206010 1.821722 -1.585132 -0.320659 0.509169 0.364762 1.000000 
0.086795 0.146894 -0.191364 1.839495 -1.587611 -0.298899 0.512359 0.435226 1.000000 
0.087930 0.136978 -0.176581 1.855990 -1.589912 -0.276317 0.516182 0.524233 1.000000 
0.088986 0.126894 -0.161672 1.871170 -1.592030 -0.252941 0.520811 0.637541 1.000000 
0.089960 0.116647 -0.146646 1.885000 -1.593957 -0.228791 0.526468 0.782711 1.000000 
0.090852 0.106243 -0.131515 1.897442 -1.595688 -0.203883 0.533445 0.969411 1.000000 
0.091660 0.095683 -0.116291 1.908461 -1.597217 -0.178216 0.542120 1.209358 1.000000 
0.092382 0.084969 -0.100984 1.918018 -1.598538 -0.151777 0.552971 1.515220 1.000000 
0.093019 0.074098 -0.085607 1.926070 -1.599643 -0.124525 0.566568 1.897187 1.000000 
0.093568 0.063066 -0.070171 1.932569 -1.600528 -0.096392 0.583530 2.355245 1.000000 
0.094027 0.051864 -0.054690 1.937456 -1.601183 -0.067282 0.604395 2.865726 1.000000 
0.094397 0.040485 -0.039176 1.940655 -1.601601 -0.037076 0.629358 3.365563 1.000000 
0.094675 0.028923 -0.023644 1.942076 -1.601773 -0.005675 0.657935 3.749077 1.000000 
0.094859 0.017188 -0.008108 1.941610 -1.601689 0.026954 0.688718 3.900103 1.000000 
0.094949 0.005306 0.007416 1.939147 -1.601339 0.060720 0.719545 3.758104 1.000000 
0.094944 -0.006678 0.022913 1.934585 -1.600715 0.095403 0.748169 3.364241 1.000000 
0.094842 -0.018713 0.038364 1.927846 -1.599811 0.130707 0.773011 2.834537 1.000000 
0.094644 -0.030746 0.053752 1.918882 -1.598623 0.166318 0.793483 2.288614 1.000000 
0.094351 -0.042734 0.069060 1.907670 -1.597150 0.201946 0.809792 1.802178 1.000000 
0.093961 -0.054642 0.084269 1.894207 -1.595392 0.237335 0.822555 1.403670 1.000000 
0.093477 -0.066437 0.099361 1.878509 -1.593353 0.272257 0.832483 1.092055 1.000000 
0.092898 -0.078092 0.114319 1.860607 -1.591038 0.306505 0.840224 0.853957 1.000000 
0.092228 -0.089581 0.129125 1.840546 -1.588452 0.339893 0.846300 0.673588 1.000000 
0.091466 -0.100881 0.143762 1.818381 -1.585602 0.372250 0.851117 0.536925 1.000000 
0.090614 -0.111971 0.158214 1.794180 -1.582499 0.403418 0.854978 0.432825 1.000000 
0.089675 -0.122828 0.172464 1.768018 -1.579151 0.433257 0.858107 0.352879 1.000000 
0.088649 -0.133434 0.186497 1.739978 -1.575571 0.461635 0.860672 0.290888 1.000000 
0.087540 -0.143772 0.200299 1.710150 -1.571769 0.488436 0.862797 0.242325 1.000000 
0.086350 -0.153824 0.213855 1.678628 -1.567760 0.513554 0.864576 0.203888 1.000000 
0.085080 -0.163577 0.227153 1.645514 -1.563557 0.536896 0.866079 0.173159 1.000000 
0.083733 -0.173018 0.240179 1.610908 -1.559175 0.558378 0.867362 0.148351 1.000000 
0.082313 -0.182135 0.252924 1.574919 -1.554628 0.577929 0.868465 0.128140 1.000000 
0.080820 -0.190919 0.265375 1.537652 -1.549933 0.595488 0.869422 0.111529 1.000000 
0.079259 -0.199360 0.277523 1.499216 -1.545106 0.611002 0.870257 0.097767 1.000000 
0.077631 -0.207454 0.289359 1.459719 -1.540163 0.624431 0.870992 0.086277 1.000000 
0.075940 -0.215194 0.300876 1.419270 -1.535121 0.635743 0.871643 0.076616 1.000000 
0.074189 -0.222577 0.312065 1.377974 -1.529997 0.644917 0.872222 0.068438 1.000000 
0.072380 -0.229602 0.322922 1.335935 -1.524808 0.651940 0.872741 0.061473 1.000000 
0.070516 -0.236266 0.333439 1.293256 -1.519571 0.656807 0.873208 0.055506 1.000000 
0.068601 -0.242572 0.343612 1.250033 -1.514305 0.659522 0.873631 0.050368 1.000000 
0.066636 -0.248520 0.353438 1.206362 -1.509025 0.660098 0.874016 0.045920 1.000000 
0.064626 -0.254114 0.362913 1.162333 -1.503749 0.658555 0.874367 0.042053 1.000000 
0.062571 -0.259357 0.372035 1.118030 -1.498493 0.654920 0.874690 0.038675 1.000000 
0.060477 -0.264255 0.380801 1.073534 -1.493275 0.649226 0.874987 0.035714 1.000000 
0.058344 -0.268814 0.389211 1.028920 -1.488111 0.641514 0.875262 0.033108 1.000000 
0.056177 -0.273039 0.397264 0.984258 -1.483016 0.631828 0.875518 0.030807 1.000000 
0.053976 -0.276938 0.404959 0.939610 -1.478007 0.620220 0.875756 0.028769 1.000000 
0.051746 -0.280519 0.412298 0.895034 -1.473098 0.606747 0.875979 0.026960 1.000000 
0.049489 -0.283790 0.419280 0.850581 -1.468304 0.591468 0.876188 0.025349 1.000000 
0.047207 -0.286758 0.425907 0.806297 -1.463639 0.574449 0.876385 0.023911 1.000000 
0.044902 -0.289434 0.432181 0.762220 -1.459117 0.555757 0.876571 0.022627 1.000000 
0.042576 -0.291825 0.438103 0.718383 -1.454751 0.535463 0.876747 0.021476 1.000000 
0.040233 -0.293940 0.443676 0.674813 -1.450554 0.513643 0.876915 0.020445 1.000000 
0.037874 -0.295789 0.448901 0.631532 -1.446537 0.490374 0.877075 0.019520 1.000000 
0.035501 -0.297379 0.453781 0.588554 -1.442711 0.465733 0.877227 0.018690 1.000000 
0.033117 -0.298718 0.458319 0.545888 -1.439088 0.439804 0.877374 0.017945 1.000000 
0.030722 -0.299816 0.462516 0.503541 -1.435678 0.412667 0.877515 0.017277 1.000000 
0.028320 -0.300679 0.466376 0.461510 -1.432489 0.384407 0.877650 0.016677 1.000000 
0.025912 -0.301315 0.469901 0.419790 -1.429530 0.355110 0.877782 0.016142 1.000000 
0.023500 -0.301730 0.473094 0.378372 -1.426810 0.324862 0.877909 0.015663 1.000000 
0.021085 -0.301931 0.475956 0.337240 -1.424335 0.293750 0.878032 0.015238 1.000000 
0.018669 -0.301922 0.478490 0.296378 -1.422112 0.261862 0.878153 0.014862 1.000000 
0.016255 -0.301709 0.480699 0.255763 -1.420147 0.229285 0.878270 0.014531 1.000000 
0.013843 -0.301295 0.482583 0.215371 -1.418445 0.196110 0.878385 0.014243 1.000000 
0.011435 -0.300684 0.484145 0.175175 -1.417010 0.162423 0.878498 0.013994 1.000000 
0.009032 -0.299879 0.485386 0.135145 -1.415847 0.128316 0.878609 0.013784 1.000000 
0.006637 -0.298881 0.486308 0.095250 -1.414958 0.093877 0.878719 0.013609 1.000000 
0.004251 -0.297691 0.486911 0.055456 -1.414346 0.059195 0.878827 0.013469 1.000000 
0.001875 -0.296310 0.487195 0.015729 -1.414011 0.024361 0.878935 0.013362 1.000000 
-0.000490 -0.294737 0.487162 -0.023965 -1.413956 -0.010535 0.879041 0.013287 1.000000 
-0.002841 -0.292971 0.486812 -0.063662 -1.414180 -0.045404 0.879147 0.013245 1.000000 
-0.005177 -0.291009 0.486144 -0.103398 -1.414682 -0.080156 0.879253 0.013234 1.000000 
-0.007496 -0.288849 0.485157 -0.143206 -1.415462 -0.114701 0.879359 0.013254 1.000000 
-0.009798 -0.286488 0.483852 -0.183120 -1.416517 -0.148949 0.879465 0.013306 1.000000 
-0.012080 -0.283920 0.482227 -0.223172 -1.417844 -0.182810 0.879572 0.013390 1.000000 
-0.014340 -0.281142 0.480281 -0.263392 -1.419440 -0.216194 0.879680 0.013507 1.000000 
-0.016577 -0.278148 0.478012 -0.303810 -1.421301 -0.249013 0.879788 0.013658 1.000000 
-0.018790 -0.274931 0.475419 -0.344449 -1.423423 -0.281175 0.879898 0.013845 1.000000 
-0.020976 -0.271486 0.472500 -0.385334 -1.425798 -0.312593 0.880010 0.014069 1.000000 
-0.023133 -0.267805 0.469253 -0.426483 -1.428422 -0.343177 0.880123 0.014332 1.000000 
-0.025260 -0.263882 0.465676 -0.467911 -1.431287 -0.372840 0.880239 0.014636 1.000000 
-0.027354 -0.259708 0.461766 -0.509629 -1.434385 -0.401492 0.880358 0.014986 1.000000 
-0.029414 -0.255277 0.457521 -0.551646 -1.437708 -0.429049 0.880479 0.015384 1.000000 
-0.031438 -0.250579 0.452939 -0.593963 -1.441246 -0.455423 0.880604 0.015834 1.000000 
-0.033423 -0.245608 0.448017 -0.636577 -1.444991 -0.480529 0.880733 0.016342 1.000000 
-0.035367 -0.240355 0.442753 -0.679481 -1.448931 -0.504286 0.880866 0.016914 1.000000 
-0.037268 -0.234814 0.437145 -0.722660 -1.453056 -0.526610 0.881004 0.017555 1.000000 
-0.039123 -0.228975 0.431190 -0.766095 -1.457353 -0.547423 0.881147 0.018275 1.000000 
-0.040931 -0.222833 0.424886 -0.809761 -1.461810 -0.566647 0.881296 0.019082 1.000000 
-0.042688 -0.216381 0.418233 -0.853627 -1.466415 -0.584207 0.881452 0.019987 1.000000 
-0.044392 -0.209613 0.411228 -0.897655 -1.471153 -0.600032 0.881616 0.021003 1.000000 
-0.046041 -0.202523 0.403870 -0.941802 -1.476011 -0.614052 0.881789 0.022146 1.000000 
-0.047631 -0.195106 0.396159 -0.986016 -1.480973 -0.626204 0.881971 0.023433 1.000000 
-0.049162 -0.187360 0.388094 -1.030243 -1.486025 -0.636427 0.882164 0.024887 1.000000 
-0.050628 -0.179281 0.379675 -1.074419 -1.491150 -0.644664 0.882370 0.026533 1.000000 
-0.052029 -0.170868 0.370903 -1.118476 -1.496334 -0.650865 0.882589 0.028403 1.000000 
-0.053361 -0.162120 0.361780 -1.162340 -1.501559 -0.654984 0.882825 0.030535 1.000000 
-0.054622 -0.153037 0.352307 -1.205930 -1.506808 -0.656981 0.883079 0.032976 1.000000 
-0.055809 -0.143622 0.342486 -1.249161 -1.512065 -0.656823 0.883353 0.035783 1.000000 
-0.056919 -0.133878 0.332321 -1.291943 -1.517311 -0.654482 0.883652 0.039026 1.000000 
-0.057950 -0.123810 0.321817 -1.334180 -1.522530 -0.649940 0.883979 0.042795 1.000000 
-0.058899 -0.113424 0.310976 -1.375772 -1.527704 -0.643184 0.884339 0.047200 1.000000 
-0.059764 -0.102729 0.299806 -1.416617 -1.532815 -0.634209 0.884736 0.052383 1.000000 
-0.060542 -0.091733 0.288313 -1.456609 -1.537846 -0.623018 0.885179 0.058524 1.000000 
-0.061231 -0.080447 0.276503 -1.495637 -1.542778 -0.609622 0.885676 0.065858 1.000000 
-0.061829 -0.068884 0.264385 -1.533591 -1.547594 -0.594042 0.886237 0.074691 1.000000 
-0.062333 -0.057059 0.251969 -1.570358 -1.552277 -0.576306 0.886876 0.085430 1.000000 
-0.062741 -0.044987 0.239263 -1.605826 -1.556809 -0.556450 0.887610 0.098621 1.000000 
-0.063052 -0.032684 0.226279 -1.639879 -1.561174 -0.534518 0.888463 0.115007 1.000000 
-0.063263 -0.020169 0.213029 -1.672407 -1.565356 -0.510563 0.889462 0.135618 1.000000 
-0.063374 -0.007461 0.199525 -1.703297 -1.569338 -0.484643 0.890648 0.161900 1.000000 
-0.063382 0.005419 0.185781 -1.732440 -1.573105 -0.456825 0.892073 0.195927 1.000000 
-0.063287 0.018451 0.171811 -1.759729 -1.576643 -0.427177 0.893811 0.240726 1.000000 
-0.063087 0.031613 0.157631 -1.785060 -1.579935 -0.395771 0.895965 0.300813 1.000000 
-0.062781 0.044885 0.143256 -1.808333 -1.582970 -0.362679 0.898683 0.383065 1.000000 
-0.062368 0.058248 0.128703 -1.829450 -1.585734 -0.327964 0.902181 0.498192 1.000000 
-0.061849 0.071684 0.113990 -1.848318 -1.588214 -0.291674 0.906786 0.663202 1.000000 
-0.061221 0.085182 0.099136 -1.864843 -1.590397 -0.253825 0.912997 0.905499 1.000000 
-0.060486 0.098738 0.084159 -1.878931 -1.592271 -0.214372 0.921596 1.269241 1.000000 
-0.059641 0.112365 0.069080 -1.890480 -1.593822 -0.173161 0.933809 1.823161 1.000000 
-0.058687 0.126100 0.053919 -1.899363 -1.595036 -0.129826 0.951524 2.661322 1.000000 
-0.057623 0.140027 0.038698 -1.905395 -1.595892 -0.083633 0.977369 3.860957 1.000000 
-0.056446 0.154283 0.023441 -1.908261 -1.596363 -0.033273 1.014012 5.310153 1.000000 
-0.055153 0.169029 0.008175 -1.907397 -1.596408 0.023036 1.061439 6.408504 1.000000 
-0.053740 0.184260 -0.007065 -1.901931 -1.595975 0.086433 1.113173 6.276635 1.000000 
-0.052205 0.199618 -0.022241 -1.890954 -1.595009 0.155770 1.158514 4.928624 1.000000 
-0.050548 0.214557 -0.037304 -1.873920 -1.593474 0.228235 1.191417 3.331597 1.000000 
-0.048774 0.228699 -0.052207 -1.850669 -1.591356 0.301424 1.212908 2.121196 1.000000 
-0.046891 0.241865 -0.066898 -1.821232 -1.588654 0.373815 1.226538 1.349236 1.000000 
-0.044907 0.253973 -0.081330 -1.785770 -1.585380 0.444308 1.235301 0.880552 1.000000 
-0.042830 0.264971 -0.095455 -1.744554 -1.581552 0.511972 1.241110 0.594613 1.000000 
-0.040670 0.274824 -0.109229 -1.697956 -1.577198 0.575999 1.245097 0.415598 1.000000 
-0.038436 0.283512 -0.122610 -1.646427 -1.572348 0.635690 1.247927 0.299861 1.000000 
-0.036137 0.291025 -0.135560 -1.590480 -1.567040 0.690462 1.249997 0.222575 1.000000 
-0.033783 0.297370 -0.148047 -1.530670 -1.561315 0.739837 1.251552 0.169381 1.000000 
-0.031383 0.302564 -0.160042 -1.467582 -1.555218 0.783436 1.252748 0.131755 1.000000 
-0.028945 0.306640 -0.171521 -1.401815 -1.548796 0.820978 1.253687 0.104483 1.000000 
-0.026479 0.309639 -0.182465 -1.333970 -1.542099 0.852271 1.254439 0.084282 1.000000 
-0.023993 0.311615 -0.192861 -1.264639 -1.535177 0.877206 1.255049 0.069027 1.000000 
-0.021496 0.312627 -0.202697 -1.194394 -1.528081 0.895750 1.255552 0.057308 1.000000 
-0.018994 0.312745 -0.211970 -1.123779 -1.520862 0.907940 1.255973 0.048167 1.000000 
-0.016494 0.312040 -0.220678 -1.053303 -1.513570 0.913877 1.256328 0.040940 1.000000 
-0.014003 0.310589 -0.228824 -0.983431 -1.506256 0.913716 1.256632 0.035155 1.000000 
-0.011527 0.308469 -0.236416 -0.914585 -1.498967 0.907658 1.256894 0.030474 1.000000 
-0.009069 0.305759 -0.243462 -0.847133 -1.491748 0.895946 1.257122 0.026649 1.000000 
-0.006636 0.302536 -0.249974 -0.781394 -1.484646 0.878853 1.257322 0.023496 1.000000 
-0.004230 0.298874 -0.255969 -0.717633 -1.477700 0.856677 1.257499 0.020878 1.000000 
-0.001855 0.294845 -0.261462 -0.656060 -1.470952 0.829735 1.257657 0.018688 1.000000 
0.000487 0.290514 -0.266472 -0.596835 -1.464436 0.798355 1.257799 0.016845 1.000000 
0.002793 0.285943 -0.271018 -0.540066 -1.458189 0.762870 1.257927 0.015286 1.000000 
0.005061 0.281186 -0.275120 -0.485811 -1.452241 0.723616 1.258044 0.013963 1.000000 
0.007291 0.276292 -0.278798 -0.434084 -1.446620 0.680926 1.258151 0.012835 1.000000 
0.009482 0.271302 -0.282072 -0.384857 -1.441354 0.635126 1.258250 0.011872 1.000000 
0.011632 0.266249 -0.284962 -0.338059 -1.436466 0.586534 1.258341 0.011048 1.000000 
0.013742 0.261159 -0.287487 -0.293586 -1.431976 0.535456 1.258427 0.010343 1.000000 
0.015811 0.256050 -0.289665 -0.251301 -1.427904 0.482187 1.258507 0.009741 1.000000 
0.017839 0.250933 -0.291513 -0.211038 -1.424266 0.427009 1.258583 0.009229 1.000000 
0.019826 0.245811 -0.293047 -0.172606 -1.421076 0.370191 1.258655 0.008796 1.000000 
0.021771 0.240679 -0.294280 -0.135792 -1.418347 0.311990 1.258724 0.008433 1.000000 
0.023676 0.235525 -0.295223 -0.100364 -1.416088 0.252650 1.258790 0.008132 1.000000 
0.025540 0.230329 -0.295888 -0.066078 -1.414307 0.192408 1.258854 0.007889 1.000000 
0.027361 0.225067 -0.296283 -0.032676 -1.413011 0.131488 1.258917 0.007697 1.000000 
0.029141 0.219704 -0.296413 0.000110 -1.412204 0.070112 1.258978 0.007554 1.000000 
0.030876 0.214204 -0.296282 0.032550 -1.411890 0.008494 1.259038 0.007456 1.000000 
0.032567 0.208521 -0.295892 0.064920 -1.412068 -0.053154 1.259097 0.007401 1.000000 
0.034212 0.202606 -0.295243 0.097494 -1.412740 -0.114618 1.259156 0.007388 1.000000 
0.035808 0.196404 -0.294331 0.130544 -1.413901 -0.175683 1.259215 0.007416 1.000000 
0.037354 0.189857 -0.293152 0.164335 -1.415549 -0.236131 1.259275 0.007483 1.000000 
0.038845 0.182903 -0.291699 0.199123 -1.417677 -0.295735 1.259335 0.007591 1.000000 
0.040279 0.175477 -0.289963 0.235152 -1.420278 -0.354262 1.259396 0.007740 1.000000 
0.041651 0.167513 -0.287933 0.272652 -1.423342 -0.411465 1.259459 0.007932 1.000000 
0.042957 0.158941 -0.285596 0.311834 -1.426857 -0.467089 1.259523 0.008167 1.000000 
0.044192 0.149693 -0.282938 0.352886 -1.430810 -0.520864 1.259590 0.008450 1.000000 
0.045350 0.139702 -0.279944 0.395972 -1.435185 -0.572506 1.259659 0.008783 1.000000 
0.046425 0.128903 -0.276597 0.441226 -1.439964 -0.621718 1.259731 0.009172 1.000000 
0.047411 0.117231 -0.272879 0.488752 -1.445125 -0.668190 1.259806 0.009623 1.000000 
0.048299 0.104630 -0.268771 0.538616 -1.450647 -0.711598 1.259885 0.010143 1.000000 
0.049082 0.091047 -0.264254 0.590846 -1.456502 -0.751610 1.259968 0.010742 1.000000 
0.049753 0.076437 -0.259311 0.645427 -1.462662 -0.787883 1.260057 0.011432 1.000000 
0.050302 0.060764 -0.253922 0.702296 -1.469097 -0.820069 1.260151 0.012229 1.000000 
0.050722 0.044002 -0.248068 0.761345 -1.475772 -0.847820 1.260253 0.013153 1.000000 
0.051003 0.026137 -0.241735 0.822413 -1.482650 -0.870790 1.260362 0.014229 1.000000 
0.051137 0.007168 -0.234905 0.885288 -1.489691 -0.888643 1.260481 0.015492 1.000000 
0.051115 -0.012892 -0.227566 0.949702 -1.496853 -0.901055 1.260611 0.016985 1.000000 
0.050928 -0.034012 -0.219706 1.015336 -1.504092 -0.907726 1.260753 0.018767 1.000000 
0.050568 -0.056146 -0.211318 1.081817 -1.511361 -0.908383 1.260912 0.020918 1.000000 
0.050027 -0.079230 -0.202396 1.148721 -1.518610 -0.902787 1.261089 0.023547 1.000000 
0.049298 -0.103182 -0.192939 1.215579 -1.525788 -0.890744 1.261290 0.026807 1.000000 
0.048374 -0.127903 -0.182948 1.281876 -1.532844 -0.872110 1.261521 0.030918 1.000000 
0.047250 -0.153273 -0.172432 1.347061 -1.539724 -0.846795 1.261788 0.036202 1.000000 
0.045921 -0.179158 -0.161400 1.410553 -1.546375 -0.814775 1.262104 0.043144 1.000000 
0.044382 -0.205408 -0.149869 1.471748 -1.552743 -0.776092 1.262485 0.052502 1.000000 
0.042633 -0.231858 -0.137860 1.530029 -1.558775 -0.730860 1.262954 0.065502 1.000000 
0.040673 -0.258332 -0.125398 1.584777 -1.564420 -0.679262 1.263548 0.084213 1.000000 
0.038501 -0.284646 -0.112514 1.635380 -1.569627 -0.621551 1.264326 0.112323 1.000000 
0.036119 -0.310614 -0.099245 1.681243 -1.574349 -0.558037 1.265388 0.156831 1.000000 
0.033532 -0.336052 -0.085629 1.721799 -1.578541 -0.489068 1.266916 0.232093 1.000000 
0.030744 -0.360792 -0.071711 1.756516 -1.582160 -0.414977 1.269267 0.370607 1.000000 
0.027762 -0.384704 -0.057541 1.784895 -1.585167 -0.335969 1.273225 0.655897 1.000000 
0.024591 -0.407761 -0.043171 1.806456 -1.587522 -0.251738 1.280782 1.341552 1.000000 
0.021239 -0.430288 -0.028658 1.820618 -1.589176 -0.159897 1.298073 3.378542 1.000000 
0.017703 -0.454612 -0.014065 1.825747 -1.590025 -0.044692 1.348537 10.833700 1.000000 
0.013902 -0.508341 0.000467 1.785281 -1.589415 0.290568 1.486877 19.093660 1.000000 
0.009579 -0.505786 0.012819 1.165562 -1.582884 1.336995 1.558835 2.071466 1.000000 
0.006774 -0.172076 0.018683 0.314895 -1.570139 1.738698 1.564330 0.079157 1.000000 
0.007381 0.351275 0.019497 0.003026 -1.562101 1.661076 1.564448 0.035354 1.000000 
0.013186 0.931257 0.021090 0.046544 -1.562991 1.338629 1.564513 0.037652 1.000000 
0.022037 1.161232 0.020562 -0.294481 -1.563870 1.021743 1.564474 0.013382 1.000000 
0.031272 1.099839 0.016599 -0.699594 -1.564493 0.791698 1.564354 -0.002511 1.000000 
0.039183 0.875962 0.009618 -1.022267 -1.564933 0.623093 1.564198 -0.010847 1.000000 
0.044924 0.579672 0.000508 -1.233887 -1.565262 0.491436 1.564028 -0.015170 1.000000 
0.048182 0.263045 -0.009852 -1.343573 -1.565524 0.382415 1.563854 -0.017447 1.000000 
0.048942 -0.045159 -0.020722 -1.369188 -1.565742 0.287950 1.563682 -0.018650 1.000000 
0.047347 -0.329487 -0.031510 -1.328549 -1.565930 0.203306 1.563511 -0.019268 1.000000 
0.043627 -0.582080 -0.041762 -1.237097 -1.566097 0.125581 1.563345 -0.019558 1.000000 
0.038050 -0.799448 -0.051132 -1.107578 -1.566248 0.052915 1.563182 -0.019661 1.000000 
0.030898 -0.980634 -0.059368 -0.950323 -1.566388 -0.015929 1.563023 -0.019658 1.000000 
0.022448 -1.126059 -0.066273 -0.773240 -1.566783 -0.082849 1.562862 -0.021056 1.000000 
0.012973 -1.237091 -0.071702 -0.581890 -1.567709 -0.148122 1.562680 -0.025024 1.000000 
0.002742 -1.315278 -0.075557 -0.380700 -1.569145 -0.210287 1.562456 -0.031082 1.000000 
-0.007987 -1.361914 -0.077776 -0.173346 -1.571062 -0.268060 1.562178 -0.038863 1.000000 
-0.018967 -1.378051 -0.078323 0.036883 -1.573419 -0.320282 1.561831 -0.048108 1.000000 
-0.029957 -1.364591 -0.077187 0.246832 -1.576169 -0.365891 1.561405 -0.058642 1.000000 
-0.040724 -1.322416 -0.074383 0.453312 -1.579253 -0.403924 1.560889 -0.070360 1.000000 
-0.051042 -1.252552 -0.069952 0.653017 -1.582609 -0.433534 1.560276 -0.083198 1.000000 
-0.060694 -1.156317 -0.063962 0.842520 -1.586165 -0.454027 1.559555 -0.097113 1.000000 
-0.069477 -1.035450 -0.056508 1.018334 -1.589848 -0.464900 1.558719 -0.112040 1.000000 
-0.077202 -0.892209 -0.047714 1.177024 -1.593577 -0.465885 1.557760 -0.127870 1.000000 
-0.083700 -0.729408 -0.037730 1.315356 -1.597275 -0.456980 1.556671 -0.144404 1.000000 
-0.088829 -0.550403 -0.026731 1.430462 -1.600863 -0.438474 1.555449 -0.161325 1.000000 
-0.092474 -0.359027 -0.014911 1.520007 -1.604267 -0.410949 1.554090 -0.178176 1.000000 
-0.094552 -0.159462 -0.002483 1.582323 -1.607417 -0.375268 1.552600 -0.194358 1.000000 
-0.095015 0.043922 0.010331 1.616516 -1.610252 -0.332539 1.550984 -0.209156 1.000000 
-0.093851 0.246754 0.023306 1.622503 -1.612722 -0.284059 1.549259 -0.221810 1.000000 
-0.091080 0.444847 0.036218 1.601004 -1.614786 -0.231254 1.547443 -0.231607 1.000000 
0.000000 0.000000 0.000000 0.000000 0.000000 0.000000 0.000000 0.000000 0.000000 
