-0.183715 0.329180 -0.384708 1.680003 -1.757843 -0.802683 0.866677 -0.041865 1.000000 
-0.181015 0.345892 -0.371110 1.719312 -1.764216 -0.790208 0.866323 -0.046647 1.000000 
-0.178181 0.362567 -0.357201 1.757787 -1.770481 -0.775730 0.865928 -0.052248 1.000000 
-0.175214 0.379179 -0.342988 1.795342 -1.776622 -0.759269 0.865485 -0.058851 1.000000 
-0.172115 0.395701 -0.328478 1.831893 -1.782624 -0.740853 0.864983 -0.066690 1.000000 
-0.168883 0.412102 -0.313680 1.867356 -1.788471 -0.720515 0.864413 -0.076066 1.000000 
-0.165521 0.428355 -0.298603 1.901645 -1.794147 -0.698297 0.863761 -0.087371 1.000000 
-0.162030 0.444430 -0.283257 1.934677 -1.799639 -0.674246 0.863009 -0.101123 1.000000 
-0.158411 0.460296 -0.267652 1.966369 -1.804931 -0.648419 0.862135 -0.118014 1.000000 
-0.154666 0.475923 -0.251799 1.996640 -1.810009 -0.620879 0.861110 -0.138980 1.000000 
-0.150797 0.491281 -0.235710 2.025410 -1.814860 -0.591694 0.859897 -0.165303 1.000000 
-0.146806 0.506340 -0.219397 2.052605 -1.819472 -0.560945 0.858446 -0.198771 1.000000 
-0.142696 0.521069 -0.202873 2.078150 -1.823831 -0.528716 0.856691 -0.241911 1.000000 
-0.138470 0.535439 -0.186151 2.101977 -1.827928 -0.495102 0.854540 -0.298361 1.000000 
-0.134130 0.549421 -0.169246 2.124020 -1.831750 -0.460207 0.851868 -0.373447 1.000000 
-0.129680 0.562987 -0.152172 2.144220 -1.835288 -0.424145 0.848494 -0.475107 1.000000 
-0.125124 0.576110 -0.134943 2.162523 -1.838533 -0.387040 0.844163 -0.615372 1.000000 
-0.120464 0.588764 -0.117576 2.178881 -1.841478 -0.349030 0.838497 -0.812725 1.000000 
-0.115705 0.600925 -0.100087 2.193253 -1.844116 -0.310268 0.830933 -1.095771 1.000000 
-0.110851 0.612572 -0.082490 2.205609 -1.846441 -0.270924 0.820621 -1.508437 1.000000 
-0.105905 0.623684 -0.064802 2.215927 -1.848449 -0.231192 0.806281 -2.115586 1.000000 
-0.100873 0.634246 -0.047040 2.224199 -1.850139 -0.191295 0.786026 -3.002524 1.000000 
-0.095759 0.644242 -0.029220 2.230431 -1.851510 -0.151496 0.757279 -4.247189 1.000000 
-0.090567 0.653655 -0.011359 2.234651 -1.852564 -0.112120 0.717165 -5.821722 1.000000 
-0.085302 0.662465 0.006529 2.236915 -1.853306 -0.073596 0.664051 -7.412535 1.000000 
-0.079969 0.670644 0.024427 2.237317 -1.853746 -0.036452 0.600248 -8.374820 1.000000 
-0.074573 0.678176 0.042321 2.235996 -1.853895 -0.001160 0.533189 -8.189054 1.000000 
-0.069120 0.685075 0.060199 2.233112 -1.853770 0.032130 0.471891 -7.019775 1.000000 
-0.063614 0.691386 0.078047 2.228800 -1.853385 0.063629 0.421814 -5.490307 1.000000 
-0.058059 0.697162 0.095856 2.223158 -1.852755 0.093708 0.383672 -4.089507 1.000000 
-0.052460 0.702447 0.113614 2.216249 -1.851889 0.122707 0.355551 -2.994178 1.000000 
-0.046821 0.707273 0.131313 2.208116 -1.850794 0.150863 0.334969 -2.195976 1.000000 
-0.041145 0.711659 0.148941 2.198788 -1.849477 0.178325 0.319799 -1.629156 1.000000 
-0.035436 0.715621 0.166490 2.188290 -1.847943 0.205173 0.308463 -1.227874 1.000000 
-0.029696 0.719167 0.183951 2.176644 -1.846196 0.231449 0.299848 -0.941421 1.000000 
-0.023930 0.722304 0.201313 2.163871 -1.844241 0.257166 0.293190 -0.734150 1.000000 
-0.018141 0.725036 0.218570 2.149992 -1.842083 0.282321 0.287956 -0.581812 1.000000 
-0.012331 0.727369 0.235710 2.135029 -1.839725 0.306901 0.283778 -0.468036 1.000000 
-0.006504 0.729304 0.252727 2.119002 -1.837174 0.330885 0.280395 -0.381721 1.000000 
-0.000663 0.730847 0.269612 2.101935 -1.834433 0.354250 0.277618 -0.315262 1.000000 
0.005189 0.732001 0.286355 2.083851 -1.831507 0.376969 0.275312 -0.263378 1.000000 
0.011048 0.732768 0.302951 2.064775 -1.828403 0.399015 0.273375 -0.222348 1.000000 
0.016912 0.733154 0.319389 2.044732 -1.825125 0.420360 0.271732 -0.189516 1.000000 
0.022778 0.733161 0.335664 2.023747 -1.821679 0.440976 0.270326 -0.162953 1.000000 
0.028642 0.732796 0.351767 2.001848 -1.818072 0.460834 0.269112 -0.141247 1.000000 
0.034501 0.732062 0.367691 1.979062 -1.814308 0.479909 0.268056 -0.123343 1.000000 
0.040354 0.730964 0.383429 1.955417 -1.810395 0.498175 0.267131 -0.108448 1.000000 
0.046196 0.729509 0.398975 1.930942 -1.806339 0.515607 0.266315 -0.095958 1.000000 
0.052025 0.727701 0.414322 1.905666 -1.802148 0.532181 0.265590 -0.085408 1.000000 
0.057838 0.725548 0.429464 1.879618 -1.797827 0.547876 0.264944 -0.076435 1.000000 
0.063633 0.723054 0.444394 1.852830 -1.793384 0.562671 0.264364 -0.068756 1.000000 
0.069406 0.720228 0.459107 1.825331 -1.788827 0.576547 0.263841 -0.062145 1.000000 
0.075156 0.717076 0.473598 1.797151 -1.784162 0.589487 0.263367 -0.056422 1.000000 
0.080878 0.713604 0.487860 1.768322 -1.779397 0.601475 0.262936 -0.051442 1.000000 
0.086572 0.709821 0.501889 1.738874 -1.774541 0.612497 0.262542 -0.047089 1.000000 
0.092235 0.705734 0.515681 1.708837 -1.769600 0.622541 0.262181 -0.043266 1.000000 
0.097863 0.701350 0.529229 1.678242 -1.764583 0.631597 0.261849 -0.039895 1.000000 
0.103456 0.696678 0.542531 1.647120 -1.759497 0.639654 0.261542 -0.036910 1.000000 
0.109009 0.691726 0.555582 1.615501 -1.754351 0.646706 0.261258 -0.034258 1.000000 
0.114523 0.686501 0.568378 1.583414 -1.749153 0.652748 0.260993 -0.031893 1.000000 
0.119993 0.681011 0.580915 1.550888 -1.743910 0.657775 0.260747 -0.029777 1.000000 
0.125418 0.675266 0.593191 1.517954 -1.738631 0.661785 0.260516 -0.027878 1.000000 
0.130796 0.669272 0.605202 1.484638 -1.733324 0.664777 0.260300 -0.026169 1.000000 
0.136126 0.663039 0.616944 1.450969 -1.727997 0.666753 0.260097 -0.024628 1.000000 
0.141404 0.656574 0.628416 1.416975 -1.722659 0.667715 0.259906 -0.023233 1.000000 
0.146630 0.649886 0.639615 1.382680 -1.717316 0.667667 0.259725 -0.021968 1.000000 
0.151802 0.642983 0.650538 1.348112 -1.711979 0.666615 0.259554 -0.020818 1.000000 
0.156918 0.635872 0.661184 1.313295 -1.706653 0.664566 0.259392 -0.019771 1.000000 
0.161975 0.628561 0.671550 1.278254 -1.701348 0.661528 0.259237 -0.018816 1.000000 
0.166974 0.621058 0.681636 1.243010 -1.696071 0.657511 0.259090 -0.017943 1.000000 
0.171912 0.613372 0.691438 1.207588 -1.690831 0.652527 0.258950 -0.017143 1.000000 
0.176787 0.605508 0.700957 1.172008 -1.685633 0.646588 0.258816 -0.016409 1.000000 
0.181599 0.597474 0.710190 1.136291 -1.680488 0.639707 0.258687 -0.015736 1.000000 
0.186347 0.589278 0.719137 1.100456 -1.675401 0.631901 0.258564 -0.015116 1.000000 
0.191028 0.580925 0.727797 1.064521 -1.670380 0.623184 0.258445 -0.014546 1.000000 
0.195641 0.572423 0.736169 1.028505 -1.665432 0.613575 0.258331 -0.014020 1.000000 
0.200186 0.563778 0.744253 0.992424 -1.660565 0.603092 0.258221 -0.013535 1.000000 
0.204661 0.554996 0.752048 0.956293 -1.655785 0.591753 0.258114 -0.013088 1.000000 
0.209065 0.546083 0.759553 0.920126 -1.651099 0.579580 0.258011 -0.012674 1.000000 
0.213398 0.537044 0.766770 0.883937 -1.646514 0.566593 0.257911 -0.012292 1.000000 
0.217658 0.527884 0.773696 0.847739 -1.642036 0.552816 0.257815 -0.011939 1.000000 
0.221844 0.518609 0.780334 0.811542 -1.637671 0.538270 0.257720 -0.011613 1.000000 
0.225955 0.509222 0.786681 0.775357 -1.633425 0.522979 0.257629 -0.011311 1.000000 
0.229991 0.499729 0.792739 0.739194 -1.629305 0.506968 0.257539 -0.011032 1.000000 
0.233951 0.490134 0.798508 0.703060 -1.625316 0.490263 0.257452 -0.010775 1.000000 
0.237833 0.480439 0.803988 0.666963 -1.621463 0.472888 0.257367 -0.010537 1.000000 
0.241637 0.470650 0.809180 0.630910 -1.617751 0.454871 0.257283 -0.010318 1.000000 
0.245363 0.460768 0.814083 0.594906 -1.614186 0.436238 0.257202 -0.010117 1.000000 
0.249010 0.450797 0.818698 0.558956 -1.610773 0.417018 0.257122 -0.009932 1.000000 
0.252576 0.440739 0.823026 0.523064 -1.607515 0.397237 0.257043 -0.009762 1.000000 
0.256061 0.430596 0.827068 0.487232 -1.604419 0.376925 0.256965 -0.009607 1.000000 
0.259465 0.420371 0.830822 0.451464 -1.601486 0.356110 0.256889 -0.009466 1.000000 
0.262787 0.410066 0.834291 0.415760 -1.598722 0.334822 0.256814 -0.009338 1.000000 
0.266026 0.399680 0.837475 0.380121 -1.596130 0.313090 0.256740 -0.009223 1.000000 
0.269182 0.389217 0.840373 0.344548 -1.593714 0.290945 0.256666 -0.009120 1.000000 
0.272253 0.378676 0.842988 0.309039 -1.591476 0.268417 0.256594 -0.009028 1.000000 
0.275240 0.368058 0.845318 0.273595 -1.589420 0.245536 0.256522 -0.008948 1.000000 
0.278142 0.357364 0.847365 0.238213 -1.587548 0.222333 0.256450 -0.008878 1.000000 
0.280958 0.346594 0.849130 0.202892 -1.585863 0.198839 0.256380 -0.008819 1.000000 
0.283687 0.335748 0.850612 0.167628 -1.584368 0.175086 0.256309 -0.008770 1.000000 
0.286330 0.324825 0.851812 0.132419 -1.583063 0.151104 0.256239 -0.008731 1.000000 
0.288884 0.313825 0.852731 0.097262 -1.581950 0.126926 0.256170 -0.008702 1.000000 
0.291351 0.302747 0.853368 0.062153 -1.581032 0.102583 0.256100 -0.008683 1.000000 
0.293728 0.291592 0.853725 0.027088 -1.580309 0.078107 0.256031 -0.008673 1.000000 
0.296016 0.280356 0.853802 -0.007936 -1.579783 0.053530 0.255961 -0.008673 1.000000 
0.298213 0.269041 0.853598 -0.042924 -1.579453 0.028883 0.255892 -0.008682 1.000000 
0.300320 0.257644 0.853115 -0.077880 -1.579321 0.004199 0.255822 -0.008701 1.000000 
0.302335 0.246163 0.852352 -0.112808 -1.579386 -0.020491 0.255753 -0.008730 1.000000 
0.304259 0.234599 0.851310 -0.147712 -1.579649 -0.045154 0.255683 -0.008768 1.000000 
0.306089 0.222949 0.849989 -0.182596 -1.580108 -0.069758 0.255612 -0.008816 1.000000 
0.307826 0.211211 0.848389 -0.217464 -1.580764 -0.094273 0.255542 -0.008874 1.000000 
0.309468 0.199384 0.846510 -0.252321 -1.581616 -0.118665 0.255470 -0.008943 1.000000 
0.311015 0.187467 0.844352 -0.287169 -1.582663 -0.142903 0.255398 -0.009022 1.000000 
0.312467 0.175458 0.841915 -0.322012 -1.583902 -0.166955 0.255326 -0.009112 1.000000 
0.313823 0.163356 0.839199 -0.356853 -1.585333 -0.190790 0.255253 -0.009213 1.000000 
0.315081 0.151158 0.836205 -0.391695 -1.586954 -0.214377 0.255179 -0.009325 1.000000 
0.316241 0.138864 0.832932 -0.426540 -1.588763 -0.237684 0.255103 -0.009450 1.000000 
0.317302 0.126472 0.829381 -0.461389 -1.590756 -0.260679 0.255027 -0.009587 1.000000 
0.318264 0.113981 0.825550 -0.496244 -1.592933 -0.283333 0.254950 -0.009737 1.000000 
0.319126 0.101389 0.821441 -0.531105 -1.595289 -0.305615 0.254871 -0.009902 1.000000 
0.319886 0.088697 0.817052 -0.565973 -1.597821 -0.327495 0.254792 -0.010080 1.000000 
0.320545 0.075902 0.812385 -0.600847 -1.600527 -0.348942 0.254710 -0.010274 1.000000 
0.321100 0.063004 0.807439 -0.635725 -1.603403 -0.369926 0.254627 -0.010484 1.000000 
0.321552 0.050002 0.802213 -0.670606 -1.606445 -0.390419 0.254542 -0.010712 1.000000 
0.321900 0.036897 0.796709 -0.705486 -1.609649 -0.410392 0.254456 -0.010957 1.000000 
0.322142 0.023688 0.790926 -0.740364 -1.613010 -0.429816 0.254367 -0.011222 1.000000 
0.322279 0.010375 0.784863 -0.775233 -1.616524 -0.448662 0.254276 -0.011508 1.000000 
0.322308 -0.003041 0.778522 -0.810089 -1.620187 -0.466905 0.254183 -0.011816 1.000000 
0.322230 -0.016559 0.771902 -0.844926 -1.623993 -0.484515 0.254087 -0.012147 1.000000 
0.322043 -0.030180 0.765003 -0.879737 -1.627937 -0.501468 0.253988 -0.012505 1.000000 
0.321747 -0.043900 0.757826 -0.914514 -1.632015 -0.517737 0.253887 -0.012890 1.000000 
0.321340 -0.057720 0.750371 -0.949248 -1.636219 -0.533296 0.253782 -0.013304 1.000000 
0.320823 -0.071636 0.742638 -0.983930 -1.640545 -0.548123 0.253674 -0.013751 1.000000 
0.320194 -0.085647 0.734628 -1.018549 -1.644987 -0.562191 0.253562 -0.014233 1.000000 
0.319452 -0.099750 0.726342 -1.053092 -1.649538 -0.575480 0.253446 -0.014752 1.000000 
0.318598 -0.113942 0.717779 -1.087548 -1.654193 -0.587966 0.253326 -0.015313 1.000000 
0.317629 -0.128219 0.708941 -1.121903 -1.658944 -0.599629 0.253201 -0.015919 1.000000 
0.316546 -0.142579 0.699829 -1.156142 -1.663784 -0.610447 0.253071 -0.016574 1.000000 
0.315347 -0.157016 0.690443 -1.190250 -1.668708 -0.620402 0.252936 -0.017283 1.000000 
0.314033 -0.171526 0.680785 -1.224210 -1.673708 -0.629475 0.252794 -0.018051 1.000000 
0.312603 -0.186105 0.670856 -1.258004 -1.678778 -0.637649 0.252647 -0.018884 1.000000 
0.311056 -0.200747 0.660658 -1.291615 -1.683908 -0.644907 0.252492 -0.019788 1.000000 
0.309391 -0.215446 0.650191 -1.325022 -1.689094 -0.651235 0.252330 -0.020772 1.000000 
0.307608 -0.230196 0.639458 -1.358205 -1.694326 -0.656618 0.252159 -0.021844 1.000000 
0.305708 -0.244990 0.628460 -1.391144 -1.699597 -0.661044 0.251980 -0.023013 1.000000 
0.303688 -0.259822 0.617200 -1.423816 -1.704900 -0.664502 0.251791 -0.024290 1.000000 
0.301550 -0.274684 0.605680 -1.456199 -1.710226 -0.666982 0.251591 -0.025689 1.000000 
0.299293 -0.289569 0.593902 -1.488268 -1.715569 -0.668476 0.251379 -0.027223 1.000000 
0.296917 -0.304468 0.581869 -1.520000 -1.720919 -0.668975 0.251155 -0.028909 1.000000 
0.294422 -0.319372 0.569583 -1.551369 -1.726270 -0.668475 0.250916 -0.030767 1.000000 
0.291807 -0.334273 0.557048 -1.582350 -1.731612 -0.666971 0.250662 -0.032817 1.000000 
0.289073 -0.349161 0.544267 -1.612918 -1.736939 -0.664462 0.250391 -0.035087 1.000000 
0.286221 -0.364027 0.531242 -1.643044 -1.742241 -0.660945 0.250100 -0.037604 1.000000 
0.283249 -0.378861 0.517979 -1.672702 -1.747511 -0.656423 0.249788 -0.040405 1.000000 
0.280159 -0.393652 0.504481 -1.701864 -1.752741 -0.650896 0.249453 -0.043530 1.000000 
0.276951 -0.408390 0.490751 -1.730503 -1.757923 -0.644370 0.249091 -0.047027 1.000000 
0.273625 -0.423063 0.476794 -1.758590 -1.763048 -0.636850 0.248699 -0.050952 1.000000 
0.270182 -0.437661 0.462615 -1.786096 -1.768110 -0.628344 0.248274 -0.055373 1.000000 
0.266623 -0.452173 0.448218 -1.812994 -1.773099 -0.618861 0.247812 -0.060370 1.000000 
0.262948 -0.466585 0.433609 -1.839255 -1.778009 -0.608413 0.247307 -0.066040 1.000000 
0.259158 -0.480888 0.418792 -1.864849 -1.782831 -0.597012 0.246753 -0.072500 1.000000 
0.255254 -0.495068 0.403773 -1.889750 -1.787559 -0.584674 0.246144 -0.079889 1.000000 
0.251237 -0.509114 0.388558 -1.913928 -1.792184 -0.571414 0.245472 -0.088380 1.000000 
0.247108 -0.523012 0.373152 -1.937356 -1.796699 -0.557253 0.244727 -0.098184 1.000000 
0.242869 -0.536752 0.357562 -1.960006 -1.801097 -0.542210 0.243897 -0.109562 1.000000 
0.238521 -0.550320 0.341794 -1.981852 -1.805372 -0.526308 0.242969 -0.122836 1.000000 
0.234064 -0.563703 0.325855 -2.002865 -1.809516 -0.509571 0.241925 -0.138412 1.000000 
0.229502 -0.576890 0.309751 -2.023022 -1.813523 -0.492025 0.240746 -0.156801 1.000000 
0.224835 -0.589868 0.293489 -2.042296 -1.817386 -0.473700 0.239407 -0.178649 1.000000 
0.220065 -0.602625 0.277076 -2.060663 -1.821100 -0.454624 0.237877 -0.204786 1.000000 
0.215193 -0.615148 0.260521 -2.078101 -1.824658 -0.434831 0.236116 -0.236283 1.000000 
0.210223 -0.627426 0.243829 -2.094585 -1.828056 -0.414354 0.234078 -0.274527 1.000000 
0.205155 -0.639446 0.227010 -2.110096 -1.831286 -0.393231 0.231701 -0.321340 1.000000 
0.199992 -0.651198 0.210070 -2.124613 -1.834346 -0.371499 0.228908 -0.379124 1.000000 
0.194737 -0.662668 0.193019 -2.138118 -1.837229 -0.349201 0.225597 -0.451070 1.000000 
0.189391 -0.673848 0.175863 -2.150593 -1.839931 -0.326381 0.221641 -0.541436 1.000000 
0.183956 -0.684725 0.158612 -2.162023 -1.842450 -0.303084 0.216870 -0.655922 1.000000 
0.178436 -0.695291 0.141274 -2.172394 -1.844780 -0.279362 0.211062 -0.802143 1.000000 
0.172832 -0.705534 0.123856 -2.181694 -1.846918 -0.255268 0.203925 -0.990183 1.000000 
0.167148 -0.715446 0.106369 -2.189914 -1.848863 -0.230860 0.195073 -1.233128 1.000000 
0.161386 -0.725019 0.088821 -2.197047 -1.850612 -0.206201 0.184005 -1.547251 1.000000 
0.155549 -0.734244 0.071219 -2.203089 -1.852162 -0.181360 0.170078 -1.951129 1.000000 
0.149639 -0.743114 0.053574 -2.208038 -1.853513 -0.156413 0.152500 -2.462213 1.000000 
0.143660 -0.751623 0.035894 -2.211898 -1.854664 -0.131443 0.130373 -3.088545 1.000000 
0.137614 -0.759765 0.018187 -2.214675 -1.855616 -0.106546 0.102817 -3.813436 1.000000 
0.131505 -0.767534 0.000462 -2.216384 -1.856370 -0.081825 0.069254 -4.575187 1.000000 
0.125335 -0.774925 -0.017273 -2.217043 -1.856926 -0.057398 0.029828 -5.255327 1.000000 
0.119101 -0.785050 -0.035006 -2.215322 -1.857189 0.016760 0.008376 5.631001 -1.000000 
0.112795 -0.791179 -0.052715 -2.211798 -1.856958 0.041090 0.052919 5.443531 -1.000000 
0.106443 -0.796964 -0.070392 -2.207218 -1.856530 0.065924 0.094608 4.935019 -1.000000 
0.100045 -0.802384 -0.088028 -2.201558 -1.855902 0.091145 0.131380 4.239713 -1.000000 
0.093605 -0.807417 -0.105614 -2.194803 -1.855071 0.116630 0.162334 3.501725 -1.000000 
0.087127 -0.812047 -0.123142 -2.186940 -1.854036 0.142260 0.187566 2.821083 -1.000000 
0.080614 -0.816263 -0.140602 -2.177966 -1.852795 0.167930 0.207751 2.243828 -1.000000 
0.074068 -0.820054 -0.157986 -2.167880 -1.851349 0.193545 0.223765 1.777763 -1.000000 
0.067494 -0.823415 -0.175285 -2.156685 -1.849698 0.219017 0.236462 1.411469 -1.000000 
0.060895 -0.826340 -0.192490 -2.144389 -1.847845 0.244272 0.246568 1.127198 -1.000000 
0.054274 -0.828826 -0.209592 -2.131001 -1.845791 0.269237 0.254668 0.907372 -1.000000 
0.047635 -0.830872 -0.226583 -2.116534 -1.843538 0.293849 0.261217 0.737036 -1.000000 
0.040981 -0.832476 -0.243454 -2.101003 -1.841090 0.318048 0.266561 0.604339 -1.000000 
0.034316 -0.833639 -0.260197 -2.084425 -1.838451 0.341778 0.270963 0.500208 -1.000000 
0.027644 -0.834361 -0.276802 -2.066820 -1.835623 0.364989 0.274622 0.417816 -1.000000 
0.020968 -0.834645 -0.293263 -2.048208 -1.832612 0.387631 0.277692 0.352055 -1.000000 
0.014291 -0.834494 -0.309571 -2.028612 -1.829423 0.409659 0.280289 0.299107 -1.000000 
0.007617 -0.833911 -0.325718 -2.008055 -1.826060 0.431031 0.282504 0.256108 -1.000000 
0.000949 -0.832900 -0.341697 -1.986563 -1.822528 0.451707 0.284408 0.220899 -1.000000 
-0.005708 -0.831465 -0.357501 -1.964161 -1.818834 0.471650 0.286055 0.191838 -1.000000 
-0.012353 -0.829613 -0.373121 -1.940878 -1.814984 0.490824 0.287490 0.167671 -1.000000 
-0.018981 -0.827349 -0.388553 -1.916741 -1.810983 0.509195 0.288748 0.147430 -1.000000 
-0.025589 -0.824679 -0.403787 -1.891778 -1.806839 0.526734 0.289857 0.130363 -1.000000 
-0.032175 -0.821611 -0.418819 -1.866021 -1.802558 0.543412 0.290841 0.115880 -1.000000 
-0.038734 -0.818151 -0.433641 -1.839498 -1.798147 0.559201 0.291717 0.103517 -1.000000 
-0.045264 -0.814308 -0.448249 -1.812240 -1.793613 0.574079 0.292502 0.092904 -1.000000 
-0.051762 -0.810089 -0.462635 -1.784279 -1.788964 0.588021 0.293207 0.083746 -1.000000 
-0.058225 -0.805503 -0.476796 -1.755645 -1.784207 0.601007 0.293845 0.075802 -1.000000 
-0.064649 -0.800559 -0.490724 -1.726371 -1.779350 0.613021 0.294423 0.068881 -1.000000 
-0.071033 -0.795266 -0.504416 -1.696487 -1.774402 0.624044 0.294949 0.062823 -1.000000 
-0.077373 -0.789632 -0.517866 -1.666026 -1.769368 0.634063 0.295430 0.057499 -1.000000 
-0.083666 -0.783669 -0.531071 -1.635018 -1.764259 0.643066 0.295871 0.052802 -1.000000 
-0.089910 -0.777385 -0.544025 -1.603496 -1.759082 0.651042 0.296276 0.048642 -1.000000 
-0.096103 -0.770789 -0.556725 -1.571489 -1.753845 0.657982 0.296650 0.044945 -1.000000 
-0.102242 -0.763893 -0.569168 -1.539029 -1.748557 0.663881 0.296997 0.041649 -1.000000 
-0.108325 -0.756705 -0.581349 -1.506147 -1.743226 0.668733 0.297318 0.038701 -1.000000 
-0.114349 -0.749236 -0.593265 -1.472870 -1.737860 0.672536 0.297617 0.036057 -1.000000 
-0.120312 -0.741497 -0.604914 -1.439230 -1.732468 0.675289 0.297895 0.033677 -1.000000 
-0.126212 -0.733495 -0.616292 -1.405255 -1.727058 0.676992 0.298156 0.031532 -1.000000 
-0.132047 -0.725243 -0.627397 -1.370972 -1.721639 0.677649 0.298400 0.029592 -1.000000 
-0.137815 -0.716749 -0.638227 -1.336409 -1.716219 0.677263 0.298630 0.027833 -1.000000 
-0.143514 -0.708023 -0.648779 -1.301591 -1.710806 0.675841 0.298846 0.026236 -1.000000 
-0.149143 -0.699075 -0.659052 -1.266545 -1.705408 0.673389 0.299050 0.024782 -1.000000 
-0.154699 -0.689914 -0.669043 -1.231296 -1.700034 0.669918 0.299243 0.023455 -1.000000 
-0.160181 -0.680550 -0.678752 -1.195866 -1.694692 0.665436 0.299426 0.022244 -1.000000 
-0.165587 -0.670991 -0.688176 -1.160278 -1.689390 0.659957 0.299599 0.021134 -1.000000 
-0.170916 -0.661246 -0.697316 -1.124555 -1.684135 0.653494 0.299764 0.020117 -1.000000 
-0.176167 -0.651324 -0.706169 -1.088717 -1.678937 0.646062 0.299921 0.019183 -1.000000 
-0.181337 -0.641233 -0.714735 -1.052784 -1.673801 0.637676 0.300071 0.018324 -1.000000 
-0.186426 -0.630981 -0.723013 -1.016774 -1.668736 0.628353 0.300215 0.017533 -1.000000 
-0.191432 -0.620575 -0.731003 -0.980705 -1.663750 0.618113 0.300352 0.016804 -1.000000 
-0.196355 -0.610023 -0.738705 -0.944593 -1.658849 0.606975 0.300484 0.016131 -1.000000 
-0.201192 -0.599333 -0.746117 -0.908453 -1.654040 0.594960 0.300610 0.015509 -1.000000 
-0.205944 -0.588509 -0.753240 -0.872301 -1.649332 0.582088 0.300732 0.014934 -1.000000 
-0.210608 -0.577560 -0.760074 -0.836148 -1.644729 0.568383 0.300849 0.014401 -1.000000 
-0.215185 -0.566490 -0.766618 -0.800007 -1.640240 0.553869 0.300962 0.013908 -1.000000 
-0.219672 -0.555306 -0.772874 -0.763889 -1.635869 0.538569 0.301072 0.013452 -1.000000 
-0.224069 -0.544013 -0.778840 -0.727804 -1.631625 0.522510 0.301178 0.013028 -1.000000 
-0.228376 -0.532615 -0.784519 -0.691761 -1.627511 0.505716 0.301280 0.012636 -1.000000 
-0.232591 -0.521117 -0.789909 -0.655767 -1.623535 0.488216 0.301380 0.012272 -1.000000 
-0.236713 -0.509523 -0.795011 -0.619830 -1.619702 0.470035 0.301477 0.011934 -1.000000 
-0.240743 -0.497837 -0.799826 -0.583955 -1.616016 0.451203 0.301571 0.011621 -1.000000 
-0.244679 -0.486062 -0.804355 -0.548147 -1.612484 0.431747 0.301663 0.011331 -1.000000 
-0.248520 -0.474201 -0.808597 -0.512410 -1.609110 0.411698 0.301752 0.011062 -1.000000 
-0.252266 -0.462257 -0.812553 -0.476748 -1.605898 0.391084 0.301840 0.010813 -1.000000 
-0.255916 -0.450232 -0.816225 -0.441161 -1.602854 0.369936 0.301925 0.010583 -1.000000 
-0.259469 -0.438128 -0.819612 -0.405653 -1.599981 0.348285 0.302009 0.010371 -1.000000 
-0.262925 -0.425946 -0.822716 -0.370223 -1.597283 0.326161 0.302091 0.010175 -1.000000 
-0.266284 -0.413688 -0.825536 -0.334872 -1.594763 0.303596 0.302172 0.009995 -1.000000 
-0.269544 -0.401354 -0.828074 -0.299598 -1.592426 0.280621 0.302251 0.009830 -1.000000 
-0.272705 -0.388946 -0.830330 -0.264401 -1.590274 0.257269 0.302329 0.009680 -1.000000 
-0.275767 -0.376463 -0.832304 -0.229279 -1.588311 0.233571 0.302406 0.009542 -1.000000 
-0.278729 -0.363906 -0.833998 -0.194228 -1.586538 0.209561 0.302482 0.009418 -1.000000 
-0.281589 -0.351274 -0.835412 -0.159246 -1.584959 0.185271 0.302557 0.009306 -1.000000 
-0.284349 -0.338567 -0.836546 -0.124331 -1.583574 0.160733 0.302631 0.009206 -1.000000 
-0.287006 -0.325783 -0.837402 -0.089477 -1.582387 0.135982 0.302704 0.009118 -1.000000 
-0.289561 -0.312923 -0.837978 -0.054681 -1.581399 0.111049 0.302777 0.009041 -1.000000 
-0.292013 -0.299985 -0.838277 -0.019938 -1.580611 0.085969 0.302849 0.008975 -1.000000 
-0.294361 -0.286967 -0.838297 0.014755 -1.580024 0.060775 0.302921 0.008919 -1.000000 
-0.296604 -0.273868 -0.838041 0.049405 -1.579639 0.035500 0.302992 0.008874 -1.000000 
-0.298742 -0.260687 -0.837507 0.084015 -1.579456 0.010178 0.303063 0.008839 -1.000000 
-0.300775 -0.247421 -0.836697 0.118590 -1.579476 -0.015158 0.303133 0.008814 -1.000000 
-0.302701 -0.234069 -0.835610 0.153136 -1.579699 -0.040473 0.303204 0.008799 -1.000000 
-0.304520 -0.220629 -0.834246 0.187656 -1.580124 -0.065735 0.303274 0.008794 -1.000000 
-0.306231 -0.207099 -0.832607 0.222157 -1.580750 -0.090909 0.303344 0.008799 -1.000000 
-0.307833 -0.193476 -0.830692 0.256641 -1.581578 -0.115963 0.303415 0.008814 -1.000000 
-0.309326 -0.179759 -0.828501 0.291114 -1.582605 -0.140862 0.303485 0.008839 -1.000000 
-0.310709 -0.165946 -0.826034 0.325579 -1.583831 -0.165574 0.303556 0.008875 -1.000000 
-0.311981 -0.152034 -0.823292 0.360041 -1.585254 -0.190065 0.303627 0.008920 -1.000000 
-0.313141 -0.138022 -0.820274 0.394501 -1.586871 -0.214301 0.303699 0.008976 -1.000000 
-0.314189 -0.123908 -0.816980 0.428964 -1.588682 -0.238251 0.303771 0.009044 -1.000000 
-0.315123 -0.109690 -0.813410 0.463431 -1.590683 -0.261882 0.303844 0.009122 -1.000000 
-0.315944 -0.095366 -0.809565 0.497903 -1.592871 -0.285160 0.303917 0.009211 -1.000000 
-0.316649 -0.080935 -0.805444 0.532383 -1.595244 -0.308053 0.303991 0.009313 -1.000000 
-0.317238 -0.066395 -0.801047 0.566870 -1.597799 -0.330530 0.304066 0.009427 -1.000000 
-0.317711 -0.051746 -0.796374 0.601365 -1.600531 -0.352559 0.304142 0.009554 -1.000000 
-0.318066 -0.036986 -0.791425 0.635866 -1.603438 -0.374108 0.304219 0.009695 -1.000000 
-0.318303 -0.022114 -0.786200 0.670372 -1.606516 -0.395146 0.304297 0.009849 -1.000000 
-0.318420 -0.007132 -0.780699 0.704881 -1.609759 -0.415643 0.304377 0.010019 -1.000000 
-0.318416 0.007963 -0.774922 0.739388 -1.613165 -0.435568 0.304458 0.010205 -1.000000 
-0.318292 0.023170 -0.768869 0.773890 -1.616727 -0.454891 0.304540 0.010407 -1.000000 
-0.318045 0.038487 -0.762540 0.808381 -1.620441 -0.473584 0.304624 0.010627 -1.000000 
-0.317676 0.053915 -0.755935 0.842856 -1.624302 -0.491618 0.304710 0.010867 -1.000000 
-0.317182 0.069452 -0.749054 0.877308 -1.628305 -0.508964 0.304798 0.011126 -1.000000 
-0.316564 0.085097 -0.741898 0.911727 -1.632444 -0.525595 0.304888 0.011408 -1.000000 
-0.315821 0.100847 -0.734466 0.946106 -1.636713 -0.541484 0.304981 0.011713 -1.000000 
-0.314950 0.116701 -0.726760 0.980435 -1.641106 -0.556605 0.305076 0.012044 -1.000000 
-0.313953 0.132654 -0.718780 1.014701 -1.645616 -0.570932 0.305173 0.012402 -1.000000 
-0.312828 0.148705 -0.710525 1.048894 -1.650238 -0.584442 0.305274 0.012789 -1.000000 
-0.311574 0.164850 -0.701998 1.082999 -1.654965 -0.597110 0.305378 0.013209 -1.000000 
-0.310190 0.181084 -0.693197 1.117003 -1.659790 -0.608914 0.305486 0.013664 -1.000000 
-0.308676 0.197402 -0.684126 1.150890 -1.664705 -0.619832 0.305597 0.014158 -1.000000 
-0.307031 0.213800 -0.674784 1.184644 -1.669705 -0.629843 0.305712 0.014693 -1.000000 
-0.305255 0.230271 -0.665172 1.218247 -1.674780 -0.638928 0.305832 0.015275 -1.000000 
-0.303347 0.246811 -0.655292 1.251681 -1.679925 -0.647067 0.305957 0.015907 -1.000000 
-0.301306 0.263411 -0.645145 1.284927 -1.685131 -0.654244 0.306087 0.016596 -1.000000 
-0.299132 0.280066 -0.634734 1.317963 -1.690390 -0.660442 0.306222 0.017346 -1.000000 
-0.296825 0.296766 -0.624059 1.350769 -1.695695 -0.665646 0.306364 0.018165 -1.000000 
-0.294384 0.313505 -0.613122 1.383321 -1.701038 -0.669843 0.306513 0.019060 -1.000000 
-0.291809 0.330274 -0.601926 1.415597 -1.706410 -0.673021 0.306670 0.020041 -1.000000 
-0.289099 0.347063 -0.590473 1.447573 -1.711803 -0.675169 0.306834 0.021117 -1.000000 
-0.286255 0.363862 -0.578766 1.479223 -1.717210 -0.676278 0.307008 0.022300 -1.000000 
-0.283277 0.380663 -0.566807 1.510522 -1.722621 -0.676340 0.307191 0.023603 -1.000000 
-0.280165 0.397453 -0.554599 1.541443 -1.728029 -0.675348 0.307386 0.025043 -1.000000 
-0.276918 0.414223 -0.542145 1.571959 -1.733424 -0.673300 0.307592 0.026636 -1.000000 
-0.273537 0.430960 -0.529448 1.602041 -1.738799 -0.670190 0.307812 0.028404 -1.000000 
-0.270023 0.447653 -0.516513 1.631662 -1.744144 -0.666019 0.308047 0.030373 -1.000000 
-0.266375 0.464290 -0.503343 1.660793 -1.749452 -0.660787 0.308299 0.032570 -1.000000 
-0.262594 0.480858 -0.489942 1.689404 -1.754714 -0.654496 0.308569 0.035030 -1.000000 
-0.258682 0.497343 -0.476314 1.717466 -1.759921 -0.647150 0.308860 0.037795 -1.000000 
-0.254637 0.513733 -0.462464 1.744948 -1.765065 -0.638756 0.309175 0.040913 -1.000000 
-0.250462 0.530013 -0.448397 1.771821 -1.770138 -0.629321 0.309516 0.044442 -1.000000 
-0.246157 0.546170 -0.434117 1.798053 -1.775132 -0.618854 0.309887 0.048453 -1.000000 
-0.241724 0.562190 -0.419630 1.823615 -1.780037 -0.607368 0.310293 0.053033 -1.000000 
-0.237163 0.578058 -0.404941 1.848476 -1.784847 -0.594874 0.310738 0.058285 -1.000000 
-0.232475 0.593760 -0.390056 1.872605 -1.789553 -0.581389 0.311227 0.064338 -1.000000 
-0.227663 0.609281 -0.374981 1.895974 -1.794147 -0.566929 0.311770 0.071353 -1.000000 
-0.222727 0.624605 -0.359722 1.918551 -1.798621 -0.551512 0.312372 0.079527 -1.000000 
-0.217670 0.639719 -0.344286 1.940308 -1.802968 -0.535159 0.313046 0.089112 -1.000000 
-0.212492 0.654607 -0.328680 1.961214 -1.807181 -0.517892 0.313803 0.100426 -1.000000 
-0.207197 0.669253 -0.312909 1.981243 -1.811252 -0.499735 0.314658 0.113874 -1.000000 
-0.201785 0.683644 -0.296982 2.000366 -1.815175 -0.480712 0.315632 0.129984 -1.000000 
-0.196259 0.697764 -0.280906 2.018555 -1.818941 -0.460849 0.316747 0.149443 -1.000000 
-0.190622 0.711599 -0.264688 2.035784 -1.822546 -0.440175 0.318034 0.173158 -1.000000 
-0.184875 0.725133 -0.248336 2.052027 -1.825982 -0.418717 0.319532 0.202343 -1.000000 
-0.179020 0.738353 -0.231858 2.067260 -1.829244 -0.396506 0.321290 0.238642 -1.000000 
-0.173062 0.751245 -0.215263 2.081458 -1.832324 -0.373570 0.323375 0.284309 -1.000000 
-0.167001 0.763795 -0.198558 2.094598 -1.835219 -0.349939 0.325873 0.342479 -1.000000 
-0.160842 0.775989 -0.181752 2.106658 -1.837922 -0.325642 0.328900 0.417579 -1.000000 
-0.154586 0.787816 -0.164854 2.117616 -1.840427 -0.300705 0.332616 0.515944 -1.000000 
-0.148238 0.799262 -0.147873 2.127451 -1.842731 -0.275152 0.337241 0.646770 -1.000000 
-0.141799 0.810317 -0.130818 2.136142 -1.844828 -0.249002 0.343086 0.823567 -1.000000 
-0.135274 0.820969 -0.113698 2.143670 -1.846714 -0.222262 0.350593 1.066324 -1.000000 
-0.128665 0.831209 -0.096522 2.150013 -1.848383 -0.194929 0.360401 1.404577 -1.000000 
-0.121976 0.841030 -0.079301 2.155147 -1.849831 -0.166975 0.373434 1.881093 -1.000000 
-0.115210 0.850425 -0.062043 2.159047 -1.851053 -0.138338 0.391021 2.554158 -1.000000 
-0.108370 0.859389 -0.044760 2.161677 -1.852042 -0.108898 0.415006 3.491119 -1.000000 
-0.101461 0.867922 -0.027460 2.162991 -1.852792 -0.078453 0.447704 4.733860 -1.000000 
-0.094484 0.876019 -0.010155 2.162921 -1.853294 -0.046697 0.491379 6.204225 -1.000000 
-0.087445 0.883667 0.007143 2.161366 -1.853535 -0.013247 0.546692 7.558615 -1.000000 
-0.080347 0.890827 0.024422 2.158194 -1.853500 0.022212 0.610383 8.193262 -1.000000 
-0.073194 0.897422 0.041669 2.153262 -1.853174 0.059690 0.674685 7.692841 -1.000000 
-0.065990 0.903346 0.058869 2.146450 -1.852541 0.098810 0.731099 6.318506 -1.000000 
-0.058742 0.908502 0.076007 2.137683 -1.851590 0.139017 0.775226 4.726555 -1.000000 
-0.051456 0.912823 0.093067 2.126921 -1.850315 0.179816 0.807388 3.371519 -1.000000 
-0.044139 0.916269 0.110033 2.114147 -1.848713 0.220830 0.830137 2.373361 -1.000000 
-0.036798 0.918819 0.126888 2.099359 -1.846782 0.261759 0.846183 1.682157 -1.000000 
-0.029441 0.920460 0.143617 2.082573 -1.844525 0.302357 0.857639 1.212157 -1.000000 
-0.022073 0.921190 0.160204 2.063815 -1.841946 0.342410 0.865973 0.891366 -1.000000 
-0.014704 0.921009 0.176633 2.043123 -1.839049 0.381727 0.872163 0.669306 -1.000000 
-0.007340 0.919924 0.192889 2.020545 -1.835841 0.420142 0.876856 0.512740 -1.000000 
0.000012 0.917943 0.208957 1.996136 -1.832329 0.457505 0.880484 0.400170 -1.000000 
0.007345 0.915082 0.224822 1.969958 -1.828524 0.493678 0.883338 0.317659 -1.000000 
0.014651 0.911355 0.240471 1.942077 -1.824434 0.528538 0.885622 0.256069 -1.000000 
0.021924 0.906782 0.255891 1.912567 -1.820071 0.561973 0.887475 0.209309 -1.000000 
0.029158 0.901385 0.271068 1.881505 -1.815446 0.593880 0.888999 0.173251 -1.000000 
0.036344 0.895187 0.285991 1.848970 -1.810573 0.624166 0.890268 0.145046 -1.000000 
0.043479 0.888216 0.300648 1.815047 -1.805464 0.652747 0.891335 0.122694 -1.000000 
0.050554 0.880498 0.315029 1.779820 -1.800134 0.679546 0.892243 0.104769 -1.000000 
0.057565 0.872063 0.329122 1.743377 -1.794597 0.704497 0.893021 0.090236 -1.000000 
0.064505 0.862942 0.342920 1.705808 -1.788867 0.727539 0.893693 0.078335 -1.000000 
0.071370 0.853167 0.356412 1.667201 -1.782961 0.748621 0.894279 0.068500 -1.000000 
0.078154 0.842772 0.369592 1.627647 -1.776895 0.767699 0.894794 0.060304 -1.000000 
0.084853 0.831788 0.382452 1.587235 -1.770683 0.784736 0.895248 0.053421 -1.000000 
0.091461 0.820252 0.394986 1.546054 -1.764344 0.799705 0.895651 0.047598 -1.000000 
0.097975 0.808196 0.407187 1.504192 -1.757894 0.812581 0.896012 0.042640 -1.000000 
0.104391 0.795657 0.419051 1.461736 -1.751349 0.823351 0.896335 0.038393 -1.000000 
0.110705 0.782669 0.430574 1.418768 -1.744726 0.832007 0.896628 0.034733 -1.000000 
0.116913 0.769265 0.441751 1.375371 -1.738042 0.838547 0.896892 0.031563 -1.000000 
0.123012 0.755480 0.452579 1.331625 -1.731315 0.842975 0.897134 0.028805 -1.000000 
0.128999 0.741347 0.463056 1.287606 -1.724560 0.845302 0.897354 0.026392 -1.000000 
0.134873 0.726898 0.473180 1.243386 -1.717795 0.845545 0.897557 0.024274 -1.000000 
0.140629 0.712165 0.482950 1.199035 -1.711037 0.843724 0.897743 0.022407 -1.000000 
0.146267 0.697179 0.492364 1.154618 -1.704301 0.839868 0.897916 0.020755 -1.000000 
0.151783 0.681969 0.501424 1.110198 -1.697604 0.834007 0.898076 0.019289 -1.000000 
0.157178 0.666562 0.510128 1.065831 -1.690962 0.826178 0.898225 0.017982 -1.000000 
0.162448 0.650986 0.518477 1.021572 -1.684391 0.816421 0.898364 0.016816 -1.000000 
0.167593 0.635266 0.526473 0.977469 -1.677905 0.804780 0.898494 0.015771 -1.000000 
0.172612 0.619425 0.534117 0.933566 -1.671519 0.791303 0.898617 0.014833 -1.000000 
0.177503 0.603484 0.541411 0.889905 -1.665249 0.776042 0.898732 0.013988 -1.000000 
0.182267 0.587465 0.548356 0.846521 -1.659107 0.759050 0.898841 0.013227 -1.000000 
0.186903 0.571386 0.554956 0.803444 -1.653108 0.740384 0.898944 0.012539 -1.000000 
0.191409 0.555264 0.561212 0.760702 -1.647265 0.720102 0.899041 0.011916 -1.000000 
0.195787 0.539112 0.567128 0.718317 -1.641591 0.698267 0.899134 0.011352 -1.000000 
0.200035 0.522945 0.572706 0.676308 -1.636097 0.674942 0.899223 0.010840 -1.000000 
0.204154 0.506774 0.577950 0.634687 -1.630795 0.650191 0.899308 0.010375 -1.000000 
0.208144 0.490608 0.582863 0.593465 -1.625697 0.624080 0.899389 0.009953 -1.000000 
0.212004 0.474455 0.587447 0.552648 -1.620814 0.596678 0.899467 0.009568 -1.000000 
0.215735 0.458321 0.591706 0.512238 -1.616154 0.568052 0.899542 0.009219 -1.000000 
0.219337 0.442210 0.595644 0.472232 -1.611728 0.538272 0.899615 0.008901 -1.000000 
0.222810 0.426125 0.599263 0.432626 -1.607544 0.507409 0.899685 0.008612 -1.000000 
0.226155 0.410066 0.602567 0.393411 -1.603612 0.475533 0.899753 0.008349 -1.000000 
0.229371 0.394032 0.605558 0.354575 -1.599938 0.442715 0.899819 0.008111 -1.000000 
0.232460 0.378022 0.608241 0.316104 -1.596531 0.409027 0.899883 0.007895 -1.000000 
0.235420 0.362032 0.610617 0.277981 -1.593396 0.374540 0.899945 0.007701 -1.000000 
0.238252 0.346057 0.612689 0.240186 -1.590540 0.339328 0.900006 0.007525 -1.000000 
0.240957 0.330089 0.614461 0.202696 -1.587969 0.303462 0.900065 0.007368 -1.000000 
0.243534 0.314122 0.615933 0.165488 -1.585686 0.267014 0.900124 0.007228 -1.000000 
0.245983 0.298147 0.617109 0.128536 -1.583698 0.230056 0.900181 0.007105 -1.000000 
0.248304 0.282154 0.617990 0.091813 -1.582007 0.192662 0.900238 0.006996 -1.000000 
0.250497 0.266132 0.618579 0.055289 -1.580616 0.154903 0.900293 0.006902 -1.000000 
0.252562 0.250069 0.618876 0.018935 -1.579529 0.116852 0.900348 0.006822 -1.000000 
0.254498 0.233952 0.618882 -0.017280 -1.578747 0.078581 0.900402 0.006755 -1.000000 
0.256305 0.217770 0.618599 -0.053387 -1.578272 0.040162 0.900456 0.006701 -1.000000 
0.257982 0.201507 0.618028 -0.089419 -1.578105 0.001668 0.900510 0.006659 -1.000000 
0.259529 0.185150 0.617169 -0.125405 -1.578245 -0.036830 0.900563 0.006630 -1.000000 
0.260944 0.168684 0.616022 -0.161380 -1.578694 -0.075258 0.900616 0.006614 -1.000000 
0.262227 0.152095 0.614587 -0.197372 -1.579449 -0.113544 0.900669 0.006609 -1.000000 
0.263377 0.135367 0.612864 -0.233414 -1.580510 -0.151617 0.900721 0.006616 -1.000000 
0.264393 0.118486 0.610852 -0.269535 -1.581874 -0.189404 0.900774 0.006635 -1.000000 
0.265273 0.101437 0.608551 -0.305763 -1.583539 -0.226831 0.900828 0.006666 -1.000000 
0.266015 0.084205 0.605959 -0.342126 -1.585502 -0.263828 0.900881 0.006710 -1.000000 
0.266619 0.066776 0.603076 -0.378650 -1.587759 -0.300321 0.900935 0.006767 -1.000000 
0.267083 0.049137 0.599900 -0.415359 -1.590306 -0.336237 0.900989 0.006836 -1.000000 
0.267405 0.031273 0.596430 -0.452274 -1.593137 -0.371504 0.901044 0.006919 -1.000000 
0.267583 0.013174 0.592663 -0.489415 -1.596248 -0.406051 0.901100 0.007016 -1.000000 
0.267615 -0.005174 0.588599 -0.526799 -1.599632 -0.439803 0.901157 0.007128 -1.000000 
0.267500 -0.023780 0.584234 -0.564442 -1.603283 -0.472689 0.901214 0.007256 -1.000000 
0.267234 -0.042655 0.579567 -0.602354 -1.607193 -0.504637 0.901273 0.007400 -1.000000 
0.266816 -0.061806 0.574596 -0.640544 -1.611354 -0.535576 0.901333 0.007562 -1.000000 
0.266244 -0.081241 0.569317 -0.679018 -1.615759 -0.565433 0.901394 0.007742 -1.000000 
0.265516 -0.100966 0.563730 -0.717777 -1.620398 -0.594139 0.901457 0.007943 -1.000000 
0.264628 -0.120985 0.557832 -0.756820 -1.625262 -0.621622 0.901521 0.008166 -1.000000 
0.263579 -0.141301 0.551621 -0.796141 -1.630341 -0.647815 0.901587 0.008413 -1.000000 
0.262367 -0.161915 0.545093 -0.835732 -1.635623 -0.672648 0.901656 0.008687 -1.000000 
0.260988 -0.182825 0.538248 -0.875578 -1.641099 -0.696054 0.901726 0.008989 -1.000000 
0.259441 -0.204030 0.531083 -0.915663 -1.646756 -0.717968 0.901800 0.009322 -1.000000 
0.257722 -0.225524 0.523597 -0.955965 -1.652582 -0.738326 0.901876 0.009691 -1.000000 
0.255831 -0.247300 0.515787 -0.996459 -1.658565 -0.757066 0.901955 0.010099 -1.000000 
0.253765 -0.269350 0.507653 -1.037114 -1.664691 -0.774126 0.902037 0.010550 -1.000000 
0.251521 -0.291663 0.499193 -1.077897 -1.670946 -0.789450 0.902124 0.011050 -1.000000 
0.249098 -0.314224 0.490407 -1.118767 -1.677317 -0.802982 0.902214 0.011605 -1.000000 
0.246493 -0.337020 0.481293 -1.159684 -1.683789 -0.814669 0.902310 0.012223 -1.000000 
0.243705 -0.360031 0.471852 -1.200599 -1.690347 -0.824463 0.902410 0.012911 -1.000000 
0.240732 -0.383238 0.462083 -1.241461 -1.696975 -0.832317 0.902516 0.013679 -1.000000 
0.237573 -0.406618 0.451989 -1.282215 -1.703659 -0.838190 0.902629 0.014540 -1.000000 
0.234226 -0.430147 0.441568 -1.322801 -1.710381 -0.842044 0.902749 0.015507 -1.000000 
0.230690 -0.453797 0.430824 -1.363157 -1.717126 -0.843845 0.902878 0.016598 -1.000000 
0.226965 -0.477538 0.419759 -1.403216 -1.723877 -0.843564 0.903015 0.017833 -1.000000 
0.223049 -0.501341 0.408374 -1.442907 -1.730618 -0.841178 0.903163 0.019235 -1.000000 
0.218943 -0.525171 0.396673 -1.482158 -1.737330 -0.836668 0.903324 0.020836 -1.000000 
0.214646 -0.548992 0.384661 -1.520893 -1.743998 -0.830020 0.903497 0.022672 -1.000000 
0.210159 -0.572767 0.372341 -1.559032 -1.750605 -0.821228 0.903687 0.024788 -1.000000 
0.205482 -0.596457 0.359718 -1.596495 -1.757132 -0.810290 0.903895 0.027241 -1.000000 
0.200616 -0.620021 0.346799 -1.633199 -1.763564 -0.797212 0.904124 0.030102 -1.000000 
0.195562 -0.643417 0.333589 -1.669060 -1.769882 -0.782004 0.904378 0.033461 -1.000000 
0.190322 -0.666601 0.320096 -1.703992 -1.776070 -0.764684 0.904661 0.037434 -1.000000 
0.184898 -0.689527 0.306328 -1.737910 -1.782112 -0.745278 0.904979 0.042170 -1.000000 
0.179291 -0.712152 0.292293 -1.770726 -1.787989 -0.723815 0.905338 0.047864 -1.000000 
0.173504 -0.734427 0.278000 -1.802354 -1.793687 -0.700335 0.905748 0.054777 -1.000000 
0.167541 -0.756305 0.263458 -1.832709 -1.799189 -0.674881 0.906219 0.063256 -1.000000 
0.161404 -0.777740 0.248680 -1.861705 -1.804480 -0.647506 0.906765 0.073780 -1.000000 
0.155098 -0.798685 0.233675 -1.889260 -1.809544 -0.618265 0.907407 0.087010 -1.000000 
0.148627 -0.819091 0.218456 -1.915291 -1.814368 -0.587224 0.908167 0.103883 -1.000000 
0.141994 -0.838912 0.203035 -1.939721 -1.818935 -0.554449 0.909082 0.125751 -1.000000 
0.135206 -0.858102 0.187425 -1.962471 -1.823234 -0.520014 0.910198 0.154615 -1.000000 
0.128267 -0.876618 0.171640 -1.983470 -1.827251 -0.483996 0.911582 0.193508 -1.000000 
0.121182 -0.894414 0.155694 -2.002646 -1.830974 -0.446473 0.913333 0.247169 -1.000000 
0.113958 -0.911450 0.139602 -2.019933 -1.834391 -0.407522 0.915596 0.323246 -1.000000 
0.106601 -0.927686 0.123380 -2.035268 -1.837491 -0.367215 0.918598 0.434552 -1.000000 
0.099117 -0.943086 0.107043 -2.048590 -1.840263 -0.325610 0.922701 0.603466 -1.000000 
0.091514 -0.957618 0.090608 -2.059840 -1.842697 -0.282738 0.928513 0.870917 -1.000000 
0.083798 -0.971257 0.074092 -2.068957 -1.844784 -0.238574 0.937102 1.315469 -1.000000 
0.075976 -0.983985 0.057511 -2.075877 -1.846511 -0.192975 0.950439 2.094693 -1.000000 
0.068056 -0.995807 0.040884 -2.080508 -1.847866 -0.145532 0.972340 3.529922 -1.000000 
0.060046 -1.006759 0.024229 -2.082701 -1.848832 -0.095184 1.010243 6.219267 -1.000000 
0.051950 -1.016947 0.007568 -2.082114 -1.849375 -0.039240 1.076889 10.727887 -1.000000 
0.043776 -1.026486 -0.009075 -2.077866 -1.849429 0.028132 1.181857 14.983202 -1.000000 
0.035529 -1.034923 -0.025663 -2.068188 -1.848877 0.112686 1.299051 13.066595 -1.000000 
0.027224 -1.040715 -0.042147 -2.051571 -1.847593 0.209604 1.380605 7.372778 -1.000000 
0.018888 -1.042689 -0.058469 -2.027720 -1.845514 0.310363 1.422862 3.617117 -1.000000 
0.010552 -1.040578 -0.074571 -1.996601 -1.842626 0.411462 1.443781 1.842345 -1.000000 
0.002250 -1.034404 -0.090396 -1.958264 -1.838934 0.511168 1.454819 1.017370 -1.000000 
-0.005988 -1.024273 -0.105885 -1.912955 -1.834455 0.608007 1.461139 0.607157 -1.000000 
-0.014129 -1.010350 -0.120985 -1.861082 -1.829217 0.700714 1.465029 0.386676 -1.000000 
-0.022144 -0.992849 -0.135646 -1.803175 -1.823258 0.788238 1.467570 0.259603 -1.000000 
-0.030005 -0.972029 -0.149822 -1.739844 -1.816622 0.869719 1.469313 0.181917 -1.000000 
-0.037688 -0.948182 -0.163471 -1.671763 -1.809360 0.944457 1.470554 0.132034 -1.000000 
-0.045169 -0.921629 -0.176559 -1.599644 -1.801530 1.011900 1.471469 0.098662 -1.000000 
-0.052428 -0.892711 -0.189057 -1.524224 -1.793190 1.071631 1.472160 0.075552 -1.000000 
-0.059447 -0.861783 -0.200940 -1.446245 -1.784405 1.123354 1.472695 0.059074 -1.000000 
-0.066212 -0.829203 -0.212192 -1.366444 -1.775239 1.166887 1.473117 0.047026 -1.000000 
-0.072711 -0.795332 -0.222800 -1.285538 -1.765757 1.202157 1.473456 0.038024 -1.000000 
-0.078935 -0.760523 -0.232759 -1.204213 -1.756026 1.229186 1.473731 0.031169 -1.000000 
-0.084878 -0.725117 -0.242068 -1.123117 -1.746112 1.248084 1.473958 0.025862 -1.000000 
-0.090536 -0.689439 -0.250731 -1.042850 -1.736078 1.259038 1.474148 0.021694 -1.000000 
-0.095909 -0.653793 -0.258757 -0.963958 -1.725988 1.262302 1.474308 0.018376 -1.000000 
-0.100997 -0.618458 -0.266159 -0.886927 -1.715901 1.258187 1.474444 0.015705 -1.000000 
-0.105806 -0.583688 -0.272954 -0.812186 -1.705875 1.247047 1.474560 0.013533 -1.000000 
-0.110338 -0.549707 -0.279162 -0.740096 -1.695966 1.229275 1.474661 0.011749 -1.000000 
-0.114603 -0.516713 -0.284804 -0.670961 -1.686223 1.205286 1.474749 0.010272 -1.000000 
-0.118609 -0.484869 -0.289905 -0.605018 -1.676697 1.175513 1.474826 0.009039 -1.000000 
-0.122365 -0.454314 -0.294493 -0.542447 -1.667430 1.140398 1.474894 0.008004 -1.000000 
-0.125882 -0.425152 -0.298594 -0.483368 -1.658463 1.100382 1.474955 0.007130 -1.000000 
-0.129171 -0.397464 -0.302236 -0.427850 -1.649835 1.055901 1.475009 0.006387 -1.000000 
-0.132245 -0.371300 -0.305449 -0.375908 -1.641580 1.007379 1.475057 0.005753 -1.000000 
-0.135116 -0.346686 -0.308260 -0.327514 -1.633727 0.955225 1.475101 0.005210 -1.000000 
-0.137796 -0.323625 -0.310699 -0.282596 -1.626305 0.899830 1.475141 0.004744 -1.000000 
-0.140298 -0.302096 -0.312791 -0.241044 -1.619337 0.841561 1.475177 0.004342 -1.000000 
-0.142634 -0.282057 -0.314564 -0.202714 -1.612846 0.780761 1.475210 0.003996 -1.000000 
-0.144815 -0.263451 -0.316042 -0.167434 -1.606851 0.717751 1.475241 0.003697 -1.000000 
-0.146853 -0.246200 -0.317250 -0.135005 -1.601368 0.652825 1.475270 0.003440 -1.000000 
-0.148758 -0.230214 -0.318210 -0.105205 -1.596410 0.586252 1.475296 0.003220 -1.000000 
-0.150539 -0.215386 -0.318940 -0.077796 -1.591991 0.518280 1.475321 0.003031 -1.000000 
-0.152206 -0.201600 -0.319460 -0.052521 -1.588121 0.449133 1.475345 0.002871 -1.000000 
-0.153767 -0.188727 -0.319785 -0.029113 -1.584808 0.379014 1.475367 0.002738 -1.000000 
-0.155228 -0.176631 -0.319930 -0.007293 -1.582059 0.308109 1.475389 0.002627 -1.000000 
-0.156595 -0.165164 -0.319906 0.013225 -1.579880 0.236587 1.475409 0.002539 -1.000000 
-0.157872 -0.154175 -0.319721 0.032734 -1.578275 0.164607 1.475429 0.002471 -1.000000 
-0.159063 -0.143505 -0.319384 0.051529 -1.577247 0.092314 1.475449 0.002422 -1.000000 
-0.160169 -0.132987 -0.318898 0.069908 -1.576798 0.019849 1.475468 0.002390 -1.000000 
-0.161190 -0.122455 -0.318265 0.088170 -1.576929 -0.052653 1.475487 0.002376 -1.000000 
-0.162127 -0.111736 -0.317487 0.106613 -1.577640 -0.125058 1.475506 0.002379 -1.000000 
-0.162977 -0.100655 -0.316558 0.125530 -1.578930 -0.197226 1.475525 0.002397 -1.000000 
-0.163736 -0.089036 -0.315476 0.145212 -1.580795 -0.269017 1.475545 0.002431 -1.000000 
-0.164400 -0.076703 -0.314232 0.165944 -1.583232 -0.340278 1.475564 0.002481 -1.000000 
-0.164961 -0.063479 -0.312817 0.188000 -1.586237 -0.410846 1.475584 0.002545 -1.000000 
-0.165413 -0.049190 -0.311220 0.211649 -1.589804 -0.480543 1.475605 0.002625 -1.000000 
-0.165745 -0.033665 -0.309426 0.237144 -1.593923 -0.549175 1.475627 0.002720 -1.000000 
-0.165948 -0.016738 -0.307420 0.264726 -1.598587 -0.616528 1.475649 0.002830 -1.000000 
-0.166009 0.001753 -0.305184 0.294619 -1.603784 -0.682365 1.475672 0.002956 -1.000000 
-0.165915 0.021958 -0.302699 0.327026 -1.609500 -0.746428 1.475696 0.003098 -1.000000 
-0.165652 0.044020 -0.299945 0.362129 -1.615721 -0.808431 1.475721 0.003256 -1.000000 
-0.165205 0.068068 -0.296898 0.400085 -1.622429 -0.868067 1.475748 0.003432 -1.000000 
-0.164558 0.094217 -0.293535 0.441019 -1.629603 -0.924999 1.475776 0.003626 -1.000000 
-0.163692 0.122563 -0.289833 0.485026 -1.637221 -0.978869 1.475806 0.003840 -1.000000 
-0.162591 0.153184 -0.285767 0.532163 -1.645256 -1.029292 1.475838 0.004076 -1.000000 
-0.161235 0.186132 -0.281310 0.582447 -1.653679 -1.075863 1.475872 0.004335 -1.000000 
-0.159606 0.221436 -0.276439 0.635850 -1.662458 -1.118158 1.475907 0.004620 -1.000000 
-0.157686 0.259094 -0.271129 0.692298 -1.671557 -1.155738 1.475946 0.004934 -1.000000 
-0.155454 0.299074 -0.265355 0.751664 -1.680936 -1.188154 1.475986 0.005283 -1.000000 
-0.152894 0.341307 -0.259095 0.813770 -1.690552 -1.214955 1.476030 0.005671 -1.000000 
-0.149988 0.385690 -0.252328 0.878380 -1.700359 -1.235689 1.476077 0.006105 -1.000000 
-0.146718 0.432081 -0.245035 0.945200 -1.710306 -1.249919 1.476128 0.006595 -1.000000 
-0.143070 0.480297 -0.237199 1.013878 -1.720339 -1.257225 1.476183 0.007151 -1.000000 
-0.139029 0.530115 -0.228809 1.084004 -1.730402 -1.257217 1.476243 0.007790 -1.000000 
-0.134584 0.581269 -0.219853 1.155111 -1.740434 -1.249543 1.476308 0.008532 -1.000000 
-0.129726 0.633455 -0.210326 1.226680 -1.750374 -1.233901 1.476380 0.009405 -1.000000 
-0.124447 0.686330 -0.200226 1.298138 -1.760155 -1.210049 1.476459 0.010449 -1.000000 
-0.118744 0.739513 -0.189557 1.368874 -1.769712 -1.177813 1.476547 0.011718 -1.000000 
-0.112615 0.792594 -0.178328 1.438236 -1.778977 -1.137100 1.476647 0.013293 -1.000000 
-0.106064 0.845133 -0.166551 1.505545 -1.787883 -1.087906 1.476761 0.015297 -1.000000 
-0.099096 0.896668 -0.154246 1.570105 -1.796361 -1.030319 1.476893 0.017920 -1.000000 
-0.091721 0.946724 -0.141439 1.631213 -1.804346 -0.964530 1.477050 0.021471 -1.000000 
-0.083953 0.994818 -0.128158 1.688171 -1.811773 -0.890836 1.477241 0.026481 -1.000000 
-0.075810 1.040468 -0.114441 1.740298 -1.818580 -0.809635 1.477480 0.033917 -1.000000 
-0.067314 1.083203 -0.100328 1.786947 -1.824708 -0.721428 1.477795 0.045678 -1.000000 
-0.058488 1.122571 -0.085866 1.827512 -1.830105 -0.626811 1.478233 0.065877 -1.000000 
-0.049363 1.158150 -0.071105 1.861443 -1.834722 -0.526453 1.478897 0.104624 -1.000000 
-0.039969 1.189561 -0.056102 1.888255 -1.838515 -0.421061 1.480030 0.191612 -1.000000 
-0.030342 1.216486 -0.040913 1.907527 -1.841447 -0.311268 1.482365 0.440540 -1.000000 
-0.020518 1.238725 -0.025602 1.918864 -1.843484 -0.197153 1.489057 1.536631 -1.000000 
-0.010534 1.256766 -0.010235 1.921480 -1.844579 -0.072648 1.529948 14.654269 -1.000000 
-0.006753 -1.187942 -0.004474 -2.017095 -1.844699 -0.015725 1.624415 -68.857797 -1.000000 
-0.006753 -1.187942 -0.004474 -2.017095 -1.844699 -0.015725 1.624415 -68.857797 -1.000000 
-0.006753 -1.187942 -0.004474 -2.017095 -1.844699 -0.015725 1.624415 -68.857797 -1.000000 
-0.006753 -1.187942 -0.004474 -2.017095 -1.844699 -0.015725 1.624415 -68.857797 -1.000000 
-0.006753 -1.187942 -0.004474 -2.017095 -1.844699 -0.015725 1.624415 -68.857797 -1.000000 
-0.006753 -1.187942 -0.004474 -2.017095 -1.844699 -0.015725 1.624415 -68.857797 -1.000000 
-0.006753 -1.187942 -0.004474 -2.017095 -1.844699 -0.015725 1.624415 -68.857797 -1.000000 
-0.006753 -1.187942 -0.004474 -2.017095 -1.844699 -0.015725 1.624415 -68.857797 -1.000000 
-0.006753 -1.187942 -0.004474 -2.017095 -1.844699 -0.015725 1.624415 -68.857797 -1.000000 
-0.006753 -1.187942 -0.004474 -2.017095 -1.844699 -0.015725 1.624415 -68.857797 -1.000000 
-0.006753 -1.187942 -0.004474 -2.017095 -1.844699 -0.015725 1.624415 -68.857797 -1.000000 
-0.006753 -1.187942 -0.004474 -2.017095 -1.844699 -0.015725 1.624415 -68.857797 -1.000000 
-0.006753 -1.187942 -0.004474 -2.017095 -1.844699 -0.015725 1.624415 -68.857797 -1.000000 
-0.006753 -1.187942 -0.004474 -2.017095 -1.844699 -0.015725 1.624415 -68.857797 -1.000000 
-0.006753 -1.187942 -0.004474 -2.017095 -1.844699 -0.015725 1.624415 -68.857797 -1.000000 
-0.006753 -1.187942 -0.004474 -2.017095 -1.844699 -0.015725 1.624415 -68.857797 -1.000000 
-0.006753 -1.187942 -0.004474 -2.017095 -1.844699 -0.015725 1.624415 -68.857797 -1.000000 
-0.006753 -1.187942 -0.004474 -2.017095 -1.844699 -0.015725 1.624415 -68.857797 -1.000000 
-0.006753 -1.187942 -0.004474 -2.017095 -1.844699 -0.015725 1.624415 -68.857797 -1.000000 
-0.006753 -1.187942 -0.004474 -2.017095 -1.844699 -0.015725 1.624415 -68.857797 -1.000000 
-0.006753 -1.187942 -0.004474 -2.017095 -1.844699 -0.015725 1.624415 -68.857797 -1.000000 
-0.006753 -1.187942 -0.004474 -2.017095 -1.844699 -0.015725 1.624415 -68.857797 -1.000000 
-0.006753 -1.187942 -0.004474 -2.017095 -1.844699 -0.015725 1.624415 -68.857797 -1.000000 
-0.006753 -1.187942 -0.004474 -2.017095 -1.844699 -0.015725 1.624415 -68.857797 -1.000000 
-0.006753 -1.187942 -0.004474 -2.017095 -1.844699 -0.015725 1.624415 -68.857797 -1.000000 
-0.006753 -1.187942 -0.004474 -2.017095 -1.844699 -0.015725 1.624415 -68.857797 -1.000000 
-0.006753 -1.187942 -0.004474 -2.017095 -1.844699 -0.015725 1.624415 -68.857797 -1.000000 
-0.006753 -1.187942 -0.004474 -2.017095 -1.844699 -0.015725 1.624415 -68.857797 -1.000000 
-0.006753 -1.187942 -0.004474 -2.017095 -1.844699 -0.015725 1.624415 -68.857797 -1.000000 
-0.006753 -1.187942 -0.004474 -2.017095 -1.844699 -0.015725 1.624415 -68.857797 -1.000000 
-0.006753 -1.187942 -0.004474 -2.017095 -1.844699 -0.015725 1.624415 -68.857797 -1.000000 
-0.006753 -1.187942 -0.004474 -2.017095 -1.844699 -0.015725 1.624415 -68.857797 -1.000000 
-0.006753 -1.187942 -0.004474 -2.017095 -1.844699 -0.015725 1.624415 -68.857797 -1.000000 
-0.006753 -1.187942 -0.004474 -2.017095 -1.844699 -0.015725 1.624415 -68.857797 -1.000000 
-0.006753 -1.187942 -0.004474 -2.017095 -1.844699 -0.015725 1.624415 -68.857797 -1.000000 
-0.006753 -1.187942 -0.004474 -2.017095 -1.844699 -0.015725 1.624415 -68.857797 -1.000000 
-0.006753 -1.187942 -0.004474 -2.017095 -1.844699 -0.015725 1.624415 -68.857797 -1.000000 
-0.006753 -1.187942 -0.004474 -2.017095 -1.844699 -0.015725 1.624415 -68.857797 -1.000000 
-0.006753 -1.187942 -0.004474 -2.017095 -1.844699 -0.015725 1.624415 -68.857797 -1.000000 
-0.006753 -1.187942 -0.004474 -2.017095 -1.844699 -0.015725 1.624415 -68.857797 -1.000000 
-0.006753 -1.187942 -0.004474 -2.017095 -1.844699 -0.015725 1.624415 -68.857797 -1.000000 
-0.006753 -1.187942 -0.004474 -2.017095 -1.844699 -0.015725 1.624415 -68.857797 -1.000000 
-0.006753 -1.187942 -0.004474 -2.017095 -1.844699 -0.015725 1.624415 -68.857797 -1.000000 
-0.006753 -1.187942 -0.004474 -2.017095 -1.844699 -0.015725 1.624415 -68.857797 -1.000000 
-0.006753 -1.187942 -0.004474 -2.017095 -1.844699 -0.015725 1.624415 -68.857797 -1.000000 
-0.006753 -1.187942 -0.004474 -2.017095 -1.844699 -0.015725 1.624415 -68.857797 -1.000000 
-0.006753 -1.187942 -0.004474 -2.017095 -1.844699 -0.015725 1.624415 -68.857797 -1.000000 
-0.006753 -1.187942 -0.004474 -2.017095 -1.844699 -0.015725 1.624415 -68.857797 -1.000000 
-0.006753 -1.187942 -0.004474 -2.017095 -1.844699 -0.015725 1.624415 -68.857797 -1.000000 
-0.006753 -1.187942 -0.004474 -2.017095 -1.844699 -0.015725 1.624415 -68.857797 -1.000000 
-0.006753 -1.187942 -0.004474 -2.017095 -1.844699 -0.015725 1.624415 -68.857797 -1.000000 
-0.006753 -1.187942 -0.004474 -2.017095 -1.844699 -0.015725 1.624415 -68.857797 -1.000000 
-0.006753 -1.187942 -0.004474 -2.017095 -1.844699 -0.015725 1.624415 -68.857797 -1.000000 
-0.006753 -1.187942 -0.004474 -2.017095 -1.844699 -0.015725 1.624415 -68.857797 -1.000000 
-0.006753 -1.187942 -0.004474 -2.017095 -1.844699 -0.015725 1.624415 -68.857797 -1.000000 
-0.006753 -1.187942 -0.004474 -2.017095 -1.844699 -0.015725 1.624415 -68.857797 -1.000000 
-0.006753 -1.187942 -0.004474 -2.017095 -1.844699 -0.015725 1.624415 -68.857797 -1.000000 
-0.006753 -1.187942 -0.004474 -2.017095 -1.844699 -0.015725 1.624415 -68.857797 -1.000000 
-0.006753 -1.187942 -0.004474 -2.017095 -1.844699 -0.015725 1.624415 -68.857797 -1.000000 
-0.006753 -1.187942 -0.004474 -2.017095 -1.844699 -0.015725 1.624415 -68.857797 -1.000000 
-0.006753 -1.187942 -0.004474 -2.017095 -1.844699 -0.015725 1.624415 -68.857797 -1.000000 
-0.006753 -1.187942 -0.004474 -2.017095 -1.844699 -0.015725 1.624415 -68.857797 -1.000000 
-0.006753 -1.187942 -0.004474 -2.017095 -1.844699 -0.015725 1.624415 -68.857797 -1.000000 
-0.006753 -1.187942 -0.004474 -2.017095 -1.844699 -0.015725 1.624415 -68.857797 -1.000000 
-0.006753 -1.187942 -0.004474 -2.017095 -1.844699 -0.015725 1.624415 -68.857797 -1.000000 
-0.006753 -1.187942 -0.004474 -2.017095 -1.844699 -0.015725 1.624415 -68.857797 -1.000000 
-0.006753 -1.187942 -0.004474 -2.017095 -1.844699 -0.015725 1.624415 -68.857797 -1.000000 
-0.006753 -1.187942 -0.004474 -2.017095 -1.844699 -0.015725 1.624415 -68.857797 -1.000000 
-0.006753 -1.187942 -0.004474 -2.017095 -1.844699 -0.015725 1.624415 -68.857797 -1.000000 
-0.006753 -1.187942 -0.004474 -2.017095 -1.844699 -0.015725 1.624415 -68.857797 -1.000000 
-0.006753 -1.187942 -0.004474 -2.017095 -1.844699 -0.015725 1.624415 -68.857797 -1.000000 
-0.006753 -1.187942 -0.004474 -2.017095 -1.844699 -0.015725 1.624415 -68.857797 -1.000000 
-0.006753 -1.187942 -0.004474 -2.017095 -1.844699 -0.015725 1.624415 -68.857797 -1.000000 
-0.006753 -1.187942 -0.004474 -2.017095 -1.844699 -0.015725 1.624415 -68.857797 -1.000000 
-0.006753 -1.187942 -0.004474 -2.017095 -1.844699 -0.015725 1.624415 -68.857797 -1.000000 
-0.006753 -1.187942 -0.004474 -2.017095 -1.844699 -0.015725 1.624415 -68.857797 -1.000000 
-0.006753 -1.187942 -0.004474 -2.017095 -1.844699 -0.015725 1.624415 -68.857797 -1.000000 
-0.006753 -1.187942 -0.004474 -2.017095 -1.844699 -0.015725 1.624415 -68.857797 -1.000000 
-0.006753 -1.187942 -0.004474 -2.017095 -1.844699 -0.015725 1.624415 -68.857797 -1.000000 
-0.006753 -1.187942 -0.004474 -2.017095 -1.844699 -0.015725 1.624415 -68.857797 -1.000000 
-0.006753 -1.187942 -0.004474 -2.017095 -1.844699 -0.015725 1.624415 -68.857797 -1.000000 
-0.006753 -1.187942 -0.004474 -2.017095 -1.844699 -0.015725 1.624415 -68.857797 -1.000000 
-0.006753 -1.187942 -0.004474 -2.017095 -1.844699 -0.015725 1.624415 -68.857797 -1.000000 
-0.006753 -1.187942 -0.004474 -2.017095 -1.844699 -0.015725 1.624415 -68.857797 -1.000000 
-0.006753 -1.187942 -0.004474 -2.017095 -1.844699 -0.015725 1.624415 -68.857797 -1.000000 
-0.006753 -1.187942 -0.004474 -2.017095 -1.844699 -0.015725 1.624415 -68.857797 -1.000000 
-0.006753 -1.187942 -0.004474 -2.017095 -1.844699 -0.015725 1.624415 -68.857797 -1.000000 
-0.006753 -1.187942 -0.004474 -2.017095 -1.844699 -0.015725 1.624415 -68.857797 -1.000000 
-0.006753 -1.187942 -0.004474 -2.017095 -1.844699 -0.015725 1.624415 -68.857797 -1.000000 
-0.006753 -1.187942 -0.004474 -2.017095 -1.844699 -0.015725 1.624415 -68.857797 -1.000000 
-0.006753 -1.187942 -0.004474 -2.017095 -1.844699 -0.015725 1.624415 -68.857797 -1.000000 
-0.006753 -1.187942 -0.004474 -2.017095 -1.844699 -0.015725 1.624415 -68.857797 -1.000000 
-0.006753 -1.187942 -0.004474 -2.017095 -1.844699 -0.015725 1.624415 -68.857797 -1.000000 
-0.006753 -1.187942 -0.004474 -2.017095 -1.844699 -0.015725 1.624415 -68.857797 -1.000000 
-0.006753 -1.187942 -0.004474 -2.017095 -1.844699 -0.015725 1.624415 -68.857797 -1.000000 
-0.006753 -1.187942 -0.004474 -2.017095 -1.844699 -0.015725 1.624415 -68.857797 -1.000000 
-0.006753 -1.187942 -0.004474 -2.017095 -1.844699 -0.015725 1.624415 -68.857797 -1.000000 
-0.006753 -1.187942 -0.004474 -2.017095 -1.844699 -0.015725 1.624415 -68.857797 -1.000000 
-0.006753 -1.187942 -0.004474 -2.017095 -1.844699 -0.015725 1.624415 -68.857797 -1.000000 
-0.006753 -1.187942 -0.004474 -2.017095 -1.844699 -0.015725 1.624415 -68.857797 -1.000000 
-0.006753 -1.187942 -0.004474 -2.017095 -1.844699 -0.015725 1.624415 -68.857797 -1.000000 
-0.006753 -1.187942 -0.004474 -2.017095 -1.844699 -0.015725 1.624415 -68.857797 -1.000000 
-0.006753 -1.187942 -0.004474 -2.017095 -1.844699 -0.015725 1.624415 -68.857797 -1.000000 
-0.006753 -1.187942 -0.004474 -2.017095 -1.844699 -0.015725 1.624415 -68.857797 -1.000000 
-0.006753 -1.187942 -0.004474 -2.017095 -1.844699 -0.015725 1.624415 -68.857797 -1.000000 
-0.006753 -1.187942 -0.004474 -2.017095 -1.844699 -0.015725 1.624415 -68.857797 -1.000000 
-0.006753 -1.187942 -0.004474 -2.017095 -1.844699 -0.015725 1.624415 -68.857797 -1.000000 
-0.006753 -1.187942 -0.004474 -2.017095 -1.844699 -0.015725 1.624415 -68.857797 -1.000000 
-0.006753 -1.187942 -0.004474 -2.017095 -1.844699 -0.015725 1.624415 -68.857797 -1.000000 
-0.006753 -1.187942 -0.004474 -2.017095 -1.844699 -0.015725 1.624415 -68.857797 -1.000000 
-0.006753 -1.187942 -0.004474 -2.017095 -1.844699 -0.015725 1.624415 -68.857797 -1.000000 
-0.006753 -1.187942 -0.004474 -2.017095 -1.844699 -0.015725 1.624415 -68.857797 -1.000000 
-0.006753 -1.187942 -0.004474 -2.017095 -1.844699 -0.015725 1.624415 -68.857797 -1.000000 
-0.006753 -1.187942 -0.004474 -2.017095 -1.844699 -0.015725 1.624415 -68.857797 -1.000000 
-0.006753 -1.187942 -0.004474 -2.017095 -1.844699 -0.015725 1.624415 -68.857797 -1.000000 
-0.006753 -1.187942 -0.004474 -2.017095 -1.844699 -0.015725 1.624415 -68.857797 -1.000000 
-0.006753 -1.187942 -0.004474 -2.017095 -1.844699 -0.015725 1.624415 -68.857797 -1.000000 
-0.006753 -1.187942 -0.004474 -2.017095 -1.844699 -0.015725 1.624415 -68.857797 -1.000000 
-0.006753 -1.187942 -0.004474 -2.017095 -1.844699 -0.015725 1.624415 -68.857797 -1.000000 
-0.006753 -1.187942 -0.004474 -2.017095 -1.844699 -0.015725 1.624415 -68.857797 -1.000000 
-0.006753 -1.187942 -0.004474 -2.017095 -1.844699 -0.015725 1.624415 -68.857797 -1.000000 
-0.006753 -1.187942 -0.004474 -2.017095 -1.844699 -0.015725 1.624415 -68.857797 -1.000000 
-0.006753 -1.187942 -0.004474 -2.017095 -1.844699 -0.015725 1.624415 -68.857797 -1.000000 
-0.006753 -1.187942 -0.004474 -2.017095 -1.844699 -0.015725 1.624415 -68.857797 -1.000000 
-0.006753 -1.187942 -0.004474 -2.017095 -1.844699 -0.015725 1.624415 -68.857797 -1.000000 
-0.006753 -1.187942 -0.004474 -2.017095 -1.844699 -0.015725 1.624415 -68.857797 -1.000000 
-0.006753 -1.187942 -0.004474 -2.017095 -1.844699 -0.015725 1.624415 -68.857797 -1.000000 
-0.006753 -1.187942 -0.004474 -2.017095 -1.844699 -0.015725 1.624415 -68.857797 -1.000000 
-0.006753 -1.187942 -0.004474 -2.017095 -1.844699 -0.015725 1.624415 -68.857797 -1.000000 
-0.006753 -1.187942 -0.004474 -2.017095 -1.844699 -0.015725 1.624415 -68.857797 -1.000000 
-0.006753 -1.187942 -0.004474 -2.017095 -1.844699 -0.015725 1.624415 -68.857797 -1.000000 
-0.006753 -1.187942 -0.004474 -2.017095 -1.844699 -0.015725 1.624415 -68.857797 -1.000000 
-0.006753 -1.187942 -0.004474 -2.017095 -1.844699 -0.015725 1.624415 -68.857797 -1.000000 
-0.006753 -1.187942 -0.004474 -2.017095 -1.844699 -0.015725 1.624415 -68.857797 -1.000000 
-0.006753 -1.187942 -0.004474 -2.017095 -1.844699 -0.015725 1.624415 -68.857797 -1.000000 
-0.006753 -1.187942 -0.004474 -2.017095 -1.844699 -0.015725 1.624415 -68.857797 -1.000000 
-0.006753 -1.187942 -0.004474 -2.017095 -1.844699 -0.015725 1.624415 -68.857797 -1.000000 
-0.006753 -1.187942 -0.004474 -2.017095 -1.844699 -0.015725 1.624415 -68.857797 -1.000000 
-0.006753 -1.187942 -0.004474 -2.017095 -1.844699 -0.015725 1.624415 -68.857797 -1.000000 
-0.006753 -1.187942 -0.004474 -2.017095 -1.844699 -0.015725 1.624415 -68.857797 -1.000000 
-0.006753 -1.187942 -0.004474 -2.017095 -1.844699 -0.015725 1.624415 -68.857797 -1.000000 
-0.006753 -1.187942 -0.004474 -2.017095 -1.844699 -0.015725 1.624415 -68.857797 -1.000000 
-0.006753 -1.187942 -0.004474 -2.017095 -1.844699 -0.015725 1.624415 -68.857797 -1.000000 
-0.006753 -1.187942 -0.004474 -2.017095 -1.844699 -0.015725 1.624415 -68.857797 -1.000000 
-0.006753 -1.187942 -0.004474 -2.017095 -1.844699 -0.015725 1.624415 -68.857797 -1.000000 
-0.006753 -1.187942 -0.004474 -2.017095 -1.844699 -0.015725 1.624415 -68.857797 -1.000000 
-0.006753 -1.187942 -0.004474 -2.017095 -1.844699 -0.015725 1.624415 -68.857797 -1.000000 
-0.006753 -1.187942 -0.004474 -2.017095 -1.844699 -0.015725 1.624415 -68.857797 -1.000000 
-0.006753 -1.187942 -0.004474 -2.017095 -1.844699 -0.015725 1.624415 -68.857797 -1.000000 
-0.006753 -1.187942 -0.004474 -2.017095 -1.844699 -0.015725 1.624415 -68.857797 -1.000000 
-0.006753 -1.187942 -0.004474 -2.017095 -1.844699 -0.015725 1.624415 -68.857797 -1.000000 
-0.006753 -1.187942 -0.004474 -2.017095 -1.844699 -0.015725 1.624415 -68.857797 -1.000000 
-0.006753 -1.187942 -0.004474 -2.017095 -1.844699 -0.015725 1.624415 -68.857797 -1.000000 
-0.006753 -1.187942 -0.004474 -2.017095 -1.844699 -0.015725 1.624415 -68.857797 -1.000000 
-0.006753 -1.187942 -0.004474 -2.017095 -1.844699 -0.015725 1.624415 -68.857797 -1.000000 
-0.006753 -1.187942 -0.004474 -2.017095 -1.844699 -0.015725 1.624415 -68.857797 -1.000000 
-0.006753 -1.187942 -0.004474 -2.017095 -1.844699 -0.015725 1.624415 -68.857797 -1.000000 
-0.006753 -1.187942 -0.004474 -2.017095 -1.844699 -0.015725 1.624415 -68.857797 -1.000000 
-0.006753 -1.187942 -0.004474 -2.017095 -1.844699 -0.015725 1.624415 -68.857797 -1.000000 
-0.006753 -1.187942 -0.004474 -2.017095 -1.844699 -0.015725 1.624415 -68.857797 -1.000000 
-0.006753 -1.187942 -0.004474 -2.017095 -1.844699 -0.015725 1.624415 -68.857797 -1.000000 
-0.006753 -1.187942 -0.004474 -2.017095 -1.844699 -0.015725 1.624415 -68.857797 -1.000000 
-0.006753 -1.187942 -0.004474 -2.017095 -1.844699 -0.015725 1.624415 -68.857797 -1.000000 
-0.006753 -1.187942 -0.004474 -2.017095 -1.844699 -0.015725 1.624415 -68.857797 -1.000000 
-0.006753 -1.187942 -0.004474 -2.017095 -1.844699 -0.015725 1.624415 -68.857797 -1.000000 
-0.006753 -1.187942 -0.004474 -2.017095 -1.844699 -0.015725 1.624415 -68.857797 -1.000000 
-0.006753 -1.187942 -0.004474 -2.017095 -1.844699 -0.015725 1.624415 -68.857797 -1.000000 
-0.006753 -1.187942 -0.004474 -2.017095 -1.844699 -0.015725 1.624415 -68.857797 -1.000000 
-0.006753 -1.187942 -0.004474 -2.017095 -1.844699 -0.015725 1.624415 -68.857797 -1.000000 
-0.006753 -1.187942 -0.004474 -2.017095 -1.844699 -0.015725 1.624415 -68.857797 -1.000000 
-0.006753 -1.187942 -0.004474 -2.017095 -1.844699 -0.015725 1.624415 -68.857797 -1.000000 
-0.006753 -1.187942 -0.004474 -2.017095 -1.844699 -0.015725 1.624415 -68.857797 -1.000000 
-0.006753 -1.187942 -0.004474 -2.017095 -1.844699 -0.015725 1.624415 -68.857797 -1.000000 
-0.006753 -1.187942 -0.004474 -2.017095 -1.844699 -0.015725 1.624415 -68.857797 -1.000000 
-0.006753 -1.187942 -0.004474 -2.017095 -1.844699 -0.015725 1.624415 -68.857797 -1.000000 
-0.006753 -1.187942 -0.004474 -2.017095 -1.844699 -0.015725 1.624415 -68.857797 -1.000000 
-0.006753 -1.187942 -0.004474 -2.017095 -1.844699 -0.015725 1.624415 -68.857797 -1.000000 
-0.006753 -1.187942 -0.004474 -2.017095 -1.844699 -0.015725 1.624415 -68.857797 -1.000000 
-0.006753 -1.187942 -0.004474 -2.017095 -1.844699 -0.015725 1.624415 -68.857797 -1.000000 
-0.006753 -1.187942 -0.004474 -2.017095 -1.844699 -0.015725 1.624415 -68.857797 -1.000000 
-0.006753 -1.187942 -0.004474 -2.017095 -1.844699 -0.015725 1.624415 -68.857797 -1.000000 
-0.006753 -1.187942 -0.004474 -2.017095 -1.844699 -0.015725 1.624415 -68.857797 -1.000000 
-0.006753 -1.187942 -0.004474 -2.017095 -1.844699 -0.015725 1.624415 -68.857797 -1.000000 
-0.006753 -1.187942 -0.004474 -2.017095 -1.844699 -0.015725 1.624415 -68.857797 -1.000000 
-0.006753 -1.187942 -0.004474 -2.017095 -1.844699 -0.015725 1.624415 -68.857797 -1.000000 
-0.006753 -1.187942 -0.004474 -2.017095 -1.844699 -0.015725 1.624415 -68.857797 -1.000000 
-0.006753 -1.187942 -0.004474 -2.017095 -1.844699 -0.015725 1.624415 -68.857797 -1.000000 
-0.006753 -1.187942 -0.004474 -2.017095 -1.844699 -0.015725 1.624415 -68.857797 -1.000000 
-0.006753 -1.187942 -0.004474 -2.017095 -1.844699 -0.015725 1.624415 -68.857797 -1.000000 
-0.006753 -1.187942 -0.004474 -2.017095 -1.844699 -0.015725 1.624415 -68.857797 -1.000000 
-0.006753 -1.187942 -0.004474 -2.017095 -1.844699 -0.015725 1.624415 -68.857797 -1.000000 
-0.006753 -1.187942 -0.004474 -2.017095 -1.844699 -0.015725 1.624415 -68.857797 -1.000000 
-0.006753 -1.187942 -0.004474 -2.017095 -1.844699 -0.015725 1.624415 -68.857797 -1.000000 
-0.006753 -1.187942 -0.004474 -2.017095 -1.844699 -0.015725 1.624415 -68.857797 -1.000000 
-0.006753 -1.187942 -0.004474 -2.017095 -1.844699 -0.015725 1.624415 -68.857797 -1.000000 
-0.006753 -1.187942 -0.004474 -2.017095 -1.844699 -0.015725 1.624415 -68.857797 -1.000000 
-0.006753 -1.187942 -0.004474 -2.017095 -1.844699 -0.015725 1.624415 -68.857797 -1.000000 
-0.006753 -1.187942 -0.004474 -2.017095 -1.844699 -0.015725 1.624415 -68.857797 -1.000000 
-0.006753 -1.187942 -0.004474 -2.017095 -1.844699 -0.015725 1.624415 -68.857797 -1.000000 
-0.006753 -1.187942 -0.004474 -2.017095 -1.844699 -0.015725 1.624415 -68.857797 -1.000000 
-0.006753 -1.187942 -0.004474 -2.017095 -1.844699 -0.015725 1.624415 -68.857797 -1.000000 
-0.006753 -1.187942 -0.004474 -2.017095 -1.844699 -0.015725 1.624415 -68.857797 -1.000000 
-0.006753 -1.187942 -0.004474 -2.017095 -1.844699 -0.015725 1.624415 -68.857797 -1.000000 
-0.006753 -1.187942 -0.004474 -2.017095 -1.844699 -0.015725 1.624415 -68.857797 -1.000000 
-0.006753 -1.187942 -0.004474 -2.017095 -1.844699 -0.015725 1.624415 -68.857797 -1.000000 
-0.006753 -1.187942 -0.004474 -2.017095 -1.844699 -0.015725 1.624415 -68.857797 -1.000000 
-0.006753 -1.187942 -0.004474 -2.017095 -1.844699 -0.015725 1.624415 -68.857797 -1.000000 
-0.006753 -1.187942 -0.004474 -2.017095 -1.844699 -0.015725 1.624415 -68.857797 -1.000000 
-0.006753 -1.187942 -0.004474 -2.017095 -1.844699 -0.015725 1.624415 -68.857797 -1.000000 
-0.006753 -1.187942 -0.004474 -2.017095 -1.844699 -0.015725 1.624415 -68.857797 -1.000000 
-0.006753 -1.187942 -0.004474 -2.017095 -1.844699 -0.015725 1.624415 -68.857797 -1.000000 
-0.006753 -1.187942 -0.004474 -2.017095 -1.844699 -0.015725 1.624415 -68.857797 -1.000000 
-0.006753 -1.187942 -0.004474 -2.017095 -1.844699 -0.015725 1.624415 -68.857797 -1.000000 
-0.006753 -1.187942 -0.004474 -2.017095 -1.844699 -0.015725 1.624415 -68.857797 -1.000000 
-0.006753 -1.187942 -0.004474 -2.017095 -1.844699 -0.015725 1.624415 -68.857797 -1.000000 
-0.006753 -1.187942 -0.004474 -2.017095 -1.844699 -0.015725 1.624415 -68.857797 -1.000000 
-0.006753 -1.187942 -0.004474 -2.017095 -1.844699 -0.015725 1.624415 -68.857797 -1.000000 
-0.006753 -1.187942 -0.004474 -2.017095 -1.844699 -0.015725 1.624415 -68.857797 -1.000000 
-0.006753 -1.187942 -0.004474 -2.017095 -1.844699 -0.015725 1.624415 -68.857797 -1.000000 
-0.006753 -1.187942 -0.004474 -2.017095 -1.844699 -0.015725 1.624415 -68.857797 -1.000000 
-0.006753 -1.187942 -0.004474 -2.017095 -1.844699 -0.015725 1.624415 -68.857797 -1.000000 
-0.006753 -1.187942 -0.004474 -2.017095 -1.844699 -0.015725 1.624415 -68.857797 -1.000000 
-0.006753 -1.187942 -0.004474 -2.017095 -1.844699 -0.015725 1.624415 -68.857797 -1.000000 
-0.006753 -1.187942 -0.004474 -2.017095 -1.844699 -0.015725 1.624415 -68.857797 -1.000000 
-0.006753 -1.187942 -0.004474 -2.017095 -1.844699 -0.015725 1.624415 -68.857797 -1.000000 
-0.006753 -1.187942 -0.004474 -2.017095 -1.844699 -0.015725 1.624415 -68.857797 -1.000000 
-0.006753 -1.187942 -0.004474 -2.017095 -1.844699 -0.015725 1.624415 -68.857797 -1.000000 
-0.006753 -1.187942 -0.004474 -2.017095 -1.844699 -0.015725 1.624415 -68.857797 -1.000000 
-0.006753 -1.187942 -0.004474 -2.017095 -1.844699 -0.015725 1.624415 -68.857797 -1.000000 
-0.006753 -1.187942 -0.004474 -2.017095 -1.844699 -0.015725 1.624415 -68.857797 -1.000000 
-0.006753 -1.187942 -0.004474 -2.017095 -1.844699 -0.015725 1.624415 -68.857797 -1.000000 
-0.006753 -1.187942 -0.004474 -2.017095 -1.844699 -0.015725 1.624415 -68.857797 -1.000000 
-0.006753 -1.187942 -0.004474 -2.017095 -1.844699 -0.015725 1.624415 -68.857797 -1.000000 
-0.006753 -1.187942 -0.004474 -2.017095 -1.844699 -0.015725 1.624415 -68.857797 -1.000000 
-0.006753 -1.187942 -0.004474 -2.017095 -1.844699 -0.015725 1.624415 -68.857797 -1.000000 
-0.006753 -1.187942 -0.004474 -2.017095 -1.844699 -0.015725 1.624415 -68.857797 -1.000000 
-0.006753 -1.187942 -0.004474 -2.017095 -1.844699 -0.015725 1.624415 -68.857797 -1.000000 
-0.006753 -1.187942 -0.004474 -2.017095 -1.844699 -0.015725 1.624415 -68.857797 -1.000000 
-0.006753 -1.187942 -0.004474 -2.017095 -1.844699 -0.015725 1.624415 -68.857797 -1.000000 
0.000000 0.000000 0.000000 0.000000 0.000000 0.000000 0.000000 0.000000 0.000000 
