0.496954 1.976355 -1.016690 -0.956557 -1.860706 1.068694 0.057039 -0.038183 -1.000000 
0.512684 1.956142 -1.024171 -0.913825 -1.852171 1.064921 0.056740 -0.036686 -1.000000 
0.528251 1.935503 -1.031311 -0.871250 -1.843671 1.060000 0.056452 -0.035287 -1.000000 
0.543651 1.914456 -1.038112 -0.828850 -1.835214 1.053943 0.056175 -0.033980 -1.000000 
0.558881 1.893021 -1.044574 -0.786642 -1.826811 1.046765 0.055908 -0.032757 -1.000000 
0.573938 1.871217 -1.050699 -0.744642 -1.818469 1.038481 0.055651 -0.031612 -1.000000 
0.588820 1.849062 -1.056488 -0.702864 -1.810198 1.029107 0.055402 -0.030540 -1.000000 
0.603522 1.826573 -1.061945 -0.661323 -1.802006 1.018660 0.055162 -0.029535 -1.000000 
0.618044 1.803768 -1.067070 -0.620031 -1.793902 1.007159 0.054929 -0.028592 -1.000000 
0.632382 1.780662 -1.071866 -0.579000 -1.785894 0.994623 0.054704 -0.027708 -1.000000 
0.646534 1.757272 -1.076335 -0.538242 -1.777991 0.981070 0.054486 -0.026877 -1.000000 
0.660498 1.733613 -1.080479 -0.497765 -1.770200 0.966522 0.054274 -0.026097 -1.000000 
0.674271 1.709698 -1.084300 -0.457578 -1.762529 0.951000 0.054068 -0.025364 -1.000000 
0.687852 1.685543 -1.087801 -0.417689 -1.754986 0.934526 0.053868 -0.024676 -1.000000 
0.701239 1.661160 -1.090984 -0.378105 -1.747579 0.917122 0.053673 -0.024028 -1.000000 
0.714430 1.636562 -1.093851 -0.338832 -1.740315 0.898811 0.053484 -0.023419 -1.000000 
0.727424 1.611760 -1.096406 -0.299875 -1.733200 0.879618 0.053299 -0.022847 -1.000000 
0.740218 1.586765 -1.098650 -0.261237 -1.726243 0.859565 0.053118 -0.022309 -1.000000 
0.752811 1.561587 -1.100587 -0.222922 -1.719450 0.838678 0.052942 -0.021802 -1.000000 
0.765203 1.536237 -1.102218 -0.184932 -1.712826 0.816983 0.052769 -0.021326 -1.000000 
0.777391 1.510722 -1.103546 -0.147268 -1.706380 0.794503 0.052600 -0.020879 -1.000000 
0.789374 1.485051 -1.104575 -0.109931 -1.700116 0.771266 0.052435 -0.020459 -1.000000 
0.801151 1.459231 -1.105306 -0.072921 -1.694042 0.747298 0.052273 -0.020064 -1.000000 
0.812721 1.433268 -1.105743 -0.036238 -1.688161 0.722625 0.052114 -0.019693 -1.000000 
0.824083 1.407169 -1.105887 0.000121 -1.682481 0.697274 0.051958 -0.019346 -1.000000 
0.835235 1.380938 -1.105741 0.036158 -1.677007 0.671272 0.051804 -0.019021 -1.000000 
0.846178 1.354580 -1.105309 0.071875 -1.671743 0.644647 0.051653 -0.018716 -1.000000 
0.856908 1.328098 -1.104592 0.107276 -1.666694 0.617426 0.051505 -0.018431 -1.000000 
0.867427 1.301495 -1.103594 0.142365 -1.661865 0.589637 0.051358 -0.018166 -1.000000 
0.877732 1.274774 -1.102315 0.177147 -1.657261 0.561308 0.051214 -0.017918 -1.000000 
0.887823 1.247936 -1.100760 0.211625 -1.652886 0.532467 0.051072 -0.017688 -1.000000 
0.897699 1.220982 -1.098930 0.245807 -1.648743 0.503142 0.050931 -0.017475 -1.000000 
0.907358 1.193912 -1.096828 0.279698 -1.644837 0.473362 0.050792 -0.017279 -1.000000 
0.916801 1.166725 -1.094456 0.313304 -1.641170 0.443156 0.050654 -0.017097 -1.000000 
0.926026 1.139422 -1.091816 0.346631 -1.637747 0.412551 0.050518 -0.016931 -1.000000 
0.935031 1.111999 -1.088910 0.379687 -1.634571 0.381577 0.050384 -0.016780 -1.000000 
0.943817 1.084456 -1.085741 0.412479 -1.631643 0.350262 0.050250 -0.016643 -1.000000 
0.952382 1.056789 -1.082311 0.445013 -1.628967 0.318635 0.050117 -0.016520 -1.000000 
0.960726 1.028995 -1.078622 0.477299 -1.626546 0.286725 0.049985 -0.016410 -1.000000 
0.968846 1.001070 -1.074675 0.509342 -1.624380 0.254561 0.049855 -0.016314 -1.000000 
0.976742 0.973010 -1.070473 0.541152 -1.622473 0.222172 0.049724 -0.016230 -1.000000 
0.984414 0.944811 -1.066017 0.572736 -1.620826 0.189587 0.049595 -0.016159 -1.000000 
0.991859 0.916468 -1.061310 0.604101 -1.619440 0.156835 0.049466 -0.016101 -1.000000 
0.999077 0.887974 -1.056352 0.635257 -1.618317 0.123944 0.049337 -0.016055 -1.000000 
1.006066 0.859325 -1.051146 0.666210 -1.617457 0.090945 0.049209 -0.016022 -1.000000 
1.012826 0.830513 -1.045693 0.696969 -1.616862 0.057865 0.049081 -0.016001 -1.000000 
1.019354 0.801534 -1.039995 0.727541 -1.616532 0.024735 0.048953 -0.015991 -1.000000 
1.025650 0.772379 -1.034053 0.757933 -1.616467 -0.008418 0.048825 -0.015994 -1.000000 
1.031711 0.743042 -1.027869 0.788154 -1.616666 -0.041563 0.048697 -0.016009 -1.000000 
1.037538 0.713516 -1.021443 0.818210 -1.617131 -0.074672 0.048569 -0.016037 -1.000000 
1.043127 0.683793 -1.014778 0.848108 -1.617861 -0.107716 0.048440 -0.016076 -1.000000 
1.048478 0.653867 -1.007874 0.877855 -1.618855 -0.140666 0.048312 -0.016128 -1.000000 
1.053589 0.623729 -1.000733 0.907457 -1.620111 -0.173493 0.048182 -0.016192 -1.000000 
1.058457 0.593371 -0.993355 0.936920 -1.621630 -0.206167 0.048052 -0.016269 -1.000000 
1.063082 0.562787 -0.985742 0.966249 -1.623410 -0.238661 0.047922 -0.016359 -1.000000 
1.067461 0.531969 -0.977895 0.995450 -1.625448 -0.270944 0.047791 -0.016461 -1.000000 
1.071593 0.500909 -0.969815 1.024527 -1.627744 -0.302988 0.047658 -0.016577 -1.000000 
1.075475 0.469598 -0.961503 1.053486 -1.630295 -0.334765 0.047525 -0.016707 -1.000000 
1.079106 0.438031 -0.952960 1.082328 -1.633099 -0.366245 0.047391 -0.016850 -1.000000 
1.082483 0.406200 -0.944186 1.111059 -1.636154 -0.397400 0.047256 -0.017008 -1.000000 
1.085604 0.374097 -0.935183 1.139680 -1.639457 -0.428201 0.047119 -0.017181 -1.000000 
1.088468 0.341716 -0.925952 1.168193 -1.643004 -0.458620 0.046981 -0.017369 -1.000000 
1.091071 0.309051 -0.916492 1.196601 -1.646794 -0.488627 0.046841 -0.017573 -1.000000 
1.093412 0.276094 -0.906806 1.224904 -1.650821 -0.518196 0.046700 -0.017793 -1.000000 
1.095487 0.242840 -0.896894 1.253103 -1.655084 -0.547296 0.046556 -0.018030 -1.000000 
1.097296 0.209283 -0.886757 1.281196 -1.659577 -0.575902 0.046411 -0.018285 -1.000000 
1.098835 0.175418 -0.876395 1.309184 -1.664297 -0.603983 0.046264 -0.018558 -1.000000 
1.100102 0.141241 -0.865810 1.337064 -1.669239 -0.631513 0.046114 -0.018850 -1.000000 
1.101094 0.106747 -0.855003 1.364835 -1.674399 -0.658464 0.045962 -0.019163 -1.000000 
1.101809 0.071933 -0.843973 1.392493 -1.679773 -0.684809 0.045807 -0.019496 -1.000000 
1.102244 0.036794 -0.832723 1.420033 -1.685355 -0.710520 0.045650 -0.019852 -1.000000 
1.102397 0.001330 -0.821253 1.447453 -1.691139 -0.735570 0.045490 -0.020230 -1.000000 
1.102265 -0.034464 -0.809564 1.474746 -1.697122 -0.759933 0.045326 -0.020634 -1.000000 
1.101845 -0.070587 -0.797657 1.501906 -1.703296 -0.783582 0.045160 -0.021063 -1.000000 
1.101134 -0.107040 -0.785534 1.528927 -1.709657 -0.806491 0.044989 -0.021519 -1.000000 
1.100131 -0.143824 -0.773195 1.555802 -1.716198 -0.828635 0.044815 -0.022003 -1.000000 
1.098832 -0.180937 -0.760642 1.582520 -1.722913 -0.849988 0.044637 -0.022519 -1.000000 
1.097235 -0.218378 -0.747875 1.609075 -1.729796 -0.870525 0.044455 -0.023066 -1.000000 
1.095337 -0.256145 -0.734897 1.635455 -1.736839 -0.890222 0.044268 -0.023647 -1.000000 
1.093136 -0.294234 -0.721708 1.661651 -1.744037 -0.909054 0.044076 -0.024265 -1.000000 
1.090629 -0.332641 -0.708311 1.687651 -1.751382 -0.926999 0.043880 -0.024922 -1.000000 
1.087813 -0.371361 -0.694706 1.713443 -1.758867 -0.944033 0.043677 -0.025620 -1.000000 
1.084686 -0.410390 -0.680896 1.739013 -1.766484 -0.960134 0.043470 -0.026361 -1.000000 
1.081246 -0.449718 -0.666883 1.764350 -1.774226 -0.975281 0.043256 -0.027150 -1.000000 
1.077490 -0.489340 -0.652668 1.789437 -1.782086 -0.989452 0.043035 -0.027988 -1.000000 
1.073416 -0.529246 -0.638253 1.814261 -1.790055 -1.002627 0.042808 -0.028881 -1.000000 
1.069021 -0.569427 -0.623640 1.838806 -1.798125 -1.014786 0.042573 -0.029830 -1.000000 
1.064304 -0.609871 -0.608832 1.863056 -1.806289 -1.025911 0.042330 -0.030842 -1.000000 
1.059263 -0.650569 -0.593832 1.886993 -1.814537 -1.035984 0.042079 -0.031920 -1.000000 
1.053895 -0.691506 -0.578641 1.910601 -1.822862 -1.044987 0.041819 -0.033069 -1.000000 
1.048198 -0.732669 -0.563263 1.933861 -1.831254 -1.052905 0.041550 -0.034295 -1.000000 
1.042171 -0.774044 -0.547701 1.956754 -1.839705 -1.059723 0.041270 -0.035604 -1.000000 
1.035813 -0.815614 -0.531956 1.979263 -1.848206 -1.065426 0.040980 -0.037002 -1.000000 
1.029121 -0.857364 -0.516034 2.001366 -1.856749 -1.070002 0.040678 -0.038496 -1.000000 
1.022095 -0.899276 -0.499936 2.023045 -1.865323 -1.073438 0.040364 -0.040095 -1.000000 
1.014732 -0.941331 -0.483666 2.044278 -1.873921 -1.075724 0.040036 -0.041808 -1.000000 
1.007033 -0.983509 -0.467228 2.065045 -1.882532 -1.076850 0.039694 -0.043642 -1.000000 
0.998996 -1.025790 -0.450627 2.085325 -1.891147 -1.076808 0.039338 -0.045610 -1.000000 
0.990620 -1.068152 -0.433865 2.105096 -1.899758 -1.075592 0.038964 -0.047722 -1.000000 
0.981905 -1.110572 -0.416946 2.124338 -1.908354 -1.073194 0.038574 -0.049991 -1.000000 
0.972851 -1.153029 -0.399877 2.143027 -1.916926 -1.069612 0.038164 -0.052432 -1.000000 
0.963457 -1.195496 -0.382660 2.161143 -1.925464 -1.064842 0.037734 -0.055059 -1.000000 
0.953723 -1.237949 -0.365300 2.178663 -1.933960 -1.058883 0.037283 -0.057889 -1.000000 
0.943650 -1.280362 -0.347803 2.195565 -1.942403 -1.051735 0.036807 -0.060941 -1.000000 
0.933237 -1.322708 -0.330173 2.211828 -1.950785 -1.043400 0.036307 -0.064236 -1.000000 
0.922487 -1.364960 -0.312415 2.227429 -1.959094 -1.033880 0.035779 -0.067797 -1.000000 
0.911398 -1.407090 -0.294536 2.242346 -1.967323 -1.023181 0.035221 -0.071648 -1.000000 
0.899974 -1.449068 -0.276539 2.256559 -1.975462 -1.011308 0.034632 -0.075818 -1.000000 
0.888214 -1.490865 -0.258433 2.270045 -1.983501 -0.998271 0.034007 -0.080337 -1.000000 
0.876120 -1.532451 -0.240221 2.282784 -1.991431 -0.984078 0.033345 -0.085238 -1.000000 
0.863695 -1.573795 -0.221910 2.294754 -1.999244 -0.968741 0.032642 -0.090560 -1.000000 
0.850940 -1.614867 -0.203507 2.305937 -2.006928 -0.952273 0.031895 -0.096342 -1.000000 
0.837858 -1.655634 -0.185017 2.316312 -2.014477 -0.934689 0.031100 -0.102629 -1.000000 
0.824451 -1.696066 -0.166448 2.325859 -2.021880 -0.916005 0.030251 -0.109472 -1.000000 
0.810722 -1.736129 -0.147806 2.334561 -2.029130 -0.896240 0.029346 -0.116923 -1.000000 
0.796674 -1.775792 -0.129097 2.342399 -2.036217 -0.875413 0.028379 -0.125040 -1.000000 
0.782310 -1.815022 -0.110330 2.349356 -2.043134 -0.853547 0.027344 -0.133886 -1.000000 
0.767635 -1.853786 -0.091510 2.355416 -2.049871 -0.830664 0.026235 -0.143530 -1.000000 
0.752651 -1.892052 -0.072645 2.360562 -2.056422 -0.806791 0.025045 -0.154042 -1.000000 
0.737363 -1.929788 -0.053743 2.364782 -2.062778 -0.781954 0.023767 -0.165499 -1.000000 
0.721776 -1.966960 -0.034811 2.368060 -2.068931 -0.756181 0.022394 -0.177978 -1.000000 
0.705894 -2.003537 -0.015857 2.370384 -2.074874 -0.729503 0.020917 -0.191561 -1.000000 
0.689721 -2.039487 0.003112 2.371743 -2.080600 -0.701952 0.019326 -0.206326 -1.000000 
0.673264 -2.074779 0.022088 2.372125 -2.086103 -0.673561 0.017612 -0.222350 -1.000000 
0.656527 -2.109381 0.041063 2.371522 -2.091375 -0.644366 0.015765 -0.239700 -1.000000 
0.639515 -2.143262 0.060030 2.369925 -2.096411 -0.614404 0.013773 -0.258433 -1.000000 
0.622236 -2.176393 0.078980 2.367328 -2.101204 -0.583712 0.011626 -0.278585 -1.000000 
0.604695 -2.208744 0.097904 2.363724 -2.105748 -0.552330 0.009312 -0.300168 -1.000000 
0.586899 -2.240287 0.116796 2.359110 -2.110039 -0.520300 0.006820 -0.323155 -1.000000 
0.568853 -2.270995 0.135648 2.353483 -2.114072 -0.487664 0.004138 -0.347474 -1.000000 
0.550565 -2.300839 0.154450 2.346840 -2.117840 -0.454466 0.001257 -0.372995 -1.000000 
0.531964 -2.342508 0.173167 2.333821 -2.121035 -0.369703 0.002839 0.398539 1.000000 
0.513114 -2.369970 0.191795 2.323103 -2.123856 -0.335448 0.006130 0.424270 1.000000 
0.494047 -2.396504 0.210334 2.311357 -2.126401 -0.300704 0.009627 0.450103 1.000000 
0.474772 -2.422083 0.228774 2.298583 -2.128666 -0.265508 0.013330 0.475567 1.000000 
0.455296 -2.446684 0.247108 2.284783 -2.130648 -0.229900 0.017234 0.500116 1.000000 
0.435628 -2.470283 0.265328 2.269959 -2.132344 -0.193920 0.021328 0.523134 1.000000 
0.415775 -2.492858 0.283425 2.254113 -2.133750 -0.157608 0.025598 0.543969 1.000000 
0.395745 -2.514386 0.301391 2.237252 -2.134865 -0.121008 0.030024 0.561960 1.000000 
0.375547 -2.534847 0.319218 2.219380 -2.135686 -0.084163 0.034580 0.576481 1.000000 
0.355190 -2.554221 0.336898 2.200505 -2.136211 -0.047116 0.039237 0.586990 1.000000 
0.334683 -2.572488 0.354424 2.180635 -2.136439 -0.009916 0.043960 0.593066 1.000000 
0.314034 -2.589631 0.371786 2.159781 -2.136369 0.027392 0.048714 0.594454 1.000000 
0.293252 -2.605633 0.388977 2.137953 -2.136001 0.064758 0.053459 0.591086 1.000000 
0.272346 -2.620479 0.405991 2.115165 -2.135333 0.102134 0.058159 0.583087 1.000000 
0.251327 -2.634154 0.422818 2.091432 -2.134367 0.139467 0.062777 0.570765 1.000000 
0.230203 -2.646645 0.439451 2.066768 -2.133102 0.176708 0.067280 0.554582 1.000000 
0.208984 -2.657943 0.455883 2.041192 -2.131540 0.213804 0.071641 0.535117 1.000000 
0.187679 -2.668037 0.472108 2.014723 -2.129681 0.250702 0.075835 0.513019 1.000000 
0.166299 -2.676920 0.488117 1.987381 -2.127529 0.287350 0.079844 0.488958 1.000000 
0.144852 -2.684586 0.503904 1.959187 -2.125085 0.323695 0.083655 0.463589 1.000000 
0.123349 -2.691031 0.519461 1.930164 -2.122351 0.359686 0.087260 0.437518 1.000000 
0.101799 -2.696253 0.534784 1.900338 -2.119331 0.395271 0.090655 0.411277 1.000000 
0.080212 -2.700251 0.549865 1.869732 -2.116028 0.430398 0.093841 0.385316 1.000000 
0.058598 -2.703028 0.564698 1.838373 -2.112446 0.465017 0.096822 0.359996 1.000000 
0.036967 -2.704586 0.579277 1.806289 -2.108589 0.499080 0.099603 0.335594 1.000000 
0.015328 -2.704930 0.593596 1.773508 -2.104462 0.532538 0.102194 0.312308 1.000000 
-0.006309 -2.704068 0.607651 1.740059 -2.100070 0.565345 0.104604 0.290270 1.000000 
-0.027934 -2.702008 0.621436 1.705972 -2.095418 0.597455 0.106842 0.269555 1.000000 
-0.049538 -2.698760 0.634945 1.671277 -2.090513 0.628824 0.108920 0.250193 1.000000 
-0.071111 -2.694336 0.648175 1.636005 -2.085359 0.659410 0.110849 0.232179 1.000000 
-0.092644 -2.688750 0.661120 1.600187 -2.079964 0.689172 0.112639 0.215481 1.000000 
-0.114128 -2.682016 0.673776 1.563856 -2.074335 0.718072 0.114300 0.200047 1.000000 
-0.135554 -2.674151 0.686140 1.527042 -2.068478 0.746071 0.115843 0.185816 1.000000 
-0.156912 -2.665172 0.698208 1.489780 -2.062400 0.773136 0.117276 0.172717 1.000000 
-0.178193 -2.655098 0.709975 1.452100 -2.056110 0.799231 0.118609 0.160674 1.000000 
-0.199390 -2.643950 0.721440 1.414036 -2.049615 0.824325 0.119849 0.149614 1.000000 
-0.220494 -2.631749 0.732599 1.375620 -2.042924 0.848389 0.121005 0.139460 1.000000 
-0.241496 -2.618516 0.743449 1.336883 -2.036044 0.871394 0.122083 0.130142 1.000000 
-0.262387 -2.604276 0.753989 1.297860 -2.028984 0.893313 0.123089 0.121590 1.000000 
-0.283161 -2.589052 0.764214 1.258581 -2.021754 0.914124 0.124030 0.113741 1.000000 
-0.303810 -2.572870 0.774125 1.219077 -2.014361 0.933803 0.124911 0.106534 1.000000 
-0.324325 -2.555756 0.783719 1.179381 -2.006816 0.952331 0.125736 0.099914 1.000000 
-0.344699 -2.537734 0.792995 1.139524 -1.999127 0.969688 0.126511 0.093829 1.000000 
-0.364926 -2.518834 0.801951 1.099534 -1.991304 0.985859 0.127239 0.088232 1.000000 
-0.384998 -2.499081 0.810587 1.059443 -1.983357 1.000829 0.127924 0.083080 1.000000 
-0.404909 -2.478505 0.818902 1.019280 -1.975294 1.014585 0.128569 0.078333 1.000000 
-0.424652 -2.457133 0.826896 0.979073 -1.967127 1.027117 0.129178 0.073957 1.000000 
-0.444221 -2.434993 0.834567 0.938849 -1.958864 1.038415 0.129753 0.069917 1.000000 
-0.463610 -2.412114 0.841917 0.898637 -1.950515 1.048472 0.130298 0.066186 1.000000 
-0.482813 -2.388526 0.848945 0.858461 -1.942091 1.057284 0.130813 0.062736 1.000000 
-0.501825 -2.364256 0.855653 0.818349 -1.933602 1.064847 0.131302 0.059543 1.000000 
-0.520640 -2.339334 0.862039 0.778324 -1.925057 1.071158 0.131767 0.056586 1.000000 
-0.539253 -2.313788 0.868106 0.738410 -1.916467 1.076218 0.132208 0.053843 1.000000 
-0.557659 -2.287646 0.873854 0.698630 -1.907841 1.080028 0.132629 0.051297 1.000000 
-0.575853 -2.260937 0.879285 0.659006 -1.899190 1.082591 0.133029 0.048932 1.000000 
-0.593832 -2.233689 0.884399 0.619559 -1.890523 1.083913 0.133412 0.046732 1.000000 
-0.611591 -2.205929 0.889198 0.580309 -1.881850 1.083999 0.133777 0.044685 1.000000 
-0.629126 -2.177684 0.893684 0.541273 -1.873182 1.082857 0.134127 0.042779 1.000000 
-0.646433 -2.148981 0.897859 0.502472 -1.864528 1.080496 0.134462 0.041001 1.000000 
-0.663508 -2.119845 0.901725 0.463920 -1.855897 1.076926 0.134784 0.039342 1.000000 
-0.680349 -2.090303 0.905283 0.425635 -1.847300 1.072161 0.135092 0.037793 1.000000 
-0.696952 -2.060379 0.908535 0.387631 -1.838746 1.066211 0.135389 0.036345 1.000000 
-0.713314 -2.030097 0.911485 0.349921 -1.830244 1.059093 0.135674 0.034991 1.000000 
-0.729433 -1.999481 0.914135 0.312519 -1.821804 1.050821 0.135949 0.033723 1.000000 
-0.745305 -1.968553 0.916487 0.275437 -1.813434 1.041412 0.136214 0.032537 1.000000 
-0.760929 -1.937335 0.918543 0.238684 -1.805144 1.030883 0.136469 0.031424 1.000000 
-0.776302 -1.905848 0.920306 0.202270 -1.796943 1.019253 0.136717 0.030382 1.000000 
-0.791422 -1.874112 0.921780 0.166206 -1.788839 1.006543 0.136956 0.029403 1.000000 
-0.806287 -1.842146 0.922967 0.130497 -1.780841 0.992771 0.137187 0.028485 1.000000 
-0.820896 -1.809970 0.923869 0.095151 -1.772957 0.977961 0.137412 0.027623 1.000000 
-0.835246 -1.777599 0.924490 0.060174 -1.765196 0.962133 0.137629 0.026813 1.000000 
-0.849337 -1.745051 0.924833 0.025570 -1.757566 0.945311 0.137841 0.026052 1.000000 
-0.863166 -1.712341 0.924900 -0.008656 -1.750074 0.927518 0.138046 0.025337 1.000000 
-0.876734 -1.679484 0.924695 -0.042501 -1.742728 0.908780 0.138246 0.024664 1.000000 
-0.890038 -1.646493 0.924221 -0.075963 -1.735536 0.889119 0.138441 0.024032 1.000000 
-0.903077 -1.613380 0.923481 -0.109040 -1.728504 0.868563 0.138631 0.023438 1.000000 
-0.915852 -1.580158 0.922478 -0.141731 -1.721641 0.847137 0.138816 0.022879 1.000000 
-0.928360 -1.546836 0.921214 -0.174038 -1.714953 0.824868 0.138997 0.022353 1.000000 
-0.940601 -1.513424 0.919694 -0.205959 -1.708445 0.801783 0.139174 0.021860 1.000000 
-0.952574 -1.479932 0.917920 -0.237498 -1.702126 0.777908 0.139347 0.021396 1.000000 
-0.964279 -1.446365 0.915895 -0.268655 -1.696001 0.753273 0.139516 0.020960 1.000000 
-0.975716 -1.412731 0.913622 -0.299434 -1.690076 0.727904 0.139682 0.020551 1.000000 
-0.986883 -1.379036 0.911105 -0.329838 -1.684356 0.701831 0.139845 0.020167 1.000000 
-0.997780 -1.345284 0.908346 -0.359870 -1.678848 0.675083 0.140005 0.019807 1.000000 
-1.008407 -1.311479 0.905348 -0.389535 -1.673557 0.647687 0.140162 0.019471 1.000000 
-1.018764 -1.277623 0.902114 -0.418838 -1.668487 0.619674 0.140317 0.019156 1.000000 
-1.028849 -1.243719 0.898648 -0.447784 -1.663643 0.591073 0.140469 0.018862 1.000000 
-1.038663 -1.209768 0.894951 -0.476379 -1.659031 0.561913 0.140618 0.018588 1.000000 
-1.048205 -1.175769 0.891027 -0.504629 -1.654654 0.532225 0.140766 0.018333 1.000000 
-1.057475 -1.141723 0.886878 -0.532540 -1.650517 0.502038 0.140912 0.018097 1.000000 
-1.066473 -1.107627 0.882507 -0.560118 -1.646623 0.471383 0.141056 0.017878 1.000000 
-1.075197 -1.073479 0.877917 -0.587371 -1.642976 0.440290 0.141198 0.017676 1.000000 
-1.083648 -1.039278 0.873110 -0.614306 -1.639579 0.408788 0.141339 0.017490 1.000000 
-1.091826 -1.005018 0.868089 -0.640929 -1.636436 0.376909 0.141478 0.017321 1.000000 
-1.099728 -0.970695 0.862856 -0.667249 -1.633550 0.344683 0.141616 0.017167 1.000000 
-1.107356 -0.936305 0.857413 -0.693272 -1.630922 0.312140 0.141752 0.017028 1.000000 
-1.114709 -0.901842 0.851764 -0.719007 -1.628556 0.279312 0.141888 0.016904 1.000000 
-1.121786 -0.867299 0.845910 -0.744460 -1.626454 0.246228 0.142023 0.016794 1.000000 
-1.128586 -0.832670 0.839853 -0.769640 -1.624617 0.212920 0.142157 0.016697 1.000000 
-1.135108 -0.797948 0.833597 -0.794553 -1.623048 0.179418 0.142290 0.016615 1.000000 
-1.141353 -0.763125 0.827141 -0.819208 -1.621747 0.145753 0.142423 0.016546 1.000000 
-1.147318 -0.728192 0.820490 -0.843612 -1.620716 0.111956 0.142555 0.016491 1.000000 
-1.153003 -0.693142 0.813644 -0.867771 -1.619956 0.078057 0.142687 0.016448 1.000000 
-1.158408 -0.657966 0.806606 -0.891693 -1.619467 0.044088 0.142818 0.016419 1.000000 
-1.163530 -0.622654 0.799378 -0.915384 -1.619251 0.010079 0.142949 0.016403 1.000000 
-1.168370 -0.587197 0.791961 -0.938852 -1.619306 -0.023938 0.143081 0.016399 1.000000 
-1.172925 -0.551585 0.784357 -0.962101 -1.619634 -0.057934 0.143212 0.016409 1.000000 
-1.177195 -0.515809 0.776568 -0.985139 -1.620233 -0.091877 0.143343 0.016431 1.000000 
-1.181178 -0.479859 0.768595 -1.007970 -1.621103 -0.125736 0.143475 0.016467 1.000000 
-1.184872 -0.443725 0.760441 -1.030601 -1.622244 -0.159480 0.143607 0.016516 1.000000 
-1.188277 -0.407397 0.752106 -1.053035 -1.623655 -0.193079 0.143739 0.016578 1.000000 
-1.191390 -0.370865 0.743593 -1.075278 -1.625333 -0.226501 0.143872 0.016653 1.000000 
-1.194210 -0.334119 0.734902 -1.097333 -1.627278 -0.259716 0.144006 0.016742 1.000000 
-1.196735 -0.297150 0.726036 -1.119203 -1.629488 -0.292694 0.144140 0.016845 1.000000 
-1.198964 -0.259947 0.716995 -1.140893 -1.631961 -0.325402 0.144275 0.016962 1.000000 
-1.200894 -0.222503 0.707782 -1.162404 -1.634694 -0.357810 0.144411 0.017094 1.000000 
-1.202523 -0.184806 0.698397 -1.183738 -1.637685 -0.389889 0.144549 0.017240 1.000000 
-1.203850 -0.146850 0.688843 -1.204897 -1.640931 -0.421606 0.144687 0.017402 1.000000 
-1.204872 -0.108624 0.679119 -1.225882 -1.644429 -0.452931 0.144827 0.017580 1.000000 
-1.205587 -0.070122 0.669229 -1.246693 -1.648177 -0.483834 0.144969 0.017774 1.000000 
-1.205993 -0.031335 0.659173 -1.267329 -1.652169 -0.514285 0.145112 0.017985 1.000000 
-1.206088 0.007743 0.648952 -1.287790 -1.656404 -0.544252 0.145256 0.018213 1.000000 
-1.205868 0.047119 0.638569 -1.308075 -1.660876 -0.573706 0.145403 0.018459 1.000000 
-1.205333 0.086799 0.628023 -1.328181 -1.665582 -0.602616 0.145552 0.018725 1.000000 
-1.204479 0.126788 0.617318 -1.348104 -1.670516 -0.630953 0.145703 0.019010 1.000000 
-1.203304 0.167091 0.606454 -1.367843 -1.675675 -0.658686 0.145856 0.019316 1.000000 
-1.201805 0.207712 0.595433 -1.387392 -1.681054 -0.685785 0.146012 0.019643 1.000000 
-1.199979 0.248654 0.584256 -1.406747 -1.686646 -0.712223 0.146170 0.019993 1.000000 
-1.197825 0.289919 0.572926 -1.425903 -1.692447 -0.737968 0.146332 0.020367 1.000000 
-1.195340 0.331509 0.561443 -1.444852 -1.698452 -0.762992 0.146496 0.020766 1.000000 
-1.192520 0.373423 0.549809 -1.463589 -1.704653 -0.787267 0.146664 0.021192 1.000000 
-1.189364 0.415663 0.538026 -1.482106 -1.711046 -0.810764 0.146835 0.021646 1.000000 
-1.185869 0.458227 0.526096 -1.500394 -1.717623 -0.833454 0.147010 0.022129 1.000000 
-1.182032 0.501111 0.514020 -1.518445 -1.724379 -0.855311 0.147190 0.022644 1.000000 
-1.177850 0.544314 0.501801 -1.536250 -1.731306 -0.876307 0.147373 0.023192 1.000000 
-1.173322 0.587830 0.489441 -1.553797 -1.738398 -0.896415 0.147561 0.023775 1.000000 
-1.168444 0.631653 0.476941 -1.571077 -1.745646 -0.915609 0.147753 0.024396 1.000000 
-1.163215 0.675778 0.464304 -1.588078 -1.753045 -0.933863 0.147951 0.025057 1.000000 
-1.157631 0.720196 0.451533 -1.604788 -1.760585 -0.951152 0.148154 0.025761 1.000000 
-1.151691 0.764899 0.438628 -1.621194 -1.768261 -0.967452 0.148363 0.026511 1.000000 
-1.145392 0.809875 0.425594 -1.637283 -1.776062 -0.982738 0.148579 0.027309 1.000000 
-1.138732 0.855114 0.412433 -1.653042 -1.783982 -0.996987 0.148801 0.028160 1.000000 
-1.131709 0.900603 0.399147 -1.668455 -1.792011 -1.010176 0.149029 0.029068 1.000000 
-1.124322 0.946328 0.385738 -1.683509 -1.800142 -1.022285 0.149266 0.030036 1.000000 
-1.116567 0.992273 0.372211 -1.698189 -1.808365 -1.033292 0.149510 0.031069 1.000000 
-1.108445 1.038423 0.358568 -1.712477 -1.816671 -1.043177 0.149763 0.032172 1.000000 
-1.099952 1.084759 0.344813 -1.726359 -1.825052 -1.051922 0.150025 0.033350 1.000000 
-1.091088 1.131263 0.330948 -1.739817 -1.833499 -1.059508 0.150297 0.034611 1.000000 
-1.081852 1.177914 0.316977 -1.752836 -1.842001 -1.065918 0.150579 0.035959 1.000000 
-1.072241 1.224690 0.302904 -1.765397 -1.850550 -1.071138 0.150872 0.037403 1.000000 
-1.062256 1.271569 0.288732 -1.777483 -1.859136 -1.075151 0.151178 0.038951 1.000000 
-1.051896 1.318527 0.274465 -1.789077 -1.867750 -1.077946 0.151496 0.040611 1.000000 
-1.041160 1.365538 0.260108 -1.800160 -1.876380 -1.079508 0.151828 0.042393 1.000000 
-1.030047 1.412576 0.245664 -1.810715 -1.885018 -1.079829 0.152175 0.044308 1.000000 
-1.018558 1.459613 0.231138 -1.820723 -1.893654 -1.078898 0.152537 0.046368 1.000000 
-1.006693 1.506620 0.216534 -1.830167 -1.902277 -1.076707 0.152917 0.048585 1.000000 
-0.994453 1.553567 0.201857 -1.839027 -1.910878 -1.073250 0.153315 0.050976 1.000000 
-0.981837 1.600424 0.187111 -1.847286 -1.919446 -1.068522 0.153733 0.053555 1.000000 
-0.968846 1.647158 0.172302 -1.854925 -1.927971 -1.062518 0.154172 0.056340 1.000000 
-0.955483 1.693736 0.157434 -1.861927 -1.936443 -1.055237 0.154635 0.059352 1.000000 
-0.941747 1.740124 0.142513 -1.868274 -1.944851 -1.046679 0.155123 0.062612 1.000000 
-0.927641 1.786287 0.127544 -1.873947 -1.953186 -1.036845 0.155638 0.066145 1.000000 
-0.913167 1.832189 0.112532 -1.878930 -1.961438 -1.025738 0.156182 0.069978 1.000000 
-0.898327 1.877795 0.097483 -1.883205 -1.969595 -1.013362 0.156758 0.074141 1.000000 
-0.883123 1.923066 0.082402 -1.886757 -1.977648 -0.999725 0.157369 0.078667 1.000000 
-0.867559 1.967964 0.067296 -1.889568 -1.985587 -0.984834 0.158018 0.083594 1.000000 
-0.851637 2.012452 0.052171 -1.891623 -1.993402 -0.968699 0.158708 0.088963 1.000000 
-0.835361 2.056490 0.037033 -1.892906 -2.001083 -0.951332 0.159443 0.094820 1.000000 
-0.818734 2.100038 0.021887 -1.893404 -2.008620 -0.932746 0.160226 0.101215 1.000000 
-0.801762 2.143057 0.006740 -1.893102 -2.016004 -0.912957 0.161064 0.108204 1.000000 
-0.784447 2.185508 -0.008401 -1.891987 -2.023224 -0.891982 0.161959 0.115849 1.000000 
-0.766795 2.227348 -0.023529 -1.890045 -2.030272 -0.869840 0.162919 0.124218 1.000000 
-0.748811 2.268539 -0.038639 -1.887266 -2.037139 -0.846551 0.163949 0.133384 1.000000 
-0.730500 2.309039 -0.053723 -1.883637 -2.043814 -0.822139 0.165056 0.143427 1.000000 
-0.711868 2.348808 -0.068775 -1.879150 -2.050290 -0.796626 0.166246 0.154434 1.000000 
-0.692921 2.387807 -0.083787 -1.873793 -2.056557 -0.770039 0.167529 0.166497 1.000000 
-0.673666 2.425994 -0.098753 -1.867560 -2.062608 -0.742405 0.168913 0.179712 1.000000 
-0.654108 2.463331 -0.113666 -1.860442 -2.068433 -0.713753 0.170408 0.194180 1.000000 
-0.634255 2.499777 -0.128518 -1.852432 -2.074025 -0.684114 0.172024 0.210001 1.000000 
-0.614114 2.535295 -0.143303 -1.843525 -2.079376 -0.653519 0.173772 0.227273 1.000000 
-0.593693 2.569845 -0.158012 -1.833716 -2.084479 -0.622003 0.175664 0.246086 1.000000 
-0.572999 2.603390 -0.172640 -1.823002 -2.089326 -0.589600 0.177714 0.266516 1.000000 
-0.552041 2.635893 -0.187178 -1.811379 -2.093910 -0.556346 0.179933 0.288615 1.000000 
-0.530828 2.667318 -0.201619 -1.798847 -2.098225 -0.522279 0.182336 0.312401 1.000000 
-0.509367 2.697629 -0.215957 -1.785404 -2.102265 -0.487437 0.184936 0.337844 1.000000 
-0.487669 2.726791 -0.230183 -1.771051 -2.106022 -0.451860 0.187746 0.364853 1.000000 
-0.465742 2.754771 -0.244291 -1.755790 -2.109493 -0.415589 0.190777 0.393252 1.000000 
-0.443596 2.781536 -0.258274 -1.739623 -2.112670 -0.378666 0.194041 0.422771 1.000000 
-0.421240 2.807054 -0.272123 -1.722553 -2.115550 -0.341134 0.197544 0.453023 1.000000 
-0.398686 2.831295 -0.285832 -1.704586 -2.118127 -0.303037 0.201290 0.483495 1.000000 
-0.375943 2.854229 -0.299394 -1.685727 -2.120397 -0.264420 0.205278 0.513542 1.000000 
-0.353022 2.875828 -0.312801 -1.665983 -2.122356 -0.225332 0.209503 0.542400 1.000000 
-0.329933 2.896063 -0.326047 -1.645363 -2.124001 -0.185819 0.213951 0.569204 1.000000 
-0.306689 2.914910 -0.339125 -1.623876 -2.125328 -0.145931 0.218603 0.593032 1.000000 
-0.283299 2.932343 -0.352027 -1.601533 -2.126335 -0.105720 0.223429 0.612965 1.000000 
-0.259775 2.948340 -0.364747 -1.578347 -2.127019 -0.065239 0.228397 0.628157 1.000000 
-0.236129 2.962878 -0.377278 -1.554330 -2.127378 -0.024544 0.233465 0.637911 1.000000 
-0.212373 2.975938 -0.389614 -1.529500 -2.127411 0.016310 0.238588 0.641752 1.000000 
-0.188518 2.987501 -0.401748 -1.503871 -2.127117 0.057262 0.243717 0.639476 1.000000 
-0.164577 2.997551 -0.413674 -1.477463 -2.126495 0.098253 0.248804 0.631175 1.000000 
-0.140561 3.006074 -0.425386 -1.450297 -2.125545 0.139220 0.253801 0.617227 1.000000 
-0.116484 3.013059 -0.436877 -1.422392 -2.124268 0.180099 0.258666 0.598256 1.000000 
-0.092357 3.018497 -0.448142 -1.393774 -2.122664 0.220827 0.263362 0.575070 1.000000 
-0.068192 3.022381 -0.459175 -1.364466 -2.120735 0.261338 0.267858 0.548580 1.000000 
-0.044003 3.024707 -0.469972 -1.334494 -2.118483 0.301567 0.272133 0.519730 1.000000 
-0.019801 3.025474 -0.480526 -1.303887 -2.115911 0.341448 0.276170 0.489426 1.000000 
0.004401 3.024685 -0.490832 -1.272671 -2.113021 0.380916 0.279962 0.458487 1.000000 
0.028590 3.022342 -0.500887 -1.240876 -2.109818 0.419907 0.283506 0.427614 1.000000 
0.052754 3.018455 -0.510685 -1.208534 -2.106304 0.458358 0.286805 0.397376 1.000000 
0.076881 3.013032 -0.520222 -1.175675 -2.102485 0.496206 0.289867 0.368208 1.000000 
0.100959 3.006086 -0.529494 -1.142331 -2.098367 0.533391 0.292700 0.340423 1.000000 
0.124975 2.997633 -0.538498 -1.108535 -2.093953 0.569854 0.295318 0.314223 1.000000 
0.148917 2.987691 -0.547230 -1.074320 -2.089251 0.605538 0.297732 0.289725 1.000000 
0.172774 2.976278 -0.555686 -1.039719 -2.084267 0.640387 0.299958 0.266972 1.000000 
0.196533 2.963419 -0.563864 -1.004766 -2.079007 0.674348 0.302009 0.245953 1.000000 
0.220185 2.949137 -0.571761 -0.969495 -2.073480 0.707370 0.303898 0.226619 1.000000 
0.243716 2.933459 -0.579375 -0.933939 -2.067692 0.739404 0.305639 0.208895 1.000000 
0.267116 2.916415 -0.586704 -0.898134 -2.061652 0.770404 0.307244 0.192687 1.000000 
0.290375 2.898034 -0.593745 -0.862112 -2.055368 0.800326 0.308726 0.177892 1.000000 
0.313481 2.878348 -0.600497 -0.825907 -2.048850 0.829128 0.310094 0.164406 1.000000 
0.336425 2.857392 -0.606959 -0.789553 -2.042105 0.856771 0.311359 0.152121 1.000000 
0.359196 2.835200 -0.613130 -0.753082 -2.035145 0.883218 0.312531 0.140937 1.000000 
0.381785 2.811810 -0.619008 -0.716528 -2.027977 0.908435 0.313617 0.130754 1.000000 
0.404182 2.787258 -0.624594 -0.679923 -2.020613 0.932392 0.314625 0.121482 1.000000 
0.426378 2.761584 -0.629887 -0.643297 -2.013062 0.955058 0.315563 0.113036 1.000000 
0.448365 2.734827 -0.634887 -0.606682 -2.005336 0.976407 0.316436 0.105338 1.000000 
0.470133 2.707028 -0.639594 -0.570108 -1.997443 0.996415 0.317250 0.098316 1.000000 
0.491674 2.678228 -0.644009 -0.533604 -1.989397 1.015062 0.318011 0.091906 1.000000 
0.512982 2.648468 -0.648132 -0.497199 -1.981206 1.032328 0.318722 0.086048 1.000000 
0.534047 2.617791 -0.651964 -0.460920 -1.972883 1.048198 0.319389 0.080690 1.000000 
0.554864 2.586238 -0.655507 -0.424795 -1.964439 1.062656 0.320014 0.075784 1.000000 
0.575425 2.553853 -0.658761 -0.388848 -1.955884 1.075693 0.320602 0.071286 1.000000 
0.595724 2.520676 -0.661729 -0.353106 -1.947231 1.087298 0.321156 0.067159 1.000000 
0.615754 2.486752 -0.664412 -0.317591 -1.938491 1.097466 0.321678 0.063366 1.000000 
0.635510 2.452121 -0.666811 -0.282326 -1.929676 1.106193 0.322171 0.059877 1.000000 
0.654986 2.416826 -0.668930 -0.247333 -1.920796 1.113476 0.322637 0.056665 1.000000 
0.674177 2.380908 -0.670769 -0.212632 -1.911864 1.119315 0.323078 0.053702 1.000000 
0.693079 2.344408 -0.672333 -0.178242 -1.902891 1.123713 0.323496 0.050968 1.000000 
0.711686 2.307366 -0.673622 -0.144183 -1.893888 1.126675 0.323894 0.048441 1.000000 
0.729996 2.269821 -0.674640 -0.110469 -1.884868 1.128207 0.324272 0.046103 1.000000 
0.748002 2.231812 -0.675390 -0.077119 -1.875841 1.128316 0.324632 0.043938 1.000000 
0.765703 2.193377 -0.675875 -0.044145 -1.866819 1.127015 0.324975 0.041931 1.000000 
0.783095 2.154552 -0.676098 -0.011563 -1.857812 1.124314 0.325303 0.040069 1.000000 
0.800175 2.115373 -0.676061 0.020617 -1.848833 1.120228 0.325617 0.038338 1.000000 
0.816940 2.075875 -0.675769 0.052383 -1.839892 1.114772 0.325917 0.036730 1.000000 
0.833389 2.036091 -0.675224 0.083724 -1.831001 1.107964 0.326205 0.035232 1.000000 
0.849517 1.996054 -0.674431 0.114632 -1.822169 1.099821 0.326481 0.033838 1.000000 
0.865325 1.955793 -0.673391 0.145099 -1.813407 1.090364 0.326746 0.032538 1.000000 
0.880809 1.915339 -0.672110 0.175118 -1.804726 1.079614 0.327002 0.031325 1.000000 
0.895970 1.874720 -0.670591 0.204684 -1.796137 1.067595 0.327248 0.030193 1.000000 
0.910805 1.833962 -0.668837 0.233791 -1.787648 1.054329 0.327485 0.029135 1.000000 
0.925313 1.793090 -0.666851 0.262436 -1.779271 1.039842 0.327714 0.028147 1.000000 
0.939494 1.752129 -0.664639 0.290617 -1.771014 1.024160 0.327936 0.027222 1.000000 
0.953347 1.711101 -0.662203 0.318332 -1.762887 1.007310 0.328150 0.026357 1.000000 
0.966871 1.670026 -0.659547 0.345579 -1.754900 0.989319 0.328358 0.025547 1.000000 
0.980067 1.628923 -0.656675 0.372359 -1.747061 0.970218 0.328559 0.024789 1.000000 
0.992934 1.587811 -0.653590 0.398673 -1.739379 0.950035 0.328754 0.024078 1.000000 
1.005472 1.546705 -0.650297 0.424522 -1.731863 0.928801 0.328944 0.023412 1.000000 
1.017681 1.505620 -0.646799 0.449908 -1.724521 0.906546 0.329129 0.022789 1.000000 
1.029562 1.464569 -0.643100 0.474835 -1.717361 0.883303 0.329309 0.022204 1.000000 
1.041115 1.423563 -0.639203 0.499307 -1.710391 0.859103 0.329484 0.021657 1.000000 
1.052339 1.382613 -0.635112 0.523327 -1.703618 0.833980 0.329656 0.021144 1.000000 
1.063237 1.341728 -0.630831 0.546901 -1.697050 0.807965 0.329823 0.020663 1.000000 
1.073807 1.300913 -0.626363 0.570034 -1.690693 0.781094 0.329986 0.020214 1.000000 
1.084051 1.260176 -0.621712 0.592732 -1.684554 0.753399 0.330146 0.019793 1.000000 
1.093970 1.219519 -0.616880 0.615001 -1.678640 0.724915 0.330303 0.019400 1.000000 
1.103564 1.178947 -0.611873 0.636849 -1.672958 0.695676 0.330457 0.019032 1.000000 
1.112833 1.138460 -0.606692 0.658282 -1.667512 0.665718 0.330608 0.018690 1.000000 
0.000000 0.000000 0.000000 0.000000 0.000000 0.000000 0.000000 0.000000 0.000000 
