0.619350 -2.557449 0.289132 0.461277 -1.872163 -1.042690 0.509735 0.087474 1.000000 
0.598713 -2.601554 0.292732 0.438579 -1.880418 -1.020811 0.510463 0.094799 1.000000 
0.577728 -2.644619 0.296148 0.415359 -1.888491 -0.997172 0.511254 0.102998 1.000000 
0.556402 -2.686572 0.299376 0.391629 -1.896368 -0.971797 0.512114 0.112197 1.000000 
0.534746 -2.727342 0.302413 0.367405 -1.904035 -0.944712 0.513052 0.122538 1.000000 
0.512768 -2.766857 0.305253 0.342703 -1.911479 -0.915950 0.514078 0.134187 1.000000 
0.490480 -2.805048 0.307895 0.317538 -1.918686 -0.885543 0.515203 0.147333 1.000000 
0.467891 -2.841844 0.310333 0.291931 -1.925644 -0.853529 0.516440 0.162192 1.000000 
0.445014 -2.877177 0.312564 0.265899 -1.932338 -0.819950 0.517803 0.179012 1.000000 
0.421860 -2.910980 0.314586 0.239465 -1.938759 -0.784848 0.519310 0.198070 1.000000 
0.398443 -2.943186 0.316395 0.212648 -1.944892 -0.748272 0.520979 0.219673 1.000000 
0.374774 -2.973730 0.317987 0.185474 -1.950727 -0.710270 0.522833 0.244160 1.000000 
0.350868 -3.002551 0.319361 0.157964 -1.956253 -0.670896 0.524894 0.271889 1.000000 
0.326738 -3.029588 0.320514 0.130143 -1.961458 -0.630203 0.527192 0.303228 1.000000 
0.302399 -3.054781 0.321443 0.102038 -1.966333 -0.588250 0.529757 0.338528 1.000000 
0.277866 -3.078074 0.322146 0.073674 -1.970867 -0.545095 0.532620 0.378091 1.000000 
0.253155 -3.099413 0.322621 0.045078 -1.975051 -0.500798 0.535818 0.422116 1.000000 
0.228281 -3.118746 0.322867 0.016277 -1.978877 -0.455423 0.539386 0.470623 1.000000 
0.203261 -3.136022 0.322881 -0.012700 -1.982335 -0.409032 0.543359 0.523362 1.000000 
0.178110 -3.151195 0.322663 -0.041825 -1.985419 -0.361691 0.547769 0.579692 1.000000 
0.152847 -3.164220 0.322212 -0.071070 -1.988120 -0.313466 0.552641 0.638471 1.000000 
0.127489 -3.175053 0.321526 -0.100403 -1.990432 -0.264426 0.557987 0.697948 1.000000 
0.102052 -3.183654 0.320605 -0.129794 -1.992349 -0.214642 0.563804 0.755727 1.000000 
0.076556 -3.189985 0.319449 -0.159212 -1.993864 -0.164189 0.570066 0.808834 1.000000 
0.051019 -3.194010 0.318058 -0.188623 -1.994974 -0.113147 0.576724 0.853934 1.000000 
0.025458 -3.195698 0.316431 -0.217993 -1.995673 -0.061601 0.583699 0.887710 1.000000 
-0.000106 -3.195020 0.314570 -0.247286 -1.995959 -0.009642 0.590889 0.907357 1.000000 
-0.025656 -3.191953 0.312475 -0.276462 -1.995827 0.042630 0.598174 0.911080 1.000000 
-0.051171 -3.186477 0.310147 -0.305484 -1.995276 0.095106 0.605423 0.898451 1.000000 
-0.076633 -3.178581 0.307588 -0.334310 -1.994305 0.147675 0.612508 0.870508 1.000000 
-0.102022 -3.168259 0.304799 -0.362898 -1.992913 0.200214 0.619316 0.829554 1.000000 
-0.127318 -3.155513 0.301782 -0.391207 -1.991102 0.252598 0.625755 0.778727 1.000000 
-0.152504 -3.140351 0.298540 -0.419193 -1.988873 0.304701 0.631759 0.721475 1.000000 
-0.177558 -3.122790 0.295076 -0.446815 -1.986228 0.356394 0.637290 0.661088 1.000000 
-0.202462 -3.102856 0.291392 -0.474034 -1.983172 0.407546 0.642335 0.600370 1.000000 
-0.227197 -3.080580 0.287493 -0.500809 -1.979709 0.458033 0.646901 0.541474 1.000000 
-0.251745 -3.056002 0.283381 -0.527104 -1.975845 0.507728 0.651008 0.485888 1.000000 
-0.276087 -3.029167 0.279060 -0.552883 -1.971588 0.556512 0.654686 0.434510 1.000000 
-0.300206 -3.000129 0.274536 -0.578111 -1.966944 0.604267 0.657972 0.387766 1.000000 
-0.324083 -2.968946 0.269812 -0.602759 -1.961922 0.650883 0.660903 0.345737 1.000000 
-0.347703 -2.935682 0.264893 -0.626795 -1.956533 0.696252 0.663516 0.308273 1.000000 
-0.371049 -2.900406 0.259785 -0.650194 -1.950786 0.740272 0.665847 0.275083 1.000000 
-0.394105 -2.863192 0.254492 -0.672929 -1.944693 0.782848 0.667928 0.245801 1.000000 
-0.416855 -2.824119 0.249020 -0.694979 -1.938265 0.823890 0.669789 0.220034 1.000000 
-0.439286 -2.783267 0.243374 -0.716324 -1.931515 0.863312 0.671457 0.197391 1.000000 
-0.461383 -2.740722 0.237561 -0.736945 -1.924456 0.901038 0.672955 0.177502 1.000000 
-0.483133 -2.696572 0.231585 -0.756826 -1.917103 0.936993 0.674303 0.160026 1.000000 
-0.504524 -2.650906 0.225453 -0.775956 -1.909469 0.971113 0.675521 0.144657 1.000000 
-0.525544 -2.603817 0.219172 -0.794321 -1.901570 1.003336 0.676623 0.131123 1.000000 
-0.546182 -2.555397 0.212746 -0.811915 -1.893421 1.033609 0.677623 0.119185 1.000000 
-0.566427 -2.505741 0.206183 -0.828729 -1.885038 1.061882 0.678533 0.108635 1.000000 
-0.586270 -2.454945 0.199489 -0.844760 -1.876436 1.088115 0.679364 0.099293 1.000000 
-0.605703 -2.403102 0.192669 -0.860004 -1.867633 1.112270 0.680125 0.091003 1.000000 
-0.624717 -2.350309 0.185731 -0.874463 -1.858646 1.134317 0.680823 0.083629 1.000000 
-0.643306 -2.296660 0.178680 -0.888136 -1.849490 1.154230 0.681465 0.077055 1.000000 
-0.661462 -2.242247 0.171523 -0.901028 -1.840184 1.171992 0.682058 0.071181 1.000000 
-0.679180 -2.187164 0.164266 -0.913144 -1.830744 1.187587 0.682606 0.065921 1.000000 
-0.696455 -2.131500 0.156914 -0.924490 -1.821188 1.201008 0.683114 0.061200 1.000000 
-0.713283 -2.075346 0.149476 -0.935075 -1.811533 1.212250 0.683586 0.056953 1.000000 
-0.729659 -2.018786 0.141955 -0.944909 -1.801798 1.221316 0.684026 0.053124 1.000000 
-0.745582 -1.961905 0.134359 -0.954002 -1.791998 1.228211 0.684437 0.049665 1.000000 
-0.761049 -1.904784 0.126693 -0.962369 -1.782152 1.232947 0.684822 0.046533 1.000000 
-0.776059 -1.847501 0.118963 -0.970021 -1.772277 1.235539 0.685182 0.043693 1.000000 
-0.790609 -1.790133 0.111175 -0.976974 -1.762389 1.236006 0.685521 0.041111 1.000000 
-0.804701 -1.732749 0.103333 -0.983244 -1.752506 1.234371 0.685841 0.038761 1.000000 
-0.818333 -1.675420 0.095445 -0.988847 -1.742645 1.230662 0.686142 0.036617 1.000000 
-0.831508 -1.618209 0.087514 -0.993801 -1.732821 1.224908 0.686427 0.034659 1.000000 
-0.844225 -1.561177 0.079545 -0.998122 -1.723052 1.217143 0.686697 0.032866 1.000000 
-0.856487 -1.504382 0.071545 -1.001831 -1.713352 1.207405 0.686953 0.031224 1.000000 
-0.868296 -1.447876 0.063518 -1.004944 -1.703738 1.195732 0.687197 0.029717 1.000000 
-0.879654 -1.391709 0.055468 -1.007482 -1.694225 1.182166 0.687429 0.028332 1.000000 
-0.890564 -1.335925 0.047400 -1.009464 -1.684829 1.166752 0.687651 0.027057 1.000000 
-0.901030 -1.280566 0.039318 -1.010908 -1.675562 1.149537 0.687862 0.025883 1.000000 
-0.911055 -1.225668 0.031226 -1.011834 -1.666441 1.130567 0.688065 0.024800 1.000000 
-0.920642 -1.171265 0.023130 -1.012262 -1.657478 1.109894 0.688259 0.023801 1.000000 
-0.929796 -1.117385 0.015031 -1.012209 -1.648687 1.087569 0.688446 0.022878 1.000000 
-0.938522 -1.064052 0.006936 -1.011696 -1.640081 1.063644 0.688626 0.022025 1.000000 
-0.946823 -1.011289 -0.001154 -1.010739 -1.631673 1.038175 0.688799 0.021235 1.000000 
-0.954704 -0.959111 -0.009235 -1.009357 -1.623474 1.011215 0.688965 0.020505 1.000000 
-0.962170 -0.907531 -0.017303 -1.007566 -1.615497 0.982820 0.689127 0.019828 1.000000 
-0.969226 -0.856560 -0.025355 -1.005385 -1.607753 0.953047 0.689283 0.019202 1.000000 
-0.975877 -0.806204 -0.033388 -1.002828 -1.600252 0.921953 0.689434 0.018622 1.000000 
-0.982127 -0.756463 -0.041399 -0.999911 -1.593005 0.889596 0.689581 0.018085 1.000000 
-0.987982 -0.707339 -0.049386 -0.996649 -1.586021 0.856032 0.689724 0.017588 1.000000 
-0.993446 -0.658825 -0.057345 -0.993054 -1.579311 0.821321 0.689862 0.017128 1.000000 
-0.998524 -0.610916 -0.065274 -0.989140 -1.572883 0.785519 0.689998 0.016703 1.000000 
-1.003222 -0.563599 -0.073170 -0.984919 -1.566746 0.748684 0.690130 0.016311 1.000000 
-1.007544 -0.516864 -0.081032 -0.980402 -1.560907 0.710876 0.690259 0.015949 1.000000 
-1.011493 -0.470692 -0.088856 -0.975598 -1.555374 0.672151 0.690385 0.015616 1.000000 
-1.015076 -0.425066 -0.096641 -0.970516 -1.550155 0.632567 0.690509 0.015310 1.000000 
-1.018296 -0.379966 -0.104384 -0.965164 -1.545255 0.592181 0.690630 0.015030 1.000000 
-1.021157 -0.335368 -0.112083 -0.959550 -1.540682 0.551051 0.690749 0.014774 1.000000 
-1.023663 -0.291246 -0.119736 -0.953678 -1.536440 0.509234 0.690867 0.014542 1.000000 
-1.025818 -0.247575 -0.127341 -0.947553 -1.532536 0.466786 0.690982 0.014332 1.000000 
-1.027625 -0.204325 -0.134896 -0.941178 -1.528973 0.423764 0.691096 0.014143 1.000000 
-1.029088 -0.161467 -0.142399 -0.934557 -1.525757 0.380224 0.691208 0.013974 1.000000 
-1.030210 -0.118967 -0.149848 -0.927690 -1.522891 0.336221 0.691320 0.013825 1.000000 
-1.030993 -0.076794 -0.157241 -0.920577 -1.520378 0.291811 0.691430 0.013695 1.000000 
-1.031439 -0.034914 -0.164577 -0.913217 -1.518223 0.247050 0.691539 0.013584 1.000000 
-1.031552 0.006709 -0.171852 -0.905610 -1.516426 0.201992 0.691647 0.013491 1.000000 
-1.031333 0.048109 -0.179066 -0.897750 -1.514992 0.156692 0.691755 0.013415 1.000000 
-1.030783 0.089324 -0.186215 -0.889635 -1.513920 0.111205 0.691862 0.013357 1.000000 
-1.029904 0.130389 -0.193299 -0.881259 -1.513213 0.065586 0.691968 0.013315 1.000000 
-1.028697 0.171341 -0.200315 -0.872615 -1.512871 0.019889 0.692075 0.013291 1.000000 
-1.027162 0.212218 -0.207260 -0.863698 -1.512894 -0.025831 0.692181 0.013284 1.000000 
-1.025301 0.253055 -0.214133 -0.854498 -1.513284 -0.071520 0.692287 0.013293 1.000000 
-1.023114 0.293889 -0.220932 -0.845006 -1.514039 -0.117123 0.692394 0.013319 1.000000 
-1.020599 0.334757 -0.227653 -0.835214 -1.515158 -0.162586 0.692500 0.013363 1.000000 
-1.017757 0.375692 -0.234294 -0.825109 -1.516639 -0.207854 0.692608 0.013423 1.000000 
-1.014588 0.416731 -0.240853 -0.814681 -1.518483 -0.252872 0.692715 0.013501 1.000000 
-1.011089 0.457906 -0.247328 -0.803917 -1.520685 -0.297585 0.692824 0.013596 1.000000 
-1.007261 0.499251 -0.253715 -0.792805 -1.523243 -0.341938 0.692933 0.013709 1.000000 
-1.003101 0.540796 -0.260012 -0.781332 -1.526154 -0.385874 0.693043 0.013841 1.000000 
-0.998607 0.582571 -0.266216 -0.769482 -1.529416 -0.429339 0.693154 0.013993 1.000000 
-0.993779 0.624604 -0.272323 -0.757241 -1.533022 -0.472276 0.693267 0.014163 1.000000 
-0.988613 0.666922 -0.278330 -0.744595 -1.536970 -0.514628 0.693381 0.014355 1.000000 
-0.983107 0.709550 -0.284235 -0.731528 -1.541255 -0.556339 0.693497 0.014568 1.000000 
-0.977259 0.752509 -0.290034 -0.718024 -1.545870 -0.597352 0.693614 0.014803 1.000000 
-0.971066 0.795822 -0.295722 -0.704068 -1.550810 -0.637608 0.693734 0.015061 1.000000 
-0.964525 0.839504 -0.301297 -0.689643 -1.556070 -0.677051 0.693855 0.015344 1.000000 
-0.957633 0.883573 -0.306755 -0.674734 -1.561641 -0.715622 0.693979 0.015653 1.000000 
-0.950387 0.928040 -0.312092 -0.659325 -1.567517 -0.753263 0.694106 0.015990 1.000000 
-0.942783 0.972917 -0.317303 -0.643399 -1.573690 -0.789915 0.694235 0.016356 1.000000 
-0.934819 1.018210 -0.322385 -0.626941 -1.580153 -0.825519 0.694368 0.016752 1.000000 
-0.926491 1.063923 -0.327333 -0.609935 -1.586896 -0.860017 0.694503 0.017182 1.000000 
-0.917795 1.110059 -0.332142 -0.592367 -1.593910 -0.893350 0.694643 0.017647 1.000000 
-0.908729 1.156613 -0.336809 -0.574222 -1.601186 -0.925459 0.694786 0.018150 1.000000 
-0.899288 1.203582 -0.341328 -0.555486 -1.608714 -0.956286 0.694933 0.018695 1.000000 
-0.889470 1.250956 -0.345695 -0.536146 -1.616483 -0.985771 0.695085 0.019283 1.000000 
-0.879272 1.298723 -0.349905 -0.516190 -1.624483 -1.013856 0.695242 0.019918 1.000000 
-0.868690 1.346866 -0.353953 -0.495605 -1.632701 -1.040485 0.695404 0.020605 1.000000 
-0.857721 1.395365 -0.357833 -0.474382 -1.641126 -1.065600 0.695572 0.021349 1.000000 
-0.846363 1.444198 -0.361541 -0.452511 -1.649746 -1.089145 0.695746 0.022153 1.000000 
-0.834613 1.493337 -0.365071 -0.429984 -1.658548 -1.111065 0.695926 0.023023 1.000000 
-0.822469 1.542750 -0.368419 -0.406793 -1.667519 -1.131305 0.696114 0.023967 1.000000 
-0.809929 1.592403 -0.371578 -0.382934 -1.676645 -1.149813 0.696310 0.024990 1.000000 
-0.796990 1.642257 -0.374544 -0.358402 -1.685911 -1.166536 0.696514 0.026100 1.000000 
-0.783652 1.692268 -0.377311 -0.333196 -1.695304 -1.181426 0.696728 0.027307 1.000000 
-0.769913 1.742391 -0.379873 -0.307313 -1.704809 -1.194434 0.696951 0.028621 1.000000 
-0.755774 1.792575 -0.382226 -0.280757 -1.714410 -1.205514 0.697186 0.030052 1.000000 
-0.741232 1.842766 -0.384364 -0.253528 -1.724092 -1.214622 0.697433 0.031613 1.000000 
-0.726289 1.892907 -0.386281 -0.225633 -1.733839 -1.221718 0.697692 0.033320 1.000000 
-0.710946 1.942936 -0.387972 -0.197078 -1.743634 -1.226763 0.697966 0.035188 1.000000 
-0.695203 1.992788 -0.389432 -0.167873 -1.753461 -1.229722 0.698256 0.037237 1.000000 
-0.679062 2.042395 -0.390656 -0.138028 -1.763304 -1.230561 0.698562 0.039489 1.000000 
-0.662526 2.091687 -0.391639 -0.107557 -1.773145 -1.229253 0.698888 0.041967 1.000000 
-0.645596 2.140589 -0.392376 -0.076475 -1.782966 -1.225771 0.699235 0.044701 1.000000 
-0.628277 2.189024 -0.392861 -0.044801 -1.792751 -1.220094 0.699604 0.047724 1.000000 
-0.610573 2.236913 -0.393091 -0.012555 -1.802482 -1.212205 0.699999 0.051074 1.000000 
-0.592488 2.284174 -0.393061 0.020242 -1.812140 -1.202090 0.700422 0.054795 1.000000 
-0.574028 2.330723 -0.392766 0.053563 -1.821709 -1.189741 0.700877 0.058938 1.000000 
-0.555199 2.376474 -0.392202 0.087382 -1.831170 -1.175152 0.701367 0.063563 1.000000 
-0.536007 2.421340 -0.391366 0.121670 -1.840506 -1.158325 0.701895 0.068739 1.000000 
-0.516460 2.465232 -0.390254 0.156394 -1.849698 -1.139265 0.702468 0.074548 1.000000 
-0.496566 2.508061 -0.388863 0.191521 -1.858728 -1.117982 0.703090 0.081085 1.000000 
-0.476334 2.549735 -0.387189 0.227014 -1.867579 -1.094491 0.703768 0.088464 1.000000 
-0.455774 2.590165 -0.385230 0.262836 -1.876234 -1.068813 0.704508 0.096815 1.000000 
-0.434895 2.629260 -0.382983 0.298947 -1.884675 -1.040974 0.705320 0.106294 1.000000 
-0.413709 2.666930 -0.380446 0.335303 -1.892884 -1.011004 0.706212 0.117086 1.000000 
-0.392228 2.703084 -0.377617 0.371862 -1.900845 -0.978940 0.707197 0.129405 1.000000 
-0.370464 2.737635 -0.374496 0.408578 -1.908542 -0.944824 0.708288 0.143508 1.000000 
-0.348431 2.770495 -0.371080 0.445403 -1.915957 -0.908701 0.709499 0.159693 1.000000 
-0.326141 2.801579 -0.367369 0.482290 -1.923076 -0.870622 0.710849 0.178311 1.000000 
-0.303610 2.830802 -0.363363 0.519190 -1.929882 -0.830644 0.712359 0.199768 1.000000 
-0.280853 2.858085 -0.359062 0.556050 -1.936361 -0.788826 0.714054 0.224532 1.000000 
-0.257886 2.883348 -0.354467 0.592821 -1.942498 -0.745233 0.715962 0.253133 1.000000 
-0.234726 2.906515 -0.349577 0.629449 -1.948280 -0.699933 0.718116 0.286154 1.000000 
-0.211388 2.927514 -0.344396 0.665883 -1.953693 -0.652996 0.720554 0.324220 1.000000 
-0.187891 2.946274 -0.338924 0.702070 -1.958724 -0.604498 0.723319 0.367957 1.000000 
-0.164254 2.962729 -0.333164 0.737957 -1.963361 -0.554513 0.726458 0.417929 1.000000 
-0.140494 2.976815 -0.327118 0.773491 -1.967592 -0.503121 0.730023 0.474538 1.000000 
-0.116631 2.988473 -0.320789 0.808619 -1.971407 -0.450401 0.734069 0.537870 1.000000 
-0.092685 2.997645 -0.314181 0.843289 -1.974795 -0.396434 0.738646 0.607483 1.000000 
-0.068676 3.004278 -0.307298 0.877449 -1.977747 -0.341301 0.743802 0.682156 1.000000 
-0.044623 3.008319 -0.300143 0.911045 -1.980253 -0.285087 0.749568 0.759614 1.000000 
-0.020550 3.009720 -0.292723 0.944026 -1.982306 -0.227880 0.755954 0.836347 1.000000 
0.003525 3.008437 -0.285041 0.976336 -1.983897 -0.169772 0.762935 0.907610 1.000000 
0.027578 3.004428 -0.277103 1.007921 -1.985020 -0.110863 0.770446 0.967777 1.000000 
0.051588 2.997655 -0.268916 1.038724 -1.985669 -0.051265 0.778375 1.011110 1.000000 
0.075533 2.988089 -0.260486 1.068685 -1.985839 0.008899 0.786566 1.032841 1.000000 
0.099390 2.975706 -0.251819 1.097744 -1.985525 0.069490 0.794835 1.030295 1.000000 
0.123137 2.960491 -0.242924 1.125841 -1.984726 0.130354 0.802986 1.003589 1.000000 
0.146751 2.942441 -0.233809 1.152912 -1.983440 0.191323 0.810836 0.955632 1.000000 
0.170209 2.921564 -0.224481 1.178900 -1.981665 0.252220 0.818233 0.891399 1.000000 
0.193488 2.897882 -0.214949 1.203748 -1.979405 0.312859 0.825070 0.816790 1.000000 
0.216567 2.871425 -0.205224 1.227403 -1.976661 0.373053 0.831289 0.737522 1.000000 
0.239424 2.842241 -0.195314 1.249817 -1.973438 0.432614 0.836871 0.658353 1.000000 
0.262036 2.810385 -0.185230 1.270949 -1.969741 0.491356 0.841832 0.582739 1.000000 
0.284383 2.775925 -0.174983 1.290762 -1.965578 0.549101 0.846210 0.512845 1.000000 
0.306444 2.738938 -0.164582 1.309226 -1.960959 0.605672 0.850056 0.449765 1.000000 
0.328199 2.699511 -0.154039 1.326317 -1.955891 0.660906 0.853426 0.393807 1.000000 
0.349630 2.657739 -0.143364 1.342017 -1.950388 0.714643 0.856375 0.344766 1.000000 
0.370717 2.613725 -0.132570 1.356311 -1.944461 0.766733 0.858959 0.302137 1.000000 
0.391444 2.567578 -0.121667 1.369195 -1.938125 0.817038 0.861225 0.265275 1.000000 
0.411793 2.519412 -0.110667 1.380665 -1.931394 0.865425 0.863217 0.233495 1.000000 
0.431749 2.469349 -0.099580 1.390726 -1.924284 0.911775 0.864973 0.206130 1.000000 
0.451298 2.417511 -0.088419 1.399385 -1.916811 0.955975 0.866525 0.182565 1.000000 
0.470425 2.364026 -0.077194 1.406656 -1.908994 0.997924 0.867902 0.162252 1.000000 
0.489118 2.309025 -0.065916 1.412557 -1.900851 1.037529 0.869129 0.144714 1.000000 
0.507366 2.252639 -0.054596 1.417108 -1.892400 1.074710 0.870224 0.129537 1.000000 
0.525157 2.195001 -0.043246 1.420337 -1.883662 1.109392 0.871206 0.116370 1.000000 
0.542483 2.136244 -0.031875 1.422272 -1.874657 1.141515 0.872091 0.104915 1.000000 
0.559335 2.076502 -0.020493 1.422945 -1.865405 1.171024 0.872889 0.094920 1.000000 
0.575705 2.015906 -0.009111 1.422393 -1.855927 1.197875 0.873613 0.086173 1.000000 
0.591587 1.954588 0.002262 1.420653 -1.846246 1.222033 0.874271 0.078494 1.000000 
0.606976 1.892674 0.013617 1.417767 -1.836382 1.243473 0.874871 0.071732 1.000000 
0.621869 1.830291 0.024944 1.413778 -1.826358 1.262177 0.875420 0.065760 1.000000 
0.636260 1.767562 0.036234 1.408729 -1.816195 1.278136 0.875925 0.060469 1.000000 
0.650149 1.704604 0.047481 1.402668 -1.805915 1.291349 0.876390 0.055769 1.000000 
0.663534 1.641533 0.058674 1.395641 -1.795540 1.301823 0.876819 0.051581 1.000000 
0.676414 1.578458 0.069808 1.387698 -1.785093 1.309571 0.877216 0.047840 1.000000 
0.688789 1.515484 0.080875 1.378886 -1.774594 1.314615 0.877585 0.044489 1.000000 
0.700662 1.452711 0.091868 1.369256 -1.764066 1.316980 0.877929 0.041480 1.000000 
0.712033 1.390233 0.102781 1.358856 -1.753530 1.316702 0.878250 0.038772 1.000000 
0.722907 1.328139 0.113608 1.347736 -1.743006 1.313818 0.878550 0.036328 1.000000 
0.733285 1.266512 0.124343 1.335944 -1.732515 1.308374 0.878831 0.034119 1.000000 
0.743172 1.205428 0.134982 1.323529 -1.722079 1.300417 0.879096 0.032116 1.000000 
0.752573 1.144959 0.145518 1.310536 -1.711715 1.290003 0.879346 0.030299 1.000000 
0.761493 1.085167 0.155949 1.297014 -1.701445 1.277187 0.879581 0.028645 1.000000 
0.769938 1.026112 0.166269 1.283005 -1.691287 1.262032 0.879805 0.027139 1.000000 
0.777913 0.967844 0.176476 1.268553 -1.681259 1.244601 0.880016 0.025764 1.000000 
0.785426 0.910410 0.186565 1.253699 -1.671379 1.224962 0.880217 0.024507 1.000000 
0.792482 0.853850 0.196534 1.238484 -1.661665 1.203184 0.880408 0.023357 1.000000 
0.799090 0.798195 0.206380 1.222944 -1.652133 1.179339 0.880591 0.022303 1.000000 
0.805256 0.743473 0.216100 1.207115 -1.642801 1.153499 0.880766 0.021336 1.000000 
0.810988 0.689706 0.225693 1.191031 -1.633683 1.125740 0.880933 0.020449 1.000000 
0.816294 0.636910 0.235156 1.174722 -1.624794 1.096138 0.881093 0.019633 1.000000 
0.821181 0.585094 0.244488 1.158217 -1.616149 1.064768 0.881247 0.018882 1.000000 
0.825658 0.534264 0.253687 1.141542 -1.607762 1.031709 0.881395 0.018192 1.000000 
0.829732 0.484418 0.262752 1.124722 -1.599646 0.997037 0.881538 0.017557 1.000000 
0.833411 0.435552 0.271682 1.107777 -1.591814 0.960831 0.881676 0.016973 1.000000 
0.836703 0.387655 0.280476 1.090725 -1.584277 0.923167 0.881810 0.016435 1.000000 
0.839616 0.340714 0.289134 1.073583 -1.577047 0.884124 0.881939 0.015940 1.000000 
0.842157 0.294709 0.297654 1.056364 -1.570134 0.843778 0.882065 0.015485 1.000000 
0.844334 0.249618 0.306035 1.039079 -1.563549 0.802205 0.882187 0.015068 1.000000 
0.846153 0.205413 0.314279 1.021736 -1.557302 0.759481 0.882306 0.014685 1.000000 
0.847623 0.162066 0.322383 1.004341 -1.551401 0.715682 0.882422 0.014335 1.000000 
0.848749 0.119544 0.330348 0.986896 -1.545854 0.670882 0.882536 0.014015 1.000000 
0.849538 0.077809 0.338173 0.969402 -1.540669 0.625154 0.882647 0.013724 1.000000 
0.849996 0.036823 0.345858 0.951858 -1.535854 0.578571 0.882755 0.013460 1.000000 
0.850129 -0.003454 0.353403 0.934258 -1.531414 0.531204 0.882862 0.013222 1.000000 
0.849942 -0.043067 0.360806 0.916597 -1.527356 0.483125 0.882967 0.013008 1.000000 
0.849441 -0.082060 0.368068 0.898865 -1.523686 0.434404 0.883070 0.012818 1.000000 
0.848631 -0.120481 0.375188 0.881051 -1.520407 0.385111 0.883172 0.012650 1.000000 
0.847515 -0.158378 0.382165 0.863141 -1.517525 0.335313 0.883273 0.012503 1.000000 
0.846098 -0.195801 0.388998 0.845121 -1.515043 0.285080 0.883372 0.012378 1.000000 
0.844383 -0.232799 0.395686 0.826973 -1.512965 0.234477 0.883471 0.012272 1.000000 
0.842374 -0.269425 0.402229 0.808677 -1.511293 0.183574 0.883569 0.012187 1.000000 
0.840073 -0.305729 0.408625 0.790212 -1.510028 0.132434 0.883666 0.012120 1.000000 
0.837483 -0.341763 0.414872 0.771556 -1.509174 0.081126 0.883762 0.012073 1.000000 
0.834606 -0.377580 0.420969 0.752684 -1.508731 0.029715 0.883859 0.012044 1.000000 
0.831442 -0.413229 0.426914 0.733570 -1.508699 -0.021734 0.883955 0.012034 1.000000 
0.827994 -0.448763 0.432705 0.714187 -1.509078 -0.073155 0.884052 0.012042 1.000000 
0.824262 -0.484230 0.438340 0.694508 -1.509869 -0.124482 0.884148 0.012069 1.000000 
0.820247 -0.519681 0.443817 0.674501 -1.511070 -0.175649 0.884245 0.012115 1.000000 
0.815947 -0.555163 0.449131 0.654137 -1.512679 -0.226590 0.884342 0.012180 1.000000 
0.811364 -0.590722 0.454282 0.633384 -1.514694 -0.277238 0.884440 0.012263 1.000000 
0.806495 -0.626403 0.459264 0.612210 -1.517114 -0.327526 0.884538 0.012367 1.000000 
0.801341 -0.662249 0.464076 0.590583 -1.519934 -0.377387 0.884638 0.012490 1.000000 
0.795899 -0.698301 0.468712 0.568470 -1.523150 -0.426752 0.884738 0.012634 1.000000 
0.790167 -0.734596 0.473170 0.545836 -1.526760 -0.475553 0.884840 0.012800 1.000000 
0.784145 -0.771172 0.477444 0.522650 -1.530758 -0.523718 0.884943 0.012987 1.000000 
0.777828 -0.808062 0.481531 0.498878 -1.535138 -0.571179 0.885048 0.013198 1.000000 
0.771215 -0.845295 0.485425 0.474486 -1.539894 -0.617863 0.885154 0.013433 1.000000 
0.764302 -0.882899 0.489121 0.449443 -1.545021 -0.663698 0.885263 0.013693 1.000000 
0.757087 -0.920897 0.492614 0.423716 -1.550511 -0.708610 0.885373 0.013980 1.000000 
0.749567 -0.959311 0.495899 0.397275 -1.556356 -0.752525 0.885486 0.014296 1.000000 
0.741737 -0.998155 0.498968 0.370088 -1.562549 -0.795369 0.885602 0.014641 1.000000 
0.733595 -1.037444 0.501818 0.342129 -1.569079 -0.837065 0.885721 0.015019 1.000000 
0.725137 -1.077186 0.504440 0.313369 -1.575938 -0.877536 0.885842 0.015431 1.000000 
0.716359 -1.117385 0.506830 0.283782 -1.583116 -0.916704 0.885968 0.015880 1.000000 
0.707257 -1.158041 0.508979 0.253344 -1.590602 -0.954492 0.886097 0.016369 1.000000 
0.697829 -1.199150 0.510881 0.222035 -1.598384 -0.990821 0.886230 0.016900 1.000000 
0.688070 -1.240701 0.512529 0.189833 -1.606451 -1.025612 0.886367 0.017479 1.000000 
0.677977 -1.282682 0.513916 0.156722 -1.614790 -1.058785 0.886510 0.018107 1.000000 
0.667546 -1.325074 0.515034 0.122688 -1.623387 -1.090261 0.886657 0.018791 1.000000 
0.656774 -1.367851 0.515876 0.087718 -1.632229 -1.119961 0.886810 0.019534 1.000000 
0.645659 -1.410986 0.516435 0.051805 -1.641301 -1.147806 0.886970 0.020344 1.000000 
0.634198 -1.454443 0.516702 0.014943 -1.650589 -1.173718 0.887136 0.021226 1.000000 
0.622387 -1.498184 0.516671 -0.022869 -1.660076 -1.197620 0.887310 0.022188 1.000000 
0.610226 -1.542163 0.516334 -0.061630 -1.669745 -1.219436 0.887491 0.023238 1.000000 
0.597712 -1.586331 0.515683 -0.101334 -1.679581 -1.239091 0.887682 0.024386 1.000000 
0.584845 -1.630633 0.514710 -0.141969 -1.689565 -1.256514 0.887882 0.025643 1.000000 
0.571622 -1.675009 0.513409 -0.183524 -1.699679 -1.271633 0.888092 0.027020 1.000000 
0.558044 -1.719393 0.511771 -0.225978 -1.709905 -1.284382 0.888314 0.028534 1.000000 
0.544112 -1.763715 0.509791 -0.269310 -1.720222 -1.294695 0.888549 0.030199 1.000000 
0.529825 -1.807900 0.507460 -0.313491 -1.730613 -1.302511 0.888798 0.032035 1.000000 
0.515186 -1.851869 0.504773 -0.358490 -1.741056 -1.307773 0.889062 0.034065 1.000000 
0.500196 -1.895537 0.501722 -0.404270 -1.751530 -1.310427 0.889344 0.036312 1.000000 
0.484858 -1.938817 0.498303 -0.450789 -1.762016 -1.310424 0.889644 0.038808 1.000000 
0.469176 -1.981616 0.494508 -0.498000 -1.772490 -1.307722 0.889965 0.041586 1.000000 
0.453154 -2.023838 0.490333 -0.545852 -1.782932 -1.302280 0.890310 0.044687 1.000000 
0.436797 -2.065385 0.485773 -0.594291 -1.793319 -1.294068 0.890681 0.048158 1.000000 
0.420110 -2.106154 0.480823 -0.643253 -1.803629 -1.283058 0.891082 0.052056 1.000000 
0.403101 -2.146041 0.475479 -0.692676 -1.813841 -1.269231 0.891516 0.056446 1.000000 
0.385776 -2.184939 0.469739 -0.742488 -1.823930 -1.252573 0.891987 0.061407 1.000000 
0.368145 -2.222739 0.463599 -0.792616 -1.833874 -1.233080 0.892500 0.067033 1.000000 
0.350215 -2.259333 0.457056 -0.842982 -1.843651 -1.210753 0.893061 0.073436 1.000000 
0.331999 -2.294609 0.450111 -0.893503 -1.853239 -1.185602 0.893677 0.080750 1.000000 
0.313506 -2.328457 0.442760 -0.944095 -1.862613 -1.157643 0.894356 0.089136 1.000000 
0.294748 -2.360766 0.435005 -0.994667 -1.871754 -1.126903 0.895107 0.098790 1.000000 
0.275738 -2.391428 0.426846 -1.045128 -1.880637 -1.093416 0.895941 0.109948 1.000000 
0.256489 -2.420332 0.418284 -1.095384 -1.889241 -1.057223 0.896871 0.122895 1.000000 
0.237017 -2.447374 0.409320 -1.145336 -1.897545 -1.018374 0.897913 0.137978 1.000000 
0.217337 -2.472449 0.399959 -1.194887 -1.905528 -0.976927 0.899085 0.155620 1.000000 
0.197464 -2.495455 0.390204 -1.243936 -1.913169 -0.932949 0.900411 0.176329 1.000000 
0.177415 -2.516295 0.380058 -1.292380 -1.920449 -0.886511 0.901916 0.200722 1.000000 
0.157209 -2.534874 0.369527 -1.340119 -1.927347 -0.837693 0.903634 0.229536 1.000000 
0.136863 -2.551101 0.358618 -1.387051 -1.933846 -0.786582 0.905603 0.263639 1.000000 
0.116398 -2.564891 0.347337 -1.433072 -1.939926 -0.733268 0.907869 0.304040 1.000000 
0.095832 -2.576162 0.335692 -1.478083 -1.945572 -0.677848 0.910487 0.351863 1.000000 
0.075186 -2.584835 0.323691 -1.521984 -1.950767 -0.620419 0.913522 0.408300 1.000000 
0.054482 -2.590840 0.311343 -1.564676 -1.955494 -0.561085 0.917046 0.474483 1.000000 
0.033740 -2.594107 0.298659 -1.606062 -1.959739 -0.499946 0.921142 0.551266 1.000000 
0.012983 -2.594570 0.285650 -1.646049 -1.963488 -0.437105 0.925895 0.638855 1.000000 
-0.007765 -2.592170 0.272327 -1.684541 -1.966729 -0.372664 0.931390 0.736276 1.000000 
-0.028483 -2.586847 0.258701 -1.721448 -1.969447 -0.306725 0.937695 0.840693 1.000000 
-0.049147 -2.578546 0.244788 -1.756676 -1.971632 -0.239395 0.944846 0.946755 1.000000 
-0.069732 -2.567214 0.230599 -1.790131 -1.973274 -0.170784 0.952826 1.046309 1.000000 
-0.090214 -2.552805 0.216151 -1.821717 -1.974362 -0.101021 0.961542 1.128955 1.000000 
-0.110569 -2.535277 0.201457 -1.851334 -1.974888 -0.030253 0.970815 1.183844 1.000000 
-0.130770 -2.514601 0.186535 -1.878882 -1.974844 0.041339 0.980386 1.202474 1.000000 
-0.150794 -2.490761 0.171401 -1.904256 -1.974225 0.113543 0.989948 1.181456 1.000000 
-0.170614 -2.463760 0.156073 -1.927357 -1.973026 0.186115 0.999191 1.123789 1.000000 
-0.190206 -2.433621 0.140569 -1.948093 -1.971247 0.258781 1.007853 1.037859 1.000000 
-0.209544 -2.400386 0.124910 -1.966381 -1.968886 0.331252 1.015751 0.934741 1.000000 
-0.228604 -2.364120 0.109114 -1.982152 -1.965948 0.403231 1.022792 0.825244 1.000000 
-0.247362 -2.324905 0.093202 -1.995353 -1.962437 0.474420 1.028961 0.717914 1.000000 
-0.265795 -2.282841 0.077195 -2.005949 -1.958360 0.544529 1.034300 0.618337 1.000000 
-0.283880 -2.238045 0.061114 -2.013919 -1.953728 0.613278 1.038883 0.529410 1.000000 
-0.301596 -2.190646 0.044980 -2.019258 -1.948552 0.680399 1.042801 0.452041 1.000000 
-0.318924 -2.140786 0.028813 -2.021976 -1.942846 0.745640 1.046146 0.385885 1.000000 
-0.335843 -2.088618 0.012635 -2.022099 -1.936627 0.808767 1.049002 0.329932 1.000000 
-0.352336 -2.034303 -0.003534 -2.019664 -1.929912 0.869561 1.051448 0.282907 1.000000 
-0.368386 -1.978009 -0.019673 -2.014722 -1.922721 0.927820 1.053549 0.243500 1.000000 
-0.383979 -1.919912 -0.035763 -2.007334 -1.915074 0.983359 1.055361 0.210495 1.000000 
-0.399101 -1.860190 -0.051784 -1.997573 -1.906995 1.036014 1.056931 0.182817 1.000000 
-0.413738 -1.799027 -0.067718 -1.985518 -1.898506 1.085634 1.058298 0.159553 1.000000 
-0.427882 -1.736604 -0.083546 -1.971262 -1.889633 1.132089 1.059494 0.139935 1.000000 
-0.441521 -1.673108 -0.099252 -1.954900 -1.880402 1.175264 1.060545 0.123332 1.000000 
-0.454649 -1.608720 -0.114819 -1.936536 -1.870838 1.215063 1.061474 0.109222 1.000000 
-0.467259 -1.543623 -0.130232 -1.916279 -1.860970 1.251406 1.062298 0.097181 1.000000 
-0.479346 -1.477996 -0.145475 -1.894244 -1.850825 1.284228 1.063033 0.086861 1.000000 
-0.490906 -1.412011 -0.160535 -1.870547 -1.840432 1.313482 1.063692 0.077978 1.000000 
-0.501937 -1.345839 -0.175400 -1.845309 -1.829819 1.339136 1.064284 0.070299 1.000000 
-0.512439 -1.279644 -0.190057 -1.818651 -1.819015 1.361171 1.064819 0.063633 1.000000 
-0.522412 -1.213582 -0.204495 -1.790695 -1.808050 1.379585 1.065305 0.057824 1.000000 
-0.531857 -1.147802 -0.218705 -1.761565 -1.796951 1.394387 1.065746 0.052742 1.000000 
-0.540778 -1.082447 -0.232677 -1.731382 -1.785749 1.405600 1.066150 0.048278 1.000000 
-0.549178 -1.017650 -0.246404 -1.700267 -1.774471 1.413258 1.066520 0.044343 1.000000 
-0.557062 -0.953535 -0.259879 -1.668338 -1.763146 1.417406 1.066861 0.040864 1.000000 
-0.564437 -0.890217 -0.273096 -1.635710 -1.751802 1.418101 1.067175 0.037776 1.000000 
-0.571308 -0.827802 -0.286049 -1.602496 -1.740466 1.415407 1.067466 0.035027 1.000000 
-0.577684 -0.766387 -0.298734 -1.568803 -1.729164 1.409397 1.067736 0.032573 1.000000 
-0.583573 -0.706058 -0.311149 -1.534736 -1.717924 1.400152 1.067988 0.030376 1.000000 
-0.588984 -0.646892 -0.323289 -1.500392 -1.706770 1.387760 1.068223 0.028404 1.000000 
-0.593927 -0.588955 -0.335155 -1.465865 -1.695728 1.372313 1.068443 0.026630 1.000000 
-0.598411 -0.532306 -0.346743 -1.431243 -1.684821 1.353910 1.068649 0.025029 1.000000 
-0.602447 -0.476992 -0.358054 -1.396608 -1.674073 1.332654 1.068844 0.023583 1.000000 
-0.606046 -0.423051 -0.369089 -1.362035 -1.663506 1.308651 1.069027 0.022273 1.000000 
-0.609220 -0.370514 -0.379847 -1.327593 -1.653142 1.282008 1.069201 0.021084 1.000000 
-0.611978 -0.319402 -0.390331 -1.293345 -1.643001 1.252838 1.069365 0.020004 1.000000 
-0.614334 -0.269727 -0.400541 -1.259347 -1.633103 1.221252 1.069521 0.019021 1.000000 
-0.616298 -0.221493 -0.410481 -1.225650 -1.623467 1.187362 1.069669 0.018126 1.000000 
-0.617882 -0.174698 -0.420153 -1.192296 -1.614111 1.151283 1.069811 0.017309 1.000000 
-0.619097 -0.129331 -0.429559 -1.159321 -1.605052 1.113128 1.069946 0.016563 1.000000 
-0.619955 -0.085375 -0.438703 -1.126755 -1.596306 1.073008 1.070076 0.015882 1.000000 
-0.620467 -0.042807 -0.447588 -1.094622 -1.587889 1.031035 1.070201 0.015261 1.000000 
-0.620643 -0.001597 -0.456218 -1.062939 -1.579814 0.987319 1.070321 0.014692 1.000000 
-0.620496 0.038291 -0.464596 -1.031715 -1.572096 0.941970 1.070436 0.014173 1.000000 
-0.620034 0.076895 -0.472727 -1.000957 -1.564747 0.895092 1.070547 0.013700 1.000000 
-0.619269 0.114261 -0.480613 -0.970662 -1.557778 0.846792 1.070655 0.013268 1.000000 
-0.618209 0.150438 -0.488259 -0.940823 -1.551202 0.797171 1.070760 0.012876 1.000000 
-0.616865 0.185479 -0.495667 -0.911429 -1.545027 0.746329 1.070861 0.012519 1.000000 
-0.615244 0.219438 -0.502843 -0.882460 -1.539263 0.694365 1.070960 0.012196 1.000000 
-0.613356 0.252376 -0.509788 -0.853894 -1.533920 0.641375 1.071057 0.011905 1.000000 
-0.611209 0.284353 -0.516506 -0.825704 -1.529004 0.587450 1.071151 0.011643 1.000000 
-0.608809 0.315433 -0.523000 -0.797855 -1.524523 0.532683 1.071243 0.011410 1.000000 
-0.606164 0.345681 -0.529272 -0.770312 -1.520483 0.477163 1.071333 0.011203 1.000000 
-0.603280 0.375164 -0.535326 -0.743033 -1.516890 0.420976 1.071422 0.011022 1.000000 
-0.600163 0.403949 -0.541162 -0.715973 -1.513749 0.364207 1.071510 0.010865 1.000000 
-0.596819 0.432103 -0.546782 -0.689083 -1.511064 0.306940 1.071596 0.010732 1.000000 
-0.593251 0.459696 -0.552187 -0.662311 -1.508839 0.249257 1.071682 0.010622 1.000000 
-0.589465 0.486795 -0.557379 -0.635602 -1.507077 0.191239 1.071766 0.010534 1.000000 
-0.585464 0.513468 -0.562357 -0.608897 -1.505780 0.132964 1.071850 0.010467 1.000000 
-0.581250 0.539783 -0.567121 -0.582136 -1.504950 0.074513 1.071934 0.010422 1.000000 
-0.576828 0.565805 -0.571671 -0.555256 -1.504588 0.015963 1.072017 0.010398 1.000000 
-0.572198 0.591599 -0.576005 -0.528191 -1.504694 -0.042608 1.072100 0.010394 1.000000 
-0.567363 0.617228 -0.580121 -0.500875 -1.505269 -0.101122 1.072183 0.010412 1.000000 
-0.562323 0.642754 -0.584018 -0.473239 -1.506312 -0.159500 1.072267 0.010450 1.000000 
-0.557079 0.668235 -0.587692 -0.445213 -1.507821 -0.217664 1.072351 0.010510 1.000000 
-0.551631 0.693729 -0.591140 -0.416728 -1.509794 -0.275535 1.072435 0.010591 1.000000 
-0.545979 0.719289 -0.594358 -0.387712 -1.512228 -0.333031 1.072520 0.010693 1.000000 
-0.540122 0.744966 -0.597342 -0.358095 -1.515121 -0.390073 1.072606 0.010818 1.000000 
-0.534059 0.770808 -0.600086 -0.327804 -1.518468 -0.446575 1.072693 0.010966 1.000000 
-0.527789 0.796860 -0.602585 -0.296771 -1.522265 -0.502454 1.072782 0.011137 1.000000 
-0.521309 0.823162 -0.604832 -0.264925 -1.526505 -0.557623 1.072872 0.011334 1.000000 
-0.514617 0.849750 -0.606821 -0.232198 -1.531184 -0.611993 1.072963 0.011556 1.000000 
-0.507712 0.876657 -0.608545 -0.198522 -1.536295 -0.665474 1.073057 0.011805 1.000000 
-0.500590 0.903911 -0.609995 -0.163835 -1.541829 -0.717971 1.073152 0.012083 1.000000 
-0.493248 0.931536 -0.611163 -0.128072 -1.547780 -0.769390 1.073250 0.012391 1.000000 
-0.485684 0.959549 -0.612041 -0.091175 -1.554136 -0.819633 1.073350 0.012732 1.000000 
-0.477894 0.987964 -0.612619 -0.053088 -1.560890 -0.868599 1.073454 0.013107 1.000000 
-0.469876 1.016788 -0.612887 -0.013757 -1.568030 -0.916186 1.073560 0.013519 1.000000 
-0.461625 1.046025 -0.612835 0.026865 -1.575545 -0.962287 1.073670 0.013971 1.000000 
-0.453138 1.075671 -0.612454 0.068822 -1.583423 -1.006796 1.073784 0.014466 1.000000 
-0.444413 1.105716 -0.611731 0.112153 -1.591650 -1.049602 1.073902 0.015009 1.000000 
-0.435446 1.136146 -0.610655 0.156890 -1.600212 -1.090594 1.074024 0.015602 1.000000 
-0.426234 1.166939 -0.609217 0.203061 -1.609094 -1.129658 1.074152 0.016252 1.000000 
-0.416774 1.198068 -0.607403 0.250687 -1.618281 -1.166681 1.074284 0.016963 1.000000 
-0.407064 1.229497 -0.605202 0.299780 -1.627755 -1.201545 1.074423 0.017743 1.000000 
-0.397101 1.261187 -0.602602 0.350347 -1.637499 -1.234134 1.074568 0.018598 1.000000 
-0.386884 1.293091 -0.599592 0.402386 -1.647495 -1.264332 1.074721 0.019536 1.000000 
-0.376411 1.325156 -0.596160 0.455887 -1.657722 -1.292022 1.074881 0.020568 1.000000 
-0.365681 1.357320 -0.592294 0.510832 -1.668160 -1.317088 1.075050 0.021705 1.000000 
-0.354694 1.389519 -0.587983 0.567193 -1.678788 -1.339417 1.075229 0.022959 1.000000 
-0.343449 1.421679 -0.583215 0.624933 -1.689583 -1.358896 1.075418 0.024345 1.000000 
-0.331947 1.453721 -0.577980 0.684006 -1.700522 -1.375415 1.075619 0.025881 1.000000 
-0.320190 1.485562 -0.572268 0.744355 -1.711582 -1.388870 1.075833 0.027587 1.000000 
-0.308179 1.517111 -0.566068 0.805913 -1.722736 -1.399159 1.076061 0.029487 1.000000 
-0.295917 1.548272 -0.559370 0.868604 -1.733960 -1.406185 1.076305 0.031610 1.000000 
-0.283408 1.578944 -0.552167 0.932340 -1.745226 -1.409857 1.076567 0.033987 1.000000 
-0.270656 1.609023 -0.544450 0.997025 -1.756508 -1.410093 1.076849 0.036659 1.000000 
-0.257666 1.638398 -0.536212 1.062550 -1.767778 -1.406817 1.077155 0.039673 1.000000 
-0.244444 1.666957 -0.527448 1.128798 -1.779008 -1.399960 1.077485 0.043085 1.000000 
-0.230997 1.694583 -0.518150 1.195641 -1.790168 -1.389464 1.077845 0.046962 1.000000 
-0.217333 1.721158 -0.508316 1.262941 -1.801229 -1.375282 1.078238 0.051386 1.000000 
-0.203461 1.746560 -0.497942 1.330554 -1.812162 -1.357376 1.078669 0.056456 1.000000 
-0.189392 1.770667 -0.487027 1.398322 -1.822937 -1.335720 1.079143 0.062294 1.000000 
-0.175135 1.793358 -0.475569 1.466084 -1.833524 -1.310302 1.079668 0.069048 1.000000 
-0.160702 1.814509 -0.463570 1.533667 -1.843892 -1.281120 1.080251 0.076901 1.000000 
-0.146107 1.834000 -0.451031 1.600896 -1.854012 -1.248188 1.080902 0.086082 1.000000 
-0.131363 1.851710 -0.437957 1.667585 -1.863853 -1.211533 1.081633 0.096873 1.000000 
-0.116485 1.867523 -0.424352 1.733548 -1.873386 -1.171194 1.082457 0.109629 1.000000 
-0.101488 1.881325 -0.410223 1.798591 -1.882582 -1.127227 1.083393 0.124797 1.000000 
-0.086389 1.893005 -0.395577 1.862520 -1.891413 -1.079701 1.084462 0.142941 1.000000 
-0.071206 1.902458 -0.380426 1.925136 -1.899848 -1.028696 1.085690 0.164773 1.000000 
-0.055956 1.909585 -0.364779 1.986243 -1.907863 -0.974309 1.087111 0.191196 1.000000 
-0.040659 1.914290 -0.348651 2.045642 -1.915429 -0.916645 1.088765 0.223349 1.000000 
-0.025334 1.916486 -0.332054 2.103138 -1.922521 -0.855823 1.090703 0.262658 1.000000 
-0.010002 1.916090 -0.315006 2.158537 -1.929114 -0.791970 1.092991 0.310887 1.000000 
0.005316 1.913026 -0.297524 2.211650 -1.935184 -0.725217 1.095707 0.370160 1.000000 
0.020599 1.907224 -0.279626 2.262292 -1.940710 -0.655701 1.098949 0.442916 1.000000 
0.035825 1.898619 -0.261334 2.310283 -1.945669 -0.583559 1.102836 0.531726 1.000000 
0.050970 1.887150 -0.242669 2.355448 -1.950040 -0.508925 1.107506 0.638831 1.000000 
0.066011 1.872759 -0.223655 2.397615 -1.953805 -0.431925 1.113109 0.765225 1.000000 
0.080926 1.855388 -0.204316 2.436616 -1.956945 -0.352679 1.119797 0.909118 1.000000 
0.095689 1.834981 -0.184678 2.472283 -1.959442 -0.271299 1.127685 1.063825 1.000000 
0.110277 1.811482 -0.164769 2.504443 -1.961280 -0.187903 1.136811 1.215805 1.000000 
0.124665 1.784838 -0.144617 2.532914 -1.962444 -0.102631 1.147076 1.344517 1.000000 
0.138826 1.755011 -0.124252 2.557504 -1.962918 -0.015672 1.158198 1.426291 1.000000 
0.152736 1.721984 -0.103707 2.578015 -1.962691 0.072705 1.169720 1.442521 1.000000 
0.166369 1.685770 -0.083015 2.594253 -1.961752 0.162141 1.181089 1.388328 1.000000 
0.179700 1.646422 -0.062211 2.606039 -1.960095 0.252190 1.191776 1.275316 1.000000 
0.192704 1.604033 -0.041331 2.613228 -1.957716 0.342350 1.201397 1.126017 1.000000 
0.205357 1.558726 -0.020412 2.615716 -1.954618 0.432088 1.209760 0.964411 1.000000 
0.217636 1.510657 0.000508 2.613447 -1.950806 0.520871 1.216844 0.808844 1.000000 
0.229521 1.460002 0.021390 2.606410 -1.946288 0.608183 1.222746 0.669845 1.000000 
0.240990 1.406958 0.042198 2.594639 -1.941080 0.693536 1.227617 0.551417 1.000000 
0.252026 1.351737 0.062892 2.578211 -1.935198 0.776473 1.231623 0.453435 1.000000 
0.262613 1.294565 0.083437 2.557237 -1.928664 0.856571 1.234921 0.373736 1.000000 
0.272735 1.235674 0.103796 2.531864 -1.921502 0.933447 1.237644 0.309459 1.000000 
0.282379 1.175306 0.123935 2.502268 -1.913738 1.006750 1.239906 0.257769 1.000000 
0.291536 1.113705 0.143822 2.468651 -1.905404 1.076168 1.241795 0.216165 1.000000 
0.300196 1.051118 0.163424 2.431237 -1.896531 1.141428 1.243386 0.182568 1.000000 
0.308352 0.987789 0.182712 2.390271 -1.887153 1.202290 1.244733 0.155306 1.000000 
0.315999 0.923962 0.201659 2.346013 -1.877306 1.258553 1.245884 0.133057 1.000000 
0.323135 0.859875 0.220240 2.298735 -1.867029 1.310047 1.246873 0.114785 1.000000 
0.329757 0.795756 0.238432 2.248719 -1.856359 1.356642 1.247729 0.099681 1.000000 
0.335867 0.731830 0.256213 2.196254 -1.845336 1.398237 1.248475 0.087116 1.000000 
0.341468 0.668307 0.273566 2.141633 -1.834000 1.434765 1.249128 0.076595 1.000000 
0.346562 0.605388 0.290474 2.085147 -1.822393 1.466189 1.249705 0.067731 1.000000 
0.351156 0.543262 0.306924 2.027088 -1.810555 1.492501 1.250216 0.060217 1.000000 
0.355257 0.482103 0.322904 1.967743 -1.798527 1.513720 1.250671 0.053810 1.000000 
0.358873 0.422071 0.338405 1.907392 -1.786349 1.529891 1.251079 0.048318 1.000000 
0.362013 0.363312 0.353421 1.846308 -1.774062 1.541081 1.251446 0.043585 1.000000 
0.364689 0.305957 0.367945 1.784751 -1.761705 1.547381 1.251778 0.039485 1.000000 
0.366913 0.250120 0.381976 1.722971 -1.749316 1.548898 1.252079 0.035918 1.000000 
0.368696 0.195902 0.395513 1.661205 -1.736935 1.545757 1.252354 0.032799 1.000000 
0.370052 0.143387 0.408556 1.599675 -1.724596 1.538099 1.252605 0.030061 1.000000 
0.370994 0.092644 0.421109 1.538586 -1.712337 1.526076 1.252836 0.027648 1.000000 
0.371539 0.043730 0.433175 1.478128 -1.700190 1.509850 1.253048 0.025513 1.000000 
0.371699 -0.003316 0.444761 1.418474 -1.688190 1.489595 1.253245 0.023618 1.000000 
0.371491 -0.048466 0.455873 1.359781 -1.676367 1.465488 1.253427 0.021930 1.000000 
0.370929 -0.091705 0.466520 1.302187 -1.664752 1.437713 1.253596 0.020422 1.000000 
0.370029 -0.133031 0.476711 1.245812 -1.653373 1.406457 1.253754 0.019071 1.000000 
0.368805 -0.172453 0.486457 1.190760 -1.642257 1.371906 1.253901 0.017858 1.000000 
0.367274 -0.209991 0.495767 1.137118 -1.631431 1.334250 1.254040 0.016767 1.000000 
0.365450 -0.245674 0.504655 1.084955 -1.620917 1.293677 1.254170 0.015782 1.000000 
0.363348 -0.279540 0.513131 1.034323 -1.610739 1.250369 1.254293 0.014893 1.000000 
0.360982 -0.311634 0.521208 0.985261 -1.600918 1.204510 1.254408 0.014089 1.000000 
0.358367 -0.342011 0.528899 0.937788 -1.591473 1.156277 1.254518 0.013360 1.000000 
0.355515 -0.370729 0.536217 0.891913 -1.582423 1.105842 1.254622 0.012700 1.000000 
0.352439 -0.397854 0.543174 0.847629 -1.573785 1.053372 1.254722 0.012102 1.000000 
0.349153 -0.423454 0.549783 0.804913 -1.565575 0.999030 1.254816 0.011561 1.000000 
0.345668 -0.447604 0.556057 0.763734 -1.557805 0.942969 1.254907 0.011070 1.000000 
0.341995 -0.470380 0.562007 0.724046 -1.550491 0.885339 1.254993 0.010626 1.000000 
0.338145 -0.491860 0.567645 0.685793 -1.543644 0.826281 1.255077 0.010226 1.000000 
0.334129 -0.512127 0.572983 0.648907 -1.537274 0.765932 1.255157 0.009866 1.000000 
0.329954 -0.531261 0.578031 0.613313 -1.531392 0.704420 1.255235 0.009543 1.000000 
0.325631 -0.549345 0.582799 0.578924 -1.526006 0.641869 1.255310 0.009256 1.000000 
0.321167 -0.566463 0.587297 0.545647 -1.521125 0.578395 1.255383 0.009001 1.000000 
0.316570 -0.582695 0.591532 0.513380 -1.516754 0.514110 1.255454 0.008777 1.000000 
0.311846 -0.598123 0.595513 0.482015 -1.512901 0.449120 1.255523 0.008583 1.000000 
0.307002 -0.612827 0.599247 0.451437 -1.509570 0.383527 1.255591 0.008417 1.000000 
0.302043 -0.626885 0.602738 0.421524 -1.506766 0.317428 1.255658 0.008279 1.000000 
0.296974 -0.640372 0.605993 0.392153 -1.504492 0.250917 1.255724 0.008167 1.000000 
0.291798 -0.653362 0.609014 0.363192 -1.502752 0.184084 1.255789 0.008081 1.000000 
0.286521 -0.665925 0.611804 0.334507 -1.501547 0.117017 1.255853 0.008020 1.000000 
0.281144 -0.678128 0.614366 0.305962 -1.500880 0.049803 1.255917 0.007984 1.000000 
0.275672 -0.690035 0.616700 0.277416 -1.500751 -0.017474 1.255981 0.007973 1.000000 
0.270105 -0.701706 0.618804 0.248727 -1.501159 -0.084728 1.256045 0.007986 1.000000 
0.264445 -0.713196 0.620679 0.219752 -1.502106 -0.151874 1.256109 0.008023 1.000000 
0.258694 -0.724559 0.622319 0.190345 -1.503589 -0.218827 1.256173 0.008085 1.000000 
0.252852 -0.735840 0.623723 0.160361 -1.505606 -0.285500 1.256238 0.008172 1.000000 
0.246920 -0.747082 0.624883 0.129655 -1.508156 -0.351801 1.256304 0.008284 1.000000 
0.240899 -0.758324 0.625795 0.098083 -1.511234 -0.417639 1.256371 0.008422 1.000000 
0.234787 -0.769599 0.626450 0.065503 -1.514837 -0.482917 1.256439 0.008587 1.000000 
0.228585 -0.780933 0.626840 0.031774 -1.518959 -0.547536 1.256508 0.008779 1.000000 
0.222292 -0.792349 0.626955 -0.003241 -1.523595 -0.611389 1.256580 0.009000 1.000000 
0.215907 -0.803864 0.626784 -0.039676 -1.528739 -0.674367 1.256653 0.009251 1.000000 
0.209430 -0.815488 0.626316 -0.077661 -1.534382 -0.736354 1.256728 0.009534 1.000000 
0.202859 -0.827227 0.625537 -0.117318 -1.540518 -0.797228 1.256805 0.009850 1.000000 
0.196194 -0.839079 0.624434 -0.158767 -1.547135 -0.856861 1.256885 0.010202 1.000000 
0.189433 -0.851037 0.622992 -0.202117 -1.554224 -0.915117 1.256969 0.010592 1.000000 
0.182577 -0.863088 0.621195 -0.247470 -1.561773 -0.971856 1.257055 0.011023 1.000000 
0.175624 -0.875212 0.619027 -0.294920 -1.569769 -1.026927 1.257145 0.011499 1.000000 
0.168574 -0.887382 0.616470 -0.344550 -1.578199 -1.080176 1.257239 0.012024 1.000000 
0.161426 -0.899567 0.613508 -0.396432 -1.587046 -1.131440 1.257338 0.012601 1.000000 
0.154181 -0.911728 0.610121 -0.450625 -1.596296 -1.180551 1.257441 0.013238 1.000000 
0.146838 -0.923819 0.606292 -0.507174 -1.605929 -1.227333 1.257550 0.013938 1.000000 
0.139400 -0.935789 0.602000 -0.566112 -1.615926 -1.271606 1.257664 0.014711 1.000000 
0.131866 -0.947579 0.597227 -0.627453 -1.626268 -1.313184 1.257785 0.015564 1.000000 
0.124239 -0.959126 0.591954 -0.691197 -1.636930 -1.351878 1.257913 0.016508 1.000000 
0.116521 -0.970361 0.586162 -0.757324 -1.647889 -1.387493 1.258049 0.017553 1.000000 
0.108714 -0.981208 0.579831 -0.825796 -1.659121 -1.419835 1.258194 0.018714 1.000000 
0.100823 -0.991587 0.572943 -0.896557 -1.670597 -1.448707 1.258349 0.020006 1.000000 
0.092850 -1.001412 0.565480 -0.969527 -1.682290 -1.473912 1.258515 0.021450 1.000000 
0.084802 -1.010594 0.557425 -1.044606 -1.694170 -1.495258 1.258693 0.023067 1.000000 
0.076683 -1.019040 0.548761 -1.121673 -1.706204 -1.512552 1.258885 0.024885 1.000000 
0.068500 -1.026652 0.539473 -1.200583 -1.718359 -1.525609 1.259092 0.026937 1.000000 
0.060259 -1.033331 0.529547 -1.281169 -1.730602 -1.534251 1.259316 0.029263 1.000000 
0.051969 -1.038975 0.518971 -1.363241 -1.742895 -1.538308 1.259561 0.031910 1.000000 
0.043638 -1.043483 0.507732 -1.446586 -1.755202 -1.537622 1.259828 0.034937 1.000000 
0.035277 -1.046752 0.495822 -1.530968 -1.767484 -1.532048 1.260121 0.038418 1.000000 
0.026894 -1.048678 0.483235 -1.616129 -1.779701 -1.521456 1.260444 0.042440 1.000000 
0.018502 -1.049162 0.469963 -1.701792 -1.791814 -1.505734 1.260802 0.047118 1.000000 
0.010111 -1.048105 0.456005 -1.787657 -1.803779 -1.484787 1.261200 0.052589 1.000000 
0.001736 -1.045413 0.441361 -1.873408 -1.815556 -1.458545 1.261646 0.059032 1.000000 
-0.006611 -1.040995 0.426032 -1.958709 -1.827102 -1.426959 1.262148 0.066673 1.000000 
-0.014915 -1.034765 0.410024 -2.043213 -1.838373 -1.390004 1.262716 0.075802 1.000000 
-0.023162 -1.026646 0.393344 -2.126556 -1.849327 -1.347683 1.263365 0.086797 1.000000 
-0.031336 -1.016567 0.376003 -2.208366 -1.859922 -1.300024 1.264112 0.100150 1.000000 
-0.039421 -1.004463 0.358015 -2.288264 -1.870114 -1.247084 1.264976 0.116511 1.000000 
-0.047402 -0.990280 0.339397 -2.365865 -1.879861 -1.188947 1.265986 0.136747 1.000000 
-0.055260 -0.973973 0.320168 -2.440780 -1.889123 -1.125724 1.267177 0.162015 1.000000 
-0.062980 -0.955506 0.300352 -2.512625 -1.897860 -1.057552 1.268596 0.193877 1.000000 
-0.070542 -0.934851 0.279975 -2.581019 -1.906031 -0.984590 1.270302 0.234444 1.000000 
-0.077931 -0.911991 0.259066 -2.645586 -1.913601 -0.907018 1.272378 0.286568 1.000000 
-0.085128 -0.886916 0.237657 -2.705962 -1.920532 -0.825027 1.274928 0.354059 1.000000 
-0.092116 -0.859621 0.215783 -2.761795 -1.926790 -0.738816 1.278097 0.441888 1.000000 
-0.098876 -0.830106 0.193482 -2.812741 -1.932342 -0.648578 1.282069 0.556216 1.000000 
-0.105392 -0.798369 0.170793 -2.858472 -1.937157 -0.554485 1.287085 0.703861 1.000000 
-0.111644 -0.764403 0.147761 -2.898663 -1.941204 -0.456677 1.293435 0.890439 1.000000 
-0.117616 -0.728190 0.124430 -2.932988 -1.944454 -0.355241 1.301437 1.115962 1.000000 
-0.123289 -0.689702 0.100850 -2.961105 -1.946878 -0.250221 1.311361 1.367012 1.000000 
-0.128645 -0.648906 0.077070 -2.982633 -1.948448 -0.141644 1.323284 1.607900 1.000000 
-0.133666 -0.605789 0.053146 -2.997143 -1.949135 -0.029622 1.336906 1.780612 1.000000 
-0.138332 -0.560398 0.029136 -3.004166 -1.948914 0.085519 1.351433 1.826809 1.000000 
-0.142626 -0.512872 0.005101 -3.003240 -1.947761 0.203125 1.365736 1.725731 1.000000 
-0.146533 -0.463448 -0.018894 -2.993979 -1.945660 0.322234 1.378741 1.511586 1.000000 
-0.150037 -0.412429 -0.042780 -2.976134 -1.942604 0.441704 1.389793 1.248630 1.000000 
-0.153128 -0.360152 -0.066489 -2.949612 -1.938595 0.560352 1.398740 0.992627 1.000000 
-0.155797 -0.306957 -0.089951 -2.914473 -1.933643 0.677049 1.405774 0.773282 1.000000 
-0.158038 -0.253183 -0.113098 -2.870913 -1.927770 0.790752 1.411232 0.598315 1.000000 
-0.159848 -0.199159 -0.135864 -2.819247 -1.921002 0.900516 1.415456 0.463881 1.000000 
-0.161225 -0.145206 -0.158185 -2.759889 -1.913374 1.005496 1.418741 0.362291 1.000000 
-0.162172 -0.091629 -0.180003 -2.693341 -1.904929 1.104948 1.421319 0.285830 1.000000 
-0.162693 -0.038719 -0.201261 -2.620172 -1.895712 1.198228 1.423364 0.228091 1.000000 
-0.162794 0.013251 -0.221910 -2.541010 -1.885775 1.284790 1.425006 0.184161 1.000000 
-0.162484 0.064031 -0.241903 -2.456524 -1.875174 1.364183 1.426338 0.150412 1.000000 
-0.161773 0.113391 -0.261202 -2.367413 -1.863968 1.436050 1.427432 0.124207 1.000000 
-0.160674 0.161128 -0.279771 -2.274395 -1.852218 1.500125 1.428340 0.103633 1.000000 
-0.159200 0.207063 -0.297584 -2.178193 -1.839987 1.556227 1.429102 0.087304 1.000000 
-0.157366 0.251043 -0.314616 -2.079529 -1.827340 1.604256 1.429746 0.074206 1.000000 
-0.155189 0.292944 -0.330851 -1.979111 -1.814341 1.644190 1.430296 0.063593 1.000000 
-0.152685 0.332666 -0.346279 -1.877626 -1.801055 1.676076 1.430768 0.054910 1.000000 
-0.149872 0.370135 -0.360892 -1.775733 -1.787545 1.700026 1.431178 0.047741 1.000000 
-0.146769 0.405304 -0.374691 -1.674055 -1.773875 1.716211 1.431535 0.041772 1.000000 
-0.143393 0.438147 -0.387679 -1.573175 -1.760106 1.724850 1.431849 0.036760 1.000000 
-0.139765 0.468663 -0.399866 -1.473631 -1.746297 1.726208 1.432126 0.032521 1.000000 
-0.135901 0.496869 -0.411262 -1.375914 -1.732505 1.720586 1.432371 0.028908 1.000000 
-0.131821 0.522804 -0.421886 -1.280464 -1.718785 1.708314 1.432590 0.025809 1.000000 
-0.127542 0.546520 -0.431757 -1.187671 -1.705189 1.689746 1.432785 0.023133 1.000000 
-0.123082 0.568087 -0.440897 -1.097873 -1.691765 1.665253 1.432961 0.020808 1.000000 
-0.118458 0.587587 -0.449332 -1.011353 -1.678559 1.635215 1.433119 0.018777 1.000000 
-0.113686 0.605111 -0.457088 -0.928349 -1.665615 1.600021 1.433262 0.016994 1.000000 
-0.108781 0.620760 -0.464195 -0.849046 -1.652972 1.560055 1.433391 0.015419 1.000000 
-0.103759 0.634641 -0.470683 -0.773583 -1.640666 1.515703 1.433509 0.014023 1.000000 
-0.098632 0.646868 -0.476583 -0.702054 -1.628731 1.467337 1.433616 0.012780 1.000000 
-0.093413 0.657554 -0.481926 -0.634512 -1.617198 1.415322 1.433714 0.011669 1.000000 
-0.088114 0.666817 -0.486746 -0.570970 -1.606095 1.360007 1.433803 0.010673 1.000000 
-0.082747 0.674773 -0.491073 -0.511404 -1.595446 1.301725 1.433885 0.009777 1.000000 
-0.077321 0.681539 -0.494939 -0.455759 -1.585274 1.240790 1.433960 0.008969 1.000000 
-0.071846 0.687226 -0.498375 -0.403948 -1.575600 1.177498 1.434028 0.008240 1.000000 
-0.066328 0.691945 -0.501412 -0.355856 -1.566440 1.112124 1.434092 0.007581 1.000000 
-0.060777 0.695799 -0.504078 -0.311346 -1.557811 1.044921 1.434150 0.006985 1.000000 
-0.055198 0.698888 -0.506402 -0.270258 -1.549725 0.976124 1.434204 0.006447 1.000000 
-0.049596 0.701306 -0.508411 -0.232413 -1.542196 0.905944 1.434253 0.005961 1.000000 
-0.043978 0.703138 -0.510129 -0.197616 -1.535234 0.834575 1.434299 0.005525 1.000000 
-0.038347 0.704464 -0.511580 -0.165657 -1.528846 0.762189 1.434342 0.005134 1.000000 
-0.032708 0.705357 -0.512787 -0.136314 -1.523041 0.688941 1.434381 0.004786 1.000000 
-0.027063 0.705879 -0.513768 -0.109353 -1.517825 0.614969 1.434418 0.004479 1.000000 
-0.021415 0.706086 -0.514542 -0.084535 -1.513203 0.540394 1.434453 0.004210 1.000000 
-0.015766 0.706025 -0.515125 -0.061609 -1.509180 0.465325 1.434486 0.003980 1.000000 
-0.010119 0.705736 -0.515532 -0.040322 -1.505759 0.389855 1.434517 0.003786 1.000000 
-0.004475 0.705247 -0.515774 -0.020414 -1.502943 0.314067 1.434547 0.003627 1.000000 
0.001165 0.704580 -0.515862 -0.001621 -1.500734 0.238037 1.434575 0.003503 1.000000 
0.006798 0.703746 -0.515802 0.016322 -1.499135 0.161829 1.434603 0.003414 1.000000 
0.012424 0.702749 -0.515602 0.033684 -1.498145 0.085504 1.434630 0.003359 1.000000 
0.018042 0.701582 -0.515264 0.050733 -1.497767 0.009119 1.434657 0.003338 1.000000 
0.023649 0.700232 -0.514790 0.067739 -1.498000 -0.067272 1.434683 0.003350 1.000000 
0.029245 0.698674 -0.514180 0.084971 -1.498843 -0.143615 1.434710 0.003397 1.000000 
0.034827 0.696875 -0.513430 0.102698 -1.500297 -0.219854 1.434738 0.003477 1.000000 
0.040394 0.694794 -0.512535 0.121186 -1.502360 -0.295930 1.434766 0.003591 1.000000 
0.045943 0.692380 -0.511488 0.140699 -1.505031 -0.371776 1.434795 0.003740 1.000000 
0.051471 0.689575 -0.510280 0.161498 -1.508308 -0.447321 1.434826 0.003924 1.000000 
0.056975 0.686310 -0.508900 0.183839 -1.512188 -0.522482 1.434858 0.004143 1.000000 
0.062451 0.682511 -0.507334 0.207974 -1.516666 -0.597167 1.434892 0.004399 1.000000 
0.067893 0.678094 -0.505567 0.234147 -1.521741 -0.671270 1.434929 0.004692 1.000000 
0.073298 0.672966 -0.503581 0.262595 -1.527405 -0.744669 1.434967 0.005024 1.000000 
0.078659 0.667030 -0.501359 0.293546 -1.533653 -0.817229 1.435009 0.005396 1.000000 
0.083968 0.660180 -0.498877 0.327217 -1.540478 -0.888795 1.435054 0.005811 1.000000 
0.089219 0.652303 -0.496115 0.363812 -1.547871 -0.959194 1.435102 0.006270 1.000000 
0.094402 0.643283 -0.493048 0.403520 -1.555821 -1.028232 1.435154 0.006777 1.000000 
0.099508 0.632998 -0.489650 0.446514 -1.564318 -1.095696 1.435211 0.007335 1.000000 
0.104526 0.621321 -0.485895 0.492947 -1.573348 -1.161350 1.435272 0.007950 1.000000 
0.109445 0.608123 -0.481754 0.542951 -1.582894 -1.224934 1.435338 0.008625 1.000000 
0.114252 0.593275 -0.477198 0.596632 -1.592940 -1.286170 1.435410 0.009368 1.000000 
0.118933 0.576646 -0.472197 0.654068 -1.603466 -1.344754 1.435488 0.010186 1.000000 
0.123473 0.558107 -0.466722 0.715310 -1.614449 -1.400363 1.435573 0.011090 1.000000 
0.127857 0.537530 -0.460742 0.780371 -1.625863 -1.452653 1.435666 0.012090 1.000000 
0.132068 0.514796 -0.454226 0.849229 -1.637681 -1.501262 1.435767 0.013200 1.000000 
0.136088 0.489789 -0.447145 0.921824 -1.649872 -1.545810 1.435877 0.014438 1.000000 
0.139898 0.462404 -0.439468 0.998052 -1.662402 -1.585905 1.435998 0.015825 1.000000 
0.143480 0.432546 -0.431167 1.077763 -1.675234 -1.621143 1.436131 0.017386 1.000000 
0.146812 0.400134 -0.422215 1.160761 -1.688326 -1.651115 1.436277 0.019152 1.000000 
0.149875 0.365103 -0.412586 1.246798 -1.701636 -1.675407 1.436438 0.021163 1.000000 
0.152646 0.327406 -0.402258 1.335577 -1.715117 -1.693611 1.436617 0.023469 1.000000 
0.155106 0.287016 -0.391211 1.426748 -1.728717 -1.705323 1.436815 0.026129 1.000000 
0.157232 0.243930 -0.379425 1.519906 -1.742384 -1.710157 1.437036 0.029224 1.000000 
0.159002 0.198169 -0.366888 1.614596 -1.756060 -1.707746 1.437284 0.032851 1.000000 
0.160395 0.149783 -0.353589 1.710311 -1.769687 -1.697750 1.437563 0.037142 1.000000 
0.161391 0.098846 -0.339522 1.806495 -1.783203 -1.679862 1.437880 0.042264 1.000000 
0.161970 0.045468 -0.324685 1.902547 -1.796543 -1.653819 1.438242 0.048441 1.000000 
0.162113 -0.010215 -0.309083 1.997822 -1.809642 -1.619402 1.438659 0.055971 1.000000 
0.161801 -0.068034 -0.292724 2.091641 -1.822431 -1.576450 1.439142 0.065258 1.000000 
0.161019 -0.127788 -0.275623 2.183293 -1.834842 -1.524858 1.439709 0.076857 1.000000 
0.159752 -0.189247 -0.257799 2.272044 -1.846806 -1.464587 1.440380 0.091545 1.000000 
0.157987 -0.252152 -0.239280 2.357145 -1.858252 -1.395666 1.441185 0.110422 1.000000 
0.155714 -0.316218 -0.220097 2.437841 -1.869113 -1.318192 1.442162 0.135075 1.000000 
0.152926 -0.381137 -0.200288 2.513377 -1.879321 -1.232329 1.443368 0.167833 1.000000 
0.149615 -0.446582 -0.179898 2.583010 -1.888809 -1.138306 1.444878 0.212168 1.000000 
0.145780 -0.512215 -0.158978 2.646016 -1.897513 -1.036400 1.446807 0.273334 1.000000 
0.141420 -0.577692 -0.137582 2.701694 -1.905371 -0.926925 1.449318 0.359342 1.000000 
0.136538 -0.642674 -0.115772 2.749372 -1.912324 -0.810193 1.452655 0.482362 1.000000 
0.131139 -0.706843 -0.093615 2.788400 -1.918316 -0.686469 1.457181 0.660334 1.000000 
0.125231 -0.769914 -0.071182 2.818130 -1.923290 -0.555881 1.463430 0.917311 1.000000 
0.118824 -0.831655 -0.048551 2.837877 -1.927191 -0.418308 1.472135 1.277350 1.000000 
0.111929 -0.891889 -0.025805 2.846827 -1.929963 -0.273244 1.484147 1.739267 1.000000 
0.104558 -0.950432 -0.003034 2.843913 -1.931541 -0.119811 1.500027 2.220459 1.000000 
0.096727 -1.006900 0.019662 2.827722 -1.931855 0.042739 1.519185 2.517347 1.000000 
0.088456 -1.060431 0.042170 2.796674 -1.930834 0.213883 1.539257 2.431000 1.000000 
0.079772 -1.109675 0.064366 2.749529 -1.928417 0.391067 1.557154 2.004731 1.000000 
0.070716 -1.153210 0.086118 2.685785 -1.924571 0.570466 1.571073 1.477891 1.000000 
0.061339 -1.189938 0.107295 2.605649 -1.919294 0.748246 1.581025 1.030328 1.000000 
0.051697 -1.219152 0.127767 2.509869 -1.912612 0.921066 1.587898 0.708174 1.000000 
0.041853 -1.240470 0.147414 2.399616 -1.904577 1.086082 1.592637 0.491157 1.000000 
0.031871 -1.253765 0.166126 2.276395 -1.895262 1.240899 1.595951 0.347329 1.000000 
0.021814 -1.259122 0.183807 2.141964 -1.884756 1.383545 1.598321 0.251279 1.000000 
0.011746 -1.256807 0.200373 1.998256 -1.873162 1.512460 1.600053 0.185961 1.000000 
0.001725 -1.247238 0.215759 1.847304 -1.860596 1.626482 1.601349 0.140548 1.000000 
-0.008192 -1.230958 0.229916 1.691177 -1.847180 1.724826 1.602337 0.108243 1.000000 
-0.017954 -1.208607 0.242810 1.531918 -1.833042 1.807059 1.603104 0.084743 1.000000 
-0.027516 -1.180901 0.254424 1.371494 -1.818310 1.873076 1.603709 0.067281 1.000000 
-0.036836 -1.148601 0.264756 1.211757 -1.803115 1.923063 1.604192 0.054046 1.000000 
-0.045883 -1.112493 0.273818 1.054405 -1.787583 1.957461 1.604581 0.043824 1.000000 
-0.054628 -1.073370 0.281637 0.900961 -1.771836 1.976930 1.604899 0.035786 1.000000 
-0.063051 -1.032008 0.288248 0.752751 -1.755990 1.982305 1.605158 0.029359 1.000000 
-0.071136 -0.989154 0.293698 0.610900 -1.740154 1.974559 1.605371 0.024133 1.000000 
-0.078875 -0.945513 0.298041 0.476327 -1.724429 1.954764 1.605547 0.019816 1.000000 
-0.086264 -0.901735 0.301340 0.349749 -1.708907 1.924055 1.605690 0.016193 1.000000 
-0.093304 -0.858412 0.303660 0.231688 -1.693670 1.883598 1.605807 0.013103 1.000000 
-0.100001 -0.816071 0.305071 0.122490 -1.678792 1.834560 1.605901 0.010429 1.000000 
-0.106365 -0.775170 0.305644 0.022333 -1.664337 1.778086 1.605975 0.008078 1.000000 
-0.112409 -0.736102 0.305452 -0.068750 -1.650360 1.715276 1.606031 0.005980 1.000000 
-0.118149 -0.699192 0.304568 -0.150856 -1.636907 1.647170 1.606071 0.004082 1.000000 
-0.123603 -0.664705 0.303062 -0.224190 -1.624016 1.574737 1.606097 0.002342 1.000000 
-0.128702 -0.645817 0.300798 -0.255973 -1.619462 1.498999 1.606113 0.001732 1.000000 
-0.133631 -0.635346 0.298263 -0.266520 -1.619613 1.422690 1.606128 0.001739 1.000000 
-0.138479 -0.625091 0.295665 -0.276988 -1.619764 1.346293 1.606143 0.001747 1.000000 
-0.143247 -0.615032 0.293006 -0.287394 -1.619916 1.269810 1.606159 0.001756 1.000000 
-0.147938 -0.605145 0.290286 -0.297752 -1.620067 1.193244 1.606174 0.001765 1.000000 
-0.152554 -0.595408 0.287506 -0.308075 -1.620219 1.116595 1.606190 0.001776 1.000000 
-0.157098 -0.585799 0.284665 -0.318375 -1.620372 1.039866 1.606205 0.001787 1.000000 
-0.161571 -0.576293 0.281765 -0.328660 -1.620524 0.963059 1.606220 0.001799 1.000000 
-0.165975 -0.566870 0.278806 -0.338937 -1.620677 0.886174 1.606236 0.001812 1.000000 
-0.170312 -0.557505 0.275789 -0.349212 -1.620830 0.809214 1.606251 0.001826 1.000000 
-0.174582 -0.548177 0.272712 -0.359488 -1.620983 0.732179 1.606267 0.001840 1.000000 
-0.178788 -0.538864 0.269577 -0.369767 -1.621137 0.655070 1.606282 0.001855 1.000000 
-0.182931 -0.529542 0.266383 -0.380048 -1.621291 0.577889 1.606298 0.001871 1.000000 
-0.187010 -0.520190 0.263130 -0.390332 -1.621444 0.500635 1.606313 0.001888 1.000000 
-0.191028 -0.510787 0.259820 -0.400614 -1.621599 0.423310 1.606329 0.001905 1.000000 
-0.194984 -0.501312 0.256451 -0.410890 -1.621753 0.345913 1.606345 0.001923 1.000000 
-0.198880 -0.491744 0.253023 -0.421154 -1.621908 0.268446 1.606360 0.001942 1.000000 
-0.202715 -0.482063 0.249537 -0.431399 -1.622062 0.190908 1.606376 0.001961 1.000000 
-0.206489 -0.472250 0.245993 -0.441615 -1.622217 0.113300 1.606392 0.001981 1.000000 
-0.210204 -0.462286 0.242391 -0.451792 -1.622373 0.035622 1.606408 0.002001 1.000000 
-0.213856 -0.452149 0.238731 -0.461919 -1.622554 -0.042122 1.606424 0.002025 1.000000 
-0.217432 -0.441665 0.234995 -0.472083 -1.623202 -0.119856 1.606441 0.002109 1.000000 
-0.220921 -0.430499 0.231176 -0.482561 -1.624472 -0.197508 1.606458 0.002271 1.000000 
-0.224317 -0.418302 0.227272 -0.493639 -1.626362 -0.275015 1.606477 0.002513 1.000000 
-0.227610 -0.404712 0.223276 -0.505586 -1.628871 -0.352301 1.606499 0.002836 1.000000 
-0.230788 -0.389353 0.219180 -0.518650 -1.631998 -0.429271 1.606523 0.003240 1.000000 
-0.233834 -0.371841 0.214974 -0.533060 -1.635738 -0.505806 1.606551 0.003727 1.000000 
-0.236730 -0.351781 0.210647 -0.549023 -1.640089 -0.581758 1.606583 0.004298 1.000000 
-0.239455 -0.328775 0.206185 -0.566722 -1.645044 -0.656946 1.606620 0.004956 1.000000 
-0.241982 -0.302423 0.201574 -0.586311 -1.650598 -0.731147 1.606662 0.005706 1.000000 
-0.244284 -0.272326 0.196799 -0.607918 -1.656739 -0.804099 1.606711 0.006551 1.000000 
-0.246328 -0.238093 0.191842 -0.631638 -1.663459 -0.875489 1.606767 0.007498 1.000000 
-0.248081 -0.199347 0.186687 -0.657531 -1.670742 -0.944959 1.606831 0.008556 1.000000 
-0.249505 -0.155729 0.181315 -0.685618 -1.678572 -1.012093 1.606905 0.009736 1.000000 
-0.250559 -0.106910 0.175711 -0.715877 -1.686928 -1.076426 1.606988 0.011054 1.000000 
-0.251201 -0.052596 0.169856 -0.748243 -1.695786 -1.137436 1.607082 0.012527 1.000000 
-0.251385 0.007463 0.163734 -0.782600 -1.705117 -1.194548 1.607189 0.014182 1.000000 
-0.251065 0.073456 0.157329 -0.818779 -1.714887 -1.247139 1.607309 0.016049 1.000000 
-0.250194 0.145510 0.150629 -0.856556 -1.725057 -1.294539 1.607446 0.018169 1.000000 
-0.248721 0.223672 0.143621 -0.895650 -1.735584 -1.336041 1.607601 0.020597 1.000000 
-0.246599 0.307898 0.136296 -0.935721 -1.746416 -1.370906 1.607777 0.023402 1.000000 
-0.243779 0.398047 0.128648 -0.976366 -1.757498 -1.398378 1.607976 0.026675 1.000000 
-0.240215 0.493864 0.120674 -1.017127 -1.768768 -1.417695 1.608205 0.030537 1.000000 
-0.235863 0.594978 0.112375 -1.057487 -1.780158 -1.428108 1.608467 0.035151 1.000000 
-0.230682 0.700889 0.103757 -1.096875 -1.791592 -1.428893 1.608770 0.040739 1.000000 
-0.224637 0.810967 0.094829 -1.134677 -1.802993 -1.419376 1.609122 0.047605 1.000000 
-0.217698 0.924450 0.085608 -1.170235 -1.814273 -1.398949 1.609536 0.056178 1.000000 
-0.209840 1.040445 0.076113 -1.202862 -1.825345 -1.367094 1.610027 0.067068 1.000000 
-0.201047 1.157932 0.066372 -1.231854 -1.836115 -1.323399 1.610618 0.081170 1.000000 
-0.191312 1.275779 0.056415 -1.256498 -1.846487 -1.267578 1.611338 0.099815 1.000000 
-0.180636 1.392756 0.046281 -1.276089 -1.856364 -1.199483 1.612232 0.125043 1.000000 
-0.169033 1.507549 0.036013 -1.289939 -1.865646 -1.119110 1.613365 0.160053 1.000000 
-0.156525 1.618793 0.025659 -1.297390 -1.874237 -1.026594 1.614833 0.210016 1.000000 
-0.143146 1.725092 0.015273 -1.297818 -1.882040 -0.922186 1.616787 0.283496 1.000000 
-0.128941 1.825054 0.004914 -1.290629 -1.888961 -0.806192 1.619469 0.394995 1.000000 
-0.113966 1.917323 -0.005355 -1.275226 -1.894909 -0.678864 1.623273 0.569202 1.000000 
-0.098287 2.000594 -0.015466 -1.250942 -1.899793 -0.540160 1.628850 0.846639 1.000000 
-0.081983 2.073597 -0.025344 -1.216866 -1.903519 -0.389300 1.637246 1.283716 1.000000 
-0.065141 2.134919 -0.034905 -1.171498 -1.905983 -0.224006 1.649918 1.913731 1.000000 
-0.047861 2.182368 -0.044051 -1.112266 -1.907053 -0.039867 1.668038 2.594324 1.000000 
-0.030271 2.211563 -0.052655 -1.035677 -1.906558 0.167650 1.690296 2.853244 1.000000 
-0.012544 2.215330 -0.060570 -0.939731 -1.904314 0.396139 1.711637 2.376832 1.000000 
0.005088 2.186958 -0.067644 -0.826332 -1.900196 0.633495 1.727504 1.590325 1.000000 
0.022354 2.123645 -0.073755 -0.699465 -1.894191 0.866016 1.737555 0.964938 1.000000 
0.038975 2.026148 -0.078810 -0.563125 -1.886381 1.083274 1.743592 0.578746 1.000000 
0.054689 1.897588 -0.082750 -0.421255 -1.876920 1.277480 1.747249 0.356080 1.000000 
0.069266 1.742751 -0.085546 -0.277843 -1.866018 1.442904 1.749535 0.226813 1.000000 
0.082518 1.567508 -0.087202 -0.136731 -1.853921 1.575824 1.751014 0.149157 1.000000 
0.094309 1.378253 -0.087750 -0.001371 -1.840897 1.674479 1.751998 0.100485 1.000000 
0.104550 1.181402 -0.087247 0.125371 -1.827221 1.738883 1.752666 0.068608 1.000000 
0.113207 0.982986 -0.085772 0.241314 -1.813162 1.770541 1.753122 0.046785 1.000000 
0.120288 0.788347 -0.083419 0.345001 -1.798972 1.772115 1.753431 0.031147 1.000000 
0.125843 0.601943 -0.080287 0.435667 -1.784879 1.747071 1.753631 0.019382 1.000000 
0.129951 0.427259 -0.076483 0.513171 -1.771080 1.699341 1.753748 0.010047 1.000000 
0.132709 0.269854 -0.072106 0.576110 -1.758065 1.633126 1.753796 0.002377 1.000000 
0.134428 0.242364 -0.067375 0.563963 -1.758199 1.562542 1.753822 0.002372 1.000000 
0.135935 0.216956 -0.062753 0.552058 -1.758334 1.491434 1.753848 0.002370 1.000000 
0.137248 0.193420 -0.058239 0.540542 -1.758471 1.419834 1.753873 0.002371 1.000000 
0.138381 0.171552 -0.053827 0.529528 -1.758610 1.347770 1.753898 0.002375 1.000000 
0.139351 0.151157 -0.049514 0.519103 -1.758749 1.275272 1.753922 0.002383 1.000000 
0.140168 0.132048 -0.045294 0.509329 -1.758890 1.202366 1.753946 0.002394 1.000000 
0.140843 0.114052 -0.041162 0.500245 -1.759032 1.129074 1.753970 0.002408 1.000000 
0.141388 0.097002 -0.037111 0.491870 -1.759175 1.055419 1.753993 0.002427 1.000000 
0.141809 0.080747 -0.033135 0.484206 -1.759319 0.981421 1.754017 0.002450 1.000000 
0.142115 0.065144 -0.029229 0.477238 -1.759464 0.907097 1.754040 0.002477 1.000000 
0.142311 0.050065 -0.025386 0.470938 -1.759610 0.832463 1.754063 0.002508 1.000000 
0.142403 0.035390 -0.021601 0.465265 -1.759757 0.757533 1.754086 0.002544 1.000000 
0.142395 0.021012 -0.017867 0.460166 -1.759905 0.682319 1.754109 0.002584 1.000000 
0.142291 0.006836 -0.014180 0.455582 -1.760053 0.606828 1.754132 0.002629 1.000000 
0.142093 -0.007221 -0.010535 0.451440 -1.760202 0.531071 1.754156 0.002679 1.000000 
0.141804 -0.021234 -0.006928 0.447664 -1.760353 0.455052 1.754179 0.002733 1.000000 
0.141425 -0.035263 -0.003356 0.444168 -1.760504 0.378775 1.754203 0.002791 1.000000 
0.140957 -0.049359 0.000186 0.440862 -1.760655 0.302244 1.754227 0.002853 1.000000 
0.140401 -0.063559 0.003698 0.437651 -1.760808 0.225458 1.754251 0.002920 1.000000 
0.139757 -0.077891 0.007184 0.434435 -1.760961 0.148419 1.754275 0.002990 1.000000 
0.139027 -0.092368 0.010643 0.431110 -1.761115 0.071125 1.754300 0.003063 1.000000 
0.138209 -0.106993 0.014076 0.427569 -1.761270 -0.006427 1.754325 0.003140 1.000000 
0.137293 -0.121872 0.017481 0.423652 -1.761639 -0.084128 1.754350 0.003315 1.000000 
0.136256 -0.137767 0.020853 0.419025 -1.762622 -0.161692 1.754379 0.003775 1.000000 
0.135084 -0.155648 0.024183 0.413312 -1.764225 -0.238956 1.754412 0.004526 1.000000 
0.133758 -0.176456 0.027462 0.406063 -1.766444 -0.315703 1.754452 0.005573 1.000000 
0.000000 0.000000 0.000000 0.000000 0.000000 0.000000 0.000000 0.000000 0.000000 
