-0.440885 -3.468480 1.502278 -2.760169 -1.752334 -1.991108 0.479057 0.042651 1.000000 
-0.468499 -3.434646 1.479773 -2.866211 -1.768213 -1.978123 0.479404 0.044289 1.000000 
-0.495833 -3.398385 1.456420 -2.971973 -1.783978 -1.962803 0.479766 0.046007 1.000000 
-0.522867 -3.359669 1.432222 -3.077342 -1.799612 -1.945138 0.480141 0.047806 1.000000 
-0.549581 -3.318475 1.407184 -3.182198 -1.815094 -1.925118 0.480531 0.049691 1.000000 
-0.575955 -3.274782 1.381309 -3.286422 -1.830407 -1.902737 0.480936 0.051663 1.000000 
-0.601971 -3.228575 1.354603 -3.389892 -1.845532 -1.877994 0.481358 0.053727 1.000000 
-0.627606 -3.179840 1.327073 -3.492480 -1.860449 -1.850890 0.481796 0.055884 1.000000 
-0.652841 -3.128570 1.298726 -3.594060 -1.875140 -1.821432 0.482252 0.058137 1.000000 
-0.677656 -3.074759 1.269571 -3.694501 -1.889585 -1.789630 0.482726 0.060488 1.000000 
-0.702031 -3.018408 1.239617 -3.793672 -1.903767 -1.755497 0.483220 0.062939 1.000000 
-0.725944 -2.959523 1.208876 -3.891440 -1.917667 -1.719053 0.483734 0.065490 1.000000 
-0.749376 -2.898110 1.177358 -3.987670 -1.931266 -1.680320 0.484268 0.068141 1.000000 
-0.772307 -2.834186 1.145078 -4.082229 -1.944546 -1.639325 0.484824 0.070892 1.000000 
-0.794717 -2.767769 1.112048 -4.174980 -1.957489 -1.596100 0.485403 0.073742 1.000000 
-0.816585 -2.698882 1.078283 -4.265788 -1.970078 -1.550680 0.486004 0.076688 1.000000 
-0.837892 -2.627554 1.043800 -4.354520 -1.982295 -1.503107 0.486630 0.079725 1.000000 
-0.858619 -2.553819 1.008617 -4.441040 -1.994122 -1.453425 0.487280 0.082849 1.000000 
-0.878747 -2.477715 0.972750 -4.525215 -2.005544 -1.401683 0.487956 0.086052 1.000000 
-0.898257 -2.399288 0.936220 -4.606915 -2.016544 -1.347936 0.488657 0.089325 1.000000 
-0.917130 -2.318585 0.899046 -4.686009 -2.027106 -1.292242 0.489385 0.092658 1.000000 
-0.935348 -2.235661 0.861251 -4.762369 -2.037215 -1.234665 0.490140 0.096038 1.000000 
-0.952894 -2.150576 0.822856 -4.835872 -2.046856 -1.175270 0.490922 0.099449 1.000000 
-0.969752 -2.063392 0.783885 -4.906395 -2.056014 -1.114130 0.491731 0.102874 1.000000 
-0.985903 -1.974180 0.744362 -4.973821 -2.064677 -1.051321 0.492568 0.106293 1.000000 
-1.001333 -1.883014 0.704312 -5.038034 -2.072831 -0.986922 0.493432 0.109685 1.000000 
-1.016026 -1.789971 0.663762 -5.098924 -2.080464 -0.921016 0.494323 0.113024 1.000000 
-1.029968 -1.695136 0.622739 -5.156386 -2.087564 -0.853691 0.495240 0.116285 1.000000 
-1.043144 -1.598596 0.581270 -5.210318 -2.094119 -0.785039 0.496183 0.119441 1.000000 
-1.055541 -1.500443 0.539383 -5.260626 -2.100121 -0.715154 0.497151 0.122460 1.000000 
-1.067147 -1.400774 0.497109 -5.307220 -2.105559 -0.644133 0.498142 0.125315 1.000000 
-1.077950 -1.299688 0.454478 -5.350014 -2.110424 -0.572078 0.499155 0.127974 1.000000 
-1.087939 -1.197289 0.411520 -5.388933 -2.114710 -0.499092 0.500189 0.130406 1.000000 
-1.097103 -1.093684 0.368266 -5.423904 -2.118408 -0.425283 0.501241 0.132584 1.000000 
-1.105435 -0.988984 0.324748 -5.454864 -2.121512 -0.350758 0.502309 0.134480 1.000000 
-1.112924 -0.883303 0.280999 -5.481754 -2.124018 -0.275629 0.503392 0.136070 1.000000 
-1.119565 -0.776756 0.237051 -5.504526 -2.125921 -0.200009 0.504486 0.137331 1.000000 
-1.125350 -0.669463 0.192937 -5.523136 -2.127217 -0.124012 0.505588 0.138246 1.000000 
-1.130275 -0.561542 0.148692 -5.537551 -2.127904 -0.047755 0.506697 0.138802 1.000000 
-1.134334 -0.453118 0.104348 -5.547742 -2.127981 0.028646 0.507808 0.138991 1.000000 
-1.137524 -0.344314 0.059939 -5.553692 -2.127446 0.105073 0.508919 0.138810 1.000000 
-1.139842 -0.235254 0.015500 -5.555389 -2.126300 0.181408 0.510028 0.138261 1.000000 
-1.141287 -0.126064 -0.028936 -5.552831 -2.124544 0.257533 0.511131 0.137351 1.000000 
-1.141859 -0.016870 -0.073334 -5.546023 -2.122180 0.333330 0.512225 0.136093 1.000000 
-1.141558 0.092202 -0.117661 -5.534981 -2.119212 0.408681 0.513307 0.134503 1.000000 
-1.140385 0.201025 -0.161882 -5.519724 -2.115643 0.483469 0.514376 0.132602 1.000000 
-1.138342 0.309477 -0.205965 -5.500284 -2.111478 0.557581 0.515428 0.130416 1.000000 
-1.135434 0.417431 -0.249876 -5.476699 -2.106724 0.630901 0.516462 0.127970 1.000000 
-1.131665 0.524767 -0.293581 -5.449014 -2.101386 0.703317 0.517475 0.125294 1.000000 
-1.127040 0.631364 -0.337049 -5.417284 -2.095473 0.774721 0.518466 0.122418 1.000000 
-1.121566 0.737102 -0.380247 -5.381570 -2.088994 0.845004 0.519433 0.119372 1.000000 
-1.115249 0.841867 -0.423144 -5.341941 -2.081957 0.914063 0.520376 0.116187 1.000000 
-1.108099 0.945544 -0.465708 -5.298472 -2.074372 0.981794 0.521292 0.112893 1.000000 
-1.100123 1.048024 -0.507910 -5.251246 -2.066252 1.048101 0.522182 0.109517 1.000000 
-1.091334 1.149200 -0.549718 -5.200351 -2.057607 1.112888 0.523044 0.106088 1.000000 
-1.081740 1.248969 -0.591106 -5.145884 -2.048450 1.176064 0.523879 0.102628 1.000000 
-1.071354 1.347232 -0.632043 -5.087945 -2.038794 1.237542 0.524686 0.099162 1.000000 
-1.060189 1.443895 -0.672504 -5.026641 -2.028654 1.297240 0.525466 0.095710 1.000000 
-1.048256 1.538865 -0.712461 -4.962082 -2.018043 1.355079 0.526218 0.092288 1.000000 
-1.035571 1.632059 -0.751889 -4.894385 -2.006978 1.410985 0.526942 0.088914 1.000000 
-1.022148 1.723393 -0.790763 -4.823670 -1.995473 1.464888 0.527640 0.085600 1.000000 
-1.008002 1.812793 -0.829060 -4.750061 -1.983545 1.516724 0.528312 0.082357 1.000000 
-0.993149 1.900186 -0.866756 -4.673685 -1.971211 1.566433 0.528958 0.079196 1.000000 
-0.977605 1.985507 -0.903832 -4.594673 -1.958488 1.613960 0.529579 0.076122 1.000000 
-0.961387 2.068695 -0.940265 -4.513157 -1.945394 1.659255 0.530176 0.073141 1.000000 
-0.944512 2.149694 -0.976036 -4.429273 -1.931946 1.702272 0.530750 0.070259 1.000000 
-0.926997 2.228454 -1.011127 -4.343155 -1.918163 1.742972 0.531301 0.067476 1.000000 
-0.908862 2.304929 -1.045521 -4.254943 -1.904065 1.781320 0.531830 0.064796 1.000000 
-0.890125 2.379080 -1.079201 -4.164774 -1.889669 1.817285 0.532338 0.062219 1.000000 
-0.870803 2.450873 -1.112152 -4.072787 -1.874995 1.850841 0.532826 0.059744 1.000000 
-0.850917 2.520278 -1.144361 -3.979119 -1.860062 1.881969 0.533294 0.057370 1.000000 
-0.830485 2.587272 -1.175814 -3.883910 -1.844890 1.910652 0.533744 0.055097 1.000000 
-0.809527 2.651835 -1.206500 -3.787295 -1.829498 1.936880 0.534176 0.052921 1.000000 
-0.788063 2.713953 -1.236407 -3.689411 -1.813906 1.960645 0.534591 0.050841 1.000000 
-0.766111 2.773618 -1.265527 -3.590393 -1.798134 1.981945 0.534990 0.048853 1.000000 
-0.743691 2.830824 -1.293851 -3.490371 -1.782201 2.000783 0.535373 0.046955 1.000000 
-0.720824 2.885572 -1.321371 -3.389476 -1.766128 2.017164 0.535741 0.045144 1.000000 
-0.697529 2.937867 -1.348081 -3.287835 -1.749933 2.031098 0.536095 0.043416 1.000000 
-0.673825 2.987717 -1.373975 -3.185573 -1.733637 2.042600 0.536436 0.041768 1.000000 
-0.649732 3.035136 -1.399048 -3.082812 -1.717258 2.051687 0.536764 0.040198 1.000000 
-0.625269 3.080139 -1.423299 -2.979669 -1.700816 2.058379 0.537079 0.038700 1.000000 
-0.600456 3.122748 -1.446722 -2.876258 -1.684330 2.062702 0.537383 0.037273 1.000000 
-0.575311 3.162986 -1.469318 -2.772691 -1.667819 2.064683 0.537676 0.035914 1.000000 
-0.549854 3.200880 -1.491085 -2.669074 -1.651302 2.064351 0.537958 0.034618 1.000000 
-0.524103 3.236460 -1.512024 -2.565509 -1.634796 2.061740 0.538230 0.033384 1.000000 
-0.498077 3.269760 -1.532134 -2.462095 -1.618320 2.056886 0.538492 0.032207 1.000000 
-0.471793 3.300815 -1.551418 -2.358926 -1.601892 2.049826 0.538745 0.031087 1.000000 
-0.445270 3.329663 -1.569878 -2.256092 -1.585528 2.040601 0.538990 0.030019 1.000000 
-0.418524 3.356344 -1.587516 -2.153676 -1.569248 2.029252 0.539226 0.029001 1.000000 
-0.391574 3.380899 -1.604338 -2.051760 -1.553066 2.015824 0.539454 0.028031 1.000000 
-0.364436 3.403373 -1.620346 -1.950419 -1.537000 2.000361 0.539674 0.027106 1.000000 
-0.337125 3.423811 -1.635546 -1.849723 -1.521065 1.982912 0.539888 0.026225 1.000000 
-0.309660 3.442258 -1.649944 -1.749740 -1.505278 1.963523 0.540094 0.025384 1.000000 
-0.282054 3.458763 -1.663544 -1.650530 -1.489654 1.942244 0.540294 0.024583 1.000000 
-0.254325 3.473374 -1.676354 -1.552150 -1.474207 1.919126 0.540488 0.023819 1.000000 
-0.226485 3.486140 -1.688381 -1.454652 -1.458953 1.894218 0.540675 0.023091 1.000000 
-0.198551 3.497109 -1.699631 -1.358084 -1.443905 1.867574 0.540857 0.022396 1.000000 
-0.170536 3.506333 -1.710113 -1.262489 -1.429076 1.839244 0.541034 0.021734 1.000000 
-0.142454 3.513860 -1.719834 -1.167904 -1.414481 1.809281 0.541205 0.021102 1.000000 
-0.114319 3.519739 -1.728802 -1.074365 -1.400132 1.777738 0.541371 0.020500 1.000000 
-0.086143 3.524021 -1.737026 -0.981901 -1.386041 1.744667 0.541533 0.019926 1.000000 
-0.057939 3.526754 -1.744515 -0.890538 -1.372221 1.710122 0.541690 0.019379 1.000000 
-0.029719 3.527986 -1.751278 -0.800297 -1.358683 1.674154 0.541843 0.018857 1.000000 
-0.001495 3.527765 -1.757323 -0.711195 -1.345438 1.636815 0.541992 0.018359 1.000000 
0.026722 3.526137 -1.762660 -0.623247 -1.332498 1.598159 0.542137 0.017886 1.000000 
0.054920 3.523148 -1.767298 -0.536462 -1.319871 1.558236 0.542278 0.017434 1.000000 
0.083089 3.518842 -1.771247 -0.450846 -1.307569 1.517098 0.542416 0.017005 1.000000 
0.111218 3.513261 -1.774515 -0.366403 -1.295601 1.474795 0.542550 0.016596 1.000000 
0.139297 3.506449 -1.777112 -0.283133 -1.283975 1.431377 0.542682 0.016207 1.000000 
0.167318 3.498444 -1.779048 -0.201032 -1.272702 1.386893 0.542810 0.015838 1.000000 
0.195269 3.489285 -1.780332 -0.120093 -1.261788 1.341393 0.542935 0.015487 1.000000 
0.223143 3.479009 -1.780973 -0.040308 -1.251242 1.294924 0.543058 0.015154 1.000000 
0.250931 3.467651 -1.780980 0.038337 -1.241071 1.247533 0.543178 0.014839 1.000000 
0.278623 3.455245 -1.780362 0.115854 -1.231284 1.199266 0.543295 0.014541 1.000000 
0.306212 3.441820 -1.779129 0.192260 -1.221885 1.150170 0.543410 0.014259 1.000000 
0.333689 3.427408 -1.777289 0.267576 -1.212883 1.100288 0.543523 0.013992 1.000000 
0.361048 3.412034 -1.774851 0.341821 -1.204283 1.049666 0.543634 0.013742 1.000000 
0.388280 3.395725 -1.771823 0.415019 -1.196090 0.998346 0.543743 0.013506 1.000000 
0.415377 3.378502 -1.768213 0.487194 -1.188311 0.946370 0.543850 0.013285 1.000000 
0.442333 3.360388 -1.764030 0.558372 -1.180950 0.893779 0.543956 0.013078 1.000000 
0.469141 3.341401 -1.759282 0.628581 -1.174012 0.840616 0.544060 0.012886 1.000000 
0.495793 3.321556 -1.753976 0.697849 -1.167502 0.786919 0.544162 0.012707 1.000000 
0.522284 3.300869 -1.748119 0.766207 -1.161423 0.732728 0.544263 0.012541 1.000000 
0.548605 3.279352 -1.741719 0.833685 -1.155779 0.678082 0.544363 0.012389 1.000000 
0.574751 3.257014 -1.734782 0.900315 -1.150574 0.623018 0.544461 0.012250 1.000000 
0.600715 3.233863 -1.727316 0.966130 -1.145812 0.567573 0.544559 0.012123 1.000000 
0.626491 3.209905 -1.719326 1.031161 -1.141494 0.511785 0.544655 0.012009 1.000000 
0.652071 3.185142 -1.710819 1.095442 -1.137624 0.455689 0.544751 0.011908 1.000000 
0.677451 3.159576 -1.701801 1.159006 -1.134204 0.399322 0.544846 0.011819 1.000000 
0.702622 3.133204 -1.692277 1.221887 -1.131236 0.342718 0.544940 0.011743 1.000000 
0.727580 3.106025 -1.682252 1.284117 -1.128721 0.285912 0.545034 0.011678 1.000000 
0.752317 3.078032 -1.671733 1.345731 -1.126661 0.228939 0.545127 0.011625 1.000000 
0.776826 3.049218 -1.660722 1.406760 -1.125058 0.171833 0.545220 0.011585 1.000000 
0.801102 3.019574 -1.649226 1.467237 -1.123912 0.114628 0.545312 0.011556 1.000000 
0.825137 2.989087 -1.637248 1.527194 -1.123224 0.057358 0.545405 0.011540 1.000000 
0.848925 2.957744 -1.624792 1.586662 -1.122995 0.000056 0.545497 0.011535 1.000000 
0.872459 2.925530 -1.611863 1.645670 -1.123223 -0.057243 0.545589 0.011542 1.000000 
0.895731 2.892428 -1.598463 1.704248 -1.123910 -0.114507 0.545682 0.011561 1.000000 
0.918735 2.858419 -1.584596 1.762424 -1.125055 -0.171700 0.545774 0.011592 1.000000 
0.941463 2.823481 -1.570265 1.820225 -1.126657 -0.228791 0.545867 0.011635 1.000000 
0.963908 2.787593 -1.555473 1.877676 -1.128716 -0.285743 0.545960 0.011690 1.000000 
0.986062 2.750731 -1.540223 1.934801 -1.131229 -0.342523 0.546054 0.011757 1.000000 
1.007917 2.712870 -1.524517 1.991624 -1.134195 -0.399097 0.546149 0.011836 1.000000 
1.029466 2.673982 -1.508358 2.048164 -1.137614 -0.455429 0.546244 0.011928 1.000000 
1.050698 2.634041 -1.491747 2.104441 -1.141482 -0.511483 0.546339 0.012032 1.000000 
1.071607 2.593017 -1.474687 2.160473 -1.145797 -0.567224 0.546436 0.012148 1.000000 
1.092184 2.550879 -1.457180 2.216274 -1.150556 -0.622615 0.546534 0.012278 1.000000 
1.112418 2.507598 -1.439227 2.271858 -1.155757 -0.677619 0.546633 0.012420 1.000000 
1.132302 2.463140 -1.420831 2.327236 -1.161397 -0.732199 0.546733 0.012576 1.000000 
1.151825 2.417473 -1.401992 2.382417 -1.167471 -0.786315 0.546834 0.012745 1.000000 
1.170978 2.370565 -1.382713 2.437407 -1.173977 -0.839930 0.546937 0.012927 1.000000 
1.189751 2.322380 -1.362994 2.492212 -1.180909 -0.893002 0.547041 0.013124 1.000000 
1.208133 2.272886 -1.342838 2.546831 -1.188263 -0.945492 0.547147 0.013334 1.000000 
1.226114 2.222047 -1.322245 2.601265 -1.196035 -0.997358 0.547254 0.013560 1.000000 
1.243682 2.169830 -1.301218 2.655510 -1.204219 -1.048558 0.547364 0.013800 1.000000 
1.260827 2.116200 -1.279758 2.709560 -1.212810 -1.099048 0.547475 0.014056 1.000000 
1.277537 2.061123 -1.257866 2.763405 -1.221802 -1.148785 0.547588 0.014327 1.000000 
1.293801 2.004566 -1.235544 2.817034 -1.231189 -1.197724 0.547704 0.014615 1.000000 
1.309606 1.946494 -1.212794 2.870433 -1.240963 -1.245820 0.547822 0.014919 1.000000 
1.324941 1.886877 -1.189618 2.923582 -1.251119 -1.293025 0.547943 0.015240 1.000000 
1.339792 1.825682 -1.166017 2.976462 -1.261649 -1.339292 0.548066 0.015580 1.000000 
1.354147 1.762880 -1.141995 3.029050 -1.272545 -1.384573 0.548192 0.015938 1.000000 
1.367994 1.698440 -1.117553 3.081318 -1.283800 -1.428818 0.548321 0.016315 1.000000 
1.381318 1.632335 -1.092695 3.133236 -1.295403 -1.471979 0.548453 0.016711 1.000000 
1.394107 1.564540 -1.067422 3.184771 -1.307348 -1.514004 0.548589 0.017129 1.000000 
1.406346 1.495029 -1.041740 3.235889 -1.319624 -1.554842 0.548727 0.017568 1.000000 
1.418023 1.423781 -1.015649 3.286549 -1.332222 -1.594440 0.548870 0.018029 1.000000 
1.429122 1.350775 -0.989156 3.336709 -1.345132 -1.632747 0.549016 0.018513 1.000000 
1.439630 1.275994 -0.962264 3.386324 -1.358343 -1.669708 0.549166 0.019022 1.000000 
1.449533 1.199422 -0.934976 3.435346 -1.371844 -1.705272 0.549320 0.019556 1.000000 
1.458816 1.121046 -0.907300 3.483723 -1.385623 -1.739382 0.549479 0.020117 1.000000 
1.467465 1.040859 -0.879239 3.531401 -1.399670 -1.771985 0.549642 0.020705 1.000000 
1.475465 0.958852 -0.850799 3.578323 -1.413971 -1.803027 0.549810 0.021323 1.000000 
1.482802 0.875024 -0.821988 3.624428 -1.428514 -1.832453 0.549984 0.021971 1.000000 
1.489461 0.789374 -0.792811 3.669655 -1.443286 -1.860209 0.550162 0.022651 1.000000 
1.495427 0.701907 -0.763276 3.713937 -1.458273 -1.886239 0.550346 0.023365 1.000000 
1.500686 0.612631 -0.733391 3.757206 -1.473461 -1.910491 0.550536 0.024114 1.000000 
1.505224 0.521559 -0.703163 3.799392 -1.488835 -1.932909 0.550732 0.024900 1.000000 
1.509026 0.428707 -0.672603 3.840422 -1.504382 -1.953442 0.550935 0.025725 1.000000 
1.512079 0.334095 -0.641720 3.880221 -1.520085 -1.972037 0.551144 0.026591 1.000000 
1.514367 0.237750 -0.610523 3.918712 -1.535929 -1.988643 0.551360 0.027501 1.000000 
1.515878 0.139701 -0.579024 3.955815 -1.551898 -2.003209 0.551584 0.028456 1.000000 
1.516598 0.039983 -0.547234 3.991451 -1.567975 -2.015686 0.551815 0.029459 1.000000 
1.516514 -0.061364 -0.515165 4.025536 -1.584144 -2.026026 0.552055 0.030513 1.000000 
1.515612 -0.164294 -0.482830 4.057988 -1.600386 -2.034183 0.552304 0.031619 1.000000 
1.513881 -0.268758 -0.450242 4.088722 -1.616685 -2.040114 0.552561 0.032782 1.000000 
1.511308 -0.374699 -0.417415 4.117652 -1.633022 -2.043775 0.552829 0.034004 1.000000 
1.507882 -0.482059 -0.384365 4.144693 -1.649379 -2.045126 0.553106 0.035288 1.000000 
1.503591 -0.590769 -0.351105 4.169758 -1.665737 -2.044130 0.553393 0.036637 1.000000 
1.498426 -0.700759 -0.317654 4.192760 -1.682078 -2.040752 0.553692 0.038055 1.000000 
1.492376 -0.811952 -0.284027 4.213614 -1.698383 -2.034958 0.554002 0.039545 1.000000 
1.485432 -0.924265 -0.250242 4.232233 -1.714631 -2.026721 0.554325 0.041111 1.000000 
1.477585 -1.037610 -0.216317 4.248532 -1.730804 -2.016013 0.554660 0.042756 1.000000 
1.468828 -1.151895 -0.182272 4.262426 -1.746881 -2.002811 0.555009 0.044484 1.000000 
1.459153 -1.267021 -0.148125 4.273834 -1.762842 -1.987097 0.555372 0.046299 1.000000 
1.448553 -1.382885 -0.113897 4.282673 -1.778668 -1.968854 0.555750 0.048205 1.000000 
1.437025 -1.499377 -0.079610 4.288866 -1.794337 -1.948072 0.556144 0.050204 1.000000 
1.424562 -1.616385 -0.045283 4.292333 -1.809830 -1.924742 0.556554 0.052302 1.000000 
1.411162 -1.733789 -0.010940 4.293002 -1.825126 -1.898861 0.556981 0.054501 1.000000 
1.396821 -1.851467 0.023397 4.290801 -1.840205 -1.870431 0.557426 0.056805 1.000000 
1.381538 -1.969292 0.057705 4.285660 -1.855046 -1.839457 0.557890 0.059216 1.000000 
1.365312 -2.087131 0.091960 4.277517 -1.869630 -1.805950 0.558374 0.061736 1.000000 
1.348144 -2.204850 0.126137 4.266309 -1.883935 -1.769925 0.558878 0.064369 1.000000 
1.330035 -2.322308 0.160213 4.251981 -1.897942 -1.731402 0.559404 0.067114 1.000000 
1.310988 -2.439365 0.194161 4.234479 -1.911631 -1.690406 0.559952 0.069973 1.000000 
1.291007 -2.555873 0.227956 4.213756 -1.924982 -1.646969 0.560524 0.072944 1.000000 
1.270096 -2.671685 0.261572 4.189770 -1.937976 -1.601125 0.561120 0.076026 1.000000 
1.248262 -2.786650 0.294983 4.162483 -1.950593 -1.552915 0.561741 0.079216 1.000000 
1.225512 -2.900616 0.328163 4.131865 -1.962816 -1.502386 0.562387 0.082509 1.000000 
1.201855 -3.013428 0.361084 4.097888 -1.974626 -1.449590 0.563061 0.085897 1.000000 
1.177301 -3.124932 0.393720 4.060533 -1.986004 -1.394581 0.563762 0.089374 1.000000 
1.151860 -3.234970 0.426044 4.019786 -1.996933 -1.337423 0.564491 0.092927 1.000000 
1.125546 -3.343388 0.458028 3.975641 -2.007397 -1.278183 0.565249 0.096543 1.000000 
1.098371 -3.450027 0.489645 3.928097 -2.017379 -1.216933 0.566036 0.100207 1.000000 
1.070350 -3.554734 0.520868 3.877159 -2.026863 -1.153751 0.566852 0.103899 1.000000 
1.041501 -3.657353 0.551670 3.822841 -2.035834 -1.088718 0.567698 0.107598 1.000000 
1.011839 -3.757731 0.582025 3.765162 -2.044277 -1.021921 0.568574 0.111279 1.000000 
0.981383 -3.855717 0.611904 3.704151 -2.052180 -0.953454 0.569479 0.114915 1.000000 
0.950154 -3.951163 0.641282 3.639840 -2.059528 -0.883411 0.570412 0.118477 1.000000 
0.918172 -4.043923 0.670133 3.572271 -2.066311 -0.811894 0.571374 0.121933 1.000000 
0.885459 -4.133855 0.698430 3.501493 -2.072515 -0.739008 0.572363 0.125248 1.000000 
0.852038 -4.220820 0.726148 3.427560 -2.078131 -0.664861 0.573378 0.128388 1.000000 
0.817934 -4.304684 0.753263 3.350536 -2.083150 -0.589567 0.574417 0.131316 1.000000 
0.783172 -4.385319 0.779749 3.270491 -2.087562 -0.513240 0.575478 0.133997 1.000000 
0.747778 -4.462601 0.805583 3.187500 -2.091359 -0.436001 0.576560 0.136398 1.000000 
0.711779 -4.536411 0.830741 3.101647 -2.094536 -0.357972 0.577660 0.138484 1.000000 
0.675205 -4.606637 0.855202 3.013022 -2.097085 -0.279276 0.578775 0.140227 1.000000 
0.638083 -4.673173 0.878942 2.921721 -2.099003 -0.200042 0.579902 0.141601 1.000000 
0.600444 -4.735922 0.901942 2.827847 -2.100285 -0.120398 0.581039 0.142585 1.000000 
0.562319 -4.794792 0.924181 2.731508 -2.100928 -0.040475 0.582182 0.143164 1.000000 
0.523738 -4.849698 0.945640 2.632818 -2.100932 0.039595 0.583329 0.143329 1.000000 
0.484734 -4.900566 0.966300 2.531897 -2.100295 0.119680 0.584475 0.143075 1.000000 
0.445340 -4.947327 0.986145 2.428869 -2.099017 0.199647 0.585617 0.142408 1.000000 
0.405588 -4.989923 1.005157 2.323863 -2.097101 0.279362 0.586752 0.141336 1.000000 
0.365512 -5.028303 1.023322 2.217013 -2.094548 0.358692 0.587877 0.139875 1.000000 
0.325147 -5.062425 1.040625 2.108455 -2.091363 0.437506 0.588989 0.138047 1.000000 
0.284525 -5.092257 1.057053 1.998332 -2.087550 0.515672 0.590085 0.135877 1.000000 
0.243682 -5.117775 1.072594 1.886786 -2.083115 0.593061 0.591162 0.133396 1.000000 
0.202652 -5.138965 1.087238 1.773964 -2.078064 0.669544 0.592219 0.130636 1.000000 
0.161470 -5.155822 1.100975 1.660014 -2.072405 0.744998 0.593252 0.127632 1.000000 
0.120170 -5.168350 1.113796 1.545087 -2.066147 0.819298 0.594260 0.124421 1.000000 
0.078788 -5.176563 1.125694 1.429333 -2.059299 0.892325 0.595242 0.121037 1.000000 
0.037357 -5.180482 1.136663 1.312904 -2.051873 0.963964 0.596196 0.117517 1.000000 
-0.004088 -5.180140 1.146699 1.195953 -2.043880 1.034101 0.597122 0.113894 1.000000 
-0.045514 -5.175575 1.155797 1.078630 -2.035332 1.102628 0.598019 0.110202 1.000000 
-0.086886 -5.166835 1.163956 0.961086 -2.026242 1.169441 0.598885 0.106469 1.000000 
-0.128172 -5.153979 1.171175 0.843471 -2.016626 1.234440 0.599722 0.102722 1.000000 
-0.169339 -5.137070 1.177452 0.725932 -2.006496 1.297531 0.600529 0.098987 1.000000 
-0.210355 -5.116180 1.182790 0.608615 -1.995870 1.358624 0.601306 0.095285 1.000000 
-0.251188 -5.091389 1.187191 0.491662 -1.984764 1.417635 0.602053 0.091635 1.000000 
-0.291807 -5.062783 1.190658 0.375214 -1.973194 1.474484 0.602772 0.088052 1.000000 
-0.332182 -5.030454 1.193196 0.259406 -1.961178 1.529099 0.603463 0.084550 1.000000 
-0.372285 -4.994503 1.194811 0.144370 -1.948735 1.581411 0.604125 0.081139 1.000000 
-0.412085 -4.955033 1.195508 0.030236 -1.935882 1.631359 0.604761 0.077828 1.000000 
-0.451556 -4.912153 1.195297 -0.082873 -1.922639 1.678886 0.605371 0.074624 1.000000 
-0.490671 -4.865979 1.194186 -0.194837 -1.909026 1.723942 0.605955 0.071530 1.000000 
-0.529403 -4.816628 1.192183 -0.305543 -1.895063 1.766483 0.606516 0.068550 1.000000 
-0.567729 -4.764224 1.189301 -0.414881 -1.880769 1.806470 0.607052 0.065685 1.000000 
-0.605623 -4.708891 1.185549 -0.522749 -1.866166 1.843869 0.607567 0.062937 1.000000 
-0.643063 -4.650758 1.180941 -0.629046 -1.851275 1.878655 0.608060 0.060303 1.000000 
-0.680028 -4.589956 1.175489 -0.733683 -1.836115 1.910805 0.608532 0.057783 1.000000 
-0.716496 -4.526618 1.169206 -0.836571 -1.820709 1.940304 0.608985 0.055375 1.000000 
-0.752447 -4.460876 1.162108 -0.937630 -1.805077 1.967140 0.609418 0.053076 1.000000 
-0.787864 -4.392866 1.154209 -1.036787 -1.789242 1.991309 0.609834 0.050882 1.000000 
-0.822728 -4.322723 1.145525 -1.133972 -1.773223 2.012811 0.610233 0.048792 1.000000 
-0.857022 -4.250582 1.136071 -1.229123 -1.757044 2.031650 0.610615 0.046800 1.000000 
-0.890732 -4.176577 1.125865 -1.322184 -1.740724 2.047836 0.610982 0.044903 1.000000 
-0.923843 -4.100843 1.114922 -1.413103 -1.724285 2.061383 0.611334 0.043098 1.000000 
-0.956341 -4.023511 1.103261 -1.501837 -1.707749 2.072309 0.611672 0.041380 1.000000 
-0.988215 -3.944714 1.090899 -1.588347 -1.691135 2.080638 0.611996 0.039745 1.000000 
-1.019453 -3.864579 1.077853 -1.672599 -1.674466 2.086395 0.612308 0.038190 1.000000 
-1.050045 -3.783234 1.064143 -1.754567 -1.657760 2.089611 0.612607 0.036712 1.000000 
-1.079982 -3.700802 1.049786 -1.834227 -1.641038 2.090320 0.612895 0.035305 1.000000 
-1.109255 -3.617405 1.034802 -1.911564 -1.624321 2.088559 0.613172 0.033968 1.000000 
-1.137858 -3.533161 1.019208 -1.986565 -1.607628 2.084367 0.613439 0.032696 1.000000 
-1.165784 -3.448183 1.003023 -2.059225 -1.590978 2.077788 0.613696 0.031486 1.000000 
-1.193027 -3.362583 0.986266 -2.129540 -1.574390 2.068866 0.613943 0.030335 1.000000 
-1.219584 -3.276468 0.968956 -2.197515 -1.557882 2.057650 0.614181 0.029240 1.000000 
-1.245450 -3.189940 0.951112 -2.263154 -1.541473 2.044189 0.614411 0.028198 1.000000 
-1.270622 -3.103099 0.932752 -2.326470 -1.525181 2.028535 0.614632 0.027206 1.000000 
-1.295099 -3.016038 0.913895 -2.387478 -1.509022 2.010740 0.614846 0.026262 1.000000 
-1.318878 -2.928847 0.894559 -2.446194 -1.493015 1.990860 0.615053 0.025364 1.000000 
-1.341960 -2.841613 0.874762 -2.502642 -1.477174 1.968950 0.615252 0.024509 1.000000 
-1.364344 -2.754414 0.854522 -2.556846 -1.461517 1.945067 0.615445 0.023694 1.000000 
-1.386031 -2.667328 0.833858 -2.608834 -1.446058 1.919269 0.615631 0.022919 1.000000 
-1.407022 -2.580426 0.812787 -2.658636 -1.430813 1.891614 0.615812 0.022181 1.000000 
-1.427319 -2.493773 0.791326 -2.706285 -1.415797 1.862161 0.615986 0.021477 1.000000 
-1.446923 -2.407432 0.769492 -2.751816 -1.401023 1.830969 0.616155 0.020807 1.000000 
-1.465839 -2.321460 0.747302 -2.795266 -1.386506 1.798097 0.616319 0.020169 1.000000 
-1.484068 -2.235908 0.724773 -2.836672 -1.372258 1.763605 0.616478 0.019562 1.000000 
-1.501614 -2.150824 0.701921 -2.876075 -1.358292 1.727552 0.616632 0.018983 1.000000 
-1.518482 -2.066251 0.678761 -2.913516 -1.344621 1.689996 0.616782 0.018433 1.000000 
-1.534676 -1.982228 0.655310 -2.949038 -1.331256 1.650997 0.616927 0.017908 1.000000 
-1.550199 -1.898787 0.631582 -2.982682 -1.318209 1.610611 0.617069 0.017409 1.000000 
-1.565058 -1.815958 0.607592 -3.014492 -1.305490 1.568898 0.617206 0.016934 1.000000 
-1.579256 -1.733767 0.583354 -3.044512 -1.293110 1.525912 0.617340 0.016483 1.000000 
-1.592800 -1.652234 0.558884 -3.072786 -1.281079 1.481711 0.617470 0.016054 1.000000 
-1.605694 -1.571375 0.534194 -3.099357 -1.269406 1.436350 0.617597 0.015646 1.000000 
-1.617944 -1.491203 0.509299 -3.124269 -1.258100 1.389883 0.617720 0.015259 1.000000 
-1.629555 -1.411727 0.484210 -3.147565 -1.247170 1.342363 0.617841 0.014892 1.000000 
-1.640533 -1.332952 0.458942 -3.169287 -1.236625 1.293844 0.617959 0.014545 1.000000 
-1.650884 -1.254880 0.433506 -3.189478 -1.226471 1.244376 0.618074 0.014216 1.000000 
-1.660613 -1.177508 0.407914 -3.208177 -1.216717 1.194010 0.618186 0.013905 1.000000 
-1.669726 -1.100831 0.382179 -3.225426 -1.207370 1.142796 0.618296 0.013611 1.000000 
-1.678228 -1.024841 0.356311 -3.241262 -1.198435 1.090782 0.618404 0.013335 1.000000 
-1.686125 -0.949526 0.330322 -3.255723 -1.189919 1.038015 0.618509 0.013075 1.000000 
-1.693423 -0.874872 0.304223 -3.268844 -1.181828 0.984542 0.618613 0.012831 1.000000 
-1.700125 -0.800861 0.278024 -3.280660 -1.174168 0.930409 0.618715 0.012603 1.000000 
-1.706238 -0.727476 0.251736 -3.291204 -1.166943 0.875660 0.618815 0.012391 1.000000 
-1.711766 -0.654692 0.225369 -3.300506 -1.160159 0.820338 0.618913 0.012193 1.000000 
-1.716715 -0.582487 0.198931 -3.308595 -1.153820 0.764485 0.619010 0.012010 1.000000 
-1.721088 -0.510834 0.172434 -3.315499 -1.147929 0.708145 0.619105 0.011842 1.000000 
-1.724889 -0.439705 0.145886 -3.321242 -1.142490 0.651356 0.619199 0.011688 1.000000 
-1.728124 -0.369071 0.119297 -3.325847 -1.137508 0.594161 0.619292 0.011548 1.000000 
-1.730796 -0.298900 0.092676 -3.329336 -1.132985 0.536596 0.619384 0.011422 1.000000 
-1.732908 -0.229158 0.066031 -3.331726 -1.128923 0.478702 0.619475 0.011309 1.000000 
-1.734463 -0.159813 0.039371 -3.333034 -1.125326 0.420517 0.619565 0.011210 1.000000 
-1.735466 -0.090829 0.012705 -3.333275 -1.122196 0.362077 0.619655 0.011125 1.000000 
-1.735918 -0.022171 -0.013958 -3.332460 -1.119534 0.303419 0.619743 0.011052 1.000000 
-1.735821 0.046199 -0.040611 -3.330597 -1.117342 0.244581 0.619831 0.010993 1.000000 
-1.735179 0.114318 -0.067245 -3.327695 -1.115621 0.185598 0.619919 0.010947 1.000000 
-1.733993 0.182224 -0.093852 -3.323758 -1.114372 0.126506 0.620007 0.010914 1.000000 
-1.732264 0.249954 -0.120423 -3.318787 -1.113597 0.067341 0.620094 0.010894 1.000000 
-1.729994 0.317547 -0.146950 -3.312784 -1.113295 0.008137 0.620181 0.010887 1.000000 
-1.727183 0.385041 -0.173424 -3.305744 -1.113467 -0.051069 0.620268 0.010893 1.000000 
-1.723833 0.452474 -0.199839 -3.297663 -1.114112 -0.110242 0.620355 0.010912 1.000000 
-1.719944 0.519883 -0.226184 -3.288534 -1.115230 -0.169346 0.620443 0.010944 1.000000 
-1.715515 0.587305 -0.252452 -3.278346 -1.116821 -0.228346 0.620530 0.010989 1.000000 
-1.710547 0.654777 -0.278635 -3.267088 -1.118884 -0.287207 0.620619 0.011048 1.000000 
-1.705038 0.722334 -0.304723 -3.254745 -1.121416 -0.345891 0.620707 0.011119 1.000000 
-1.698989 0.790011 -0.330708 -3.241301 -1.124417 -0.404363 0.620797 0.011204 1.000000 
-1.692398 0.857840 -0.356581 -3.226736 -1.127885 -0.462584 0.620887 0.011302 1.000000 
-1.685263 0.925855 -0.382333 -3.211029 -1.131818 -0.520518 0.620977 0.011414 1.000000 
-1.677584 0.994085 -0.407954 -3.194158 -1.136213 -0.578127 0.621069 0.011540 1.000000 
-1.669357 1.062559 -0.433436 -3.176097 -1.141067 -0.635371 0.621162 0.011680 1.000000 
-1.660582 1.131306 -0.458768 -3.156819 -1.146377 -0.692211 0.621256 0.011833 1.000000 
-1.651256 1.200349 -0.483942 -3.136295 -1.152141 -0.748607 0.621351 0.012001 1.000000 
-1.641376 1.269713 -0.508946 -3.114495 -1.158354 -0.804517 0.621448 0.012184 1.000000 
-1.630939 1.339417 -0.533770 -3.091385 -1.165012 -0.859900 0.621546 0.012382 1.000000 
-1.619944 1.409482 -0.558404 -3.066931 -1.172111 -0.914712 0.621646 0.012595 1.000000 
-1.608387 1.479922 -0.582837 -3.041099 -1.179646 -0.968910 0.621748 0.012823 1.000000 
-1.596264 1.550751 -0.607058 -3.013851 -1.187612 -1.022448 0.621852 0.013068 1.000000 
-1.583573 1.621980 -0.631055 -2.985150 -1.196003 -1.075281 0.621957 0.013328 1.000000 
-1.570311 1.693617 -0.654817 -2.954956 -1.204814 -1.127361 0.622065 0.013606 1.000000 
-1.556474 1.765665 -0.678330 -2.923228 -1.214039 -1.178640 0.622175 0.013901 1.000000 
-1.542060 1.838127 -0.701584 -2.889927 -1.223670 -1.229069 0.622287 0.014213 1.000000 
-1.527063 1.910999 -0.724565 -2.855009 -1.233701 -1.278598 0.622402 0.014544 1.000000 
-1.511483 1.984277 -0.747260 -2.818435 -1.244125 -1.327175 0.622520 0.014894 1.000000 
-1.495314 2.057951 -0.769655 -2.780160 -1.254933 -1.374748 0.622641 0.015263 1.000000 
-1.478554 2.132008 -0.791738 -2.740143 -1.266118 -1.421262 0.622764 0.015653 1.000000 
-1.461201 2.206432 -0.813493 -2.698341 -1.277671 -1.466664 0.622891 0.016064 1.000000 
-1.443250 2.281201 -0.834906 -2.654712 -1.289582 -1.510897 0.623021 0.016497 1.000000 
-1.424701 2.356290 -0.855963 -2.609214 -1.301842 -1.553906 0.623155 0.016953 1.000000 
-1.405549 2.431671 -0.876649 -2.561807 -1.314441 -1.595631 0.623293 0.017432 1.000000 
-1.385793 2.507310 -0.896947 -2.512450 -1.327368 -1.636016 0.623434 0.017936 1.000000 
-1.365431 2.583169 -0.916842 -2.461104 -1.340613 -1.675001 0.623580 0.018466 1.000000 
-1.344462 2.659207 -0.936319 -2.407731 -1.354164 -1.712525 0.623730 0.019024 1.000000 
-1.322884 2.735377 -0.955361 -2.352296 -1.368010 -1.748529 0.623884 0.019609 1.000000 
-1.300696 2.811628 -0.973950 -2.294764 -1.382137 -1.782952 0.624044 0.020225 1.000000 
-1.277898 2.887904 -0.992071 -2.235103 -1.396533 -1.815732 0.624208 0.020872 1.000000 
-1.254489 2.964145 -1.009706 -2.173283 -1.411184 -1.846808 0.624378 0.021551 1.000000 
-1.230472 3.040287 -1.026838 -2.109276 -1.426077 -1.876119 0.624553 0.022265 1.000000 
-1.205845 3.116261 -1.043449 -2.043059 -1.441197 -1.903602 0.624734 0.023016 1.000000 
-1.180612 3.191993 -1.059521 -1.974609 -1.456529 -1.929196 0.624921 0.023804 1.000000 
-1.154774 3.267405 -1.075037 -1.903908 -1.472059 -1.952841 0.625115 0.024633 1.000000 
-1.128335 3.342413 -1.089977 -1.830942 -1.487769 -1.974475 0.625315 0.025504 1.000000 
-1.101297 3.416933 -1.104326 -1.755699 -1.503645 -1.994039 0.625523 0.026420 1.000000 
-1.073665 3.490871 -1.118063 -1.678174 -1.519668 -2.011475 0.625738 0.027384 1.000000 
-1.045445 3.564134 -1.131170 -1.598364 -1.535823 -2.026724 0.625961 0.028397 1.000000 
-1.016641 3.636622 -1.143630 -1.516269 -1.552090 -2.039731 0.626193 0.029463 1.000000 
-0.987261 3.708232 -1.155424 -1.431899 -1.568452 -2.050440 0.626433 0.030584 1.000000 
-0.957312 3.778857 -1.166535 -1.345263 -1.584891 -2.058799 0.626682 0.031765 1.000000 
-0.926802 3.848388 -1.176943 -1.256380 -1.601387 -2.064756 0.626941 0.033007 1.000000 
-0.895741 3.916710 -1.186631 -1.165272 -1.617920 -2.068263 0.627211 0.034315 1.000000 
-0.864139 3.983708 -1.195581 -1.071966 -1.634472 -2.069274 0.627491 0.035692 1.000000 
-0.832006 4.049262 -1.203776 -0.976497 -1.651022 -2.067745 0.627782 0.037142 1.000000 
-0.799355 4.113252 -1.211199 -0.878903 -1.667549 -2.063637 0.628085 0.038668 1.000000 
-0.766198 4.175552 -1.217833 -0.779232 -1.684033 -2.056911 0.628401 0.040276 1.000000 
-0.732551 4.236039 -1.223662 -0.677534 -1.700453 -2.047534 0.628730 0.041969 1.000000 
-0.698427 4.294584 -1.228669 -0.573868 -1.716787 -2.035477 0.629072 0.043751 1.000000 
-0.663843 4.351060 -1.232839 -0.468298 -1.733013 -2.020712 0.629430 0.045628 1.000000 
-0.628816 4.405339 -1.236157 -0.360895 -1.749111 -2.003220 0.629803 0.047602 1.000000 
-0.593364 4.457289 -1.238608 -0.251737 -1.765057 -1.982981 0.630192 0.049680 1.000000 
-0.557506 4.506784 -1.240180 -0.140908 -1.780831 -1.959985 0.630598 0.051865 1.000000 
-0.521262 4.553693 -1.240859 -0.028498 -1.796410 -1.934222 0.631022 0.054161 1.000000 
-0.484654 4.597890 -1.240632 0.085398 -1.811771 -1.905691 0.631465 0.056573 1.000000 
-0.447703 4.639248 -1.239488 0.200674 -1.826893 -1.874393 0.631927 0.059105 1.000000 
-0.410434 4.677642 -1.237418 0.317223 -1.841754 -1.840338 0.632411 0.061759 1.000000 
-0.372869 4.712950 -1.234410 0.434929 -1.856331 -1.803539 0.632916 0.064538 1.000000 
-0.335035 4.745053 -1.230456 0.553671 -1.870603 -1.764015 0.633444 0.067445 1.000000 
-0.296957 4.773835 -1.225549 0.673322 -1.884548 -1.721793 0.633995 0.070481 1.000000 
-0.258663 4.799183 -1.219681 0.793750 -1.898145 -1.676903 0.634572 0.073644 1.000000 
-0.220180 4.820989 -1.212847 0.914816 -1.911372 -1.629382 0.635174 0.076935 1.000000 
-0.181537 4.839149 -1.205042 1.036378 -1.924208 -1.579276 0.635803 0.080350 1.000000 
-0.142763 4.853566 -1.196264 1.158289 -1.936634 -1.526633 0.636460 0.083884 1.000000 
-0.103890 4.864145 -1.186509 1.280396 -1.948628 -1.471510 0.637146 0.087529 1.000000 
-0.064947 4.870802 -1.175778 1.402545 -1.960171 -1.413969 0.637861 0.091278 1.000000 
-0.025968 4.873454 -1.164069 1.524576 -1.971245 -1.354080 0.638606 0.095117 1.000000 
0.013017 4.872029 -1.151385 1.646327 -1.981830 -1.291916 0.639383 0.099030 1.000000 
0.051974 4.866461 -1.137729 1.767631 -1.991910 -1.227560 0.640191 0.103001 1.000000 
0.090869 4.856691 -1.123105 1.888322 -2.001466 -1.161097 0.641031 0.107006 1.000000 
0.129669 4.842668 -1.107518 2.008231 -2.010482 -1.092621 0.641903 0.111021 1.000000 
0.168340 4.824352 -1.090975 2.127186 -2.018943 -1.022231 0.642807 0.115016 1.000000 
0.206848 4.801708 -1.073486 2.245016 -2.026833 -0.950030 0.643743 0.118959 1.000000 
0.245156 4.774711 -1.055059 2.361550 -2.034139 -0.876129 0.644710 0.122815 1.000000 
0.283231 4.743348 -1.035705 2.476616 -2.040847 -0.800642 0.645708 0.126544 1.000000 
0.321038 4.707611 -1.015437 2.590043 -2.046945 -0.723688 0.646735 0.130108 1.000000 
0.358541 4.667506 -0.994269 2.701661 -2.052422 -0.645392 0.647789 0.133462 1.000000 
0.395706 4.623044 -0.972216 2.811303 -2.057268 -0.565884 0.648869 0.136566 1.000000 
0.432499 4.574250 -0.949294 2.918805 -2.061473 -0.485294 0.649973 0.139377 1.000000 
0.468883 4.521158 -0.925521 3.024003 -2.065030 -0.403760 0.651098 0.141854 1.000000 
0.504826 4.463809 -0.900916 3.126740 -2.067931 -0.321422 0.652242 0.143961 1.000000 
0.540293 4.402258 -0.875500 3.226861 -2.070171 -0.238423 0.653401 0.145663 1.000000 
0.575251 4.336567 -0.849294 3.324216 -2.071745 -0.154906 0.654571 0.146933 1.000000 
0.609667 4.266810 -0.822321 3.418661 -2.072649 -0.071021 0.655750 0.147749 1.000000 
0.643509 4.193069 -0.794604 3.510058 -2.072881 0.013084 0.656934 0.148098 1.000000 
0.676746 4.115437 -0.766168 3.598273 -2.072439 0.097258 0.658119 0.147972 1.000000 
0.709346 4.034013 -0.737040 3.683182 -2.071325 0.181351 0.659300 0.147373 1.000000 
0.741280 3.948910 -0.707246 3.764665 -2.069538 0.265210 0.660475 0.146310 1.000000 
0.772519 3.860245 -0.676815 3.842613 -2.067082 0.348685 0.661640 0.144801 1.000000 
0.803035 3.768146 -0.645774 3.916922 -2.063961 0.431626 0.662791 0.142870 1.000000 
0.832801 3.672747 -0.614154 3.987498 -2.060178 0.513882 0.663925 0.140547 1.000000 
0.861790 3.574191 -0.581984 4.054256 -2.055741 0.595306 0.665039 0.137867 1.000000 
0.889980 3.472628 -0.549296 4.117119 -2.050656 0.675754 0.666130 0.134870 1.000000 
0.917345 3.368212 -0.516121 4.176021 -2.044932 0.755081 0.667196 0.131595 1.000000 
0.943864 3.261105 -0.482491 4.230903 -2.038578 0.833149 0.668235 0.128088 1.000000 
0.969516 3.151474 -0.448437 4.281719 -2.031605 0.909821 0.669245 0.124389 1.000000 
0.994281 3.039489 -0.413994 4.328430 -2.024025 0.984966 0.670225 0.120542 1.000000 
1.018142 2.925326 -0.379194 4.371007 -2.015850 1.058456 0.671173 0.116586 1.000000 
1.041081 2.809163 -0.344069 4.409433 -2.007094 1.130169 0.672090 0.112559 1.000000 
1.063084 2.691180 -0.308654 4.443699 -1.997772 1.199988 0.672974 0.108496 1.000000 
1.084136 2.571561 -0.272981 4.473806 -1.987900 1.267800 0.673826 0.104428 1.000000 
1.104225 2.450489 -0.237084 4.499765 -1.977493 1.333499 0.674645 0.100384 1.000000 
1.123340 2.328150 -0.200996 4.521596 -1.966570 1.396987 0.675432 0.096387 1.000000 
1.141472 2.204728 -0.164749 4.539329 -1.955148 1.458168 0.676187 0.092457 1.000000 
1.158613 2.080407 -0.128377 4.553000 -1.943245 1.516957 0.676912 0.088613 1.000000 
1.174757 1.955370 -0.091912 4.562658 -1.930883 1.573273 0.677606 0.084869 1.000000 
1.189898 1.829799 -0.055385 4.568357 -1.918080 1.627042 0.678270 0.081234 1.000000 
1.204033 1.703870 -0.018829 4.570160 -1.904857 1.678198 0.678906 0.077718 1.000000 
1.217159 1.577761 0.017727 4.568137 -1.891236 1.726682 0.679514 0.074327 1.000000 
1.229277 1.451642 0.054251 4.562366 -1.877237 1.772440 0.680095 0.071065 1.000000 
1.240386 1.325682 0.090715 4.552930 -1.862884 1.815427 0.680651 0.067934 1.000000 
1.250489 1.200043 0.127089 4.539919 -1.848198 1.855605 0.681183 0.064934 1.000000 
1.259588 1.074886 0.163345 4.523429 -1.833202 1.892940 0.681690 0.062066 1.000000 
1.267688 0.950361 0.199455 4.503561 -1.817919 1.927409 0.682176 0.059326 1.000000 
1.274796 0.826618 0.235393 4.480420 -1.802371 1.958992 0.682640 0.056714 1.000000 
1.280917 0.703798 0.271133 4.454116 -1.786583 1.987678 0.683084 0.054224 1.000000 
1.286059 0.582034 0.306650 4.424761 -1.770576 2.013460 0.683508 0.051855 1.000000 
1.290232 0.461458 0.341921 4.392472 -1.754375 2.036338 0.683914 0.049602 1.000000 
1.293446 0.342189 0.376923 4.357368 -1.738002 2.056320 0.684302 0.047460 1.000000 
1.295711 0.224344 0.411632 4.319568 -1.721482 2.073417 0.684673 0.045424 1.000000 
1.297040 0.108030 0.446029 4.279197 -1.704835 2.087645 0.685029 0.043492 1.000000 
1.297444 -0.006652 0.480093 4.236377 -1.688087 2.099028 0.685369 0.041656 1.000000 
1.296938 -0.119607 0.513805 4.191233 -1.671258 2.107592 0.685696 0.039914 1.000000 
1.295535 -0.230751 0.547147 4.143888 -1.654373 2.113369 0.686008 0.038261 1.000000 
1.293251 -0.340002 0.580101 4.094467 -1.637452 2.116396 0.686308 0.036691 1.000000 
1.290100 -0.447290 0.612653 4.043094 -1.620518 2.116712 0.686596 0.035202 1.000000 
1.286100 -0.552549 0.644786 3.989890 -1.603592 2.114362 0.686871 0.033788 1.000000 
1.281265 -0.655722 0.676486 3.934976 -1.586695 2.109393 0.687136 0.032446 1.000000 
1.275614 -0.756757 0.707741 3.878471 -1.569848 2.101854 0.687391 0.031172 1.000000 
1.269163 -0.855609 0.738538 3.820493 -1.553072 2.091800 0.687635 0.029962 1.000000 
1.261930 -0.952242 0.768866 3.761155 -1.536386 2.079287 0.687870 0.028813 1.000000 
1.253933 -1.046624 0.798713 3.700568 -1.519810 2.064372 0.688096 0.027721 1.000000 
1.245190 -1.138730 0.828072 3.638842 -1.503362 2.047115 0.688314 0.026684 1.000000 
1.235719 -1.228541 0.856932 3.576081 -1.487062 2.027580 0.688523 0.025699 1.000000 
1.225540 -1.316043 0.885286 3.512387 -1.470927 2.005828 0.688725 0.024762 1.000000 
1.214669 -1.401230 0.913128 3.447857 -1.454974 1.981925 0.688920 0.023872 1.000000 
1.203126 -1.484098 0.940450 3.382586 -1.439222 1.955936 0.689107 0.023025 1.000000 
1.190930 -1.564650 0.967247 3.316662 -1.423685 1.927928 0.689288 0.022220 1.000000 
1.178098 -1.642894 0.993515 3.250173 -1.408380 1.897967 0.689463 0.021454 1.000000 
1.164649 -1.718841 1.019249 3.183198 -1.393322 1.866121 0.689632 0.020726 1.000000 
1.150602 -1.792507 1.044445 3.115815 -1.378527 1.832458 0.689795 0.020033 1.000000 
1.135975 -1.863912 1.069101 3.048096 -1.364008 1.797043 0.689952 0.019374 1.000000 
1.120786 -1.933080 1.093214 2.980108 -1.349779 1.759945 0.690105 0.018747 1.000000 
1.105052 -2.000036 1.116782 2.911915 -1.335853 1.721231 0.690252 0.018151 1.000000 
1.088791 -2.064811 1.139804 2.843574 -1.322243 1.680965 0.690395 0.017584 1.000000 
1.072021 -2.127438 1.162279 2.775139 -1.308961 1.639215 0.690534 0.017045 1.000000 
1.054758 -2.187951 1.184206 2.706660 -1.296019 1.596044 0.690668 0.016532 1.000000 
1.037019 -2.246387 1.205586 2.638180 -1.283428 1.551517 0.690798 0.016045 1.000000 
1.018821 -2.302786 1.226417 2.569740 -1.271199 1.505696 0.690925 0.015583 1.000000 
1.000180 -2.357187 1.246702 2.501375 -1.259340 1.458644 0.691048 0.015144 1.000000 
0.981111 -2.409634 1.266440 2.433116 -1.247863 1.410420 0.691167 0.014728 1.000000 
0.961631 -2.460168 1.285632 2.364988 -1.236777 1.361085 0.691283 0.014334 1.000000 
0.941753 -2.508835 1.304280 2.297014 -1.226089 1.310697 0.691397 0.013961 1.000000 
0.921494 -2.555679 1.322385 2.229212 -1.215808 1.259312 0.691507 0.013608 1.000000 
0.900867 -2.600744 1.339948 2.161596 -1.205942 1.206987 0.691614 0.013275 1.000000 
0.879887 -2.644075 1.356971 2.094174 -1.196499 1.153776 0.691719 0.012961 1.000000 
0.858567 -2.685718 1.373455 2.026953 -1.187484 1.099733 0.691822 0.012665 1.000000 
0.836920 -2.725718 1.389403 1.959934 -1.178905 1.044908 0.691922 0.012388 1.000000 
0.814959 -2.764118 1.404815 1.893116 -1.170768 0.989353 0.692020 0.012128 1.000000 
0.792698 -2.800962 1.419693 1.826493 -1.163077 0.933116 0.692116 0.011885 1.000000 
0.770148 -2.836293 1.434039 1.760056 -1.155839 0.876247 0.692210 0.011659 1.000000 
0.747321 -2.870152 1.447854 1.693794 -1.149059 0.818791 0.692303 0.011449 1.000000 
0.724229 -2.902580 1.461140 1.627691 -1.142740 0.760794 0.692393 0.011256 1.000000 
0.700884 -2.933615 1.473898 1.561729 -1.136888 0.702302 0.692483 0.011078 1.000000 
0.677295 -2.963296 1.486128 1.495888 -1.131505 0.643357 0.692571 0.010916 1.000000 
0.653475 -2.991658 1.497832 1.430143 -1.126595 0.584003 0.692658 0.010770 1.000000 
0.629432 -3.018735 1.509011 1.364468 -1.122162 0.524280 0.692743 0.010638 1.000000 
0.605178 -3.044558 1.519664 1.298835 -1.118207 0.464230 0.692828 0.010522 1.000000 
0.580722 -3.069159 1.529792 1.233214 -1.114735 0.403892 0.692912 0.010420 1.000000 
0.556075 -3.092565 1.539395 1.167570 -1.111746 0.343307 0.692995 0.010333 1.000000 
0.531245 -3.114802 1.548473 1.101871 -1.109242 0.282513 0.693077 0.010261 1.000000 
0.506241 -3.135892 1.557025 1.036080 -1.107226 0.221549 0.693159 0.010203 1.000000 
0.481073 -3.155857 1.565050 0.970158 -1.105698 0.160451 0.693240 0.010159 1.000000 
0.455750 -3.174714 1.572547 0.904067 -1.104659 0.099258 0.693321 0.010130 1.000000 
0.430281 -3.192480 1.579514 0.837767 -1.104110 0.038008 0.693402 0.010116 1.000000 
0.404673 -3.209167 1.585951 0.771215 -1.104051 -0.023263 0.693483 0.010115 1.000000 
0.378937 -3.224786 1.591853 0.704372 -1.104482 -0.084518 0.693564 0.010129 1.000000 
0.353080 -3.239344 1.597220 0.637192 -1.105403 -0.145718 0.693645 0.010158 1.000000 
0.327110 -3.252846 1.602047 0.569634 -1.106813 -0.206828 0.693727 0.010201 1.000000 
0.301037 -3.265293 1.606333 0.501654 -1.108712 -0.267808 0.693809 0.010258 1.000000 
0.274868 -3.276686 1.610072 0.433208 -1.111098 -0.328622 0.693891 0.010330 1.000000 
0.248613 -3.287018 1.613263 0.364254 -1.113969 -0.389230 0.693974 0.010417 1.000000 
0.222279 -3.296285 1.615899 0.294748 -1.117325 -0.449593 0.694058 0.010518 1.000000 
0.195875 -3.304475 1.617977 0.224647 -1.121162 -0.509673 0.694142 0.010635 1.000000 
0.169410 -3.311578 1.619492 0.153910 -1.125479 -0.569428 0.694228 0.010766 1.000000 
0.142893 -3.317576 1.620438 0.082496 -1.130272 -0.628818 0.694315 0.010913 1.000000 
0.116332 -3.322451 1.620810 0.010365 -1.135539 -0.687801 0.694402 0.011075 1.000000 
0.089737 -3.326183 1.620602 -0.062521 -1.141276 -0.746333 0.694492 0.011253 1.000000 
0.063116 -3.328748 1.619807 -0.136199 -1.147479 -0.804370 0.694583 0.011447 1.000000 
0.036480 -3.330118 1.618420 -0.210705 -1.154144 -0.861868 0.694675 0.011658 1.000000 
0.009838 -3.330264 1.616434 -0.286072 -1.161267 -0.918781 0.694769 0.011885 1.000000 
-0.016801 -3.329153 1.613841 -0.362331 -1.168843 -0.975060 0.694865 0.012129 1.000000 
-0.043425 -3.326753 1.610634 -0.439510 -1.176866 -1.030657 0.694963 0.012390 1.000000 
-0.070025 -3.323024 1.606806 -0.517636 -1.185331 -1.085522 0.695063 0.012670 1.000000 
-0.096590 -3.317928 1.602349 -0.596733 -1.194232 -1.139604 0.695166 0.012968 1.000000 
-0.123109 -3.311422 1.597256 -0.676819 -1.203563 -1.192850 0.695271 0.013284 1.000000 
-0.149569 -3.303464 1.591517 -0.757913 -1.213316 -1.245206 0.695379 0.013620 1.000000 
-0.175960 -3.294006 1.585126 -0.840029 -1.223484 -1.296616 0.695489 0.013977 1.000000 
-0.202269 -3.283002 1.578074 -0.923175 -1.234059 -1.347024 0.695602 0.014354 1.000000 
-0.228484 -3.270401 1.570353 -1.007358 -1.245033 -1.396370 0.695719 0.014752 1.000000 
-0.254591 -3.256152 1.561954 -1.092580 -1.256398 -1.444596 0.695838 0.015173 1.000000 
-0.280578 -3.240203 1.552869 -1.178839 -1.268144 -1.491640 0.695962 0.015617 1.000000 
-0.306430 -3.222500 1.543089 -1.266127 -1.280261 -1.537441 0.696088 0.016085 1.000000 
-0.332133 -3.202987 1.532608 -1.354434 -1.292739 -1.581933 0.696219 0.016578 1.000000 
-0.357672 -3.181610 1.521416 -1.443742 -1.305568 -1.625054 0.696354 0.017097 1.000000 
-0.383033 -3.158312 1.509505 -1.534030 -1.318736 -1.666736 0.696493 0.017644 1.000000 
-0.408200 -3.133037 1.496869 -1.625271 -1.332232 -1.706913 0.696636 0.018220 1.000000 
-0.433157 -3.105727 1.483499 -1.717433 -1.346043 -1.745517 0.696784 0.018825 1.000000 
-0.457886 -3.076325 1.469387 -1.810478 -1.360156 -1.782480 0.696937 0.019463 1.000000 
-0.482372 -3.044777 1.454529 -1.904362 -1.374558 -1.817733 0.697096 0.020133 1.000000 
-0.506597 -3.011025 1.438916 -1.999035 -1.389235 -1.851204 0.697260 0.020838 1.000000 
-0.530542 -2.975016 1.422542 -2.094443 -1.404172 -1.882826 0.697429 0.021581 1.000000 
-0.554191 -2.936696 1.405403 -2.190523 -1.419355 -1.912526 0.697605 0.022362 1.000000 
-0.577523 -2.896013 1.387492 -2.287207 -1.434767 -1.940236 0.697787 0.023183 1.000000 
-0.600521 -2.852917 1.368806 -2.384422 -1.450393 -1.965884 0.697976 0.024048 1.000000 
-0.623163 -2.807360 1.349340 -2.482086 -1.466216 -1.989402 0.698172 0.024959 1.000000 
-0.645432 -2.759296 1.329092 -2.580114 -1.482218 -2.010720 0.698375 0.025918 1.000000 
-0.667305 -2.708684 1.308058 -2.678412 -1.498381 -2.029769 0.698587 0.026928 1.000000 
-0.688764 -2.655484 1.286237 -2.776881 -1.514688 -2.046484 0.698806 0.027992 1.000000 
-0.709786 -2.599660 1.263627 -2.875416 -1.531118 -2.060798 0.699035 0.029113 1.000000 
-0.730351 -2.541179 1.240230 -2.973903 -1.547654 -2.072647 0.699272 0.030295 1.000000 
-0.750438 -2.480014 1.216045 -3.072227 -1.564274 -2.081970 0.699520 0.031542 1.000000 
-0.770024 -2.416141 1.191075 -3.170262 -1.580959 -2.088706 0.699777 0.032856 1.000000 
-0.789089 -2.349542 1.165322 -3.267880 -1.597686 -2.092799 0.700046 0.034242 1.000000 
-0.807610 -2.280203 1.138791 -3.364945 -1.614436 -2.094193 0.700325 0.035705 1.000000 
-0.825565 -2.208116 1.111485 -3.461317 -1.631186 -2.092837 0.700617 0.037248 1.000000 
-0.842932 -2.133278 1.083412 -3.556851 -1.647914 -2.088684 0.700922 0.038877 1.000000 
-0.859690 -2.055694 1.054578 -3.651395 -1.664597 -2.081689 0.701239 0.040596 1.000000 
-0.875816 -1.975372 1.024992 -3.744795 -1.681213 -2.071813 0.701571 0.042410 1.000000 
-0.891289 -1.892330 0.994665 -3.836893 -1.697739 -2.059019 0.701918 0.044325 1.000000 
-0.906086 -1.806591 0.963606 -3.927526 -1.714150 -2.043277 0.702281 0.046346 1.000000 
-0.920187 -1.718185 0.931829 -4.016527 -1.730423 -2.024561 0.702660 0.048477 1.000000 
-0.933570 -1.627149 0.899346 -4.103728 -1.746535 -2.002849 0.703057 0.050726 1.000000 
-0.946214 -1.533530 0.866174 -4.188958 -1.762461 -1.978127 0.703472 0.053096 1.000000 
-0.958100 -1.437378 0.832329 -4.272044 -1.778177 -1.950385 0.703907 0.055593 1.000000 
-0.969206 -1.338754 0.797828 -4.352812 -1.793659 -1.919620 0.704362 0.058222 1.000000 
-0.979513 -1.237726 0.762690 -4.431086 -1.808883 -1.885836 0.704839 0.060987 1.000000 
-0.989003 -1.134370 0.726938 -4.506692 -1.823824 -1.849040 0.705338 0.063893 1.000000 
-0.997657 -1.028768 0.690591 -4.579455 -1.838459 -1.809251 0.705861 0.066943 1.000000 
-1.005458 -0.921013 0.653674 -4.649201 -1.852764 -1.766491 0.706409 0.070139 1.000000 
-1.012388 -0.811203 0.616212 -4.715758 -1.866715 -1.720791 0.706984 0.073482 1.000000 
-1.018432 -0.699445 0.578231 -4.778957 -1.880289 -1.672188 0.707586 0.076972 1.000000 
-1.023574 -0.585852 0.539758 -4.838631 -1.893463 -1.620728 0.708216 0.080606 1.000000 
-1.027801 -0.470547 0.500823 -4.894617 -1.906213 -1.566462 0.708876 0.084381 1.000000 
-1.031099 -0.353659 0.461455 -4.946758 -1.918519 -1.509451 0.709566 0.088289 1.000000 
-1.033456 -0.235323 0.421685 -4.994899 -1.930357 -1.449761 0.710289 0.092322 1.000000 
-1.034860 -0.115680 0.381547 -5.038894 -1.941708 -1.387468 0.711044 0.096465 1.000000 
-1.035303 0.005119 0.341075 -5.078601 -1.952550 -1.322654 0.711832 0.100703 1.000000 
-1.034776 0.126920 0.300302 -5.113885 -1.962864 -1.255409 0.712655 0.105016 1.000000 
-1.033270 0.249562 0.259265 -5.144621 -1.972630 -1.185830 0.713513 0.109378 1.000000 
-1.030781 0.372881 0.218000 -5.170691 -1.981831 -1.114020 0.714405 0.113760 1.000000 
-1.027303 0.496706 0.176546 -5.191984 -1.990449 -1.040090 0.715333 0.118129 1.000000 
-1.022833 0.620862 0.134941 -5.208402 -1.998467 -0.964159 0.716295 0.122446 1.000000 
-1.017369 0.745170 0.093225 -5.219854 -2.005871 -0.886350 0.717292 0.126671 1.000000 
-1.010910 0.869449 0.051437 -5.226262 -2.012644 -0.806794 0.718321 0.130756 1.000000 
-1.003458 0.993514 0.009618 -5.227557 -2.018775 -0.725628 0.719383 0.134654 1.000000 
-0.995015 1.117179 -0.032190 -5.223682 -2.024251 -0.642993 0.720475 0.138313 1.000000 
-0.985585 1.240256 -0.073947 -5.214593 -2.029059 -0.559037 0.721596 0.141683 1.000000 
-0.975173 1.362556 -0.115609 -5.200256 -2.033192 -0.473913 0.722741 0.144712 1.000000 
-0.963787 1.483889 -0.157137 -5.180652 -2.036639 -0.387775 0.723910 0.147353 1.000000 
-0.951434 1.604068 -0.198486 -5.155773 -2.039394 -0.300787 0.725098 0.149561 1.000000 
-0.938125 1.722904 -0.239615 -5.125625 -2.041450 -0.213110 0.726302 0.151297 1.000000 
-0.923872 1.840211 -0.280482 -5.090226 -2.042803 -0.124914 0.727517 0.152530 1.000000 
-0.908686 1.955806 -0.321045 -5.049607 -2.043448 -0.036366 0.728741 0.153236 1.000000 
-0.892584 2.069510 -0.361262 -5.003816 -2.043384 0.052361 0.729968 0.153401 1.000000 
-0.875580 2.181145 -0.401092 -4.952908 -2.042610 0.141094 0.731194 0.153022 1.000000 
-0.857691 2.290539 -0.440495 -4.896957 -2.041127 0.229659 0.732414 0.152104 1.000000 
-0.838937 2.397528 -0.479430 -4.836045 -2.038936 0.317884 0.733626 0.150663 1.000000 
-0.819338 2.501948 -0.517859 -4.770271 -2.036042 0.405594 0.734824 0.148726 1.000000 
-0.798914 2.603647 -0.555742 -4.699743 -2.032449 0.492619 0.736004 0.146326 1.000000 
-0.777687 2.702477 -0.593042 -4.624582 -2.028162 0.578786 0.737164 0.143504 1.000000 
-0.755682 2.798299 -0.629723 -4.544922 -2.023191 0.663930 0.738299 0.140305 1.000000 
-0.732923 2.890981 -0.665749 -4.460906 -2.017543 0.747884 0.739408 0.136779 1.000000 
-0.709435 2.980401 -0.701086 -4.372687 -2.011228 0.830487 0.740487 0.132977 1.000000 
-0.685245 3.066445 -0.735701 -4.280430 -2.004259 0.911583 0.741535 0.128951 1.000000 
-0.660381 3.149009 -0.769563 -4.184308 -1.996647 0.991020 0.742550 0.124751 1.000000 
-0.634871 3.227999 -0.802641 -4.084502 -1.988407 1.068650 0.743531 0.120427 1.000000 
-0.608743 3.303331 -0.834906 -3.981200 -1.979554 1.144333 0.744476 0.116023 1.000000 
-0.582027 3.374931 -0.866331 -3.874597 -1.970104 1.217934 0.745387 0.111582 1.000000 
-0.554754 3.442735 -0.896891 -3.764896 -1.960073 1.289325 0.746262 0.107140 1.000000 
-0.526954 3.506692 -0.926562 -3.652302 -1.949481 1.358384 0.747101 0.102730 1.000000 
-0.498657 3.566757 -0.955321 -3.537026 -1.938346 1.424999 0.747906 0.098381 1.000000 
-0.469896 3.622900 -0.983147 -3.419281 -1.926688 1.489064 0.748676 0.094116 1.000000 
-0.440701 3.675100 -1.010023 -3.299284 -1.914528 1.550480 0.749412 0.089955 1.000000 
-0.411105 3.723344 -1.035931 -3.177253 -1.901887 1.609157 0.750115 0.085913 1.000000 
-0.381139 3.767634 -1.060854 -3.053405 -1.888789 1.665015 0.750787 0.082002 1.000000 
-0.350833 3.807976 -1.084781 -2.927960 -1.875255 1.717980 0.751428 0.078232 1.000000 
-0.320221 3.844391 -1.107698 -2.801133 -1.861309 1.767987 0.752039 0.074607 1.000000 
-0.289334 3.876906 -1.129596 -2.673142 -1.846975 1.814980 0.752622 0.071132 1.000000 
-0.258201 3.905557 -1.150466 -2.544198 -1.832277 1.858911 0.753177 0.067807 1.000000 
-0.226855 3.930391 -1.170301 -2.414511 -1.817241 1.899740 0.753707 0.064633 1.000000 
-0.195325 3.951460 -1.189096 -2.284288 -1.801890 1.937436 0.754212 0.061608 1.000000 
-0.163641 3.968826 -1.206849 -2.153729 -1.786250 1.971975 0.754693 0.058728 1.000000 
-0.131833 3.982557 -1.223556 -2.023030 -1.770347 2.003342 0.755152 0.055991 1.000000 
-0.099930 3.992728 -1.239217 -1.892381 -1.754205 2.031529 0.755589 0.053391 1.000000 
-0.067959 3.999420 -1.253834 -1.761967 -1.737851 2.056535 0.756006 0.050924 1.000000 
-0.035948 4.002718 -1.267410 -1.631965 -1.721309 2.078367 0.756404 0.048585 1.000000 
-0.003924 4.002716 -1.279947 -1.502545 -1.704605 2.097038 0.756784 0.046368 1.000000 
0.028087 3.999509 -1.291453 -1.373870 -1.687765 2.112568 0.757147 0.044268 1.000000 
0.060059 3.993197 -1.301932 -1.246094 -1.670812 2.124984 0.757493 0.042278 1.000000 
0.091970 3.983884 -1.311393 -1.119365 -1.653773 2.134317 0.757823 0.040394 1.000000 
0.123794 3.971676 -1.319845 -0.993822 -1.636671 2.140605 0.758139 0.038610 1.000000 
0.155509 3.956682 -1.327298 -0.869595 -1.619531 2.143891 0.758441 0.036920 1.000000 
0.187094 3.939013 -1.333762 -0.746805 -1.602377 2.144222 0.758730 0.035320 1.000000 
0.218527 3.918780 -1.339251 -0.625566 -1.585232 2.141650 0.759007 0.033805 1.000000 
0.249788 3.896097 -1.343776 -0.505983 -1.568118 2.136231 0.759271 0.032369 1.000000 
0.280858 3.871076 -1.347351 -0.388150 -1.551059 2.128024 0.759525 0.031009 1.000000 
0.311719 3.843830 -1.349991 -0.272157 -1.534077 2.117093 0.759768 0.029720 1.000000 
0.342353 3.814473 -1.351711 -0.158081 -1.517193 2.103502 0.760001 0.028498 1.000000 
0.372745 3.783115 -1.352526 -0.045994 -1.500428 2.087321 0.760224 0.027340 1.000000 
0.402878 3.749868 -1.352452 0.064044 -1.483803 2.068620 0.760438 0.026241 1.000000 
0.432738 3.714838 -1.351506 0.171976 -1.467337 2.047471 0.760644 0.025198 1.000000 
0.462311 3.678133 -1.349706 0.277757 -1.451049 2.023948 0.760841 0.024209 1.000000 
0.491584 3.639857 -1.347068 0.381349 -1.434960 1.998127 0.761031 0.023270 1.000000 
0.520545 3.600111 -1.343610 0.482718 -1.419085 1.970083 0.761214 0.022379 1.000000 
0.549182 3.558993 -1.339351 0.581843 -1.403444 1.939895 0.761389 0.021532 1.000000 
0.577486 3.516598 -1.334307 0.678703 -1.388052 1.907638 0.761558 0.020728 1.000000 
0.605445 3.473018 -1.328497 0.773290 -1.372927 1.873390 0.761721 0.019964 1.000000 
0.633051 3.428341 -1.321940 0.865597 -1.358083 1.837228 0.761878 0.019238 1.000000 
0.660295 3.382650 -1.314654 0.955626 -1.343536 1.799231 0.762029 0.018548 1.000000 
0.687171 3.336026 -1.306656 1.043383 -1.329300 1.759473 0.762175 0.017893 1.000000 
0.713670 3.288545 -1.297966 1.128881 -1.315389 1.718031 0.762316 0.017270 1.000000 
0.739785 3.240277 -1.288600 1.212135 -1.301816 1.674979 0.762451 0.016679 1.000000 
0.765512 3.191291 -1.278578 1.293167 -1.288594 1.630392 0.762582 0.016118 1.000000 
0.790844 3.141649 -1.267916 1.372002 -1.275734 1.584342 0.762709 0.015584 1.000000 
0.815777 3.091408 -1.256631 1.448670 -1.263248 1.536901 0.762832 0.015079 1.000000 
0.840305 3.040623 -1.244742 1.523203 -1.251147 1.488138 0.762951 0.014599 1.000000 
0.864426 2.989342 -1.232266 1.595637 -1.239441 1.438123 0.763066 0.014144 1.000000 
0.888134 2.937610 -1.219218 1.666011 -1.228140 1.386922 0.763177 0.013714 1.000000 
0.911426 2.885467 -1.205615 1.734365 -1.217253 1.334601 0.763285 0.013306 1.000000 
0.934300 2.832947 -1.191473 1.800744 -1.206789 1.281223 0.763390 0.012922 1.000000 
0.956752 2.780080 -1.176808 1.865191 -1.196756 1.226851 0.763492 0.012559 1.000000 
0.978781 2.726895 -1.161635 1.927755 -1.187162 1.171545 0.763591 0.012217 1.000000 
1.000382 2.673410 -1.145969 1.988483 -1.178014 1.115365 0.763687 0.011895 1.000000 
1.021554 2.619645 -1.129824 2.047423 -1.169318 1.058367 0.763781 0.011593 1.000000 
1.042296 2.565611 -1.113215 2.104626 -1.161082 1.000606 0.763873 0.011311 1.000000 
1.062603 2.511317 -1.096155 2.160141 -1.153311 0.942137 0.763962 0.011048 1.000000 
1.082476 2.456769 -1.078657 2.214018 -1.146010 0.883013 0.764050 0.010803 1.000000 
1.101911 2.401965 -1.060735 2.266308 -1.139184 0.823283 0.764135 0.010576 1.000000 
1.120907 2.346903 -1.042400 2.317060 -1.132839 0.762998 0.764219 0.010368 1.000000 
1.139461 2.291576 -1.023666 2.366322 -1.126977 0.702205 0.764301 0.010177 1.000000 
1.157571 2.235971 -1.004543 2.414143 -1.121605 0.640951 0.764382 0.010003 1.000000 
1.175236 2.180076 -0.985043 2.460570 -1.116723 0.579281 0.764461 0.009846 1.000000 
1.192452 2.123871 -0.965177 2.505649 -1.112337 0.517240 0.764539 0.009706 1.000000 
1.209217 2.067337 -0.944956 2.549423 -1.108448 0.454872 0.764617 0.009582 1.000000 
1.225528 2.010447 -0.924390 2.591936 -1.105060 0.392218 0.764693 0.009475 1.000000 
1.241383 1.953175 -0.903488 2.633228 -1.102174 0.329321 0.764768 0.009385 1.000000 
1.256778 1.895491 -0.882261 2.673338 -1.099791 0.266220 0.764843 0.009311 1.000000 
1.271709 1.837362 -0.860718 2.712302 -1.097914 0.202957 0.764917 0.009253 1.000000 
1.286174 1.778753 -0.838868 2.750154 -1.096544 0.139571 0.764991 0.009211 1.000000 
1.300168 1.719625 -0.816719 2.786927 -1.095682 0.076102 0.765065 0.009185 1.000000 
1.313687 1.659940 -0.794280 2.822648 -1.095327 0.012588 0.765138 0.009175 1.000000 
1.326726 1.599656 -0.771559 2.857345 -1.095480 -0.050931 0.765211 0.009182 1.000000 
1.339280 1.538729 -0.748565 2.891040 -1.096142 -0.114416 0.765285 0.009204 1.000000 
1.351343 1.477114 -0.725305 2.923754 -1.097311 -0.177828 0.765359 0.009243 1.000000 
1.362911 1.414766 -0.701787 2.955504 -1.098987 -0.241127 0.765433 0.009298 1.000000 
1.373978 1.351635 -0.678019 2.986304 -1.101168 -0.304274 0.765508 0.009369 1.000000 
1.384535 1.287675 -0.654009 3.016165 -1.103854 -0.367228 0.765583 0.009456 1.000000 
1.394578 1.222836 -0.629763 3.045094 -1.107043 -0.429949 0.765659 0.009560 1.000000 
1.404098 1.157068 -0.605290 3.073095 -1.110733 -0.492394 0.765736 0.009681 1.000000 
1.413088 1.090321 -0.580596 3.100168 -1.114921 -0.554521 0.765814 0.009818 1.000000 
1.421541 1.022545 -0.555690 3.126310 -1.119604 -0.616287 0.765893 0.009973 1.000000 
1.429446 0.953692 -0.530578 3.151515 -1.124780 -0.677647 0.765973 0.010144 1.000000 
1.436797 0.883710 -0.505268 3.175771 -1.130445 -0.738555 0.766055 0.010333 1.000000 
1.443583 0.812552 -0.479768 3.199065 -1.136596 -0.798965 0.766139 0.010540 1.000000 
1.449794 0.740169 -0.454085 3.221378 -1.143227 -0.858827 0.766224 0.010765 1.000000 
1.455422 0.666517 -0.428229 3.242689 -1.150335 -0.918093 0.766311 0.011009 1.000000 
1.460455 0.591548 -0.402205 3.262973 -1.157915 -0.976710 0.766400 0.011271 1.000000 
1.464883 0.515221 -0.376024 3.282200 -1.165961 -1.034627 0.766492 0.011552 1.000000 
1.468695 0.437495 -0.349693 3.300338 -1.174467 -1.091788 0.766585 0.011853 1.000000 
1.471879 0.358329 -0.323221 3.317351 -1.183427 -1.148137 0.766681 0.012174 1.000000 
1.474424 0.277689 -0.296618 3.333198 -1.192835 -1.203616 0.766780 0.012517 1.000000 
1.476318 0.195541 -0.269893 3.347837 -1.202683 -1.258165 0.766882 0.012880 1.000000 
1.477549 0.111855 -0.243056 3.361219 -1.212963 -1.311723 0.766986 0.013266 1.000000 
1.478104 0.026605 -0.216117 3.373296 -1.223667 -1.364227 0.767094 0.013674 1.000000 
1.477970 -0.060232 -0.189087 3.384013 -1.234788 -1.415611 0.767205 0.014107 1.000000 
1.477136 -0.148675 -0.161977 3.393313 -1.246314 -1.465808 0.767320 0.014563 1.000000 
1.475587 -0.238737 -0.134798 3.401138 -1.258237 -1.514750 0.767438 0.015046 1.000000 
1.473311 -0.330428 -0.107563 3.407425 -1.270547 -1.562366 0.767560 0.015555 1.000000 
1.470296 -0.423751 -0.080284 3.412108 -1.283231 -1.608585 0.767687 0.016092 1.000000 
1.466527 -0.518705 -0.052974 3.415120 -1.296280 -1.653332 0.767818 0.016658 1.000000 
1.461992 -0.615285 -0.025646 3.416390 -1.309681 -1.696533 0.767954 0.017255 1.000000 
1.456678 -0.713475 0.001684 3.415848 -1.323420 -1.738112 0.768094 0.017884 1.000000 
1.450572 -0.813258 0.029002 3.413418 -1.337486 -1.777990 0.768240 0.018546 1.000000 
1.443662 -0.914608 0.056293 3.409026 -1.351863 -1.816090 0.768391 0.019243 1.000000 
1.435935 -1.017492 0.083541 3.402595 -1.366538 -1.852331 0.768548 0.019978 1.000000 
1.427378 -1.121870 0.110729 3.394047 -1.381495 -1.886633 0.768711 0.020752 1.000000 
1.417981 -1.227696 0.137840 3.383303 -1.396719 -1.918916 0.768880 0.021568 1.000000 
1.407731 -1.334915 0.164856 3.370285 -1.412192 -1.949099 0.769056 0.022427 1.000000 
1.396619 -1.443465 0.191758 3.354914 -1.427899 -1.977100 0.769239 0.023333 1.000000 
1.384632 -1.553276 0.218528 3.337111 -1.443820 -2.002838 0.769429 0.024289 1.000000 
1.371763 -1.664270 0.245145 3.316799 -1.459938 -2.026233 0.769628 0.025296 1.000000 
1.358001 -1.776361 0.271590 3.293901 -1.476233 -2.047205 0.769834 0.026359 1.000000 
1.343339 -1.889453 0.297841 3.268341 -1.492687 -2.065676 0.770050 0.027480 1.000000 
1.327768 -2.003445 0.323876 3.240046 -1.509277 -2.081568 0.770274 0.028664 1.000000 
1.311281 -2.118224 0.349674 3.208945 -1.525985 -2.094805 0.770508 0.029915 1.000000 
1.293874 -2.233671 0.375212 3.174970 -1.542787 -2.105315 0.770753 0.031236 1.000000 
1.275541 -2.349657 0.400466 3.138056 -1.559662 -2.113026 0.771008 0.032632 1.000000 
1.256279 -2.466047 0.425412 3.098141 -1.576588 -2.117869 0.771275 0.034108 1.000000 
1.236084 -2.582696 0.450028 3.055169 -1.593540 -2.119781 0.771554 0.035668 1.000000 
1.214955 -2.699451 0.474287 3.009087 -1.610496 -2.118699 0.771846 0.037318 1.000000 
1.192893 -2.816151 0.498165 2.959847 -1.627431 -2.114567 0.772152 0.039064 1.000000 
1.169897 -2.932629 0.521636 2.907407 -1.644321 -2.107330 0.772472 0.040912 1.000000 
1.145972 -3.048710 0.544675 2.851731 -1.661140 -2.096941 0.772807 0.042867 1.000000 
1.121120 -3.164210 0.567255 2.792789 -1.677863 -2.083356 0.773158 0.044935 1.000000 
1.095346 -3.278942 0.589350 2.730559 -1.694465 -2.066539 0.773526 0.047123 1.000000 
1.068659 -3.392711 0.610935 2.665025 -1.710919 -2.046457 0.773912 0.049439 1.000000 
1.041066 -3.505316 0.631982 2.596178 -1.727200 -2.023085 0.774317 0.051887 1.000000 
1.012578 -3.616551 0.652465 2.524018 -1.743280 -1.996405 0.774743 0.054475 1.000000 
0.983205 -3.726207 0.672358 2.448555 -1.759133 -1.966405 0.775189 0.057209 1.000000 
0.952963 -3.834070 0.691633 2.369803 -1.774734 -1.933081 0.775658 0.060095 1.000000 
0.921866 -3.939923 0.710266 2.287790 -1.790054 -1.896437 0.776151 0.063140 1.000000 
0.889930 -4.043545 0.728229 2.202550 -1.805068 -1.856484 0.776669 0.066346 1.000000 
0.857176 -4.144717 0.745498 2.114128 -1.819749 -1.813242 0.777213 0.069719 1.000000 
0.823622 -4.243216 0.762047 2.022576 -1.834071 -1.766739 0.777785 0.073262 1.000000 
0.789292 -4.338819 0.777851 1.927960 -1.848008 -1.717012 0.778386 0.076974 1.000000 
0.754209 -4.431305 0.792886 1.830352 -1.861535 -1.664106 0.779017 0.080856 1.000000 
0.718400 -4.520453 0.807129 1.729836 -1.874625 -1.608078 0.779680 0.084905 1.000000 
0.681891 -4.606047 0.820556 1.626504 -1.887256 -1.548989 0.780376 0.089112 1.000000 
0.644713 -4.687871 0.833146 1.520460 -1.899401 -1.486913 0.781106 0.093471 1.000000 
0.606896 -4.765716 0.844877 1.411816 -1.911039 -1.421932 0.781872 0.097966 1.000000 
0.568473 -4.839378 0.855728 1.300695 -1.922145 -1.354137 0.782674 0.102580 1.000000 
0.529478 -4.908656 0.865681 1.187228 -1.932697 -1.283627 0.783513 0.107290 1.000000 
0.489947 -4.973361 0.874718 1.071555 -1.942676 -1.210512 0.784391 0.112068 1.000000 
0.449917 -5.033308 0.882821 0.953826 -1.952059 -1.134910 0.785306 0.116880 1.000000 
0.409427 -5.088321 0.889974 0.834199 -1.960828 -1.056946 0.786261 0.121687 1.000000 
0.368517 -5.138237 0.896163 0.712841 -1.968964 -0.976755 0.787253 0.126444 1.000000 
0.327229 -5.182900 0.901375 0.589924 -1.976450 -0.894479 0.788284 0.131100 1.000000 
0.285605 -5.222166 0.905598 0.465630 -1.983271 -0.810268 0.789351 0.135599 1.000000 
0.243689 -5.255905 0.908822 0.340146 -1.989410 -0.724280 0.790453 0.139883 1.000000 
0.201526 -5.283998 0.911038 0.213665 -1.994855 -0.636679 0.791588 0.143889 1.000000 
0.159160 -5.306339 0.912239 0.086387 -1.999593 -0.547636 0.792754 0.147555 1.000000 
0.116640 -5.322840 0.912419 -0.041484 -2.003614 -0.457328 0.793948 0.150820 1.000000 
0.074011 -5.333422 0.911574 -0.169742 -2.006907 -0.365936 0.795166 0.153624 1.000000 
0.031321 -5.338027 0.909702 -0.298175 -2.009466 -0.273647 0.796404 0.155915 1.000000 
-0.011382 -5.336608 0.906803 -0.426569 -2.011284 -0.180652 0.797659 0.157647 1.000000 
-0.054049 -5.329137 0.902878 -0.554709 -2.012355 -0.087147 0.798925 0.158786 1.000000 
-0.096632 -5.315603 0.897929 -0.682379 -2.012677 0.006672 0.800198 0.159305 1.000000 
-0.139082 -5.296009 0.891962 -0.809362 -2.012248 0.100605 0.801472 0.159195 1.000000 
-0.181352 -5.270378 0.884982 -0.935443 -2.011068 0.194450 0.802743 0.158455 1.000000 
-0.223392 -5.238746 0.876998 -1.060408 -2.009138 0.288007 0.804006 0.157100 1.000000 
-0.265156 -5.201170 0.868019 -1.184047 -2.006461 0.381074 0.805255 0.155157 1.000000 
-0.306595 -5.157722 0.858057 -1.306151 -2.003043 0.473451 0.806487 0.152663 1.000000 
-0.347664 -5.108490 0.847125 -1.426517 -1.998888 0.564939 0.807697 0.149666 1.000000 
-0.388316 -5.053579 0.835238 -1.544948 -1.994006 0.655342 0.808880 0.146221 1.000000 
-0.428506 -4.993108 0.822412 -1.661252 -1.988406 0.744468 0.810035 0.142387 1.000000 
-0.468191 -4.927214 0.808664 -1.775243 -1.982099 0.832130 0.811158 0.138226 1.000000 
-0.507328 -4.856047 0.794014 -1.886745 -1.975097 0.918143 0.812246 0.133803 1.000000 
-0.545874 -4.779770 0.778483 -1.995589 -1.967413 1.002331 0.813298 0.129178 1.000000 
-0.583791 -4.698559 0.762092 -2.101615 -1.959065 1.084523 0.814313 0.124412 1.000000 
-0.621039 -4.612605 0.744865 -2.204674 -1.950067 1.164555 0.815288 0.119559 1.000000 
-0.657580 -4.522106 0.726826 -2.304625 -1.940438 1.242272 0.816225 0.114670 1.000000 
-0.693381 -4.427274 0.708000 -2.401340 -1.930197 1.317525 0.817123 0.109789 1.000000 
-0.728406 -4.328326 0.688413 -2.494700 -1.919364 1.390176 0.817982 0.104956 1.000000 
-0.762624 -4.225491 0.668094 -2.584598 -1.907961 1.460094 0.818803 0.100201 1.000000 
-0.796004 -4.119002 0.647069 -2.670940 -1.896011 1.527160 0.819586 0.095554 1.000000 
-0.828519 -4.009100 0.625369 -2.753641 -1.883535 1.591263 0.820332 0.091036 1.000000 
-0.860141 -3.896030 0.603021 -2.832631 -1.870558 1.652303 0.821043 0.086663 1.000000 
-0.890847 -3.780038 0.580057 -2.907849 -1.857106 1.710188 0.821719 0.082448 1.000000 
-0.920615 -3.661376 0.556506 -2.979249 -1.843204 1.764839 0.822362 0.078400 1.000000 
-0.949423 -3.540296 0.532399 -3.046792 -1.828878 1.816187 0.822974 0.074524 1.000000 
-0.977254 -3.417049 0.507767 -3.110456 -1.814154 1.864172 0.823555 0.070822 1.000000 
-1.004090 -3.291886 0.482642 -3.170226 -1.799060 1.908744 0.824107 0.067295 1.000000 
-1.029919 -3.165057 0.457054 -3.226099 -1.783623 1.949866 0.824632 0.063940 1.000000 
-1.054728 -3.036809 0.431035 -3.278085 -1.767872 1.987506 0.825131 0.060755 1.000000 
-1.078505 -2.907383 0.404615 -3.326201 -1.751833 2.021647 0.825605 0.057735 1.000000 
-1.101243 -2.777018 0.377826 -3.370476 -1.735535 2.052278 0.826055 0.054875 1.000000 
-1.122935 -2.645946 0.350698 -3.410946 -1.719006 2.079398 0.826483 0.052168 1.000000 
0.000000 0.000000 0.000000 0.000000 0.000000 0.000000 0.000000 0.000000 0.000000 
