-0.648017 -0.968929 0.629251 2.410550 -1.863804 1.779097 0.670145 -0.030852 1.000000 
-0.655565 -0.918038 0.648345 2.362816 -1.849521 1.791318 0.669907 -0.028708 1.000000 
-0.662707 -0.867604 0.667054 2.314610 -1.835151 1.800672 0.669685 -0.026781 1.000000 
-0.669448 -0.817683 0.685377 2.266022 -1.820718 1.807189 0.669478 -0.025045 1.000000 
-0.675791 -0.768329 0.703310 2.217140 -1.806243 1.810904 0.669284 -0.023476 1.000000 
-0.681743 -0.719590 0.720851 2.168048 -1.791751 1.811855 0.669102 -0.022054 1.000000 
-0.687307 -0.671512 0.737998 2.118828 -1.777261 1.810087 0.668931 -0.020763 1.000000 
-0.692489 -0.624137 0.754752 2.069558 -1.762796 1.805647 0.668770 -0.019588 1.000000 
-0.697295 -0.577504 0.771111 2.020312 -1.748378 1.798586 0.668617 -0.018516 1.000000 
-0.701731 -0.531647 0.787077 1.971161 -1.734026 1.788960 0.668473 -0.017536 1.000000 
-0.705803 -0.486597 0.802650 1.922172 -1.719761 1.776824 0.668337 -0.016638 1.000000 
-0.709519 -0.442381 0.817833 1.873408 -1.705603 1.762240 0.668207 -0.015814 1.000000 
-0.712884 -0.399023 0.832626 1.824928 -1.691572 1.745270 0.668083 -0.015057 1.000000 
-0.715905 -0.356542 0.847032 1.776787 -1.677685 1.725978 0.667966 -0.014360 1.000000 
-0.718591 -0.314955 0.861055 1.729035 -1.663962 1.704431 0.667853 -0.013717 1.000000 
-0.720947 -0.274276 0.874698 1.681721 -1.650420 1.680697 0.667746 -0.013124 1.000000 
-0.722982 -0.234514 0.887964 1.634884 -1.637076 1.654844 0.667643 -0.012575 1.000000 
-0.724702 -0.195676 0.900858 1.588566 -1.623948 1.626943 0.667545 -0.012067 1.000000 
-0.726115 -0.157766 0.913383 1.542798 -1.611051 1.597063 0.667450 -0.011596 1.000000 
-0.727228 -0.120783 0.925544 1.497612 -1.598400 1.565277 0.667359 -0.011159 1.000000 
-0.728050 -0.084727 0.937346 1.453033 -1.586011 1.531655 0.667272 -0.010754 1.000000 
-0.728586 -0.049591 0.948794 1.409083 -1.573898 1.496269 0.667187 -0.010377 1.000000 
-0.728846 -0.015369 0.959893 1.365781 -1.562075 1.459191 0.667105 -0.010026 1.000000 
-0.728835 0.017950 0.970648 1.323140 -1.550556 1.420490 0.667027 -0.009701 1.000000 
-0.728561 0.050378 0.981065 1.281170 -1.539352 1.380238 0.666950 -0.009397 1.000000 
-0.728031 0.081929 0.991149 1.239877 -1.528476 1.338506 0.666876 -0.009115 1.000000 
-0.727252 0.112620 1.000905 1.199266 -1.517939 1.295361 0.666804 -0.008853 1.000000 
-0.726231 0.142470 1.010339 1.159334 -1.507753 1.250873 0.666734 -0.008608 1.000000 
-0.724975 0.171499 1.019456 1.120079 -1.497929 1.205109 0.666666 -0.008381 1.000000 
-0.723490 0.199728 1.028262 1.081491 -1.488475 1.158135 0.666600 -0.008170 1.000000 
-0.721781 0.227182 1.036762 1.043562 -1.479402 1.110018 0.666536 -0.007974 1.000000 
-0.719857 0.253884 1.044961 1.006276 -1.470718 1.060821 0.666473 -0.007791 1.000000 
-0.717721 0.279862 1.052864 0.969618 -1.462431 1.010609 0.666411 -0.007623 1.000000 
-0.715381 0.305143 1.060476 0.933568 -1.454550 0.959443 0.666351 -0.007466 1.000000 
-0.712841 0.329754 1.067803 0.898103 -1.447082 0.907384 0.666292 -0.007322 1.000000 
-0.710106 0.353725 1.074847 0.863199 -1.440034 0.854491 0.666233 -0.007189 1.000000 
-0.707183 0.377085 1.081615 0.828828 -1.433413 0.800825 0.666176 -0.007068 1.000000 
-0.704075 0.399866 1.088110 0.794962 -1.427223 0.746442 0.666120 -0.006956 1.000000 
-0.700786 0.422098 1.094336 0.761567 -1.421471 0.691398 0.666065 -0.006855 1.000000 
-0.697322 0.443813 1.100296 0.728610 -1.416162 0.635749 0.666011 -0.006763 1.000000 
-0.693687 0.465043 1.105995 0.696056 -1.411301 0.579550 0.665957 -0.006680 1.000000 
-0.689883 0.485819 1.111434 0.663866 -1.406891 0.522853 0.665904 -0.006607 1.000000 
-0.685915 0.506174 1.116617 0.632001 -1.402936 0.465712 0.665851 -0.006542 1.000000 
-0.681785 0.526140 1.121547 0.600421 -1.399441 0.408178 0.665799 -0.006486 1.000000 
-0.677497 0.545749 1.126225 0.569082 -1.396406 0.350302 0.665747 -0.006438 1.000000 
-0.673054 0.565033 1.130653 0.537942 -1.393837 0.292134 0.665696 -0.006398 1.000000 
-0.668458 0.584024 1.134832 0.506955 -1.391733 0.233724 0.665645 -0.006367 1.000000 
-0.663710 0.602752 1.138764 0.476076 -1.390097 0.175121 0.665594 -0.006343 1.000000 
-0.658814 0.621250 1.142450 0.445257 -1.388931 0.116374 0.665544 -0.006327 1.000000 
-0.653771 0.639546 1.145888 0.414451 -1.388236 0.057531 0.665493 -0.006319 1.000000 
-0.648582 0.657672 1.149081 0.383609 -1.388011 -0.001359 0.665442 -0.006319 1.000000 
-0.643248 0.675655 1.152026 0.352684 -1.388257 -0.060247 0.665392 -0.006327 1.000000 
-0.637772 0.693525 1.154723 0.321624 -1.388975 -0.119087 0.665341 -0.006342 1.000000 
-0.632152 0.711308 1.157171 0.290381 -1.390163 -0.177829 0.665290 -0.006366 1.000000 
-0.626391 0.729032 1.159369 0.258905 -1.391820 -0.236425 0.665239 -0.006397 1.000000 
-0.620488 0.746722 1.161313 0.227147 -1.393945 -0.294826 0.665188 -0.006437 1.000000 
-0.614443 0.764403 1.163002 0.195056 -1.396536 -0.352983 0.665136 -0.006485 1.000000 
-0.608257 0.782098 1.164433 0.162582 -1.399592 -0.410847 0.665084 -0.006541 1.000000 
-0.601930 0.799829 1.165602 0.129678 -1.403109 -0.468367 0.665032 -0.006606 1.000000 
-0.595460 0.817618 1.166507 0.096294 -1.407085 -0.525493 0.664978 -0.006680 1.000000 
-0.588848 0.835485 1.167142 0.062383 -1.411516 -0.582172 0.664925 -0.006763 1.000000 
-0.582092 0.853447 1.167503 0.027897 -1.416398 -0.638353 0.664870 -0.006855 1.000000 
-0.575192 0.871522 1.167586 -0.007210 -1.421728 -0.693982 0.664815 -0.006958 1.000000 
-0.568147 0.889726 1.167386 -0.042983 -1.427500 -0.749004 0.664759 -0.007070 1.000000 
-0.560956 0.908071 1.166897 -0.079465 -1.433710 -0.803366 0.664702 -0.007193 1.000000 
-0.553618 0.926572 1.166113 -0.116699 -1.440352 -0.857011 0.664644 -0.007327 1.000000 
-0.546131 0.945238 1.165028 -0.154726 -1.447420 -0.909881 0.664585 -0.007473 1.000000 
-0.538493 0.964079 1.163635 -0.193584 -1.454908 -0.961918 0.664524 -0.007631 1.000000 
-0.530705 0.983101 1.161928 -0.233312 -1.462809 -1.013062 0.664462 -0.007802 1.000000 
-0.522763 1.002310 1.159899 -0.273944 -1.471114 -1.063254 0.664399 -0.007986 1.000000 
-0.514667 1.021710 1.157542 -0.315513 -1.479818 -1.112430 0.664335 -0.008185 1.000000 
-0.506415 1.041302 1.154849 -0.358049 -1.488910 -1.160529 0.664268 -0.008400 1.000000 
-0.498006 1.061087 1.151811 -0.401581 -1.498383 -1.207486 0.664200 -0.008630 1.000000 
-0.489438 1.081060 1.148421 -0.446134 -1.508227 -1.253236 0.664130 -0.008878 1.000000 
-0.480709 1.101220 1.144670 -0.491729 -1.518432 -1.297713 0.664058 -0.009145 1.000000 
-0.471818 1.121558 1.140550 -0.538388 -1.528987 -1.340851 0.663984 -0.009432 1.000000 
-0.462763 1.142067 1.136053 -0.586124 -1.539882 -1.382581 0.663907 -0.009740 1.000000 
-0.453544 1.162735 1.131169 -0.634952 -1.551104 -1.422835 0.663828 -0.010071 1.000000 
-0.444159 1.183551 1.125891 -0.684880 -1.562643 -1.461544 0.663746 -0.010427 1.000000 
-0.434607 1.204499 1.120208 -0.735913 -1.574485 -1.498638 0.663661 -0.010810 1.000000 
-0.424887 1.225562 1.114113 -0.788054 -1.586616 -1.534047 0.663573 -0.011222 1.000000 
-0.414998 1.246721 1.107596 -0.841298 -1.599025 -1.567700 0.663481 -0.011666 1.000000 
-0.404939 1.267954 1.100649 -0.895641 -1.611695 -1.599527 0.663386 -0.012145 1.000000 
-0.394710 1.289239 1.093263 -0.951069 -1.624612 -1.629457 0.663287 -0.012661 1.000000 
-0.384311 1.310549 1.085429 -1.007569 -1.637761 -1.657422 0.663183 -0.013218 1.000000 
-0.373741 1.331857 1.077139 -1.065120 -1.651125 -1.683351 0.663075 -0.013820 1.000000 
-0.363002 1.353132 1.068385 -1.123697 -1.664689 -1.707176 0.662962 -0.014472 1.000000 
-0.352092 1.374343 1.059158 -1.183270 -1.678434 -1.728829 0.662844 -0.015178 1.000000 
-0.341012 1.395456 1.049450 -1.243806 -1.692344 -1.748243 0.662719 -0.015944 1.000000 
-0.329765 1.416436 1.039254 -1.305264 -1.706400 -1.765355 0.662588 -0.016776 1.000000 
-0.318350 1.437244 1.028563 -1.367601 -1.720584 -1.780101 0.662451 -0.017682 1.000000 
-0.306769 1.457842 1.017370 -1.430767 -1.734875 -1.792420 0.662305 -0.018669 1.000000 
-0.295025 1.478188 1.005669 -1.494708 -1.749256 -1.802253 0.662152 -0.019748 1.000000 
-0.283119 1.498240 0.993453 -1.559364 -1.763705 -1.809546 0.661989 -0.020927 1.000000 
-0.271054 1.517953 0.980717 -1.624672 -1.778201 -1.814246 0.661816 -0.022220 1.000000 
-0.258833 1.537283 0.967457 -1.690560 -1.792725 -1.816302 0.661633 -0.023640 1.000000 
-0.246459 1.556182 0.953667 -1.756956 -1.807255 -1.815671 0.661438 -0.025204 1.000000 
-0.233935 1.574604 0.939344 -1.823781 -1.821769 -1.812310 0.661229 -0.026929 1.000000 
-0.221266 1.592499 0.924486 -1.890949 -1.836245 -1.806182 0.661006 -0.028836 1.000000 
-0.208457 1.609818 0.909088 -1.958375 -1.850660 -1.797255 0.660767 -0.030952 1.000000 
-0.195511 1.626511 0.893151 -2.025963 -1.864993 -1.785501 0.660511 -0.033303 1.000000 
-0.182434 1.642529 0.876673 -2.093619 -1.879221 -1.770899 0.660234 -0.035924 1.000000 
-0.169232 1.657820 0.859653 -2.161240 -1.893320 -1.753432 0.659935 -0.038855 1.000000 
-0.155911 1.672335 0.842093 -2.228723 -1.907268 -1.733090 0.659611 -0.042142 1.000000 
-0.142477 1.686022 0.823994 -2.295960 -1.921042 -1.709869 0.659260 -0.045839 1.000000 
-0.128937 1.698833 0.805359 -2.362839 -1.934618 -1.683770 0.658877 -0.050013 1.000000 
-0.115298 1.710718 0.786190 -2.429247 -1.947974 -1.654803 0.658458 -0.054740 1.000000 
-0.101568 1.721628 0.766493 -2.495068 -1.961087 -1.622985 0.657999 -0.060114 1.000000 
-0.087755 1.731517 0.746271 -2.560183 -1.973935 -1.588339 0.657494 -0.066247 1.000000 
-0.073867 1.740339 0.725532 -2.624473 -1.986493 -1.550896 0.656937 -0.073274 1.000000 
-0.059913 1.748049 0.704282 -2.687816 -1.998742 -1.510694 0.656319 -0.081358 1.000000 
-0.045901 1.754605 0.682530 -2.750090 -2.010657 -1.467780 0.655632 -0.090698 1.000000 
-0.031842 1.759966 0.660284 -2.811173 -2.022219 -1.422208 0.654864 -0.101538 1.000000 
-0.017745 1.764094 0.637554 -2.870944 -2.033406 -1.374041 0.654002 -0.114175 1.000000 
-0.003620 1.766954 0.614353 -2.929279 -2.044197 -1.323350 0.653031 -0.128977 1.000000 
0.010523 1.768512 0.590690 -2.986060 -2.054573 -1.270214 0.651932 -0.146396 1.000000 
0.024673 1.768738 0.566580 -3.041167 -2.064514 -1.214720 0.650680 -0.166991 1.000000 
0.038819 1.767607 0.542036 -3.094485 -2.074002 -1.156965 0.649249 -0.191454 1.000000 
0.052951 1.765093 0.517073 -3.145899 -2.083020 -1.097052 0.647605 -0.220638 1.000000 
0.067057 1.761179 0.491707 -3.195300 -2.091550 -1.035096 0.645704 -0.255595 1.000000 
0.081126 1.755848 0.465954 -3.242581 -2.099576 -0.971217 0.643496 -0.297604 1.000000 
0.095146 1.749088 0.439832 -3.287641 -2.107084 -0.905548 0.640919 -0.348202 1.000000 
0.109107 1.740893 0.413358 -3.330383 -2.114061 -0.838227 0.637897 -0.409195 1.000000 
0.122997 1.731261 0.386552 -3.370715 -2.120492 -0.769405 0.634339 -0.482611 1.000000 
0.136804 1.720193 0.359433 -3.408555 -2.126367 -0.699239 0.630137 -0.570573 1.000000 
0.150516 1.707699 0.332022 -3.443824 -2.131677 -0.627897 0.625166 -0.675014 1.000000 
0.164123 1.693791 0.304339 -3.476453 -2.136411 -0.555558 0.619289 -0.797131 1.000000 
0.177613 1.678490 0.276406 -3.506383 -2.140563 -0.482409 0.612365 -0.936516 1.000000 
0.190975 1.661822 0.248244 -3.533562 -2.144128 -0.408644 0.604267 -1.089941 1.000000 
0.204199 1.643819 0.219876 -3.557952 -2.147101 -0.334468 0.594908 -1.250022 1.000000 
0.217273 1.624520 0.191325 -3.579522 -2.149479 -0.260087 0.584282 -1.404367 1.000000 
0.230188 1.603969 0.162612 -3.598259 -2.151262 -0.185710 0.572498 -1.536196 1.000000 
0.242933 1.582217 0.133760 -3.614159 -2.152451 -0.111538 0.559811 -1.627307 1.000000 
0.255500 1.559316 0.104793 -3.627233 -2.153048 -0.037757 0.546610 -1.663126 1.000000 
0.267879 1.535318 0.075732 -3.637502 -2.153056 0.035467 0.533366 -1.637773 1.000000 
0.280062 1.510277 0.046600 -3.644998 -2.152482 0.107999 0.520556 -1.556260 1.000000 
0.292041 1.484240 0.017419 -3.649760 -2.151331 0.179729 0.508579 -1.432430 1.000000 
0.303808 1.457254 -0.011789 -3.651830 -2.149609 0.250574 0.497702 -1.284017 1.000000 
0.315355 1.429360 -0.041003 -3.651252 -2.147324 0.320465 0.488055 -1.127667 1.000000 
0.326675 1.400598 -0.070202 -3.648072 -2.144484 0.389345 0.479647 -0.975946 1.000000 
0.337762 1.371008 -0.099365 -3.642333 -2.141097 0.457155 0.472407 -0.836609 1.000000 
0.348609 1.340628 -0.128473 -3.634082 -2.137173 0.523838 0.466218 -0.713327 1.000000 
0.359210 1.309498 -0.157504 -3.623364 -2.132719 0.589332 0.460948 -0.606928 1.000000 
0.369559 1.277658 -0.186440 -3.610226 -2.127747 0.653573 0.456464 -0.516559 1.000000 
0.379651 1.245150 -0.215261 -3.594719 -2.122265 0.716491 0.452645 -0.440545 1.000000 
0.389480 1.212017 -0.243949 -3.576893 -2.116286 0.778015 0.449383 -0.376937 1.000000 
0.399042 1.178302 -0.272486 -3.556802 -2.109821 0.838073 0.446586 -0.323817 1.000000 
0.408331 1.144051 -0.300852 -3.534504 -2.102881 0.896590 0.444178 -0.279444 1.000000 
0.417345 1.109310 -0.329032 -3.510058 -2.095480 0.953495 0.442096 -0.242311 1.000000 
0.426079 1.074123 -0.357008 -3.483528 -2.087630 1.008716 0.440285 -0.211147 1.000000 
0.434530 1.038539 -0.384763 -3.454978 -2.079345 1.062183 0.438704 -0.184899 1.000000 
0.442695 1.002604 -0.412282 -3.424476 -2.070640 1.113829 0.437316 -0.162703 1.000000 
0.450571 0.966365 -0.439550 -3.392095 -2.061529 1.163591 0.436092 -0.143852 1.000000 
0.458156 0.929869 -0.466551 -3.357906 -2.052028 1.211409 0.435007 -0.127772 1.000000 
0.465448 0.893162 -0.493272 -3.321984 -2.042152 1.257225 0.434041 -0.113994 1.000000 
0.472446 0.856291 -0.519698 -3.284408 -2.031918 1.300986 0.433178 -0.102136 1.000000 
0.479149 0.819303 -0.545818 -3.245255 -2.021342 1.342645 0.432403 -0.091887 1.000000 
0.485555 0.782240 -0.571618 -3.204607 -2.010441 1.382158 0.431704 -0.082990 1.000000 
0.491664 0.745149 -0.597088 -3.162544 -1.999233 1.419483 0.431072 -0.075235 1.000000 
0.497477 0.708072 -0.622215 -3.119149 -1.987735 1.454587 0.430498 -0.068448 1.000000 
0.502994 0.671052 -0.646991 -3.074504 -1.975966 1.487438 0.429975 -0.062487 1.000000 
0.508214 0.634130 -0.671404 -3.028693 -1.963942 1.518011 0.429496 -0.057231 1.000000 
0.513140 0.597345 -0.695447 -2.981800 -1.951683 1.546283 0.429057 -0.052580 1.000000 
0.517772 0.560736 -0.719111 -2.933907 -1.939208 1.572239 0.428654 -0.048451 1.000000 
0.522112 0.524340 -0.742387 -2.885098 -1.926534 1.595864 0.428281 -0.044773 1.000000 
0.526162 0.488194 -0.765270 -2.835455 -1.913680 1.617152 0.427936 -0.041487 1.000000 
0.529924 0.452330 -0.787752 -2.785059 -1.900666 1.636098 0.427616 -0.038542 1.000000 
0.533401 0.416781 -0.809829 -2.733991 -1.887509 1.652703 0.427319 -0.035895 1.000000 
0.536594 0.381578 -0.831495 -2.682329 -1.874229 1.666970 0.427041 -0.033510 1.000000 
0.539507 0.346750 -0.852745 -2.630151 -1.860844 1.678908 0.426782 -0.031356 1.000000 
0.542143 0.312324 -0.873576 -2.577534 -1.847372 1.688530 0.426539 -0.029404 1.000000 
0.544505 0.278325 -0.893984 -2.524549 -1.833833 1.695850 0.426311 -0.027632 1.000000 
0.546597 0.244778 -0.913968 -2.471271 -1.820245 1.700888 0.426097 -0.026020 1.000000 
0.548423 0.211703 -0.933524 -2.417768 -1.806625 1.703666 0.425894 -0.024550 1.000000 
0.549986 0.179122 -0.952652 -2.364107 -1.792992 1.704210 0.425703 -0.023207 1.000000 
0.551290 0.147052 -0.971350 -2.310353 -1.779364 1.702548 0.425523 -0.021977 1.000000 
0.552340 0.115510 -0.989617 -2.256569 -1.765757 1.698712 0.425352 -0.020849 1.000000 
0.553140 0.084511 -1.007455 -2.202814 -1.752190 1.692734 0.425189 -0.019812 1.000000 
0.553694 0.054066 -1.024863 -2.149144 -1.738679 1.684652 0.425034 -0.018858 1.000000 
0.554006 0.024188 -1.041842 -2.095614 -1.725241 1.674503 0.424887 -0.017979 1.000000 
0.554082 -0.005114 -1.058393 -2.042273 -1.711892 1.662328 0.424746 -0.017167 1.000000 
0.553926 -0.033833 -1.074519 -1.989171 -1.698649 1.648170 0.424612 -0.016416 1.000000 
0.553542 -0.061962 -1.090220 -1.936350 -1.685527 1.632072 0.424484 -0.015721 1.000000 
0.552936 -0.089496 -1.105501 -1.883854 -1.672541 1.614079 0.424360 -0.015077 1.000000 
0.552112 -0.116434 -1.120363 -1.831721 -1.659706 1.594239 0.424242 -0.014479 1.000000 
0.551075 -0.142772 -1.134810 -1.779985 -1.647038 1.572599 0.424129 -0.013923 1.000000 
0.549829 -0.168511 -1.148844 -1.728679 -1.634550 1.549209 0.424019 -0.013407 1.000000 
0.548380 -0.193653 -1.162470 -1.677832 -1.622255 1.524118 0.423914 -0.012926 1.000000 
0.546732 -0.218200 -1.175691 -1.627470 -1.610168 1.497378 0.423813 -0.012478 1.000000 
0.544891 -0.242155 -1.188511 -1.577616 -1.598301 1.469038 0.423714 -0.012060 1.000000 
0.542860 -0.265525 -1.200934 -1.528290 -1.586668 1.439152 0.423619 -0.011671 1.000000 
0.540644 -0.288314 -1.212965 -1.479507 -1.575279 1.407771 0.423528 -0.011307 1.000000 
0.538248 -0.310530 -1.224607 -1.431283 -1.564147 1.374947 0.423439 -0.010967 1.000000 
0.535677 -0.332182 -1.235867 -1.383628 -1.553283 1.340733 0.423352 -0.010650 1.000000 
0.532935 -0.353278 -1.246747 -1.336549 -1.542699 1.305182 0.423268 -0.010354 1.000000 
0.530026 -0.373828 -1.257253 -1.290052 -1.532404 1.268345 0.423186 -0.010077 1.000000 
0.526955 -0.393844 -1.267389 -1.244139 -1.522409 1.230275 0.423107 -0.009818 1.000000 
0.523726 -0.413337 -1.277161 -1.198810 -1.512723 1.191025 0.423029 -0.009577 1.000000 
0.520343 -0.432320 -1.286572 -1.154062 -1.503355 1.150646 0.422954 -0.009351 1.000000 
0.516810 -0.450804 -1.295627 -1.109890 -1.494315 1.109189 0.422880 -0.009140 1.000000 
0.513131 -0.468803 -1.304332 -1.066285 -1.485611 1.066706 0.422807 -0.008944 1.000000 
0.509310 -0.486332 -1.312689 -1.023238 -1.477251 1.023247 0.422736 -0.008761 1.000000 
0.505351 -0.503404 -1.320705 -0.980736 -1.469242 0.978864 0.422667 -0.008590 1.000000 
0.501257 -0.520035 -1.328383 -0.938764 -1.461591 0.933604 0.422599 -0.008432 1.000000 
0.497032 -0.536238 -1.335726 -0.897306 -1.454306 0.887518 0.422532 -0.008285 1.000000 
0.492678 -0.552030 -1.342741 -0.856343 -1.447393 0.840655 0.422466 -0.008149 1.000000 
0.488200 -0.567426 -1.349429 -0.815855 -1.440858 0.793062 0.422402 -0.008023 1.000000 
0.483601 -0.582441 -1.355796 -0.775819 -1.434706 0.744787 0.422338 -0.007908 1.000000 
0.478882 -0.597090 -1.361843 -0.736210 -1.428943 0.695878 0.422275 -0.007801 1.000000 
0.474048 -0.611390 -1.367576 -0.697004 -1.423573 0.646380 0.422213 -0.007705 1.000000 
0.469101 -0.625356 -1.372997 -0.658174 -1.418602 0.596341 0.422152 -0.007617 1.000000 
0.464043 -0.639003 -1.378108 -0.619689 -1.414033 0.545805 0.422091 -0.007537 1.000000 
0.458878 -0.652347 -1.382912 -0.581522 -1.409870 0.494818 0.422031 -0.007466 1.000000 
0.453606 -0.665403 -1.387413 -0.543640 -1.406117 0.443424 0.421972 -0.007403 1.000000 
0.448232 -0.678186 -1.391611 -0.506011 -1.402776 0.391668 0.421913 -0.007348 1.000000 
0.442756 -0.690711 -1.395510 -0.468603 -1.399851 0.339594 0.421854 -0.007301 1.000000 
0.437181 -0.702992 -1.399109 -0.431381 -1.397344 0.287245 0.421796 -0.007261 1.000000 
0.431509 -0.715044 -1.402412 -0.394310 -1.395256 0.234664 0.421738 -0.007229 1.000000 
0.425741 -0.726880 -1.405419 -0.357354 -1.393590 0.181894 0.421680 -0.007205 1.000000 
0.419879 -0.738513 -1.408130 -0.320478 -1.392346 0.128979 0.421623 -0.007187 1.000000 
0.413925 -0.749956 -1.410547 -0.283645 -1.391526 0.075960 0.421565 -0.007177 1.000000 
0.407880 -0.761222 -1.412668 -0.246816 -1.391131 0.022881 0.421508 -0.007174 1.000000 
0.401746 -0.772322 -1.414495 -0.209956 -1.391160 -0.030217 0.421450 -0.007178 1.000000 
0.395524 -0.783268 -1.416027 -0.173026 -1.391614 -0.083290 0.421393 -0.007190 1.000000 
0.389214 -0.794071 -1.417264 -0.135989 -1.392493 -0.136298 0.421335 -0.007209 1.000000 
0.382819 -0.804741 -1.418203 -0.098806 -1.393795 -0.189196 0.421278 -0.007235 1.000000 
0.376339 -0.815287 -1.418844 -0.061441 -1.395519 -0.241943 0.421220 -0.007269 1.000000 
0.369775 -0.825717 -1.419185 -0.023855 -1.397665 -0.294496 0.421161 -0.007310 1.000000 
0.363128 -0.836042 -1.419225 0.013989 -1.400231 -0.346811 0.421103 -0.007359 1.000000 
0.356398 -0.846266 -1.418961 0.052126 -1.403213 -0.398846 0.421043 -0.007416 1.000000 
0.349588 -0.856399 -1.418390 0.090595 -1.406611 -0.450557 0.420984 -0.007481 1.000000 
0.342696 -0.866444 -1.417510 0.129429 -1.410421 -0.501901 0.420924 -0.007554 1.000000 
0.335725 -0.876409 -1.416318 0.168665 -1.414641 -0.552832 0.420863 -0.007635 1.000000 
0.328674 -0.886296 -1.414811 0.208335 -1.419266 -0.603307 0.420802 -0.007725 1.000000 
0.321544 -0.896109 -1.412984 0.248474 -1.424292 -0.653281 0.420739 -0.007825 1.000000 
0.314336 -0.905852 -1.410834 0.289114 -1.429717 -0.702707 0.420676 -0.007933 1.000000 
0.307051 -0.915527 -1.408356 0.330284 -1.435534 -0.751540 0.420612 -0.008052 1.000000 
0.299688 -0.925133 -1.405548 0.372016 -1.441739 -0.799734 0.420548 -0.008180 1.000000 
0.292249 -0.934673 -1.402403 0.414337 -1.448328 -0.847241 0.420482 -0.008319 1.000000 
0.284733 -0.944144 -1.398916 0.457274 -1.455293 -0.894015 0.420414 -0.008470 1.000000 
0.277143 -0.953545 -1.395084 0.500853 -1.462630 -0.940006 0.420346 -0.008631 1.000000 
0.269477 -0.962875 -1.390901 0.545096 -1.470331 -0.985168 0.420276 -0.008806 1.000000 
0.261737 -0.972129 -1.386361 0.590027 -1.478390 -1.029449 0.420205 -0.008993 1.000000 
0.253923 -0.981304 -1.381459 0.635664 -1.486800 -1.072802 0.420132 -0.009194 1.000000 
0.246036 -0.990394 -1.376188 0.682025 -1.495553 -1.115176 0.420058 -0.009409 1.000000 
0.238077 -0.999393 -1.370544 0.729126 -1.504640 -1.156520 0.419982 -0.009639 1.000000 
0.230046 -1.008295 -1.364520 0.776981 -1.514054 -1.196785 0.419904 -0.009886 1.000000 
0.221945 -1.017092 -1.358111 0.825600 -1.523786 -1.235918 0.419824 -0.010151 1.000000 
0.213773 -1.025775 -1.351309 0.874993 -1.533826 -1.273869 0.419741 -0.010434 1.000000 
0.205532 -1.034335 -1.344109 0.925165 -1.544164 -1.310586 0.419657 -0.010736 1.000000 
0.197224 -1.042761 -1.336504 0.976120 -1.554791 -1.346017 0.419569 -0.011060 1.000000 
0.188849 -1.051042 -1.328489 1.027859 -1.565697 -1.380110 0.419480 -0.011407 1.000000 
0.180408 -1.059167 -1.320056 1.080380 -1.576870 -1.412813 0.419387 -0.011778 1.000000 
0.171902 -1.067121 -1.311201 1.133677 -1.588298 -1.444074 0.419291 -0.012175 1.000000 
0.163334 -1.074893 -1.301915 1.187743 -1.599971 -1.473842 0.419192 -0.012601 1.000000 
0.154705 -1.082467 -1.292195 1.242567 -1.611875 -1.502066 0.419089 -0.013058 1.000000 
0.146015 -1.089829 -1.282032 1.298135 -1.624000 -1.528693 0.418983 -0.013548 1.000000 
0.137268 -1.096962 -1.271423 1.354429 -1.636330 -1.553675 0.418872 -0.014074 1.000000 
0.128465 -1.103852 -1.260360 1.411429 -1.648854 -1.576961 0.418758 -0.014639 1.000000 
0.119607 -1.110479 -1.248838 1.469110 -1.661557 -1.598503 0.418638 -0.015247 1.000000 
0.110698 -1.116828 -1.236852 1.527447 -1.674425 -1.618251 0.418514 -0.015901 1.000000 
0.101739 -1.122879 -1.224397 1.586407 -1.687444 -1.636160 0.418384 -0.016607 1.000000 
0.092732 -1.128615 -1.211468 1.645958 -1.700599 -1.652183 0.418248 -0.017368 1.000000 
0.083682 -1.134017 -1.198060 1.706061 -1.713874 -1.666277 0.418105 -0.018190 1.000000 
0.074589 -1.139064 -1.184170 1.766677 -1.727254 -1.678398 0.417956 -0.019079 1.000000 
0.065458 -1.143739 -1.169792 1.827760 -1.740723 -1.688505 0.417800 -0.020043 1.000000 
0.056290 -1.148020 -1.154924 1.889263 -1.754264 -1.696561 0.417636 -0.021088 1.000000 
0.047090 -1.151887 -1.139563 1.951135 -1.767862 -1.702526 0.417462 -0.022223 1.000000 
0.037861 -1.155321 -1.123705 2.013323 -1.781499 -1.706368 0.417280 -0.023458 1.000000 
0.028607 -1.158301 -1.107349 2.075767 -1.795158 -1.708054 0.417087 -0.024805 1.000000 
0.019330 -1.160808 -1.090493 2.138409 -1.808822 -1.707553 0.416883 -0.026275 1.000000 
0.010035 -1.162820 -1.073134 2.201183 -1.822473 -1.704841 0.416666 -0.027883 1.000000 
0.000726 -1.164318 -1.055273 2.264024 -1.836094 -1.699892 0.416436 -0.029647 1.000000 
-0.008593 -1.165282 -1.036910 2.326861 -1.849666 -1.692686 0.416191 -0.031583 1.000000 
-0.017917 -1.165693 -1.018044 2.389622 -1.863171 -1.683207 0.415930 -0.033714 1.000000 
-0.027242 -1.165532 -0.998676 2.452233 -1.876591 -1.671441 0.415651 -0.036065 1.000000 
-0.036564 -1.164780 -0.978809 2.514615 -1.889908 -1.657378 0.415352 -0.038665 1.000000 
-0.045877 -1.163419 -0.958443 2.576689 -1.903103 -1.641011 0.415032 -0.041546 1.000000 
-0.055177 -1.161433 -0.937583 2.638373 -1.916158 -1.622341 0.414687 -0.044747 1.000000 
-0.064458 -1.158803 -0.916231 2.699583 -1.929054 -1.601367 0.414315 -0.048313 1.000000 
-0.073716 -1.155516 -0.894391 2.760234 -1.941773 -1.578099 0.413913 -0.052297 1.000000 
-0.082945 -1.151555 -0.872069 2.820240 -1.954297 -1.552546 0.413477 -0.056760 1.000000 
-0.092139 -1.146906 -0.849269 2.879511 -1.966608 -1.524725 0.413003 -0.061774 1.000000 
-0.101293 -1.141558 -0.825999 2.937959 -1.978687 -1.494656 0.412487 -0.067425 1.000000 
-0.110402 -1.135497 -0.802264 2.995494 -1.990517 -1.462365 0.411922 -0.073814 1.000000 
-0.119459 -1.128715 -0.778073 3.052026 -2.002079 -1.427882 0.411303 -0.081060 1.000000 
-0.128460 -1.121200 -0.753435 3.107464 -2.013357 -1.391243 0.410623 -0.089307 1.000000 
-0.137397 -1.112946 -0.728357 3.161718 -2.024333 -1.352487 0.409871 -0.098725 1.000000 
-0.146265 -1.103946 -0.702851 3.214699 -2.034991 -1.311662 0.409039 -0.109518 1.000000 
-0.155058 -1.094195 -0.676926 3.266317 -2.045314 -1.268817 0.408115 -0.121931 1.000000 
-0.163770 -1.083689 -0.650593 3.316484 -2.055287 -1.224009 0.407083 -0.136259 1.000000 
-0.172395 -1.072427 -0.623866 3.365114 -2.064894 -1.177299 0.405929 -0.152856 1.000000 
-0.180927 -1.060409 -0.596756 3.412122 -2.074119 -1.128755 0.404631 -0.172147 1.000000 
-0.189359 -1.047635 -0.569276 3.457424 -2.082949 -1.078447 0.403166 -0.194643 1.000000 
-0.197687 -1.034110 -0.541442 3.500942 -2.091370 -1.026455 0.401506 -0.220958 1.000000 
-0.205903 -1.019839 -0.513266 3.542596 -2.099368 -0.972859 0.399618 -0.251818 1.000000 
-0.214002 -1.004829 -0.484765 3.582312 -2.106931 -0.917750 0.397463 -0.288079 1.000000 
-0.221978 -0.989089 -0.455955 3.620019 -2.114048 -0.861220 0.394992 -0.330734 1.000000 
-0.229826 -0.972630 -0.426851 3.655650 -2.120707 -0.803370 0.392151 -0.380900 1.000000 
-0.237539 -0.955465 -0.397470 3.689142 -2.126899 -0.744303 0.388874 -0.439790 1.000000 
-0.245111 -0.937610 -0.367830 3.720435 -2.132613 -0.684131 0.385088 -0.508633 1.000000 
-0.252539 -0.919083 -0.337949 3.749477 -2.137842 -0.622969 0.380707 -0.588523 1.000000 
-0.259815 -0.899902 -0.307845 3.776218 -2.142578 -0.560940 0.375640 -0.680169 1.000000 
-0.266935 -0.880091 -0.277536 3.800618 -2.146815 -0.498170 0.369793 -0.783510 1.000000 
-0.273895 -0.859674 -0.247041 3.822640 -2.150548 -0.434791 0.363076 -0.897196 1.000000 
-0.280689 -0.838677 -0.216380 3.842255 -2.153771 -0.370940 0.355418 -1.017982 1.000000 
-0.287312 -0.817130 -0.185572 3.859441 -2.156482 -0.306757 0.346784 -1.140205 1.000000 
-0.293761 -0.795063 -0.154636 3.874185 -2.158678 -0.242384 0.337193 -1.255632 1.000000 
-0.300032 -0.772509 -0.123591 3.886480 -2.160360 -0.177961 0.326739 -1.354056 1.000000 
-0.306120 -0.749502 -0.092458 3.896330 -2.161526 -0.113625 0.315602 -1.424856 1.000000 
-0.312023 -0.726076 -0.061256 3.903744 -2.162178 -0.049505 0.304039 -1.459339 1.000000 
-0.317736 -0.702262 -0.030005 3.908738 -2.162319 0.014281 0.292362 -1.453072 1.000000 
-0.323258 -0.678094 0.001277 3.911337 -2.161951 0.077628 0.280896 -1.407182 1.000000 
-0.328585 -0.653600 0.032570 3.911566 -2.161078 0.140446 0.269936 -1.327964 1.000000 
-0.333715 -0.628809 0.063856 3.909458 -2.159705 0.202660 0.259712 -1.225026 1.000000 
-0.338645 -0.603745 0.095115 3.905045 -2.157838 0.264203 0.250371 -1.108862 1.000000 
-0.343374 -0.578432 0.126330 3.898360 -2.155480 0.325018 0.241980 -0.988842 1.000000 
-0.347900 -0.552894 0.157483 3.889440 -2.152639 0.385051 0.234540 -0.872094 1.000000 
-0.352220 -0.527154 0.188556 3.878318 -2.149322 0.444250 0.228005 -0.763269 1.000000 
-0.356334 -0.501233 0.219530 3.865033 -2.145534 0.502562 0.222300 -0.664859 1.000000 
-0.360239 -0.475156 0.250391 3.849622 -2.141283 0.559933 0.217337 -0.577750 1.000000 
-0.363936 -0.448944 0.281119 3.832124 -2.136577 0.616310 0.213026 -0.501775 1.000000 
-0.367422 -0.422622 0.311699 3.812580 -2.131425 0.671635 0.209281 -0.436156 1.000000 
-0.370697 -0.396212 0.342115 3.791034 -2.125834 0.725852 0.206023 -0.379829 1.000000 
-0.373761 -0.369739 0.372350 3.767529 -2.119814 0.778904 0.203182 -0.331642 1.000000 
-0.376613 -0.343226 0.402390 3.742113 -2.113375 0.830732 0.200698 -0.290473 1.000000 
-0.379253 -0.316699 0.432219 3.714835 -2.106526 0.881281 0.198519 -0.255296 1.000000 
-0.381680 -0.290180 0.461823 3.685746 -2.099278 0.930494 0.196600 -0.225203 1.000000 
-0.383896 -0.263693 0.491186 3.654900 -2.091642 0.978316 0.194904 -0.199407 1.000000 
-0.385900 -0.237263 0.520297 3.622350 -2.083629 1.024695 0.193400 -0.177240 1.000000 
-0.387692 -0.210912 0.549140 3.588154 -2.075251 1.069580 0.192060 -0.158134 1.000000 
-0.389274 -0.184663 0.577703 3.552370 -2.066520 1.112922 0.190863 -0.141615 1.000000 
-0.390647 -0.158539 0.605974 3.515059 -2.057448 1.154675 0.189788 -0.127286 1.000000 
-0.391811 -0.132562 0.633940 3.476282 -2.048049 1.194794 0.188821 -0.114814 1.000000 
-0.392769 -0.106754 0.661590 3.436101 -2.038336 1.233240 0.187947 -0.103921 1.000000 
-0.393520 -0.081134 0.688914 3.394580 -2.028322 1.269975 0.187155 -0.094376 1.000000 
-0.394067 -0.055724 0.715900 3.351784 -2.018021 1.304962 0.186434 -0.085983 1.000000 
-0.394412 -0.030542 0.742539 3.307778 -2.007447 1.338171 0.185776 -0.078580 1.000000 
-0.394557 -0.005607 0.768822 3.262628 -1.996615 1.369572 0.185174 -0.072028 1.000000 
-0.394503 0.019063 0.794738 3.216401 -1.985539 1.399139 0.184622 -0.066212 1.000000 
-0.394252 0.043450 0.820281 3.169163 -1.974234 1.426850 0.184113 -0.061033 1.000000 
-0.393808 0.067540 0.845442 3.120980 -1.962714 1.452686 0.183644 -0.056409 1.000000 
-0.393173 0.091316 0.870215 3.071918 -1.950996 1.476629 0.183210 -0.052268 1.000000 
-0.392348 0.114765 0.894591 3.022045 -1.939093 1.498667 0.182807 -0.048549 1.000000 
-0.391337 0.137872 0.918565 2.971425 -1.927022 1.518788 0.182432 -0.045202 1.000000 
-0.390143 0.160625 0.942132 2.920123 -1.914798 1.536987 0.182082 -0.042180 1.000000 
-0.388768 0.183013 0.965286 2.868204 -1.902436 1.553259 0.181756 -0.039446 1.000000 
-0.387216 0.205024 0.988022 2.815731 -1.889951 1.567602 0.181451 -0.036967 1.000000 
-0.385489 0.226650 1.010336 2.762766 -1.877359 1.580018 0.181164 -0.034714 1.000000 
-0.383591 0.247881 1.032225 2.709370 -1.864676 1.590510 0.180895 -0.032662 1.000000 
-0.381524 0.268709 1.053685 2.655603 -1.851916 1.599087 0.180641 -0.030789 1.000000 
-0.379292 0.289127 1.074714 2.601522 -1.839096 1.605757 0.180402 -0.029077 1.000000 
-0.376899 0.309130 1.095309 2.547186 -1.826229 1.610532 0.180175 -0.027507 1.000000 
-0.374347 0.328711 1.115468 2.492648 -1.813332 1.613426 0.179961 -0.026067 1.000000 
-0.371641 0.347867 1.135191 2.437962 -1.800419 1.614457 0.179758 -0.024743 1.000000 
-0.368783 0.366595 1.154475 2.383179 -1.787506 1.613642 0.179565 -0.023523 1.000000 
-0.365776 0.384890 1.173321 2.328350 -1.774606 1.611002 0.179381 -0.022398 1.000000 
-0.362625 0.402753 1.191729 2.273520 -1.761734 1.606561 0.179206 -0.021359 1.000000 
-0.359333 0.420181 1.209698 2.218737 -1.748906 1.600343 0.179039 -0.020397 1.000000 
-0.355904 0.437174 1.227229 2.164042 -1.736134 1.592374 0.178880 -0.019507 1.000000 
-0.352340 0.453733 1.244323 2.109478 -1.723432 1.582682 0.178727 -0.018681 1.000000 
-0.348645 0.469859 1.260981 2.055083 -1.710815 1.571297 0.178581 -0.017913 1.000000 
-0.344823 0.485554 1.277205 2.000894 -1.698296 1.558250 0.178440 -0.017200 1.000000 
-0.340877 0.500820 1.292996 1.946945 -1.685888 1.543572 0.178305 -0.016536 1.000000 
-0.336811 0.515660 1.308357 1.893268 -1.673603 1.527297 0.178176 -0.015917 1.000000 
-0.332628 0.530078 1.323289 1.839893 -1.661455 1.509460 0.178051 -0.015340 1.000000 
-0.328331 0.544079 1.337796 1.786848 -1.649456 1.490096 0.177930 -0.014801 1.000000 
-0.323924 0.557666 1.351879 1.734158 -1.637617 1.469241 0.177814 -0.014298 1.000000 
-0.319410 0.570845 1.365543 1.681846 -1.625952 1.446934 0.177701 -0.013828 1.000000 
-0.314791 0.583622 1.378790 1.629932 -1.614470 1.423210 0.177592 -0.013387 1.000000 
-0.310073 0.596002 1.391623 1.578434 -1.603184 1.398110 0.177487 -0.012975 1.000000 
-0.305256 0.607992 1.404046 1.527369 -1.592104 1.371672 0.177385 -0.012589 1.000000 
-0.300346 0.619599 1.416062 1.476750 -1.581241 1.343936 0.177286 -0.012228 1.000000 
-0.295344 0.630830 1.427675 1.426589 -1.570604 1.314941 0.177189 -0.011889 1.000000 
-0.290254 0.641692 1.438889 1.376895 -1.560205 1.284728 0.177095 -0.011571 1.000000 
-0.285078 0.652192 1.449707 1.327675 -1.550052 1.253338 0.177004 -0.011273 1.000000 
-0.279819 0.662339 1.460133 1.278936 -1.540155 1.220810 0.176915 -0.010994 1.000000 
-0.274481 0.672140 1.470171 1.230679 -1.530522 1.187186 0.176828 -0.010731 1.000000 
-0.269066 0.681603 1.479825 1.182905 -1.521162 1.152507 0.176743 -0.010486 1.000000 
-0.263576 0.690736 1.489099 1.135615 -1.512084 1.116813 0.176660 -0.010255 1.000000 
-0.258015 0.699548 1.497996 1.088806 -1.503296 1.080146 0.176579 -0.010039 1.000000 
-0.252385 0.708046 1.506521 1.042472 -1.494805 1.042547 0.176499 -0.009837 1.000000 
-0.246687 0.716240 1.514677 0.996607 -1.486618 1.004055 0.176422 -0.009648 1.000000 
-0.240925 0.724136 1.522468 0.951204 -1.478742 0.964712 0.176345 -0.009471 1.000000 
-0.235102 0.731744 1.529898 0.906254 -1.471184 0.924557 0.176270 -0.009306 1.000000 
-0.229218 0.739072 1.536969 0.861743 -1.463951 0.883633 0.176196 -0.009152 1.000000 
-0.223277 0.746126 1.543687 0.817661 -1.457048 0.841977 0.176124 -0.009009 1.000000 
-0.217281 0.752917 1.550053 0.773992 -1.450481 0.799631 0.176052 -0.008875 1.000000 
-0.211231 0.759450 1.556072 0.730722 -1.444256 0.756634 0.175981 -0.008752 1.000000 
-0.205130 0.765733 1.561746 0.687833 -1.438377 0.713025 0.175912 -0.008638 1.000000 
-0.198980 0.771775 1.567078 0.645307 -1.432849 0.668844 0.175843 -0.008533 1.000000 
-0.192783 0.777582 1.572071 0.603126 -1.427677 0.624129 0.175775 -0.008436 1.000000 
-0.186540 0.783161 1.576729 0.561268 -1.422864 0.578919 0.175708 -0.008348 1.000000 
-0.180253 0.788519 1.581053 0.519712 -1.418415 0.533253 0.175642 -0.008268 1.000000 
-0.173924 0.793662 1.585045 0.478436 -1.414333 0.487168 0.175576 -0.008196 1.000000 
-0.167555 0.798596 1.588708 0.437417 -1.410622 0.440704 0.175511 -0.008131 1.000000 
-0.161147 0.803327 1.592044 0.396631 -1.407283 0.393897 0.175446 -0.008074 1.000000 
-0.154702 0.807861 1.595055 0.356053 -1.404320 0.346785 0.175381 -0.008025 1.000000 
-0.148222 0.812203 1.597742 0.315658 -1.401735 0.299405 0.175317 -0.007982 1.000000 
-0.141707 0.816357 1.600106 0.275420 -1.399530 0.251796 0.175254 -0.007947 1.000000 
-0.135160 0.820328 1.602149 0.235312 -1.397707 0.203993 0.175190 -0.007918 1.000000 
-0.128582 0.824121 1.603871 0.195308 -1.396267 0.156034 0.175127 -0.007897 1.000000 
-0.121975 0.827738 1.605274 0.155381 -1.395211 0.107956 0.175064 -0.007882 1.000000 
-0.115339 0.831183 1.606357 0.115502 -1.394540 0.059796 0.175001 -0.007874 1.000000 
-0.108676 0.834459 1.607122 0.075645 -1.394254 0.011590 0.174938 -0.007873 1.000000 
-0.101988 0.837569 1.607568 0.035782 -1.394354 -0.036625 0.174875 -0.007879 1.000000 
-0.095276 0.840514 1.607694 -0.004115 -1.394840 -0.084812 0.174812 -0.007891 1.000000 
-0.088540 0.843297 1.607502 -0.044074 -1.395711 -0.132934 0.174749 -0.007910 1.000000 
-0.081783 0.845918 1.606989 -0.084123 -1.396967 -0.180955 0.174685 -0.007936 1.000000 
-0.075006 0.848379 1.606155 -0.124289 -1.398606 -0.228838 0.174622 -0.007969 1.000000 
-0.068210 0.850680 1.605000 -0.164600 -1.400628 -0.276547 0.174558 -0.008009 1.000000 
-0.061396 0.852820 1.603521 -0.205081 -1.403030 -0.324043 0.174493 -0.008057 1.000000 
-0.054565 0.854800 1.601718 -0.245760 -1.405812 -0.371290 0.174429 -0.008111 1.000000 
-0.047719 0.856619 1.599588 -0.286664 -1.408970 -0.418251 0.174364 -0.008173 1.000000 
-0.040860 0.858274 1.597131 -0.327816 -1.412503 -0.464888 0.174298 -0.008243 1.000000 
-0.033987 0.859765 1.594343 -0.369242 -1.416407 -0.511163 0.174232 -0.008320 1.000000 
-0.027104 0.861089 1.591222 -0.410967 -1.420680 -0.557039 0.174165 -0.008406 1.000000 
-0.020210 0.862244 1.587766 -0.453014 -1.425319 -0.602479 0.174097 -0.008500 1.000000 
-0.013308 0.863227 1.583973 -0.495404 -1.430319 -0.647442 0.174029 -0.008602 1.000000 
-0.006399 0.864033 1.579839 -0.538160 -1.435676 -0.691892 0.173960 -0.008713 1.000000 
0.000516 0.864661 1.575361 -0.581302 -1.441387 -0.735790 0.173889 -0.008834 1.000000 
0.007435 0.865104 1.570537 -0.624850 -1.447447 -0.779096 0.173818 -0.008964 1.000000 
0.014357 0.865359 1.565363 -0.668822 -1.453851 -0.821771 0.173746 -0.009104 1.000000 
0.021280 0.865421 1.559835 -0.713235 -1.460594 -0.863777 0.173672 -0.009255 1.000000 
0.028203 0.865284 1.553950 -0.758105 -1.467670 -0.905074 0.173598 -0.009417 1.000000 
0.035124 0.864943 1.547704 -0.803446 -1.475073 -0.945621 0.173522 -0.009590 1.000000 
0.042042 0.864391 1.541093 -0.849271 -1.482798 -0.985379 0.173444 -0.009776 1.000000 
0.048954 0.863623 1.534114 -0.895592 -1.490837 -1.024309 0.173365 -0.009974 1.000000 
0.055859 0.862631 1.526762 -0.942418 -1.499184 -1.062368 0.173285 -0.010185 1.000000 
0.062755 0.861409 1.519034 -0.989759 -1.507833 -1.099518 0.173202 -0.010411 1.000000 
0.069641 0.859949 1.510925 -1.037620 -1.516774 -1.135718 0.173118 -0.010652 1.000000 
0.076514 0.858245 1.502431 -1.086005 -1.526001 -1.170926 0.173032 -0.010909 1.000000 
0.083372 0.856288 1.493547 -1.134919 -1.535506 -1.205104 0.172944 -0.011183 1.000000 
0.090214 0.854070 1.484271 -1.184362 -1.545280 -1.238209 0.172853 -0.011474 1.000000 
0.097036 0.851583 1.474596 -1.234333 -1.555315 -1.270202 0.172760 -0.011785 1.000000 
0.103838 0.848820 1.464520 -1.284829 -1.565600 -1.301042 0.172664 -0.012117 1.000000 
0.110617 0.845771 1.454038 -1.335845 -1.576128 -1.330690 0.172566 -0.012470 1.000000 
0.117370 0.842429 1.443145 -1.387374 -1.586888 -1.359104 0.172465 -0.012847 1.000000 
0.124095 0.838784 1.431838 -1.439407 -1.597870 -1.386246 0.172360 -0.013250 1.000000 
0.130790 0.834828 1.420113 -1.491932 -1.609065 -1.412077 0.172253 -0.013679 1.000000 
0.137451 0.830552 1.407966 -1.544936 -1.620460 -1.436556 0.172141 -0.014137 1.000000 
0.144078 0.825948 1.395393 -1.598402 -1.632046 -1.459647 0.172026 -0.014627 1.000000 
0.150666 0.821007 1.382390 -1.652313 -1.643811 -1.481312 0.171907 -0.015151 1.000000 
0.157213 0.815720 1.368955 -1.706648 -1.655743 -1.501513 0.171784 -0.015711 1.000000 
0.163716 0.810079 1.355083 -1.761383 -1.667831 -1.520215 0.171656 -0.016310 1.000000 
0.170173 0.804075 1.340772 -1.816495 -1.680062 -1.537382 0.171523 -0.016953 1.000000 
0.176580 0.797701 1.326018 -1.871955 -1.692425 -1.552979 0.171384 -0.017642 1.000000 
0.182935 0.790947 1.310820 -1.927733 -1.704906 -1.566974 0.171240 -0.018383 1.000000 
0.189234 0.783807 1.295174 -1.983797 -1.717492 -1.579335 0.171090 -0.019178 1.000000 
0.195475 0.776274 1.279078 -2.040113 -1.730170 -1.590030 0.170933 -0.020034 1.000000 
0.201654 0.768338 1.262531 -2.096644 -1.742928 -1.599030 0.170769 -0.020955 1.000000 
0.207767 0.759995 1.245531 -2.153351 -1.755750 -1.606308 0.170598 -0.021949 1.000000 
0.213813 0.751237 1.228077 -2.210191 -1.768624 -1.611836 0.170418 -0.023022 1.000000 
0.219786 0.742058 1.210168 -2.267123 -1.781535 -1.615591 0.170229 -0.024183 1.000000 
0.225684 0.732453 1.191803 -2.324100 -1.794469 -1.617549 0.170031 -0.025439 1.000000 
0.231504 0.722416 1.172982 -2.381074 -1.807411 -1.617690 0.169822 -0.026802 1.000000 
0.237242 0.711942 1.153706 -2.437995 -1.820347 -1.615995 0.169602 -0.028281 1.000000 
0.242894 0.701028 1.133975 -2.494812 -1.833262 -1.612447 0.169369 -0.029891 1.000000 
0.248457 0.689671 1.113790 -2.551471 -1.846141 -1.607032 0.169123 -0.031644 1.000000 
0.253928 0.677866 1.093152 -2.607917 -1.858969 -1.599738 0.168862 -0.033558 1.000000 
0.259302 0.665612 1.072064 -2.664092 -1.871732 -1.590555 0.168586 -0.035651 1.000000 
0.264576 0.652907 1.050527 -2.719939 -1.884413 -1.579477 0.168291 -0.037943 1.000000 
0.269747 0.639750 1.028546 -2.775396 -1.896998 -1.566499 0.167978 -0.040459 1.000000 
0.274811 0.626141 1.006122 -2.830403 -1.909472 -1.551620 0.167643 -0.043227 1.000000 
0.279764 0.612081 0.983261 -2.884896 -1.921819 -1.534841 0.167286 -0.046277 1.000000 
0.284603 0.597570 0.959965 -2.938813 -1.934025 -1.516167 0.166902 -0.049646 1.000000 
0.289324 0.582612 0.936241 -2.992088 -1.946073 -1.495606 0.166490 -0.053375 1.000000 
0.293924 0.567208 0.912094 -3.044656 -1.957949 -1.473167 0.166047 -0.057514 1.000000 
0.298398 0.551364 0.887529 -3.096452 -1.969639 -1.448864 0.165569 -0.062117 1.000000 
0.302744 0.535082 0.862553 -3.147408 -1.981126 -1.422715 0.165052 -0.067251 1.000000 
0.306958 0.518370 0.837173 -3.197458 -1.992397 -1.394741 0.164491 -0.072990 1.000000 
0.311037 0.501232 0.811396 -3.246535 -2.003437 -1.364964 0.163882 -0.079422 1.000000 
0.314977 0.483678 0.785231 -3.294573 -2.014232 -1.333411 0.163218 -0.086652 1.000000 
0.318775 0.465714 0.758686 -3.341505 -2.024767 -1.300115 0.162493 -0.094801 1.000000 
0.322427 0.447350 0.731770 -3.387265 -2.035029 -1.265107 0.161699 -0.104010 1.000000 
0.325931 0.428596 0.704493 -3.431788 -2.045004 -1.228427 0.160826 -0.114447 1.000000 
0.329284 0.409462 0.676865 -3.475010 -2.054680 -1.190116 0.159864 -0.126309 1.000000 
0.332482 0.389961 0.648896 -3.516866 -2.064042 -1.150217 0.158800 -0.139827 1.000000 
0.335522 0.370105 0.620599 -3.557295 -2.073079 -1.108780 0.157621 -0.155276 1.000000 
0.338403 0.349908 0.591984 -3.596237 -2.081778 -1.065857 0.156310 -0.172977 1.000000 
0.341120 0.329384 0.563063 -3.633632 -2.090129 -1.021502 0.154847 -0.193304 1.000000 
0.343672 0.308549 0.533850 -3.669423 -2.098119 -0.975775 0.153209 -0.216700 1.000000 
0.346056 0.287419 0.504357 -3.703556 -2.105738 -0.928739 0.151370 -0.243671 1.000000 
0.348270 0.266010 0.474597 -3.735977 -2.112975 -0.880459 0.149299 -0.274801 1.000000 
0.350311 0.244341 0.444586 -3.766636 -2.119822 -0.831006 0.146960 -0.310746 1.000000 
0.352179 0.222430 0.414336 -3.795487 -2.126269 -0.780453 0.144312 -0.352229 1.000000 
0.353870 0.200297 0.383863 -3.822484 -2.132307 -0.728877 0.141308 -0.400011 1.000000 
0.355383 0.177962 0.353181 -3.847588 -2.137928 -0.676360 0.137893 -0.454853 1.000000 
0.356717 0.155446 0.322307 -3.870759 -2.143126 -0.622984 0.134010 -0.517433 1.000000 
0.357870 0.132771 0.291254 -3.891964 -2.147894 -0.568838 0.129593 -0.588220 1.000000 
0.358841 0.109959 0.260041 -3.911174 -2.152226 -0.514012 0.124576 -0.667297 1.000000 
0.359629 0.087033 0.228681 -3.928362 -2.156116 -0.458603 0.118895 -0.754112 1.000000 
0.360233 0.064017 0.197192 -3.943507 -2.159562 -0.402705 0.112493 -0.847191 1.000000 
0.360653 0.040936 0.165590 -3.956593 -2.162559 -0.346421 0.105330 -0.943842 1.000000 
0.360888 0.017813 0.133892 -3.967609 -2.165104 -0.289849 0.097393 -1.039958 1.000000 
0.360938 -0.005327 0.102114 -3.976548 -2.167196 -0.233094 0.088707 -1.130043 1.000000 
0.360803 -0.028459 0.070273 -3.983409 -2.168833 -0.176256 0.079346 -1.207607 1.000000 
0.360482 -0.051559 0.038385 -3.988195 -2.170016 -0.119434 0.069437 -1.266001 1.000000 
0.359978 -0.074603 0.006467 -3.990917 -2.170744 -0.062723 0.059156 -1.299584 1.000000 
0.359289 -0.097570 -0.025464 -3.991587 -2.171020 -0.006212 0.048719 -1.304916 1.000000 
0.358417 -0.120439 -0.057393 -3.990223 -2.170845 0.050017 0.038354 -1.281558 1.000000 
0.357362 -0.143189 -0.089302 -3.986844 -2.170221 0.105891 0.028284 -1.232164 1.000000 
0.356126 -0.165805 -0.121177 -3.981475 -2.169151 0.161343 0.018696 -1.161823 1.000000 
0.354710 -0.188269 -0.153000 -3.974139 -2.167640 0.216316 0.009733 -1.076930 1.000000 
0.353114 -0.210566 -0.184758 -3.964863 -2.165692 0.270756 0.001486 -0.984003 1.000000 
0.351281 -0.242231 -0.216394 -3.946367 -2.162926 0.388637 0.005074 0.884072 -1.000000 
0.349260 -0.263042 -0.247905 -3.931102 -2.159602 0.442223 0.011752 0.786338 -1.000000 
0.347073 -0.283686 -0.279287 -3.913931 -2.155852 0.495371 0.017674 0.695368 -1.000000 
0.344722 -0.304146 -0.310523 -3.894873 -2.151678 0.547991 0.022900 0.612642 -1.000000 
0.342207 -0.324400 -0.341600 -3.873951 -2.147085 0.599998 0.027499 0.538683 -1.000000 
0.339532 -0.344430 -0.372502 -3.851193 -2.142080 0.651307 0.031542 0.473366 -1.000000 
0.336697 -0.364220 -0.403214 -3.826628 -2.136667 0.701838 0.035095 0.416171 -1.000000 
0.333705 -0.383751 -0.433723 -3.800290 -2.130853 0.751515 0.038220 0.366369 -1.000000 
0.330558 -0.403009 -0.464014 -3.772216 -2.124645 0.800262 0.040974 0.323156 -1.000000 
0.327258 -0.421977 -0.494074 -3.742445 -2.118051 0.848009 0.043406 0.285724 -1.000000 
0.323807 -0.440641 -0.523889 -3.711019 -2.111080 0.894688 0.045559 0.253316 -1.000000 
0.320208 -0.458988 -0.553446 -3.677983 -2.103739 0.940236 0.047471 0.225244 -1.000000 
0.316464 -0.477004 -0.582732 -3.643385 -2.096039 0.984589 0.049173 0.200898 -1.000000 
0.312577 -0.494677 -0.611736 -3.607271 -2.087989 1.027691 0.050694 0.179746 -1.000000 
0.308550 -0.511996 -0.640445 -3.569694 -2.079599 1.069485 0.052056 0.161330 -1.000000 
0.304386 -0.528950 -0.668847 -3.530706 -2.070881 1.109921 0.053281 0.145258 -1.000000 
0.300088 -0.545530 -0.696932 -3.490361 -2.061844 1.148949 0.054386 0.131195 -1.000000 
0.295659 -0.561726 -0.724690 -3.448713 -2.052502 1.186523 0.055385 0.118855 -1.000000 
0.291101 -0.577531 -0.752108 -3.405820 -2.042864 1.222601 0.056291 0.107998 -1.000000 
0.286419 -0.592937 -0.779180 -3.361740 -2.032944 1.257143 0.057116 0.098419 -1.000000 
0.281616 -0.607938 -0.805893 -3.316529 -2.022754 1.290113 0.057869 0.089943 -1.000000 
0.276693 -0.622527 -0.832241 -3.270248 -2.012307 1.321478 0.058558 0.082422 -1.000000 
0.271656 -0.636701 -0.858215 -3.222956 -2.001615 1.351207 0.059190 0.075730 -1.000000 
0.266507 -0.650453 -0.883806 -3.174713 -1.990692 1.379273 0.059771 0.069761 -1.000000 
0.261250 -0.663782 -0.909008 -3.125578 -1.979551 1.405652 0.060308 0.064421 -1.000000 
0.255888 -0.676685 -0.933813 -3.075612 -1.968206 1.430322 0.060804 0.059632 -1.000000 
0.250424 -0.689159 -0.958215 -3.024874 -1.956670 1.453266 0.061263 0.055327 -1.000000 
0.244863 -0.701202 -0.982209 -2.973424 -1.944958 1.474468 0.061690 0.051447 -1.000000 
0.239206 -0.712816 -1.005788 -2.921322 -1.933083 1.493915 0.062087 0.047943 -1.000000 
0.233459 -0.723999 -1.028949 -2.868625 -1.921060 1.511598 0.062458 0.044770 -1.000000 
0.227623 -0.734752 -1.051685 -2.815393 -1.908903 1.527510 0.062804 0.041891 -1.000000 
0.221704 -0.745077 -1.073994 -2.761681 -1.896625 1.541646 0.063129 0.039274 -1.000000 
0.215703 -0.754976 -1.095871 -2.707546 -1.884241 1.554004 0.063433 0.036889 -1.000000 
0.209625 -0.764451 -1.117313 -2.653043 -1.871765 1.564586 0.063720 0.034712 -1.000000 
0.203473 -0.773506 -1.138319 -2.598226 -1.859212 1.573394 0.063989 0.032721 -1.000000 
0.197250 -0.782144 -1.158884 -2.543148 -1.846596 1.580435 0.064244 0.030897 -1.000000 
0.190960 -0.790369 -1.179008 -2.487860 -1.833930 1.585716 0.064484 0.029223 -1.000000 
0.184605 -0.798185 -1.198690 -2.432411 -1.821229 1.589246 0.064712 0.027683 -1.000000 
0.178190 -0.805599 -1.217927 -2.376851 -1.808507 1.591040 0.064927 0.026266 -1.000000 
0.171717 -0.812616 -1.236719 -2.321225 -1.795777 1.591110 0.065132 0.024959 -1.000000 
0.165189 -0.819240 -1.255066 -2.265579 -1.783054 1.589473 0.065327 0.023751 -1.000000 
0.158610 -0.825480 -1.272968 -2.209956 -1.770350 1.586146 0.065512 0.022634 -1.000000 
0.151983 -0.831340 -1.290426 -2.154397 -1.757680 1.581151 0.065689 0.021600 -1.000000 
0.145310 -0.836829 -1.307439 -2.098941 -1.745056 1.574508 0.065858 0.020640 -1.000000 
0.138594 -0.841953 -1.324009 -2.043628 -1.732492 1.566240 0.066020 0.019750 -1.000000 
0.131839 -0.846719 -1.340137 -1.988491 -1.720000 1.556371 0.066174 0.018922 -1.000000 
0.125048 -0.851136 -1.355826 -1.933565 -1.707594 1.544929 0.066323 0.018151 -1.000000 
0.118222 -0.855210 -1.371075 -1.878882 -1.695286 1.531939 0.066465 0.017433 -1.000000 
0.111365 -0.858951 -1.385888 -1.824471 -1.683087 1.517430 0.066602 0.016763 -1.000000 
0.104480 -0.862365 -1.400268 -1.770360 -1.671011 1.501431 0.066733 0.016138 -1.000000 
0.097568 -0.865461 -1.414215 -1.716575 -1.659068 1.483974 0.066860 0.015554 -1.000000 
0.090633 -0.868247 -1.427734 -1.663139 -1.647271 1.465090 0.066982 0.015008 -1.000000 
0.083677 -0.870731 -1.440826 -1.610073 -1.635630 1.444810 0.067100 0.014497 -1.000000 
0.076702 -0.872922 -1.453496 -1.557398 -1.624158 1.423168 0.067214 0.014019 -1.000000 
0.069711 -0.874827 -1.465746 -1.505130 -1.612863 1.400198 0.067325 0.013571 -1.000000 
0.062706 -0.876455 -1.477579 -1.453286 -1.601758 1.375934 0.067432 0.013150 -1.000000 
0.055689 -0.877814 -1.488999 -1.401878 -1.590852 1.350410 0.067535 0.012756 -1.000000 
0.048661 -0.878911 -1.500010 -1.350918 -1.580155 1.323664 0.067636 0.012386 -1.000000 
0.041627 -0.879755 -1.510615 -1.300416 -1.569676 1.295729 0.067733 0.012039 -1.000000 
0.034586 -0.880353 -1.520818 -1.250379 -1.559426 1.266643 0.067828 0.011713 -1.000000 
0.027542 -0.880713 -1.530623 -1.200813 -1.549413 1.236442 0.067921 0.011406 -1.000000 
0.020495 -0.880841 -1.540032 -1.151723 -1.539646 1.205163 0.068011 0.011118 -1.000000 
0.013449 -0.880747 -1.549052 -1.103111 -1.530133 1.172842 0.068099 0.010848 -1.000000 
0.006404 -0.880435 -1.557684 -1.054976 -1.520883 1.139518 0.068185 0.010594 -1.000000 
-0.000638 -0.879913 -1.565932 -1.007318 -1.511903 1.105226 0.068268 0.010356 -1.000000 
-0.007674 -0.879187 -1.573802 -0.960134 -1.503202 1.070004 0.068350 0.010132 -1.000000 
-0.014704 -0.878263 -1.581296 -0.913419 -1.494786 1.033890 0.068430 0.009922 -1.000000 
-0.021726 -0.877148 -1.588418 -0.867168 -1.486662 0.996921 0.068509 0.009724 -1.000000 
-0.028738 -0.875847 -1.595172 -0.821373 -1.478837 0.959134 0.068586 0.009540 -1.000000 
-0.035739 -0.874365 -1.601561 -0.776025 -1.471318 0.920566 0.068662 0.009366 -1.000000 
-0.042727 -0.872707 -1.607589 -0.731114 -1.464110 0.881254 0.068736 0.009204 -1.000000 
-0.049702 -0.870878 -1.613260 -0.686629 -1.457220 0.841236 0.068809 0.009053 -1.000000 
-0.056661 -0.868881 -1.618576 -0.642555 -1.450652 0.800548 0.068881 0.008912 -1.000000 
-0.063603 -0.866722 -1.623542 -0.598881 -1.444413 0.759227 0.068952 0.008780 -1.000000 
-0.070528 -0.864403 -1.628160 -0.555589 -1.438506 0.717309 0.069021 0.008658 -1.000000 
-0.077433 -0.861928 -1.632432 -0.512665 -1.432937 0.674831 0.069090 0.008545 -1.000000 
-0.084318 -0.859299 -1.636363 -0.470090 -1.427710 0.631829 0.069158 0.008440 -1.000000 
-0.091182 -0.856520 -1.639955 -0.427848 -1.422829 0.588340 0.069225 0.008344 -1.000000 
-0.098022 -0.853592 -1.643210 -0.385918 -1.418298 0.544398 0.069292 0.008255 -1.000000 
-0.104839 -0.850516 -1.646130 -0.344281 -1.414120 0.500041 0.069357 0.008174 -1.000000 
-0.111630 -0.847295 -1.648719 -0.302916 -1.410298 0.455303 0.069422 0.008101 -1.000000 
-0.118395 -0.843929 -1.650977 -0.261802 -1.406836 0.410220 0.069487 0.008035 -1.000000 
-0.125133 -0.840419 -1.652908 -0.220918 -1.403736 0.364828 0.069551 0.007976 -1.000000 
-0.131842 -0.836765 -1.654513 -0.180240 -1.401000 0.319161 0.069615 0.007924 -1.000000 
-0.138521 -0.832966 -1.655792 -0.139746 -1.398630 0.273254 0.069678 0.007879 -1.000000 
-0.145169 -0.829022 -1.656749 -0.099413 -1.396628 0.227144 0.069741 0.007841 -1.000000 
-0.151785 -0.824933 -1.657383 -0.059217 -1.394996 0.180864 0.069803 0.007809 -1.000000 
-0.158367 -0.820697 -1.657697 -0.019134 -1.393735 0.134449 0.069866 0.007783 -1.000000 
-0.164915 -0.816312 -1.657690 0.020861 -1.392845 0.087934 0.069928 0.007764 -1.000000 
-0.171428 -0.811776 -1.657363 0.060791 -1.392328 0.041353 0.069990 0.007752 -1.000000 
-0.177903 -0.807086 -1.656717 0.100680 -1.392183 -0.005258 0.070052 0.007745 -1.000000 
-0.184341 -0.802241 -1.655752 0.140554 -1.392412 -0.051865 0.070114 0.007745 -1.000000 
-0.190739 -0.797236 -1.654468 0.180437 -1.393013 -0.098433 0.070176 0.007752 -1.000000 
-0.197096 -0.792068 -1.652865 0.220353 -1.393987 -0.144928 0.070238 0.007764 -1.000000 
-0.203411 -0.786734 -1.650943 0.260325 -1.395332 -0.191315 0.070300 0.007783 -1.000000 
-0.209683 -0.781230 -1.648700 0.300379 -1.397047 -0.237559 0.070362 0.007809 -1.000000 
-0.215911 -0.775550 -1.646136 0.340537 -1.399132 -0.283626 0.070425 0.007841 -1.000000 
-0.222092 -0.769691 -1.643251 0.380822 -1.401585 -0.329480 0.070488 0.007879 -1.000000 
-0.228225 -0.763647 -1.640043 0.421258 -1.404403 -0.375086 0.070551 0.007924 -1.000000 
-0.234310 -0.757413 -1.636510 0.461866 -1.407585 -0.420410 0.070615 0.007976 -1.000000 
-0.240343 -0.750983 -1.632652 0.502669 -1.411129 -0.465415 0.070679 0.008035 -1.000000 
-0.246325 -0.744352 -1.628467 0.543686 -1.415031 -0.510067 0.070743 0.008101 -1.000000 
-0.252252 -0.737514 -1.623953 0.584939 -1.419289 -0.554330 0.070808 0.008174 -1.000000 
-0.258124 -0.730462 -1.619107 0.626447 -1.423899 -0.598168 0.070874 0.008254 -1.000000 
-0.263939 -0.723191 -1.613929 0.668229 -1.428858 -0.641545 0.070940 0.008343 -1.000000 
-0.269695 -0.715692 -1.608415 0.710303 -1.434163 -0.684425 0.071008 0.008439 -1.000000 
-0.275390 -0.707961 -1.602563 0.752685 -1.439808 -0.726772 0.071076 0.008544 -1.000000 
-0.281022 -0.699989 -1.596371 0.795392 -1.445789 -0.768550 0.071144 0.008657 -1.000000 
-0.286589 -0.691770 -1.589836 0.838438 -1.452103 -0.809721 0.071214 0.008779 -1.000000 
-0.292089 -0.683297 -1.582955 0.881837 -1.458743 -0.850249 0.071285 0.008910 -1.000000 
-0.297521 -0.674563 -1.575726 0.925602 -1.465705 -0.890098 0.071357 0.009051 -1.000000 
-0.302882 -0.665560 -1.568144 0.969743 -1.472983 -0.929229 0.071430 0.009202 -1.000000 
-0.308169 -0.656280 -1.560209 1.014271 -1.480571 -0.967606 0.071504 0.009364 -1.000000 
-0.313381 -0.646718 -1.551915 1.059195 -1.488462 -1.005192 0.071579 0.009537 -1.000000 
-0.318516 -0.636865 -1.543260 1.104520 -1.496652 -1.041949 0.071657 0.009721 -1.000000 
-0.323570 -0.626714 -1.534242 1.150254 -1.505131 -1.077839 0.071735 0.009918 -1.000000 
-0.328542 -0.616258 -1.524855 1.196400 -1.513895 -1.112825 0.071815 0.010128 -1.000000 
-0.333430 -0.605490 -1.515098 1.242961 -1.522934 -1.146870 0.071897 0.010352 -1.000000 
-0.338229 -0.594403 -1.504967 1.289938 -1.532242 -1.179935 0.071981 0.010590 -1.000000 
-0.342939 -0.582990 -1.494458 1.337329 -1.541810 -1.211984 0.072067 0.010844 -1.000000 
-0.347556 -0.571244 -1.483568 1.385133 -1.551631 -1.242979 0.072154 0.011115 -1.000000 
-0.352078 -0.559160 -1.472295 1.433346 -1.561695 -1.272883 0.072245 0.011403 -1.000000 
-0.356502 -0.546730 -1.460634 1.481961 -1.571994 -1.301658 0.072337 0.011710 -1.000000 
-0.360825 -0.533949 -1.448582 1.530970 -1.582518 -1.329269 0.072432 0.012036 -1.000000 
-0.365044 -0.520811 -1.436137 1.580364 -1.593259 -1.355678 0.072530 0.012384 -1.000000 
-0.369157 -0.507311 -1.423296 1.630131 -1.604206 -1.380849 0.072630 0.012756 -1.000000 
-0.373160 -0.493444 -1.410054 1.680258 -1.615349 -1.404746 0.072734 0.013151 -1.000000 
-0.377051 -0.479204 -1.396411 1.730729 -1.626678 -1.427335 0.072841 0.013574 -1.000000 
-0.380826 -0.464589 -1.382362 1.781526 -1.638183 -1.448581 0.072951 0.014024 -1.000000 
-0.384483 -0.449593 -1.367905 1.832631 -1.649852 -1.468449 0.073065 0.014506 -1.000000 
-0.388019 -0.434214 -1.353039 1.884022 -1.661674 -1.486905 0.073183 0.015021 -1.000000 
-0.391430 -0.418448 -1.337760 1.935674 -1.673639 -1.503919 0.073306 0.015572 -1.000000 
-0.394713 -0.402294 -1.322067 1.987564 -1.685733 -1.519457 0.073432 0.016161 -1.000000 
-0.397865 -0.385749 -1.305959 2.039663 -1.697946 -1.533489 0.073564 0.016793 -1.000000 
-0.400884 -0.368813 -1.289432 2.091942 -1.710265 -1.545984 0.073701 0.017471 -1.000000 
-0.403765 -0.351484 -1.272487 2.144370 -1.722678 -1.556915 0.073844 0.018199 -1.000000 
-0.406507 -0.333762 -1.255122 2.196913 -1.735171 -1.566254 0.073993 0.018981 -1.000000 
-0.409105 -0.315649 -1.237336 2.249536 -1.747733 -1.573975 0.074148 0.019824 -1.000000 
-0.411556 -0.297145 -1.219129 2.302202 -1.760351 -1.580052 0.074310 0.020731 -1.000000 
-0.413858 -0.278252 -1.200501 2.354871 -1.773010 -1.584463 0.074480 0.021711 -1.000000 
-0.416007 -0.258973 -1.181452 2.407504 -1.785697 -1.587185 0.074658 0.022769 -1.000000 
-0.418000 -0.239312 -1.161981 2.460057 -1.798400 -1.588199 0.074844 0.023914 -1.000000 
-0.419835 -0.219272 -1.142091 2.512486 -1.811104 -1.587485 0.075040 0.025155 -1.000000 
-0.421508 -0.198859 -1.121782 2.564745 -1.823795 -1.585028 0.075247 0.026501 -1.000000 
-0.423016 -0.178078 -1.101056 2.616787 -1.836460 -1.580813 0.075465 0.027966 -1.000000 
-0.424356 -0.156936 -1.079914 2.668562 -1.849084 -1.574827 0.075695 0.029560 -1.000000 
-0.425526 -0.135439 -1.058360 2.720021 -1.861652 -1.567059 0.075938 0.031299 -1.000000 
-0.426522 -0.113597 -1.036395 2.771111 -1.874152 -1.557502 0.076196 0.033200 -1.000000 
-0.427342 -0.091417 -1.014023 2.821779 -1.886568 -1.546149 0.076470 0.035282 -1.000000 
-0.427984 -0.068911 -0.991248 2.871972 -1.898885 -1.532995 0.076761 0.037566 -1.000000 
-0.428444 -0.046087 -0.968073 2.921633 -1.911091 -1.518041 0.077071 0.040079 -1.000000 
-0.428721 -0.022958 -0.944503 2.970708 -1.923169 -1.501287 0.077403 0.042847 -1.000000 
-0.428811 0.000464 -0.920543 3.019138 -1.935106 -1.482736 0.077758 0.045906 -1.000000 
-0.428712 0.024166 -0.896199 3.066868 -1.946888 -1.462395 0.078138 0.049292 -1.000000 
-0.428423 0.048135 -0.871475 3.113837 -1.958500 -1.440272 0.078547 0.053051 -1.000000 
-0.427942 0.072356 -0.846379 3.159989 -1.969928 -1.416380 0.078988 0.057234 -1.000000 
-0.427265 0.096814 -0.820918 3.205264 -1.981157 -1.390732 0.079464 0.061902 -1.000000 
-0.426392 0.121492 -0.795098 3.249602 -1.992175 -1.363345 0.079980 0.067126 -1.000000 
-0.425321 0.146374 -0.768927 3.292946 -2.002966 -1.334239 0.080540 0.072988 -1.000000 
-0.424049 0.171443 -0.742413 3.335237 -2.013518 -1.303436 0.081150 0.079586 -1.000000 
-0.422577 0.196680 -0.715566 3.376414 -2.023817 -1.270962 0.081816 0.087035 -1.000000 
-0.420902 0.222066 -0.688394 3.416422 -2.033849 -1.236844 0.082545 0.095473 -1.000000 
-0.419024 0.247582 -0.660907 3.455202 -2.043602 -1.201112 0.083346 0.105061 -1.000000 
-0.416941 0.273209 -0.633114 3.492696 -2.053063 -1.163801 0.084230 0.115992 -1.000000 
-0.414652 0.298925 -0.605027 3.528851 -2.062219 -1.124946 0.085206 0.128497 -1.000000 
-0.412158 0.324710 -0.576656 3.563609 -2.071058 -1.084585 0.086291 0.142851 -1.000000 
-0.409457 0.350543 -0.548013 3.596918 -2.079568 -1.042758 0.087498 0.159384 -1.000000 
-0.406549 0.376402 -0.519109 3.628724 -2.087738 -0.999509 0.088848 0.178489 -1.000000 
-0.403434 0.402264 -0.489958 3.658978 -2.095557 -0.954882 0.090362 0.200639 -1.000000 
-0.400113 0.428108 -0.460570 3.687629 -2.103013 -0.908925 0.092067 0.226397 -1.000000 
-0.396585 0.453911 -0.430960 3.714628 -2.110096 -0.861685 0.093996 0.256429 -1.000000 
-0.392850 0.479651 -0.401141 3.739931 -2.116796 -0.813212 0.096184 0.291522 -1.000000 
-0.388910 0.505305 -0.371126 3.763491 -2.123104 -0.763558 0.098676 0.332593 -1.000000 
-0.384766 0.530851 -0.340929 3.785267 -2.129010 -0.712775 0.101524 0.380683 -1.000000 
-0.380417 0.556266 -0.310566 3.805217 -2.134506 -0.660914 0.104789 0.436949 -1.000000 
-0.375866 0.581528 -0.280051 3.823303 -2.139582 -0.608027 0.108540 0.502606 -1.000000 
-0.371113 0.606615 -0.249399 3.839487 -2.144232 -0.554166 0.112858 0.578831 -1.000000 
-0.366160 0.631506 -0.218624 3.853732 -2.148446 -0.499381 0.117832 0.666578 -1.000000 
-0.361010 0.656180 -0.187744 3.866005 -2.152219 -0.443723 0.123556 0.766289 -1.000000 
-0.355662 0.680615 -0.156774 3.876273 -2.155544 -0.387237 0.130124 0.877464 -1.000000 
-0.350120 0.704791 -0.125729 3.884504 -2.158413 -0.329971 0.137621 0.998108 -1.000000 
-0.344386 0.728687 -0.094627 3.890665 -2.160821 -0.271970 0.146108 1.124127 -1.000000 
-0.338462 0.752283 -0.063484 3.894728 -2.162763 -0.213280 0.155603 1.248871 -1.000000 
-0.332351 0.775557 -0.032317 3.896660 -2.164232 -0.153951 0.166062 1.363150 -1.000000 
-0.326054 0.798486 -0.001143 3.896434 -2.165224 -0.094037 0.177357 1.456078 -1.000000 
-0.319576 0.821047 0.030020 3.894020 -2.165735 -0.033602 0.189273 1.516922 -1.000000 
-0.312919 0.843212 0.061155 3.889395 -2.165761 0.027277 0.201520 1.537615 -1.000000 
-0.306086 0.864955 0.092244 3.882535 -2.165298 0.088510 0.213759 1.515049 -1.000000 
-0.299080 0.886247 0.123270 3.873424 -2.164344 0.149995 0.225653 1.452060 -1.000000 
-0.291907 0.907056 0.154213 3.862050 -2.162898 0.211617 0.236906 1.356610 -1.000000 
-0.284569 0.927354 0.185056 3.848410 -2.160958 0.273253 0.247301 1.239548 -1.000000 
-0.277071 0.947112 0.215782 3.832505 -2.158526 0.334775 0.256711 1.112022 -1.000000 
-0.269417 0.966301 0.246371 3.814346 -2.155602 0.396054 0.265091 0.983513 -1.000000 
-0.261611 0.984897 0.276805 3.793949 -2.152190 0.456960 0.272463 0.860881 -1.000000 
-0.253660 1.002876 0.307068 3.771337 -2.148292 0.517368 0.278892 0.748319 -1.000000 
-0.245567 1.020217 0.337141 3.746539 -2.143914 0.577155 0.284468 0.647820 -1.000000 
-0.237338 1.036900 0.367007 3.719590 -2.139060 0.636203 0.289290 0.559811 -1.000000 
-0.228979 1.052909 0.396649 3.690532 -2.133737 0.694400 0.293457 0.483751 -1.000000 
-0.220494 1.068228 0.426050 3.659408 -2.127952 0.751636 0.297059 0.418576 -1.000000 
-0.211889 1.082846 0.455194 3.626268 -2.121714 0.807809 0.300180 0.363012 -1.000000 
-0.203170 1.096751 0.484065 3.591167 -2.115030 0.862821 0.302890 0.315761 -1.000000 
-0.194343 1.109935 0.512647 3.554163 -2.107912 0.916578 0.305251 0.275607 -1.000000 
-0.185413 1.122390 0.540926 3.515315 -2.100369 0.968991 0.307316 0.241457 -1.000000 
-0.176386 1.134112 0.568888 3.474689 -2.092412 1.019978 0.309128 0.212364 -1.000000 
-0.167269 1.145096 0.596517 3.432352 -2.084053 1.069460 0.310725 0.187519 -1.000000 
-0.158067 1.155342 0.623801 3.388374 -2.075305 1.117361 0.312138 0.166240 -1.000000 
-0.148786 1.164849 0.650727 3.342826 -2.066180 1.163613 0.313392 0.147957 -1.000000 
-0.139431 1.173619 0.677282 3.295783 -2.056691 1.208152 0.314512 0.132194 -1.000000 
-0.130010 1.181654 0.703455 3.247320 -2.046854 1.250916 0.315513 0.118555 -1.000000 
-0.120527 1.188960 0.729236 3.197515 -2.036682 1.291851 0.316413 0.106712 -1.000000 
-0.110988 1.195541 0.754612 3.146446 -2.026189 1.330905 0.317225 0.096392 -1.000000 
-0.101400 1.201405 0.779576 3.094192 -2.015392 1.368032 0.317959 0.087367 -1.000000 
-0.091768 1.206560 0.804116 3.040833 -2.004306 1.403191 0.318626 0.079446 -1.000000 
-0.082097 1.211017 0.828226 2.986449 -1.992946 1.436344 0.319233 0.072472 -1.000000 
-0.072393 1.214785 0.851897 2.931121 -1.981330 1.467458 0.319787 0.066310 -1.000000 
-0.062662 1.217877 0.875122 2.874929 -1.969473 1.496504 0.320295 0.060850 -1.000000 
-0.052909 1.220306 0.897894 2.817953 -1.957391 1.523459 0.320762 0.055995 -1.000000 
-0.043139 1.222084 0.920207 2.760273 -1.945103 1.548302 0.321193 0.051666 -1.000000 
-0.033357 1.223228 0.942057 2.701966 -1.932624 1.571018 0.321590 0.047794 -1.000000 
-0.023569 1.223751 0.963437 2.643111 -1.919972 1.591594 0.321959 0.044323 -1.000000 
-0.013779 1.223671 0.984345 2.583783 -1.907164 1.610023 0.322300 0.041202 -1.000000 
-0.003992 1.223005 1.004777 2.524058 -1.894218 1.626301 0.322619 0.038388 -1.000000 
0.005788 1.221769 1.024729 2.464010 -1.881149 1.640428 0.322915 0.035846 -1.000000 
0.015555 1.219981 1.044200 2.403709 -1.867977 1.652406 0.323193 0.033543 -1.000000 
0.025306 1.217661 1.063188 2.343225 -1.854717 1.662244 0.323453 0.031452 -1.000000 
0.035036 1.214825 1.081691 2.282626 -1.841386 1.669950 0.323696 0.029551 -1.000000 
0.044742 1.211494 1.099710 2.221978 -1.828003 1.675538 0.323926 0.027817 -1.000000 
0.054419 1.207687 1.117243 2.161344 -1.814583 1.679026 0.324142 0.026233 -1.000000 
0.064064 1.203422 1.134292 2.100783 -1.801144 1.680431 0.324346 0.024784 -1.000000 
0.073672 1.198720 1.150856 2.040355 -1.787702 1.679776 0.324539 0.023455 -1.000000 
0.083242 1.193599 1.166938 1.980116 -1.774273 1.677086 0.324722 0.022234 -1.000000 
0.092769 1.188079 1.182539 1.920117 -1.760874 1.672388 0.324895 0.021111 -1.000000 
0.102250 1.182179 1.197660 1.860409 -1.747520 1.665711 0.325060 0.020077 -1.000000 
0.111683 1.175919 1.212306 1.801039 -1.734228 1.657087 0.325216 0.019122 -1.000000 
0.121064 1.169317 1.226478 1.742051 -1.721012 1.646549 0.325366 0.018240 -1.000000 
0.130391 1.162391 1.240180 1.683488 -1.707888 1.634134 0.325508 0.017423 -1.000000 
0.139662 1.155160 1.253415 1.625387 -1.694871 1.619877 0.325645 0.016667 -1.000000 
0.148873 1.147642 1.266187 1.567784 -1.681975 1.603817 0.325775 0.015965 -1.000000 
0.158023 1.139855 1.278501 1.510712 -1.669214 1.585995 0.325900 0.015314 -1.000000 
0.167110 1.131814 1.290360 1.454201 -1.656603 1.566452 0.326020 0.014708 -1.000000 
0.176131 1.123537 1.301770 1.398277 -1.644156 1.545229 0.326136 0.014144 -1.000000 
0.185086 1.115039 1.312734 1.342964 -1.631884 1.522372 0.326247 0.013619 -1.000000 
0.193972 1.106337 1.323259 1.288283 -1.619802 1.497923 0.326354 0.013129 -1.000000 
0.202787 1.097443 1.333349 1.234253 -1.607922 1.471928 0.326457 0.012673 -1.000000 
0.211530 1.088374 1.343009 1.180888 -1.596255 1.444433 0.326556 0.012246 -1.000000 
0.220200 1.079141 1.352245 1.128201 -1.584814 1.415483 0.326653 0.011848 -1.000000 
0.228796 1.069758 1.361062 1.076202 -1.573611 1.385125 0.326746 0.011475 -1.000000 
0.237316 1.060236 1.369466 1.024898 -1.562656 1.353407 0.326837 0.011127 -1.000000 
0.245759 1.050587 1.377462 0.974294 -1.551960 1.320375 0.326924 0.010802 -1.000000 
0.254125 1.040821 1.385056 0.924391 -1.541533 1.286077 0.327009 0.010497 -1.000000 
0.262412 1.030948 1.392254 0.875190 -1.531386 1.250559 0.327092 0.010212 -1.000000 
0.270620 1.020977 1.399061 0.826688 -1.521528 1.213870 0.327173 0.009945 -1.000000 
0.278748 1.010916 1.405483 0.778879 -1.511967 1.176056 0.327251 0.009695 -1.000000 
0.286795 1.000771 1.411525 0.731756 -1.502714 1.137166 0.327328 0.009462 -1.000000 
0.294760 0.990550 1.417193 0.685310 -1.493775 1.097245 0.327403 0.009243 -1.000000 
0.302643 0.980259 1.422492 0.639530 -1.485160 1.056340 0.327476 0.009039 -1.000000 
0.310444 0.969901 1.427427 0.594401 -1.476876 1.014499 0.327547 0.008848 -1.000000 
0.318161 0.959481 1.432004 0.549910 -1.468931 0.971766 0.327618 0.008670 -1.000000 
0.325795 0.949003 1.436227 0.506037 -1.461330 0.928189 0.327686 0.008505 -1.000000 
0.333345 0.938468 1.440102 0.462766 -1.454082 0.883813 0.327754 0.008350 -1.000000 
0.340811 0.927878 1.443633 0.420076 -1.447191 0.838682 0.327820 0.008207 -1.000000 
0.348191 0.917234 1.446825 0.377944 -1.440665 0.792842 0.327885 0.008073 -1.000000 
0.355486 0.906535 1.449682 0.336348 -1.434508 0.746336 0.327949 0.007950 -1.000000 
0.362696 0.895782 1.452208 0.295262 -1.428725 0.699210 0.328012 0.007836 -1.000000 
0.369819 0.884972 1.454407 0.254662 -1.423322 0.651506 0.328074 0.007732 -1.000000 
0.376855 0.874103 1.456284 0.214520 -1.418302 0.603267 0.328136 0.007636 -1.000000 
0.383804 0.863173 1.457841 0.174808 -1.413671 0.554538 0.328197 0.007549 -1.000000 
0.390666 0.852176 1.459082 0.135498 -1.409431 0.505359 0.328257 0.007470 -1.000000 
0.397439 0.841108 1.460010 0.096559 -1.405586 0.455773 0.328316 0.007398 -1.000000 
0.404123 0.829965 1.460627 0.057961 -1.402140 0.405822 0.328375 0.007335 -1.000000 
0.410718 0.818740 1.460938 0.019674 -1.399094 0.355547 0.328434 0.007279 -1.000000 
0.417223 0.807427 1.460943 -0.018336 -1.396452 0.304991 0.328492 0.007230 -1.000000 
0.423637 0.796019 1.460645 -0.056099 -1.394215 0.254193 0.328549 0.007189 -1.000000 
0.429959 0.784507 1.460046 -0.093649 -1.392385 0.203194 0.328607 0.007154 -1.000000 
0.436188 0.772883 1.459147 -0.131019 -1.390964 0.152036 0.328664 0.007127 -1.000000 
0.442325 0.761138 1.457950 -0.168240 -1.389953 0.100758 0.328721 0.007106 -1.000000 
0.448366 0.749263 1.456456 -0.205348 -1.389352 0.049401 0.328777 0.007093 -1.000000 
0.454312 0.737247 1.454665 -0.242375 -1.389162 -0.001994 0.328834 0.007086 -1.000000 
0.460162 0.725079 1.452578 -0.279353 -1.389384 -0.053387 0.328891 0.007085 -1.000000 
0.465913 0.712750 1.450195 -0.316317 -1.390017 -0.104739 0.328948 0.007092 -1.000000 
0.471565 0.700246 1.447517 -0.353299 -1.391060 -0.156009 0.329004 0.007105 -1.000000 
0.477117 0.687557 1.444542 -0.390332 -1.392512 -0.207155 0.329061 0.007125 -1.000000 
0.482566 0.674670 1.441271 -0.427446 -1.394374 -0.258139 0.329118 0.007152 -1.000000 
0.487911 0.661572 1.437703 -0.464675 -1.396642 -0.308919 0.329176 0.007186 -1.000000 
0.493150 0.648251 1.433836 -0.502049 -1.399316 -0.359453 0.329233 0.007226 -1.000000 
0.498282 0.634692 1.429669 -0.539598 -1.402393 -0.409702 0.329291 0.007274 -1.000000 
0.503305 0.620884 1.425202 -0.577351 -1.405870 -0.459624 0.329350 0.007329 -1.000000 
0.508216 0.606811 1.420431 -0.615338 -1.409746 -0.509176 0.329409 0.007392 -1.000000 
0.513013 0.592461 1.415356 -0.653586 -1.414016 -0.558318 0.329468 0.007462 -1.000000 
0.517694 0.577819 1.409973 -0.692122 -1.418677 -0.607007 0.329528 0.007541 -1.000000 
0.522257 0.562871 1.404281 -0.730972 -1.423727 -0.655200 0.329589 0.007627 -1.000000 
0.526699 0.547604 1.398277 -0.770159 -1.429159 -0.702854 0.329650 0.007721 -1.000000 
0.531018 0.532002 1.391957 -0.809707 -1.434971 -0.749925 0.329712 0.007825 -1.000000 
0.535210 0.516053 1.385320 -0.849637 -1.441156 -0.796371 0.329775 0.007937 -1.000000 
0.000000 0.000000 0.000000 0.000000 0.000000 0.000000 0.000000 0.000000 0.000000 
