-0.093463 0.503439 0.882837 1.294432 -1.690683 0.945300 0.518084 0.018952 -1.000000 
-0.089420 0.507200 0.893005 1.247647 -1.683188 0.928260 0.518232 0.018194 -1.000000 
-0.085348 0.510694 0.902800 1.201064 -1.675834 0.909892 0.518375 0.017495 -1.000000 
-0.081250 0.513926 0.912223 1.154703 -1.668633 0.890234 0.518512 0.016848 -1.000000 
-0.077126 0.516902 0.921276 1.108582 -1.661594 0.869326 0.518645 0.016250 -1.000000 
-0.072980 0.519628 0.929961 1.062718 -1.654727 0.847206 0.518772 0.015696 -1.000000 
-0.068813 0.522112 0.938280 1.017123 -1.648042 0.823915 0.518896 0.015184 -1.000000 
-0.064627 0.524358 0.946236 0.971808 -1.641547 0.799496 0.519015 0.014709 -1.000000 
-0.060424 0.526373 0.953830 0.926783 -1.635253 0.773989 0.519131 0.014269 -1.000000 
-0.056205 0.528163 0.961065 0.882053 -1.629166 0.747440 0.519244 0.013862 -1.000000 
-0.051974 0.529733 0.967944 0.837623 -1.623296 0.719890 0.519353 0.013485 -1.000000 
-0.047730 0.531089 0.974468 0.793495 -1.617651 0.691384 0.519460 0.013136 -1.000000 
-0.043477 0.532237 0.980640 0.749668 -1.612237 0.661967 0.519563 0.012813 -1.000000 
-0.039215 0.533182 0.986463 0.706142 -1.607061 0.631683 0.519665 0.012514 -1.000000 
-0.034946 0.533929 0.991939 0.662910 -1.602132 0.600578 0.519764 0.012238 -1.000000 
-0.030673 0.534482 0.997071 0.619969 -1.597454 0.568698 0.519861 0.011983 -1.000000 
-0.026395 0.534846 1.001860 0.577310 -1.593035 0.536087 0.519955 0.011749 -1.000000 
-0.022115 0.535026 1.006308 0.534924 -1.588879 0.502792 0.520049 0.011534 -1.000000 
-0.017835 0.535026 1.010419 0.492800 -1.584992 0.468859 0.520140 0.011337 -1.000000 
-0.013556 0.534848 1.014194 0.450927 -1.581379 0.434334 0.520230 0.011157 -1.000000 
-0.009278 0.534496 1.017635 0.409289 -1.578044 0.399264 0.520319 0.010993 -1.000000 
-0.005004 0.533974 1.020743 0.367873 -1.574992 0.363695 0.520406 0.010845 -1.000000 
-0.000735 0.533284 1.023521 0.326662 -1.572226 0.327672 0.520492 0.010713 -1.000000 
0.003528 0.532427 1.025970 0.285639 -1.569750 0.291243 0.520577 0.010594 -1.000000 
0.007784 0.531407 1.028092 0.244786 -1.567567 0.254454 0.520662 0.010489 -1.000000 
0.012030 0.530223 1.029887 0.204084 -1.565680 0.217352 0.520745 0.010398 -1.000000 
0.016267 0.528879 1.031357 0.163513 -1.564090 0.179982 0.520828 0.010320 -1.000000 
0.020492 0.527374 1.032504 0.123053 -1.562800 0.142392 0.520910 0.010255 -1.000000 
0.024704 0.525708 1.033327 0.082683 -1.561812 0.104627 0.520992 0.010202 -1.000000 
0.028903 0.523883 1.033827 0.042382 -1.561127 0.066734 0.521074 0.010161 -1.000000 
0.033086 0.521897 1.034005 0.002127 -1.560745 0.028760 0.521155 0.010132 -1.000000 
0.037253 0.519749 1.033861 -0.038102 -1.560667 -0.009249 0.521236 0.010116 -1.000000 
0.041401 0.517439 1.033395 -0.078327 -1.560893 -0.047247 0.521317 0.010111 -1.000000 
0.045531 0.514965 1.032608 -0.118571 -1.561423 -0.085187 0.521398 0.010118 -1.000000 
0.049640 0.512326 1.031498 -0.158856 -1.562255 -0.123023 0.521479 0.010137 -1.000000 
0.053728 0.509518 1.030066 -0.199201 -1.563390 -0.160708 0.521560 0.010168 -1.000000 
0.057792 0.506540 1.028310 -0.239629 -1.564826 -0.198196 0.521641 0.010212 -1.000000 
0.061832 0.503389 1.026231 -0.280160 -1.566561 -0.235440 0.521723 0.010267 -1.000000 
0.065846 0.500061 1.023828 -0.320813 -1.568593 -0.272394 0.521806 0.010335 -1.000000 
0.069833 0.496553 1.021098 -0.361609 -1.570918 -0.309011 0.521889 0.010416 -1.000000 
0.073790 0.492862 1.018041 -0.402565 -1.573536 -0.345244 0.521972 0.010511 -1.000000 
0.077718 0.488983 1.014657 -0.443699 -1.576441 -0.381047 0.522057 0.010618 -1.000000 
0.081614 0.484912 1.010942 -0.485027 -1.579631 -0.416374 0.522142 0.010740 -1.000000 
0.085476 0.480645 1.006896 -0.526564 -1.583102 -0.451178 0.522229 0.010877 -1.000000 
0.089303 0.476177 1.002516 -0.568325 -1.586848 -0.485412 0.522316 0.011028 -1.000000 
0.093094 0.471502 0.997802 -0.610322 -1.590867 -0.519030 0.522405 0.011196 -1.000000 
0.096847 0.466617 0.992750 -0.652567 -1.595151 -0.551985 0.522496 0.011380 -1.000000 
0.100560 0.461515 0.987360 -0.695068 -1.599697 -0.584231 0.522587 0.011582 -1.000000 
0.104231 0.456191 0.981628 -0.737834 -1.604497 -0.615723 0.522681 0.011802 -1.000000 
0.107858 0.450641 0.975554 -0.780871 -1.609546 -0.646413 0.522776 0.012042 -1.000000 
0.111440 0.444858 0.969134 -0.824185 -1.614837 -0.676257 0.522874 0.012303 -1.000000 
0.114975 0.438836 0.962366 -0.867776 -1.620364 -0.705209 0.522973 0.012586 -1.000000 
0.118461 0.432571 0.955249 -0.911646 -1.626118 -0.733223 0.523075 0.012893 -1.000000 
0.121896 0.426058 0.947779 -0.955793 -1.632093 -0.760255 0.523179 0.013225 -1.000000 
0.125277 0.419289 0.939955 -1.000215 -1.638279 -0.786260 0.523287 0.013584 -1.000000 
0.128604 0.412261 0.931775 -1.044903 -1.644670 -0.811196 0.523397 0.013973 -1.000000 
0.131873 0.404967 0.923236 -1.089852 -1.651256 -0.835017 0.523510 0.014393 -1.000000 
0.135082 0.397403 0.914337 -1.135050 -1.658027 -0.857683 0.523627 0.014847 -1.000000 
0.138230 0.389564 0.905075 -1.180485 -1.664975 -0.879151 0.523748 0.015338 -1.000000 
0.141315 0.381446 0.895448 -1.226141 -1.672090 -0.899380 0.523873 0.015870 -1.000000 
0.144333 0.373043 0.885456 -1.272001 -1.679362 -0.918330 0.524002 0.016445 -1.000000 
0.147282 0.364351 0.875096 -1.318045 -1.686780 -0.935963 0.524136 0.017069 -1.000000 
0.150162 0.355368 0.864367 -1.364249 -1.694334 -0.952240 0.524275 0.017745 -1.000000 
0.152968 0.346089 0.853267 -1.410590 -1.702012 -0.967125 0.524420 0.018478 -1.000000 
0.155698 0.336512 0.841797 -1.457040 -1.709804 -0.980583 0.524571 0.019274 -1.000000 
0.158351 0.326633 0.829955 -1.503568 -1.717698 -0.992581 0.524729 0.020141 -1.000000 
0.160923 0.316451 0.817740 -1.550142 -1.725681 -1.003085 0.524894 0.021084 -1.000000 
0.163413 0.305964 0.805152 -1.596727 -1.733743 -1.012067 0.525066 0.022113 -1.000000 
0.165818 0.295170 0.792192 -1.643286 -1.741870 -1.019497 0.525248 0.023237 -1.000000 
0.168135 0.284070 0.778860 -1.689779 -1.750051 -1.025348 0.525438 0.024467 -1.000000 
0.170362 0.272664 0.765156 -1.736164 -1.758271 -1.029598 0.525639 0.025815 -1.000000 
0.172497 0.260952 0.751082 -1.782396 -1.766520 -1.032223 0.525852 0.027296 -1.000000 
0.174537 0.248934 0.736638 -1.828430 -1.774783 -1.033203 0.526077 0.028926 -1.000000 
0.176479 0.236614 0.721827 -1.874215 -1.783047 -1.032522 0.526315 0.030723 -1.000000 
0.178322 0.223995 0.706652 -1.919703 -1.791299 -1.030165 0.526569 0.032711 -1.000000 
0.180062 0.211078 0.691113 -1.964841 -1.799525 -1.026119 0.526839 0.034914 -1.000000 
0.181698 0.197869 0.675215 -2.009573 -1.807712 -1.020376 0.527128 0.037363 -1.000000 
0.183227 0.184372 0.658961 -2.053846 -1.815846 -1.012928 0.527438 0.040092 -1.000000 
0.184648 0.170592 0.642355 -2.097601 -1.823914 -1.003774 0.527770 0.043142 -1.000000 
0.185956 0.156537 0.625401 -2.140779 -1.831902 -0.992913 0.528129 0.046563 -1.000000 
0.187151 0.142214 0.608104 -2.183322 -1.839796 -0.980347 0.528516 0.050411 -1.000000 
0.188231 0.127629 0.590470 -2.225168 -1.847583 -0.966083 0.528937 0.054755 -1.000000 
0.189193 0.112793 0.572504 -2.266255 -1.855249 -0.950131 0.529394 0.059678 -1.000000 
0.190035 0.097714 0.554212 -2.306522 -1.862781 -0.932503 0.529893 0.065278 -1.000000 
0.190756 0.082402 0.535602 -2.345906 -1.870165 -0.913216 0.530441 0.071674 -1.000000 
0.191353 0.066869 0.516680 -2.384343 -1.877388 -0.892290 0.531043 0.079012 -1.000000 
0.191825 0.051126 0.497455 -2.421771 -1.884437 -0.869748 0.531708 0.087470 -1.000000 
0.192170 0.035186 0.477934 -2.458127 -1.891300 -0.845616 0.532446 0.097265 -1.000000 
0.192387 0.019062 0.458128 -2.493349 -1.897963 -0.819924 0.533268 0.108666 -1.000000 
0.192475 0.002767 0.438044 -2.527373 -1.904414 -0.792705 0.534190 0.122010 -1.000000 
0.192431 -0.013684 0.417693 -2.560140 -1.910642 -0.763995 0.535227 0.137714 -1.000000 
0.192256 -0.030277 0.397085 -2.591589 -1.916634 -0.733833 0.536401 0.156306 -1.000000 
0.191947 -0.046996 0.376231 -2.621661 -1.922380 -0.702261 0.537737 0.178452 -1.000000 
0.191503 -0.063825 0.355143 -2.650297 -1.927867 -0.669323 0.539268 0.205000 -1.000000 
0.190925 -0.080748 0.333831 -2.677443 -1.933085 -0.635066 0.541032 0.237034 -1.000000 
0.190211 -0.097749 0.312308 -2.703042 -1.938025 -0.599538 0.543078 0.275941 -1.000000 
0.189361 -0.114810 0.290586 -2.727043 -1.942675 -0.562787 0.545470 0.323504 -1.000000 
0.188374 -0.131917 0.268679 -2.749393 -1.947026 -0.524863 0.548284 0.382012 -1.000000 
0.187250 -0.149051 0.246600 -2.770044 -1.951069 -0.485815 0.551619 0.454383 -1.000000 
0.185989 -0.166196 0.224363 -2.788949 -1.954796 -0.445691 0.555600 0.544302 -1.000000 
0.184591 -0.183337 0.201982 -2.806060 -1.958198 -0.404535 0.560386 0.656304 -1.000000 
0.183056 -0.200460 0.179471 -2.821335 -1.961266 -0.362384 0.566174 0.795743 -1.000000 
0.181384 -0.217549 0.156846 -2.834728 -1.963993 -0.319270 0.573207 0.968433 -1.000000 
0.179575 -0.234592 0.134121 -2.846197 -1.966372 -0.275214 0.581772 1.179653 -1.000000 
0.177630 -0.251577 0.111312 -2.855695 -1.968394 -0.230225 0.592192 1.432009 -1.000000 
0.175550 -0.268495 0.088435 -2.863177 -1.970053 -0.184297 0.604785 1.721665 -1.000000 
0.173335 -0.285335 0.065507 -2.868588 -1.971340 -0.137413 0.619798 2.033049 -1.000000 
0.170985 -0.302087 0.042543 -2.871871 -1.972249 -0.089555 0.637288 2.333993 -1.000000 
0.168502 -0.318737 0.019562 -2.872961 -1.972771 -0.040713 0.656986 2.576230 -1.000000 
0.165886 -0.335262 -0.003418 -2.871788 -1.972898 0.009085 0.678209 2.707060 -1.000000 
0.163138 -0.351632 -0.026380 -2.868282 -1.972623 0.059757 0.699905 2.691440 -1.000000 
0.160260 -0.367808 -0.049304 -2.862379 -1.971940 0.111156 0.720882 2.531103 -1.000000 
0.157254 -0.383745 -0.072172 -2.854029 -1.970843 0.163085 0.740117 2.264303 -1.000000 
0.154121 -0.399396 -0.094962 -2.843196 -1.969330 0.215319 0.756974 1.946007 -1.000000 
0.150864 -0.414720 -0.117656 -2.829864 -1.967398 0.267621 0.771248 1.625148 -1.000000 
0.147486 -0.429674 -0.140233 -2.814031 -1.965048 0.319763 0.783055 1.332978 -1.000000 
0.143990 -0.444225 -0.162674 -2.795713 -1.962283 0.371529 0.792690 1.083267 -1.000000 
0.140380 -0.458342 -0.184958 -2.774936 -1.959105 0.422717 0.800506 0.877925 -1.000000 
0.136658 -0.471997 -0.207066 -2.751741 -1.955521 0.473139 0.806844 0.712762 -1.000000 
0.132829 -0.485167 -0.228980 -2.726177 -1.951537 0.522621 0.812000 0.581386 -1.000000 
0.128897 -0.497831 -0.250679 -2.698303 -1.947162 0.571002 0.816219 0.477294 -1.000000 
0.124865 -0.509970 -0.272146 -2.668187 -1.942405 0.618132 0.819694 0.394759 -1.000000 
0.120739 -0.521571 -0.293364 -2.635903 -1.937276 0.663873 0.822580 0.329074 -1.000000 
0.116522 -0.532619 -0.314315 -2.601533 -1.931787 0.708095 0.824994 0.276512 -1.000000 
0.112218 -0.543104 -0.334983 -2.565164 -1.925951 0.750680 0.827031 0.234175 -1.000000 
0.107833 -0.553018 -0.355353 -2.526887 -1.919781 0.791519 0.828763 0.199835 -1.000000 
0.103372 -0.562355 -0.375409 -2.486800 -1.913291 0.830512 0.830245 0.171776 -1.000000 
0.098837 -0.571111 -0.395137 -2.445003 -1.906498 0.867567 0.831524 0.148685 -1.000000 
0.094235 -0.579282 -0.414525 -2.401598 -1.899416 0.902601 0.832635 0.129547 -1.000000 
0.089570 -0.586870 -0.433559 -2.356691 -1.892062 0.935540 0.833605 0.113575 -1.000000 
0.084847 -0.593875 -0.452228 -2.310389 -1.884453 0.966318 0.834459 0.100158 -1.000000 
0.080070 -0.600302 -0.470521 -2.262801 -1.876606 0.994878 0.835213 0.088815 -1.000000 
0.075244 -0.606154 -0.488430 -2.214037 -1.868541 1.021168 0.835884 0.079170 -1.000000 
0.070373 -0.611438 -0.505943 -2.164204 -1.860274 1.045147 0.836484 0.070920 -1.000000 
0.065462 -0.616162 -0.523054 -2.113414 -1.851825 1.066781 0.837022 0.063827 -1.000000 
0.060516 -0.620335 -0.539756 -2.061773 -1.843212 1.086042 0.837508 0.057697 -1.000000 
0.055538 -0.623968 -0.556041 -2.009388 -1.834454 1.102911 0.837947 0.052373 -1.000000 
0.050534 -0.627073 -0.571904 -1.956364 -1.825572 1.117376 0.838347 0.047730 -1.000000 
0.045506 -0.629662 -0.587341 -1.902803 -1.816583 1.129430 0.838713 0.043662 -1.000000 
0.040461 -0.631749 -0.602348 -1.848807 -1.807507 1.139075 0.839047 0.040084 -1.000000 
0.035400 -0.633348 -0.616921 -1.794470 -1.798364 1.146317 0.839355 0.036925 -1.000000 
0.030328 -0.634474 -0.631059 -1.739888 -1.789172 1.151170 0.839639 0.034125 -1.000000 
0.025249 -0.635144 -0.644759 -1.685148 -1.779952 1.153651 0.839902 0.031637 -1.000000 
0.020167 -0.635374 -0.658021 -1.630339 -1.770720 1.153786 0.840146 0.029417 -1.000000 
0.015085 -0.635179 -0.670844 -1.575540 -1.761497 1.151603 0.840373 0.027431 -1.000000 
0.010005 -0.634578 -0.683230 -1.520829 -1.752301 1.147137 0.840585 0.025650 -1.000000 
0.004932 -0.633587 -0.695178 -1.466279 -1.743149 1.140425 0.840784 0.024047 -1.000000 
-0.000131 -0.632224 -0.706691 -1.411958 -1.734060 1.131510 0.840971 0.022603 -1.000000 
-0.005182 -0.630506 -0.717770 -1.357927 -1.725051 1.120439 0.841146 0.021297 -1.000000 
-0.010218 -0.628450 -0.728419 -1.304246 -1.716138 1.107260 0.841312 0.020114 -1.000000 
-0.015237 -0.626072 -0.738639 -1.250966 -1.707340 1.092026 0.841468 0.019041 -1.000000 
-0.020235 -0.623390 -0.748435 -1.198136 -1.698671 1.074793 0.841617 0.018065 -1.000000 
-0.025210 -0.620420 -0.757811 -1.145798 -1.690148 1.055620 0.841757 0.017176 -1.000000 
-0.030161 -0.617177 -0.766769 -1.093989 -1.681786 1.034565 0.841892 0.016366 -1.000000 
-0.035084 -0.613678 -0.775316 -1.042742 -1.673600 1.011691 0.842020 0.015626 -1.000000 
-0.039979 -0.609936 -0.783455 -0.992084 -1.665604 0.987063 0.842142 0.014949 -1.000000 
-0.044843 -0.605966 -0.791191 -0.942037 -1.657812 0.960745 0.842259 0.014329 -1.000000 
-0.049674 -0.601780 -0.798529 -0.892620 -1.650236 0.932804 0.842371 0.013762 -1.000000 
-0.054471 -0.597393 -0.805475 -0.843844 -1.642891 0.903307 0.842479 0.013241 -1.000000 
-0.059231 -0.592815 -0.812032 -0.795719 -1.635787 0.872322 0.842583 0.012764 -1.000000 
-0.063955 -0.588058 -0.818208 -0.748247 -1.628938 0.839919 0.842683 0.012326 -1.000000 
-0.068640 -0.583132 -0.824006 -0.701428 -1.622352 0.806166 0.842780 0.011924 -1.000000 
-0.073285 -0.578046 -0.829432 -0.655257 -1.616042 0.771133 0.842874 0.011556 -1.000000 
-0.077888 -0.572808 -0.834492 -0.609725 -1.610017 0.734890 0.842965 0.011218 -1.000000 
-0.082449 -0.567426 -0.839190 -0.564820 -1.604287 0.697506 0.843054 0.010909 -1.000000 
-0.086967 -0.561906 -0.843531 -0.520525 -1.598860 0.659050 0.843140 0.010626 -1.000000 
-0.091439 -0.556254 -0.847520 -0.476822 -1.593745 0.619592 0.843224 0.010368 -1.000000 
-0.095866 -0.550473 -0.851161 -0.433686 -1.588949 0.579202 0.843306 0.010132 -1.000000 
-0.100247 -0.544568 -0.854460 -0.391092 -1.584480 0.537947 0.843386 0.009918 -1.000000 
-0.104579 -0.538540 -0.857420 -0.349012 -1.580344 0.495897 0.843465 0.009725 -1.000000 
-0.108863 -0.532391 -0.860045 -0.307413 -1.576548 0.453119 0.843542 0.009550 -1.000000 
-0.113097 -0.526122 -0.862340 -0.266264 -1.573096 0.409681 0.843618 0.009394 -1.000000 
-0.117281 -0.519732 -0.864307 -0.225527 -1.569994 0.365650 0.843692 0.009254 -1.000000 
-0.121413 -0.513219 -0.865949 -0.185165 -1.567247 0.321094 0.843766 0.009132 -1.000000 
-0.125492 -0.506582 -0.867270 -0.145140 -1.564858 0.276079 0.843838 0.009025 -1.000000 
-0.129518 -0.499815 -0.868272 -0.105409 -1.562831 0.230671 0.843910 0.008933 -1.000000 
-0.133489 -0.492916 -0.868958 -0.065931 -1.561168 0.184937 0.843981 0.008856 -1.000000 
-0.137404 -0.485879 -0.869328 -0.026664 -1.559872 0.138941 0.844052 0.008793 -1.000000 
-0.141262 -0.478698 -0.869385 0.012437 -1.558946 0.092749 0.844122 0.008744 -1.000000 
-0.145063 -0.471366 -0.869129 0.051416 -1.558389 0.046427 0.844192 0.008709 -1.000000 
-0.148804 -0.463876 -0.868562 0.090318 -1.558203 0.000040 0.844261 0.008688 -1.000000 
-0.152484 -0.456218 -0.867684 0.129188 -1.558388 -0.046347 0.844331 0.008679 -1.000000 
-0.156103 -0.448385 -0.866495 0.168070 -1.558944 -0.092669 0.844400 0.008685 -1.000000 
-0.159658 -0.440365 -0.864995 0.207008 -1.559871 -0.138860 0.844470 0.008703 -1.000000 
-0.163148 -0.432150 -0.863183 0.246047 -1.561166 -0.184856 0.844540 0.008735 -1.000000 
-0.166572 -0.423728 -0.861058 0.285229 -1.562828 -0.230590 0.844610 0.008781 -1.000000 
-0.169927 -0.415087 -0.858619 0.324596 -1.564854 -0.275996 0.844680 0.008840 -1.000000 
-0.173212 -0.406217 -0.855864 0.364189 -1.567242 -0.321010 0.844751 0.008914 -1.000000 
-0.176426 -0.397104 -0.852791 0.404047 -1.569989 -0.365563 0.844823 0.009002 -1.000000 
-0.179565 -0.387735 -0.849398 0.444208 -1.573090 -0.409589 0.844895 0.009105 -1.000000 
-0.182629 -0.378100 -0.845683 0.484707 -1.576541 -0.453022 0.844968 0.009224 -1.000000 
-0.185614 -0.368183 -0.841642 0.525578 -1.580337 -0.495793 0.845043 0.009359 -1.000000 
-0.188519 -0.357973 -0.837272 0.566851 -1.584472 -0.537834 0.845118 0.009511 -1.000000 
-0.191341 -0.347455 -0.832571 0.608556 -1.588940 -0.579077 0.845195 0.009680 -1.000000 
-0.194078 -0.336617 -0.827534 0.650719 -1.593735 -0.619453 0.845273 0.009869 -1.000000 
-0.196726 -0.325447 -0.822158 0.693362 -1.598849 -0.658892 0.845353 0.010077 -1.000000 
-0.199284 -0.313930 -0.816439 0.736505 -1.604274 -0.697326 0.845435 0.010306 -1.000000 
-0.201748 -0.302055 -0.810373 0.780165 -1.610003 -0.734683 0.845518 0.010558 -1.000000 
-0.204116 -0.289809 -0.803955 0.824354 -1.616026 -0.770894 0.845603 0.010834 -1.000000 
-0.206384 -0.277180 -0.797182 0.869082 -1.622334 -0.805889 0.845691 0.011136 -1.000000 
-0.208549 -0.264158 -0.790048 0.914353 -1.628917 -0.839597 0.845782 0.011466 -1.000000 
-0.210609 -0.250732 -0.782550 0.960170 -1.635764 -0.871947 0.845875 0.011827 -1.000000 
-0.212560 -0.236891 -0.774684 1.006528 -1.642864 -0.902871 0.845971 0.012220 -1.000000 
-0.214398 -0.222628 -0.766445 1.053420 -1.650206 -0.932297 0.846071 0.012649 -1.000000 
-0.216121 -0.207933 -0.757828 1.100835 -1.657777 -0.960158 0.846174 0.013118 -1.000000 
-0.217724 -0.192800 -0.748830 1.148755 -1.665564 -0.986383 0.846281 0.013630 -1.000000 
-0.219205 -0.177223 -0.739447 1.197160 -1.673554 -1.010907 0.846392 0.014189 -1.000000 
-0.220559 -0.161196 -0.729674 1.246023 -1.681734 -1.033661 0.846508 0.014800 -1.000000 
-0.221783 -0.144716 -0.719509 1.295313 -1.690088 -1.054582 0.846629 0.015470 -1.000000 
-0.222873 -0.127781 -0.708948 1.344995 -1.698602 -1.073606 0.846755 0.016204 -1.000000 
-0.223826 -0.110390 -0.697988 1.395027 -1.707261 -1.090670 0.846888 0.017009 -1.000000 
-0.224638 -0.092544 -0.686627 1.445363 -1.716047 -1.105716 0.847028 0.017895 -1.000000 
-0.225305 -0.074245 -0.674862 1.495953 -1.724946 -1.118686 0.847175 0.018872 -1.000000 
-0.225825 -0.055496 -0.662691 1.546740 -1.733941 -1.129526 0.847330 0.019949 -1.000000 
-0.226192 -0.036304 -0.650114 1.597664 -1.743013 -1.138184 0.847494 0.021142 -1.000000 
-0.226404 -0.016676 -0.637128 1.648659 -1.752146 -1.144613 0.847669 0.022464 -1.000000 
-0.226458 0.003378 -0.623735 1.699655 -1.761321 -1.148769 0.847854 0.023934 -1.000000 
-0.226349 0.023849 -0.609934 1.750578 -1.770520 -1.150610 0.848052 0.025574 -1.000000 
-0.226075 0.044721 -0.595726 1.801348 -1.779724 -1.150101 0.848264 0.027408 -1.000000 
-0.225633 0.065981 -0.581113 1.851882 -1.788915 -1.147210 0.848491 0.029465 -1.000000 
-0.225018 0.087611 -0.566097 1.902092 -1.798073 -1.141911 0.848736 0.031782 -1.000000 
-0.224230 0.109592 -0.550681 1.951889 -1.807179 -1.134182 0.849000 0.034399 -1.000000 
-0.223264 0.131904 -0.534868 2.001178 -1.816214 -1.124008 0.849287 0.037369 -1.000000 
-0.222119 0.154523 -0.518663 2.049862 -1.825157 -1.111377 0.849599 0.040752 -1.000000 
-0.220791 0.177424 -0.502072 2.097841 -1.833989 -1.096287 0.849941 0.044624 -1.000000 
-0.219279 0.200582 -0.485100 2.145013 -1.842691 -1.078739 0.850315 0.049076 -1.000000 
-0.217581 0.223966 -0.467754 2.191273 -1.851242 -1.058741 0.850728 0.054220 -1.000000 
-0.215695 0.247548 -0.450042 2.236517 -1.859624 -1.036309 0.851185 0.060199 -1.000000 
-0.213620 0.271294 -0.431973 2.280637 -1.867817 -1.011464 0.851693 0.067187 -1.000000 
-0.211354 0.295172 -0.413556 2.323526 -1.875801 -0.984235 0.852263 0.075406 -1.000000 
-0.208897 0.319146 -0.394800 2.365077 -1.883558 -0.954657 0.852904 0.085139 -1.000000 
-0.206248 0.343180 -0.375718 2.405182 -1.891070 -0.922772 0.853630 0.096746 -1.000000 
-0.203406 0.367237 -0.356321 2.443736 -1.898317 -0.888628 0.854458 0.110696 -1.000000 
-0.200372 0.391277 -0.336623 2.480634 -1.905282 -0.852281 0.855409 0.127600 -1.000000 
-0.197146 0.415261 -0.316636 2.515771 -1.911947 -0.813792 0.856510 0.148265 -1.000000 
-0.193728 0.439150 -0.296375 2.549049 -1.918297 -0.773227 0.857794 0.173765 -1.000000 
-0.190120 0.462902 -0.275856 2.580367 -1.924314 -0.730657 0.859307 0.205549 -1.000000 
-0.186322 0.486478 -0.255095 2.609631 -1.929982 -0.686157 0.861105 0.245584 -1.000000 
-0.182336 0.509835 -0.234108 2.636750 -1.935287 -0.639806 0.863265 0.296570 -1.000000 
-0.178165 0.532936 -0.212913 2.661634 -1.940214 -0.591682 0.865889 0.362238 -1.000000 
-0.173810 0.555739 -0.191528 2.684199 -1.944750 -0.541862 0.869114 0.447764 -1.000000 
-0.169274 0.578209 -0.169972 2.704364 -1.948880 -0.490418 0.873125 0.560323 -1.000000 
-0.164560 0.600309 -0.148265 2.722050 -1.952592 -0.437412 0.878177 0.709733 -1.000000 
-0.159670 0.622006 -0.126426 2.737181 -1.955874 -0.382886 0.884614 0.909021 -1.000000 
-0.154609 0.643273 -0.104477 2.749679 -1.958714 -0.326859 0.892897 1.174261 -1.000000 
-0.149379 0.664084 -0.082439 2.759465 -1.961100 -0.269306 0.903623 1.522158 -1.000000 
-0.143985 0.684421 -0.060333 2.766448 -1.963019 -0.210149 0.917499 1.962193 -1.000000 
-0.138430 0.704269 -0.038183 2.770522 -1.964458 -0.149246 0.935228 2.479163 -1.000000 
-0.132718 0.723608 -0.016013 2.771553 -1.965402 -0.086409 0.957201 3.006944 -1.000000 
-0.126854 0.742407 0.006153 2.769376 -1.965835 -0.021464 0.983022 3.414742 -1.000000 
-0.120841 0.760599 0.028288 2.763804 -1.965740 0.045630 1.011104 3.550624 -1.000000 
-0.114686 0.778080 0.050364 2.754649 -1.965099 0.114666 1.038912 3.347171 -1.000000 
-0.108394 0.794717 0.072353 2.741762 -1.963901 0.185194 1.063959 2.884216 -1.000000 
-0.101973 0.810377 0.094222 2.725049 -1.962134 0.256632 1.084799 2.322480 -1.000000 
-0.095431 0.824947 0.115943 2.704473 -1.959794 0.328394 1.101214 1.793807 -1.000000 
-0.088777 0.838342 0.137484 2.680041 -1.956880 0.399938 1.113755 1.358726 -1.000000 
-0.082021 0.850497 0.158814 2.651802 -1.953397 0.470787 1.123226 1.025080 -1.000000 
-0.075172 0.861367 0.179903 2.619837 -1.949351 0.540513 1.130386 0.777624 -1.000000 
-0.068242 0.870921 0.200721 2.584256 -1.944753 0.608734 1.135844 0.596221 -1.000000 
-0.061241 0.879141 0.221241 2.545192 -1.939616 0.675104 1.140054 0.463147 -1.000000 
-0.054180 0.886018 0.241436 2.502800 -1.933957 0.739317 1.143346 0.364797 -1.000000 
-0.047069 0.891553 0.261278 2.457252 -1.927793 0.801092 1.145957 0.291315 -1.000000 
-0.039918 0.895756 0.280744 2.408734 -1.921146 0.860180 1.148055 0.235727 -1.000000 
-0.032740 0.898645 0.299810 2.357445 -1.914038 0.916358 1.149763 0.193132 -1.000000 
-0.025544 0.900245 0.318456 2.303597 -1.906493 0.969426 1.151170 0.160075 -1.000000 
-0.018339 0.900586 0.336661 2.247405 -1.898536 1.019211 1.152343 0.134105 -1.000000 
-0.011137 0.899705 0.354409 2.189093 -1.890195 1.065561 1.153330 0.113466 -1.000000 
-0.003947 0.897644 0.371682 2.128888 -1.881497 1.108345 1.154169 0.096884 -1.000000 
0.003222 0.894449 0.388467 2.067021 -1.872471 1.147458 1.154889 0.083426 -1.000000 
0.010361 0.890171 0.404750 2.003720 -1.863147 1.182813 1.155511 0.072400 -1.000000 
0.017462 0.884865 0.420523 1.939215 -1.853556 1.214342 1.156052 0.063287 -1.000000 
0.024516 0.878587 0.435775 1.873730 -1.843728 1.242000 1.156527 0.055694 -1.000000 
0.031517 0.871396 0.450500 1.807486 -1.833695 1.265759 1.156947 0.049319 -1.000000 
0.038456 0.863354 0.464694 1.740699 -1.823486 1.285608 1.157319 0.043928 -1.000000 
0.045328 0.854523 0.478351 1.673576 -1.813135 1.301554 1.157652 0.039341 -1.000000 
0.052127 0.844966 0.491470 1.606317 -1.802672 1.313620 1.157950 0.035413 -1.000000 
0.058846 0.834747 0.504052 1.539112 -1.792128 1.321843 1.158220 0.032031 -1.000000 
0.065481 0.823928 0.516097 1.472141 -1.781533 1.326276 1.158464 0.029103 -1.000000 
0.072027 0.812573 0.527607 1.405574 -1.770917 1.326980 1.158686 0.026556 -1.000000 
0.078481 0.800743 0.538587 1.339566 -1.760311 1.324033 1.158890 0.024331 -1.000000 
0.084838 0.788496 0.549042 1.274265 -1.749742 1.317519 1.159076 0.022378 -1.000000 
0.091096 0.775893 0.558978 1.209803 -1.739240 1.307533 1.159248 0.020657 -1.000000 
0.097252 0.762987 0.568402 1.146300 -1.728831 1.294179 1.159407 0.019135 -1.000000 
0.103303 0.749832 0.577322 1.083863 -1.718541 1.277565 1.159555 0.017785 -1.000000 
0.109249 0.736480 0.585747 1.022586 -1.708398 1.257807 1.159692 0.016583 -1.000000 
0.115086 0.722976 0.593686 0.962551 -1.698425 1.235025 1.159821 0.015511 -1.000000 
0.120816 0.709366 0.601151 0.903826 -1.688645 1.209344 1.159941 0.014551 -1.000000 
0.126436 0.695690 0.608151 0.846466 -1.679082 1.180891 1.160054 0.013690 -1.000000 
0.131947 0.681986 0.614698 0.790517 -1.669758 1.149794 1.160160 0.012916 -1.000000 
0.137348 0.668287 0.620803 0.736008 -1.660692 1.116184 1.160260 0.012218 -1.000000 
0.142640 0.654624 0.626478 0.682959 -1.651905 1.080191 1.160356 0.011590 -1.000000 
0.147822 0.641023 0.631735 0.631381 -1.643415 1.041947 1.160446 0.011022 -1.000000 
0.152896 0.627506 0.636584 0.581269 -1.635240 1.001581 1.160532 0.010508 -1.000000 
0.157862 0.614093 0.641039 0.532613 -1.627395 0.959222 1.160614 0.010044 -1.000000 
0.162722 0.600798 0.645110 0.485391 -1.619897 0.914996 1.160693 0.009624 -1.000000 
0.167476 0.587633 0.648809 0.439571 -1.612760 0.869030 1.160768 0.009244 -1.000000 
0.172124 0.574605 0.652147 0.395115 -1.605997 0.821446 1.160841 0.008900 -1.000000 
0.176670 0.561719 0.655134 0.351975 -1.599621 0.772363 1.160911 0.008589 -1.000000 
0.181112 0.548974 0.657782 0.310096 -1.593643 0.721900 1.160979 0.008309 -1.000000 
0.185454 0.536368 0.660099 0.269417 -1.588074 0.670172 1.161044 0.008057 -1.000000 
0.189695 0.523894 0.662095 0.229871 -1.582923 0.617290 1.161107 0.007831 -1.000000 
0.193836 0.511542 0.663780 0.191384 -1.578200 0.563363 1.161169 0.007629 -1.000000 
0.197879 0.499301 0.665160 0.153878 -1.573912 0.508499 1.161230 0.007450 -1.000000 
0.201825 0.487152 0.666244 0.117270 -1.570066 0.452800 1.161289 0.007292 -1.000000 
0.205674 0.475079 0.667038 0.081473 -1.566669 0.396368 1.161346 0.007154 -1.000000 
0.209427 0.463059 0.667550 0.046399 -1.563726 0.339302 1.161403 0.007035 -1.000000 
0.213083 0.451068 0.667783 0.011952 -1.561242 0.281699 1.161459 0.006934 -1.000000 
0.216644 0.439080 0.667742 -0.021960 -1.559220 0.223655 1.161514 0.006850 -1.000000 
0.220108 0.427065 0.667432 -0.055436 -1.557664 0.165262 1.161569 0.006784 -1.000000 
0.223477 0.414991 0.666856 -0.088574 -1.556577 0.106613 1.161623 0.006733 -1.000000 
0.226748 0.402826 0.666016 -0.121473 -1.555959 0.047800 1.161676 0.006699 -1.000000 
0.229922 0.390534 0.664913 -0.154233 -1.555812 -0.011087 1.161730 0.006680 -1.000000 
0.232996 0.378079 0.663548 -0.186952 -1.556136 -0.069956 1.161783 0.006676 -1.000000 
0.235970 0.365422 0.661922 -0.219730 -1.556931 -0.128718 1.161837 0.006688 -1.000000 
0.238842 0.352523 0.660032 -0.252664 -1.558195 -0.187280 1.161890 0.006716 -1.000000 
0.241610 0.339341 0.657878 -0.285851 -1.559927 -0.245552 1.161944 0.006759 -1.000000 
0.244271 0.325834 0.655458 -0.319383 -1.562123 -0.303439 1.161999 0.006818 -1.000000 
0.246822 0.311961 0.652767 -0.353353 -1.564780 -0.360848 1.162053 0.006893 -1.000000 
0.249261 0.297677 0.649802 -0.387849 -1.567895 -0.417682 1.162109 0.006984 -1.000000 
0.251584 0.282939 0.646560 -0.422956 -1.571462 -0.473843 1.162165 0.007093 -1.000000 
0.253787 0.267703 0.643033 -0.458753 -1.575474 -0.529230 1.162222 0.007219 -1.000000 
0.255866 0.251928 0.639218 -0.495319 -1.579927 -0.583742 1.162281 0.007364 -1.000000 
0.257816 0.235569 0.635106 -0.532723 -1.584812 -0.637272 1.162340 0.007529 -1.000000 
0.259633 0.218584 0.630692 -0.571031 -1.590120 -0.689712 1.162401 0.007714 -1.000000 
0.261312 0.200933 0.625967 -0.610304 -1.595844 -0.740951 1.162464 0.007922 -1.000000 
0.262846 0.182576 0.620924 -0.650594 -1.601972 -0.790874 1.162528 0.008153 -1.000000 
0.264231 0.163475 0.615555 -0.691947 -1.608494 -0.839366 1.162594 0.008410 -1.000000 
0.265460 0.143593 0.609850 -0.734402 -1.615398 -0.886305 1.162663 0.008694 -1.000000 
0.266526 0.122897 0.603801 -0.777988 -1.622670 -0.931569 1.162733 0.009008 -1.000000 
0.267424 0.101355 0.597399 -0.822729 -1.630298 -0.975033 1.162807 0.009355 -1.000000 
0.268146 0.078940 0.590634 -0.868635 -1.638266 -1.016569 1.162883 0.009738 -1.000000 
0.268684 0.055627 0.583498 -0.915712 -1.646558 -1.056047 1.162963 0.010161 -1.000000 
0.269033 0.031393 0.575980 -0.963951 -1.655157 -1.093337 1.163046 0.010628 -1.000000 
0.269184 0.006222 0.568072 -1.013335 -1.664045 -1.128304 1.163133 0.011143 -1.000000 
0.269130 -0.019899 0.559764 -1.063837 -1.673203 -1.160817 1.163224 0.011714 -1.000000 
0.268863 -0.046979 0.551047 -1.115417 -1.682611 -1.190741 1.163321 0.012346 -1.000000 
0.268376 -0.075019 0.541914 -1.168025 -1.692248 -1.217943 1.163422 0.013048 -1.000000 
0.267660 -0.104019 0.532356 -1.221597 -1.702091 -1.242293 1.163530 0.013828 -1.000000 
0.266709 -0.133971 0.522366 -1.276062 -1.712116 -1.263661 1.163644 0.014699 -1.000000 
0.265514 -0.164859 0.511937 -1.331331 -1.722301 -1.281920 1.163765 0.015673 -1.000000 
0.264069 -0.196665 0.501063 -1.387307 -1.732619 -1.296947 1.163895 0.016765 -1.000000 
0.262365 -0.229361 0.489739 -1.443881 -1.743043 -1.308627 1.164034 0.017995 -1.000000 
0.260397 -0.262915 0.477960 -1.500929 -1.753547 -1.316846 1.164183 0.019384 -1.000000 
0.258156 -0.297286 0.465723 -1.558319 -1.764103 -1.321500 1.164344 0.020961 -1.000000 
0.255638 -0.332427 0.453026 -1.615906 -1.774682 -1.322494 1.164519 0.022758 -1.000000 
0.252836 -0.368285 0.439868 -1.673534 -1.785253 -1.319739 1.164709 0.024816 -1.000000 
0.249744 -0.404797 0.426250 -1.731038 -1.795787 -1.313160 1.164917 0.027184 -1.000000 
0.246357 -0.441897 0.412172 -1.788241 -1.806253 -1.302691 1.165145 0.029925 -1.000000 
0.242672 -0.479510 0.397639 -1.844961 -1.816620 -1.288279 1.165397 0.033118 -1.000000 
0.238684 -0.517553 0.382655 -1.901005 -1.826855 -1.269886 1.165676 0.036861 -1.000000 
0.234390 -0.555941 0.367226 -1.956173 -1.836927 -1.247487 1.165988 0.041279 -1.000000 
0.229788 -0.594578 0.351359 -2.010262 -1.846804 -1.221072 1.166339 0.046535 -1.000000 
0.224877 -0.633365 0.335065 -2.063060 -1.856454 -1.190650 1.166736 0.052842 -1.000000 
0.219654 -0.672199 0.318354 -2.114357 -1.865844 -1.156243 1.167188 0.060478 -1.000000 
0.214122 -0.710969 0.301240 -2.163936 -1.874943 -1.117893 1.167708 0.069815 -1.000000 
0.208279 -0.749562 0.283736 -2.211582 -1.883720 -1.075658 1.168311 0.081360 -1.000000 
0.202129 -0.787862 0.265860 -2.257082 -1.892143 -1.029614 1.169017 0.095805 -1.000000 
0.195675 -0.825750 0.247629 -2.300223 -1.900184 -0.979854 1.169854 0.114119 -1.000000 
0.188919 -0.863106 0.229063 -2.340797 -1.907811 -0.926486 1.170857 0.137678 -1.000000 
0.181867 -0.899808 0.210184 -2.378601 -1.914998 -0.869633 1.172076 0.168475 -1.000000 
0.174524 -0.935735 0.191014 -2.413441 -1.921717 -0.809432 1.173580 0.209452 -1.000000 
0.166897 -0.970768 0.171577 -2.445127 -1.927941 -0.746026 1.175466 0.265047 -1.000000 
0.158994 -1.004791 0.151900 -2.473479 -1.933645 -0.679563 1.177878 0.342100 -1.000000 
0.150824 -1.037693 0.132011 -2.498326 -1.938806 -0.610183 1.181025 0.451368 -1.000000 
0.142395 -1.069369 0.111937 -2.519506 -1.943400 -0.538007 1.185230 0.610063 -1.000000 
0.133717 -1.099725 0.091709 -2.536858 -1.947407 -0.463109 1.190991 0.845922 -1.000000 
0.124803 -1.128680 0.071358 -2.550223 -1.950803 -0.385475 1.199086 1.202926 -1.000000 
0.115662 -1.156174 0.050917 -2.559424 -1.953567 -0.304926 1.210732 1.745809 -1.000000 
0.106308 -1.182173 0.030419 -2.564239 -1.955673 -0.220994 1.227716 2.548346 -1.000000 
0.096752 -1.206662 0.009901 -2.564344 -1.957091 -0.132756 1.252242 3.618807 -1.000000 
0.087005 -1.229605 -0.010597 -2.559226 -1.957782 -0.038806 1.285701 4.705136 -1.000000 
0.077083 -1.250798 -0.031030 -2.548131 -1.957693 0.062159 1.325884 5.180818 -1.000000 
0.066999 -1.269721 -0.051349 -2.530239 -1.956769 0.169980 1.365713 4.613030 -1.000000 
0.056775 -1.285655 -0.071495 -2.504985 -1.954961 0.282604 1.398025 3.427341 -1.000000 
0.046438 -1.298005 -0.091408 -2.472161 -1.952241 0.397453 1.420761 2.302431 -1.000000 
0.036017 -1.306428 -0.111029 -2.431789 -1.948601 0.512442 1.435751 1.500413 -1.000000 
0.025546 -1.310762 -0.130297 -2.384040 -1.944046 0.625967 1.445540 0.986808 -1.000000 
0.015056 -1.310959 -0.149155 -2.329213 -1.938593 0.736711 1.452052 0.666043 -1.000000 
0.004582 -1.307053 -0.167547 -2.267715 -1.932269 0.843559 1.456509 0.463534 -1.000000 
-0.005846 -1.299142 -0.185422 -2.200040 -1.925109 0.945561 1.459657 0.332478 -1.000000 
-0.016194 -1.287375 -0.202732 -2.126750 -1.917155 1.041911 1.461945 0.245185 -1.000000 
-0.026434 -1.271946 -0.219436 -2.048457 -1.908455 1.131930 1.463653 0.185351 -1.000000 
-0.036536 -1.253085 -0.235496 -1.965812 -1.899062 1.215057 1.464957 0.143224 -1.000000 
-0.046475 -1.231054 -0.250880 -1.879489 -1.889034 1.290840 1.465975 0.112829 -1.000000 
-0.056226 -1.206136 -0.265560 -1.790175 -1.878430 1.358931 1.466784 0.090412 -1.000000 
-0.065766 -1.178634 -0.279516 -1.698558 -1.867312 1.419078 1.467437 0.073548 -1.000000 
-0.075078 -1.148864 -0.292733 -1.605318 -1.855746 1.471121 1.467971 0.060635 -1.000000 
-0.084143 -1.117149 -0.305199 -1.511116 -1.843796 1.514985 1.468414 0.050588 -1.000000 
-0.092948 -1.083813 -0.316910 -1.416590 -1.831528 1.550677 1.468786 0.042657 -1.000000 
-0.101480 -1.049179 -0.327865 -1.322343 -1.819007 1.578272 1.469101 0.036316 -1.000000 
-0.109732 -1.013565 -0.338069 -1.228939 -1.806297 1.597916 1.469370 0.031185 -1.000000 
-0.117696 -0.977275 -0.347532 -1.136903 -1.793461 1.609808 1.469603 0.026988 -1.000000 
-0.125367 -0.940604 -0.356265 -1.046708 -1.780560 1.614202 1.469804 0.023521 -1.000000 
-0.132745 -0.903827 -0.364285 -0.958780 -1.767653 1.611391 1.469980 0.020631 -1.000000 
-0.139829 -0.867203 -0.371612 -0.873495 -1.754796 1.601705 1.470135 0.018202 -1.000000 
-0.146621 -0.830970 -0.378269 -0.791175 -1.742043 1.585500 1.470273 0.016145 -1.000000 
-0.153126 -0.795342 -0.384280 -0.712091 -1.729444 1.563154 1.470395 0.014389 -1.000000 
-0.159349 -0.760515 -0.389672 -0.636465 -1.717048 1.535058 1.470503 0.012882 -1.000000 
-0.165297 -0.726656 -0.394473 -0.564468 -1.704898 1.501611 1.470601 0.011579 -1.000000 
-0.170979 -0.693915 -0.398713 -0.496225 -1.693035 1.463212 1.470689 0.010448 -1.000000 
-0.176403 -0.662414 -0.402423 -0.431816 -1.681498 1.420260 1.470769 0.009460 -1.000000 
-0.181581 -0.632254 -0.405632 -0.371281 -1.670322 1.373143 1.470841 0.008592 -1.000000 
-0.186523 -0.603515 -0.408373 -0.314619 -1.659538 1.322241 1.470907 0.007829 -1.000000 
-0.191241 -0.576255 -0.410677 -0.261795 -1.649175 1.267916 1.470966 0.007153 -1.000000 
-0.195747 -0.550510 -0.412572 -0.212742 -1.639260 1.210517 1.471021 0.006554 -1.000000 
-0.200053 -0.526299 -0.414090 -0.167364 -1.629815 1.150371 1.471071 0.006021 -1.000000 
-0.204172 -0.503624 -0.415260 -0.125539 -1.620860 1.087786 1.471118 0.005546 -1.000000 
-0.208115 -0.482466 -0.416108 -0.087121 -1.612416 1.023048 1.471160 0.005123 -1.000000 
-0.211895 -0.462795 -0.416662 -0.051948 -1.604497 0.956421 1.471200 0.004746 -1.000000 
-0.215524 -0.444562 -0.416947 -0.019837 -1.597117 0.888149 1.471236 0.004409 -1.000000 
-0.219012 -0.427709 -0.416987 0.009406 -1.590290 0.818451 1.471270 0.004110 -1.000000 
-0.222371 -0.412162 -0.416804 0.035990 -1.584025 0.747529 1.471302 0.003845 -1.000000 
-0.225610 -0.397838 -0.416418 0.060131 -1.578332 0.675563 1.471332 0.003611 -1.000000 
-0.228739 -0.384642 -0.415848 0.082055 -1.573219 0.602714 1.471360 0.003406 -1.000000 
-0.231767 -0.372470 -0.415110 0.101994 -1.568691 0.529126 1.471387 0.003228 -1.000000 
-0.234701 -0.361209 -0.414220 0.120183 -1.564754 0.454928 1.471412 0.003076 -1.000000 
-0.237548 -0.350739 -0.413191 0.136863 -1.561413 0.380233 1.471436 0.002949 -1.000000 
-0.240315 -0.340930 -0.412034 0.152275 -1.558672 0.305143 1.471459 0.002846 -1.000000 
-0.243005 -0.331648 -0.410758 0.166662 -1.556532 0.229749 1.471481 0.002765 -1.000000 
-0.245622 -0.322751 -0.409370 0.180266 -1.554996 0.154135 1.471503 0.002707 -1.000000 
-0.248169 -0.314091 -0.407875 0.193331 -1.554066 0.078377 1.471525 0.002671 -1.000000 
-0.250648 -0.305515 -0.406277 0.206096 -1.553742 0.002546 1.471546 0.002656 -1.000000 
-0.253057 -0.296866 -0.404578 0.218800 -1.554025 -0.073287 1.471567 0.002663 -1.000000 
-0.255397 -0.287980 -0.402776 0.231679 -1.554915 -0.149052 1.471589 0.002691 -1.000000 
-0.257664 -0.278691 -0.400870 0.244965 -1.556410 -0.224678 1.471610 0.002740 -1.000000 
-0.259854 -0.268829 -0.398855 0.258887 -1.558509 -0.300087 1.471633 0.002811 -1.000000 
-0.261963 -0.258220 -0.396725 0.273667 -1.561210 -0.375198 1.471656 0.002903 -1.000000 
-0.263983 -0.246688 -0.394473 0.289523 -1.564511 -0.449918 1.471679 0.003016 -1.000000 
-0.265907 -0.234056 -0.392089 0.306667 -1.568408 -0.524147 1.471704 0.003153 -1.000000 
-0.267725 -0.220143 -0.389562 0.325302 -1.572896 -0.597771 1.471730 0.003311 -1.000000 
-0.269426 -0.204772 -0.386880 0.345624 -1.577970 -0.670659 1.471757 0.003494 -1.000000 
-0.270997 -0.187763 -0.384027 0.367817 -1.583624 -0.742669 1.471786 0.003700 -1.000000 
-0.272425 -0.168939 -0.380989 0.392056 -1.589850 -0.813638 1.471816 0.003933 -1.000000 
-0.273695 -0.148128 -0.377749 0.418505 -1.596639 -0.883384 1.471849 0.004192 -1.000000 
-0.274789 -0.125159 -0.374287 0.447309 -1.603980 -0.951705 1.471883 0.004480 -1.000000 
-0.275691 -0.099872 -0.370585 0.478603 -1.611862 -1.018378 1.471920 0.004799 -1.000000 
-0.276381 -0.072110 -0.366622 0.512499 -1.620269 -1.083156 1.471960 0.005151 -1.000000 
-0.276838 -0.041730 -0.362378 0.549093 -1.629187 -1.145773 1.472003 0.005540 -1.000000 
-0.277041 -0.008599 -0.357830 0.588457 -1.638595 -1.205935 1.472049 0.005970 -1.000000 
-0.276968 0.027400 -0.352955 0.630639 -1.648474 -1.263331 1.472099 0.006445 -1.000000 
-0.276595 0.066368 -0.347732 0.675661 -1.658800 -1.317625 1.472152 0.006971 -1.000000 
-0.275898 0.108384 -0.342137 0.723514 -1.669547 -1.368462 1.472210 0.007555 -1.000000 
-0.274852 0.153509 -0.336148 0.774162 -1.680686 -1.415470 1.472273 0.008206 -1.000000 
-0.273433 0.201773 -0.329743 0.827530 -1.692183 -1.458258 1.472342 0.008935 -1.000000 
-0.271615 0.253183 -0.322901 0.883511 -1.704005 -1.496424 1.472416 0.009755 -1.000000 
-0.269374 0.307712 -0.315600 0.941960 -1.716113 -1.529559 1.472498 0.010683 -1.000000 
-0.266684 0.365301 -0.307823 1.002691 -1.728464 -1.557247 1.472588 0.011738 -1.000000 
-0.263521 0.425854 -0.299552 1.065480 -1.741013 -1.579073 1.472686 0.012947 -1.000000 
-0.259863 0.489239 -0.290771 1.130059 -1.753712 -1.594629 1.472795 0.014343 -1.000000 
-0.255686 0.555282 -0.281467 1.196120 -1.766509 -1.603517 1.472916 0.015969 -1.000000 
-0.250972 0.623770 -0.271630 1.263315 -1.779350 -1.605361 1.473052 0.017879 -1.000000 
-0.245700 0.694445 -0.261252 1.331253 -1.792175 -1.599809 1.473203 0.020145 -1.000000 
-0.239855 0.767009 -0.250329 1.399507 -1.804926 -1.586544 1.473375 0.022863 -1.000000 
-0.233424 0.841123 -0.238860 1.467614 -1.817539 -1.565289 1.473571 0.026161 -1.000000 
-0.226394 0.916406 -0.226849 1.535077 -1.829949 -1.535815 1.473796 0.030217 -1.000000 
-0.218759 0.992440 -0.214302 1.601374 -1.842089 -1.497950 1.474057 0.035275 -1.000000 
-0.210515 1.068769 -0.201231 1.665958 -1.853893 -1.451585 1.474364 0.041685 -1.000000 
-0.201659 1.144910 -0.187653 1.728265 -1.865292 -1.396676 1.474729 0.049955 -1.000000 
-0.192198 1.220351 -0.173587 1.787723 -1.876217 -1.333255 1.475170 0.060841 -1.000000 
-0.182137 1.294560 -0.159058 1.843755 -1.886602 -1.261429 1.475712 0.075500 -1.000000 
-0.171490 1.366990 -0.144097 1.895790 -1.896378 -1.181380 1.476393 0.095766 -1.000000 
-0.160272 1.437090 -0.128738 1.943268 -1.905483 -1.093365 1.477267 0.124648 -1.000000 
-0.148504 1.504310 -0.113019 1.985649 -1.913852 -0.997707 1.478424 0.167305 -1.000000 
-0.136212 1.568111 -0.096982 2.022419 -1.921426 -0.894779 1.480005 0.233025 -1.000000 
-0.123425 1.627980 -0.080676 2.053094 -1.928150 -0.784973 1.482259 0.339536 -1.000000 
-0.110176 1.683437 -0.064150 2.077217 -1.933969 -0.668633 1.485639 0.522987 -1.000000 
-0.096502 1.734062 -0.047459 2.094343 -1.938831 -0.545908 1.491035 0.862749 -1.000000 
-0.082445 1.779532 -0.030661 2.103988 -1.942685 -0.416387 1.500336 1.545620 -1.000000 
-0.068044 1.819701 -0.013817 2.105449 -1.945470 -0.278006 1.517827 3.018144 -1.000000 
-0.053343 1.854757 0.003001 2.097130 -1.947092 -0.123513 1.552911 6.070469 -1.000000 
-0.038381 1.884760 0.019698 2.073969 -1.947348 0.068520 1.617100 9.602412 -1.000000 
-0.023214 1.904030 0.036113 2.024413 -1.945819 0.323720 1.689939 7.486921 -1.000000 
-0.007984 1.898533 0.052001 1.942317 -1.942074 0.614703 1.731776 3.299469 -1.000000 
0.007078 1.861765 0.067110 1.830037 -1.935986 0.905673 1.749183 1.361519 -1.000000 
0.021721 1.793909 0.081207 1.689732 -1.927621 1.182377 1.756685 0.627186 -1.000000 
0.035704 1.697392 0.094080 1.525002 -1.917133 1.434845 1.760326 0.323917 -1.000000 
0.048813 1.576076 0.105555 1.340964 -1.904749 1.655406 1.762287 0.182792 -1.000000 
0.060868 1.434760 0.115500 1.143499 -1.890746 1.838939 1.763428 0.109975 -1.000000 
0.071730 1.278726 0.123831 0.938665 -1.875432 1.982710 1.764130 0.069131 -1.000000 
0.081303 1.113352 0.130514 0.732261 -1.859130 2.086090 1.764577 0.044614 -1.000000 
0.089533 0.943793 0.135557 0.529518 -1.842159 2.150216 1.764867 0.029034 -1.000000 
0.096405 0.774734 0.139008 0.334884 -1.824825 2.177635 1.765055 0.018621 -1.000000 
0.101941 0.610212 0.140947 0.151910 -1.807406 2.171925 1.765174 0.011317 -1.000000 
0.106189 0.453522 0.141477 -0.016793 -1.790151 2.137333 1.765242 0.005935 -1.000000 
0.109225 0.307187 0.140721 -0.169513 -1.773273 2.078441 1.765272 0.001748 -1.000000 
0.111212 0.264004 0.138915 -0.187626 -1.770155 2.004262 1.765283 0.000995 -1.000000 
0.112971 0.245705 0.137119 -0.175967 -1.770302 1.929073 1.765294 0.000957 -1.000000 
0.114589 0.228973 0.135420 -0.164869 -1.770450 1.853557 1.765305 0.000920 -1.000000 
0.116077 0.213686 0.133816 -0.154403 -1.770599 1.777743 1.765314 0.000884 -1.000000 
0.117449 0.199726 0.132301 -0.144623 -1.770748 1.701660 1.765324 0.000851 -1.000000 
0.118716 0.186985 0.130869 -0.135570 -1.770899 1.625335 1.765332 0.000819 -1.000000 
0.119888 0.175360 0.129516 -0.127269 -1.771050 1.548792 1.765341 0.000789 -1.000000 
0.120973 0.164755 0.128236 -0.119737 -1.771202 1.472055 1.765348 0.000761 -1.000000 
0.121983 0.155081 0.127022 -0.112980 -1.771354 1.395145 1.765356 0.000735 -1.000000 
0.122923 0.146253 0.125870 -0.106995 -1.771507 1.318079 1.765363 0.000712 -1.000000 
0.123803 0.138191 0.124774 -0.101773 -1.771660 1.240876 1.765370 0.000691 -1.000000 
0.124628 0.130822 0.123728 -0.097298 -1.771813 1.163550 1.765376 0.000673 -1.000000 
0.125406 0.124076 0.122727 -0.093547 -1.771967 1.086116 1.765382 0.000657 -1.000000 
0.126141 0.117887 0.121766 -0.090496 -1.772121 1.008585 1.765389 0.000644 -1.000000 
0.126839 0.112193 0.120839 -0.088114 -1.772276 0.930968 1.765394 0.000633 -1.000000 
0.127505 0.106934 0.119942 -0.086368 -1.772431 0.853275 1.765400 0.000625 -1.000000 
0.128143 0.102054 0.119072 -0.085222 -1.772585 0.775513 1.765406 0.000619 -1.000000 
0.128757 0.097500 0.118222 -0.084636 -1.772740 0.697690 1.765411 0.000615 -1.000000 
0.129350 0.093220 0.117391 -0.084570 -1.772896 0.619809 1.765416 0.000614 -1.000000 
0.129925 0.089165 0.116574 -0.084980 -1.773051 0.541878 1.765422 0.000615 -1.000000 
0.130485 0.085286 0.115768 -0.085823 -1.773207 0.463898 1.765427 0.000618 -1.000000 
0.131032 0.081539 0.114971 -0.087051 -1.773362 0.385873 1.765432 0.000622 -1.000000 
0.131568 0.077878 0.114180 -0.088618 -1.773518 0.307806 1.765437 0.000628 -1.000000 
0.132095 0.074261 0.113393 -0.090473 -1.773674 0.229697 1.765443 0.000636 -1.000000 
0.132614 0.070646 0.112609 -0.092568 -1.773831 0.151548 1.765448 0.000644 -1.000000 
0.133125 0.066993 0.111826 -0.094849 -1.773987 0.073360 1.765453 0.000653 -1.000000 
0.133630 0.063262 0.111044 -0.097266 -1.774143 -0.004867 1.765459 0.000663 -1.000000 
0.134120 0.059336 0.110256 -0.099816 -1.774505 -0.083110 1.765464 0.000689 -1.000000 
0.134577 0.054645 0.109446 -0.102826 -1.775483 -0.161287 1.765470 0.000760 -1.000000 
0.134991 0.048474 0.108608 -0.106739 -1.777085 -0.239315 1.765476 0.000878 -1.000000 
0.135347 0.040107 0.107734 -0.111983 -1.779311 -0.317074 1.765484 0.001040 -1.000000 
0.135625 0.028823 0.106812 -0.118968 -1.782157 -0.394390 1.765493 0.001245 -1.000000 
0.135798 0.013909 0.105825 -0.128090 -1.785619 -0.471015 1.765504 0.001487 -1.000000 
0.135836 -0.005337 0.104756 -0.139719 -1.789691 -0.546612 1.765517 0.001764 -1.000000 
0.135699 -0.029594 0.103582 -0.154193 -1.794361 -0.620741 1.765532 0.002070 -1.000000 
0.135347 -0.059504 0.102280 -0.171818 -1.799617 -0.692842 1.765550 0.002396 -1.000000 
0.134731 -0.095653 0.100824 -0.192847 -1.805439 -0.762225 1.765571 0.002734 -1.000000 
0.133799 -0.138551 0.099185 -0.217478 -1.811803 -0.828065 1.765594 0.003072 -1.000000 
0.132495 -0.188609 0.097334 -0.245834 -1.818677 -0.889398 1.765620 0.003394 -1.000000 
0.130761 -0.246104 0.095242 -0.277955 -1.826019 -0.945127 1.765648 0.003681 -1.000000 
0.128537 -0.311155 0.092877 -0.313775 -1.833780 -0.994033 1.765678 0.003905 -1.000000 
0.125762 -0.383687 0.090212 -0.353115 -1.841902 -1.034798 1.765710 0.004026 -1.000000 
0.122379 -0.463398 0.087219 -0.395662 -1.850312 -1.066036 1.765742 0.003989 -1.000000 
0.118330 -0.549734 0.083874 -0.440966 -1.858929 -1.086339 1.765773 0.003707 -1.000000 
0.113568 -0.641865 0.080158 -0.488424 -1.867660 -1.094326 1.765801 0.003048 -1.000000 
0.108048 -0.738667 0.076055 -0.537288 -1.876402 -1.088716 1.765821 0.001796 -1.000000 
0.101740 -0.838726 0.071560 -0.586664 -1.885041 -1.068392 1.765827 -0.000411 -1.000000 
0.094624 -0.940344 0.066670 -0.635532 -1.893455 -1.032490 1.765810 -0.004207 -1.000000 
0.086696 -1.041573 0.061395 -0.682768 -1.901517 -0.980473 1.765752 -0.010769 -1.000000 
0.077966 -1.140262 0.055753 -0.727181 -1.909099 -0.912213 1.765624 -0.022413 -1.000000 
0.068464 -1.234121 0.049771 -0.767561 -1.916070 -0.828069 1.765367 -0.044101 -1.000000 
0.058239 -1.320807 0.043486 -0.802734 -1.922308 -0.728954 1.764862 -0.087639 -1.000000 
0.047357 -1.398014 0.036944 -0.831636 -1.927698 -0.616418 1.763826 -0.185520 -1.000000 
0.035902 -1.463575 0.030199 -0.853422 -1.932141 -0.492774 1.761478 -0.448219 -1.000000 
0.023976 -1.515550 0.023310 -0.867678 -1.935561 -0.361326 1.754981 -1.402853 -1.000000 
0.011694 -1.552379 0.016335 -0.875079 -1.937911 -0.225336 1.727091 -7.866167 -1.000000 
-0.000818 1.466955 0.009315 0.958195 -1.939092 0.063196 1.263567 262.106240 -1.000000 
-0.000818 1.466947 0.009315 0.958278 -1.939092 0.057184 1.263567 238.749984 -1.000000 
-0.000818 1.466947 0.009315 0.958278 -1.939092 0.057184 1.263567 238.749984 -1.000000 
-0.000818 1.466947 0.009315 0.958278 -1.939092 0.057184 1.263567 238.749984 -1.000000 
-0.000818 1.466947 0.009315 0.958278 -1.939092 0.057184 1.263567 238.749984 -1.000000 
-0.000818 1.466947 0.009315 0.958278 -1.939092 0.057184 1.263567 238.749984 -1.000000 
-0.000818 1.466947 0.009315 0.958278 -1.939092 0.057184 1.263567 238.749984 -1.000000 
-0.000818 1.466947 0.009315 0.958278 -1.939092 0.057184 1.263567 238.749984 -1.000000 
-0.000818 1.466947 0.009315 0.958278 -1.939092 0.057184 1.263567 238.749984 -1.000000 
-0.000818 1.466947 0.009315 0.958278 -1.939092 0.057184 1.263567 238.749984 -1.000000 
-0.000818 1.466947 0.009315 0.958278 -1.939092 0.057184 1.263567 238.749984 -1.000000 
-0.000818 1.466947 0.009315 0.958278 -1.939092 0.057184 1.263567 238.749984 -1.000000 
-0.000818 1.466947 0.009315 0.958278 -1.939092 0.057184 1.263567 238.749984 -1.000000 
-0.000818 1.466947 0.009315 0.958278 -1.939092 0.057184 1.263567 238.749984 -1.000000 
-0.000818 1.466947 0.009315 0.958278 -1.939092 0.057184 1.263567 238.749984 -1.000000 
-0.000818 1.466947 0.009315 0.958278 -1.939092 0.057184 1.263567 238.749984 -1.000000 
-0.000818 1.466947 0.009315 0.958278 -1.939092 0.057184 1.263567 238.749984 -1.000000 
-0.000818 1.466947 0.009315 0.958278 -1.939092 0.057184 1.263567 238.749984 -1.000000 
-0.000818 1.466947 0.009315 0.958278 -1.939092 0.057184 1.263567 238.749984 -1.000000 
-0.000818 1.466947 0.009315 0.958278 -1.939092 0.057184 1.263567 238.749984 -1.000000 
-0.000818 1.466947 0.009315 0.958278 -1.939092 0.057184 1.263567 238.749984 -1.000000 
-0.000818 1.466947 0.009315 0.958278 -1.939092 0.057184 1.263567 238.749984 -1.000000 
-0.000818 1.466947 0.009315 0.958278 -1.939092 0.057184 1.263567 238.749984 -1.000000 
-0.000818 1.466947 0.009315 0.958278 -1.939092 0.057184 1.263567 238.749984 -1.000000 
-0.000818 1.466947 0.009315 0.958278 -1.939092 0.057184 1.263567 238.749984 -1.000000 
-0.000818 1.466947 0.009315 0.958278 -1.939092 0.057184 1.263567 238.749984 -1.000000 
-0.000818 1.466947 0.009315 0.958278 -1.939092 0.057184 1.263567 238.749984 -1.000000 
-0.000818 1.466947 0.009315 0.958278 -1.939092 0.057184 1.263567 238.749984 -1.000000 
-0.000818 1.466947 0.009315 0.958278 -1.939092 0.057184 1.263567 238.749984 -1.000000 
-0.000818 1.466947 0.009315 0.958278 -1.939092 0.057184 1.263567 238.749984 -1.000000 
-0.000818 1.466947 0.009315 0.958278 -1.939092 0.057184 1.263567 238.749984 -1.000000 
-0.000818 1.466947 0.009315 0.958278 -1.939092 0.057184 1.263567 238.749984 -1.000000 
-0.000818 1.466947 0.009315 0.958278 -1.939092 0.057184 1.263567 238.749984 -1.000000 
-0.000818 1.466947 0.009315 0.958278 -1.939092 0.057184 1.263567 238.749984 -1.000000 
-0.000818 1.466947 0.009315 0.958278 -1.939092 0.057184 1.263567 238.749984 -1.000000 
-0.000818 1.466947 0.009315 0.958278 -1.939092 0.057184 1.263567 238.749984 -1.000000 
-0.000818 1.466947 0.009315 0.958278 -1.939092 0.057184 1.263567 238.749984 -1.000000 
-0.000818 1.466947 0.009315 0.958278 -1.939092 0.057184 1.263567 238.749984 -1.000000 
-0.000818 1.466947 0.009315 0.958278 -1.939092 0.057184 1.263567 238.749984 -1.000000 
-0.000818 1.466947 0.009315 0.958278 -1.939092 0.057184 1.263567 238.749984 -1.000000 
-0.000818 1.466947 0.009315 0.958278 -1.939092 0.057184 1.263567 238.749984 -1.000000 
-0.000818 1.466947 0.009315 0.958278 -1.939092 0.057184 1.263567 238.749984 -1.000000 
-0.000818 1.466947 0.009315 0.958278 -1.939092 0.057184 1.263567 238.749984 -1.000000 
-0.000818 1.466947 0.009315 0.958278 -1.939092 0.057184 1.263567 238.749984 -1.000000 
-0.000818 1.466947 0.009315 0.958278 -1.939092 0.057184 1.263567 238.749984 -1.000000 
-0.000818 1.466947 0.009315 0.958278 -1.939092 0.057184 1.263567 238.749984 -1.000000 
-0.000818 1.466947 0.009315 0.958278 -1.939092 0.057184 1.263567 238.749984 -1.000000 
-0.000818 1.466947 0.009315 0.958278 -1.939092 0.057184 1.263567 238.749984 -1.000000 
-0.000818 1.466947 0.009315 0.958278 -1.939092 0.057184 1.263567 238.749984 -1.000000 
-0.000818 1.466947 0.009315 0.958278 -1.939092 0.057184 1.263567 238.749984 -1.000000 
-0.000818 1.466947 0.009315 0.958278 -1.939092 0.057184 1.263567 238.749984 -1.000000 
-0.000818 1.466947 0.009315 0.958278 -1.939092 0.057184 1.263567 238.749984 -1.000000 
-0.000818 1.466947 0.009315 0.958278 -1.939092 0.057184 1.263567 238.749984 -1.000000 
-0.000818 1.466947 0.009315 0.958278 -1.939092 0.057184 1.263567 238.749984 -1.000000 
-0.000818 1.466947 0.009315 0.958278 -1.939092 0.057184 1.263567 238.749984 -1.000000 
-0.000818 1.466947 0.009315 0.958278 -1.939092 0.057184 1.263567 238.749984 -1.000000 
-0.000818 1.466947 0.009315 0.958278 -1.939092 0.057184 1.263567 238.749984 -1.000000 
-0.000818 1.466947 0.009315 0.958278 -1.939092 0.057184 1.263567 238.749984 -1.000000 
-0.000818 1.466947 0.009315 0.958278 -1.939092 0.057184 1.263567 238.749984 -1.000000 
-0.000818 1.466947 0.009315 0.958278 -1.939092 0.057184 1.263567 238.749984 -1.000000 
-0.000818 1.466947 0.009315 0.958278 -1.939092 0.057184 1.263567 238.749984 -1.000000 
-0.000818 1.466947 0.009315 0.958278 -1.939092 0.057184 1.263567 238.749984 -1.000000 
-0.000818 1.466947 0.009315 0.958278 -1.939092 0.057184 1.263567 238.749984 -1.000000 
-0.000818 1.466947 0.009315 0.958278 -1.939092 0.057184 1.263567 238.749984 -1.000000 
-0.000818 1.466947 0.009315 0.958278 -1.939092 0.057184 1.263567 238.749984 -1.000000 
-0.000818 1.466947 0.009315 0.958278 -1.939092 0.057184 1.263567 238.749984 -1.000000 
-0.000818 1.466947 0.009315 0.958278 -1.939092 0.057184 1.263567 238.749984 -1.000000 
-0.000818 1.466947 0.009315 0.958278 -1.939092 0.057184 1.263567 238.749984 -1.000000 
-0.000818 1.466947 0.009315 0.958278 -1.939092 0.057184 1.263567 238.749984 -1.000000 
-0.000818 1.466947 0.009315 0.958278 -1.939092 0.057184 1.263567 238.749984 -1.000000 
-0.000818 1.466947 0.009315 0.958278 -1.939092 0.057184 1.263567 238.749984 -1.000000 
-0.000818 1.466947 0.009315 0.958278 -1.939092 0.057184 1.263567 238.749984 -1.000000 
-0.000818 1.466947 0.009315 0.958278 -1.939092 0.057184 1.263567 238.749984 -1.000000 
-0.000818 1.466947 0.009315 0.958278 -1.939092 0.057184 1.263567 238.749984 -1.000000 
-0.000818 1.466947 0.009315 0.958278 -1.939092 0.057184 1.263567 238.749984 -1.000000 
-0.000818 1.466947 0.009315 0.958278 -1.939092 0.057184 1.263567 238.749984 -1.000000 
-0.000818 1.466947 0.009315 0.958278 -1.939092 0.057184 1.263567 238.749984 -1.000000 
-0.000818 1.466947 0.009315 0.958278 -1.939092 0.057184 1.263567 238.749984 -1.000000 
-0.000818 1.466947 0.009315 0.958278 -1.939092 0.057184 1.263567 238.749984 -1.000000 
-0.000818 1.466947 0.009315 0.958278 -1.939092 0.057184 1.263567 238.749984 -1.000000 
-0.000818 1.466947 0.009315 0.958278 -1.939092 0.057184 1.263567 238.749984 -1.000000 
-0.000818 1.466947 0.009315 0.958278 -1.939092 0.057184 1.263567 238.749984 -1.000000 
-0.000818 1.466947 0.009315 0.958278 -1.939092 0.057184 1.263567 238.749984 -1.000000 
-0.000818 1.466947 0.009315 0.958278 -1.939092 0.057184 1.263567 238.749984 -1.000000 
-0.000818 1.466947 0.009315 0.958278 -1.939092 0.057184 1.263567 238.749984 -1.000000 
-0.000818 1.466947 0.009315 0.958278 -1.939092 0.057184 1.263567 238.749984 -1.000000 
-0.000818 1.466947 0.009315 0.958278 -1.939092 0.057184 1.263567 238.749984 -1.000000 
-0.000818 1.466947 0.009315 0.958278 -1.939092 0.057184 1.263567 238.749984 -1.000000 
-0.000818 1.466947 0.009315 0.958278 -1.939092 0.057184 1.263567 238.749984 -1.000000 
-0.000818 1.466947 0.009315 0.958278 -1.939092 0.057184 1.263567 238.749984 -1.000000 
-0.000818 1.466947 0.009315 0.958278 -1.939092 0.057184 1.263567 238.749984 -1.000000 
-0.000818 1.466947 0.009315 0.958278 -1.939092 0.057184 1.263567 238.749984 -1.000000 
-0.000818 1.466947 0.009315 0.958278 -1.939092 0.057184 1.263567 238.749984 -1.000000 
-0.000818 1.466947 0.009315 0.958278 -1.939092 0.057184 1.263567 238.749984 -1.000000 
-0.000818 1.466947 0.009315 0.958278 -1.939092 0.057184 1.263567 238.749984 -1.000000 
-0.000818 1.466947 0.009315 0.958278 -1.939092 0.057184 1.263567 238.749984 -1.000000 
-0.000818 1.466947 0.009315 0.958278 -1.939092 0.057184 1.263567 238.749984 -1.000000 
-0.000818 1.466947 0.009315 0.958278 -1.939092 0.057184 1.263567 238.749984 -1.000000 
-0.000818 1.466947 0.009315 0.958278 -1.939092 0.057184 1.263567 238.749984 -1.000000 
-0.000818 1.466947 0.009315 0.958278 -1.939092 0.057184 1.263567 238.749984 -1.000000 
-0.000818 1.466947 0.009315 0.958278 -1.939092 0.057184 1.263567 238.749984 -1.000000 
-0.000818 1.466947 0.009315 0.958278 -1.939092 0.057184 1.263567 238.749984 -1.000000 
-0.000818 1.466947 0.009315 0.958278 -1.939092 0.057184 1.263567 238.749984 -1.000000 
-0.000818 1.466947 0.009315 0.958278 -1.939092 0.057184 1.263567 238.749984 -1.000000 
-0.000818 1.466947 0.009315 0.958278 -1.939092 0.057184 1.263567 238.749984 -1.000000 
-0.000818 1.466947 0.009315 0.958278 -1.939092 0.057184 1.263567 238.749984 -1.000000 
-0.000818 1.466947 0.009315 0.958278 -1.939092 0.057184 1.263567 238.749984 -1.000000 
-0.000818 1.466947 0.009315 0.958278 -1.939092 0.057184 1.263567 238.749984 -1.000000 
-0.000818 1.466947 0.009315 0.958278 -1.939092 0.057184 1.263567 238.749984 -1.000000 
-0.000818 1.466947 0.009315 0.958278 -1.939092 0.057184 1.263567 238.749984 -1.000000 
-0.000818 1.466947 0.009315 0.958278 -1.939092 0.057184 1.263567 238.749984 -1.000000 
-0.000818 1.466947 0.009315 0.958278 -1.939092 0.057184 1.263567 238.749984 -1.000000 
-0.000818 1.466947 0.009315 0.958278 -1.939092 0.057184 1.263567 238.749984 -1.000000 
-0.000818 1.466947 0.009315 0.958278 -1.939092 0.057184 1.263567 238.749984 -1.000000 
-0.000818 1.466947 0.009315 0.958278 -1.939092 0.057184 1.263567 238.749984 -1.000000 
-0.000818 1.466947 0.009315 0.958278 -1.939092 0.057184 1.263567 238.749984 -1.000000 
-0.000818 1.466947 0.009315 0.958278 -1.939092 0.057184 1.263567 238.749984 -1.000000 
-0.000818 1.466947 0.009315 0.958278 -1.939092 0.057184 1.263567 238.749984 -1.000000 
-0.000818 1.466947 0.009315 0.958278 -1.939092 0.057184 1.263567 238.749984 -1.000000 
-0.000818 1.466947 0.009315 0.958278 -1.939092 0.057184 1.263567 238.749984 -1.000000 
-0.000818 1.466947 0.009315 0.958278 -1.939092 0.057184 1.263567 238.749984 -1.000000 
-0.000818 1.466947 0.009315 0.958278 -1.939092 0.057184 1.263567 238.749984 -1.000000 
-0.000818 1.466947 0.009315 0.958278 -1.939092 0.057184 1.263567 238.749984 -1.000000 
-0.000818 1.466947 0.009315 0.958278 -1.939092 0.057184 1.263567 238.749984 -1.000000 
-0.000818 1.466947 0.009315 0.958278 -1.939092 0.057184 1.263567 238.749984 -1.000000 
-0.000818 1.466947 0.009315 0.958278 -1.939092 0.057184 1.263567 238.749984 -1.000000 
-0.000818 1.466947 0.009315 0.958278 -1.939092 0.057184 1.263567 238.749984 -1.000000 
-0.000818 1.466947 0.009315 0.958278 -1.939092 0.057184 1.263567 238.749984 -1.000000 
-0.000818 1.466947 0.009315 0.958278 -1.939092 0.057184 1.263567 238.749984 -1.000000 
-0.000818 1.466947 0.009315 0.958278 -1.939092 0.057184 1.263567 238.749984 -1.000000 
-0.000818 1.466947 0.009315 0.958278 -1.939092 0.057184 1.263567 238.749984 -1.000000 
-0.000818 1.466947 0.009315 0.958278 -1.939092 0.057184 1.263567 238.749984 -1.000000 
-0.000818 1.466947 0.009315 0.958278 -1.939092 0.057184 1.263567 238.749984 -1.000000 
-0.000818 1.466947 0.009315 0.958278 -1.939092 0.057184 1.263567 238.749984 -1.000000 
-0.000818 1.466947 0.009315 0.958278 -1.939092 0.057184 1.263567 238.749984 -1.000000 
-0.000818 1.466947 0.009315 0.958278 -1.939092 0.057184 1.263567 238.749984 -1.000000 
-0.000818 1.466947 0.009315 0.958278 -1.939092 0.057184 1.263567 238.749984 -1.000000 
-0.000818 1.466947 0.009315 0.958278 -1.939092 0.057184 1.263567 238.749984 -1.000000 
-0.000818 1.466947 0.009315 0.958278 -1.939092 0.057184 1.263567 238.749984 -1.000000 
-0.000818 1.466947 0.009315 0.958278 -1.939092 0.057184 1.263567 238.749984 -1.000000 
-0.000818 1.466947 0.009315 0.958278 -1.939092 0.057184 1.263567 238.749984 -1.000000 
-0.000818 1.466947 0.009315 0.958278 -1.939092 0.057184 1.263567 238.749984 -1.000000 
-0.000818 1.466947 0.009315 0.958278 -1.939092 0.057184 1.263567 238.749984 -1.000000 
-0.000818 1.466947 0.009315 0.958278 -1.939092 0.057184 1.263567 238.749984 -1.000000 
-0.000818 1.466947 0.009315 0.958278 -1.939092 0.057184 1.263567 238.749984 -1.000000 
-0.000818 1.466947 0.009315 0.958278 -1.939092 0.057184 1.263567 238.749984 -1.000000 
-0.000818 1.466947 0.009315 0.958278 -1.939092 0.057184 1.263567 238.749984 -1.000000 
-0.000818 1.466947 0.009315 0.958278 -1.939092 0.057184 1.263567 238.749984 -1.000000 
-0.000818 1.466947 0.009315 0.958278 -1.939092 0.057184 1.263567 238.749984 -1.000000 
-0.000818 1.466947 0.009315 0.958278 -1.939092 0.057184 1.263567 238.749984 -1.000000 
-0.000818 1.466947 0.009315 0.958278 -1.939092 0.057184 1.263567 238.749984 -1.000000 
-0.000818 1.466947 0.009315 0.958278 -1.939092 0.057184 1.263567 238.749984 -1.000000 
-0.000818 1.466947 0.009315 0.958278 -1.939092 0.057184 1.263567 238.749984 -1.000000 
-0.000818 1.466947 0.009315 0.958278 -1.939092 0.057184 1.263567 238.749984 -1.000000 
-0.000818 1.466947 0.009315 0.958278 -1.939092 0.057184 1.263567 238.749984 -1.000000 
-0.000818 1.466947 0.009315 0.958278 -1.939092 0.057184 1.263567 238.749984 -1.000000 
-0.000818 1.466947 0.009315 0.958278 -1.939092 0.057184 1.263567 238.749984 -1.000000 
-0.000818 1.466947 0.009315 0.958278 -1.939092 0.057184 1.263567 238.749984 -1.000000 
-0.000818 1.466947 0.009315 0.958278 -1.939092 0.057184 1.263567 238.749984 -1.000000 
-0.000818 1.466947 0.009315 0.958278 -1.939092 0.057184 1.263567 238.749984 -1.000000 
-0.000818 1.466947 0.009315 0.958278 -1.939092 0.057184 1.263567 238.749984 -1.000000 
-0.000818 1.466947 0.009315 0.958278 -1.939092 0.057184 1.263567 238.749984 -1.000000 
-0.000818 1.466947 0.009315 0.958278 -1.939092 0.057184 1.263567 238.749984 -1.000000 
-0.000818 1.466947 0.009315 0.958278 -1.939092 0.057184 1.263567 238.749984 -1.000000 
-0.000818 1.466947 0.009315 0.958278 -1.939092 0.057184 1.263567 238.749984 -1.000000 
-0.000818 1.466947 0.009315 0.958278 -1.939092 0.057184 1.263567 238.749984 -1.000000 
-0.000818 1.466947 0.009315 0.958278 -1.939092 0.057184 1.263567 238.749984 -1.000000 
-0.000818 1.466947 0.009315 0.958278 -1.939092 0.057184 1.263567 238.749984 -1.000000 
-0.000818 1.466947 0.009315 0.958278 -1.939092 0.057184 1.263567 238.749984 -1.000000 
-0.000818 1.466947 0.009315 0.958278 -1.939092 0.057184 1.263567 238.749984 -1.000000 
-0.000818 1.466947 0.009315 0.958278 -1.939092 0.057184 1.263567 238.749984 -1.000000 
-0.000818 1.466947 0.009315 0.958278 -1.939092 0.057184 1.263567 238.749984 -1.000000 
-0.000818 1.466947 0.009315 0.958278 -1.939092 0.057184 1.263567 238.749984 -1.000000 
-0.000818 1.466947 0.009315 0.958278 -1.939092 0.057184 1.263567 238.749984 -1.000000 
-0.000818 1.466947 0.009315 0.958278 -1.939092 0.057184 1.263567 238.749984 -1.000000 
-0.000818 1.466947 0.009315 0.958278 -1.939092 0.057184 1.263567 238.749984 -1.000000 
-0.000818 1.466947 0.009315 0.958278 -1.939092 0.057184 1.263567 238.749984 -1.000000 
-0.000818 1.466947 0.009315 0.958278 -1.939092 0.057184 1.263567 238.749984 -1.000000 
-0.000818 1.466947 0.009315 0.958278 -1.939092 0.057184 1.263567 238.749984 -1.000000 
-0.000818 1.466947 0.009315 0.958278 -1.939092 0.057184 1.263567 238.749984 -1.000000 
-0.000818 1.466947 0.009315 0.958278 -1.939092 0.057184 1.263567 238.749984 -1.000000 
-0.000818 1.466947 0.009315 0.958278 -1.939092 0.057184 1.263567 238.749984 -1.000000 
-0.000818 1.466947 0.009315 0.958278 -1.939092 0.057184 1.263567 238.749984 -1.000000 
-0.000818 1.466947 0.009315 0.958278 -1.939092 0.057184 1.263567 238.749984 -1.000000 
-0.000818 1.466947 0.009315 0.958278 -1.939092 0.057184 1.263567 238.749984 -1.000000 
-0.000818 1.466947 0.009315 0.958278 -1.939092 0.057184 1.263567 238.749984 -1.000000 
-0.000818 1.466947 0.009315 0.958278 -1.939092 0.057184 1.263567 238.749984 -1.000000 
-0.000818 1.466947 0.009315 0.958278 -1.939092 0.057184 1.263567 238.749984 -1.000000 
-0.000818 1.466947 0.009315 0.958278 -1.939092 0.057184 1.263567 238.749984 -1.000000 
-0.000818 1.466947 0.009315 0.958278 -1.939092 0.057184 1.263567 238.749984 -1.000000 
-0.000818 1.466947 0.009315 0.958278 -1.939092 0.057184 1.263567 238.749984 -1.000000 
-0.000818 1.466947 0.009315 0.958278 -1.939092 0.057184 1.263567 238.749984 -1.000000 
-0.000818 1.466947 0.009315 0.958278 -1.939092 0.057184 1.263567 238.749984 -1.000000 
-0.000818 1.466947 0.009315 0.958278 -1.939092 0.057184 1.263567 238.749984 -1.000000 
-0.000818 1.466947 0.009315 0.958278 -1.939092 0.057184 1.263567 238.749984 -1.000000 
-0.000818 1.466947 0.009315 0.958278 -1.939092 0.057184 1.263567 238.749984 -1.000000 
-0.000818 1.466947 0.009315 0.958278 -1.939092 0.057184 1.263567 238.749984 -1.000000 
-0.000818 1.466947 0.009315 0.958278 -1.939092 0.057184 1.263567 238.749984 -1.000000 
-0.000818 1.466947 0.009315 0.958278 -1.939092 0.057184 1.263567 238.749984 -1.000000 
-0.000818 1.466947 0.009315 0.958278 -1.939092 0.057184 1.263567 238.749984 -1.000000 
-0.000818 1.466947 0.009315 0.958278 -1.939092 0.057184 1.263567 238.749984 -1.000000 
-0.000818 1.466947 0.009315 0.958278 -1.939092 0.057184 1.263567 238.749984 -1.000000 
-0.000818 1.466947 0.009315 0.958278 -1.939092 0.057184 1.263567 238.749984 -1.000000 
-0.000818 1.466947 0.009315 0.958278 -1.939092 0.057184 1.263567 238.749984 -1.000000 
-0.000818 1.466947 0.009315 0.958278 -1.939092 0.057184 1.263567 238.749984 -1.000000 
-0.000818 1.466947 0.009315 0.958278 -1.939092 0.057184 1.263567 238.749984 -1.000000 
-0.000818 1.466947 0.009315 0.958278 -1.939092 0.057184 1.263567 238.749984 -1.000000 
-0.000818 1.466947 0.009315 0.958278 -1.939092 0.057184 1.263567 238.749984 -1.000000 
-0.000818 1.466947 0.009315 0.958278 -1.939092 0.057184 1.263567 238.749984 -1.000000 
-0.000818 1.466947 0.009315 0.958278 -1.939092 0.057184 1.263567 238.749984 -1.000000 
-0.000818 1.466947 0.009315 0.958278 -1.939092 0.057184 1.263567 238.749984 -1.000000 
-0.000818 1.466947 0.009315 0.958278 -1.939092 0.057184 1.263567 238.749984 -1.000000 
-0.000818 1.466947 0.009315 0.958278 -1.939092 0.057184 1.263567 238.749984 -1.000000 
-0.000818 1.466947 0.009315 0.958278 -1.939092 0.057184 1.263567 238.749984 -1.000000 
-0.000818 1.466947 0.009315 0.958278 -1.939092 0.057184 1.263567 238.749984 -1.000000 
-0.000818 1.466947 0.009315 0.958278 -1.939092 0.057184 1.263567 238.749984 -1.000000 
-0.000818 1.466947 0.009315 0.958278 -1.939092 0.057184 1.263567 238.749984 -1.000000 
-0.000818 1.466947 0.009315 0.958278 -1.939092 0.057184 1.263567 238.749984 -1.000000 
-0.000818 1.466947 0.009315 0.958278 -1.939092 0.057184 1.263567 238.749984 -1.000000 
-0.000818 1.466947 0.009315 0.958278 -1.939092 0.057184 1.263567 238.749984 -1.000000 
-0.000818 1.466947 0.009315 0.958278 -1.939092 0.057184 1.263567 238.749984 -1.000000 
-0.000818 1.466947 0.009315 0.958278 -1.939092 0.057184 1.263567 238.749984 -1.000000 
-0.000818 1.466947 0.009315 0.958278 -1.939092 0.057184 1.263567 238.749984 -1.000000 
-0.000818 1.466947 0.009315 0.958278 -1.939092 0.057184 1.263567 238.749984 -1.000000 
-0.000818 1.466947 0.009315 0.958278 -1.939092 0.057184 1.263567 238.749984 -1.000000 
-0.000818 1.466947 0.009315 0.958278 -1.939092 0.057184 1.263567 238.749984 -1.000000 
-0.000818 1.466947 0.009315 0.958278 -1.939092 0.057184 1.263567 238.749984 -1.000000 
-0.000818 1.466947 0.009315 0.958278 -1.939092 0.057184 1.263567 238.749984 -1.000000 
-0.000818 1.466947 0.009315 0.958278 -1.939092 0.057184 1.263567 238.749984 -1.000000 
-0.000818 1.466947 0.009315 0.958278 -1.939092 0.057184 1.263567 238.749984 -1.000000 
-0.000818 1.466947 0.009315 0.958278 -1.939092 0.057184 1.263567 238.749984 -1.000000 
-0.000818 1.466947 0.009315 0.958278 -1.939092 0.057184 1.263567 238.749984 -1.000000 
-0.000818 1.466947 0.009315 0.958278 -1.939092 0.057184 1.263567 238.749984 -1.000000 
-0.000818 1.466947 0.009315 0.958278 -1.939092 0.057184 1.263567 238.749984 -1.000000 
-0.000818 1.466947 0.009315 0.958278 -1.939092 0.057184 1.263567 238.749984 -1.000000 
-0.000818 1.466947 0.009315 0.958278 -1.939092 0.057184 1.263567 238.749984 -1.000000 
-0.000818 1.466947 0.009315 0.958278 -1.939092 0.057184 1.263567 238.749984 -1.000000 
-0.000818 1.466947 0.009315 0.958278 -1.939092 0.057184 1.263567 238.749984 -1.000000 
-0.000818 1.466947 0.009315 0.958278 -1.939092 0.057184 1.263567 238.749984 -1.000000 
-0.000818 1.466947 0.009315 0.958278 -1.939092 0.057184 1.263567 238.749984 -1.000000 
-0.000818 1.466947 0.009315 0.958278 -1.939092 0.057184 1.263567 238.749984 -1.000000 
-0.000818 1.466947 0.009315 0.958278 -1.939092 0.057184 1.263567 238.749984 -1.000000 
-0.000818 1.466947 0.009315 0.958278 -1.939092 0.057184 1.263567 238.749984 -1.000000 
-0.000818 1.466947 0.009315 0.958278 -1.939092 0.057184 1.263567 238.749984 -1.000000 
-0.000818 1.466947 0.009315 0.958278 -1.939092 0.057184 1.263567 238.749984 -1.000000 
-0.000818 1.466947 0.009315 0.958278 -1.939092 0.057184 1.263567 238.749984 -1.000000 
-0.000818 1.466947 0.009315 0.958278 -1.939092 0.057184 1.263567 238.749984 -1.000000 
-0.000818 1.466947 0.009315 0.958278 -1.939092 0.057184 1.263567 238.749984 -1.000000 
-0.000818 1.466947 0.009315 0.958278 -1.939092 0.057184 1.263567 238.749984 -1.000000 
-0.000818 1.466947 0.009315 0.958278 -1.939092 0.057184 1.263567 238.749984 -1.000000 
-0.000818 1.466947 0.009315 0.958278 -1.939092 0.057184 1.263567 238.749984 -1.000000 
-0.000818 1.466947 0.009315 0.958278 -1.939092 0.057184 1.263567 238.749984 -1.000000 
-0.000818 1.466947 0.009315 0.958278 -1.939092 0.057184 1.263567 238.749984 -1.000000 
-0.000818 1.466947 0.009315 0.958278 -1.939092 0.057184 1.263567 238.749984 -1.000000 
-0.000818 1.466947 0.009315 0.958278 -1.939092 0.057184 1.263567 238.749984 -1.000000 
-0.000818 1.466947 0.009315 0.958278 -1.939092 0.057184 1.263567 238.749984 -1.000000 
-0.000818 1.466947 0.009315 0.958278 -1.939092 0.057184 1.263567 238.749984 -1.000000 
-0.000818 1.466947 0.009315 0.958278 -1.939092 0.057184 1.263567 238.749984 -1.000000 
0.000000 0.000000 0.000000 0.000000 0.000000 0.000000 0.000000 0.000000 0.000000 
