0.149583 0.415546 0.338505 -0.877134 -1.822476 -0.374648 1.156656 -0.071425 1.000000 
0.152851 0.401517 0.331343 -0.913332 -1.825507 -0.382706 1.156070 -0.075130 1.000000 
0.156006 0.386980 0.323893 -0.949171 -1.828597 -0.389618 1.155453 -0.079222 1.000000 
0.159042 0.371938 0.316157 -0.984609 -1.831737 -0.395359 1.154802 -0.083744 1.000000 
0.161955 0.356394 0.308140 -1.019603 -1.834919 -0.399904 1.154112 -0.088749 1.000000 
0.164743 0.340353 0.299845 -1.054106 -1.838133 -0.403234 1.153380 -0.094292 1.000000 
0.167400 0.323820 0.291276 -1.088069 -1.841368 -0.405333 1.152602 -0.100439 1.000000 
0.169923 0.306804 0.282437 -1.121444 -1.844615 -0.406189 1.151771 -0.107266 1.000000 
0.172307 0.289313 0.273335 -1.154177 -1.847863 -0.405794 1.150883 -0.114858 1.000000 
0.174550 0.271358 0.263973 -1.186215 -1.851104 -0.404145 1.149931 -0.123310 1.000000 
0.176648 0.252953 0.254357 -1.217505 -1.854326 -0.401241 1.148908 -0.132732 1.000000 
0.178596 0.234110 0.244495 -1.247991 -1.857520 -0.397088 1.147805 -0.143250 1.000000 
0.180393 0.214846 0.234392 -1.277616 -1.860676 -0.391695 1.146613 -0.155004 1.000000 
0.182033 0.195179 0.224055 -1.306325 -1.863784 -0.385078 1.145321 -0.168150 1.000000 
0.183514 0.175127 0.213493 -1.334061 -1.866834 -0.377253 1.143918 -0.182866 1.000000 
0.184834 0.154713 0.202713 -1.360767 -1.869817 -0.368246 1.142390 -0.199345 1.000000 
0.185989 0.133958 0.191724 -1.386390 -1.872723 -0.358085 1.140723 -0.217801 1.000000 
0.186976 0.112888 0.180534 -1.410874 -1.875544 -0.346803 1.138900 -0.238461 1.000000 
0.187794 0.091528 0.169153 -1.434166 -1.878269 -0.334439 1.136901 -0.261564 1.000000 
0.188440 0.069906 0.157590 -1.456216 -1.880892 -0.321034 1.134708 -0.287352 1.000000 
0.188912 0.048052 0.145857 -1.476973 -1.883403 -0.306638 1.132296 -0.316054 1.000000 
0.189209 0.025995 0.133962 -1.496393 -1.885795 -0.291301 1.129642 -0.347871 1.000000 
0.189328 0.003767 0.121918 -1.514431 -1.888062 -0.275080 1.126721 -0.382948 1.000000 
0.189268 -0.018598 0.109735 -1.531047 -1.890195 -0.258037 1.123506 -0.421335 1.000000 
0.189030 -0.041067 0.097425 -1.546205 -1.892188 -0.240236 1.119971 -0.462943 1.000000 
0.188611 -0.063605 0.085000 -1.559871 -1.894037 -0.221745 1.116091 -0.507490 1.000000 
0.188012 -0.086176 0.072471 -1.572017 -1.895734 -0.202637 1.111845 -0.554438 1.000000 
0.187232 -0.108744 0.059852 -1.582620 -1.897277 -0.182986 1.107216 -0.602945 1.000000 
0.186272 -0.131274 0.047154 -1.591661 -1.898661 -0.162871 1.102197 -0.651815 1.000000 
0.185132 -0.153729 0.034389 -1.599126 -1.899882 -0.142370 1.096790 -0.699503 1.000000 
0.183813 -0.176072 0.021572 -1.605005 -1.900938 -0.121564 1.091013 -0.744151 1.000000 
0.182315 -0.198268 0.008714 -1.609297 -1.901827 -0.100535 1.084897 -0.783705 1.000000 
0.180641 -0.220281 -0.004173 -1.612003 -1.902546 -0.079362 1.078493 -0.816092 1.000000 
0.178792 -0.242078 -0.017074 -1.613129 -1.903096 -0.058125 1.071864 -0.839447 1.000000 
0.176769 -0.263626 -0.029979 -1.612688 -1.903476 -0.036900 1.065090 -0.852352 1.000000 
0.174574 -0.284895 -0.042873 -1.610695 -1.903687 -0.015759 1.058256 -0.854037 1.000000 
0.172211 -0.305855 -0.055746 -1.607172 -1.903729 0.005229 1.051455 -0.844491 1.000000 
0.169681 -0.326480 -0.068584 -1.602142 -1.903604 0.025999 1.044773 -0.824454 1.000000 
0.166988 -0.346744 -0.081376 -1.595630 -1.903314 0.046493 1.038288 -0.795296 1.000000 
0.164135 -0.366627 -0.094110 -1.587667 -1.902861 0.066658 1.032067 -0.758820 1.000000 
0.161123 -0.386106 -0.106775 -1.578282 -1.902248 0.086443 1.026161 -0.717022 1.000000 
0.157958 -0.405163 -0.119359 -1.567507 -1.901479 0.105803 1.020604 -0.671883 1.000000 
0.154642 -0.423780 -0.131851 -1.555376 -1.900556 0.124696 1.015415 -0.625197 1.000000 
0.151179 -0.441943 -0.144241 -1.541923 -1.899485 0.143082 1.010601 -0.578471 1.000000 
0.147572 -0.459635 -0.156519 -1.527182 -1.898269 0.160923 1.006157 -0.532884 1.000000 
0.143826 -0.476844 -0.168673 -1.511190 -1.896912 0.178185 1.002069 -0.489289 1.000000 
0.139944 -0.493557 -0.180694 -1.493983 -1.895419 0.194833 0.998321 -0.448251 1.000000 
0.135930 -0.509763 -0.192573 -1.475598 -1.893796 0.210835 0.994890 -0.410094 1.000000 
0.131789 -0.525451 -0.204301 -1.456072 -1.892048 0.226160 0.991752 -0.374956 1.000000 
0.127524 -0.540611 -0.215868 -1.435446 -1.890179 0.240780 0.988882 -0.342838 1.000000 
0.123141 -0.555234 -0.227265 -1.413756 -1.888197 0.254665 0.986258 -0.313643 1.000000 
0.118642 -0.569313 -0.238485 -1.391045 -1.886107 0.267789 0.983857 -0.287217 1.000000 
0.114033 -0.582841 -0.249519 -1.367350 -1.883915 0.280128 0.981656 -0.263367 1.000000 
0.109318 -0.595813 -0.260360 -1.342714 -1.881627 0.291658 0.979636 -0.241886 1.000000 
0.104502 -0.608222 -0.271000 -1.317177 -1.879250 0.302358 0.977780 -0.222563 1.000000 
0.099588 -0.620064 -0.281433 -1.290780 -1.876792 0.312209 0.976070 -0.205192 1.000000 
0.094582 -0.631338 -0.291651 -1.263563 -1.874257 0.321194 0.974492 -0.189577 1.000000 
0.089488 -0.642040 -0.301648 -1.235569 -1.871655 0.329296 0.973033 -0.175539 1.000000 
0.084311 -0.652169 -0.311418 -1.206839 -1.868991 0.336504 0.971680 -0.162909 1.000000 
0.079055 -0.661725 -0.320955 -1.177413 -1.866273 0.342805 0.970423 -0.151538 1.000000 
0.073725 -0.670708 -0.330255 -1.147331 -1.863509 0.348191 0.969252 -0.141291 1.000000 
0.068325 -0.679119 -0.339311 -1.116634 -1.860705 0.352656 0.968160 -0.132046 1.000000 
0.062861 -0.686961 -0.348119 -1.085360 -1.857869 0.356195 0.967137 -0.123695 1.000000 
0.057335 -0.694236 -0.356675 -1.053550 -1.855008 0.358806 0.966178 -0.116143 1.000000 
0.051754 -0.700947 -0.364975 -1.021239 -1.852130 0.360490 0.965277 -0.109304 1.000000 
0.046122 -0.707098 -0.373014 -0.988467 -1.849243 0.361249 0.964428 -0.103103 1.000000 
0.040442 -0.712695 -0.380789 -0.955268 -1.846353 0.361086 0.963626 -0.097473 1.000000 
0.034720 -0.717743 -0.388297 -0.921677 -1.843468 0.360010 0.962867 -0.092357 1.000000 
0.028960 -0.722247 -0.395535 -0.887729 -1.840595 0.358028 0.962147 -0.087701 1.000000 
0.023166 -0.726213 -0.402500 -0.853456 -1.837742 0.355152 0.961463 -0.083459 1.000000 
0.017342 -0.729648 -0.409189 -0.818890 -1.834915 0.351393 0.960811 -0.079592 1.000000 
0.011493 -0.732559 -0.415601 -0.784060 -1.832122 0.346768 0.960188 -0.076063 1.000000 
0.005622 -0.734953 -0.421734 -0.748996 -1.829369 0.341292 0.959593 -0.072839 1.000000 
-0.000265 -0.736838 -0.427585 -0.713725 -1.826663 0.334983 0.959022 -0.069893 1.000000 
-0.006166 -0.738220 -0.433153 -0.678272 -1.824011 0.327863 0.958474 -0.067200 1.000000 
-0.012075 -0.739108 -0.438437 -0.642663 -1.821419 0.319951 0.957946 -0.064737 1.000000 
-0.017990 -0.739510 -0.443435 -0.606920 -1.818894 0.311272 0.957437 -0.062484 1.000000 
-0.023906 -0.739432 -0.448147 -0.571065 -1.816441 0.301851 0.956946 -0.060424 1.000000 
-0.029820 -0.738883 -0.452572 -0.535119 -1.814066 0.291712 0.956470 -0.058540 1.000000 
-0.035727 -0.737871 -0.456709 -0.499101 -1.811775 0.280885 0.956009 -0.056820 1.000000 
-0.041625 -0.736402 -0.460557 -0.463027 -1.809574 0.269397 0.955561 -0.055250 1.000000 
-0.047508 -0.734484 -0.464117 -0.426915 -1.807467 0.257278 0.955124 -0.053820 1.000000 
-0.053375 -0.732124 -0.467388 -0.390779 -1.805459 0.244559 0.954699 -0.052519 1.000000 
-0.059221 -0.729329 -0.470370 -0.354632 -1.803555 0.231273 0.954284 -0.051338 1.000000 
-0.065043 -0.726106 -0.473062 -0.318488 -1.801760 0.217452 0.953877 -0.050271 1.000000 
-0.070838 -0.722460 -0.475465 -0.282357 -1.800077 0.203130 0.953479 -0.049309 1.000000 
-0.076602 -0.718398 -0.477580 -0.246250 -1.798511 0.188341 0.953088 -0.048447 1.000000 
-0.082331 -0.713926 -0.479406 -0.210176 -1.797065 0.173121 0.952704 -0.047680 1.000000 
-0.088023 -0.709047 -0.480943 -0.174144 -1.795742 0.157506 0.952325 -0.047003 1.000000 
-0.093675 -0.703768 -0.482192 -0.138160 -1.794546 0.141533 0.951952 -0.046411 1.000000 
-0.099283 -0.698093 -0.483153 -0.102231 -1.793479 0.125238 0.951582 -0.045901 1.000000 
-0.104843 -0.692025 -0.483828 -0.066364 -1.792543 0.108659 0.951217 -0.045470 1.000000 
-0.110354 -0.685569 -0.484215 -0.030564 -1.791741 0.091834 0.950855 -0.045115 1.000000 
-0.115811 -0.678727 -0.484317 0.005165 -1.791074 0.074801 0.950495 -0.044834 1.000000 
-0.121213 -0.671502 -0.484133 0.040817 -1.790544 0.057600 0.950137 -0.044626 1.000000 
-0.126554 -0.663898 -0.483664 0.076390 -1.790153 0.040268 0.949781 -0.044489 1.000000 
-0.131834 -0.655915 -0.482911 0.111878 -1.789900 0.022845 0.949425 -0.044423 1.000000 
-0.137048 -0.647556 -0.481874 0.147278 -1.789788 0.005369 0.949070 -0.044426 1.000000 
-0.142194 -0.638822 -0.480555 0.182587 -1.789815 -0.012120 0.948714 -0.044499 1.000000 
-0.147268 -0.629714 -0.478953 0.217801 -1.789981 -0.029583 0.948358 -0.044642 1.000000 
-0.152268 -0.620232 -0.477070 0.252915 -1.790288 -0.046982 0.948000 -0.044856 1.000000 
-0.157191 -0.610378 -0.474907 0.287926 -1.790733 -0.064276 0.947640 -0.045141 1.000000 
-0.162033 -0.600152 -0.472464 0.322830 -1.791316 -0.081429 0.947277 -0.045499 1.000000 
-0.166792 -0.589553 -0.469742 0.357621 -1.792035 -0.098401 0.946911 -0.045932 1.000000 
-0.171465 -0.578581 -0.466742 0.392293 -1.792890 -0.115155 0.946542 -0.046442 1.000000 
-0.176049 -0.567236 -0.463466 0.426843 -1.793877 -0.131652 0.946168 -0.047031 1.000000 
-0.180540 -0.555518 -0.459913 0.461261 -1.794995 -0.147856 0.945789 -0.047704 1.000000 
-0.184936 -0.543426 -0.456086 0.495542 -1.796242 -0.163729 0.945405 -0.048462 1.000000 
-0.189234 -0.530960 -0.451985 0.529677 -1.797614 -0.179236 0.945014 -0.049311 1.000000 
-0.193430 -0.518119 -0.447611 0.563657 -1.799109 -0.194341 0.944615 -0.050255 1.000000 
-0.197523 -0.504904 -0.442967 0.597473 -1.800722 -0.209010 0.944209 -0.051300 1.000000 
-0.201508 -0.491314 -0.438052 0.631112 -1.802451 -0.223208 0.943794 -0.052451 1.000000 
-0.205383 -0.477348 -0.432869 0.664565 -1.804292 -0.236901 0.943370 -0.053716 1.000000 
-0.209144 -0.463008 -0.427420 0.697817 -1.806240 -0.250059 0.942935 -0.055101 1.000000 
-0.212790 -0.448293 -0.421705 0.730854 -1.808292 -0.262648 0.942488 -0.056615 1.000000 
-0.216316 -0.433206 -0.415727 0.763661 -1.810441 -0.274640 0.942028 -0.058267 1.000000 
-0.219720 -0.417746 -0.409487 0.796223 -1.812684 -0.286005 0.941555 -0.060069 1.000000 
-0.222999 -0.401916 -0.402988 0.828520 -1.815016 -0.296714 0.941067 -0.062031 1.000000 
-0.226150 -0.385717 -0.396231 0.860535 -1.817430 -0.306742 0.940562 -0.064166 1.000000 
-0.229169 -0.369154 -0.389220 0.892248 -1.819922 -0.316063 0.940040 -0.066489 1.000000 
-0.232055 -0.352228 -0.381956 0.923637 -1.822485 -0.324653 0.939498 -0.069016 1.000000 
-0.234804 -0.334944 -0.374443 0.954681 -1.825114 -0.332490 0.938935 -0.071765 1.000000 
-0.237413 -0.317307 -0.366682 0.985355 -1.827803 -0.339553 0.938349 -0.074755 1.000000 
-0.239880 -0.299322 -0.358678 1.015636 -1.830545 -0.345823 0.937738 -0.078008 1.000000 
-0.242202 -0.280994 -0.350433 1.045498 -1.833334 -0.351283 0.937100 -0.081550 1.000000 
-0.244375 -0.262332 -0.341951 1.074914 -1.836163 -0.355917 0.936432 -0.085407 1.000000 
-0.246398 -0.243342 -0.333236 1.103857 -1.839026 -0.359711 0.935733 -0.089609 1.000000 
-0.248268 -0.224033 -0.324291 1.132299 -1.841916 -0.362655 0.934998 -0.094192 1.000000 
-0.249982 -0.204414 -0.315121 1.160211 -1.844826 -0.364737 0.934224 -0.099192 1.000000 
-0.251538 -0.184497 -0.305729 1.187562 -1.847750 -0.365952 0.933409 -0.104650 1.000000 
-0.252933 -0.164291 -0.296121 1.214323 -1.850679 -0.366292 0.932549 -0.110615 1.000000 
-0.254166 -0.143810 -0.286302 1.240462 -1.853608 -0.365756 0.931638 -0.117136 1.000000 
-0.255233 -0.123066 -0.276275 1.265948 -1.856529 -0.364342 0.930673 -0.124272 1.000000 
-0.256134 -0.102073 -0.266048 1.290749 -1.859435 -0.362053 0.929648 -0.132084 1.000000 
-0.256866 -0.080847 -0.255625 1.314833 -1.862319 -0.358890 0.928558 -0.140643 1.000000 
-0.257427 -0.059402 -0.245013 1.338169 -1.865175 -0.354862 0.927395 -0.150025 1.000000 
-0.257816 -0.037757 -0.234217 1.360724 -1.867995 -0.349976 0.926155 -0.160312 1.000000 
-0.258030 -0.015928 -0.223244 1.382467 -1.870772 -0.344243 0.924828 -0.171594 1.000000 
-0.258070 0.006066 -0.212100 1.403366 -1.873501 -0.337677 0.923406 -0.183968 1.000000 
-0.257933 0.028206 -0.200792 1.423391 -1.876173 -0.330295 0.921881 -0.197537 1.000000 
-0.257618 0.050471 -0.189328 1.442511 -1.878783 -0.322114 0.920242 -0.212407 1.000000 
-0.257125 0.072841 -0.177714 1.460697 -1.881325 -0.313155 0.918479 -0.228689 1.000000 
-0.256453 0.095293 -0.165959 1.477921 -1.883792 -0.303442 0.916579 -0.246493 1.000000 
-0.255600 0.117807 -0.154070 1.494155 -1.886178 -0.293000 0.914531 -0.265924 1.000000 
-0.254568 0.140358 -0.142055 1.509373 -1.888478 -0.281858 0.912320 -0.287077 1.000000 
-0.253355 0.162924 -0.129923 1.523550 -1.890686 -0.270046 0.909933 -0.310029 1.000000 
-0.251961 0.185481 -0.117681 1.536662 -1.892797 -0.257597 0.907354 -0.334829 1.000000 
-0.250387 0.208005 -0.105339 1.548689 -1.894806 -0.244544 0.904570 -0.361483 1.000000 
-0.248633 0.230470 -0.092905 1.559611 -1.896708 -0.230926 0.901566 -0.389944 1.000000 
-0.246700 0.252853 -0.080389 1.569408 -1.898499 -0.216781 0.898327 -0.420091 1.000000 
-0.244588 0.275128 -0.067798 1.578067 -1.900175 -0.202149 0.894840 -0.451711 1.000000 
-0.242298 0.297270 -0.055143 1.585573 -1.901732 -0.187072 0.891096 -0.484483 1.000000 
-0.239832 0.319255 -0.042432 1.591914 -1.903167 -0.171595 0.887087 -0.517960 1.000000 
-0.237190 0.341059 -0.029675 1.597082 -1.904477 -0.155762 0.882809 -0.551562 1.000000 
-0.234375 0.362655 -0.016882 1.601071 -1.905659 -0.139619 0.878263 -0.584573 1.000000 
-0.231389 0.384021 -0.004061 1.603876 -1.906710 -0.123212 0.873459 -0.616160 1.000000 
-0.228232 0.405133 0.008777 1.605495 -1.907630 -0.106590 0.868411 -0.645394 1.000000 
-0.224907 0.425968 0.021624 1.605930 -1.908415 -0.089798 0.863142 -0.671309 1.000000 
-0.221417 0.446503 0.034469 1.605183 -1.909066 -0.072884 0.857682 -0.692955 1.000000 
-0.217764 0.466717 0.047304 1.603262 -1.909581 -0.055895 0.852068 -0.709482 1.000000 
-0.213951 0.486590 0.060118 1.600173 -1.909960 -0.038877 0.846345 -0.720207 1.000000 
-0.209979 0.506102 0.072903 1.595928 -1.910203 -0.021872 0.840562 -0.724683 1.000000 
-0.205854 0.525235 0.085650 1.590537 -1.910310 -0.004926 0.834768 -0.722744 1.000000 
-0.201577 0.543972 0.098349 1.584016 -1.910282 0.011922 0.829014 -0.714518 1.000000 
-0.197151 0.562295 0.110991 1.576380 -1.910120 0.028632 0.823351 -0.700414 1.000000 
-0.192581 0.580192 0.123568 1.567646 -1.909825 0.045167 0.817822 -0.681075 1.000000 
-0.187870 0.597646 0.136071 1.557832 -1.909398 0.061490 0.812466 -0.657317 1.000000 
-0.183020 0.614646 0.148490 1.546958 -1.908841 0.077569 0.807314 -0.630053 1.000000 
-0.178036 0.631181 0.160819 1.535044 -1.908157 0.093371 0.802392 -0.600225 1.000000 
-0.172922 0.647238 0.173048 1.522111 -1.907348 0.108867 0.797715 -0.568736 1.000000 
-0.167682 0.662808 0.185170 1.508181 -1.906416 0.124026 0.793294 -0.536412 1.000000 
-0.162319 0.677883 0.197177 1.493278 -1.905365 0.138822 0.789133 -0.503963 1.000000 
-0.156837 0.692453 0.209060 1.477423 -1.904196 0.153228 0.785229 -0.471975 1.000000 
-0.151241 0.706512 0.220813 1.460641 -1.902914 0.167220 0.781579 -0.440908 1.000000 
-0.145534 0.720053 0.232428 1.442957 -1.901522 0.180772 0.778171 -0.411101 1.000000 
-0.139722 0.733068 0.243898 1.424395 -1.900023 0.193861 0.774997 -0.382789 1.000000 
-0.133807 0.745554 0.255216 1.404980 -1.898422 0.206466 0.772042 -0.356118 1.000000 
-0.127794 0.757505 0.266375 1.384738 -1.896721 0.218566 0.769294 -0.331159 1.000000 
-0.121688 0.768917 0.277370 1.363695 -1.894926 0.230139 0.766739 -0.307929 1.000000 
-0.115493 0.779788 0.288192 1.341878 -1.893040 0.241167 0.764363 -0.286402 1.000000 
-0.109213 0.790113 0.298838 1.319314 -1.891069 0.251631 0.762152 -0.266522 1.000000 
-0.102852 0.799891 0.309300 1.296028 -1.889016 0.261516 0.760095 -0.248211 1.000000 
-0.096416 0.809121 0.319572 1.272050 -1.886886 0.270804 0.758177 -0.231380 1.000000 
-0.089908 0.817801 0.329651 1.247405 -1.884685 0.279481 0.756389 -0.215933 1.000000 
-0.083333 0.825932 0.339529 1.222121 -1.882416 0.287533 0.754719 -0.201770 1.000000 
-0.076695 0.833513 0.349203 1.196227 -1.880086 0.294948 0.753157 -0.188793 1.000000 
-0.069998 0.840547 0.358667 1.169749 -1.877699 0.301716 0.751695 -0.176908 1.000000 
-0.063247 0.847033 0.367917 1.142714 -1.875260 0.307826 0.750324 -0.166022 1.000000 
-0.056447 0.852975 0.376949 1.115151 -1.872775 0.313270 0.749036 -0.156052 1.000000 
-0.049601 0.858374 0.385758 1.087086 -1.870249 0.318040 0.747825 -0.146917 1.000000 
-0.042714 0.863234 0.394341 1.058546 -1.867688 0.322132 0.746684 -0.138543 1.000000 
-0.035791 0.867559 0.402694 1.029557 -1.865097 0.325541 0.745606 -0.130865 1.000000 
-0.028835 0.871352 0.410813 1.000146 -1.862482 0.328263 0.744588 -0.123818 1.000000 
-0.021851 0.874618 0.418695 0.970339 -1.859847 0.330297 0.743624 -0.117348 1.000000 
-0.014842 0.877361 0.426338 0.940161 -1.857199 0.331643 0.742709 -0.111402 1.000000 
-0.007814 0.879588 0.433737 0.909636 -1.854542 0.332302 0.741840 -0.105935 1.000000 
-0.000770 0.881302 0.440891 0.878790 -1.851884 0.332275 0.741013 -0.100904 1.000000 
0.006285 0.882511 0.447797 0.847646 -1.849228 0.331567 0.740225 -0.096271 1.000000 
0.013349 0.883219 0.454452 0.816226 -1.846580 0.330183 0.739472 -0.092002 1.000000 
0.020415 0.883434 0.460856 0.784555 -1.843947 0.328128 0.738752 -0.088065 1.000000 
0.027482 0.883161 0.467005 0.752652 -1.841332 0.325410 0.738062 -0.084433 1.000000 
0.034545 0.882408 0.472898 0.720540 -1.838742 0.322037 0.737400 -0.081079 1.000000 
0.041599 0.881181 0.478533 0.688240 -1.836181 0.318020 0.736764 -0.077982 1.000000 
0.048642 0.879487 0.483909 0.655769 -1.833655 0.313369 0.736152 -0.075120 1.000000 
0.055670 0.877333 0.489025 0.623149 -1.831169 0.308096 0.735561 -0.072474 1.000000 
0.062679 0.874725 0.493879 0.590396 -1.828727 0.302214 0.734992 -0.070028 1.000000 
0.069664 0.871672 0.498471 0.557529 -1.826335 0.295737 0.734441 -0.067767 1.000000 
0.076624 0.868179 0.502799 0.524563 -1.823997 0.288681 0.733907 -0.065676 1.000000 
0.083554 0.864254 0.506864 0.491515 -1.821718 0.281061 0.733389 -0.063743 1.000000 
0.090451 0.859903 0.510663 0.458400 -1.819501 0.272895 0.732887 -0.061957 1.000000 
0.097311 0.855134 0.514198 0.425233 -1.817353 0.264200 0.732398 -0.060307 1.000000 
0.104132 0.849952 0.517467 0.392026 -1.815276 0.254995 0.731921 -0.058785 1.000000 
0.110910 0.844365 0.520470 0.358793 -1.813274 0.245299 0.731457 -0.057381 1.000000 
0.117641 0.838378 0.523208 0.325546 -1.811352 0.235132 0.731003 -0.056089 1.000000 
0.124323 0.831998 0.525679 0.292297 -1.809513 0.224516 0.730559 -0.054902 1.000000 
0.130952 0.825231 0.527884 0.259056 -1.807761 0.213472 0.730124 -0.053813 1.000000 
0.137525 0.818083 0.529824 0.225834 -1.806099 0.202023 0.729698 -0.052817 1.000000 
0.144040 0.810559 0.531498 0.192641 -1.804530 0.190190 0.729279 -0.051908 1.000000 
0.150493 0.802664 0.532906 0.159484 -1.803057 0.177998 0.728867 -0.051083 1.000000 
0.156882 0.794404 0.534050 0.126374 -1.801683 0.165470 0.728461 -0.050338 1.000000 
0.163203 0.785784 0.534928 0.093318 -1.800410 0.152631 0.728061 -0.049667 1.000000 
0.169453 0.776807 0.535543 0.060323 -1.799241 0.139505 0.727667 -0.049070 1.000000 
0.175631 0.767480 0.535894 0.027396 -1.798179 0.126117 0.727276 -0.048542 1.000000 
0.181732 0.757804 0.535981 -0.005455 -1.797224 0.112493 0.726890 -0.048081 1.000000 
0.187755 0.747786 0.535807 -0.038224 -1.796379 0.098659 0.726507 -0.047685 1.000000 
0.193696 0.737427 0.535370 -0.070905 -1.795646 0.084641 0.726127 -0.047353 1.000000 
0.199553 0.726732 0.534672 -0.103493 -1.795025 0.070464 0.725749 -0.047082 1.000000 
0.205323 0.715704 0.533714 -0.135981 -1.794519 0.056156 0.725373 -0.046871 1.000000 
0.211003 0.704346 0.532497 -0.168364 -1.794127 0.041743 0.724999 -0.046720 1.000000 
0.216591 0.692661 0.531021 -0.200637 -1.793851 0.027252 0.724625 -0.046628 1.000000 
0.222085 0.680651 0.529287 -0.232795 -1.793691 0.012710 0.724253 -0.046593 1.000000 
0.227481 0.668318 0.527297 -0.264832 -1.793648 -0.001857 0.723880 -0.046617 1.000000 
0.232777 0.655665 0.525050 -0.296743 -1.793721 -0.016422 0.723506 -0.046698 1.000000 
0.237971 0.642695 0.522549 -0.328523 -1.793911 -0.030957 0.723132 -0.046838 1.000000 
0.243059 0.629408 0.519794 -0.360166 -1.794216 -0.045436 0.722757 -0.047036 1.000000 
0.248040 0.615807 0.516787 -0.391667 -1.794637 -0.059833 0.722380 -0.047293 1.000000 
0.252911 0.601894 0.513528 -0.423019 -1.795173 -0.074120 0.722000 -0.047611 1.000000 
0.257670 0.587670 0.510019 -0.454218 -1.795823 -0.088272 0.721618 -0.047990 1.000000 
0.262313 0.573137 0.506261 -0.485256 -1.796585 -0.102261 0.721232 -0.048433 1.000000 
0.266839 0.558297 0.502255 -0.516127 -1.797459 -0.116063 0.720843 -0.048940 1.000000 
0.271245 0.543152 0.498003 -0.546824 -1.798442 -0.129652 0.720449 -0.049514 1.000000 
0.275529 0.527702 0.493506 -0.577341 -1.799532 -0.143002 0.720050 -0.050158 1.000000 
0.279688 0.511951 0.488766 -0.607668 -1.800729 -0.156088 0.719646 -0.050874 1.000000 
0.283719 0.495899 0.483784 -0.637799 -1.802029 -0.168887 0.719236 -0.051665 1.000000 
0.287621 0.479549 0.478562 -0.667724 -1.803430 -0.181373 0.718819 -0.052534 1.000000 
0.291391 0.462903 0.473101 -0.697434 -1.804930 -0.193523 0.718395 -0.053486 1.000000 
0.295027 0.445963 0.467404 -0.726921 -1.806526 -0.205314 0.717963 -0.054525 1.000000 
0.298526 0.428732 0.461471 -0.756173 -1.808214 -0.216723 0.717523 -0.055655 1.000000 
0.301886 0.411212 0.455306 -0.785180 -1.809992 -0.227729 0.717073 -0.056881 1.000000 
0.305104 0.393407 0.448909 -0.813930 -1.811857 -0.238311 0.716612 -0.058210 1.000000 
0.308180 0.375319 0.442283 -0.842413 -1.813804 -0.248446 0.716141 -0.059648 1.000000 
0.311109 0.356953 0.435431 -0.870616 -1.815831 -0.258117 0.715658 -0.061201 1.000000 
0.313890 0.338312 0.428354 -0.898525 -1.817933 -0.267303 0.715161 -0.062877 1.000000 
0.316521 0.319400 0.421056 -0.926127 -1.820106 -0.275986 0.714651 -0.064685 1.000000 
0.319000 0.300223 0.413537 -0.953409 -1.822347 -0.284149 0.714126 -0.066633 1.000000 
0.321324 0.280785 0.405802 -0.980355 -1.824651 -0.291775 0.713585 -0.068733 1.000000 
0.323492 0.261092 0.397852 -1.006950 -1.827014 -0.298848 0.713026 -0.070994 1.000000 
0.325501 0.241149 0.389692 -1.033179 -1.829431 -0.305354 0.712448 -0.073430 1.000000 
0.327349 0.220964 0.381323 -1.059025 -1.831898 -0.311279 0.711850 -0.076053 1.000000 
0.329036 0.200543 0.372748 -1.084472 -1.834410 -0.316610 0.711231 -0.078878 1.000000 
0.330557 0.179893 0.363972 -1.109502 -1.836962 -0.321336 0.710588 -0.081921 1.000000 
0.331913 0.159023 0.354997 -1.134098 -1.839550 -0.325446 0.709920 -0.085200 1.000000 
0.333101 0.137942 0.345828 -1.158241 -1.842168 -0.328931 0.709224 -0.088733 1.000000 
0.334120 0.116657 0.336467 -1.181912 -1.844811 -0.331783 0.708499 -0.092542 1.000000 
0.334967 0.095179 0.326919 -1.205095 -1.847474 -0.333994 0.707743 -0.096651 1.000000 
0.335642 0.073518 0.317187 -1.227768 -1.850153 -0.335560 0.706952 -0.101083 1.000000 
0.336143 0.051685 0.307276 -1.249913 -1.852842 -0.336476 0.706124 -0.105866 1.000000 
0.336469 0.029690 0.297190 -1.271510 -1.855535 -0.336738 0.705257 -0.111031 1.000000 
0.336618 0.007546 0.286933 -1.292540 -1.858228 -0.336346 0.704347 -0.116610 1.000000 
0.336589 -0.014734 0.276510 -1.312982 -1.860915 -0.335298 0.703390 -0.122637 1.000000 
0.336382 -0.037139 0.265927 -1.332817 -1.863591 -0.333597 0.702383 -0.129153 1.000000 
0.335995 -0.059653 0.255187 -1.352025 -1.866251 -0.331243 0.701322 -0.136197 1.000000 
0.335427 -0.082264 0.244296 -1.370586 -1.868889 -0.328242 0.700202 -0.143814 1.000000 
0.334678 -0.104957 0.233259 -1.388481 -1.871501 -0.324598 0.699019 -0.152052 1.000000 
0.333747 -0.127717 0.222082 -1.405691 -1.874081 -0.320318 0.697768 -0.160961 1.000000 
0.332635 -0.150528 0.210770 -1.422195 -1.876624 -0.315411 0.696442 -0.170595 1.000000 
0.331339 -0.173374 0.199329 -1.437976 -1.879126 -0.309886 0.695036 -0.181009 1.000000 
0.329860 -0.196239 0.187765 -1.453015 -1.881581 -0.303753 0.693544 -0.192260 1.000000 
0.328199 -0.219106 0.176083 -1.467295 -1.883984 -0.297026 0.691958 -0.204407 1.000000 
0.326355 -0.241957 0.164290 -1.480797 -1.886332 -0.289719 0.690271 -0.217508 1.000000 
0.324328 -0.264777 0.152392 -1.493506 -1.888618 -0.281846 0.688475 -0.231618 1.000000 
0.322119 -0.287546 0.140396 -1.505406 -1.890840 -0.273425 0.686562 -0.246789 1.000000 
0.319727 -0.310246 0.128308 -1.516480 -1.892992 -0.264473 0.684523 -0.263066 1.000000 
0.317155 -0.332859 0.116135 -1.526716 -1.895070 -0.255010 0.682350 -0.280481 1.000000 
0.314402 -0.355368 0.103883 -1.536099 -1.897070 -0.245057 0.680033 -0.299054 1.000000 
0.311469 -0.377752 0.091559 -1.544616 -1.898989 -0.234635 0.677562 -0.318783 1.000000 
0.308358 -0.399995 0.079171 -1.552258 -1.900823 -0.223768 0.674929 -0.339641 1.000000 
0.305070 -0.422076 0.066726 -1.559012 -1.902569 -0.212480 0.672125 -0.361569 1.000000 
0.301605 -0.443977 0.054230 -1.564870 -1.904222 -0.200797 0.669141 -0.384466 1.000000 
0.297967 -0.465680 0.041690 -1.569824 -1.905780 -0.188744 0.665971 -0.408188 1.000000 
0.294155 -0.487166 0.029115 -1.573866 -1.907241 -0.176349 0.662609 -0.432535 1.000000 
0.290173 -0.508416 0.016511 -1.576993 -1.908601 -0.163640 0.659050 -0.457251 1.000000 
0.286021 -0.529414 0.003885 -1.579198 -1.909858 -0.150647 0.655292 -0.482016 1.000000 
0.281703 -0.550140 -0.008754 -1.580480 -1.911011 -0.137398 0.651338 -0.506452 1.000000 
0.277220 -0.570578 -0.021400 -1.580836 -1.912056 -0.123924 0.647191 -0.530124 1.000000 
0.272574 -0.590711 -0.034045 -1.580268 -1.912993 -0.110255 0.642860 -0.552552 1.000000 
0.267769 -0.610521 -0.046682 -1.578775 -1.913820 -0.096422 0.638355 -0.573228 1.000000 
0.262807 -0.629994 -0.059303 -1.576360 -1.914535 -0.082455 0.633694 -0.591633 1.000000 
0.257690 -0.649112 -0.071901 -1.573028 -1.915139 -0.068385 0.628896 -0.607272 1.000000 
0.252422 -0.667863 -0.084469 -1.568784 -1.915629 -0.054243 0.623986 -0.619693 1.000000 
0.247005 -0.686230 -0.096999 -1.563634 -1.916007 -0.040059 0.618991 -0.628526 1.000000 
0.241443 -0.704201 -0.109485 -1.557585 -1.916270 -0.025862 0.613940 -0.633499 1.000000 
0.235739 -0.721764 -0.121918 -1.550648 -1.916421 -0.011681 0.608866 -0.634466 1.000000 
0.229896 -0.738904 -0.134293 -1.542830 -1.916457 0.002454 0.603799 -0.631412 1.000000 
0.223918 -0.755613 -0.146601 -1.534144 -1.916381 0.016517 0.598773 -0.624457 1.000000 
0.217808 -0.771878 -0.158837 -1.524600 -1.916193 0.030482 0.593818 -0.613842 1.000000 
0.211569 -0.787690 -0.170992 -1.514212 -1.915894 0.044322 0.588961 -0.599917 1.000000 
0.205206 -0.803040 -0.183062 -1.502992 -1.915485 0.058012 0.584227 -0.583107 1.000000 
0.198722 -0.817919 -0.195038 -1.490955 -1.914966 0.071529 0.579637 -0.563892 1.000000 
0.192121 -0.832319 -0.206915 -1.478116 -1.914341 0.084850 0.575210 -0.542775 1.000000 
0.185406 -0.846234 -0.218686 -1.464488 -1.913609 0.097952 0.570957 -0.520254 1.000000 
0.178582 -0.859657 -0.230345 -1.450088 -1.912774 0.110814 0.566888 -0.496805 1.000000 
0.171653 -0.872581 -0.241885 -1.434932 -1.911837 0.123416 0.563009 -0.472861 1.000000 
0.164622 -0.885002 -0.253302 -1.419036 -1.910800 0.135738 0.559323 -0.448804 1.000000 
0.157494 -0.896914 -0.264588 -1.402417 -1.909666 0.147760 0.555828 -0.424961 1.000000 
0.150273 -0.908315 -0.275738 -1.385093 -1.908437 0.159465 0.552522 -0.401597 1.000000 
0.142962 -0.919199 -0.286748 -1.367081 -1.907115 0.170834 0.549400 -0.378924 1.000000 
0.135567 -0.929563 -0.297610 -1.348399 -1.905704 0.181851 0.546457 -0.357101 1.000000 
0.128091 -0.939406 -0.308320 -1.329065 -1.904207 0.192500 0.543684 -0.336241 1.000000 
0.120538 -0.948724 -0.318873 -1.309098 -1.902625 0.202763 0.541074 -0.316417 1.000000 
0.112913 -0.957517 -0.329264 -1.288516 -1.900964 0.212628 0.538619 -0.297671 1.000000 
0.105219 -0.965782 -0.339488 -1.267339 -1.899225 0.222078 0.536309 -0.280016 1.000000 
0.097462 -0.973520 -0.349540 -1.245585 -1.897412 0.231102 0.534136 -0.263445 1.000000 
0.089644 -0.980729 -0.359416 -1.223274 -1.895528 0.239685 0.532091 -0.247937 1.000000 
0.081771 -0.987411 -0.369111 -1.200425 -1.893578 0.247816 0.530166 -0.233455 1.000000 
0.073847 -0.993565 -0.378621 -1.177058 -1.891564 0.255483 0.528353 -0.219957 1.000000 
0.065876 -0.999193 -0.387943 -1.153192 -1.889491 0.262676 0.526644 -0.207394 1.000000 
0.057861 -1.004297 -0.397071 -1.128846 -1.887363 0.269384 0.525032 -0.195716 1.000000 
0.049808 -1.008877 -0.406003 -1.104041 -1.885182 0.275600 0.523510 -0.184868 1.000000 
0.041721 -1.012938 -0.414735 -1.078797 -1.882954 0.281315 0.522072 -0.174797 1.000000 
0.033603 -1.016480 -0.423263 -1.053132 -1.880683 0.286522 0.520712 -0.165453 1.000000 
0.025458 -1.019508 -0.431584 -1.027065 -1.878371 0.291214 0.519423 -0.156784 1.000000 
0.017292 -1.022024 -0.439695 -1.000618 -1.876025 0.295386 0.518201 -0.148742 1.000000 
0.009107 -1.024033 -0.447593 -0.973807 -1.873647 0.299033 0.517042 -0.141281 1.000000 
0.000909 -1.025538 -0.455275 -0.946654 -1.871242 0.302152 0.515939 -0.134359 1.000000 
-0.007300 -1.026544 -0.462738 -0.919175 -1.868814 0.304739 0.514891 -0.127935 1.000000 
-0.015515 -1.027055 -0.469981 -0.891391 -1.866367 0.306792 0.513891 -0.121972 1.000000 
-0.023732 -1.027077 -0.477000 -0.863319 -1.863906 0.308311 0.512938 -0.116434 1.000000 
-0.031947 -1.026614 -0.483793 -0.834977 -1.861436 0.309295 0.512027 -0.111289 1.000000 
-0.040156 -1.025671 -0.490359 -0.806382 -1.858959 0.309745 0.511156 -0.106508 1.000000 
-0.048356 -1.024255 -0.496694 -0.777553 -1.856481 0.309661 0.510322 -0.102062 1.000000 
-0.056543 -1.022370 -0.502799 -0.748507 -1.854006 0.309048 0.509523 -0.097927 1.000000 
-0.064713 -1.020024 -0.508670 -0.719259 -1.851538 0.307907 0.508755 -0.094080 1.000000 
-0.072862 -1.017221 -0.514306 -0.689826 -1.849081 0.306242 0.508017 -0.090498 1.000000 
-0.080987 -1.013968 -0.519707 -0.660225 -1.846639 0.304060 0.507306 -0.087163 1.000000 
-0.089084 -1.010271 -0.524870 -0.630470 -1.844217 0.301364 0.506621 -0.084055 1.000000 
-0.097150 -1.006136 -0.529794 -0.600576 -1.841819 0.298162 0.505961 -0.081160 1.000000 
-0.105181 -1.001570 -0.534479 -0.570559 -1.839448 0.294460 0.505322 -0.078462 1.000000 
-0.113174 -0.996579 -0.538923 -0.540432 -1.837109 0.290267 0.504705 -0.075946 1.000000 
-0.121126 -0.991169 -0.543125 -0.510209 -1.834805 0.285591 0.504107 -0.073600 1.000000 
-0.129032 -0.985347 -0.547086 -0.479903 -1.832541 0.280442 0.503527 -0.071413 1.000000 
-0.136890 -0.979119 -0.550803 -0.449527 -1.830319 0.274830 0.502964 -0.069374 1.000000 
-0.144697 -0.972491 -0.554278 -0.419094 -1.828145 0.268764 0.502416 -0.067474 1.000000 
-0.152449 -0.965470 -0.557509 -0.388615 -1.826020 0.262258 0.501884 -0.065702 1.000000 
-0.160143 -0.958061 -0.560496 -0.358101 -1.823950 0.255322 0.501365 -0.064052 1.000000 
-0.167777 -0.950271 -0.563238 -0.327565 -1.821936 0.247969 0.500859 -0.062515 1.000000 
-0.175347 -0.942107 -0.565737 -0.297016 -1.819983 0.240213 0.500364 -0.061086 1.000000 
-0.182849 -0.933573 -0.567991 -0.266465 -1.818094 0.232066 0.499881 -0.059756 1.000000 
-0.190283 -0.924675 -0.570000 -0.235920 -1.816271 0.223544 0.499408 -0.058522 1.000000 
-0.197643 -0.915420 -0.571765 -0.205393 -1.814518 0.214660 0.498944 -0.057377 1.000000 
-0.204928 -0.905813 -0.573287 -0.174891 -1.812837 0.205431 0.498490 -0.056317 1.000000 
-0.212135 -0.895860 -0.574564 -0.144424 -1.811232 0.195872 0.498043 -0.055338 1.000000 
-0.219261 -0.885564 -0.575597 -0.113998 -1.809704 0.185998 0.497604 -0.054435 1.000000 
-0.226304 -0.874933 -0.576388 -0.083623 -1.808257 0.175826 0.497172 -0.053604 1.000000 
-0.233259 -0.863970 -0.576936 -0.053306 -1.806892 0.165374 0.496746 -0.052844 1.000000 
-0.240126 -0.852681 -0.577241 -0.023054 -1.805612 0.154657 0.496326 -0.052150 1.000000 
-0.246901 -0.841070 -0.577305 0.007125 -1.804418 0.143695 0.495912 -0.051519 1.000000 
-0.253582 -0.829141 -0.577127 0.037227 -1.803313 0.132504 0.495502 -0.050951 1.000000 
-0.260167 -0.816900 -0.576709 0.067243 -1.802298 0.121102 0.495096 -0.050441 1.000000 
-0.266652 -0.804350 -0.576052 0.097167 -1.801376 0.109509 0.494695 -0.049989 1.000000 
-0.273036 -0.791495 -0.575155 0.126994 -1.800547 0.097742 0.494296 -0.049593 1.000000 
-0.279315 -0.778339 -0.574020 0.156718 -1.799812 0.085820 0.493901 -0.049251 1.000000 
-0.285488 -0.764886 -0.572648 0.186333 -1.799174 0.073763 0.493508 -0.048962 1.000000 
-0.291553 -0.751139 -0.571039 0.215833 -1.798633 0.061588 0.493117 -0.048725 1.000000 
-0.297506 -0.737103 -0.569195 0.245214 -1.798189 0.049317 0.492728 -0.048538 1.000000 
-0.303345 -0.722780 -0.567116 0.274469 -1.797844 0.036967 0.492341 -0.048402 1.000000 
-0.309069 -0.708173 -0.564803 0.303593 -1.797598 0.024558 0.491954 -0.048315 1.000000 
-0.314675 -0.693286 -0.562259 0.332582 -1.797451 0.012110 0.491567 -0.048278 1.000000 
-0.320161 -0.678122 -0.559482 0.361429 -1.797404 -0.000357 0.491181 -0.048290 1.000000 
-0.325525 -0.662683 -0.556476 0.390130 -1.797457 -0.012825 0.490795 -0.048351 1.000000 
-0.330763 -0.646973 -0.553241 0.418679 -1.797609 -0.025274 0.490407 -0.048461 1.000000 
-0.335876 -0.630995 -0.549778 0.447071 -1.797861 -0.037684 0.490019 -0.048621 1.000000 
-0.340859 -0.614750 -0.546088 0.475301 -1.798212 -0.050036 0.489629 -0.048830 1.000000 
-0.345711 -0.598243 -0.542173 0.503362 -1.798661 -0.062311 0.489238 -0.049091 1.000000 
-0.350430 -0.581475 -0.538035 0.531249 -1.799209 -0.074489 0.488844 -0.049402 1.000000 
-0.355014 -0.564450 -0.533674 0.558957 -1.799853 -0.086552 0.488447 -0.049766 1.000000 
-0.359460 -0.547170 -0.529092 0.586479 -1.800593 -0.098480 0.488047 -0.050184 1.000000 
-0.363768 -0.529638 -0.524291 0.613810 -1.801428 -0.110255 0.487644 -0.050657 1.000000 
-0.367934 -0.511856 -0.519272 0.640942 -1.802357 -0.121858 0.487237 -0.051187 1.000000 
-0.371957 -0.493828 -0.514036 0.667870 -1.803377 -0.133271 0.486825 -0.051774 1.000000 
-0.375835 -0.475557 -0.508586 0.694587 -1.804488 -0.144476 0.486408 -0.052422 1.000000 
-0.379565 -0.457046 -0.502923 0.721085 -1.805688 -0.155456 0.485986 -0.053133 1.000000 
-0.383147 -0.438298 -0.497049 0.747357 -1.806975 -0.166192 0.485558 -0.053909 1.000000 
-0.386577 -0.419316 -0.490966 0.773396 -1.808347 -0.176668 0.485123 -0.054753 1.000000 
-0.389855 -0.400104 -0.484676 0.799193 -1.809801 -0.186867 0.484682 -0.055668 1.000000 
-0.392978 -0.380665 -0.478180 0.824742 -1.811336 -0.196772 0.484232 -0.056657 1.000000 
-0.395945 -0.361003 -0.471481 0.850033 -1.812949 -0.206368 0.483775 -0.057723 1.000000 
-0.398754 -0.341122 -0.464580 0.875057 -1.814637 -0.215639 0.483309 -0.058872 1.000000 
-0.401403 -0.321027 -0.457480 0.899807 -1.816398 -0.224569 0.482833 -0.060106 1.000000 
-0.403890 -0.300722 -0.450184 0.924271 -1.818229 -0.233145 0.482347 -0.061432 1.000000 
-0.406214 -0.280211 -0.442693 0.948442 -1.820127 -0.241353 0.481850 -0.062853 1.000000 
-0.408373 -0.259500 -0.435010 0.972309 -1.822090 -0.249177 0.481341 -0.064376 1.000000 
-0.410365 -0.238594 -0.427137 0.995861 -1.824113 -0.256607 0.480819 -0.066007 1.000000 
-0.412190 -0.217498 -0.419077 1.019088 -1.826194 -0.263628 0.480284 -0.067752 1.000000 
-0.413844 -0.196218 -0.410832 1.041981 -1.828330 -0.270229 0.479735 -0.069618 1.000000 
-0.415329 -0.174760 -0.402406 1.064526 -1.830517 -0.276399 0.479170 -0.071614 1.000000 
-0.416640 -0.153131 -0.393801 1.086714 -1.832751 -0.282128 0.478589 -0.073747 1.000000 
-0.417778 -0.131338 -0.385019 1.108533 -1.835030 -0.287405 0.477990 -0.076027 1.000000 
-0.418741 -0.109387 -0.376065 1.129970 -1.837348 -0.292221 0.477372 -0.078463 1.000000 
-0.419528 -0.087286 -0.366941 1.151014 -1.839704 -0.296567 0.476734 -0.081067 1.000000 
-0.420137 -0.065043 -0.357650 1.171653 -1.842092 -0.300436 0.476074 -0.083850 1.000000 
-0.420568 -0.042666 -0.348196 1.191875 -1.844509 -0.303821 0.475392 -0.086824 1.000000 
-0.420820 -0.020164 -0.338581 1.211666 -1.846952 -0.306715 0.474685 -0.090004 1.000000 
-0.420891 0.002455 -0.328810 1.231013 -1.849416 -0.309113 0.473951 -0.093403 1.000000 
-0.420780 0.025181 -0.318886 1.249905 -1.851896 -0.311010 0.473190 -0.097038 1.000000 
-0.420487 0.048005 -0.308813 1.268328 -1.854390 -0.312403 0.472398 -0.100926 1.000000 
-0.420012 0.070916 -0.298594 1.286270 -1.856894 -0.313288 0.471574 -0.105086 1.000000 
-0.419353 0.093905 -0.288234 1.303716 -1.859402 -0.313663 0.470716 -0.109536 1.000000 
-0.418509 0.116961 -0.277736 1.320654 -1.861911 -0.313526 0.469821 -0.114299 1.000000 
-0.417481 0.140072 -0.267105 1.337071 -1.864417 -0.312878 0.468886 -0.119397 1.000000 
-0.416268 0.163227 -0.256344 1.352955 -1.866915 -0.311719 0.467909 -0.124855 1.000000 
-0.414869 0.186414 -0.245459 1.368291 -1.869403 -0.310051 0.466887 -0.130698 1.000000 
-0.413285 0.209622 -0.234453 1.383067 -1.871875 -0.307874 0.465817 -0.136954 1.000000 
-0.411515 0.232838 -0.223332 1.397271 -1.874328 -0.305194 0.464695 -0.143652 1.000000 
-0.409560 0.256049 -0.212098 1.410890 -1.876757 -0.302013 0.463517 -0.150822 1.000000 
-0.407419 0.279242 -0.200759 1.423911 -1.879158 -0.298338 0.462280 -0.158497 1.000000 
-0.405092 0.302404 -0.189318 1.436324 -1.881529 -0.294173 0.460980 -0.166708 1.000000 
-0.402580 0.325522 -0.177779 1.448115 -1.883864 -0.289526 0.459612 -0.175490 1.000000 
-0.399884 0.348582 -0.166149 1.459273 -1.886160 -0.284404 0.458170 -0.184877 1.000000 
-0.397003 0.371570 -0.154433 1.469789 -1.888413 -0.278817 0.456652 -0.194902 1.000000 
-0.393939 0.394472 -0.142635 1.479650 -1.890620 -0.272774 0.455050 -0.205599 1.000000 
-0.390692 0.417273 -0.130760 1.488846 -1.892776 -0.266286 0.453360 -0.216997 1.000000 
-0.387263 0.439960 -0.118815 1.497369 -1.894879 -0.259363 0.451576 -0.229125 1.000000 
-0.383653 0.462517 -0.106804 1.505208 -1.896925 -0.252018 0.449692 -0.242006 1.000000 
-0.379863 0.484930 -0.094733 1.512355 -1.898910 -0.244265 0.447702 -0.255657 1.000000 
-0.375894 0.507184 -0.082608 1.518801 -1.900832 -0.236116 0.445600 -0.270087 1.000000 
-0.371749 0.529265 -0.070434 1.524540 -1.902687 -0.227588 0.443379 -0.285294 1.000000 
-0.367427 0.551158 -0.058217 1.529564 -1.904473 -0.218695 0.441033 -0.301264 1.000000 
-0.362931 0.572848 -0.045963 1.533867 -1.906185 -0.209454 0.438557 -0.317965 1.000000 
-0.358262 0.594321 -0.033678 1.537444 -1.907823 -0.199881 0.435944 -0.335347 1.000000 
-0.353422 0.615562 -0.021366 1.540289 -1.909383 -0.189995 0.433189 -0.353338 1.000000 
-0.348413 0.636556 -0.009035 1.542399 -1.910862 -0.179814 0.430289 -0.371840 1.000000 
-0.343238 0.657290 0.003310 1.543770 -1.912259 -0.169356 0.427239 -0.390727 1.000000 
-0.337897 0.677748 0.015664 1.544400 -1.913571 -0.158641 0.424037 -0.409844 1.000000 
-0.332395 0.697919 0.028019 1.544287 -1.914797 -0.147689 0.420681 -0.429002 1.000000 
-0.326732 0.717787 0.040370 1.543431 -1.915934 -0.136520 0.417173 -0.447983 1.000000 
-0.320911 0.737339 0.052712 1.541830 -1.916980 -0.125155 0.413515 -0.466540 1.000000 
-0.314935 0.756564 0.065037 1.539486 -1.917936 -0.113616 0.409710 -0.484400 1.000000 
-0.308807 0.775447 0.077341 1.536400 -1.918798 -0.101922 0.405767 -0.501270 1.000000 
-0.302529 0.793976 0.089618 1.532575 -1.919566 -0.090096 0.401694 -0.516849 1.000000 
-0.296104 0.812141 0.101861 1.528014 -1.920239 -0.078159 0.397502 -0.530834 1.000000 
-0.289536 0.829928 0.114064 1.522721 -1.920816 -0.066133 0.393205 -0.542936 1.000000 
-0.282826 0.847328 0.126222 1.516700 -1.921297 -0.054038 0.388820 -0.552887 1.000000 
-0.275979 0.864330 0.138329 1.509957 -1.921681 -0.041897 0.384365 -0.560463 1.000000 
-0.268998 0.880924 0.150380 1.502499 -1.921967 -0.029731 0.379860 -0.565487 1.000000 
-0.261886 0.897101 0.162367 1.494332 -1.922156 -0.017560 0.375325 -0.567841 1.000000 
-0.254646 0.912850 0.174287 1.485464 -1.922248 -0.005404 0.370782 -0.567475 1.000000 
-0.247281 0.928165 0.186133 1.475903 -1.922243 0.006715 0.366252 -0.564408 1.000000 
-0.239796 0.943037 0.197900 1.465658 -1.922141 0.018780 0.361758 -0.558726 1.000000 
-0.232194 0.957458 0.209582 1.454737 -1.921943 0.030769 0.357319 -0.550577 1.000000 
-0.224478 0.971423 0.221174 1.443152 -1.921649 0.042665 0.352955 -0.540164 1.000000 
-0.216652 0.984923 0.232670 1.430912 -1.921260 0.054450 0.348682 -0.527731 1.000000 
-0.208721 0.997954 0.244067 1.418027 -1.920778 0.066105 0.344516 -0.513554 1.000000 
-0.200686 1.010510 0.255357 1.404510 -1.920203 0.077613 0.340469 -0.497924 1.000000 
-0.192554 1.022586 0.266537 1.390371 -1.919537 0.088959 0.336552 -0.481140 1.000000 
-0.184326 1.034178 0.277602 1.375622 -1.918780 0.100125 0.332773 -0.463491 1.000000 
-0.176008 1.045282 0.288546 1.360276 -1.917935 0.111096 0.329138 -0.445255 1.000000 
-0.167603 1.055894 0.299364 1.344344 -1.917003 0.121856 0.325650 -0.426684 1.000000 
-0.159115 1.066010 0.310053 1.327840 -1.915986 0.132392 0.322311 -0.408007 1.000000 
-0.150548 1.075629 0.320608 1.310777 -1.914886 0.142688 0.319122 -0.389423 1.000000 
-0.141906 1.084748 0.331024 1.293167 -1.913704 0.152731 0.316080 -0.371100 1.000000 
-0.133194 1.093365 0.341298 1.275024 -1.912443 0.162507 0.313183 -0.353176 1.000000 
-0.124414 1.101479 0.351423 1.256362 -1.911104 0.172004 0.310427 -0.335763 1.000000 
-0.115571 1.109088 0.361398 1.237194 -1.909691 0.181209 0.307809 -0.318947 1.000000 
-0.106670 1.116192 0.371217 1.217535 -1.908206 0.190111 0.305323 -0.302789 1.000000 
-0.097714 1.122789 0.380877 1.197398 -1.906650 0.198697 0.302963 -0.287333 1.000000 
-0.088707 1.128882 0.390374 1.176798 -1.905028 0.206956 0.300723 -0.272604 1.000000 
-0.079653 1.134468 0.399705 1.155750 -1.903340 0.214879 0.298599 -0.258613 1.000000 
-0.070556 1.139550 0.408865 1.134267 -1.901590 0.222456 0.296584 -0.245361 1.000000 
-0.061421 1.144128 0.417852 1.112364 -1.899782 0.229676 0.294671 -0.232837 1.000000 
-0.052252 1.148204 0.426662 1.090056 -1.897917 0.236531 0.292856 -0.221025 1.000000 
-0.043051 1.151779 0.435292 1.067357 -1.895998 0.243012 0.291133 -0.209904 1.000000 
-0.033825 1.154856 0.443739 1.044283 -1.894029 0.249112 0.289496 -0.199446 1.000000 
-0.024575 1.157435 0.451999 1.020847 -1.892013 0.254823 0.287940 -0.189624 1.000000 
-0.015307 1.159522 0.460071 0.997065 -1.889953 0.260139 0.286460 -0.180408 1.000000 
-0.006024 1.161117 0.467952 0.972951 -1.887852 0.265054 0.285052 -0.171765 1.000000 
0.003270 1.162224 0.475638 0.948519 -1.885714 0.269561 0.283711 -0.163665 1.000000 
0.012570 1.162847 0.483127 0.923785 -1.883540 0.273657 0.282432 -0.156077 1.000000 
0.021874 1.162989 0.490417 0.898762 -1.881336 0.277336 0.281212 -0.148970 1.000000 
0.031177 1.162654 0.497507 0.873465 -1.879104 0.280595 0.280047 -0.142315 1.000000 
0.040475 1.161847 0.504392 0.847909 -1.876848 0.283431 0.278934 -0.136083 1.000000 
0.049765 1.160571 0.511072 0.822106 -1.874570 0.285841 0.277869 -0.130249 1.000000 
0.059043 1.158831 0.517545 0.796072 -1.872275 0.287824 0.276849 -0.124785 1.000000 
0.068305 1.156632 0.523809 0.769819 -1.869966 0.289377 0.275871 -0.119668 1.000000 
0.077548 1.153978 0.529862 0.743361 -1.867647 0.290501 0.274934 -0.114876 1.000000 
0.086768 1.150875 0.535702 0.716713 -1.865320 0.291194 0.274033 -0.110386 1.000000 
0.095961 1.147328 0.541329 0.689886 -1.862989 0.291459 0.273167 -0.106179 1.000000 
0.105124 1.143343 0.546740 0.662894 -1.860657 0.291295 0.272333 -0.102236 1.000000 
0.114253 1.138923 0.551935 0.635749 -1.858329 0.290704 0.271530 -0.098540 1.000000 
0.123345 1.134076 0.556912 0.608464 -1.856007 0.289689 0.270756 -0.095074 1.000000 
0.132397 1.128806 0.561670 0.581052 -1.853695 0.288253 0.270008 -0.091823 1.000000 
0.141405 1.123120 0.566208 0.553523 -1.851396 0.286398 0.269286 -0.088774 1.000000 
0.150366 1.117023 0.570526 0.525891 -1.849114 0.284130 0.268588 -0.085913 1.000000 
0.159276 1.110520 0.574622 0.498165 -1.846851 0.281451 0.267911 -0.083228 1.000000 
0.168133 1.103618 0.578496 0.470358 -1.844612 0.278368 0.267255 -0.080709 1.000000 
0.176933 1.096323 0.582148 0.442480 -1.842398 0.274886 0.266619 -0.078344 1.000000 
0.185673 1.088639 0.585576 0.414542 -1.840215 0.271011 0.266002 -0.076124 1.000000 
0.194351 1.080574 0.588780 0.386553 -1.838063 0.266749 0.265401 -0.074040 1.000000 
0.202962 1.072132 0.591761 0.358525 -1.835948 0.262108 0.264817 -0.072085 1.000000 
0.211504 1.063321 0.594517 0.330467 -1.833871 0.257096 0.264247 -0.070249 1.000000 
0.219974 1.054144 0.597048 0.302387 -1.831835 0.251719 0.263692 -0.068528 1.000000 
0.228369 1.044609 0.599355 0.274297 -1.829844 0.245988 0.263151 -0.066913 1.000000 
0.236687 1.034720 0.601437 0.246203 -1.827900 0.239910 0.262621 -0.065398 1.000000 
0.244924 1.024484 0.603294 0.218115 -1.826006 0.233495 0.262104 -0.063979 1.000000 
0.253077 1.013905 0.604927 0.190041 -1.824165 0.226753 0.261597 -0.062651 1.000000 
0.261145 1.002990 0.606335 0.161990 -1.822379 0.219694 0.261101 -0.061407 1.000000 
0.269124 0.991743 0.607518 0.133968 -1.820651 0.212329 0.260615 -0.060245 1.000000 
0.277012 0.980171 0.608478 0.105984 -1.818983 0.204668 0.260137 -0.059159 1.000000 
0.284806 0.968277 0.609214 0.078045 -1.817377 0.196722 0.259668 -0.058147 1.000000 
0.292504 0.956068 0.609727 0.050158 -1.815836 0.188503 0.259207 -0.057205 1.000000 
0.300102 0.943548 0.610017 0.022329 -1.814362 0.180024 0.258753 -0.056329 1.000000 
0.307600 0.930722 0.610085 -0.005434 -1.812956 0.171295 0.258305 -0.055517 1.000000 
0.314993 0.917595 0.609930 -0.033125 -1.811621 0.162331 0.257864 -0.054766 1.000000 
0.322281 0.904172 0.609555 -0.060739 -1.810359 0.153142 0.257429 -0.054074 1.000000 
0.329459 0.890457 0.608959 -0.088268 -1.809172 0.143743 0.256999 -0.053438 1.000000 
0.336527 0.876454 0.608143 -0.115708 -1.808060 0.134146 0.256574 -0.052856 1.000000 
0.343482 0.862168 0.607108 -0.143052 -1.807026 0.124365 0.256153 -0.052327 1.000000 
0.350321 0.847604 0.605854 -0.170295 -1.806071 0.114414 0.255736 -0.051849 1.000000 
0.357043 0.832765 0.604383 -0.197432 -1.805196 0.104305 0.255323 -0.051420 1.000000 
0.363645 0.817655 0.602696 -0.224457 -1.804402 0.094054 0.254913 -0.051040 1.000000 
0.370124 0.802279 0.600792 -0.251364 -1.803691 0.083675 0.254506 -0.050706 1.000000 
0.376480 0.786641 0.598674 -0.278150 -1.803064 0.073180 0.254102 -0.050418 1.000000 
0.382710 0.770743 0.596342 -0.304809 -1.802521 0.062586 0.253700 -0.050175 1.000000 
0.388811 0.754590 0.593797 -0.331336 -1.802063 0.051906 0.253299 -0.049977 1.000000 
0.394783 0.738185 0.591041 -0.357726 -1.801690 0.041155 0.252900 -0.049822 1.000000 
0.400622 0.721533 0.588074 -0.383975 -1.801404 0.030348 0.252502 -0.049710 1.000000 
0.406327 0.704635 0.584898 -0.410077 -1.801205 0.019499 0.252104 -0.049640 1.000000 
0.411895 0.687497 0.581513 -0.436029 -1.801092 0.008622 0.251707 -0.049613 1.000000 
0.417326 0.670121 0.577922 -0.461824 -1.801067 -0.002266 0.251311 -0.049629 1.000000 
0.422617 0.652511 0.574125 -0.487459 -1.801129 -0.013153 0.250913 -0.049687 1.000000 
0.427766 0.634669 0.570123 -0.512928 -1.801277 -0.024022 0.250515 -0.049787 1.000000 
0.432771 0.616600 0.565918 -0.538227 -1.801513 -0.034859 0.250117 -0.049930 1.000000 
0.437631 0.598306 0.561512 -0.563350 -1.801835 -0.045651 0.249716 -0.050115 1.000000 
0.442343 0.579791 0.556905 -0.588294 -1.802243 -0.056381 0.249315 -0.050345 1.000000 
0.446907 0.561058 0.552100 -0.613052 -1.802737 -0.067036 0.248911 -0.050618 1.000000 
0.451319 0.542110 0.547097 -0.637620 -1.803315 -0.077600 0.248505 -0.050936 1.000000 
0.455580 0.522951 0.541898 -0.661993 -1.803978 -0.088061 0.248096 -0.051300 1.000000 
0.459686 0.503584 0.536505 -0.686165 -1.804724 -0.098403 0.247684 -0.051711 1.000000 
0.463637 0.484012 0.530920 -0.710131 -1.805552 -0.108613 0.247268 -0.052169 1.000000 
0.467430 0.464239 0.525144 -0.733886 -1.806461 -0.118677 0.246849 -0.052677 1.000000 
0.471064 0.444269 0.519178 -0.757423 -1.807451 -0.128581 0.246425 -0.053235 1.000000 
0.474537 0.424105 0.513026 -0.780738 -1.808518 -0.138311 0.245997 -0.053845 1.000000 
0.477849 0.403750 0.506687 -0.803823 -1.809663 -0.147855 0.245564 -0.054509 1.000000 
0.480997 0.383209 0.500165 -0.826674 -1.810883 -0.157199 0.245125 -0.055228 1.000000 
0.483980 0.362486 0.493461 -0.849283 -1.812178 -0.166330 0.244680 -0.056006 1.000000 
0.486796 0.341584 0.486577 -0.871645 -1.813544 -0.175236 0.244228 -0.056844 1.000000 
0.489445 0.320507 0.479516 -0.893754 -1.814981 -0.183904 0.243770 -0.057744 1.000000 
0.491924 0.299261 0.472278 -0.915601 -1.816486 -0.192323 0.243304 -0.058710 1.000000 
0.494233 0.277849 0.464867 -0.937182 -1.818057 -0.200481 0.242831 -0.059744 1.000000 
0.496369 0.256276 0.457284 -0.958487 -1.819693 -0.208366 0.242348 -0.060850 1.000000 
0.498333 0.234547 0.449532 -0.979512 -1.821390 -0.215967 0.241857 -0.062030 1.000000 
0.500121 0.212667 0.441612 -1.000247 -1.823148 -0.223274 0.241356 -0.063290 1.000000 
0.501735 0.190641 0.433528 -1.020686 -1.824962 -0.230276 0.240844 -0.064632 1.000000 
0.503171 0.168475 0.425282 -1.040821 -1.826831 -0.236963 0.240321 -0.066062 1.000000 
0.504430 0.146173 0.416876 -1.060645 -1.828753 -0.243326 0.239787 -0.067583 1.000000 
0.505510 0.123743 0.408313 -1.080149 -1.830724 -0.249356 0.239240 -0.069201 1.000000 
0.506410 0.101189 0.399595 -1.099325 -1.832741 -0.255043 0.238679 -0.070921 1.000000 
0.507128 0.078518 0.390724 -1.118165 -1.834803 -0.260380 0.238105 -0.072750 1.000000 
0.507666 0.055737 0.381705 -1.136662 -1.836906 -0.265359 0.237515 -0.074692 1.000000 
0.508020 0.032852 0.372539 -1.154805 -1.839048 -0.269973 0.236909 -0.076756 1.000000 
0.508191 0.009871 0.363229 -1.172588 -1.841225 -0.274213 0.236286 -0.078949 1.000000 
0.508178 -0.013200 0.353778 -1.190000 -1.843434 -0.278075 0.235646 -0.081278 1.000000 
0.507980 -0.036354 0.344190 -1.207034 -1.845673 -0.281553 0.234986 -0.083751 1.000000 
0.507596 -0.059581 0.334467 -1.223681 -1.847938 -0.284640 0.234305 -0.086377 1.000000 
0.507026 -0.082876 0.324612 -1.239932 -1.850226 -0.287332 0.233603 -0.089167 1.000000 
0.506270 -0.106229 0.314629 -1.255777 -1.852535 -0.289626 0.232878 -0.092130 1.000000 
0.505326 -0.129631 0.304521 -1.271208 -1.854859 -0.291517 0.232129 -0.095277 1.000000 
0.504195 -0.153075 0.294291 -1.286217 -1.857198 -0.293002 0.231353 -0.098620 1.000000 
0.502877 -0.176552 0.283942 -1.300793 -1.859546 -0.294078 0.230550 -0.102172 1.000000 
0.501371 -0.200051 0.273479 -1.314928 -1.861902 -0.294744 0.229718 -0.105946 1.000000 
0.499676 -0.223565 0.262905 -1.328614 -1.864261 -0.294999 0.228854 -0.109955 1.000000 
0.497794 -0.247082 0.252223 -1.341840 -1.866621 -0.294840 0.227958 -0.114216 1.000000 
0.495723 -0.270594 0.241437 -1.354599 -1.868977 -0.294270 0.227026 -0.118743 1.000000 
0.493464 -0.294090 0.230550 -1.366881 -1.871328 -0.293287 0.226057 -0.123554 1.000000 
0.491017 -0.317561 0.219568 -1.378679 -1.873669 -0.291893 0.225049 -0.128666 1.000000 
0.488383 -0.340995 0.208493 -1.389983 -1.875997 -0.290089 0.223998 -0.134097 1.000000 
0.485562 -0.364381 0.197329 -1.400784 -1.878309 -0.287878 0.222902 -0.139868 1.000000 
0.482553 -0.387710 0.186082 -1.411076 -1.880602 -0.285264 0.221759 -0.145997 1.000000 
0.479358 -0.410970 0.174754 -1.420850 -1.882872 -0.282248 0.220565 -0.152506 1.000000 
0.475978 -0.434149 0.163349 -1.430097 -1.885117 -0.278836 0.219318 -0.159415 1.000000 
0.472412 -0.457237 0.151873 -1.438811 -1.887333 -0.275033 0.218013 -0.166746 1.000000 
0.468662 -0.480222 0.140330 -1.446983 -1.889517 -0.270844 0.216649 -0.174520 1.000000 
0.464729 -0.503093 0.128723 -1.454608 -1.891665 -0.266274 0.215220 -0.182758 1.000000 
0.460613 -0.525837 0.117058 -1.461678 -1.893776 -0.261331 0.213723 -0.191480 1.000000 
0.456316 -0.548443 0.105338 -1.468186 -1.895846 -0.256023 0.212155 -0.200704 1.000000 
0.451839 -0.570899 0.093568 -1.474126 -1.897871 -0.250356 0.210510 -0.210449 1.000000 
0.447182 -0.593193 0.081753 -1.479493 -1.899850 -0.244339 0.208786 -0.220727 1.000000 
0.442348 -0.615314 0.069898 -1.484281 -1.901780 -0.237982 0.206977 -0.231552 1.000000 
0.437338 -0.637249 0.058006 -1.488485 -1.903657 -0.231294 0.205080 -0.242928 1.000000 
0.432153 -0.658986 0.046084 -1.492100 -1.905480 -0.224285 0.203089 -0.254857 1.000000 
0.426794 -0.680514 0.034134 -1.495121 -1.907245 -0.216966 0.201001 -0.267333 1.000000 
0.421265 -0.701820 0.022163 -1.497546 -1.908950 -0.209348 0.198810 -0.280342 1.000000 
0.415566 -0.722893 0.010175 -1.499370 -1.910594 -0.201444 0.196514 -0.293861 1.000000 
0.409699 -0.743721 -0.001825 -1.500591 -1.912173 -0.193265 0.194107 -0.307855 1.000000 
0.403667 -0.764292 -0.013833 -1.501206 -1.913685 -0.184823 0.191587 -0.322276 1.000000 
0.397471 -0.784595 -0.025843 -1.501213 -1.915129 -0.176133 0.188950 -0.337063 1.000000 
0.391114 -0.804619 -0.037850 -1.500610 -1.916503 -0.167208 0.186193 -0.352138 1.000000 
0.384598 -0.824351 -0.049851 -1.499397 -1.917804 -0.158062 0.183315 -0.367406 1.000000 
0.377925 -0.843782 -0.061839 -1.497573 -1.919031 -0.148708 0.180315 -0.382756 1.000000 
0.371098 -0.862900 -0.073810 -1.495139 -1.920183 -0.139162 0.177191 -0.398059 1.000000 
0.364120 -0.881695 -0.085760 -1.492094 -1.921257 -0.129439 0.173946 -0.413169 1.000000 
0.356992 -0.900156 -0.097682 -1.488440 -1.922253 -0.119554 0.170581 -0.427924 1.000000 
0.349718 -0.918273 -0.109573 -1.484179 -1.923170 -0.109522 0.167101 -0.442149 1.000000 
0.342301 -0.936037 -0.121427 -1.479312 -1.924005 -0.099358 0.163509 -0.455658 1.000000 
0.334743 -0.953438 -0.133240 -1.473843 -1.924759 -0.089079 0.159813 -0.468262 1.000000 
0.327047 -0.970467 -0.145007 -1.467774 -1.925430 -0.078700 0.156020 -0.479769 1.000000 
0.319216 -0.987115 -0.156723 -1.461110 -1.926018 -0.068237 0.152140 -0.489992 1.000000 
0.311254 -1.003373 -0.168384 -1.453854 -1.926522 -0.057707 0.148184 -0.498759 1.000000 
0.303163 -1.019233 -0.179983 -1.446011 -1.926941 -0.047123 0.144164 -0.505914 1.000000 
0.294947 -1.034688 -0.191518 -1.437587 -1.927276 -0.036503 0.140094 -0.511326 1.000000 
0.286609 -1.049730 -0.202983 -1.428587 -1.927525 -0.025863 0.135988 -0.514895 1.000000 
0.278153 -1.064353 -0.214374 -1.419017 -1.927690 -0.015216 0.131861 -0.516555 1.000000 
0.269581 -1.078549 -0.225686 -1.408884 -1.927769 -0.004580 0.127728 -0.516279 1.000000 
0.260897 -1.092312 -0.236915 -1.398194 -1.927763 0.006032 0.123605 -0.514077 1.000000 
0.252105 -1.105636 -0.248056 -1.386954 -1.927672 0.016605 0.119508 -0.509998 1.000000 
0.243208 -1.118517 -0.259105 -1.375173 -1.927497 0.027123 0.115450 -0.504127 1.000000 
0.234210 -1.130948 -0.270057 -1.362858 -1.927239 0.037572 0.111446 -0.496579 1.000000 
0.225114 -1.142926 -0.280909 -1.350018 -1.926897 0.047940 0.107509 -0.487499 1.000000 
0.215924 -1.154445 -0.291656 -1.336661 -1.926472 0.058211 0.103650 -0.477050 1.000000 
0.206644 -1.165503 -0.302294 -1.322795 -1.925965 0.068373 0.099879 -0.465409 1.000000 
0.197278 -1.176095 -0.312819 -1.308430 -1.925378 0.078413 0.096206 -0.452764 1.000000 
0.187828 -1.186218 -0.323228 -1.293576 -1.924711 0.088317 0.092637 -0.439302 1.000000 
0.178299 -1.195869 -0.333515 -1.278241 -1.923966 0.098074 0.089179 -0.425207 1.000000 
0.168695 -1.205046 -0.343678 -1.262435 -1.923142 0.107671 0.085835 -0.410656 1.000000 
0.159020 -1.213746 -0.353713 -1.246169 -1.922243 0.117097 0.082609 -0.395814 1.000000 
0.149277 -1.221969 -0.363616 -1.229452 -1.921269 0.126341 0.079502 -0.380831 1.000000 
0.139470 -1.229711 -0.373383 -1.212295 -1.920222 0.135390 0.076516 -0.365841 1.000000 
0.129603 -1.236973 -0.383011 -1.194707 -1.919104 0.144235 0.073649 -0.350963 1.000000 
0.119679 -1.243752 -0.392497 -1.176701 -1.917915 0.152864 0.070900 -0.336297 1.000000 
0.109704 -1.250049 -0.401837 -1.158286 -1.916658 0.161269 0.068267 -0.321929 1.000000 
0.099680 -1.255863 -0.411029 -1.139472 -1.915335 0.169438 0.065748 -0.307927 1.000000 
0.089611 -1.261194 -0.420068 -1.120272 -1.913948 0.177363 0.063339 -0.294345 1.000000 
0.079502 -1.266043 -0.428952 -1.100696 -1.912498 0.185034 0.061037 -0.281226 1.000000 
0.069356 -1.270409 -0.437678 -1.080755 -1.910988 0.192444 0.058838 -0.268600 1.000000 
0.059177 -1.274295 -0.446243 -1.060460 -1.909420 0.199582 0.056738 -0.256486 1.000000 
0.048969 -1.277700 -0.454645 -1.039823 -1.907796 0.206441 0.054733 -0.244896 1.000000 
0.038735 -1.280627 -0.462880 -1.018855 -1.906118 0.213014 0.052818 -0.233834 1.000000 
0.028480 -1.283076 -0.470945 -0.997567 -1.904388 0.219294 0.050990 -0.223298 1.000000 
0.018207 -1.285050 -0.478840 -0.975970 -1.902610 0.225273 0.049244 -0.213282 1.000000 
0.007920 -1.286551 -0.486560 -0.954077 -1.900785 0.230944 0.047576 -0.203773 1.000000 
-0.002377 -1.287582 -0.494104 -0.931897 -1.898915 0.236303 0.045983 -0.194759 1.000000 
-0.012680 -1.288144 -0.501470 -0.909444 -1.897005 0.241342 0.044459 -0.186224 1.000000 
-0.022986 -1.288241 -0.508655 -0.886727 -1.895055 0.246057 0.043002 -0.178149 1.000000 
-0.033290 -1.287875 -0.515657 -0.863758 -1.893069 0.250443 0.041607 -0.170516 1.000000 
-0.043590 -1.287051 -0.522474 -0.840549 -1.891049 0.254496 0.040272 -0.163305 1.000000 
-0.053882 -1.285771 -0.529105 -0.817111 -1.888998 0.258210 0.038993 -0.156496 1.000000 
-0.064162 -1.284039 -0.535547 -0.793455 -1.886918 0.261584 0.037767 -0.150071 1.000000 
-0.074425 -1.281858 -0.541800 -0.769592 -1.884813 0.264613 0.036591 -0.144009 1.000000 
-0.084670 -1.279233 -0.547860 -0.745532 -1.882685 0.267295 0.035462 -0.138290 1.000000 
-0.094892 -1.276168 -0.553728 -0.721288 -1.880537 0.269627 0.034378 -0.132897 1.000000 
-0.105088 -1.272667 -0.559400 -0.696869 -1.878372 0.271609 0.033335 -0.127811 1.000000 
-0.115254 -1.268735 -0.564877 -0.672287 -1.876193 0.273237 0.032332 -0.123016 1.000000 
-0.125386 -1.264375 -0.570157 -0.647551 -1.874001 0.274512 0.031366 -0.118493 1.000000 
-0.135482 -1.259593 -0.575238 -0.622672 -1.871801 0.275432 0.030436 -0.114229 1.000000 
-0.145539 -1.254394 -0.580119 -0.597662 -1.869595 0.275998 0.029538 -0.110208 1.000000 
-0.155552 -1.248782 -0.584800 -0.572528 -1.867386 0.276210 0.028672 -0.106415 1.000000 
-0.165518 -1.242762 -0.589279 -0.547283 -1.865177 0.276069 0.027835 -0.102838 1.000000 
-0.175435 -1.236339 -0.593556 -0.521934 -1.862970 0.275575 0.027026 -0.099463 1.000000 
-0.185298 -1.229519 -0.597630 -0.496493 -1.860769 0.274731 0.026243 -0.096280 1.000000 
-0.195106 -1.222306 -0.601500 -0.470969 -1.858575 0.273538 0.025485 -0.093276 1.000000 
-0.204854 -1.214706 -0.605165 -0.445370 -1.856393 0.271999 0.024750 -0.090442 1.000000 
-0.214540 -1.206724 -0.608625 -0.419706 -1.854224 0.270116 0.024037 -0.087767 1.000000 
-0.224161 -1.198365 -0.611880 -0.393986 -1.852072 0.267894 0.023345 -0.085243 1.000000 
-0.233713 -1.189635 -0.614929 -0.368219 -1.849939 0.265335 0.022673 -0.082860 1.000000 
-0.243194 -1.180539 -0.617772 -0.342413 -1.847828 0.262444 0.022019 -0.080612 1.000000 
-0.252601 -1.171082 -0.620408 -0.316576 -1.845741 0.259224 0.021383 -0.078489 1.000000 
-0.261930 -1.161269 -0.622837 -0.290718 -1.843681 0.255681 0.020763 -0.076486 1.000000 
-0.271180 -1.151107 -0.625059 -0.264845 -1.841651 0.251820 0.020159 -0.074596 1.000000 
-0.280347 -1.140600 -0.627074 -0.238965 -1.839653 0.247647 0.019569 -0.072812 1.000000 
-0.289429 -1.129753 -0.628883 -0.213087 -1.837689 0.243166 0.018993 -0.071129 1.000000 
-0.298422 -1.118572 -0.630484 -0.187217 -1.835763 0.238385 0.018431 -0.069542 1.000000 
-0.307325 -1.107063 -0.631878 -0.161363 -1.833876 0.233310 0.017881 -0.068045 1.000000 
-0.316134 -1.095229 -0.633066 -0.135532 -1.832031 0.227948 0.017342 -0.066635 1.000000 
-0.324848 -1.083077 -0.634047 -0.109730 -1.830229 0.222305 0.016814 -0.065306 1.000000 
-0.333463 -1.070612 -0.634821 -0.083965 -1.828474 0.216390 0.016297 -0.064055 1.000000 
-0.341977 -1.057838 -0.635390 -0.058242 -1.826768 0.210210 0.015789 -0.062878 1.000000 
-0.350387 -1.044761 -0.635753 -0.032569 -1.825112 0.203772 0.015291 -0.061771 1.000000 
-0.358692 -1.031385 -0.635911 -0.006951 -1.823508 0.197086 0.014801 -0.060732 1.000000 
-0.366889 -1.017715 -0.635865 0.018605 -1.821959 0.190161 0.014319 -0.059757 1.000000 
-0.374975 -1.003757 -0.635614 0.044095 -1.820466 0.183003 0.013844 -0.058844 1.000000 
-0.382948 -0.989515 -0.635159 0.069512 -1.819032 0.175624 0.013377 -0.057990 1.000000 
-0.390806 -0.974993 -0.634502 0.094850 -1.817657 0.168031 0.012916 -0.057192 1.000000 
-0.398547 -0.960196 -0.633642 0.120105 -1.816344 0.160235 0.012462 -0.056449 1.000000 
-0.406169 -0.945129 -0.632581 0.145270 -1.815094 0.152246 0.012013 -0.055758 1.000000 
-0.413669 -0.929796 -0.631318 0.170342 -1.813908 0.144072 0.011570 -0.055117 1.000000 
-0.421045 -0.914202 -0.629855 0.195314 -1.812789 0.135724 0.011131 -0.054525 1.000000 
-0.428295 -0.898350 -0.628193 0.220182 -1.811737 0.127213 0.010697 -0.053981 1.000000 
-0.435418 -0.882245 -0.626333 0.244942 -1.810754 0.118549 0.010267 -0.053482 1.000000 
-0.442411 -0.865891 -0.624275 0.269588 -1.809841 0.109742 0.009841 -0.053027 1.000000 
-0.449271 -0.849293 -0.622020 0.294115 -1.808998 0.100803 0.009419 -0.052616 1.000000 
-0.455999 -0.832453 -0.619569 0.318521 -1.808228 0.091743 0.008999 -0.052247 1.000000 
-0.462590 -0.815377 -0.616924 0.342799 -1.807531 0.082573 0.008583 -0.051919 1.000000 
-0.469044 -0.798068 -0.614085 0.366945 -1.806907 0.073304 0.008168 -0.051631 1.000000 
-0.475359 -0.780529 -0.611053 0.390956 -1.806358 0.063946 0.007756 -0.051383 1.000000 
-0.481532 -0.762766 -0.607830 0.414827 -1.805884 0.054512 0.007346 -0.051174 1.000000 
-0.487562 -0.744780 -0.604416 0.438554 -1.805486 0.045013 0.006938 -0.051003 1.000000 
-0.493448 -0.726577 -0.600813 0.462132 -1.805164 0.035459 0.006530 -0.050870 1.000000 
-0.499187 -0.708159 -0.597022 0.485557 -1.804919 0.025862 0.006124 -0.050774 1.000000 
-0.504778 -0.689531 -0.593045 0.508826 -1.804750 0.016234 0.005718 -0.050716 1.000000 
-0.510219 -0.670695 -0.588882 0.531934 -1.804659 0.006586 0.005312 -0.050694 1.000000 
-0.515508 -0.651656 -0.584534 0.554877 -1.804645 -0.003070 0.004906 -0.050710 1.000000 
-0.520645 -0.632417 -0.580004 0.577650 -1.804708 -0.012723 0.004500 -0.050763 1.000000 
-0.525626 -0.612981 -0.575292 0.600250 -1.804849 -0.022362 0.004094 -0.050853 1.000000 
-0.530452 -0.593352 -0.570400 0.622673 -1.805066 -0.031975 0.003687 -0.050980 1.000000 
-0.535120 -0.573534 -0.565330 0.644914 -1.805360 -0.041551 0.003278 -0.051144 1.000000 
-0.539628 -0.553529 -0.560082 0.666970 -1.805731 -0.051077 0.002868 -0.051347 1.000000 
-0.543976 -0.533343 -0.554659 0.688835 -1.806177 -0.060544 0.002457 -0.051587 1.000000 
-0.548161 -0.512977 -0.549061 0.710505 -1.806699 -0.069940 0.002043 -0.051867 1.000000 
-0.552183 -0.492436 -0.543291 0.731977 -1.807296 -0.079253 0.001627 -0.052186 1.000000 
-0.556039 -0.471723 -0.537350 0.753246 -1.807967 -0.088473 0.001208 -0.052545 1.000000 
-0.559709 -0.445282 -0.531222 0.778568 -1.808646 -0.081297 0.001208 0.052890 -1.000000 
-0.563183 -0.423179 -0.524914 0.798302 -1.809333 -0.090315 0.001633 0.053221 -1.000000 
-0.566479 -0.400921 -0.518450 0.817812 -1.810091 -0.099225 0.002060 0.053593 -1.000000 
-0.569597 -0.378510 -0.511830 0.837095 -1.810920 -0.108016 0.002490 0.054007 -1.000000 
-0.572535 -0.355951 -0.505057 0.856146 -1.811819 -0.116678 0.002924 0.054465 -1.000000 
-0.575292 -0.333249 -0.498132 0.874961 -1.812786 -0.125199 0.003362 0.054967 -1.000000 
-0.577867 -0.310407 -0.491058 0.893534 -1.813822 -0.133570 0.003804 0.055515 -1.000000 
-0.580258 -0.287430 -0.483836 0.911861 -1.814923 -0.141781 0.004250 0.056110 -1.000000 
-0.582465 -0.264322 -0.476469 0.929937 -1.816090 -0.149821 0.004702 0.056754 -1.000000 
-0.584487 -0.241088 -0.468958 0.947757 -1.817320 -0.157681 0.005159 0.057449 -1.000000 
-0.586322 -0.217732 -0.461305 0.965317 -1.818612 -0.165351 0.005621 0.058196 -1.000000 
-0.587970 -0.194258 -0.453514 0.982611 -1.819965 -0.172821 0.006090 0.058997 -1.000000 
-0.589430 -0.170673 -0.445584 0.999633 -1.821377 -0.180082 0.006565 0.059855 -1.000000 
-0.590701 -0.146980 -0.437520 1.016380 -1.822846 -0.187125 0.007048 0.060771 -1.000000 
-0.591781 -0.123185 -0.429323 1.032845 -1.824370 -0.193941 0.007538 0.061749 -1.000000 
-0.592671 -0.099293 -0.420995 1.049023 -1.825948 -0.200522 0.008036 0.062791 -1.000000 
-0.593370 -0.075310 -0.412540 1.064908 -1.827578 -0.206859 0.008543 0.063900 -1.000000 
-0.593876 -0.051240 -0.403958 1.080495 -1.829257 -0.212944 0.009058 0.065079 -1.000000 
-0.594189 -0.027090 -0.395252 1.095779 -1.830984 -0.218769 0.009584 0.066332 -1.000000 
-0.594309 -0.002866 -0.386426 1.110753 -1.832757 -0.224326 0.010120 0.067662 -1.000000 
-0.594235 0.021426 -0.377481 1.125412 -1.834573 -0.229609 0.010667 0.069073 -1.000000 
-0.593966 0.045781 -0.368420 1.139749 -1.836430 -0.234610 0.011225 0.070570 -1.000000 
-0.593502 0.070191 -0.359246 1.153760 -1.838326 -0.239322 0.011796 0.072156 -1.000000 
-0.592843 0.094651 -0.349961 1.167438 -1.840258 -0.243740 0.012380 0.073837 -1.000000 
-0.591988 0.119154 -0.340568 1.180776 -1.842225 -0.247856 0.012978 0.075617 -1.000000 
-0.590937 0.143692 -0.331070 1.193770 -1.844223 -0.251666 0.013590 0.077503 -1.000000 
-0.589689 0.168258 -0.321469 1.206412 -1.846250 -0.255164 0.014218 0.079500 -1.000000 
-0.588244 0.192846 -0.311768 1.218697 -1.848305 -0.258345 0.014863 0.081614 -1.000000 
-0.586603 0.217448 -0.301970 1.230618 -1.850383 -0.261204 0.015524 0.083853 -1.000000 
-0.584765 0.242055 -0.292079 1.242170 -1.852483 -0.263737 0.016205 0.086222 -1.000000 
-0.582730 0.266661 -0.282097 1.253346 -1.854602 -0.265940 0.016904 0.088732 -1.000000 
-0.580499 0.291258 -0.272027 1.264139 -1.856737 -0.267810 0.017625 0.091388 -1.000000 
-0.578070 0.315836 -0.261872 1.274544 -1.858886 -0.269342 0.018367 0.094200 -1.000000 
-0.575445 0.340388 -0.251635 1.284555 -1.861046 -0.270535 0.019132 0.097178 -1.000000 
-0.572624 0.364905 -0.241320 1.294165 -1.863214 -0.271386 0.019922 0.100332 -1.000000 
-0.569607 0.389379 -0.230929 1.303368 -1.865387 -0.271893 0.020738 0.103671 -1.000000 
-0.566394 0.413800 -0.220467 1.312159 -1.867563 -0.272055 0.021582 0.107208 -1.000000 
-0.562986 0.438159 -0.209936 1.320530 -1.869739 -0.271869 0.022454 0.110953 -1.000000 
-0.559384 0.462448 -0.199340 1.328477 -1.871912 -0.271337 0.023357 0.114920 -1.000000 
-0.555587 0.486656 -0.188681 1.335992 -1.874079 -0.270456 0.024293 0.119122 -1.000000 
-0.551598 0.510774 -0.177965 1.343071 -1.876238 -0.269228 0.025264 0.123573 -1.000000 
-0.547415 0.534793 -0.167193 1.349708 -1.878386 -0.267653 0.026271 0.128288 -1.000000 
-0.543041 0.558702 -0.156371 1.355897 -1.880520 -0.265731 0.027317 0.133281 -1.000000 
-0.538476 0.582492 -0.145500 1.361633 -1.882637 -0.263465 0.028405 0.138569 -1.000000 
-0.533722 0.606152 -0.134586 1.366909 -1.884734 -0.260855 0.029535 0.144169 -1.000000 
-0.528778 0.629672 -0.123631 1.371722 -1.886810 -0.257905 0.030712 0.150097 -1.000000 
-0.523647 0.653042 -0.112640 1.376066 -1.888860 -0.254617 0.031938 0.156371 -1.000000 
-0.518330 0.676252 -0.101615 1.379935 -1.890883 -0.250994 0.033215 0.163008 -1.000000 
-0.512828 0.699290 -0.090562 1.383326 -1.892875 -0.247039 0.034547 0.170027 -1.000000 
-0.507142 0.722146 -0.079483 1.386234 -1.894834 -0.242756 0.035937 0.177445 -1.000000 
-0.501274 0.744809 -0.068383 1.388653 -1.896758 -0.238150 0.037387 0.185280 -1.000000 
-0.495225 0.767269 -0.057266 1.390581 -1.898644 -0.233226 0.038902 0.193547 -1.000000 
-0.488998 0.789515 -0.046135 1.392013 -1.900489 -0.227988 0.040485 0.202262 -1.000000 
-0.482594 0.811536 -0.034995 1.392945 -1.902291 -0.222442 0.042140 0.211439 -1.000000 
-0.476014 0.833320 -0.023850 1.393374 -1.904047 -0.216595 0.043869 0.221089 -1.000000 
-0.469261 0.854857 -0.012703 1.393296 -1.905756 -0.210452 0.045678 0.231219 -1.000000 
-0.462337 0.876137 -0.001558 1.392708 -1.907414 -0.204020 0.047570 0.241835 -1.000000 
-0.455244 0.897147 0.009579 1.391608 -1.909019 -0.197307 0.049549 0.252936 -1.000000 
-0.447984 0.917877 0.020706 1.389993 -1.910570 -0.190319 0.051618 0.264517 -1.000000 
-0.440559 0.938316 0.031818 1.387860 -1.912064 -0.183066 0.053782 0.276564 -1.000000 
-0.432971 0.958453 0.042910 1.385209 -1.913498 -0.175554 0.056045 0.289056 -1.000000 
-0.425224 0.978278 0.053980 1.382035 -1.914872 -0.167793 0.058408 0.301964 -1.000000 
-0.417320 0.997778 0.065022 1.378340 -1.916182 -0.159791 0.060877 0.315247 -1.000000 
-0.409261 1.016945 0.076032 1.374120 -1.917428 -0.151557 0.063453 0.328853 -1.000000 
-0.401050 1.035766 0.087006 1.369376 -1.918607 -0.143102 0.066139 0.342716 -1.000000 
-0.392689 1.054231 0.097940 1.364107 -1.919717 -0.134435 0.068937 0.356757 -1.000000 
-0.384183 1.072330 0.108830 1.358312 -1.920757 -0.125567 0.071848 0.370883 -1.000000 
-0.375533 1.090053 0.119672 1.351992 -1.921726 -0.116508 0.074871 0.384986 -1.000000 
-0.366743 1.107388 0.130461 1.345148 -1.922621 -0.107268 0.078007 0.398941 -1.000000 
-0.357816 1.124326 0.141193 1.337779 -1.923441 -0.097859 0.081254 0.412613 -1.000000 
-0.348755 1.140857 0.151864 1.329887 -1.924186 -0.088293 0.084608 0.425852 -1.000000 
-0.339563 1.156971 0.162470 1.321473 -1.924854 -0.078581 0.088066 0.438499 -1.000000 
-0.330245 1.172657 0.173006 1.312540 -1.925443 -0.068736 0.091622 0.450387 -1.000000 
-0.320802 1.187907 0.183469 1.303089 -1.925953 -0.058770 0.095269 0.461349 -1.000000 
-0.311239 1.202712 0.193854 1.293123 -1.926383 -0.048695 0.099000 0.471216 -1.000000 
-0.301560 1.217061 0.204158 1.282644 -1.926732 -0.038525 0.102805 0.479829 -1.000000 
-0.291767 1.230947 0.214375 1.271658 -1.926999 -0.028273 0.106674 0.487039 -1.000000 
-0.281866 1.244360 0.224503 1.260166 -1.927184 -0.017953 0.110594 0.492717 -1.000000 
-0.271859 1.257291 0.234537 1.248173 -1.927286 -0.007578 0.114553 0.496755 -1.000000 
0.000000 0.000000 0.000000 0.000000 0.000000 0.000000 0.000000 0.000000 0.000000 
