-0.613854 0.351025 -0.288240 1.217458 -1.708049 -1.150488 1.232301 0.019713 -1.000000 
-0.610823 0.406973 -0.278405 1.241356 -1.717395 -1.185676 1.232463 0.020679 -1.000000 
-0.607337 0.464644 -0.268379 1.265192 -1.727013 -1.218408 1.232632 0.021741 -1.000000 
-0.603384 0.524030 -0.258162 1.288904 -1.736883 -1.248553 1.232811 0.022911 -1.000000 
-0.598948 0.585109 -0.247757 1.312426 -1.746983 -1.275975 1.232999 0.024202 -1.000000 
-0.594018 0.647848 -0.237164 1.335683 -1.757291 -1.300543 1.233199 0.025628 -1.000000 
-0.588579 0.712204 -0.226387 1.358597 -1.767784 -1.322126 1.233410 0.027207 -1.000000 
-0.582618 0.778118 -0.215428 1.381082 -1.778437 -1.340595 1.233634 0.028959 -1.000000 
-0.576125 0.845520 -0.204291 1.403047 -1.789224 -1.355825 1.233874 0.030908 -1.000000 
-0.569086 0.914325 -0.192981 1.424398 -1.800121 -1.367697 1.234129 0.033082 -1.000000 
-0.561492 0.984436 -0.181502 1.445034 -1.811098 -1.376094 1.234404 0.035514 -1.000000 
-0.553332 1.055742 -0.169862 1.464850 -1.822129 -1.380910 1.234698 0.038242 -1.000000 
-0.544597 1.128117 -0.158067 1.483741 -1.833183 -1.382041 1.235016 0.041313 -1.000000 
-0.535280 1.201424 -0.146125 1.501595 -1.844231 -1.379397 1.235361 0.044781 -1.000000 
-0.525372 1.275509 -0.134045 1.518299 -1.855243 -1.372895 1.235734 0.048713 -1.000000 
-0.514870 1.350207 -0.121836 1.533739 -1.866187 -1.362462 1.236141 0.053188 -1.000000 
-0.503768 1.425341 -0.109509 1.547800 -1.877032 -1.348038 1.236587 0.058301 -1.000000 
-0.492064 1.500720 -0.097075 1.560366 -1.887745 -1.329578 1.237076 0.064169 -1.000000 
-0.479756 1.576143 -0.084547 1.571324 -1.898294 -1.307046 1.237616 0.070932 -1.000000 
-0.466846 1.651398 -0.071938 1.580560 -1.908647 -1.280425 1.238214 0.078763 -1.000000 
-0.453335 1.726263 -0.059263 1.587964 -1.918770 -1.249712 1.238880 0.087875 -1.000000 
-0.439227 1.800509 -0.046536 1.593428 -1.928631 -1.214918 1.239624 0.098527 -1.000000 
-0.424529 1.873897 -0.033774 1.596849 -1.938198 -1.176075 1.240461 0.111044 -1.000000 
-0.409248 1.946184 -0.020992 1.598129 -1.947438 -1.133227 1.241407 0.125825 -1.000000 
-0.393394 2.017124 -0.008209 1.597175 -1.956319 -1.086439 1.242482 0.143365 -1.000000 
-0.376978 2.086463 0.004556 1.593900 -1.964811 -1.035790 1.243710 0.164277 -1.000000 
-0.360015 2.153951 0.017287 1.588226 -1.972882 -0.981375 1.245121 0.189316 -1.000000 
-0.342521 2.219334 0.029961 1.580079 -1.980503 -0.923307 1.246752 0.219404 -1.000000 
-0.324512 2.282362 0.042561 1.569396 -1.987645 -0.861711 1.248648 0.255651 -1.000000 
-0.306010 2.342786 0.055065 1.556119 -1.994281 -0.796724 1.250862 0.299358 -1.000000 
-0.287035 2.400363 0.067452 1.540199 -2.000384 -0.728496 1.253461 0.351982 -1.000000 
-0.267612 2.454854 0.079701 1.521595 -2.005929 -0.657182 1.256522 0.415029 -1.000000 
-0.247767 2.506027 0.091790 1.500271 -2.010891 -0.582945 1.260133 0.489815 -1.000000 
-0.227525 2.553655 0.103698 1.476199 -2.015249 -0.505950 1.264392 0.577021 -1.000000 
-0.206918 2.597516 0.115402 1.449354 -2.018980 -0.426363 1.269397 0.675970 -1.000000 
-0.185976 2.637394 0.126880 1.419717 -2.022064 -0.344353 1.275231 0.783631 -1.000000 
-0.164731 2.673070 0.138110 1.387275 -2.024483 -0.260096 1.281942 0.893561 -1.000000 
-0.143218 2.704329 0.149069 1.352023 -2.026220 -0.173783 1.289507 0.995374 -1.000000 
-0.121474 2.730951 0.159735 1.313969 -2.027259 -0.085640 1.297810 1.075632 -1.000000 
-0.099536 2.752718 0.170085 1.273141 -2.027586 0.004056 1.306623 1.120839 -1.000000 
-0.077444 2.769419 0.180098 1.229597 -2.027191 0.094961 1.315625 1.121945 -1.000000 
-0.055239 2.780859 0.189752 1.183424 -2.026065 0.186656 1.324454 1.078112 -1.000000 
-0.032965 2.786877 0.199026 1.134751 -2.024203 0.278659 1.332776 0.997214 -1.000000 
-0.010664 2.787353 0.207901 1.083735 -2.021607 0.370445 1.340346 0.892657 -1.000000 
0.011618 2.782218 0.216360 1.030564 -2.018278 0.461464 1.347033 0.778659 -1.000000 
0.033836 2.771457 0.224385 0.975445 -2.014227 0.551168 1.352810 0.666643 -1.000000 
0.055946 2.755110 0.231963 0.918605 -2.009465 0.639026 1.357724 0.563852 -1.000000 
0.077903 2.733267 0.239079 0.860280 -2.004009 0.724528 1.361866 0.473729 -1.000000 
0.099664 2.706067 0.245724 0.800717 -1.997880 0.807202 1.365340 0.397031 -1.000000 
0.121187 2.673692 0.251888 0.740165 -1.991102 0.886607 1.368252 0.332966 -1.000000 
0.142430 2.636363 0.257564 0.678878 -1.983704 0.962345 1.370697 0.280028 -1.000000 
0.163356 2.594333 0.262749 0.617107 -1.975715 1.034056 1.372758 0.236517 -1.000000 
0.183928 2.547890 0.267437 0.555101 -1.967170 1.101422 1.374502 0.200808 -1.000000 
0.204111 2.497340 0.271630 0.493101 -1.958105 1.164167 1.375988 0.171470 -1.000000 
0.223875 2.443016 0.275328 0.431342 -1.948557 1.222057 1.377260 0.147296 -1.000000 
0.243190 2.385262 0.278533 0.370050 -1.938565 1.274899 1.378355 0.127298 -1.000000 
0.262031 2.324435 0.281250 0.309436 -1.928172 1.322540 1.379305 0.110676 -1.000000 
0.280374 2.260901 0.283486 0.249701 -1.917419 1.364867 1.380134 0.096789 -1.000000 
0.298199 2.195027 0.285248 0.191032 -1.906349 1.401803 1.380860 0.085123 -1.000000 
0.315489 2.127180 0.286546 0.133598 -1.895005 1.433308 1.381500 0.075271 -1.000000 
0.332230 2.057724 0.287390 0.077553 -1.883430 1.459377 1.382068 0.066905 -1.000000 
0.348409 1.987016 0.287791 0.023036 -1.871669 1.480036 1.382574 0.059764 -1.000000 
0.364020 1.915401 0.287763 -0.029833 -1.859764 1.495340 1.383027 0.053636 -1.000000 
0.379054 1.843213 0.287318 -0.080950 -1.847758 1.505371 1.383434 0.048352 -1.000000 
0.393510 1.770770 0.286472 -0.130227 -1.835692 1.510236 1.383803 0.043773 -1.000000 
0.407387 1.698372 0.285240 -0.177596 -1.823607 1.510063 1.384136 0.039788 -1.000000 
0.420685 1.626302 0.283636 -0.223001 -1.811544 1.505001 1.384440 0.036304 -1.000000 
0.433409 1.554820 0.281677 -0.266406 -1.799540 1.495212 1.384718 0.033245 -1.000000 
0.445565 1.484168 0.279379 -0.307785 -1.787633 1.480875 1.384973 0.030550 -1.000000 
0.457159 1.414563 0.276758 -0.347131 -1.775858 1.462177 1.385208 0.028165 -1.000000 
0.468201 1.346199 0.273830 -0.384448 -1.764249 1.439317 1.385425 0.026049 -1.000000 
0.478702 1.279251 0.270612 -0.419751 -1.752839 1.412499 1.385625 0.024165 -1.000000 
0.488673 1.213866 0.267120 -0.453068 -1.741659 1.381930 1.385812 0.022482 -1.000000 
0.498128 1.150171 0.263368 -0.484437 -1.730738 1.347822 1.385986 0.020976 -1.000000 
0.507081 1.088270 0.259374 -0.513906 -1.720103 1.310384 1.386148 0.019623 -1.000000 
0.515545 1.028244 0.255151 -0.541528 -1.709780 1.269829 1.386300 0.018407 -1.000000 
0.523538 0.970155 0.250714 -0.567366 -1.699793 1.226361 1.386443 0.017311 -1.000000 
0.531073 0.914041 0.246077 -0.591487 -1.690165 1.180185 1.386577 0.016322 -1.000000 
0.538168 0.859924 0.241255 -0.613965 -1.680917 1.131500 1.386704 0.015429 -1.000000 
0.544837 0.807804 0.236258 -0.634875 -1.672067 1.080496 1.386824 0.014621 -1.000000 
0.551098 0.757666 0.231101 -0.654298 -1.663635 1.027362 1.386938 0.013891 -1.000000 
0.556965 0.709475 0.225793 -0.672315 -1.655635 0.972274 1.387047 0.013231 -1.000000 
0.562454 0.663185 0.220347 -0.689009 -1.648083 0.915404 1.387150 0.012634 -1.000000 
0.567581 0.618730 0.214772 -0.704464 -1.640993 0.856916 1.387249 0.012097 -1.000000 
0.572359 0.576034 0.209079 -0.718762 -1.634376 0.796964 1.387344 0.011613 -1.000000 
0.576802 0.535008 0.203275 -0.731986 -1.628245 0.735697 1.387435 0.011180 -1.000000 
0.580923 0.495550 0.197370 -0.744216 -1.622608 0.673253 1.387523 0.010793 -1.000000 
0.584735 0.457548 0.191370 -0.755531 -1.617475 0.609767 1.387608 0.010449 -1.000000 
0.588247 0.420882 0.185283 -0.766007 -1.612854 0.545361 1.387690 0.010147 -1.000000 
0.591472 0.385422 0.179116 -0.775715 -1.608752 0.480157 1.387770 0.009884 -1.000000 
0.594417 0.351030 0.172874 -0.784726 -1.605174 0.414265 1.387848 0.009658 -1.000000 
0.597091 0.317561 0.166562 -0.793104 -1.602125 0.347793 1.387925 0.009468 -1.000000 
0.599500 0.284867 0.160186 -0.800909 -1.599610 0.280844 1.388000 0.009313 -1.000000 
0.601650 0.252790 0.153749 -0.808199 -1.597633 0.213515 1.388074 0.009191 -1.000000 
0.603546 0.221171 0.147256 -0.815023 -1.596195 0.145901 1.388147 0.009102 -1.000000 
0.605190 0.189846 0.140710 -0.821429 -1.595299 0.078095 1.388220 0.009045 -1.000000 
0.606584 0.158650 0.134114 -0.827456 -1.594946 0.010186 1.388292 0.009019 -1.000000 
0.607728 0.127413 0.127471 -0.833139 -1.595136 -0.057735 1.388364 0.009026 -1.000000 
0.608622 0.095965 0.120784 -0.838509 -1.595869 -0.125579 1.388436 0.009064 -1.000000 
0.609263 0.064137 0.114056 -0.843588 -1.597145 -0.193255 1.388509 0.009134 -1.000000 
0.609647 0.031758 0.107288 -0.848393 -1.598961 -0.260672 1.388583 0.009235 -1.000000 
0.609769 -0.001341 0.100482 -0.852937 -1.601314 -0.327735 1.388657 0.009370 -1.000000 
0.609623 -0.035328 0.093641 -0.857223 -1.604203 -0.394346 1.388733 0.009538 -1.000000 
0.609201 -0.070368 0.086767 -0.861252 -1.607622 -0.460403 1.388810 0.009740 -1.000000 
0.608494 -0.106621 0.079862 -0.865015 -1.611568 -0.525799 1.388889 0.009977 -1.000000 
0.607491 -0.144246 0.072928 -0.868499 -1.616033 -0.590422 1.388969 0.010252 -1.000000 
0.606182 -0.183393 0.065967 -0.871683 -1.621012 -0.654154 1.389053 0.010565 -1.000000 
0.604552 -0.224208 0.058982 -0.874543 -1.626497 -0.716868 1.389139 0.010919 -1.000000 
0.602590 -0.266828 0.051975 -0.877044 -1.632479 -0.778433 1.389228 0.011316 -1.000000 
0.600278 -0.311383 0.044950 -0.879150 -1.638948 -0.838706 1.389320 0.011759 -1.000000 
0.597602 -0.357991 0.037910 -0.880815 -1.645894 -0.897541 1.389416 0.012251 -1.000000 
0.594544 -0.406761 0.030858 -0.881990 -1.653305 -0.954779 1.389516 0.012797 -1.000000 
0.591088 -0.457790 0.023800 -0.882619 -1.661166 -1.010255 1.389621 0.013401 -1.000000 
0.587214 -0.511159 0.016738 -0.882642 -1.669464 -1.063796 1.389731 0.014067 -1.000000 
0.582903 -0.566937 0.009679 -0.881993 -1.678181 -1.115218 1.389846 0.014803 -1.000000 
0.578136 -0.625174 0.002628 -0.880601 -1.687301 -1.164333 1.389968 0.015616 -1.000000 
0.572893 -0.685905 -0.004408 -0.878393 -1.696804 -1.210940 1.390096 0.016514 -1.000000 
0.567155 -0.749143 -0.011424 -0.875292 -1.706669 -1.254838 1.390232 0.017508 -1.000000 
0.560900 -0.814883 -0.018410 -0.871215 -1.716874 -1.295813 1.390376 0.018608 -1.000000 
0.554110 -0.883098 -0.025360 -0.866081 -1.727394 -1.333651 1.390530 0.019829 -1.000000 
0.546764 -0.953737 -0.032265 -0.859805 -1.738203 -1.368133 1.390694 0.021187 -1.000000 
0.538844 -1.026727 -0.039114 -0.852300 -1.749274 -1.399035 1.390870 0.022701 -1.000000 
0.530331 -1.101966 -0.045898 -0.843481 -1.760577 -1.426136 1.391058 0.024396 -1.000000 
0.521207 -1.179330 -0.052606 -0.833264 -1.772082 -1.449212 1.391260 0.026297 -1.000000 
0.511456 -1.258667 -0.059226 -0.821563 -1.783754 -1.468046 1.391479 0.028438 -1.000000 
0.501063 -1.339796 -0.065747 -0.808300 -1.795558 -1.482423 1.391716 0.030859 -1.000000 
0.490015 -1.422511 -0.072155 -0.793397 -1.807460 -1.492136 1.391974 0.033607 -1.000000 
0.478300 -1.506578 -0.078437 -0.776781 -1.819420 -1.496988 1.392255 0.036743 -1.000000 
0.465907 -1.591733 -0.084578 -0.758387 -1.831398 -1.496794 1.392563 0.040337 -1.000000 
0.452830 -1.677688 -0.090566 -0.738154 -1.843354 -1.491385 1.392902 0.044477 -1.000000 
0.439063 -1.764128 -0.096384 -0.716032 -1.855246 -1.480608 1.393276 0.049275 -1.000000 
0.424603 -1.850715 -0.102017 -0.691978 -1.867030 -1.464330 1.393692 0.054865 -1.000000 
0.409452 -1.937085 -0.107450 -0.665960 -1.878660 -1.442442 1.394157 0.061421 -1.000000 
0.393612 -2.022855 -0.112667 -0.637956 -1.890093 -1.414859 1.394678 0.069158 -1.000000 
0.377089 -2.107624 -0.117652 -0.607956 -1.901283 -1.381522 1.395267 0.078355 -1.000000 
0.359893 -2.190972 -0.122389 -0.575964 -1.912182 -1.342404 1.395937 0.089365 -1.000000 
0.342038 -2.272469 -0.126862 -0.541994 -1.922746 -1.297507 1.396703 0.102646 -1.000000 
0.323540 -2.351674 -0.131056 -0.506076 -1.932927 -1.246864 1.397587 0.118792 -1.000000 
0.304419 -2.428140 -0.134955 -0.468253 -1.942681 -1.190543 1.398613 0.138578 -1.000000 
0.284698 -2.501416 -0.138543 -0.428580 -1.951961 -1.128642 1.399816 0.163023 -1.000000 
0.264406 -2.571056 -0.141807 -0.387127 -1.960724 -1.061291 1.401238 0.193458 -1.000000 
0.243572 -2.636615 -0.144733 -0.343973 -1.968927 -0.988649 1.402932 0.231625 -1.000000 
0.222232 -2.697657 -0.147306 -0.299210 -1.976529 -0.910901 1.404970 0.279779 -1.000000 
0.200423 -2.753760 -0.149516 -0.252939 -1.983489 -0.828252 1.407443 0.340765 -1.000000 
0.178186 -2.804512 -0.151350 -0.205268 -1.989769 -0.740920 1.410466 0.418026 -1.000000 
0.155566 -2.849514 -0.152797 -0.156306 -1.995332 -0.649129 1.414185 0.515358 -1.000000 
0.132610 -2.888382 -0.153847 -0.106168 -2.000143 -0.553096 1.418774 0.636159 -1.000000 
0.109369 -2.920736 -0.154493 -0.054963 -2.004170 -0.453022 1.424430 0.781714 -1.000000 
0.085897 -2.946197 -0.154724 -0.002800 -2.007381 -0.349090 1.431338 0.948082 -1.000000 
0.062250 -2.964373 -0.154535 0.050205 -2.009746 -0.241475 1.439620 1.121889 -1.000000 
0.038487 -2.974856 -0.153919 0.103924 -2.011236 -0.130383 1.449240 1.277394 -1.000000 
0.014674 -2.977217 -0.152871 0.158183 -2.011824 -0.016123 1.459917 1.379944 -1.000000 
-0.009125 -2.971038 -0.151387 0.212745 -2.011487 0.100804 1.471096 1.399506 -1.000000 
-0.032839 -2.955954 -0.149467 0.267295 -2.010206 0.219654 1.482064 1.328068 -1.000000 
-0.056396 -2.931709 -0.147112 0.321455 -2.007970 0.339458 1.492154 1.185522 -1.000000 
-0.079722 -2.898195 -0.144326 0.374818 -2.004775 0.459109 1.500938 1.007516 -1.000000 
-0.102743 -2.855460 -0.141118 0.426984 -2.000627 0.577462 1.508270 0.827245 -1.000000 
-0.125385 -2.803706 -0.137498 0.477579 -1.995542 0.693401 1.514224 0.665384 -1.000000 
-0.147579 -2.743271 -0.133482 0.526267 -1.989542 0.805881 1.518987 0.530125 -1.000000 
-0.169256 -2.674614 -0.129084 0.572751 -1.982659 0.913947 1.522778 0.421690 -1.000000 
-0.190352 -2.598294 -0.124324 0.616779 -1.974933 1.016740 1.525797 0.336647 -1.000000 
-0.210810 -2.514956 -0.119223 0.658138 -1.966408 1.113505 1.528215 0.270577 -1.000000 
-0.230575 -2.425312 -0.113801 0.696660 -1.957135 1.203592 1.530166 0.219327 -1.000000 
-0.249600 -2.330124 -0.108084 0.732214 -1.947170 1.286459 1.531754 0.179441 -1.000000 
-0.267844 -2.230190 -0.102094 0.764712 -1.936572 1.361664 1.533060 0.148206 -1.000000 
-0.285272 -2.126329 -0.095857 0.794104 -1.925404 1.428873 1.534143 0.123555 -1.000000 
-0.301857 -2.019365 -0.089397 0.820375 -1.913732 1.487848 1.535050 0.103930 -1.000000 
-0.317576 -1.910117 -0.082739 0.843546 -1.901621 1.538444 1.535816 0.088164 -1.000000 
-0.332415 -1.799385 -0.075908 0.863668 -1.889139 1.580609 1.536468 0.075385 -1.000000 
-0.346364 -1.687942 -0.068928 0.880824 -1.876354 1.614368 1.537028 0.064934 -1.000000 
-0.359422 -1.576523 -0.061823 0.895117 -1.863331 1.639825 1.537512 0.056313 -1.000000 
-0.371591 -1.465817 -0.054614 0.906678 -1.850138 1.657151 1.537933 0.049142 -1.000000 
-0.382879 -1.356466 -0.047323 0.915652 -1.836838 1.666574 1.538302 0.043130 -1.000000 
-0.393299 -1.249051 -0.039970 0.922202 -1.823493 1.668375 1.538626 0.038051 -1.000000 
-0.402870 -1.144099 -0.032574 0.926503 -1.810164 1.662878 1.538912 0.033729 -1.000000 
-0.411613 -1.042071 -0.025151 0.928736 -1.796906 1.650440 1.539167 0.030026 -1.000000 
-0.419552 -0.943371 -0.017719 0.929091 -1.783774 1.631445 1.539394 0.026832 -1.000000 
-0.426716 -0.848335 -0.010290 0.927756 -1.770819 1.606297 1.539598 0.024061 -1.000000 
-0.433136 -0.757243 -0.002879 0.924924 -1.758089 1.575411 1.539780 0.021641 -1.000000 
-0.438843 -0.670313 0.004505 0.920781 -1.745627 1.539208 1.539945 0.019518 -1.000000 
-0.443873 -0.587706 0.011851 0.915510 -1.733474 1.498109 1.540093 0.017645 -1.000000 
-0.448258 -0.509530 0.019151 0.909288 -1.721669 1.452529 1.540227 0.015985 -1.000000 
-0.452037 -0.435843 0.026397 0.902281 -1.710245 1.402874 1.540349 0.014506 -1.000000 
-0.455244 -0.366654 0.033585 0.894647 -1.699233 1.349534 1.540460 0.013186 -1.000000 
-0.457915 -0.301932 0.040710 0.886532 -1.688661 1.292884 1.540561 0.012001 -1.000000 
-0.460087 -0.241604 0.047769 0.878072 -1.678554 1.233280 1.540652 0.010937 -1.000000 
-0.461792 -0.185565 0.054759 0.869386 -1.668935 1.171055 1.540736 0.009977 -1.000000 
-0.463067 -0.133676 0.061679 0.860584 -1.659824 1.106522 1.540812 0.009111 -1.000000 
-0.463942 -0.085773 0.068528 0.851761 -1.651237 1.039966 1.540882 0.008330 -1.000000 
-0.464449 -0.041667 0.075307 0.842996 -1.643189 0.971654 1.540946 0.007625 -1.000000 
-0.464618 -0.001149 0.082017 0.834357 -1.635694 0.901825 1.541004 0.006989 -1.000000 
-0.464477 0.036009 0.088657 0.825896 -1.628763 0.830696 1.541058 0.006417 -1.000000 
-0.464050 0.070046 0.095231 0.817652 -1.622406 0.758463 1.541107 0.005905 -1.000000 
-0.463363 0.101215 0.101741 0.809648 -1.616630 0.685299 1.541152 0.005450 -1.000000 
-0.462438 0.129779 0.108187 0.801896 -1.611443 0.611358 1.541194 0.005048 -1.000000 
-0.461293 0.156007 0.114572 0.794394 -1.606850 0.536774 1.541233 0.004697 -1.000000 
-0.459947 0.180173 0.120897 0.787124 -1.602856 0.461665 1.541270 0.004395 -1.000000 
-0.458415 0.202557 0.127166 0.780059 -1.599465 0.386136 1.541304 0.004142 -1.000000 
-0.456710 0.223439 0.133379 0.773155 -1.596679 0.310275 1.541336 0.003935 -1.000000 
-0.454843 0.243099 0.139537 0.766357 -1.594501 0.234163 1.541367 0.003774 -1.000000 
-0.452823 0.261820 0.145641 0.759600 -1.592933 0.157869 1.541396 0.003659 -1.000000 
-0.450656 0.279882 0.151690 0.752803 -1.591975 0.081456 1.541425 0.003589 -1.000000 
-0.448346 0.297561 0.157685 0.745875 -1.591630 0.004984 1.541454 0.003565 -1.000000 
-0.445895 0.315133 0.163624 0.738713 -1.591896 -0.071491 1.541483 0.003585 -1.000000 
-0.443304 0.332867 0.169504 0.731203 -1.592773 -0.147913 1.541511 0.003650 -1.000000 
-0.440568 0.351029 0.175322 0.723220 -1.594262 -0.224222 1.541541 0.003760 -1.000000 
-0.437685 0.369880 0.181074 0.714626 -1.596360 -0.300357 1.541572 0.003916 -1.000000 
-0.434648 0.389671 0.186754 0.705276 -1.599067 -0.376245 1.541604 0.004118 -1.000000 
-0.431447 0.410649 0.192356 0.695014 -1.602380 -0.451810 1.541638 0.004366 -1.000000 
-0.428074 0.433051 0.197871 0.683674 -1.606295 -0.526959 1.541674 0.004662 -1.000000 
-0.424514 0.457103 0.203291 0.671082 -1.610809 -0.601591 1.541712 0.005007 -1.000000 
-0.420755 0.483022 0.208605 0.657055 -1.615919 -0.675586 1.541754 0.005402 -1.000000 
-0.416780 0.511010 0.213799 0.641405 -1.621617 -0.748808 1.541799 0.005849 -1.000000 
-0.412573 0.541258 0.218862 0.623939 -1.627897 -0.821100 1.541848 0.006350 -1.000000 
-0.408114 0.573938 0.223777 0.604456 -1.634751 -0.892287 1.541901 0.006909 -1.000000 
-0.403383 0.609205 0.228528 0.582755 -1.642170 -0.962170 1.541959 0.007528 -1.000000 
-0.398359 0.647194 0.233095 0.558633 -1.650142 -1.030524 1.542021 0.008212 -1.000000 
-0.393020 0.688018 0.237459 0.531889 -1.658654 -1.097104 1.542090 0.008967 -1.000000 
-0.387343 0.731765 0.241597 0.502323 -1.667690 -1.161636 1.542165 0.009799 -1.000000 
-0.381304 0.778495 0.245488 0.469742 -1.677234 -1.223821 1.542247 0.010717 -1.000000 
-0.374879 0.828238 0.249105 0.433962 -1.687264 -1.283335 1.542337 0.011730 -1.000000 
-0.368044 0.880991 0.252422 0.394809 -1.697759 -1.339828 1.542435 0.012850 -1.000000 
-0.360775 0.936716 0.255412 0.352124 -1.708693 -1.392926 1.542543 0.014092 -1.000000 
-0.353049 0.995335 0.258046 0.305766 -1.720036 -1.442235 1.542661 0.015475 -1.000000 
-0.344843 1.056731 0.260294 0.255618 -1.731757 -1.487338 1.542791 0.017020 -1.000000 
-0.336134 1.120743 0.262126 0.201586 -1.743821 -1.527805 1.542934 0.018755 -1.000000 
-0.326904 1.187164 0.263509 0.143606 -1.756188 -1.563188 1.543091 0.020713 -1.000000 
-0.317134 1.255740 0.264413 0.081650 -1.768817 -1.593037 1.543266 0.022937 -1.000000 
-0.306807 1.326169 0.264805 0.015725 -1.781661 -1.616892 1.543459 0.025478 -1.000000 
-0.295911 1.398100 0.264654 -0.054120 -1.794670 -1.634302 1.543675 0.028401 -1.000000 
-0.284435 1.471131 0.263929 -0.127791 -1.807791 -1.644820 1.543915 0.031791 -1.000000 
-0.272371 1.544816 0.262600 -0.205146 -1.820968 -1.648020 1.544185 0.035753 -1.000000 
-0.259717 1.618658 0.260637 -0.285993 -1.834139 -1.643499 1.544489 0.040424 -1.000000 
-0.246474 1.692120 0.258015 -0.370087 -1.847242 -1.630884 1.544834 0.045980 -1.000000 
-0.232646 1.764621 0.254708 -0.457131 -1.860211 -1.609846 1.545228 0.052654 -1.000000 
-0.218244 1.835549 0.250694 -0.546772 -1.872977 -1.580103 1.545680 0.060757 -1.000000 
-0.203283 1.904257 0.245954 -0.638605 -1.885469 -1.541430 1.546205 0.070705 -1.000000 
-0.187784 1.970080 0.240472 -0.732174 -1.897615 -1.493666 1.546818 0.083063 -1.000000 
-0.171771 2.032334 0.234236 -0.826973 -1.909343 -1.436720 1.547542 0.098615 -1.000000 
-0.155278 2.090327 0.227238 -0.922452 -1.920578 -1.370577 1.548407 0.118452 -1.000000 
-0.138339 2.143371 0.219476 -1.018025 -1.931248 -1.295296 1.549453 0.144123 -1.000000 
-0.120999 2.190783 0.210951 -1.113072 -1.941279 -1.211015 1.550734 0.177842 -1.000000 
-0.103304 2.231901 0.201670 -1.206950 -1.950600 -1.117943 1.552328 0.222816 -1.000000 
-0.085307 2.266083 0.191645 -1.299004 -1.959143 -1.016351 1.554342 0.283695 -1.000000 
-0.067066 2.292718 0.180893 -1.388574 -1.966840 -0.906552 1.556927 0.367184 -1.000000 
-0.048645 2.311215 0.169436 -1.475010 -1.973627 -0.788872 1.560302 0.482674 -1.000000 
-0.030110 2.321000 0.157303 -1.557681 -1.979442 -0.663601 1.564768 0.642366 -1.000000 
-0.011534 2.321488 0.144525 -1.635978 -1.984225 -0.530931 1.570732 0.859219 -1.000000 
0.007007 2.312041 0.131140 -1.709310 -1.987917 -0.390878 1.578685 1.138914 -1.000000 
0.025430 2.291905 0.117191 -1.777055 -1.990459 -0.243253 1.589072 1.460707 -1.000000 
0.043647 2.260172 0.102724 -1.838458 -1.991788 -0.087794 1.601980 1.751779 -1.000000 
0.061559 2.215841 0.087795 -1.892472 -1.991843 0.075360 1.616698 1.892936 -1.000000 
0.079064 2.158081 0.072468 -1.937697 -1.990565 0.245000 1.631633 1.801485 -1.000000 
0.096052 2.086552 0.056820 -1.972572 -1.987912 0.418594 1.645006 1.519870 -1.000000 
0.112413 2.001520 0.040938 -1.995756 -1.983866 0.592830 1.655783 1.173720 -1.000000 
0.128042 1.903751 0.024921 -2.006371 -1.978434 0.764339 1.663886 0.862583 -1.000000 
0.142842 1.794374 0.008871 -2.004032 -1.971652 0.930061 1.669777 0.622364 -1.000000 
0.156725 1.674791 -0.007109 -1.988789 -1.963576 1.087325 1.674024 0.449589 -1.000000 
0.169616 1.546614 -0.022916 -1.961053 -1.954283 1.233863 1.677108 0.328568 -1.000000 
0.181453 1.411593 -0.038454 -1.921538 -1.943868 1.367810 1.679378 0.244032 -1.000000 
0.192188 1.271559 -0.053632 -1.871200 -1.932436 1.487705 1.681079 0.184425 -1.000000 
0.201789 1.128354 -0.068368 -1.811185 -1.920105 1.592484 1.682374 0.141752 -1.000000 
0.210238 0.983785 -0.082589 -1.742778 -1.906998 1.681464 1.683377 0.110660 -1.000000 
0.217531 0.839571 -0.096233 -1.667353 -1.893244 1.754318 1.684166 0.087588 -1.000000 
0.223676 0.697307 -0.109251 -1.586327 -1.878972 1.811046 1.684794 0.070152 -1.000000 
0.228697 0.558433 -0.121603 -1.501118 -1.864310 1.851939 1.685299 0.056739 -1.000000 
0.232624 0.424213 -0.133262 -1.413114 -1.849382 1.877539 1.685709 0.046242 -1.000000 
0.235499 0.295721 -0.144209 -1.323634 -1.834308 1.888595 1.686045 0.037889 -1.000000 
0.237373 0.173835 -0.154439 -1.233910 -1.819201 1.886026 1.686320 0.031133 -1.000000 
0.238300 0.059240 -0.163954 -1.145066 -1.804165 1.870872 1.686546 0.025579 -1.000000 
0.238341 -0.047570 -0.172765 -1.058104 -1.789297 1.844259 1.686731 0.020941 -1.000000 
0.237561 -0.146274 -0.180891 -0.973897 -1.774685 1.807363 1.686883 0.017007 -1.000000 
0.236023 -0.236718 -0.188357 -0.893187 -1.760404 1.761372 1.687005 0.013616 -1.000000 
0.233795 -0.318890 -0.195193 -0.816582 -1.746524 1.707460 1.687102 0.010649 -1.000000 
0.230943 -0.392907 -0.201435 -0.744566 -1.733103 1.646767 1.687176 0.008014 -1.000000 
0.227530 -0.458993 -0.207120 -0.677501 -1.720191 1.580374 1.687231 0.005640 -1.000000 
0.223619 -0.517460 -0.212289 -0.615638 -1.707829 1.509290 1.687267 0.003472 -1.000000 
0.219177 -0.555787 -0.216892 -0.571081 -1.699825 1.434544 1.687288 0.002101 -1.000000 
0.214370 -0.564495 -0.221062 -0.553731 -1.699974 1.358806 1.687307 0.002113 -1.000000 
0.209515 -0.573081 -0.225102 -0.536589 -1.700124 1.282957 1.687326 0.002125 -1.000000 
0.204611 -0.581558 -0.229014 -0.519626 -1.700274 1.206999 1.687344 0.002138 -1.000000 
0.199660 -0.589934 -0.232801 -0.502813 -1.700425 1.130935 1.687363 0.002153 -1.000000 
0.194662 -0.598218 -0.236465 -0.486121 -1.700576 1.054767 1.687382 0.002168 -1.000000 
0.189618 -0.606414 -0.240008 -0.469521 -1.700727 0.978496 1.687401 0.002185 -1.000000 
0.184529 -0.614524 -0.243432 -0.452987 -1.700878 0.902125 1.687419 0.002202 -1.000000 
0.179394 -0.622548 -0.246739 -0.436491 -1.701030 0.825655 1.687438 0.002221 -1.000000 
0.174214 -0.630483 -0.249929 -0.420007 -1.701182 0.749088 1.687457 0.002240 -1.000000 
0.168990 -0.638324 -0.253005 -0.403511 -1.701334 0.672425 1.687476 0.002260 -1.000000 
0.163721 -0.646064 -0.255967 -0.386978 -1.701487 0.595667 1.687495 0.002282 -1.000000 
0.158409 -0.653693 -0.258815 -0.370385 -1.701640 0.518814 1.687514 0.002304 -1.000000 
0.153053 -0.661201 -0.261551 -0.353711 -1.701793 0.441868 1.687533 0.002327 -1.000000 
0.147655 -0.668575 -0.264175 -0.336934 -1.701947 0.364829 1.687553 0.002351 -1.000000 
0.142214 -0.675801 -0.266687 -0.320037 -1.702100 0.287697 1.687572 0.002376 -1.000000 
0.136731 -0.682860 -0.269087 -0.303000 -1.702254 0.210474 1.687592 0.002401 -1.000000 
0.131207 -0.689736 -0.271376 -0.285808 -1.702409 0.133158 1.687611 0.002428 -1.000000 
0.125643 -0.696409 -0.273552 -0.268445 -1.702563 0.055750 1.687631 0.002455 -1.000000 
0.120040 -0.702858 -0.275617 -0.250899 -1.702718 -0.021750 1.687651 0.002483 -1.000000 
0.114392 -0.709061 -0.277553 -0.233043 -1.703203 -0.099273 1.687671 0.002566 -1.000000 
0.108696 -0.715102 -0.279344 -0.214462 -1.704307 -0.176711 1.687692 0.002752 -1.000000 
0.102951 -0.721096 -0.280981 -0.194691 -1.706030 -0.253992 1.687715 0.003043 -1.000000 
0.097158 -0.727127 -0.282454 -0.173262 -1.708370 -0.331028 1.687741 0.003440 -1.000000 
0.091316 -0.733250 -0.283748 -0.149700 -1.711325 -0.407712 1.687770 0.003944 -1.000000 
0.085426 -0.739490 -0.284842 -0.123532 -1.714892 -0.483911 1.687804 0.004557 -1.000000 
0.079484 -0.745844 -0.285716 -0.094285 -1.719066 -0.559460 1.687844 0.005281 -1.000000 
0.073492 -0.752276 -0.286342 -0.061493 -1.723841 -0.634159 1.687889 0.006121 -1.000000 
0.067448 -0.758716 -0.286689 -0.024702 -1.729209 -0.707762 1.687942 0.007081 -1.000000 
0.061353 -0.765065 -0.286725 0.016523 -1.735161 -0.779980 1.688003 0.008169 -1.000000 
0.055207 -0.771189 -0.286412 0.062594 -1.741685 -0.850469 1.688073 0.009394 -1.000000 
0.049015 -0.776923 -0.285709 0.113889 -1.748763 -0.918832 1.688153 0.010768 -1.000000 
0.042778 -0.782069 -0.284575 0.170745 -1.756379 -0.984615 1.688246 0.012308 -1.000000 
0.036504 -0.786398 -0.282962 0.233443 -1.764509 -1.047304 1.688351 0.014035 -1.000000 
0.030199 -0.789649 -0.280823 0.302205 -1.773126 -1.106326 1.688471 0.015978 -1.000000 
0.023873 -0.791535 -0.278110 0.377175 -1.782199 -1.161054 1.688607 0.018171 -1.000000 
0.017539 -0.791744 -0.274772 0.458408 -1.791690 -1.210807 1.688762 0.020663 -1.000000 
0.011210 -0.789941 -0.270759 0.545862 -1.801556 -1.254855 1.688939 0.023515 -1.000000 
0.004906 -0.785777 -0.266022 0.639376 -1.811750 -1.292435 1.689140 0.026806 -1.000000 
-0.001355 -0.778891 -0.260514 0.738668 -1.822216 -1.322752 1.689369 0.030642 -1.000000 
-0.007548 -0.768918 -0.254189 0.843318 -1.832893 -1.345002 1.689632 0.035162 -1.000000 
-0.013648 -0.755500 -0.247008 0.952761 -1.843712 -1.358381 1.689934 0.040552 -1.000000 
-0.019626 -0.738289 -0.238934 1.066279 -1.854601 -1.362111 1.690284 0.047064 -1.000000 
-0.025450 -0.716961 -0.229939 1.183003 -1.865478 -1.355454 1.690691 0.055046 -1.000000 
-0.031086 -0.691227 -0.220000 1.301906 -1.876259 -1.337737 1.691170 0.064981 -1.000000 
-0.036497 -0.660837 -0.209105 1.421817 -1.886851 -1.308376 1.691738 0.077553 -1.000000 
-0.041646 -0.625596 -0.197252 1.541425 -1.897160 -1.266895 1.692420 0.093752 -1.000000 
-0.046493 -0.585370 -0.184447 1.659297 -1.907088 -1.212948 1.693251 0.115030 -1.000000 
-0.050999 -0.540089 -0.170712 1.773900 -1.916534 -1.146331 1.694280 0.143568 -1.000000 
-0.055121 -0.489753 -0.156078 1.883622 -1.925396 -1.066990 1.695576 0.182700 -1.000000 
-0.058821 -0.434430 -0.140591 1.986807 -1.933572 -0.975012 1.697245 0.237612 -1.000000 
-0.062059 -0.374240 -0.124311 2.081774 -1.940963 -0.870601 1.699441 0.316450 -1.000000 
-0.064797 -0.309334 -0.107309 2.166845 -1.947469 -0.754014 1.702405 0.431947 -1.000000 
-0.066996 -0.239847 -0.089672 2.240347 -1.952995 -0.625439 1.706501 0.603190 -1.000000 
-0.068622 -0.165820 -0.071499 2.300572 -1.957444 -0.484789 1.712271 0.855085 -1.000000 
-0.069637 -0.087088 -0.052903 2.345630 -1.960718 -0.331376 1.720452 1.206628 -1.000000 
-0.070002 -0.003201 -0.034016 2.373109 -1.962708 -0.163608 1.731777 1.628560 -1.000000 
-0.069673 0.086356 -0.014990 2.379493 -1.963291 0.020634 1.746311 1.972086 -1.000000 
-0.068606 0.181186 0.003987 2.359890 -1.962332 0.221694 1.762478 2.002869 -1.000000 
-0.066766 0.278734 0.022686 2.309292 -1.959711 0.434870 1.777355 1.669535 -1.000000 
-0.064150 0.374748 0.040845 2.224931 -1.955367 0.650875 1.788823 1.196798 -1.000000 
-0.060786 0.465144 0.058195 2.107116 -1.949316 0.859874 1.796708 0.794641 -1.000000 
-0.056731 0.546885 0.074477 1.958546 -1.941649 1.053695 1.801877 0.517245 -1.000000 
-0.052064 0.617874 0.089461 1.783619 -1.932515 1.225957 1.805251 0.339995 -1.000000 
-0.046877 0.676777 0.102959 1.587926 -1.922104 1.371951 1.807490 0.228175 -1.000000 
-0.041270 0.722942 0.114830 1.377743 -1.910642 1.488647 1.809008 0.156497 -1.000000 
-0.035344 0.756352 0.124982 1.159536 -1.898368 1.574638 1.810059 0.109234 -1.000000 
-0.029201 0.777540 0.133377 0.939522 -1.885529 1.630004 1.810796 0.077008 -1.000000 
-0.022934 0.787488 0.140024 0.723324 -1.872366 1.656076 1.811316 0.054222 -1.000000 
-0.016627 0.787509 0.144974 0.515730 -1.859104 1.655165 1.811679 0.037467 -1.000000 
-0.010356 0.779127 0.148309 0.320561 -1.845948 1.630273 1.811926 0.024615 -1.000000 
-0.004180 0.763963 0.150143 0.140625 -1.833075 1.584805 1.812080 0.014286 -1.000000 
0.001854 0.743642 0.150605 -0.022245 -1.820636 1.522326 1.812159 0.005560 -1.000000 
0.007701 0.720405 0.149805 -0.089303 -1.816771 1.451969 1.812191 0.002948 -1.000000 
0.013347 0.697705 0.148637 -0.113999 -1.816904 1.381923 1.812222 0.002965 -1.000000 
0.018803 0.675747 0.147287 -0.137036 -1.817038 1.311378 1.812253 0.002985 -1.000000 
0.024074 0.654560 0.145769 -0.158643 -1.817173 1.240359 1.812283 0.003010 -1.000000 
0.029169 0.634151 0.144096 -0.179032 -1.817310 1.168887 1.812313 0.003038 -1.000000 
0.034094 0.614502 0.142276 -0.198397 -1.817448 1.096983 1.812343 0.003071 -1.000000 
0.038858 0.595580 0.140319 -0.216913 -1.817588 1.024666 1.812373 0.003109 -1.000000 
0.043466 0.577334 0.138232 -0.234737 -1.817728 0.951953 1.812403 0.003151 -1.000000 
0.047926 0.559701 0.136021 -0.252008 -1.817870 0.878858 1.812433 0.003198 -1.000000 
0.052243 0.542606 0.133691 -0.268845 -1.818013 0.805395 1.812463 0.003250 -1.000000 
0.056424 0.525965 0.131246 -0.285350 -1.818157 0.731574 1.812492 0.003308 -1.000000 
0.060472 0.509685 0.128690 -0.301607 -1.818302 0.657406 1.812522 0.003371 -1.000000 
0.064393 0.493668 0.126024 -0.317683 -1.818448 0.582897 1.812553 0.003439 -1.000000 
0.068190 0.477813 0.123251 -0.333627 -1.818595 0.508053 1.812583 0.003512 -1.000000 
0.071865 0.462015 0.120372 -0.349470 -1.818743 0.432878 1.812614 0.003591 -1.000000 
0.075421 0.446166 0.117389 -0.365226 -1.818892 0.357374 1.812645 0.003676 -1.000000 
0.078858 0.430161 0.114302 -0.380894 -1.819042 0.281540 1.812676 0.003766 -1.000000 
0.082178 0.413894 0.111113 -0.396454 -1.819193 0.205376 1.812708 0.003861 -1.000000 
0.085380 0.397262 0.107824 -0.411872 -1.819345 0.128879 1.812740 0.003961 -1.000000 
0.088463 0.380168 0.104435 -0.427095 -1.819498 0.052044 1.812773 0.004065 -1.000000 
0.091426 0.362520 0.100948 -0.442055 -1.819652 -0.025135 1.812806 0.004174 -1.000000 
0.094253 0.343995 0.097353 -0.456790 -1.820162 -0.102402 1.812840 0.004505 -1.000000 
0.096925 0.323774 0.093639 -0.471774 -1.821290 -0.179441 1.812879 0.005226 -1.000000 
0.099426 0.300941 0.089802 -0.487506 -1.823032 -0.256038 1.812925 0.006346 -1.000000 
0.101731 0.274522 0.085836 -0.504391 -1.825385 -0.331909 1.812981 0.007876 -1.000000 
0.103806 0.243505 0.081728 -0.522725 -1.828340 -0.406673 1.813052 0.009833 -1.000000 
0.105612 0.206856 0.077468 -0.542681 -1.831887 -0.479816 1.813140 0.012238 -1.000000 
0.107098 0.163548 0.073041 -0.564300 -1.836011 -0.550673 1.813249 0.015125 -1.000000 
0.108208 0.112595 0.068435 -0.587474 -1.840690 -0.618398 1.813383 0.018547 -1.000000 
0.108877 0.053097 0.063638 -0.611929 -1.845894 -0.681950 1.813547 0.022580 -1.000000 
0.109033 -0.015706 0.058642 -0.637214 -1.851586 -0.740085 1.813747 0.027342 -1.000000 
0.108599 -0.094373 0.053442 -0.662688 -1.857717 -0.791353 1.813987 0.033010 -1.000000 
0.107496 -0.183191 0.048040 -0.687518 -1.864225 -0.834117 1.814278 0.039844 -1.000000 
0.105641 -0.282097 0.042446 -0.710674 -1.871036 -0.866587 1.814629 0.048240 -1.000000 
0.102957 -0.390607 0.036677 -0.730946 -1.878058 -0.886869 1.815055 0.058806 -1.000000 
0.099369 -0.507745 0.030762 -0.746961 -1.885188 -0.893040 1.815578 0.072488 -1.000000 
0.094814 -0.631989 0.024741 -0.757222 -1.892304 -0.883235 1.816228 0.090818 -1.000000 
0.089243 -0.761243 0.018666 -0.760149 -1.899272 -0.855744 1.817050 0.116357 -1.000000 
0.082628 -0.892841 0.012603 -0.754131 -1.905945 -0.809106 1.818120 0.153593 -1.000000 
0.074960 -1.023595 0.006628 -0.737561 -1.912164 -0.742162 1.819560 0.210795 -1.000000 
0.066262 -1.149888 0.000834 -0.708827 -1.917763 -0.654005 1.821588 0.304118 -1.000000 
0.056584 -1.267815 -0.004676 -0.666161 -1.922569 -0.543661 1.824608 0.466950 -1.000000 
0.046010 -1.373313 -0.009781 -0.607061 -1.926397 -0.409013 1.829428 0.770770 -1.000000 
0.034656 -1.461964 -0.014332 -0.526268 -1.929032 -0.243294 1.837689 1.357402 -1.000000 
0.022683 -1.525877 -0.018104 -0.408136 -1.930149 -0.023186 1.852292 2.349463 -1.000000 
0.010397 -1.526994 -0.020634 -0.202683 -1.929081 0.318847 1.874500 2.974727 -1.000000 
-0.001152 -1.302374 -0.020933 0.147133 -1.924588 0.817607 1.894512 1.790771 -1.000000 
-0.009485 -0.737334 -0.018358 0.468986 -1.916303 1.208363 1.903235 0.532769 -1.000000 
-0.012657 -0.059002 -0.014003 0.584166 -1.906088 1.295607 1.905102 0.024086 -1.000000 
-0.012437 0.114844 -0.011169 0.133307 -1.903219 1.336709 1.905066 -0.002966 -1.000000 
-0.012635 0.059252 -0.013352 -0.466350 -1.903595 1.182815 1.905111 0.032624 -1.000000 
-0.011899 0.245845 -0.018950 -0.772515 -1.904373 0.897702 1.905115 0.018363 -1.000000 
-0.008840 0.532384 -0.025416 -0.782145 -1.904997 0.665323 1.905031 0.000701 -1.000000 
-0.003575 0.768842 -0.031108 -0.634597 -1.905435 0.496143 1.904897 -0.009168 -1.000000 
0.003244 0.922518 -0.035280 -0.424402 -1.905753 0.366746 1.904744 -0.014153 -1.000000 
0.010969 1.001643 -0.037688 -0.199135 -1.906001 0.261095 1.904584 -0.016666 -1.000000 
0.019070 1.021868 -0.038331 0.018761 -1.906205 0.170166 1.904425 -0.017933 -1.000000 
0.027146 0.997477 -0.037320 0.219147 -1.906379 0.088845 1.904267 -0.018555 -1.000000 
0.034897 0.939810 -0.034817 0.397896 -1.906534 0.014109 1.904113 -0.018835 -1.000000 
0.042098 0.857362 -0.030993 0.553848 -1.906761 -0.056438 1.903961 -0.019557 -1.000000 
0.048561 0.755387 -0.026012 0.687707 -1.907490 -0.125522 1.903791 -0.023475 -1.000000 
0.054141 0.637251 -0.020045 0.800821 -1.908762 -0.192007 1.903577 -0.030248 -1.000000 
0.058720 0.505270 -0.013252 0.894043 -1.910551 -0.254481 1.903300 -0.039353 -1.000000 
0.062194 0.361226 -0.005792 0.967623 -1.912820 -0.311603 1.902942 -0.050478 -1.000000 
0.064472 0.206804 0.002177 1.021270 -1.915519 -0.362050 1.902488 -0.063489 -1.000000 
0.065480 0.043910 0.010493 1.054298 -1.918591 -0.404526 1.901921 -0.078393 -1.000000 
0.065158 -0.125117 0.018988 1.065842 -1.921967 -0.437805 1.901228 -0.095297 -1.000000 
0.063469 -0.297399 0.027487 1.055093 -1.925569 -0.460807 1.900391 -0.114353 -1.000000 
0.060400 -0.469514 0.035809 1.021541 -1.929310 -0.472686 1.899392 -0.135699 -1.000000 
0.055968 -0.637593 0.043771 0.965197 -1.933101 -0.472923 1.898214 -0.159371 -1.000000 
0.050221 -0.797501 0.051193 0.886769 -1.936846 -0.461409 1.896837 -0.185200 -1.000000 
0.043241 -0.945083 0.057904 0.787765 -1.940453 -0.438496 1.895246 -0.212691 -1.000000 
0.035143 -1.076452 0.063749 0.670509 -1.943833 -0.405012 1.893432 -0.240915 -1.000000 
0.026070 -1.188264 0.068592 0.538059 -1.946908 -0.362231 1.891393 -0.268458 -1.000000 
0.016189 -1.277962 0.072327 0.394043 -1.949609 -0.311797 1.889143 -0.293493 -1.000000 
0.005686 -1.343937 0.074876 0.242418 -1.951881 -0.255607 1.886709 -0.314012 -1.000000 
-0.005249 -1.385579 0.076196 0.087201 -1.953688 -0.195671 1.884136 -0.328203 -1.000000 
-0.016420 -1.403230 0.076272 -0.067788 -1.955007 -0.133977 1.881478 -0.334865 -1.000000 
-0.027639 -1.398043 0.075121 -0.219137 -1.955832 -0.072372 1.878799 -0.333696 -1.000000 
-0.038732 -1.371781 0.072783 -0.363967 -1.956170 -0.012477 1.876158 -0.325333 -1.000000 
-0.049537 -1.326613 0.069321 -0.499990 -1.956040 0.044357 1.873609 -0.311141 -1.000000 
-0.059914 -1.264930 0.064812 -0.625489 -1.955471 0.097046 1.871191 -0.292851 -1.000000 
-0.069739 -1.189195 0.059344 -0.739266 -1.954501 0.144768 1.868930 -0.272204 -1.000000 
-0.078910 -1.101837 0.053017 -0.840573 -1.953170 0.186926 1.866838 -0.250698 -1.000000 
-0.087343 -1.005186 0.045930 -0.929035 -1.951526 0.223120 1.864918 -0.229471 -1.000000 
-0.094974 -0.901423 0.038187 -1.004588 -1.949617 0.253122 1.863164 -0.209294 -1.000000 
-0.101753 -0.792550 0.029890 -1.067418 -1.947492 0.276842 1.861565 -0.190622 -1.000000 
-0.107646 -0.680375 0.021141 -1.117909 -1.945204 0.294317 1.860109 -0.173670 -1.000000 
-0.112634 -0.566500 0.012035 -1.156599 -1.942800 0.305681 1.858782 -0.158491 -1.000000 
-0.116709 -0.452320 0.002665 -1.184141 -1.940329 0.311155 1.857569 -0.145036 -1.000000 
-0.119874 -0.339019 -0.006883 -1.201261 -1.937836 0.311027 1.856457 -0.133197 -1.000000 
-0.122138 -0.227582 -0.016530 -1.208730 -1.935366 0.305639 1.855433 -0.122842 -1.000000 
-0.123522 -0.118804 -0.026199 -1.207332 -1.932959 0.295371 1.854488 -0.113829 -1.000000 
-0.124048 -0.013303 -0.035825 -1.197839 -1.930652 0.280632 1.853609 -0.106023 -1.000000 
-0.123745 0.088460 -0.045345 -1.180990 -1.928480 0.261846 1.852788 -0.099300 -1.000000 
-0.122644 0.186161 -0.054703 -1.157475 -1.926472 0.239446 1.852018 -0.093547 -1.000000 
-0.120778 0.279597 -0.063849 -1.127924 -1.924657 0.213866 1.851289 -0.088670 -1.000000 
-0.118182 0.368658 -0.072736 -1.092893 -1.923058 0.185536 1.850597 -0.084585 -1.000000 
-0.114891 0.453311 -0.081322 -1.052865 -1.921695 0.154878 1.849934 -0.081222 -1.000000 
-0.110940 0.533581 -0.089569 -1.008247 -1.920585 0.122301 1.849295 -0.078523 -1.000000 
-0.106365 0.609525 -0.097442 -0.959369 -1.919742 0.088205 1.848676 -0.076442 -1.000000 
-0.101199 0.681220 -0.104908 -0.906493 -1.919177 0.052977 1.848071 -0.074940 -1.000000 
-0.095477 0.748749 -0.111936 -0.849815 -1.918896 0.016994 1.847475 -0.073987 -1.000000 
-0.089230 0.812180 -0.118496 -0.789476 -1.918906 -0.019379 1.846886 -0.073561 -1.000000 
-0.082493 0.871561 -0.124558 -0.725571 -1.919206 -0.055784 1.846297 -0.073647 -1.000000 
-0.075296 0.926909 -0.130095 -0.658163 -1.919797 -0.091873 1.845706 -0.074236 -1.000000 
-0.067673 0.978200 -0.135080 -0.587290 -1.920675 -0.127300 1.845108 -0.075324 -1.000000 
-0.059656 1.025369 -0.139483 -0.512982 -1.921831 -0.161728 1.844499 -0.076913 -1.000000 
-0.051278 1.068303 -0.143278 -0.435272 -1.923259 -0.194824 1.843876 -0.079012 -1.000000 
-0.042575 1.106843 -0.146438 -0.354212 -1.924944 -0.226260 1.843234 -0.081632 -1.000000 
-0.033581 1.140785 -0.148937 -0.269879 -1.926874 -0.255714 1.842569 -0.084791 -1.000000 
-0.024335 1.169884 -0.150748 -0.182395 -1.929030 -0.282874 1.841876 -0.088510 -1.000000 
-0.014877 1.193863 -0.151847 -0.091933 -1.931393 -0.307436 1.841151 -0.092815 -1.000000 
-0.005248 1.212418 -0.152212 0.001273 -1.933941 -0.329114 1.840389 -0.097735 -1.000000 
0.004507 1.225227 -0.151820 0.096919 -1.936650 -0.347641 1.839585 -0.103298 -1.000000 
0.014340 1.231968 -0.150655 0.194626 -1.939494 -0.362772 1.838734 -0.109535 -1.000000 
0.024201 1.232325 -0.148702 0.293939 -1.942445 -0.374294 1.837831 -0.116472 -1.000000 
0.034039 1.226006 -0.145950 0.394324 -1.945473 -0.382029 1.836869 -0.124128 -1.000000 
0.043799 1.212755 -0.142392 0.495171 -1.948547 -0.385841 1.835843 -0.132514 -1.000000 
0.053424 1.192368 -0.138027 0.595804 -1.951635 -0.385639 1.834747 -0.141622 -1.000000 
0.062857 1.164703 -0.132861 0.695485 -1.954706 -0.381388 1.833575 -0.151420 -1.000000 
0.072040 1.129697 -0.126904 0.793430 -1.957727 -0.373106 1.832322 -0.161848 -1.000000 
0.080913 1.087371 -0.120173 0.888823 -1.960665 -0.360870 1.830984 -0.172804 -1.000000 
0.089419 1.037840 -0.112692 0.980831 -1.963491 -0.344818 1.829557 -0.184141 -1.000000 
0.097500 0.981316 -0.104491 1.068626 -1.966173 -0.325148 1.828037 -0.195662 -1.000000 
0.105102 0.918112 -0.095607 1.151404 -1.968684 -0.302115 1.826426 -0.207114 -1.000000 
0.112173 0.848636 -0.086084 1.228402 -1.970998 -0.276026 1.824725 -0.218193 -1.000000 
0.118665 0.773389 -0.075970 1.298918 -1.973093 -0.247236 1.822937 -0.228558 -1.000000 
0.124533 0.692949 -0.065320 1.362329 -1.974948 -0.216140 1.821070 -0.237846 -1.000000 
0.129740 0.607968 -0.054193 1.418105 -1.976546 -0.183162 1.819135 -0.245699 -1.000000 
0.134250 0.519149 -0.042652 1.465816 -1.977875 -0.148748 1.817144 -0.251792 -1.000000 
0.138038 0.427234 -0.030763 1.505145 -1.978924 -0.113354 1.815112 -0.255870 -1.000000 
0.141080 0.332987 -0.018593 1.535884 -1.979687 -0.077435 1.813056 -0.257770 -1.000000 
0.143361 0.237178 -0.006212 1.557939 -1.980163 -0.041439 1.810994 -0.257436 -1.000000 
0.144873 0.140565 0.006311 1.571321 -1.980351 -0.005797 1.808943 -0.254931 -1.000000 
0.145610 0.043883 0.018907 1.576144 -1.980257 0.029087 1.806920 -0.250420 -1.000000 
0.145576 -0.052168 0.031507 1.572610 -1.979889 0.062834 1.804941 -0.244154 -1.000000 
0.144779 -0.146933 0.044047 1.561000 -1.979256 0.095102 1.803017 -0.236438 -1.000000 
0.143231 -0.239806 0.056462 1.541666 -1.978372 0.125584 1.801161 -0.227608 -1.000000 
0.140949 -0.330239 0.068694 1.515013 -1.977252 0.154009 1.799378 -0.217998 -1.000000 
0.137955 -0.417743 0.080684 1.481493 -1.975914 0.180146 1.797674 -0.207921 -1.000000 
0.134274 -0.501889 0.092381 1.441594 -1.974376 0.203800 1.796052 -0.197652 -1.000000 
0.129934 -0.582306 0.103734 1.395823 -1.972660 0.224814 1.794511 -0.187422 -1.000000 
0.124968 -0.658688 0.114700 1.344707 -1.970787 0.243067 1.793052 -0.177417 -1.000000 
0.119407 -0.730780 0.125237 1.288776 -1.968779 0.258472 1.791672 -0.167776 -1.000000 
0.113287 -0.798388 0.135309 1.228556 -1.966659 0.270974 1.790367 -0.158598 -1.000000 
0.106645 -0.861367 0.144884 1.164568 -1.964451 0.280549 1.789133 -0.149949 -1.000000 
0.099518 -0.919620 0.153933 1.097315 -1.962178 0.287201 1.787966 -0.141866 -1.000000 
0.091944 -0.973094 0.162433 1.027280 -1.959863 0.290961 1.786861 -0.134364 -1.000000 
0.083961 -1.021776 0.170363 0.954920 -1.957530 0.291883 1.785814 -0.127445 -1.000000 
0.075608 -1.065689 0.177707 0.880665 -1.955201 0.290043 1.784821 -0.121096 -1.000000 
0.066923 -1.104883 0.184450 0.804914 -1.952896 0.285535 1.783875 -0.115299 -1.000000 
0.057942 -1.139435 0.190582 0.728031 -1.950639 0.278471 1.782975 -0.110027 -1.000000 
0.048704 -1.169442 0.196096 0.650346 -1.948447 0.268976 1.782114 -0.105255 -1.000000 
0.039243 -1.195015 0.200987 0.572156 -1.946341 0.257189 1.781289 -0.100955 -1.000000 
0.029595 -1.216278 0.205250 0.493723 -1.944338 0.243256 1.780497 -0.097099 -1.000000 
0.019794 -1.233360 0.208886 0.415276 -1.942455 0.227335 1.779734 -0.093661 -1.000000 
0.009872 -1.246393 0.211895 0.337012 -1.940706 0.209589 1.778998 -0.090615 -1.000000 
-0.000138 -1.255509 0.214279 0.259098 -1.939106 0.190185 1.778284 -0.087938 -1.000000 
-0.010206 -1.260836 0.216042 0.181675 -1.937667 0.169296 1.777590 -0.085610 -1.000000 
-0.020302 -1.262496 0.217188 0.104859 -1.936400 0.147096 1.776913 -0.083611 -1.000000 
-0.030396 -1.260601 0.217722 0.028746 -1.935316 0.123761 1.776251 -0.081926 -1.000000 
-0.040462 -1.255254 0.217650 -0.046588 -1.934423 0.099469 1.775601 -0.080539 -1.000000 
-0.050472 -1.246546 0.216978 -0.121081 -1.933727 0.074398 1.774962 -0.079439 -1.000000 
-0.060398 -1.234556 0.215715 -0.194682 -1.933234 0.048724 1.774330 -0.078617 -1.000000 
-0.070216 -1.219349 0.213866 -0.267348 -1.932948 0.022625 1.773703 -0.078062 -1.000000 
-0.079899 -1.200979 0.211440 -0.339041 -1.932873 -0.003725 1.773080 -0.077771 -1.000000 
-0.089423 -1.179487 0.208444 -0.409724 -1.933008 -0.030151 1.772458 -0.077738 -1.000000 
-0.098763 -1.154902 0.204887 -0.479358 -1.933355 -0.056481 1.771835 -0.077960 -1.000000 
-0.107893 -1.127245 0.200777 -0.547901 -1.933911 -0.082543 1.771210 -0.078438 -1.000000 
-0.116791 -1.096525 0.196124 -0.615300 -1.934674 -0.108170 1.770580 -0.079171 -1.000000 
-0.125430 -1.062749 0.190936 -0.681497 -1.935640 -0.133195 1.769943 -0.080162 -1.000000 
-0.133786 -1.025915 0.185223 -0.746419 -1.936803 -0.157455 1.769296 -0.081414 -1.000000 
-0.141836 -0.986022 0.178997 -0.809981 -1.938157 -0.180791 1.768639 -0.082934 -1.000000 
-0.149555 -0.943069 0.172267 -0.872082 -1.939693 -0.203046 1.767969 -0.084726 -1.000000 
-0.156917 -0.897056 0.165047 -0.932606 -1.941402 -0.224071 1.767283 -0.086800 -1.000000 
-0.163899 -0.847992 0.157350 -0.991419 -1.943275 -0.243718 1.766579 -0.089163 -1.000000 
-0.170477 -0.795893 0.149190 -1.048374 -1.945298 -0.261848 1.765855 -0.091824 -1.000000 
-0.176626 -0.740787 0.140582 -1.103305 -1.947460 -0.278331 1.765109 -0.094795 -1.000000 
-0.182322 -0.682717 0.131543 -1.156030 -1.949746 -0.293041 1.764338 -0.098085 -1.000000 
-0.187541 -0.621741 0.122092 -1.206355 -1.952143 -0.305865 1.763539 -0.101703 -1.000000 
-0.192262 -0.557940 0.112248 -1.254072 -1.954635 -0.316700 1.762710 -0.105659 -1.000000 
-0.196461 -0.491412 0.102034 -1.298965 -1.957205 -0.325456 1.761848 -0.109961 -1.000000 
-0.200118 -0.422283 0.091473 -1.340808 -1.959837 -0.332054 1.760949 -0.114614 -1.000000 
-0.203211 -0.350699 0.080590 -1.379370 -1.962512 -0.336432 1.760013 -0.119620 -1.000000 
-0.205723 -0.276837 0.069412 -1.414423 -1.965213 -0.338543 1.759035 -0.124976 -1.000000 
-0.207635 -0.200895 0.057969 -1.445735 -1.967923 -0.338359 1.758012 -0.130673 -1.000000 
-0.208932 -0.123101 0.046291 -1.473084 -1.970621 -0.335867 1.756943 -0.136696 -1.000000 
-0.209600 -0.043708 0.034411 -1.496258 -1.973290 -0.331075 1.755824 -0.143020 -1.000000 
-0.209628 0.037009 0.022362 -1.515057 -1.975912 -0.324011 1.754654 -0.149608 -1.000000 
-0.209005 0.118748 0.010182 -1.529299 -1.978468 -0.314722 1.753430 -0.156413 -1.000000 
-0.207726 0.201191 -0.002094 -1.538825 -1.980942 -0.303274 1.752151 -0.163374 -1.000000 
-0.205785 0.284000 -0.014426 -1.543499 -1.983315 -0.289754 1.750816 -0.170413 -1.000000 
-0.203182 0.366823 -0.026776 -1.543214 -1.985573 -0.274269 1.749424 -0.177439 -1.000000 
-0.199917 0.449296 -0.039104 -1.537894 -1.987699 -0.256942 1.747977 -0.184348 -1.000000 
-0.195995 0.531052 -0.051369 -1.527495 -1.989679 -0.237915 1.746475 -0.191022 -1.000000 
-0.191423 0.611719 -0.063531 -1.512009 -1.991501 -0.217345 1.744922 -0.197332 -1.000000 
-0.186212 0.690928 -0.075548 -1.491461 -1.993153 -0.195402 1.743319 -0.203147 -1.000000 
-0.180373 0.768315 -0.087381 -1.465914 -1.994625 -0.172268 1.741673 -0.208335 -1.000000 
-0.173924 0.843530 -0.098989 -1.435464 -1.995907 -0.148135 1.739988 -0.212769 -1.000000 
-0.166883 0.916235 -0.110335 -1.400244 -1.996993 -0.123202 1.738271 -0.216336 -1.000000 
-0.159272 0.986112 -0.121381 -1.360416 -1.997876 -0.097672 1.736529 -0.218945 -1.000000 
-0.151114 1.052865 -0.132090 -1.316175 -1.998554 -0.071749 1.734771 -0.220528 -1.000000 
-0.142435 1.116222 -0.142429 -1.267741 -1.999024 -0.045640 1.733004 -0.221047 -1.000000 
-0.133264 1.175939 -0.152364 -1.215361 -1.999285 -0.019546 1.731237 -0.220498 -1.000000 
-0.123631 1.231800 -0.161865 -1.159301 -1.999337 0.006334 1.729478 -0.218908 -1.000000 
-0.113566 1.283620 -0.170903 -1.099844 -1.999184 0.031811 1.727737 -0.216333 -1.000000 
-0.103104 1.331244 -0.179454 -1.037289 -1.998830 0.056700 1.726020 -0.212857 -1.000000 
-0.092278 1.374548 -0.187493 -0.971944 -1.998279 0.080829 1.724333 -0.208583 -1.000000 
-0.081123 1.413438 -0.194998 -0.904124 -1.997539 0.104036 1.722684 -0.203626 -1.000000 
-0.069675 1.447849 -0.201953 -0.834147 -1.996617 0.126171 1.721077 -0.198113 -1.000000 
-0.057969 1.477747 -0.208340 -0.762332 -1.995523 0.147097 1.719515 -0.192168 -1.000000 
-0.046043 1.503124 -0.214146 -0.688996 -1.994267 0.166689 1.718003 -0.185914 -1.000000 
-0.033931 1.523995 -0.219361 -0.614449 -1.992860 0.184839 1.716541 -0.179464 -1.000000 
-0.021671 1.540403 -0.223975 -0.538994 -1.991314 0.201448 1.715132 -0.172923 -1.000000 
-0.009297 1.552409 -0.227983 -0.462926 -1.989641 0.216435 1.713774 -0.166379 -1.000000 
0.003156 1.560097 -0.231381 -0.386526 -1.987856 0.229733 1.712469 -0.159911 -1.000000 
0.015654 1.563565 -0.234167 -0.310063 -1.985970 0.241284 1.711216 -0.153582 -1.000000 
0.028162 1.562929 -0.236342 -0.233791 -1.984000 0.251050 1.710012 -0.147443 -1.000000 
0.040650 1.558316 -0.237909 -0.157949 -1.981958 0.259001 1.708856 -0.141533 -1.000000 
0.053085 1.549865 -0.238871 -0.082758 -1.979861 0.265122 1.707746 -0.135881 -1.000000 
0.065438 1.537724 -0.239235 -0.008425 -1.977721 0.269409 1.706681 -0.130508 -1.000000 
0.077679 1.522046 -0.239009 0.064864 -1.975555 0.271871 1.705657 -0.125426 -1.000000 
0.089782 1.502989 -0.238201 0.136937 -1.973376 0.272526 1.704673 -0.120642 -1.000000 
0.101719 1.480713 -0.236821 0.207641 -1.971199 0.271403 1.703726 -0.116157 -1.000000 
0.113465 1.455381 -0.234882 0.276839 -1.969038 0.268540 1.702814 -0.111969 -1.000000 
0.124997 1.427153 -0.232396 0.344412 -1.966907 0.263986 1.701934 -0.108073 -1.000000 
0.136292 1.396187 -0.229376 0.410255 -1.964819 0.257794 1.701084 -0.104462 -1.000000 
0.147329 1.362636 -0.225837 0.474277 -1.962787 0.250029 1.700262 -0.101127 -1.000000 
0.158088 1.326650 -0.221793 0.536403 -1.960823 0.240757 1.699465 -0.098059 -1.000000 
0.168549 1.288373 -0.217260 0.596569 -1.958938 0.230056 1.698692 -0.095247 -1.000000 
0.178696 1.247940 -0.212253 0.654725 -1.957145 0.218005 1.697941 -0.092682 -1.000000 
0.188511 1.205481 -0.206790 0.710827 -1.955454 0.204688 1.697209 -0.090354 -1.000000 
0.197979 1.161115 -0.200886 0.764845 -1.953873 0.190195 1.696495 -0.088253 -1.000000 
0.207084 1.114957 -0.194558 0.816754 -1.952413 0.174618 1.695796 -0.086371 -1.000000 
0.215813 1.067109 -0.187823 0.866536 -1.951082 0.158052 1.695112 -0.084697 -1.000000 
0.224154 1.017668 -0.180699 0.914178 -1.949887 0.140596 1.694440 -0.083226 -1.000000 
0.232092 0.966722 -0.173202 0.959673 -1.948835 0.122347 1.693780 -0.081949 -1.000000 
0.239617 0.914350 -0.165350 1.003014 -1.947931 0.103409 1.693129 -0.080860 -1.000000 
0.246718 0.860625 -0.157160 1.044198 -1.947182 0.083882 1.692486 -0.079953 -1.000000 
0.253384 0.805612 -0.148649 1.083222 -1.946590 0.063871 1.691849 -0.079224 -1.000000 
0.259605 0.749371 -0.139834 1.120082 -1.946161 0.043480 1.691218 -0.078669 -1.000000 
0.265371 0.691956 -0.130733 1.154773 -1.945896 0.022812 1.690590 -0.078283 -1.000000 
0.270673 0.633416 -0.121363 1.187291 -1.945796 0.001972 1.689965 -0.078065 -1.000000 
0.275502 0.573797 -0.111742 1.217624 -1.945864 -0.018937 1.689340 -0.078013 -1.000000 
0.279851 0.513142 -0.101887 1.245761 -1.946099 -0.039811 1.688716 -0.078125 -1.000000 
0.283710 0.451494 -0.091816 1.271687 -1.946501 -0.060548 1.688090 -0.078401 -1.000000 
0.287072 0.388893 -0.081546 1.295380 -1.947067 -0.081045 1.687461 -0.078840 -1.000000 
0.289930 0.325382 -0.071096 1.316817 -1.947797 -0.101202 1.686828 -0.079445 -1.000000 
0.292276 0.261004 -0.060483 1.335970 -1.948685 -0.120921 1.686190 -0.080216 -1.000000 
0.294104 0.195805 -0.049727 1.352807 -1.949730 -0.140105 1.685544 -0.081154 -1.000000 
0.295407 0.129835 -0.038845 1.367290 -1.950925 -0.158658 1.684891 -0.082264 -1.000000 
0.296179 0.063149 -0.027856 1.379379 -1.952266 -0.176487 1.684228 -0.083547 -1.000000 
0.296416 -0.004192 -0.016781 1.389032 -1.953747 -0.193504 1.683553 -0.085007 -1.000000 
0.296111 -0.072122 -0.005638 1.396202 -1.955360 -0.209620 1.682867 -0.086649 -1.000000 
0.295260 -0.140567 0.005551 1.400839 -1.957098 -0.224753 1.682167 -0.088475 -1.000000 
0.293860 -0.209443 0.016768 1.402896 -1.958953 -0.238824 1.681451 -0.090491 -1.000000 
0.291908 -0.278661 0.027991 1.402321 -1.960916 -0.251756 1.680718 -0.092701 -1.000000 
0.289401 -0.348119 0.039198 1.399064 -1.962978 -0.263480 1.679967 -0.095109 -1.000000 
0.286338 -0.417708 0.050369 1.393077 -1.965129 -0.273931 1.679196 -0.097720 -1.000000 
0.282718 -0.487309 0.061480 1.384313 -1.967358 -0.283049 1.678403 -0.100536 -1.000000 
0.278541 -0.556793 0.072510 1.372731 -1.969654 -0.290781 1.677587 -0.103561 -1.000000 
0.273810 -0.626022 0.083436 1.358292 -1.972006 -0.297081 1.676745 -0.106797 -1.000000 
0.268526 -0.694849 0.094235 1.340963 -1.974403 -0.301908 1.675877 -0.110244 -1.000000 
0.262694 -0.763117 0.104884 1.320720 -1.976833 -0.305231 1.674981 -0.113902 -1.000000 
0.256318 -0.830661 0.115359 1.297544 -1.979283 -0.307027 1.674054 -0.117765 -1.000000 
0.249406 -0.897310 0.125637 1.271428 -1.981741 -0.307279 1.673096 -0.121830 -1.000000 
0.241964 -0.962886 0.135694 1.242373 -1.984195 -0.305980 1.672105 -0.126085 -1.000000 
0.234003 -1.027205 0.145507 1.210391 -1.986633 -0.303133 1.671078 -0.130520 -1.000000 
0.225533 -1.090080 0.155052 1.175507 -1.989041 -0.298748 1.670016 -0.135115 -1.000000 
0.216566 -1.151321 0.164307 1.137757 -1.991409 -0.292847 1.668916 -0.139850 -1.000000 
0.207116 -1.210735 0.173249 1.097191 -1.993723 -0.285459 1.667778 -0.144697 -1.000000 
0.197199 -1.268132 0.181855 1.053872 -1.995972 -0.276623 1.666601 -0.149623 -1.000000 
0.186832 -1.323322 0.190104 1.007876 -1.998145 -0.266388 1.665384 -0.154591 -1.000000 
0.176033 -1.376120 0.197974 0.959294 -2.000231 -0.254811 1.664127 -0.159554 -1.000000 
0.164821 -1.426345 0.205446 0.908229 -2.002219 -0.241959 1.662831 -0.164464 -1.000000 
0.153218 -1.473822 0.212499 0.854798 -2.004099 -0.227905 1.661496 -0.169266 -1.000000 
0.141248 -1.518388 0.219117 0.799132 -2.005862 -0.212731 1.660123 -0.173898 -1.000000 
0.128932 -1.559887 0.225280 0.741371 -2.007500 -0.196528 1.658714 -0.178299 -1.000000 
0.116298 -1.598174 0.230973 0.681669 -2.009004 -0.179389 1.657271 -0.182404 -1.000000 
0.103371 -1.633119 0.236182 0.620190 -2.010368 -0.161418 1.655797 -0.186149 -1.000000 
0.090177 -1.664606 0.240892 0.557106 -2.011585 -0.142720 1.654294 -0.189472 -1.000000 
0.076746 -1.692530 0.245092 0.492599 -2.012650 -0.123405 1.652767 -0.192315 -1.000000 
0.063107 -1.716807 0.248770 0.426856 -2.013558 -0.103588 1.651219 -0.194628 -1.000000 
0.049287 -1.737365 0.251919 0.360069 -2.014306 -0.083382 1.649654 -0.196368 -1.000000 
0.035319 -1.754151 0.254529 0.292436 -2.014891 -0.062906 1.648078 -0.197503 -1.000000 
0.021231 -1.767129 0.256596 0.224157 -2.015312 -0.042277 1.646496 -0.198015 -1.000000 
0.007055 -1.776279 0.258115 0.155431 -2.015568 -0.021610 1.644912 -0.197897 -1.000000 
-0.007179 -1.781598 0.259082 0.086458 -2.015658 -0.001022 1.643331 -0.197154 -1.000000 
-0.021440 -1.783099 0.259498 0.017436 -2.015584 0.019375 1.641759 -0.195805 -1.000000 
-0.035699 -1.780813 0.259362 -0.051438 -2.015349 0.039471 1.640200 -0.193882 -1.000000 
-0.049923 -1.774784 0.258676 -0.119976 -2.014954 0.059159 1.638658 -0.191426 -1.000000 
-0.064085 -1.765072 0.257443 -0.187990 -2.014404 0.078338 1.637138 -0.188484 -1.000000 
-0.078155 -1.751748 0.255670 -0.255302 -2.013702 0.096910 1.635644 -0.185113 -1.000000 
-0.092104 -1.734900 0.253361 -0.321740 -2.012855 0.114784 1.634177 -0.181372 -1.000000 
-0.105904 -1.714623 0.250525 -0.387140 -2.011868 0.131874 1.632742 -0.177324 -1.000000 
-0.119529 -1.691026 0.247170 -0.451349 -2.010747 0.148099 1.631341 -0.173029 -1.000000 
-0.132952 -1.664224 0.243307 -0.514218 -2.009501 0.163387 1.629974 -0.168547 -1.000000 
-0.146148 -1.634344 0.238946 -0.575614 -2.008136 0.177671 1.628644 -0.163936 -1.000000 
-0.159094 -1.601516 0.234101 -0.635410 -2.006661 0.190890 1.627352 -0.159247 -1.000000 
-0.171765 -1.565879 0.228784 -0.693490 -2.005085 0.202993 1.626097 -0.154531 -1.000000 
-0.184141 -1.527575 0.223010 -0.749751 -2.003416 0.213932 1.624879 -0.149828 -1.000000 
-0.196200 -1.486749 0.216793 -0.804096 -2.001665 0.223668 1.623699 -0.145176 -1.000000 
-0.207922 -1.443549 0.210150 -0.856441 -1.999841 0.232171 1.622556 -0.140608 -1.000000 
-0.219291 -1.398124 0.203096 -0.906714 -1.997953 0.239414 1.621449 -0.136149 -1.000000 
-0.230287 -1.350625 0.195648 -0.954850 -1.996013 0.245379 1.620377 -0.131821 -1.000000 
-0.240895 -1.301201 0.187824 -1.000794 -1.994031 0.250055 1.619340 -0.127643 -1.000000 
-0.251101 -1.249998 0.179641 -1.044502 -1.992016 0.253436 1.618335 -0.123626 -1.000000 
-0.260891 -1.197161 0.171118 -1.085938 -1.989979 0.255523 1.617361 -0.119781 -1.000000 
-0.270252 -1.142834 0.162272 -1.125074 -1.987931 0.256323 1.616418 -0.116115 -1.000000 
-0.279173 -1.087154 0.153123 -1.161890 -1.985882 0.255849 1.615503 -0.112631 -1.000000 
-0.287643 -1.030255 0.143688 -1.196374 -1.983841 0.254119 1.614615 -0.109332 -1.000000 
-0.295654 -0.972266 0.133987 -1.228520 -1.981819 0.251156 1.613753 -0.106217 -1.000000 
-0.303197 -0.913311 0.124038 -1.258329 -1.979826 0.246989 1.612915 -0.103286 -1.000000 
-0.310265 -0.853508 0.113860 -1.285806 -1.977870 0.241650 1.612100 -0.100536 -1.000000 
-0.316851 -0.792970 0.103472 -1.310962 -1.975962 0.235177 1.611306 -0.097964 -1.000000 
-0.322950 -0.731803 0.092891 -1.333812 -1.974110 0.227611 1.610532 -0.095567 -1.000000 
-0.328558 -0.670108 0.082137 -1.354374 -1.972323 0.218997 1.609777 -0.093339 -1.000000 
-0.333671 -0.607979 0.071227 -1.372670 -1.970609 0.209383 1.609038 -0.091277 -1.000000 
-0.338285 -0.545504 0.060180 -1.388723 -1.968976 0.198820 1.608316 -0.089375 -1.000000 
-0.342398 -0.482765 0.049013 -1.402558 -1.967430 0.187363 1.607608 -0.087629 -1.000000 
-0.346009 -0.419838 0.037745 -1.414203 -1.965980 0.175068 1.606913 -0.086035 -1.000000 
-0.349115 -0.356796 0.026392 -1.423683 -1.964631 0.161994 1.606231 -0.084589 -1.000000 
-0.351717 -0.293703 0.014972 -1.431028 -1.963390 0.148202 1.605559 -0.083285 -1.000000 
-0.353815 -0.230621 0.003501 -1.436264 -1.962262 0.133754 1.604898 -0.082120 -1.000000 
-0.355408 -0.167605 -0.008003 -1.439418 -1.961252 0.118716 1.604245 -0.081090 -1.000000 
-0.356497 -0.104709 -0.019524 -1.440516 -1.960364 0.103151 1.603600 -0.080193 -1.000000 
-0.357083 -0.041981 -0.031046 -1.439583 -1.959602 0.087127 1.602962 -0.079424 -1.000000 
-0.357169 0.020533 -0.042552 -1.436641 -1.958971 0.070711 1.602329 -0.078781 -1.000000 
-0.356756 0.082791 -0.054027 -1.431714 -1.958472 0.053972 1.601701 -0.078262 -1.000000 
-0.355845 0.144751 -0.065454 -1.424820 -1.958108 0.036976 1.601077 -0.077864 -1.000000 
-0.354440 0.206374 -0.076819 -1.415977 -1.957881 0.019794 1.600455 -0.077587 -1.000000 
-0.352544 0.267622 -0.088105 -1.405203 -1.957791 0.002495 1.599835 -0.077428 -1.000000 
-0.350160 0.328458 -0.099297 -1.392511 -1.957841 -0.014853 1.599216 -0.077387 -1.000000 
-0.347290 0.388844 -0.110380 -1.377915 -1.958029 -0.032182 1.598596 -0.077464 -1.000000 
-0.343939 0.448743 -0.121338 -1.361425 -1.958356 -0.049422 1.597976 -0.077657 -1.000000 
-0.340112 0.508115 -0.132158 -1.343051 -1.958819 -0.066505 1.597353 -0.077966 -1.000000 
-0.335811 0.566921 -0.142822 -1.322803 -1.959419 -0.083366 1.596728 -0.078393 -1.000000 
-0.331042 0.625120 -0.153317 -1.300686 -1.960152 -0.099937 1.596099 -0.078938 -1.000000 
-0.325811 0.682666 -0.163628 -1.276709 -1.961017 -0.116153 1.595465 -0.079602 -1.000000 
-0.320122 0.739515 -0.173740 -1.250877 -1.962010 -0.131951 1.594825 -0.080385 -1.000000 
-0.313981 0.795617 -0.183637 -1.223198 -1.963127 -0.147267 1.594178 -0.081290 -1.000000 
-0.307394 0.850920 -0.193306 -1.193678 -1.964365 -0.162041 1.593524 -0.082317 -1.000000 
-0.300368 0.905368 -0.202731 -1.162325 -1.965718 -0.176213 1.592861 -0.083470 -1.000000 
-0.292910 0.958905 -0.211898 -1.129149 -1.967182 -0.189727 1.592188 -0.084750 -1.000000 
-0.285028 1.011467 -0.220793 -1.094159 -1.968752 -0.202526 1.591505 -0.086158 -1.000000 
-0.276730 1.062988 -0.229400 -1.057369 -1.970421 -0.214558 1.590809 -0.087698 -1.000000 
-0.268023 1.113401 -0.237706 -1.018794 -1.972183 -0.225773 1.590101 -0.089371 -1.000000 
-0.258919 1.162631 -0.245696 -0.978454 -1.974031 -0.236124 1.589379 -0.091180 -1.000000 
-0.249425 1.210605 -0.253357 -0.936369 -1.975958 -0.245566 1.588642 -0.093126 -1.000000 
-0.239552 1.257241 -0.260674 -0.892566 -1.977957 -0.254058 1.587889 -0.095212 -1.000000 
-0.229313 1.302460 -0.267633 -0.847076 -1.980020 -0.261563 1.587118 -0.097439 -1.000000 
-0.218717 1.346176 -0.274222 -0.799934 -1.982140 -0.268048 1.586329 -0.099807 -1.000000 
-0.207778 1.388302 -0.280428 -0.751180 -1.984306 -0.273481 1.585521 -0.102318 -1.000000 
-0.196509 1.428751 -0.286237 -0.700859 -1.986512 -0.277839 1.584692 -0.104970 -1.000000 
-0.184923 1.467433 -0.291638 -0.649024 -1.988749 -0.281098 1.583841 -0.107763 -1.000000 
-0.173035 1.504257 -0.296618 -0.595732 -1.991007 -0.283242 1.582967 -0.110693 -1.000000 
-0.160860 1.539132 -0.301166 -0.541047 -1.993278 -0.284260 1.582069 -0.113759 -1.000000 
-0.148414 1.571969 -0.305271 -0.485038 -1.995552 -0.284144 1.581147 -0.116953 -1.000000 
-0.135714 1.602678 -0.308923 -0.427782 -1.997821 -0.282891 1.580198 -0.120270 -1.000000 
-0.122777 1.631172 -0.312112 -0.369361 -2.000075 -0.280505 1.579222 -0.123700 -1.000000 
-0.109621 1.657365 -0.314830 -0.309865 -2.002306 -0.276994 1.578218 -0.127232 -1.000000 
-0.096266 1.681175 -0.317067 -0.249389 -2.004504 -0.272370 1.577186 -0.130852 -1.000000 
-0.082729 1.702523 -0.318818 -0.188033 -2.006661 -0.266652 1.576124 -0.134546 -1.000000 
-0.069032 1.721336 -0.320074 -0.125905 -2.008768 -0.259865 1.575033 -0.138292 -1.000000 
-0.055195 1.737545 -0.320830 -0.063117 -2.010816 -0.252035 1.573912 -0.142071 -1.000000 
-0.041238 1.751086 -0.321082 0.000214 -2.012798 -0.243199 1.572760 -0.145858 -1.000000 
-0.027185 1.761902 -0.320826 0.063967 -2.014705 -0.233394 1.571578 -0.149624 -1.000000 
-0.013055 1.769943 -0.320058 0.128014 -2.016530 -0.222663 1.570366 -0.153341 -1.000000 
0.001127 1.775167 -0.318777 0.192227 -2.018265 -0.211056 1.569125 -0.156977 -1.000000 
0.015340 1.777539 -0.316982 0.256475 -2.019904 -0.198625 1.567855 -0.160496 -1.000000 
0.029560 1.777033 -0.314674 0.320622 -2.021441 -0.185425 1.566557 -0.163863 -1.000000 
0.043764 1.773630 -0.311853 0.384532 -2.022869 -0.171518 1.565234 -0.167042 -1.000000 
0.057930 1.767323 -0.308522 0.448070 -2.024184 -0.156966 1.563885 -0.169996 -1.000000 
0.072034 1.758111 -0.304685 0.511098 -2.025379 -0.141836 1.562514 -0.172689 -1.000000 
0.086052 1.746004 -0.300346 0.573480 -2.026452 -0.126198 1.561123 -0.175087 -1.000000 
0.099962 1.731020 -0.295512 0.635082 -2.027397 -0.110122 1.559714 -0.177160 -1.000000 
0.113741 1.713187 -0.290188 0.695771 -2.028213 -0.093682 1.558289 -0.178878 -1.000000 
0.127366 1.692543 -0.284382 0.755418 -2.028895 -0.076952 1.556853 -0.180218 -1.000000 
0.140814 1.669133 -0.278104 0.813895 -2.029443 -0.060007 1.555407 -0.181163 -1.000000 
0.154065 1.643011 -0.271363 0.871081 -2.029855 -0.042923 1.553955 -0.181698 -1.000000 
0.167095 1.614240 -0.264170 0.926859 -2.030130 -0.025775 1.552501 -0.181819 -1.000000 
0.179886 1.582890 -0.256537 0.981115 -2.030267 -0.008638 1.551047 -0.181524 -1.000000 
0.192415 1.549039 -0.248477 1.033743 -2.030268 0.008412 1.549598 -0.180820 -1.000000 
0.204664 1.512772 -0.240002 1.084643 -2.030133 0.025303 1.548155 -0.179720 -1.000000 
0.216613 1.474179 -0.231128 1.133721 -2.029864 0.041964 1.546723 -0.178241 -1.000000 
0.228245 1.433357 -0.221868 1.180889 -2.029463 0.058324 1.545304 -0.176405 -1.000000 
0.239541 1.390407 -0.212239 1.226067 -2.028932 0.074317 1.543901 -0.174241 -1.000000 
0.250486 1.345437 -0.202256 1.269183 -2.028275 0.089878 1.542517 -0.171779 -1.000000 
0.261063 1.298556 -0.191937 1.310171 -2.027495 0.104944 1.541154 -0.169051 -1.000000 
0.271258 1.249877 -0.181299 1.348973 -2.026597 0.119458 1.539813 -0.166092 -1.000000 
0.281057 1.199516 -0.170360 1.385538 -2.025585 0.133363 1.538497 -0.162939 -1.000000 
0.290446 1.147592 -0.159137 1.419823 -2.024465 0.146607 1.537206 -0.159624 -1.000000 
0.299414 1.094223 -0.147649 1.451793 -2.023242 0.159143 1.535943 -0.156184 -1.000000 
0.307950 1.039530 -0.135914 1.481419 -2.021921 0.170925 1.534708 -0.152651 -1.000000 
0.316044 0.983633 -0.123952 1.508679 -2.020509 0.181913 1.533501 -0.149056 -1.000000 
0.323685 0.926652 -0.111782 1.533559 -2.019012 0.192071 1.532323 -0.145428 -1.000000 
0.330867 0.868705 -0.099422 1.556050 -2.017438 0.201365 1.531174 -0.141793 -1.000000 
0.337582 0.809911 -0.086891 1.576151 -2.015793 0.209767 1.530054 -0.138175 -1.000000 
0.343824 0.750385 -0.074210 1.593866 -2.014084 0.217253 1.528963 -0.134595 -1.000000 
0.349587 0.690241 -0.061396 1.609205 -2.012319 0.223802 1.527900 -0.131071 -1.000000 
0.354866 0.629589 -0.048469 1.622182 -2.010506 0.229398 1.526866 -0.127618 -1.000000 
0.359659 0.568538 -0.035447 1.632818 -2.008652 0.234028 1.525858 -0.124252 -1.000000 
0.363962 0.507192 -0.022350 1.641136 -2.006764 0.237684 1.524878 -0.120982 -1.000000 
0.367774 0.445652 -0.009195 1.647166 -2.004851 0.240363 1.523922 -0.117817 -1.000000 
0.371092 0.384014 0.003999 1.650939 -2.002921 0.242062 1.522992 -0.114765 -1.000000 
0.373918 0.322373 0.017214 1.652492 -2.000981 0.242785 1.522086 -0.111830 -1.000000 
0.376251 0.260817 0.030433 1.651862 -1.999039 0.242540 1.521203 -0.109018 -1.000000 
0.378092 0.199430 0.043638 1.649089 -1.997103 0.241335 1.520341 -0.106330 -1.000000 
0.379442 0.138294 0.056813 1.644218 -1.995180 0.239184 1.519501 -0.103768 -1.000000 
0.380305 0.077483 0.069940 1.637292 -1.993278 0.236103 1.518681 -0.101334 -1.000000 
0.380683 0.017070 0.083004 1.628358 -1.991405 0.232114 1.517879 -0.099025 -1.000000 
0.380579 -0.042878 0.095989 1.617461 -1.989567 0.227236 1.517096 -0.096843 -1.000000 
0.379998 -0.102298 0.108878 1.604650 -1.987771 0.221497 1.516329 -0.094785 -1.000000 
0.378944 -0.161132 0.121658 1.589972 -1.986025 0.214924 1.515579 -0.092849 -1.000000 
0.377422 -0.219325 0.134313 1.573475 -1.984335 0.207547 1.514844 -0.091035 -1.000000 
0.375437 -0.276825 0.146829 1.555205 -1.982706 0.199398 1.514122 -0.089339 -1.000000 
0.372995 -0.333585 0.159192 1.535211 -1.981146 0.190512 1.513414 -0.087760 -1.000000 
0.370102 -0.389562 0.171388 1.513537 -1.979660 0.180925 1.512718 -0.086294 -1.000000 
0.366764 -0.444715 0.183404 1.490229 -1.978253 0.170676 1.512033 -0.084940 -1.000000 
0.362988 -0.499007 0.195227 1.465331 -1.976931 0.159805 1.511358 -0.083694 -1.000000 
0.358782 -0.552403 0.206845 1.438885 -1.975698 0.148352 1.510693 -0.082555 -1.000000 
0.354153 -0.604871 0.218245 1.410934 -1.974559 0.136362 1.510037 -0.081521 -1.000000 
0.349107 -0.656381 0.229416 1.381516 -1.973517 0.123877 1.509389 -0.080588 -1.000000 
0.343653 -0.706905 0.240346 1.350670 -1.972578 0.110942 1.508747 -0.079755 -1.000000 
0.337799 -0.756417 0.251023 1.318434 -1.971743 0.097604 1.508112 -0.079020 -1.000000 
0.331553 -0.804892 0.261437 1.284842 -1.971017 0.083910 1.507483 -0.078382 -1.000000 
0.324924 -0.852308 0.271577 1.249929 -1.970402 0.069905 1.506858 -0.077838 -1.000000 
0.317919 -0.898640 0.281433 1.213726 -1.969899 0.055640 1.506237 -0.077387 -1.000000 
0.310548 -0.943868 0.290993 1.176265 -1.969512 0.041161 1.505620 -0.077028 -1.000000 
0.302820 -0.987971 0.300249 1.137576 -1.969241 0.026518 1.505005 -0.076761 -1.000000 
0.294744 -1.030925 0.309191 1.097687 -1.969088 0.011759 1.504391 -0.076583 -1.000000 
0.286329 -1.072712 0.317809 1.056627 -1.969053 -0.003066 1.503779 -0.076495 -1.000000 
0.277584 -1.113308 0.326094 1.014422 -1.969137 -0.017909 1.503167 -0.076495 -1.000000 
0.268519 -1.152692 0.334037 0.971098 -1.969340 -0.032720 1.502555 -0.076584 -1.000000 
0.259144 -1.190842 0.341629 0.926681 -1.969661 -0.047452 1.501941 -0.076762 -1.000000 
0.249469 -1.227734 0.348861 0.881197 -1.970099 -0.062056 1.501326 -0.077028 -1.000000 
0.239504 -1.263344 0.355725 0.834672 -1.970653 -0.076485 1.500709 -0.077383 -1.000000 
0.229259 -1.297647 0.362213 0.787131 -1.971322 -0.090691 1.500088 -0.077827 -1.000000 
0.218745 -1.330618 0.368317 0.738601 -1.972103 -0.104627 1.499463 -0.078361 -1.000000 
0.207972 -1.362228 0.374028 0.689108 -1.972995 -0.118249 1.498834 -0.078985 -1.000000 
0.196953 -1.392449 0.379340 0.638680 -1.973994 -0.131510 1.498199 -0.079700 -1.000000 
0.185697 -1.421253 0.384245 0.587348 -1.975098 -0.144369 1.497559 -0.080507 -1.000000 
0.174217 -1.448608 0.388735 0.535140 -1.976303 -0.156781 1.496911 -0.081408 -1.000000 
0.162523 -1.474483 0.392805 0.482089 -1.977605 -0.168706 1.496256 -0.082402 -1.000000 
0.150629 -1.498844 0.396447 0.428230 -1.979001 -0.180103 1.495592 -0.083492 -1.000000 
0.138546 -1.521659 0.399654 0.373598 -1.980485 -0.190935 1.494920 -0.084678 -1.000000 
0.126287 -1.542893 0.402422 0.318232 -1.982054 -0.201164 1.494237 -0.085962 -1.000000 
0.113864 -1.562512 0.404744 0.262172 -1.983702 -0.210755 1.493544 -0.087346 -1.000000 
0.000000 0.000000 0.000000 0.000000 0.000000 0.000000 0.000000 0.000000 0.000000 
