0.273476 0.080778 -0.279046 -1.339697 -1.896708 0.345200 0.800742 -0.126359 1.000000 
0.274036 0.059282 -0.289683 -1.319520 -1.893933 0.348404 0.799762 -0.118867 1.000000 
0.274425 0.037895 -0.300156 -1.298693 -1.891135 0.350860 0.798839 -0.112047 1.000000 
0.274643 0.016629 -0.310461 -1.277242 -1.888321 0.352568 0.797968 -0.105830 1.000000 
0.274691 -0.004502 -0.320591 -1.255190 -1.885496 0.353529 0.797144 -0.100157 1.000000 
0.274571 -0.025485 -0.330542 -1.232560 -1.882666 0.353743 0.796364 -0.094974 1.000000 
0.274284 -0.046310 -0.340310 -1.209376 -1.879838 0.353216 0.795623 -0.090234 1.000000 
0.273831 -0.066964 -0.349891 -1.185661 -1.877017 0.351951 0.794919 -0.085893 1.000000 
0.273213 -0.087437 -0.359279 -1.161437 -1.874209 0.349956 0.794248 -0.081914 1.000000 
0.272432 -0.107720 -0.368472 -1.136726 -1.871420 0.347238 0.793608 -0.078264 1.000000 
0.271490 -0.127803 -0.377466 -1.111551 -1.868655 0.343807 0.792995 -0.074911 1.000000 
0.270388 -0.147678 -0.386256 -1.085932 -1.865921 0.339673 0.792408 -0.071831 1.000000 
0.269128 -0.167335 -0.394840 -1.059889 -1.863222 0.334847 0.791845 -0.068997 1.000000 
0.267711 -0.186769 -0.403213 -1.033443 -1.860565 0.329343 0.791304 -0.066390 1.000000 
0.266140 -0.205972 -0.411374 -1.006613 -1.857954 0.323174 0.790782 -0.063990 1.000000 
0.264416 -0.224937 -0.419318 -0.979418 -1.855396 0.316357 0.790279 -0.061779 1.000000 
0.262542 -0.243658 -0.427043 -0.951875 -1.852894 0.308907 0.789793 -0.059743 1.000000 
0.260518 -0.262131 -0.434547 -0.924001 -1.850455 0.300842 0.789323 -0.057867 1.000000 
0.258348 -0.280351 -0.441827 -0.895814 -1.848082 0.292181 0.788867 -0.056140 1.000000 
0.256033 -0.298312 -0.448879 -0.867329 -1.845782 0.282942 0.788424 -0.054549 1.000000 
0.253576 -0.316012 -0.455703 -0.838561 -1.843557 0.273147 0.787994 -0.053086 1.000000 
0.250978 -0.333446 -0.462296 -0.809524 -1.841413 0.262817 0.787575 -0.051741 1.000000 
0.248242 -0.350612 -0.468655 -0.780232 -1.839353 0.251972 0.787166 -0.050506 1.000000 
0.245369 -0.367506 -0.474779 -0.750698 -1.837382 0.240638 0.786766 -0.049374 1.000000 
0.242362 -0.384126 -0.480665 -0.720933 -1.835504 0.228836 0.786376 -0.048338 1.000000 
0.239224 -0.400471 -0.486313 -0.690950 -1.833722 0.216592 0.785993 -0.047393 1.000000 
0.235955 -0.416537 -0.491720 -0.660760 -1.832040 0.203930 0.785617 -0.046534 1.000000 
0.232560 -0.432323 -0.496885 -0.630371 -1.830460 0.190875 0.785248 -0.045755 1.000000 
0.229039 -0.447829 -0.501805 -0.599794 -1.828987 0.177455 0.784885 -0.045052 1.000000 
0.225395 -0.463051 -0.506481 -0.569037 -1.827622 0.163694 0.784527 -0.044423 1.000000 
0.221631 -0.477990 -0.510910 -0.538109 -1.826369 0.149621 0.784174 -0.043863 1.000000 
0.217748 -0.492644 -0.515090 -0.507017 -1.825229 0.135263 0.783825 -0.043369 1.000000 
0.213749 -0.507013 -0.519021 -0.475769 -1.824205 0.120648 0.783480 -0.042940 1.000000 
0.209637 -0.521094 -0.522702 -0.444372 -1.823299 0.105803 0.783138 -0.042573 1.000000 
0.205413 -0.534888 -0.526131 -0.412830 -1.822513 0.090758 0.782798 -0.042265 1.000000 
0.201079 -0.548393 -0.529307 -0.381152 -1.821847 0.075540 0.782461 -0.042017 1.000000 
0.196639 -0.561609 -0.532229 -0.349341 -1.821304 0.060180 0.782126 -0.041826 1.000000 
0.192094 -0.574534 -0.534896 -0.317403 -1.820885 0.044705 0.781792 -0.041691 1.000000 
0.187447 -0.587167 -0.537307 -0.285343 -1.820589 0.029146 0.781459 -0.041611 1.000000 
0.182700 -0.599507 -0.539461 -0.253166 -1.820419 0.013531 0.781126 -0.041587 1.000000 
0.177856 -0.611554 -0.541358 -0.220877 -1.820373 -0.002110 0.780793 -0.041618 1.000000 
0.172916 -0.623304 -0.542995 -0.188480 -1.820452 -0.017748 0.780460 -0.041704 1.000000 
0.167884 -0.634758 -0.544373 -0.155979 -1.820657 -0.033354 0.780126 -0.041844 1.000000 
0.162761 -0.645912 -0.545490 -0.123379 -1.820986 -0.048897 0.779790 -0.042041 1.000000 
0.157550 -0.656764 -0.546347 -0.090684 -1.821439 -0.064350 0.779453 -0.042295 1.000000 
0.152254 -0.667314 -0.546941 -0.057899 -1.822015 -0.079683 0.779113 -0.042606 1.000000 
0.146874 -0.677558 -0.547273 -0.025029 -1.822713 -0.094867 0.778771 -0.042976 1.000000 
0.141414 -0.687493 -0.547341 0.007922 -1.823533 -0.109874 0.778426 -0.043406 1.000000 
0.135875 -0.697116 -0.547146 0.040948 -1.824471 -0.124675 0.778077 -0.043899 1.000000 
0.130260 -0.706425 -0.546686 0.074044 -1.825527 -0.139242 0.777723 -0.044457 1.000000 
0.124573 -0.715415 -0.545961 0.107203 -1.826698 -0.153548 0.777365 -0.045082 1.000000 
0.118815 -0.724084 -0.544971 0.140420 -1.827983 -0.167565 0.777002 -0.045778 1.000000 
0.112988 -0.732427 -0.543714 0.173688 -1.829378 -0.181267 0.776632 -0.046547 1.000000 
0.107097 -0.740439 -0.542192 0.207000 -1.830882 -0.194627 0.776257 -0.047392 1.000000 
0.101142 -0.748117 -0.540402 0.240348 -1.832491 -0.207619 0.775874 -0.048319 1.000000 
0.095128 -0.755456 -0.538346 0.273724 -1.834203 -0.220218 0.775483 -0.049332 1.000000 
0.089056 -0.762450 -0.536023 0.307118 -1.836014 -0.232399 0.775084 -0.050436 1.000000 
0.082930 -0.769095 -0.533432 0.340522 -1.837920 -0.244139 0.774676 -0.051636 1.000000 
0.076751 -0.775384 -0.530574 0.373925 -1.839919 -0.255413 0.774258 -0.052939 1.000000 
0.070524 -0.781313 -0.527449 0.407316 -1.842005 -0.266200 0.773829 -0.054352 1.000000 
0.064251 -0.786876 -0.524057 0.440683 -1.844177 -0.276478 0.773388 -0.055882 1.000000 
0.057935 -0.792066 -0.520398 0.474015 -1.846428 -0.286225 0.772934 -0.057537 1.000000 
0.051579 -0.796878 -0.516473 0.507297 -1.848755 -0.295421 0.772467 -0.059328 1.000000 
0.045186 -0.801304 -0.512282 0.540517 -1.851153 -0.304048 0.771985 -0.061265 1.000000 
0.038759 -0.805339 -0.507825 0.573659 -1.853618 -0.312087 0.771486 -0.063358 1.000000 
0.032302 -0.808977 -0.503103 0.606707 -1.856145 -0.319522 0.770971 -0.065620 1.000000 
0.025817 -0.812210 -0.498118 0.639646 -1.858729 -0.326335 0.770436 -0.068066 1.000000 
0.019308 -0.815032 -0.492869 0.672458 -1.861364 -0.332512 0.769881 -0.070712 1.000000 
0.012778 -0.817437 -0.487359 0.705125 -1.864047 -0.338040 0.769304 -0.073573 1.000000 
0.006230 -0.819417 -0.481588 0.737628 -1.866771 -0.342906 0.768703 -0.076669 1.000000 
-0.000332 -0.820967 -0.475557 0.769948 -1.869532 -0.347097 0.768077 -0.080020 1.000000 
-0.006904 -0.822080 -0.469269 0.802065 -1.872323 -0.350606 0.767422 -0.083651 1.000000 
-0.013484 -0.822750 -0.462725 0.833958 -1.875140 -0.353421 0.766737 -0.087587 1.000000 
-0.020067 -0.822971 -0.455927 0.865604 -1.877976 -0.355537 0.766020 -0.091856 1.000000 
-0.026650 -0.822736 -0.448876 0.896982 -1.880826 -0.356948 0.765267 -0.096489 1.000000 
-0.033230 -0.822041 -0.441576 0.928068 -1.883685 -0.357648 0.764475 -0.101522 1.000000 
-0.039802 -0.820879 -0.434028 0.958839 -1.886547 -0.357635 0.763641 -0.106993 1.000000 
-0.046363 -0.819247 -0.426235 0.989271 -1.889405 -0.356908 0.762762 -0.112945 1.000000 
-0.052909 -0.817138 -0.418200 1.019339 -1.892255 -0.355466 0.761833 -0.119425 1.000000 
-0.059436 -0.814549 -0.409927 1.049018 -1.895091 -0.353311 0.760849 -0.126485 1.000000 
-0.065940 -0.811475 -0.401417 1.078282 -1.897906 -0.350446 0.759807 -0.134182 1.000000 
-0.072418 -0.807914 -0.392675 1.107106 -1.900696 -0.346877 0.758701 -0.142580 1.000000 
-0.078865 -0.803862 -0.383705 1.135463 -1.903455 -0.342609 0.757524 -0.151746 1.000000 
-0.085278 -0.799317 -0.374509 1.163328 -1.906176 -0.337650 0.756270 -0.161758 1.000000 
-0.091653 -0.794276 -0.365093 1.190674 -1.908855 -0.332011 0.754933 -0.172695 1.000000 
-0.097985 -0.788740 -0.355460 1.217475 -1.911487 -0.325702 0.753505 -0.184646 1.000000 
-0.104272 -0.782706 -0.345615 1.243704 -1.914065 -0.318737 0.751976 -0.197704 1.000000 
-0.110507 -0.776175 -0.335562 1.269335 -1.916585 -0.311129 0.750338 -0.211969 1.000000 
-0.116689 -0.769147 -0.325307 1.294343 -1.919041 -0.302897 0.748581 -0.227544 1.000000 
-0.122812 -0.761623 -0.314855 1.318702 -1.921429 -0.294056 0.746694 -0.244533 1.000000 
-0.128874 -0.753607 -0.304210 1.342386 -1.923744 -0.284627 0.744664 -0.263042 1.000000 
-0.134869 -0.745100 -0.293378 1.365372 -1.925982 -0.274630 0.742481 -0.283170 1.000000 
-0.140794 -0.736106 -0.282366 1.387633 -1.928137 -0.264089 0.740129 -0.305006 1.000000 
-0.146645 -0.726629 -0.271178 1.409148 -1.930206 -0.253027 0.737596 -0.328625 1.000000 
-0.152419 -0.716674 -0.259821 1.429894 -1.932184 -0.241470 0.734866 -0.354073 1.000000 
-0.158111 -0.706248 -0.248302 1.449848 -1.934068 -0.229444 0.731926 -0.381361 1.000000 
-0.163718 -0.695356 -0.236626 1.468989 -1.935854 -0.216977 0.728760 -0.410449 1.000000 
-0.169235 -0.684007 -0.224800 1.487299 -1.937539 -0.204100 0.725354 -0.441232 1.000000 
-0.174660 -0.672209 -0.212832 1.504757 -1.939119 -0.190842 0.721696 -0.473527 1.000000 
-0.179989 -0.659971 -0.200727 1.521347 -1.940591 -0.177236 0.717774 -0.507049 1.000000 
-0.185219 -0.647302 -0.188492 1.537052 -1.941954 -0.163314 0.713581 -0.541407 1.000000 
-0.190345 -0.634214 -0.176136 1.551858 -1.943203 -0.149109 0.709111 -0.576085 1.000000 
-0.195365 -0.620718 -0.163665 1.565750 -1.944339 -0.134655 0.704364 -0.610443 1.000000 
-0.200276 -0.606826 -0.151087 1.578717 -1.945357 -0.119988 0.699347 -0.643726 1.000000 
-0.205073 -0.592551 -0.138408 1.590749 -1.946258 -0.105141 0.694070 -0.675080 1.000000 
-0.209755 -0.577906 -0.125637 1.601836 -1.947039 -0.090151 0.688553 -0.703593 1.000000 
-0.214319 -0.562905 -0.112781 1.611972 -1.947700 -0.075052 0.682822 -0.728340 1.000000 
-0.218761 -0.547563 -0.099848 1.621150 -1.948240 -0.059879 0.676912 -0.748450 1.000000 
-0.223079 -0.531895 -0.086845 1.629367 -1.948658 -0.044667 0.670862 -0.763171 1.000000 
-0.227270 -0.515915 -0.073781 1.636620 -1.948955 -0.029448 0.664717 -0.771930 1.000000 
-0.231333 -0.499640 -0.060662 1.642908 -1.949129 -0.014255 0.658528 -0.774392 1.000000 
-0.235264 -0.483085 -0.047497 1.648231 -1.949183 0.000881 0.652344 -0.770486 1.000000 
-0.239062 -0.466265 -0.034293 1.652592 -1.949115 0.015928 0.646216 -0.760412 1.000000 
-0.242724 -0.449195 -0.021058 1.655994 -1.948928 0.030859 0.640193 -0.744619 1.000000 
-0.246248 -0.431893 -0.007800 1.658440 -1.948622 0.045645 0.634316 -0.723761 1.000000 
-0.249633 -0.414372 0.005475 1.659936 -1.948198 0.060261 0.628624 -0.698640 1.000000 
-0.252877 -0.396648 0.018757 1.660489 -1.947658 0.074682 0.623147 -0.670137 1.000000 
-0.255979 -0.378737 0.032040 1.660105 -1.947004 0.088883 0.617908 -0.639152 1.000000 
-0.258937 -0.360652 0.045316 1.658793 -1.946237 0.102842 0.612925 -0.606550 1.000000 
-0.261749 -0.342410 0.058578 1.656561 -1.945359 0.116537 0.608206 -0.573117 1.000000 
-0.264415 -0.324023 0.071819 1.653419 -1.944373 0.129947 0.603755 -0.539538 1.000000 
-0.266933 -0.305508 0.085030 1.649377 -1.943281 0.143052 0.599572 -0.506382 1.000000 
-0.269303 -0.286878 0.098206 1.644445 -1.942085 0.155833 0.595651 -0.474101 1.000000 
-0.271523 -0.268147 0.111339 1.638635 -1.940789 0.168271 0.591983 -0.443035 1.000000 
-0.273593 -0.249328 0.124422 1.631958 -1.939394 0.180347 0.588558 -0.413424 1.000000 
-0.275512 -0.230437 0.137448 1.624428 -1.937904 0.192045 0.585364 -0.385425 1.000000 
-0.277280 -0.211486 0.150411 1.616056 -1.936322 0.203347 0.582387 -0.359121 1.000000 
-0.278896 -0.192489 0.163303 1.606855 -1.934652 0.214238 0.579613 -0.334541 1.000000 
-0.280359 -0.173459 0.176118 1.596841 -1.932895 0.224702 0.577030 -0.311673 1.000000 
-0.281671 -0.154408 0.188850 1.586027 -1.931057 0.234723 0.574622 -0.290471 1.000000 
-0.282830 -0.135351 0.201493 1.574428 -1.929141 0.244289 0.572378 -0.270867 1.000000 
-0.283837 -0.116300 0.214039 1.562059 -1.927150 0.253384 0.570284 -0.252779 1.000000 
-0.284691 -0.097266 0.226484 1.548935 -1.925088 0.261997 0.568330 -0.236117 1.000000 
-0.285393 -0.078263 0.238820 1.535073 -1.922959 0.270116 0.566503 -0.220787 1.000000 
-0.285943 -0.059301 0.251043 1.520488 -1.920768 0.277730 0.564794 -0.206692 1.000000 
-0.286342 -0.040394 0.263146 1.505198 -1.918517 0.284828 0.563193 -0.193739 1.000000 
-0.286590 -0.021551 0.275124 1.489218 -1.916212 0.291401 0.561691 -0.181839 1.000000 
-0.286687 -0.002785 0.286972 1.472566 -1.913856 0.297440 0.560281 -0.170906 1.000000 
-0.286634 0.015895 0.298683 1.455260 -1.911454 0.302938 0.558954 -0.160859 1.000000 
-0.286433 0.034477 0.310254 1.437316 -1.909011 0.307888 0.557705 -0.151623 1.000000 
-0.286083 0.052952 0.321679 1.418751 -1.906530 0.312285 0.556526 -0.143130 1.000000 
-0.285586 0.071310 0.332953 1.399585 -1.904016 0.316123 0.555413 -0.135315 1.000000 
-0.284942 0.089541 0.344071 1.379834 -1.901473 0.319398 0.554360 -0.128120 1.000000 
-0.284154 0.107636 0.355028 1.359515 -1.898907 0.322107 0.553361 -0.121491 1.000000 
-0.283221 0.125587 0.365821 1.338648 -1.896321 0.324250 0.552414 -0.115378 1.000000 
-0.282145 0.143386 0.376445 1.317248 -1.893720 0.325823 0.551514 -0.109739 1.000000 
-0.280927 0.161023 0.386896 1.295334 -1.891109 0.326827 0.550657 -0.104532 1.000000 
-0.279569 0.178493 0.397169 1.272923 -1.888492 0.327264 0.549841 -0.099721 1.000000 
-0.278071 0.195786 0.407261 1.250033 -1.885875 0.327133 0.549061 -0.095271 1.000000 
-0.276437 0.212897 0.417169 1.226679 -1.883260 0.326439 0.548315 -0.091154 1.000000 
-0.274666 0.229819 0.426887 1.202880 -1.880653 0.325185 0.547602 -0.087341 1.000000 
-0.272760 0.246546 0.436414 1.178652 -1.878058 0.323374 0.546917 -0.083808 1.000000 
-0.270721 0.263071 0.445745 1.154012 -1.875480 0.321013 0.546260 -0.080532 1.000000 
-0.268551 0.279389 0.454877 1.128974 -1.872924 0.318107 0.545628 -0.077493 1.000000 
-0.266252 0.295496 0.463807 1.103556 -1.870392 0.314664 0.545019 -0.074672 1.000000 
-0.263824 0.311386 0.472533 1.077772 -1.867890 0.310690 0.544433 -0.072052 1.000000 
-0.261270 0.327054 0.481050 1.051638 -1.865423 0.306196 0.543866 -0.069618 1.000000 
-0.258592 0.342497 0.489358 1.025168 -1.862993 0.301189 0.543318 -0.067357 1.000000 
-0.255791 0.357710 0.497452 0.998376 -1.860605 0.295680 0.542788 -0.065254 1.000000 
-0.252869 0.372691 0.505331 0.971278 -1.858263 0.289680 0.542274 -0.063301 1.000000 
-0.249828 0.387434 0.512992 0.943885 -1.855971 0.283201 0.541775 -0.061484 1.000000 
-0.246671 0.401938 0.520433 0.916212 -1.853733 0.276254 0.541290 -0.059796 1.000000 
-0.243398 0.416200 0.527651 0.888271 -1.851552 0.268853 0.540818 -0.058228 1.000000 
-0.240012 0.430216 0.534644 0.860074 -1.849433 0.261010 0.540358 -0.056771 1.000000 
-0.236515 0.443985 0.541411 0.831634 -1.847377 0.252741 0.539909 -0.055418 1.000000 
-0.232909 0.457504 0.547950 0.802961 -1.845390 0.244060 0.539471 -0.054164 1.000000 
-0.229196 0.470772 0.554258 0.774066 -1.843473 0.234981 0.539042 -0.053002 1.000000 
-0.225377 0.483785 0.560334 0.744961 -1.841631 0.225521 0.538623 -0.051927 1.000000 
-0.221456 0.496544 0.566177 0.715656 -1.839866 0.215697 0.538211 -0.050934 1.000000 
-0.217433 0.509046 0.571784 0.686160 -1.838181 0.205524 0.537807 -0.050018 1.000000 
-0.213312 0.521289 0.577155 0.656482 -1.836579 0.195020 0.537411 -0.049175 1.000000 
-0.209093 0.533274 0.582287 0.626632 -1.835062 0.184202 0.537020 -0.048403 1.000000 
-0.204780 0.544997 0.587181 0.596618 -1.833632 0.173089 0.536636 -0.047697 1.000000 
-0.200374 0.556459 0.591833 0.566448 -1.832293 0.161699 0.536257 -0.047054 1.000000 
-0.195878 0.567658 0.596243 0.536131 -1.831046 0.150051 0.535883 -0.046472 1.000000 
-0.191292 0.578594 0.600411 0.505673 -1.829893 0.138163 0.535513 -0.045948 1.000000 
-0.186621 0.589265 0.604334 0.475083 -1.828836 0.126055 0.535148 -0.045481 1.000000 
-0.181865 0.599670 0.608012 0.444367 -1.827876 0.113746 0.534786 -0.045068 1.000000 
-0.177027 0.609809 0.611443 0.413532 -1.827016 0.101257 0.534427 -0.044708 1.000000 
-0.172109 0.619682 0.614628 0.382583 -1.826257 0.088606 0.534070 -0.044399 1.000000 
-0.167113 0.629286 0.617564 0.351529 -1.825599 0.075816 0.533716 -0.044140 1.000000 
-0.162041 0.638621 0.620252 0.320374 -1.825044 0.062905 0.533364 -0.043931 1.000000 
-0.156895 0.647686 0.622690 0.289124 -1.824593 0.049894 0.533013 -0.043769 1.000000 
-0.151679 0.656481 0.624878 0.257785 -1.824246 0.036803 0.532663 -0.043654 1.000000 
-0.146392 0.665003 0.626814 0.226362 -1.824004 0.023655 0.532314 -0.043587 1.000000 
-0.141039 0.673253 0.628499 0.194862 -1.823867 0.010468 0.531966 -0.043566 1.000000 
-0.135621 0.681229 0.629932 0.163289 -1.823836 -0.002735 0.531617 -0.043592 1.000000 
-0.130140 0.688929 0.631112 0.131649 -1.823911 -0.015935 0.531268 -0.043664 1.000000 
-0.124599 0.696353 0.632038 0.099946 -1.824091 -0.029111 0.530918 -0.043783 1.000000 
-0.118999 0.703499 0.632711 0.068188 -1.824377 -0.042242 0.530568 -0.043949 1.000000 
-0.113344 0.710366 0.633129 0.036377 -1.824767 -0.055306 0.530215 -0.044163 1.000000 
-0.107634 0.716951 0.633293 0.004522 -1.825262 -0.068285 0.529861 -0.044425 1.000000 
-0.101873 0.723254 0.633201 -0.027375 -1.825859 -0.081157 0.529504 -0.044736 1.000000 
-0.096063 0.729272 0.632855 -0.059306 -1.826560 -0.093902 0.529145 -0.045098 1.000000 
-0.090206 0.735004 0.632252 -0.091265 -1.827361 -0.106500 0.528783 -0.045511 1.000000 
-0.084304 0.740447 0.631394 -0.123248 -1.828263 -0.118932 0.528417 -0.045977 1.000000 
-0.078359 0.745600 0.630280 -0.155247 -1.829264 -0.131176 0.528047 -0.046498 1.000000 
-0.072375 0.750459 0.628910 -0.187256 -1.830362 -0.143215 0.527672 -0.047076 1.000000 
-0.066353 0.755024 0.627284 -0.219270 -1.831555 -0.155028 0.527293 -0.047712 1.000000 
-0.060295 0.759291 0.625402 -0.251279 -1.832841 -0.166598 0.526909 -0.048409 1.000000 
-0.054205 0.763257 0.623264 -0.283279 -1.834220 -0.177905 0.526519 -0.049171 1.000000 
-0.048084 0.766921 0.620870 -0.315260 -1.835687 -0.188931 0.526122 -0.049999 1.000000 
-0.041935 0.770279 0.618220 -0.347216 -1.837242 -0.199659 0.525718 -0.050897 1.000000 
-0.035760 0.773329 0.615314 -0.379137 -1.838881 -0.210071 0.525307 -0.051869 1.000000 
-0.029563 0.776067 0.612154 -0.411015 -1.840602 -0.220150 0.524888 -0.052918 1.000000 
-0.023344 0.778492 0.608738 -0.442842 -1.842402 -0.229879 0.524461 -0.054048 1.000000 
-0.017107 0.780599 0.605068 -0.474608 -1.844279 -0.239243 0.524023 -0.055266 1.000000 
-0.010855 0.782386 0.601145 -0.506303 -1.846229 -0.248226 0.523576 -0.056575 1.000000 
-0.004590 0.783849 0.596968 -0.537917 -1.848250 -0.256813 0.523118 -0.057981 1.000000 
0.001685 0.784986 0.592538 -0.569439 -1.850337 -0.264989 0.522648 -0.059490 1.000000 
0.007969 0.785793 0.587857 -0.600859 -1.852488 -0.272742 0.522166 -0.061110 1.000000 
0.014257 0.786268 0.582925 -0.632164 -1.854700 -0.280057 0.521670 -0.062847 1.000000 
0.020548 0.786407 0.577743 -0.663342 -1.856968 -0.286921 0.521160 -0.064709 1.000000 
0.026839 0.786207 0.572312 -0.694382 -1.859289 -0.293324 0.520634 -0.066706 1.000000 
0.033127 0.785665 0.566633 -0.725270 -1.861660 -0.299253 0.520092 -0.068846 1.000000 
0.039409 0.784778 0.560708 -0.755993 -1.864076 -0.304699 0.519532 -0.071141 1.000000 
0.045682 0.783543 0.554538 -0.786537 -1.866534 -0.309651 0.518954 -0.073601 1.000000 
0.051944 0.781957 0.548124 -0.816888 -1.869029 -0.314101 0.518354 -0.076240 1.000000 
0.058192 0.780018 0.541468 -0.847031 -1.871558 -0.318040 0.517733 -0.079069 1.000000 
0.064424 0.777723 0.534572 -0.876951 -1.874116 -0.321460 0.517089 -0.082106 1.000000 
0.070635 0.775070 0.527437 -0.906633 -1.876700 -0.324357 0.516419 -0.085365 1.000000 
0.076824 0.772056 0.520066 -0.936061 -1.879305 -0.326722 0.515722 -0.088865 1.000000 
0.082987 0.768679 0.512461 -0.965218 -1.881926 -0.328552 0.514996 -0.092625 1.000000 
0.089122 0.764938 0.504624 -0.994089 -1.884560 -0.329844 0.514239 -0.096665 1.000000 
0.095225 0.760830 0.496556 -1.022655 -1.887202 -0.330592 0.513449 -0.101009 1.000000 
0.101294 0.756354 0.488262 -1.050900 -1.889848 -0.330797 0.512622 -0.105683 1.000000 
0.107326 0.751509 0.479743 -1.078807 -1.892493 -0.330456 0.511757 -0.110712 1.000000 
0.113317 0.746294 0.471002 -1.106358 -1.895134 -0.329569 0.510850 -0.116128 1.000000 
0.119265 0.740708 0.462042 -1.133534 -1.897765 -0.328137 0.509898 -0.121961 1.000000 
0.125167 0.734750 0.452867 -1.160318 -1.900383 -0.326161 0.508897 -0.128248 1.000000 
0.131020 0.728421 0.443478 -1.186692 -1.902982 -0.323645 0.507845 -0.135026 1.000000 
0.136821 0.721721 0.433881 -1.212637 -1.905559 -0.320593 0.506736 -0.142334 1.000000 
0.142567 0.714651 0.424077 -1.238134 -1.908110 -0.317008 0.505566 -0.150218 1.000000 
0.148255 0.707210 0.414072 -1.263165 -1.910630 -0.312896 0.504330 -0.158724 1.000000 
0.153881 0.699401 0.403868 -1.287712 -1.913115 -0.308265 0.503024 -0.167901 1.000000 
0.159444 0.691225 0.393470 -1.311757 -1.915561 -0.303122 0.501642 -0.177801 1.000000 
0.164940 0.682684 0.382881 -1.335280 -1.917964 -0.297476 0.500177 -0.188480 1.000000 
0.170366 0.673780 0.372107 -1.358264 -1.920319 -0.291336 0.498624 -0.199994 1.000000 
0.175719 0.664517 0.361150 -1.380691 -1.922624 -0.284713 0.496975 -0.212400 1.000000 
0.180997 0.654897 0.350017 -1.402543 -1.924874 -0.277619 0.495223 -0.225757 1.000000 
0.186197 0.644924 0.338711 -1.423803 -1.927065 -0.270067 0.493360 -0.240121 1.000000 
0.191315 0.634603 0.327238 -1.444453 -1.929193 -0.262070 0.491378 -0.255545 1.000000 
0.196350 0.623937 0.315602 -1.464477 -1.931257 -0.253643 0.489269 -0.272077 1.000000 
0.201297 0.612931 0.303808 -1.483859 -1.933251 -0.244801 0.487022 -0.289757 1.000000 
0.206156 0.601592 0.291862 -1.502581 -1.935172 -0.235560 0.484629 -0.308611 1.000000 
0.210922 0.589924 0.279768 -1.520630 -1.937019 -0.225938 0.482081 -0.328650 1.000000 
0.215594 0.577935 0.267533 -1.537991 -1.938786 -0.215953 0.479368 -0.349863 1.000000 
0.220168 0.565629 0.255162 -1.554648 -1.940473 -0.205624 0.476480 -0.372210 1.000000 
0.224643 0.553016 0.242661 -1.570590 -1.942075 -0.194970 0.473410 -0.395618 1.000000 
0.229015 0.540102 0.230035 -1.585802 -1.943592 -0.184011 0.470148 -0.419975 1.000000 
0.233284 0.526894 0.217290 -1.600274 -1.945019 -0.172769 0.466688 -0.445119 1.000000 
0.237445 0.513402 0.204433 -1.613993 -1.946355 -0.161265 0.463025 -0.470837 1.000000 
0.241497 0.499635 0.191468 -1.626949 -1.947599 -0.149521 0.459154 -0.496858 1.000000 
0.245438 0.485600 0.178403 -1.639133 -1.948747 -0.137560 0.455075 -0.522851 1.000000 
0.249266 0.471308 0.165244 -1.650536 -1.949799 -0.125405 0.450789 -0.548429 1.000000 
0.252979 0.456768 0.151997 -1.661151 -1.950753 -0.113078 0.446302 -0.573150 1.000000 
0.256574 0.441991 0.138668 -1.670970 -1.951608 -0.100604 0.441622 -0.596532 1.000000 
0.260050 0.426986 0.125264 -1.679988 -1.952362 -0.088005 0.436763 -0.618067 1.000000 
0.263405 0.411765 0.111790 -1.688199 -1.953016 -0.075306 0.431740 -0.637240 1.000000 
0.266638 0.396337 0.098255 -1.695601 -1.953567 -0.062530 0.426574 -0.653559 1.000000 
0.269746 0.380715 0.084663 -1.702190 -1.954016 -0.049701 0.421292 -0.666578 1.000000 
0.272729 0.364909 0.071022 -1.707964 -1.954362 -0.036841 0.415919 -0.675927 1.000000 
0.275584 0.348930 0.057338 -1.712922 -1.954605 -0.023973 0.410487 -0.681335 1.000000 
0.278311 0.332789 0.043617 -1.717065 -1.954746 -0.011120 0.405029 -0.682647 1.000000 
0.280908 0.316499 0.029867 -1.720392 -1.954783 0.001698 0.399576 -0.679840 1.000000 
0.283375 0.300069 0.016093 -1.722905 -1.954719 0.014458 0.394162 -0.673017 1.000000 
0.285709 0.283512 0.002302 -1.724608 -1.954552 0.027140 0.388818 -0.662404 1.000000 
0.287911 0.266838 -0.011499 -1.725502 -1.954285 0.039725 0.383573 -0.648333 1.000000 
0.289978 0.250059 -0.025303 -1.725592 -1.953917 0.052193 0.378453 -0.631216 1.000000 
0.291911 0.233186 -0.039106 -1.724883 -1.953450 0.064526 0.373480 -0.611522 1.000000 
0.293709 0.216228 -0.052899 -1.723379 -1.952885 0.076706 0.368674 -0.589748 1.000000 
0.295371 0.199198 -0.066678 -1.721087 -1.952223 0.088716 0.364048 -0.566395 1.000000 
0.296896 0.182106 -0.080435 -1.718012 -1.951466 0.100538 0.359614 -0.541945 1.000000 
0.298284 0.164961 -0.094164 -1.714161 -1.950615 0.112158 0.355379 -0.516847 1.000000 
0.299535 0.147775 -0.107859 -1.709542 -1.949672 0.123558 0.351345 -0.491499 1.000000 
0.300649 0.130558 -0.121515 -1.704162 -1.948639 0.134725 0.347515 -0.466249 1.000000 
0.301624 0.113320 -0.135124 -1.698030 -1.947517 0.145643 0.343884 -0.441386 1.000000 
0.302462 0.096070 -0.148681 -1.691153 -1.946309 0.156299 0.340451 -0.417143 1.000000 
0.303161 0.078819 -0.162180 -1.683542 -1.945017 0.166678 0.337208 -0.393704 1.000000 
0.303723 0.061576 -0.175616 -1.675205 -1.943643 0.176768 0.334149 -0.371201 1.000000 
0.304146 0.044351 -0.188982 -1.666152 -1.942190 0.186555 0.331266 -0.349727 1.000000 
0.304432 0.027153 -0.202272 -1.656393 -1.940659 0.196027 0.328551 -0.329341 1.000000 
0.304581 0.009992 -0.215482 -1.645939 -1.939054 0.205173 0.325994 -0.310070 1.000000 
0.304592 -0.007125 -0.228606 -1.634801 -1.937377 0.213980 0.323586 -0.291918 1.000000 
0.304467 -0.024186 -0.241637 -1.622989 -1.935631 0.222438 0.321320 -0.274873 1.000000 
0.304206 -0.041185 -0.254572 -1.610516 -1.933819 0.230537 0.319186 -0.258905 1.000000 
0.303808 -0.058112 -0.267404 -1.597392 -1.931944 0.238266 0.317175 -0.243979 1.000000 
0.303276 -0.074958 -0.280128 -1.583629 -1.930008 0.245616 0.315279 -0.230047 1.000000 
0.302609 -0.091717 -0.292740 -1.569241 -1.928015 0.252578 0.313491 -0.217061 1.000000 
0.301809 -0.108379 -0.305234 -1.554239 -1.925968 0.259144 0.311804 -0.204969 1.000000 
0.300875 -0.124937 -0.317606 -1.538635 -1.923870 0.265305 0.310210 -0.193717 1.000000 
0.299810 -0.141384 -0.329851 -1.522444 -1.921724 0.271056 0.308702 -0.183253 1.000000 
0.298614 -0.157711 -0.341964 -1.505677 -1.919534 0.276388 0.307276 -0.173523 1.000000 
0.297287 -0.173912 -0.353940 -1.488348 -1.917303 0.281297 0.305924 -0.164480 1.000000 
0.295831 -0.189980 -0.365776 -1.470471 -1.915034 0.285777 0.304642 -0.156073 1.000000 
0.294248 -0.205908 -0.377466 -1.452057 -1.912732 0.289822 0.303425 -0.148258 1.000000 
0.292537 -0.221690 -0.389008 -1.433122 -1.910398 0.293429 0.302269 -0.140992 1.000000 
0.290701 -0.237319 -0.400395 -1.413679 -1.908038 0.296595 0.301168 -0.134234 1.000000 
0.288741 -0.252789 -0.411625 -1.393740 -1.905654 0.299315 0.300120 -0.127948 1.000000 
0.286657 -0.268095 -0.422694 -1.373320 -1.903250 0.301589 0.299120 -0.122097 1.000000 
0.284452 -0.283230 -0.433597 -1.352432 -1.900830 0.303415 0.298165 -0.116650 1.000000 
0.282126 -0.298190 -0.444331 -1.331089 -1.898397 0.304790 0.297252 -0.111576 1.000000 
0.279681 -0.312970 -0.454893 -1.309306 -1.895954 0.305716 0.296379 -0.106848 1.000000 
0.277119 -0.327565 -0.465279 -1.287096 -1.893506 0.306192 0.295542 -0.102439 1.000000 
0.274440 -0.341969 -0.475486 -1.264471 -1.891056 0.306219 0.294739 -0.098327 1.000000 
0.271648 -0.356179 -0.485510 -1.241445 -1.888608 0.305798 0.293968 -0.094490 1.000000 
0.268742 -0.370191 -0.495348 -1.218032 -1.886165 0.304933 0.293227 -0.090907 1.000000 
0.265725 -0.383999 -0.504997 -1.194243 -1.883730 0.303624 0.292513 -0.087561 1.000000 
0.262599 -0.397602 -0.514455 -1.170093 -1.881308 0.301877 0.291825 -0.084434 1.000000 
0.259364 -0.410995 -0.523718 -1.145594 -1.878901 0.299694 0.291161 -0.081510 1.000000 
0.256023 -0.424175 -0.532783 -1.120757 -1.876514 0.297080 0.290520 -0.078777 1.000000 
0.252578 -0.437139 -0.541649 -1.095596 -1.874149 0.294040 0.289901 -0.076219 1.000000 
0.249030 -0.449883 -0.550312 -1.070123 -1.871811 0.290580 0.289300 -0.073826 1.000000 
0.245380 -0.462406 -0.558770 -1.044349 -1.869501 0.286706 0.288719 -0.071586 1.000000 
0.241632 -0.474704 -0.567021 -1.018286 -1.867224 0.282424 0.288155 -0.069490 1.000000 
0.237786 -0.486776 -0.575062 -0.991945 -1.864983 0.277742 0.287607 -0.067527 1.000000 
0.233844 -0.498618 -0.582891 -0.965338 -1.862782 0.272667 0.287074 -0.065689 1.000000 
0.229808 -0.510230 -0.590507 -0.938475 -1.860622 0.267208 0.286555 -0.063969 1.000000 
0.225681 -0.521609 -0.597906 -0.911368 -1.858507 0.261373 0.286050 -0.062359 1.000000 
0.221463 -0.532753 -0.605088 -0.884026 -1.856441 0.255172 0.285557 -0.060852 1.000000 
0.217158 -0.543661 -0.612050 -0.856459 -1.854425 0.248613 0.285076 -0.059442 1.000000 
0.212765 -0.554332 -0.618791 -0.828678 -1.852464 0.241707 0.284606 -0.058124 1.000000 
0.208289 -0.564763 -0.625308 -0.800692 -1.850559 0.234465 0.284146 -0.056892 1.000000 
0.203730 -0.574955 -0.631601 -0.772511 -1.848713 0.226896 0.283696 -0.055742 1.000000 
0.199090 -0.584905 -0.637668 -0.744143 -1.846929 0.219013 0.283254 -0.054669 1.000000 
0.194372 -0.594612 -0.643507 -0.715597 -1.845210 0.210827 0.282821 -0.053669 1.000000 
0.189577 -0.604077 -0.649117 -0.686882 -1.843557 0.202349 0.282395 -0.052739 1.000000 
0.184707 -0.613297 -0.654497 -0.658006 -1.841973 0.193592 0.281977 -0.051875 1.000000 
0.179765 -0.622272 -0.659645 -0.628978 -1.840460 0.184569 0.281565 -0.051075 1.000000 
0.174752 -0.631002 -0.664560 -0.599805 -1.839021 0.175293 0.281159 -0.050334 1.000000 
0.169670 -0.639486 -0.669241 -0.570494 -1.837656 0.165775 0.280759 -0.049651 1.000000 
0.164521 -0.647722 -0.673687 -0.541053 -1.836369 0.156031 0.280365 -0.049023 1.000000 
0.159307 -0.655712 -0.677898 -0.511489 -1.835160 0.146074 0.279975 -0.048448 1.000000 
0.154030 -0.663453 -0.681871 -0.481810 -1.834032 0.135916 0.279589 -0.047925 1.000000 
0.148692 -0.670945 -0.685606 -0.452021 -1.832986 0.125574 0.279208 -0.047451 1.000000 
0.143295 -0.678189 -0.689103 -0.422129 -1.832023 0.115060 0.278830 -0.047024 1.000000 
0.137842 -0.685183 -0.692360 -0.392142 -1.831146 0.104390 0.278455 -0.046644 1.000000 
0.132333 -0.691927 -0.695377 -0.362064 -1.830354 0.093578 0.278084 -0.046309 1.000000 
0.126772 -0.698420 -0.698153 -0.331902 -1.829649 0.082638 0.277714 -0.046018 1.000000 
0.121159 -0.704663 -0.700687 -0.301662 -1.829032 0.071586 0.277347 -0.045771 1.000000 
0.115498 -0.710654 -0.702979 -0.271349 -1.828504 0.060437 0.276982 -0.045565 1.000000 
0.109789 -0.716392 -0.705029 -0.240970 -1.828065 0.049206 0.276618 -0.045401 1.000000 
0.104036 -0.721878 -0.706835 -0.210531 -1.827716 0.037908 0.276255 -0.045278 1.000000 
0.098240 -0.727111 -0.708397 -0.180035 -1.827459 0.026558 0.275894 -0.045196 1.000000 
0.092403 -0.732090 -0.709715 -0.149490 -1.827292 0.015172 0.275532 -0.045154 1.000000 
0.086527 -0.736815 -0.710789 -0.118900 -1.827216 0.003764 0.275171 -0.045152 1.000000 
0.080615 -0.741284 -0.711617 -0.088271 -1.827231 -0.007648 0.274810 -0.045190 1.000000 
0.074667 -0.745497 -0.712201 -0.057608 -1.827338 -0.019051 0.274448 -0.045268 1.000000 
0.068687 -0.749454 -0.712539 -0.026917 -1.827536 -0.030429 0.274085 -0.045387 1.000000 
0.062677 -0.753153 -0.712632 0.003798 -1.827825 -0.041767 0.273721 -0.045546 1.000000 
0.056638 -0.756593 -0.712478 0.034529 -1.828204 -0.053049 0.273356 -0.045746 1.000000 
0.050572 -0.759774 -0.712079 0.065273 -1.828674 -0.064260 0.272989 -0.045988 1.000000 
0.044482 -0.762695 -0.711434 0.096024 -1.829232 -0.075385 0.272620 -0.046272 1.000000 
0.038370 -0.765355 -0.710543 0.126775 -1.829879 -0.086409 0.272249 -0.046599 1.000000 
0.032237 -0.767752 -0.709406 0.157521 -1.830614 -0.097317 0.271875 -0.046970 1.000000 
0.026086 -0.769886 -0.708022 0.188257 -1.831436 -0.108095 0.271497 -0.047387 1.000000 
0.019919 -0.771755 -0.706393 0.218976 -1.832344 -0.118728 0.271116 -0.047849 1.000000 
0.013739 -0.773358 -0.704519 0.249672 -1.833335 -0.129201 0.270732 -0.048360 1.000000 
0.007546 -0.774695 -0.702399 0.280339 -1.834410 -0.139501 0.270343 -0.048919 1.000000 
0.001344 -0.775763 -0.700034 0.310971 -1.835567 -0.149613 0.269949 -0.049530 1.000000 
-0.004865 -0.776561 -0.697423 0.341561 -1.836804 -0.159523 0.269550 -0.050194 1.000000 
-0.011080 -0.777089 -0.694569 0.372102 -1.838119 -0.169218 0.269146 -0.050913 1.000000 
-0.017298 -0.777344 -0.691470 0.402586 -1.839510 -0.178685 0.268735 -0.051688 1.000000 
-0.023517 -0.777325 -0.688127 0.433008 -1.840977 -0.187910 0.268318 -0.052524 1.000000 
-0.029734 -0.777032 -0.684542 0.463359 -1.842516 -0.196881 0.267895 -0.053422 1.000000 
-0.035948 -0.776462 -0.680714 0.493632 -1.844126 -0.205585 0.267463 -0.054386 1.000000 
-0.042157 -0.775615 -0.676644 0.523819 -1.845805 -0.214010 0.267024 -0.055418 1.000000 
-0.048357 -0.774488 -0.672333 0.553912 -1.847550 -0.222145 0.266577 -0.056523 1.000000 
-0.054548 -0.773081 -0.667782 0.583902 -1.849359 -0.229978 0.266120 -0.057703 1.000000 
-0.060726 -0.771392 -0.662991 0.613781 -1.851229 -0.237498 0.265653 -0.058964 1.000000 
-0.066889 -0.769419 -0.657962 0.643539 -1.853158 -0.244694 0.265176 -0.060309 1.000000 
-0.073036 -0.767163 -0.652695 0.673168 -1.855143 -0.251556 0.264688 -0.061743 1.000000 
-0.079163 -0.764620 -0.647191 0.702658 -1.857182 -0.258074 0.264188 -0.063272 1.000000 
-0.085269 -0.761791 -0.641453 0.731999 -1.859271 -0.264238 0.263675 -0.064901 1.000000 
-0.091351 -0.758673 -0.635480 0.761182 -1.861408 -0.270041 0.263149 -0.066637 1.000000 
-0.097407 -0.755266 -0.629274 0.790196 -1.863591 -0.275473 0.262609 -0.068486 1.000000 
-0.103435 -0.751569 -0.622837 0.819030 -1.865815 -0.280525 0.262053 -0.070454 1.000000 
-0.109431 -0.747581 -0.616170 0.847675 -1.868078 -0.285192 0.261481 -0.072551 1.000000 
-0.115395 -0.743301 -0.609275 0.876118 -1.870377 -0.289465 0.260892 -0.074784 1.000000 
-0.121324 -0.738728 -0.602153 0.904348 -1.872708 -0.293339 0.260284 -0.077162 1.000000 
-0.127214 -0.733862 -0.594806 0.932354 -1.875069 -0.296806 0.259657 -0.079695 1.000000 
-0.133065 -0.728703 -0.587236 0.960124 -1.877456 -0.299863 0.259009 -0.082394 1.000000 
-0.138873 -0.723249 -0.579444 0.987647 -1.879866 -0.302503 0.258338 -0.085270 1.000000 
-0.144636 -0.717501 -0.571434 1.014909 -1.882295 -0.304723 0.257644 -0.088336 1.000000 
-0.150352 -0.711458 -0.563207 1.041899 -1.884740 -0.306520 0.256924 -0.091604 1.000000 
-0.156018 -0.705122 -0.554764 1.068603 -1.887198 -0.307889 0.256178 -0.095089 1.000000 
-0.161633 -0.698491 -0.546110 1.095009 -1.889666 -0.308828 0.255402 -0.098807 1.000000 
-0.167193 -0.691566 -0.537245 1.121105 -1.892139 -0.309337 0.254596 -0.102774 1.000000 
-0.172697 -0.684349 -0.528173 1.146876 -1.894614 -0.309413 0.253757 -0.107008 1.000000 
-0.178142 -0.676839 -0.518896 1.172310 -1.897088 -0.309055 0.252883 -0.111529 1.000000 
-0.183526 -0.669038 -0.509417 1.197394 -1.899558 -0.308265 0.251972 -0.116357 1.000000 
-0.188846 -0.660947 -0.499739 1.222113 -1.902019 -0.307042 0.251021 -0.121514 1.000000 
-0.194100 -0.652567 -0.489864 1.246455 -1.904469 -0.305388 0.250027 -0.127024 1.000000 
-0.199286 -0.643900 -0.479796 1.270405 -1.906904 -0.303305 0.248987 -0.132913 1.000000 
-0.204402 -0.634948 -0.469539 1.293951 -1.909321 -0.300796 0.247899 -0.139206 1.000000 
-0.209445 -0.625713 -0.459094 1.317078 -1.911716 -0.297863 0.246759 -0.145933 1.000000 
-0.214413 -0.616197 -0.448467 1.339773 -1.914085 -0.294512 0.245563 -0.153124 1.000000 
-0.219303 -0.606404 -0.437659 1.362023 -1.916427 -0.290746 0.244307 -0.160809 1.000000 
-0.224114 -0.596334 -0.426676 1.383814 -1.918736 -0.286571 0.242988 -0.169022 1.000000 
-0.228844 -0.585993 -0.415519 1.405132 -1.921011 -0.281993 0.241602 -0.177796 1.000000 
-0.233489 -0.575382 -0.404195 1.425965 -1.923247 -0.277019 0.240142 -0.187166 1.000000 
-0.238049 -0.564507 -0.392705 1.446299 -1.925442 -0.271655 0.238605 -0.197166 1.000000 
-0.242521 -0.553369 -0.381055 1.466122 -1.927593 -0.265911 0.236986 -0.207831 1.000000 
-0.246902 -0.541975 -0.369249 1.485420 -1.929696 -0.259793 0.235278 -0.219195 1.000000 
-0.251192 -0.530327 -0.357290 1.504181 -1.931748 -0.253313 0.233477 -0.231289 1.000000 
-0.255387 -0.518431 -0.345183 1.522393 -1.933748 -0.246479 0.231575 -0.244142 1.000000 
-0.259486 -0.506291 -0.332933 1.540044 -1.935691 -0.239301 0.229568 -0.257779 1.000000 
-0.263487 -0.493913 -0.320544 1.557122 -1.937576 -0.231792 0.227449 -0.272217 1.000000 
-0.267388 -0.481302 -0.308021 1.573616 -1.939399 -0.223962 0.225211 -0.287468 1.000000 
-0.271187 -0.468464 -0.295368 1.589515 -1.941158 -0.215824 0.222847 -0.303530 1.000000 
-0.274883 -0.455404 -0.282590 1.604809 -1.942851 -0.207390 0.220352 -0.320392 1.000000 
-0.278473 -0.442129 -0.269693 1.619486 -1.944476 -0.198674 0.217719 -0.338024 1.000000 
-0.281956 -0.428646 -0.256680 1.633539 -1.946029 -0.189689 0.214942 -0.356381 1.000000 
-0.285331 -0.414960 -0.243558 1.646956 -1.947510 -0.180450 0.212015 -0.375393 1.000000 
-0.288595 -0.401079 -0.230330 1.659731 -1.948916 -0.170971 0.208934 -0.394967 1.000000 
-0.291748 -0.387009 -0.217004 1.671854 -1.950245 -0.161267 0.205694 -0.414983 1.000000 
-0.294787 -0.372759 -0.203583 1.683318 -1.951496 -0.151354 0.202293 -0.435290 1.000000 
-0.297711 -0.358335 -0.190072 1.694115 -1.952666 -0.141247 0.198729 -0.455705 1.000000 
-0.300520 -0.343745 -0.176479 1.704240 -1.953755 -0.130964 0.195002 -0.476016 1.000000 
-0.303211 -0.328998 -0.162806 1.713686 -1.954761 -0.120519 0.191114 -0.495979 1.000000 
-0.305783 -0.314101 -0.149061 1.722448 -1.955683 -0.109929 0.187068 -0.515325 1.000000 
-0.308236 -0.299062 -0.135249 1.730522 -1.956520 -0.099212 0.182871 -0.533760 1.000000 
-0.310568 -0.283890 -0.121375 1.737903 -1.957270 -0.088383 0.178531 -0.550980 1.000000 
-0.312778 -0.268592 -0.107444 1.744588 -1.957934 -0.077461 0.174060 -0.566672 1.000000 
-0.314865 -0.253179 -0.093463 1.750573 -1.958509 -0.066461 0.169470 -0.580532 1.000000 
-0.316829 -0.237657 -0.079437 1.755858 -1.958997 -0.055402 0.164777 -0.592276 1.000000 
-0.318667 -0.222036 -0.065371 1.760440 -1.959396 -0.044298 0.159999 -0.601650 1.000000 
-0.320381 -0.206324 -0.051272 1.764319 -1.959705 -0.033168 0.155157 -0.608445 1.000000 
-0.321968 -0.190531 -0.037144 1.767495 -1.959926 -0.022027 0.150272 -0.612508 1.000000 
-0.323429 -0.174664 -0.022994 1.769967 -1.960058 -0.010892 0.145365 -0.613751 1.000000 
-0.324763 -0.158733 -0.008827 1.771736 -1.960101 0.000222 0.140459 -0.612150 1.000000 
-0.325969 -0.142746 0.005352 1.772805 -1.960054 0.011299 0.135578 -0.607753 1.000000 
-0.327047 -0.126711 0.019536 1.773174 -1.959920 0.022323 0.130742 -0.600675 1.000000 
-0.327996 -0.110637 0.033721 1.772847 -1.959697 0.033280 0.125974 -0.591090 1.000000 
-0.328817 -0.094533 0.047900 1.771827 -1.959388 0.044155 0.121291 -0.579220 1.000000 
-0.329508 -0.078407 0.062068 1.770117 -1.958991 0.054934 0.116712 -0.565330 1.000000 
-0.330071 -0.062266 0.076220 1.767721 -1.958509 0.065603 0.112250 -0.549707 1.000000 
-0.330505 -0.046120 0.090350 1.764643 -1.957942 0.076149 0.107920 -0.532653 1.000000 
-0.330809 -0.029977 0.104453 1.760889 -1.957291 0.086559 0.103731 -0.514474 1.000000 
-0.330984 -0.013843 0.118522 1.756463 -1.956557 0.096820 0.099691 -0.495463 1.000000 
-0.331031 0.002273 0.132554 1.751370 -1.955742 0.106920 0.095805 -0.475900 1.000000 
-0.330948 0.018363 0.146543 1.745618 -1.954847 0.116847 0.092077 -0.456040 1.000000 
-0.330737 0.034419 0.160482 1.739211 -1.953873 0.126589 0.088508 -0.436110 1.000000 
-0.330397 0.050435 0.174368 1.732157 -1.952822 0.136134 0.085099 -0.416309 1.000000 
-0.329930 0.066403 0.188195 1.724462 -1.951696 0.145472 0.081847 -0.396806 1.000000 
-0.329335 0.082315 0.201958 1.716133 -1.950495 0.154592 0.078749 -0.377738 1.000000 
-0.328613 0.098165 0.215652 1.707179 -1.949223 0.163484 0.075801 -0.359216 1.000000 
-0.327765 0.113945 0.229271 1.697606 -1.947880 0.172138 0.073000 -0.341326 1.000000 
-0.326790 0.129649 0.242812 1.687422 -1.946469 0.180543 0.070338 -0.324130 1.000000 
-0.325691 0.145270 0.256268 1.676636 -1.944992 0.188691 0.067812 -0.307670 1.000000 
-0.324466 0.160801 0.269636 1.665257 -1.943451 0.196572 0.065414 -0.291973 1.000000 
-0.323118 0.176235 0.282911 1.653293 -1.941848 0.204177 0.063138 -0.277049 1.000000 
-0.321647 0.191567 0.296087 1.640752 -1.940185 0.211499 0.060979 -0.262898 1.000000 
-0.320053 0.206790 0.309161 1.627645 -1.938465 0.218530 0.058930 -0.249511 1.000000 
-0.318338 0.221899 0.322128 1.613980 -1.936689 0.225261 0.056985 -0.236870 1.000000 
-0.316503 0.236886 0.334984 1.599767 -1.934861 0.231685 0.055138 -0.224953 1.000000 
-0.314549 0.251747 0.347723 1.585016 -1.932983 0.237795 0.053383 -0.213734 1.000000 
-0.312476 0.266476 0.360342 1.569736 -1.931057 0.243586 0.051716 -0.203183 1.000000 
-0.310285 0.281067 0.372838 1.553938 -1.929087 0.249050 0.050131 -0.193269 1.000000 
-0.307979 0.295515 0.385204 1.537632 -1.927073 0.254183 0.048622 -0.183960 1.000000 
-0.305557 0.309815 0.397438 1.520828 -1.925020 0.258978 0.047186 -0.175224 1.000000 
-0.303022 0.323962 0.409536 1.503537 -1.922931 0.263431 0.045817 -0.167029 1.000000 
-0.300374 0.337952 0.421494 1.485768 -1.920807 0.267538 0.044512 -0.159343 1.000000 
-0.297615 0.351778 0.433307 1.467534 -1.918651 0.271294 0.043267 -0.152136 1.000000 
-0.294746 0.365438 0.444973 1.448843 -1.916467 0.274697 0.042077 -0.145379 1.000000 
-0.291769 0.378926 0.456487 1.429707 -1.914257 0.277742 0.040939 -0.139042 1.000000 
-0.288684 0.392239 0.467847 1.410137 -1.912024 0.280428 0.039851 -0.133101 1.000000 
-0.285494 0.405373 0.479048 1.390144 -1.909771 0.282751 0.038809 -0.127528 1.000000 
-0.282199 0.418323 0.490088 1.369738 -1.907501 0.284711 0.037810 -0.122301 1.000000 
-0.278801 0.431087 0.500963 1.348930 -1.905216 0.286306 0.036851 -0.117397 1.000000 
-0.275302 0.443660 0.511670 1.327731 -1.902921 0.287534 0.035931 -0.112794 1.000000 
-0.271703 0.456039 0.522206 1.306151 -1.900617 0.288396 0.035046 -0.108474 1.000000 
-0.268006 0.468222 0.532568 1.284202 -1.898308 0.288892 0.034194 -0.104417 1.000000 
-0.264212 0.480205 0.542752 1.261893 -1.895996 0.289022 0.033374 -0.100606 1.000000 
-0.260323 0.491985 0.552757 1.239237 -1.893684 0.288786 0.032584 -0.097026 1.000000 
-0.256341 0.503560 0.562579 1.216242 -1.891376 0.288187 0.031821 -0.093661 1.000000 
-0.252266 0.514927 0.572216 1.192920 -1.889074 0.287225 0.031085 -0.090497 1.000000 
-0.248102 0.526084 0.581665 1.169281 -1.886781 0.285904 0.030373 -0.087522 1.000000 
-0.243850 0.537028 0.590924 1.145334 -1.884501 0.284225 0.029684 -0.084724 1.000000 
-0.239510 0.547757 0.599989 1.121092 -1.882235 0.282192 0.029017 -0.082091 1.000000 
-0.235086 0.558271 0.608860 1.096562 -1.879986 0.279807 0.028370 -0.079613 1.000000 
-0.230579 0.568565 0.617534 1.071755 -1.877759 0.277076 0.027743 -0.077280 1.000000 
-0.225990 0.578640 0.626008 1.046682 -1.875554 0.274002 0.027133 -0.075085 1.000000 
-0.221321 0.588493 0.634280 1.021351 -1.873376 0.270590 0.026541 -0.073017 1.000000 
-0.216574 0.598123 0.642349 0.995772 -1.871226 0.266844 0.025965 -0.071070 1.000000 
-0.211752 0.607528 0.650212 0.969954 -1.869107 0.262770 0.025404 -0.069237 1.000000 
-0.206855 0.616708 0.657867 0.943907 -1.867022 0.258374 0.024857 -0.067511 1.000000 
-0.201885 0.625661 0.665314 0.917639 -1.864974 0.253662 0.024323 -0.065886 1.000000 
-0.196845 0.634386 0.672549 0.891159 -1.862964 0.248640 0.023802 -0.064356 1.000000 
-0.191735 0.642883 0.679572 0.864477 -1.860996 0.243315 0.023293 -0.062916 1.000000 
-0.186559 0.651150 0.686380 0.837599 -1.859072 0.237694 0.022795 -0.061561 1.000000 
-0.181318 0.659186 0.692973 0.810536 -1.857194 0.231785 0.022308 -0.060286 1.000000 
-0.176013 0.666991 0.699348 0.783294 -1.855364 0.225595 0.021831 -0.059088 1.000000 
-0.170646 0.674565 0.705505 0.755882 -1.853585 0.219132 0.021362 -0.057963 1.000000 
-0.165220 0.681906 0.711442 0.728307 -1.851859 0.212405 0.020903 -0.056906 1.000000 
-0.159736 0.689015 0.717157 0.700578 -1.850187 0.205422 0.020452 -0.055916 1.000000 
-0.154197 0.695891 0.722651 0.672701 -1.848573 0.198191 0.020008 -0.054987 1.000000 
-0.148603 0.702533 0.727920 0.644685 -1.847017 0.190723 0.019572 -0.054119 1.000000 
-0.142957 0.708941 0.732965 0.616535 -1.845522 0.183025 0.019142 -0.053307 1.000000 
-0.137260 0.715115 0.737785 0.588259 -1.844089 0.175109 0.018719 -0.052550 1.000000 
-0.131516 0.721055 0.742377 0.559864 -1.842721 0.166983 0.018301 -0.051846 1.000000 
-0.125724 0.726760 0.746742 0.531357 -1.841418 0.158658 0.017889 -0.051192 1.000000 
-0.119888 0.732231 0.750879 0.502743 -1.840183 0.150143 0.017482 -0.050586 1.000000 
-0.114009 0.737467 0.754786 0.474030 -1.839016 0.141450 0.017080 -0.050027 1.000000 
-0.108089 0.742467 0.758463 0.445223 -1.837920 0.132589 0.016681 -0.049513 1.000000 
-0.102130 0.747232 0.761909 0.416329 -1.836895 0.123569 0.016287 -0.049043 1.000000 
-0.096134 0.751763 0.765124 0.387353 -1.835943 0.114403 0.015897 -0.048615 1.000000 
-0.090103 0.756057 0.768106 0.358302 -1.835065 0.105101 0.015509 -0.048228 1.000000 
-0.084038 0.760116 0.770856 0.329180 -1.834262 0.095675 0.015125 -0.047881 1.000000 
-0.077941 0.763940 0.773373 0.299995 -1.833535 0.086135 0.014743 -0.047574 1.000000 
-0.071815 0.767528 0.775656 0.270751 -1.832884 0.076493 0.014364 -0.047304 1.000000 
-0.065662 0.770880 0.777705 0.241453 -1.832311 0.066761 0.013986 -0.047072 1.000000 
-0.059482 0.773996 0.779519 0.212108 -1.831816 0.056949 0.013610 -0.046877 1.000000 
-0.053278 0.776876 0.781099 0.182720 -1.831400 0.047070 0.013236 -0.046719 1.000000 
-0.047053 0.779520 0.782443 0.153295 -1.831063 0.037135 0.012863 -0.046596 1.000000 
-0.040807 0.781927 0.783551 0.123838 -1.830806 0.027156 0.012490 -0.046509 1.000000 
-0.034542 0.784098 0.784424 0.094353 -1.830629 0.017145 0.012118 -0.046457 1.000000 
-0.028262 0.786032 0.785061 0.064847 -1.830532 0.007113 0.011747 -0.046440 1.000000 
-0.021966 0.787729 0.785462 0.035325 -1.830515 -0.002927 0.011375 -0.046458 1.000000 
-0.015659 0.789189 0.785626 0.005791 -1.830578 -0.012965 0.011003 -0.046511 1.000000 
-0.009340 0.790412 0.785554 -0.023750 -1.830722 -0.022988 0.010631 -0.046599 1.000000 
-0.003013 0.791396 0.785246 -0.053292 -1.830946 -0.032985 0.010258 -0.046723 1.000000 
0.003322 0.792143 0.784702 -0.082830 -1.831250 -0.042943 0.009883 -0.046882 1.000000 
0.009661 0.792652 0.783921 -0.112359 -1.831633 -0.052852 0.009508 -0.047077 1.000000 
0.016003 0.792921 0.782904 -0.141874 -1.832095 -0.062698 0.009130 -0.047308 1.000000 
0.022347 0.792952 0.781651 -0.171369 -1.832636 -0.072472 0.008751 -0.047576 1.000000 
0.028690 0.792744 0.780162 -0.200839 -1.833255 -0.082161 0.008369 -0.047882 1.000000 
0.035030 0.792295 0.778438 -0.230280 -1.833950 -0.091755 0.007984 -0.048227 1.000000 
0.041366 0.791607 0.776478 -0.259685 -1.834723 -0.101241 0.007597 -0.048610 1.000000 
0.047695 0.790678 0.774283 -0.289048 -1.835570 -0.110608 0.007206 -0.049034 1.000000 
0.054016 0.789508 0.771853 -0.318365 -1.836492 -0.119847 0.006812 -0.049499 1.000000 
0.060327 0.788097 0.769189 -0.347629 -1.837487 -0.128944 0.006414 -0.050006 1.000000 
0.066625 0.786444 0.766291 -0.376835 -1.838555 -0.137891 0.006012 -0.050557 1.000000 
0.072909 0.784549 0.763160 -0.405977 -1.839693 -0.146676 0.005605 -0.051154 1.000000 
0.079177 0.782411 0.759796 -0.435048 -1.840901 -0.155288 0.005194 -0.051797 1.000000 
0.085427 0.780030 0.756199 -0.464043 -1.842177 -0.163719 0.004776 -0.052488 1.000000 
0.091657 0.777406 0.752371 -0.492955 -1.843520 -0.171956 0.004354 -0.053230 1.000000 
0.097865 0.774538 0.748312 -0.521777 -1.844928 -0.179992 0.003925 -0.054024 1.000000 
0.104049 0.771425 0.744023 -0.550503 -1.846399 -0.187815 0.003489 -0.054872 1.000000 
0.110207 0.768068 0.739504 -0.579127 -1.847932 -0.195416 0.003047 -0.055777 1.000000 
0.116338 0.764466 0.734757 -0.607641 -1.849525 -0.202788 0.002597 -0.056742 1.000000 
0.122438 0.760618 0.729782 -0.636038 -1.851176 -0.209919 0.002139 -0.057768 1.000000 
0.128507 0.756525 0.724581 -0.664311 -1.852883 -0.216802 0.001672 -0.058860 1.000000 
0.134542 0.752186 0.719154 -0.692453 -1.854644 -0.223429 0.001197 -0.060020 1.000000 
0.140535 0.745633 0.713477 -0.726583 -1.856393 -0.213548 0.001199 0.061184 -1.000000 
0.146475 0.739271 0.707554 -0.754138 -1.858126 -0.219654 0.001693 0.062354 -1.000000 
0.152362 0.732662 0.701412 -0.781531 -1.859906 -0.225497 0.002197 0.063597 -1.000000 
0.158196 0.725803 0.695050 -0.808755 -1.861733 -0.231069 0.002711 0.064918 -1.000000 
0.163975 0.718697 0.688472 -0.835801 -1.863603 -0.236363 0.003236 0.066320 -1.000000 
0.169695 0.711344 0.681678 -0.862660 -1.865514 -0.241372 0.003772 0.067807 -1.000000 
0.175356 0.703743 0.674670 -0.889325 -1.867464 -0.246089 0.004321 0.069385 -1.000000 
0.180954 0.695895 0.667449 -0.915786 -1.869450 -0.250508 0.004883 0.071059 -1.000000 
0.186489 0.687802 0.660018 -0.942035 -1.871471 -0.254624 0.005458 0.072834 -1.000000 
0.191958 0.679464 0.652377 -0.968063 -1.873524 -0.258430 0.006048 0.074716 -1.000000 
0.197360 0.670881 0.644529 -0.993862 -1.875605 -0.261922 0.006654 0.076711 -1.000000 
0.202692 0.662055 0.636476 -1.019421 -1.877713 -0.265093 0.007276 0.078825 -1.000000 
0.207952 0.652987 0.628219 -1.044731 -1.879846 -0.267940 0.007915 0.081068 -1.000000 
0.213139 0.643678 0.619761 -1.069783 -1.882000 -0.270459 0.008573 0.083445 -1.000000 
0.218250 0.634128 0.611104 -1.094567 -1.884172 -0.272645 0.009251 0.085965 -1.000000 
0.223284 0.624341 0.602249 -1.119074 -1.886361 -0.274496 0.009949 0.088638 -1.000000 
0.228239 0.614317 0.593199 -1.143293 -1.888563 -0.276007 0.010669 0.091473 -1.000000 
0.233113 0.604057 0.583957 -1.167215 -1.890776 -0.277176 0.011413 0.094480 -1.000000 
0.237903 0.593564 0.574525 -1.190829 -1.892997 -0.278002 0.012182 0.097670 -1.000000 
0.242609 0.582840 0.564905 -1.214125 -1.895223 -0.278481 0.012976 0.101055 -1.000000 
0.247228 0.571886 0.555099 -1.237094 -1.897452 -0.278612 0.013799 0.104649 -1.000000 
0.251759 0.560705 0.545112 -1.259724 -1.899680 -0.278395 0.014651 0.108463 -1.000000 
0.256199 0.549300 0.534945 -1.282005 -1.901905 -0.277829 0.015535 0.112513 -1.000000 
0.260547 0.537672 0.524601 -1.303926 -1.904125 -0.276913 0.016452 0.116813 -1.000000 
0.264801 0.525825 0.514083 -1.325478 -1.906335 -0.275647 0.017405 0.121381 -1.000000 
0.268960 0.513761 0.503394 -1.346649 -1.908534 -0.274033 0.018395 0.126233 -1.000000 
0.273021 0.501484 0.492538 -1.367429 -1.910719 -0.272070 0.019425 0.131387 -1.000000 
0.276983 0.488996 0.481516 -1.387808 -1.912886 -0.269761 0.020498 0.136863 -1.000000 
0.280844 0.476301 0.470334 -1.407774 -1.915034 -0.267106 0.021616 0.142681 -1.000000 
0.284603 0.463403 0.458993 -1.427317 -1.917159 -0.264110 0.022782 0.148862 -1.000000 
0.288258 0.450304 0.447498 -1.446427 -1.919259 -0.260773 0.023999 0.155428 -1.000000 
0.291807 0.437010 0.435852 -1.465093 -1.921330 -0.257099 0.025270 0.162401 -1.000000 
0.295250 0.423524 0.424058 -1.483304 -1.923371 -0.253092 0.026598 0.169806 -1.000000 
0.298583 0.409850 0.412120 -1.501050 -1.925379 -0.248756 0.027988 0.177665 -1.000000 
0.301807 0.395993 0.400042 -1.518321 -1.927351 -0.244094 0.029442 0.186004 -1.000000 
0.304919 0.381956 0.387828 -1.535107 -1.929284 -0.239112 0.030965 0.194845 -1.000000 
0.307918 0.367746 0.375482 -1.551396 -1.931176 -0.233814 0.032561 0.204211 -1.000000 
0.310802 0.353366 0.363007 -1.567180 -1.933024 -0.228207 0.034234 0.214126 -1.000000 
0.313571 0.338822 0.350408 -1.582449 -1.934826 -0.222296 0.035989 0.224609 -1.000000 
0.316223 0.324119 0.337689 -1.597192 -1.936580 -0.216087 0.037830 0.235678 -1.000000 
0.318757 0.309262 0.324855 -1.611400 -1.938283 -0.209587 0.039761 0.247347 -1.000000 
0.321171 0.294256 0.311908 -1.625063 -1.939932 -0.202803 0.041789 0.259627 -1.000000 
0.323464 0.279109 0.298855 -1.638173 -1.941527 -0.195742 0.043917 0.272521 -1.000000 
0.325636 0.263824 0.285699 -1.650720 -1.943064 -0.188412 0.046151 0.286026 -1.000000 
0.327685 0.248409 0.272445 -1.662696 -1.944541 -0.180822 0.048495 0.300131 -1.000000 
0.329610 0.232869 0.259097 -1.674091 -1.945956 -0.172979 0.050954 0.314813 -1.000000 
0.331411 0.217211 0.245661 -1.684897 -1.947308 -0.164893 0.053533 0.330037 -1.000000 
0.333085 0.201441 0.232141 -1.695107 -1.948594 -0.156571 0.056236 0.345755 -1.000000 
0.334633 0.185566 0.218541 -1.704712 -1.949812 -0.148025 0.059067 0.361901 -1.000000 
0.336054 0.169592 0.204867 -1.713704 -1.950962 -0.139263 0.062028 0.378393 -1.000000 
0.337347 0.153526 0.191123 -1.722077 -1.952040 -0.130296 0.065122 0.395129 -1.000000 
0.338510 0.137376 0.177315 -1.729822 -1.953046 -0.121133 0.068350 0.411986 -1.000000 
0.339545 0.121148 0.163448 -1.736934 -1.953978 -0.111786 0.071713 0.428819 -1.000000 
0.340449 0.104850 0.149526 -1.743405 -1.954834 -0.102266 0.075211 0.445464 -1.000000 
0.341222 0.088488 0.135555 -1.749230 -1.955613 -0.092583 0.078840 0.461738 -1.000000 
0.341864 0.072071 0.121540 -1.754402 -1.956315 -0.082749 0.082597 0.477437 -1.000000 
0.342375 0.055607 0.107487 -1.758916 -1.956937 -0.072776 0.086477 0.492349 -1.000000 
0.342754 0.039102 0.093399 -1.762768 -1.957479 -0.062677 0.090472 0.506247 -1.000000 
0.343001 0.022565 0.079284 -1.765951 -1.957940 -0.052464 0.094573 0.518907 -1.000000 
0.343115 0.006003 0.065146 -1.768462 -1.958318 -0.042149 0.098770 0.530107 -1.000000 
0.343097 -0.010574 0.050990 -1.770297 -1.958614 -0.031746 0.103051 0.539637 -1.000000 
0.342946 -0.027160 0.036823 -1.771452 -1.958826 -0.021268 0.107400 0.547309 -1.000000 
0.342662 -0.043745 0.022649 -1.771924 -1.958954 -0.010729 0.111802 0.552964 -1.000000 
0.342246 -0.060321 0.008474 -1.771711 -1.958997 -0.000144 0.116241 0.556480 -1.000000 
0.341697 -0.076880 -0.005697 -1.770810 -1.958956 0.010474 0.120700 0.557775 -1.000000 
0.341016 -0.093413 -0.019857 -1.769220 -1.958830 0.021110 0.125160 0.556817 -1.000000 
0.340202 -0.109912 -0.034002 -1.766939 -1.958618 0.031749 0.129603 0.553619 -1.000000 
0.339257 -0.126368 -0.048126 -1.763967 -1.958322 0.042376 0.134012 0.548243 -1.000000 
0.338181 -0.142772 -0.062224 -1.760304 -1.957940 0.052975 0.138369 0.540796 -1.000000 
0.336973 -0.159116 -0.076289 -1.755950 -1.957474 0.063531 0.142659 0.531424 -1.000000 
0.335635 -0.175391 -0.090317 -1.750908 -1.956924 0.074029 0.146867 0.520308 -1.000000 
0.334167 -0.191587 -0.104302 -1.745177 -1.956290 0.084453 0.150980 0.507651 -1.000000 
0.332570 -0.207698 -0.118238 -1.738761 -1.955573 0.094787 0.154986 0.493676 -1.000000 
0.330844 -0.223714 -0.132120 -1.731663 -1.954774 0.105015 0.158876 0.478611 -1.000000 
0.328991 -0.239626 -0.145943 -1.723885 -1.953893 0.115123 0.162642 0.462688 -1.000000 
0.327010 -0.255426 -0.159701 -1.715432 -1.952932 0.125094 0.166277 0.446130 -1.000000 
0.324904 -0.271106 -0.173388 -1.706309 -1.951892 0.134913 0.169779 0.429150 -1.000000 
0.322673 -0.286658 -0.187000 -1.696521 -1.950774 0.144565 0.173143 0.411942 -1.000000 
0.320318 -0.302073 -0.200531 -1.686073 -1.949579 0.154036 0.176370 0.394683 -1.000000 
0.317840 -0.317344 -0.213975 -1.674973 -1.948310 0.163310 0.179458 0.377528 -1.000000 
0.315241 -0.332463 -0.227329 -1.663225 -1.946967 0.172373 0.182411 0.360610 -1.000000 
0.312521 -0.347423 -0.240585 -1.650839 -1.945552 0.181212 0.185229 0.344040 -1.000000 
0.309683 -0.362215 -0.253740 -1.637822 -1.944068 0.189812 0.187917 0.327908 -1.000000 
0.306726 -0.376833 -0.266789 -1.624182 -1.942516 0.198160 0.190477 0.312286 -1.000000 
0.303654 -0.391270 -0.279726 -1.609928 -1.940898 0.206244 0.192915 0.297228 -1.000000 
0.300466 -0.405519 -0.292546 -1.595069 -1.939217 0.214051 0.195234 0.282772 -1.000000 
0.297166 -0.419573 -0.305245 -1.579615 -1.937474 0.221569 0.197441 0.268943 -1.000000 
0.293754 -0.433426 -0.317818 -1.563576 -1.935673 0.228787 0.199539 0.255754 -1.000000 
0.290232 -0.447071 -0.330261 -1.546961 -1.933815 0.235693 0.201535 0.243210 -1.000000 
0.286601 -0.460504 -0.342568 -1.529783 -1.931902 0.242278 0.203432 0.231305 -1.000000 
0.282864 -0.473718 -0.354736 -1.512051 -1.929939 0.248531 0.205237 0.220030 -1.000000 
0.279022 -0.486707 -0.366759 -1.493777 -1.927927 0.254444 0.206954 0.209370 -1.000000 
0.275077 -0.499467 -0.378635 -1.474974 -1.925869 0.260007 0.208589 0.199304 -1.000000 
0.271031 -0.511993 -0.390358 -1.455651 -1.923768 0.265212 0.210145 0.189811 -1.000000 
0.266886 -0.524279 -0.401924 -1.435822 -1.921626 0.270052 0.211627 0.180868 -1.000000 
0.262644 -0.536321 -0.413330 -1.415499 -1.919448 0.274520 0.213040 0.172449 -1.000000 
0.258306 -0.548116 -0.424571 -1.394694 -1.917235 0.278608 0.214388 0.164529 -1.000000 
0.253874 -0.559659 -0.435643 -1.373419 -1.914991 0.282313 0.215674 0.157081 -1.000000 
0.249352 -0.570946 -0.446544 -1.351688 -1.912719 0.285627 0.216902 0.150082 -1.000000 
0.244740 -0.581973 -0.457269 -1.329512 -1.910422 0.288547 0.218076 0.143504 -1.000000 
0.240041 -0.592739 -0.467815 -1.306905 -1.908103 0.291069 0.219199 0.137325 -1.000000 
0.235257 -0.603238 -0.478179 -1.283880 -1.905766 0.293190 0.220274 0.131521 -1.000000 
0.230390 -0.613469 -0.488356 -1.260448 -1.903413 0.294905 0.221304 0.126069 -1.000000 
0.225442 -0.623429 -0.498345 -1.236625 -1.901049 0.296215 0.222292 0.120948 -1.000000 
0.220416 -0.633116 -0.508141 -1.212421 -1.898675 0.297116 0.223240 0.116137 -1.000000 
0.215313 -0.642527 -0.517742 -1.187850 -1.896296 0.297608 0.224151 0.111618 -1.000000 
0.210136 -0.651661 -0.527146 -1.162924 -1.893915 0.297691 0.225027 0.107372 -1.000000 
0.204887 -0.660515 -0.536348 -1.137657 -1.891534 0.297365 0.225870 0.103382 -1.000000 
0.199569 -0.669088 -0.545347 -1.112061 -1.889158 0.296630 0.226682 0.099631 -1.000000 
0.194183 -0.677379 -0.554140 -1.086147 -1.886789 0.295489 0.227465 0.096106 -1.000000 
0.188731 -0.685386 -0.562725 -1.059930 -1.884431 0.293943 0.228220 0.092792 -1.000000 
0.183217 -0.693110 -0.571099 -1.033420 -1.882087 0.291995 0.228950 0.089675 -1.000000 
0.177642 -0.700547 -0.579259 -1.006630 -1.879760 0.289648 0.229655 0.086744 -1.000000 
0.172009 -0.707699 -0.587204 -0.979571 -1.877454 0.286906 0.230338 0.083987 -1.000000 
0.166320 -0.714564 -0.594931 -0.952256 -1.875171 0.283773 0.231000 0.081394 -1.000000 
0.160577 -0.721143 -0.602439 -0.924695 -1.872914 0.280254 0.231641 0.078954 -1.000000 
0.154782 -0.727434 -0.609726 -0.896901 -1.870688 0.276354 0.232263 0.076659 -1.000000 
0.148939 -0.733438 -0.616789 -0.868884 -1.868494 0.272079 0.232868 0.074499 -1.000000 
0.143048 -0.739155 -0.623627 -0.840655 -1.866335 0.267435 0.233456 0.072467 -1.000000 
0.137113 -0.744584 -0.630239 -0.812225 -1.864216 0.262429 0.234028 0.070555 -1.000000 
0.131136 -0.749727 -0.636623 -0.783603 -1.862137 0.257068 0.234585 0.068757 -1.000000 
0.125118 -0.754583 -0.642776 -0.754801 -1.860104 0.251360 0.235128 0.067066 -1.000000 
0.119063 -0.759153 -0.648699 -0.725829 -1.858117 0.245314 0.235658 0.065476 -1.000000 
0.112972 -0.763437 -0.654389 -0.696695 -1.856179 0.238937 0.236176 0.063981 -1.000000 
0.106849 -0.767437 -0.659846 -0.667409 -1.854294 0.232239 0.236682 0.062578 -1.000000 
0.100694 -0.771151 -0.665067 -0.637982 -1.852464 0.225229 0.237177 0.061260 -1.000000 
0.094511 -0.774582 -0.670053 -0.608420 -1.850692 0.217917 0.237662 0.060023 -1.000000 
0.088302 -0.777730 -0.674802 -0.578735 -1.848978 0.210313 0.238138 0.058865 -1.000000 
0.082068 -0.780596 -0.679312 -0.548933 -1.847327 0.202428 0.238604 0.057779 -1.000000 
0.075813 -0.783180 -0.683584 -0.519023 -1.845740 0.194272 0.239063 0.056764 -1.000000 
0.069538 -0.785483 -0.687616 -0.489014 -1.844220 0.185858 0.239513 0.055816 -1.000000 
0.063246 -0.787507 -0.691408 -0.458912 -1.842767 0.177195 0.239956 0.054932 -1.000000 
0.056939 -0.789252 -0.694959 -0.428727 -1.841385 0.168296 0.240392 0.054109 -1.000000 
0.050619 -0.790719 -0.698268 -0.398464 -1.840075 0.159174 0.240822 0.053345 -1.000000 
0.044288 -0.791908 -0.701334 -0.368132 -1.838839 0.149839 0.241246 0.052637 -1.000000 
0.037949 -0.792822 -0.704158 -0.337738 -1.837678 0.140306 0.241664 0.051984 -1.000000 
0.031603 -0.793460 -0.706738 -0.307287 -1.836595 0.130587 0.242077 0.051383 -1.000000 
0.025254 -0.793823 -0.709074 -0.276788 -1.835589 0.120695 0.242486 0.050833 -1.000000 
0.018903 -0.793913 -0.711166 -0.246246 -1.834664 0.110643 0.242891 0.050332 -1.000000 
0.012552 -0.793730 -0.713014 -0.215668 -1.833819 0.100444 0.243292 0.049879 -1.000000 
0.006204 -0.793275 -0.714617 -0.185060 -1.833057 0.090113 0.243689 0.049472 -1.000000 
-0.000139 -0.792548 -0.715975 -0.154428 -1.832378 0.079662 0.244083 0.049111 -1.000000 
-0.006476 -0.791551 -0.717088 -0.123779 -1.831783 0.069107 0.244475 0.048793 -1.000000 
-0.012803 -0.790284 -0.717955 -0.093117 -1.831272 0.058461 0.244864 0.048519 -1.000000 
-0.019120 -0.788748 -0.718578 -0.062450 -1.830848 0.047737 0.245251 0.048288 -1.000000 
-0.025423 -0.786943 -0.718954 -0.031782 -1.830509 0.036951 0.245637 0.048098 -1.000000 
-0.031710 -0.784871 -0.719086 -0.001119 -1.830257 0.026116 0.246021 0.047951 -1.000000 
-0.037980 -0.782530 -0.718972 0.029532 -1.830091 0.015248 0.246404 0.047844 -1.000000 
-0.044230 -0.779923 -0.718614 0.060167 -1.830013 0.004360 0.246787 0.047778 -1.000000 
-0.050458 -0.777050 -0.718010 0.090780 -1.830021 -0.006534 0.247169 0.047753 -1.000000 
-0.056662 -0.773911 -0.717161 0.121364 -1.830117 -0.017418 0.247551 0.047769 -1.000000 
-0.062840 -0.770506 -0.716068 0.151916 -1.830300 -0.028278 0.247933 0.047825 -1.000000 
-0.068989 -0.766835 -0.714731 0.182428 -1.830570 -0.039101 0.248316 0.047923 -1.000000 
-0.075109 -0.762901 -0.713149 0.212895 -1.830925 -0.049870 0.248700 0.048062 -1.000000 
-0.081195 -0.758701 -0.711324 0.243312 -1.831367 -0.060573 0.249085 0.048243 -1.000000 
-0.087247 -0.754237 -0.709256 0.273673 -1.831894 -0.071194 0.249472 0.048466 -1.000000 
-0.093262 -0.749510 -0.706946 0.303971 -1.832506 -0.081720 0.249861 0.048732 -1.000000 
-0.099239 -0.744518 -0.704393 0.334201 -1.833202 -0.092136 0.250252 0.049042 -1.000000 
-0.105174 -0.739264 -0.701599 0.364357 -1.833980 -0.102429 0.250646 0.049397 -1.000000 
-0.111066 -0.733746 -0.698564 0.394432 -1.834840 -0.112584 0.251042 0.049799 -1.000000 
-0.116913 -0.727965 -0.695288 0.424420 -1.835781 -0.122588 0.251443 0.050247 -1.000000 
-0.122713 -0.721921 -0.691773 0.454315 -1.836801 -0.132427 0.251846 0.050744 -1.000000 
-0.128463 -0.715615 -0.688019 0.484109 -1.837899 -0.142087 0.252255 0.051292 -1.000000 
-0.134162 -0.709046 -0.684028 0.513797 -1.839074 -0.151557 0.252667 0.051891 -1.000000 
-0.139807 -0.702215 -0.679799 0.543370 -1.840324 -0.160822 0.253085 0.052545 -1.000000 
-0.145397 -0.695123 -0.675334 0.572822 -1.841647 -0.169869 0.253508 0.053254 -1.000000 
-0.150928 -0.687769 -0.670634 0.602145 -1.843041 -0.178687 0.253937 0.054022 -1.000000 
-0.156400 -0.680154 -0.665700 0.631332 -1.844505 -0.187262 0.254373 0.054851 -1.000000 
-0.161810 -0.672278 -0.660533 0.660375 -1.846036 -0.195583 0.254815 0.055744 -1.000000 
-0.167156 -0.664143 -0.655135 0.689265 -1.847633 -0.203638 0.255265 0.056703 -1.000000 
-0.172436 -0.655747 -0.649505 0.717995 -1.849294 -0.211416 0.255722 0.057733 -1.000000 
-0.177647 -0.647092 -0.643647 0.746556 -1.851015 -0.218905 0.256189 0.058836 -1.000000 
-0.182789 -0.638179 -0.637561 0.774938 -1.852796 -0.226095 0.256664 0.060017 -1.000000 
-0.187857 -0.629008 -0.631249 0.803134 -1.854632 -0.232975 0.257149 0.061279 -1.000000 
-0.192852 -0.619580 -0.624711 0.831133 -1.856522 -0.239535 0.257645 0.062628 -1.000000 
-0.197770 -0.609896 -0.617951 0.858927 -1.858464 -0.245766 0.258151 0.064068 -1.000000 
-0.202610 -0.599958 -0.610969 0.886506 -1.860454 -0.251657 0.258670 0.065605 -1.000000 
-0.207369 -0.589765 -0.603767 0.913859 -1.862489 -0.257201 0.259201 0.067244 -1.000000 
-0.212045 -0.579320 -0.596348 0.940976 -1.864568 -0.262388 0.259746 0.068992 -1.000000 
-0.216637 -0.568624 -0.588713 0.967847 -1.866687 -0.267210 0.260306 0.070856 -1.000000 
-0.221143 -0.557678 -0.580863 0.994461 -1.868842 -0.271660 0.260880 0.072843 -1.000000 
-0.225559 -0.546485 -0.572802 1.020808 -1.871032 -0.275731 0.261471 0.074962 -1.000000 
-0.229886 -0.535045 -0.564531 1.046876 -1.873253 -0.279416 0.262080 0.077220 -1.000000 
-0.234119 -0.523361 -0.556053 1.072653 -1.875502 -0.282708 0.262707 0.079627 -1.000000 
-0.238259 -0.511436 -0.547369 1.098128 -1.877775 -0.285603 0.263355 0.082194 -1.000000 
-0.242302 -0.499271 -0.538483 1.123290 -1.880070 -0.288094 0.264023 0.084932 -1.000000 
-0.246246 -0.486869 -0.529398 1.148126 -1.882384 -0.290178 0.264714 0.087852 -1.000000 
-0.250091 -0.474234 -0.520114 1.172625 -1.884712 -0.291849 0.265429 0.090968 -1.000000 
-0.253834 -0.461366 -0.510636 1.196773 -1.887052 -0.293105 0.266170 0.094293 -1.000000 
-0.257472 -0.448271 -0.500967 1.220558 -1.889401 -0.293942 0.266938 0.097844 -1.000000 
-0.261005 -0.434951 -0.491109 1.243969 -1.891754 -0.294357 0.267736 0.101635 -1.000000 
-0.264431 -0.421410 -0.481064 1.266991 -1.894109 -0.294350 0.268565 0.105685 -1.000000 
-0.267747 -0.407651 -0.470838 1.289612 -1.896463 -0.293917 0.269428 0.110014 -1.000000 
-0.270953 -0.393678 -0.460432 1.311820 -1.898811 -0.293060 0.270326 0.114640 -1.000000 
-0.274046 -0.379496 -0.449850 1.333601 -1.901150 -0.291776 0.271263 0.119588 -1.000000 
-0.277024 -0.365109 -0.439095 1.354942 -1.903478 -0.290068 0.272241 0.124880 -1.000000 
-0.279887 -0.350522 -0.428172 1.375829 -1.905790 -0.287934 0.273262 0.130542 -1.000000 
-0.282632 -0.335740 -0.417083 1.396250 -1.908084 -0.285378 0.274330 0.136601 -1.000000 
-0.285258 -0.320767 -0.405833 1.416192 -1.910355 -0.282402 0.275449 0.143086 -1.000000 
-0.287764 -0.305608 -0.394425 1.435641 -1.912601 -0.279007 0.276621 0.150028 -1.000000 
-0.290147 -0.290271 -0.382864 1.454584 -1.914818 -0.275197 0.277851 0.157461 -1.000000 
-0.292408 -0.274760 -0.371154 1.473008 -1.917003 -0.270977 0.279142 0.165417 -1.000000 
-0.294543 -0.259081 -0.359298 1.490901 -1.919153 -0.266350 0.280499 0.173932 -1.000000 
-0.296552 -0.243240 -0.347301 1.508248 -1.921264 -0.261322 0.281926 0.183045 -1.000000 
-0.298435 -0.227245 -0.335167 1.525037 -1.923333 -0.255898 0.283429 0.192792 -1.000000 
-0.300188 -0.211101 -0.322901 1.541257 -1.925357 -0.250084 0.285013 0.203212 -1.000000 
-0.301812 -0.194816 -0.310509 1.556893 -1.927333 -0.243887 0.286682 0.214344 -1.000000 
-0.303305 -0.178396 -0.297993 1.571934 -1.929258 -0.237315 0.288444 0.226224 -1.000000 
-0.304666 -0.161850 -0.285359 1.586367 -1.931129 -0.230375 0.290304 0.238887 -1.000000 
-0.305894 -0.145184 -0.272613 1.600181 -1.932943 -0.223076 0.292269 0.252365 -1.000000 
-0.306988 -0.128406 -0.259758 1.613363 -1.934698 -0.215425 0.294344 0.266684 -1.000000 
-0.307948 -0.111524 -0.246800 1.625903 -1.936389 -0.207434 0.296538 0.281862 -1.000000 
-0.308773 -0.094547 -0.233745 1.637789 -1.938016 -0.199111 0.298856 0.297910 -1.000000 
-0.309461 -0.077482 -0.220598 1.649010 -1.939574 -0.190467 0.301307 0.314825 -1.000000 
-0.310012 -0.060339 -0.207363 1.659556 -1.941062 -0.181512 0.303896 0.332588 -1.000000 
-0.310426 -0.043125 -0.194047 1.669415 -1.942478 -0.172258 0.306630 0.351161 -1.000000 
-0.310702 -0.025850 -0.180654 1.678579 -1.943818 -0.162717 0.309516 0.370483 -1.000000 
-0.310839 -0.008522 -0.167191 1.687037 -1.945080 -0.152900 0.312560 0.390469 -1.000000 
-0.310838 0.008848 -0.153663 1.694781 -1.946263 -0.142821 0.315765 0.411000 -1.000000 
-0.310698 0.026253 -0.140077 1.701800 -1.947365 -0.132492 0.319137 0.431923 -1.000000 
-0.310418 0.043682 -0.126437 1.708088 -1.948383 -0.121926 0.322677 0.453052 -1.000000 
-0.309999 0.061126 -0.112749 1.713634 -1.949315 -0.111138 0.326386 0.474159 -1.000000 
-0.309440 0.078575 -0.099020 1.718433 -1.950160 -0.100142 0.330262 0.494980 -1.000000 
-0.308742 0.096019 -0.085256 1.722476 -1.950917 -0.088952 0.334304 0.515216 -1.000000 
-0.307904 0.113448 -0.071463 1.725758 -1.951583 -0.077585 0.338503 0.534539 -1.000000 
-0.306926 0.130852 -0.057646 1.728270 -1.952158 -0.066054 0.342853 0.552595 -1.000000 
-0.305810 0.148220 -0.043813 1.730009 -1.952639 -0.054378 0.347341 0.569024 -1.000000 
-0.304555 0.165543 -0.029968 1.730968 -1.953027 -0.042573 0.351952 0.583466 -1.000000 
-0.303162 0.182808 -0.016119 1.731143 -1.953320 -0.030655 0.356670 0.595580 -1.000000 
-0.301630 0.200007 -0.002272 1.730530 -1.953518 -0.018643 0.361474 0.605061 -1.000000 
-0.299962 0.217127 0.011567 1.729126 -1.953618 -0.006555 0.366343 0.611656 -1.000000 
-0.298157 0.234158 0.025392 1.726928 -1.953622 0.005590 0.371253 0.615180 -1.000000 
-0.296215 0.251089 0.039196 1.723933 -1.953529 0.017773 0.376177 0.615526 -1.000000 
-0.294139 0.267909 0.052973 1.720142 -1.953338 0.029974 0.381092 0.612673 -1.000000 
-0.291929 0.284607 0.066716 1.715552 -1.953049 0.042172 0.385972 0.606688 -1.000000 
-0.289586 0.301171 0.080419 1.710165 -1.952663 0.054347 0.390791 0.597721 -1.000000 
-0.287111 0.317592 0.094077 1.703982 -1.952180 0.066479 0.395528 0.585997 -1.000000 
-0.284505 0.333857 0.107681 1.697005 -1.951600 0.078545 0.400161 0.571802 -1.000000 
-0.281770 0.349957 0.121227 1.689237 -1.950923 0.090525 0.404671 0.555469 -1.000000 
-0.278906 0.365879 0.134707 1.680682 -1.950152 0.102396 0.409044 0.537357 -1.000000 
-0.275916 0.381615 0.148115 1.671344 -1.949285 0.114139 0.413265 0.517837 -1.000000 
-0.272801 0.397153 0.161446 1.661230 -1.948326 0.125731 0.417326 0.497276 -1.000000 
-0.269562 0.412484 0.174693 1.650344 -1.947274 0.137150 0.421220 0.476023 -1.000000 
-0.266202 0.427597 0.187850 1.638696 -1.946132 0.148377 0.424942 0.454400 -1.000000 
-0.262721 0.442483 0.200910 1.626292 -1.944901 0.159391 0.428490 0.432694 -1.000000 
-0.259123 0.457132 0.213868 1.613142 -1.943582 0.170170 0.431865 0.411154 -1.000000 
-0.255408 0.471536 0.226718 1.599256 -1.942179 0.180696 0.435069 0.389989 -1.000000 
-0.251579 0.485685 0.239455 1.584643 -1.940692 0.190948 0.438106 0.369368 -1.000000 
-0.247638 0.499572 0.252071 1.569316 -1.939124 0.200908 0.440981 0.349425 -1.000000 
-0.243586 0.513188 0.264562 1.553285 -1.937478 0.210558 0.443699 0.330258 -1.000000 
-0.239427 0.526526 0.276922 1.536564 -1.935756 0.219880 0.446267 0.311938 -1.000000 
-0.235163 0.539579 0.289145 1.519166 -1.933961 0.228857 0.448693 0.294507 -1.000000 
-0.230795 0.552338 0.301226 1.501104 -1.932095 0.237472 0.450982 0.277989 -1.000000 
-0.226326 0.564799 0.313161 1.482392 -1.930162 0.245711 0.453143 0.262389 -1.000000 
-0.221759 0.576954 0.324943 1.463046 -1.928165 0.253558 0.455183 0.247697 -1.000000 
0.000000 0.000000 0.000000 0.000000 0.000000 0.000000 0.000000 0.000000 0.000000 
