0.293232 0.420746 0.402954 1.127585 -1.822466 0.727690 1.037413 -0.020437 -1.000000 
0.296487 0.393149 0.411834 1.092483 -1.816680 0.718607 1.037254 -0.019325 -1.000000 
0.299523 0.365766 0.420433 1.057238 -1.810973 0.707797 1.037104 -0.018327 -1.000000 
0.302340 0.338617 0.428749 1.021894 -1.805359 0.695304 1.036961 -0.017431 -1.000000 
0.304941 0.311722 0.436783 0.986488 -1.799852 0.681175 1.036825 -0.016624 -1.000000 
0.307328 0.285095 0.444533 0.951056 -1.794465 0.665461 1.036695 -0.015896 -1.000000 
0.309504 0.258751 0.452000 0.915628 -1.789209 0.648215 1.036570 -0.015239 -1.000000 
0.311469 0.232700 0.459183 0.880232 -1.784097 0.629490 1.036451 -0.014646 -1.000000 
0.313228 0.206952 0.466084 0.844893 -1.779141 0.609344 1.036336 -0.014110 -1.000000 
0.314781 0.181512 0.472702 0.809632 -1.774352 0.587836 1.036225 -0.013625 -1.000000 
0.316133 0.156384 0.479038 0.774466 -1.769739 0.565026 1.036118 -0.013186 -1.000000 
0.317284 0.131571 0.485094 0.739409 -1.765314 0.540977 1.036014 -0.012791 -1.000000 
0.318239 0.107073 0.490869 0.704472 -1.761087 0.515753 1.035913 -0.012434 -1.000000 
0.318998 0.082888 0.496365 0.669662 -1.757065 0.489416 1.035815 -0.012112 -1.000000 
0.319566 0.059011 0.501584 0.634985 -1.753259 0.462034 1.035719 -0.011824 -1.000000 
0.319943 0.035439 0.506526 0.600440 -1.749675 0.433671 1.035625 -0.011566 -1.000000 
0.320134 0.012164 0.511191 0.566028 -1.746323 0.404396 1.035534 -0.011336 -1.000000 
0.320139 -0.010822 0.515582 0.531744 -1.743207 0.374277 1.035444 -0.011134 -1.000000 
0.319961 -0.033529 0.519700 0.497581 -1.740336 0.343380 1.035356 -0.010956 -1.000000 
0.319603 -0.055967 0.523544 0.463529 -1.737715 0.311774 1.035269 -0.010802 -1.000000 
0.319066 -0.078149 0.527116 0.429578 -1.735350 0.279529 1.035183 -0.010671 -1.000000 
0.318353 -0.100085 0.530417 0.395715 -1.733244 0.246714 1.035098 -0.010561 -1.000000 
0.317466 -0.121790 0.533448 0.361923 -1.731403 0.213397 1.035014 -0.010472 -1.000000 
0.316405 -0.143278 0.536208 0.328185 -1.729831 0.179649 1.034930 -0.010404 -1.000000 
0.315174 -0.164562 0.538699 0.294484 -1.728530 0.145538 1.034847 -0.010355 -1.000000 
0.313773 -0.185658 0.540920 0.260798 -1.727503 0.111135 1.034764 -0.010326 -1.000000 
0.312204 -0.206580 0.542872 0.227108 -1.726752 0.076509 1.034682 -0.010316 -1.000000 
0.310468 -0.227343 0.544554 0.193391 -1.726279 0.041730 1.034599 -0.010325 -1.000000 
0.308567 -0.247961 0.545966 0.159624 -1.726085 0.006867 1.034517 -0.010354 -1.000000 
0.306501 -0.268449 0.547108 0.125785 -1.726170 -0.028010 1.034434 -0.010402 -1.000000 
0.304272 -0.288821 0.547978 0.091850 -1.726533 -0.062830 1.034350 -0.010469 -1.000000 
0.301880 -0.309090 0.548577 0.057795 -1.727175 -0.097525 1.034266 -0.010557 -1.000000 
0.299326 -0.329270 0.548903 0.023598 -1.728093 -0.132025 1.034181 -0.010665 -1.000000 
0.296612 -0.349373 0.548954 -0.010765 -1.729286 -0.166261 1.034095 -0.010794 -1.000000 
0.293737 -0.369409 0.548730 -0.045316 -1.730752 -0.200162 1.034008 -0.010946 -1.000000 
0.290701 -0.389390 0.548228 -0.080076 -1.732488 -0.233659 1.033920 -0.011121 -1.000000 
0.287507 -0.409324 0.547448 -0.115067 -1.734489 -0.266684 1.033830 -0.011321 -1.000000 
0.284152 -0.429220 0.546387 -0.150306 -1.736753 -0.299166 1.033739 -0.011546 -1.000000 
0.280639 -0.449084 0.545042 -0.185813 -1.739274 -0.331039 1.033646 -0.011799 -1.000000 
0.276967 -0.468922 0.543413 -0.221602 -1.742048 -0.362232 1.033550 -0.012081 -1.000000 
0.273136 -0.488736 0.541496 -0.257689 -1.745068 -0.392677 1.033452 -0.012394 -1.000000 
0.269147 -0.508530 0.539289 -0.294085 -1.748329 -0.422308 1.033352 -0.012741 -1.000000 
0.265000 -0.528305 0.536790 -0.330801 -1.751823 -0.451056 1.033248 -0.013125 -1.000000 
0.260694 -0.548058 0.533995 -0.367844 -1.755543 -0.478855 1.033142 -0.013548 -1.000000 
0.256231 -0.567787 0.530903 -0.405220 -1.759482 -0.505639 1.033031 -0.014015 -1.000000 
0.251610 -0.587487 0.527511 -0.442929 -1.763630 -0.531343 1.032917 -0.014529 -1.000000 
0.246831 -0.607152 0.523816 -0.480972 -1.767980 -0.555902 1.032799 -0.015094 -1.000000 
0.241896 -0.626772 0.519815 -0.519345 -1.772522 -0.579255 1.032676 -0.015716 -1.000000 
0.236803 -0.646337 0.515505 -0.558040 -1.777245 -0.601338 1.032547 -0.016401 -1.000000 
0.231554 -0.665835 0.510885 -0.597047 -1.782139 -0.622092 1.032413 -0.017156 -1.000000 
0.226150 -0.685251 0.505952 -0.636353 -1.787195 -0.641459 1.032272 -0.017989 -1.000000 
0.220591 -0.704567 0.500703 -0.675939 -1.792399 -0.659381 1.032125 -0.018908 -1.000000 
0.214877 -0.723766 0.495136 -0.715785 -1.797741 -0.675804 1.031970 -0.019923 -1.000000 
0.209011 -0.742828 0.489249 -0.755866 -1.803208 -0.690676 1.031806 -0.021048 -1.000000 
0.202992 -0.761728 0.483042 -0.796153 -1.808787 -0.703947 1.031633 -0.022295 -1.000000 
0.196824 -0.780444 0.476511 -0.836614 -1.814466 -0.715570 1.031449 -0.023681 -1.000000 
0.190506 -0.798948 0.469655 -0.877213 -1.820232 -0.725501 1.031253 -0.025225 -1.000000 
0.184041 -0.817214 0.462475 -0.917911 -1.826070 -0.733700 1.031045 -0.026949 -1.000000 
0.177431 -0.835210 0.454969 -0.958664 -1.831966 -0.740129 1.030821 -0.028879 -1.000000 
0.170679 -0.852908 0.447136 -0.999424 -1.837907 -0.744756 1.030582 -0.031045 -1.000000 
0.163786 -0.870272 0.438978 -1.040142 -1.843878 -0.747551 1.030324 -0.033484 -1.000000 
0.156755 -0.887271 0.430494 -1.080763 -1.849863 -0.748490 1.030045 -0.036241 -1.000000 
0.149590 -0.903869 0.421686 -1.121230 -1.855848 -0.747552 1.029743 -0.039366 -1.000000 
0.142294 -0.920030 0.412555 -1.161482 -1.861819 -0.744724 1.029414 -0.042924 -1.000000 
0.134871 -0.935717 0.403103 -1.201457 -1.867759 -0.739993 1.029055 -0.046990 -1.000000 
0.127324 -0.950892 0.393333 -1.241088 -1.873654 -0.733357 1.028661 -0.051657 -1.000000 
0.119658 -0.965518 0.383247 -1.280307 -1.879488 -0.724816 1.028227 -0.057041 -1.000000 
0.111878 -0.979557 0.372849 -1.319044 -1.885246 -0.714376 1.027746 -0.063281 -1.000000 
0.103987 -0.992970 0.362144 -1.357226 -1.890913 -0.702052 1.027211 -0.070553 -1.000000 
0.095992 -1.005719 0.351135 -1.394779 -1.896473 -0.687862 1.026614 -0.079078 -1.000000 
0.087897 -1.017766 0.339829 -1.431629 -1.901913 -0.671831 1.025942 -0.089132 -1.000000 
0.079710 -1.029074 0.328231 -1.467699 -1.907218 -0.653993 1.025183 -0.101069 -1.000000 
0.071434 -1.039608 0.316348 -1.502912 -1.912373 -0.634385 1.024319 -0.115341 -1.000000 
0.063078 -1.049331 0.304187 -1.537194 -1.917363 -0.613054 1.023329 -0.132537 -1.000000 
0.054647 -1.058210 0.291756 -1.570467 -1.922177 -0.590053 1.022188 -0.153423 -1.000000 
0.046149 -1.066212 0.279063 -1.602657 -1.926800 -0.565441 1.020862 -0.179010 -1.000000 
0.037590 -1.073308 0.266116 -1.633689 -1.931220 -0.539287 1.019308 -0.210649 -1.000000 
0.028979 -1.079468 0.252927 -1.663492 -1.935425 -0.511665 1.017471 -0.250154 -1.000000 
0.020321 -1.084667 0.239504 -1.691995 -1.939403 -0.482658 1.015278 -0.299986 -1.000000 
0.011627 -1.088881 0.225858 -1.719132 -1.943144 -0.452356 1.012635 -0.363514 -1.000000 
0.002902 -1.092091 0.212002 -1.744839 -1.946637 -0.420860 1.009413 -0.445378 -1.000000 
-0.005844 -1.094278 0.197945 -1.769057 -1.949875 -0.388277 1.005443 -0.551977 -1.000000 
-0.014604 -1.095429 0.183701 -1.791729 -1.952847 -0.354725 1.000492 -0.692112 -1.000000 
-0.023368 -1.095535 0.169282 -1.812806 -1.955548 -0.320334 0.994248 -0.877701 -1.000000 
-0.032129 -1.094591 0.154700 -1.832244 -1.957971 -0.285243 0.986287 -1.124324 -1.000000 
-0.040879 -1.092595 0.139970 -1.850006 -1.960110 -0.249608 0.976046 -1.450839 -1.000000 
-0.049608 -1.089556 0.125105 -1.866063 -1.961963 -0.213597 0.962809 -1.876359 -1.000000 
-0.058309 -1.085485 0.110118 -1.880395 -1.963527 -0.177399 0.945730 -2.411433 -1.000000 
-0.066973 -1.080407 0.095023 -1.892991 -1.964802 -0.141226 0.923972 -3.039978 -1.000000 
-0.075593 -1.074355 0.079835 -1.903852 -1.965788 -0.105319 0.897015 -3.694285 -1.000000 
-0.084161 -1.067378 0.064566 -1.912992 -1.966488 -0.069944 0.865141 -4.243166 -1.000000 
-0.092669 -1.059540 0.049231 -1.920443 -1.966909 -0.035372 0.829831 -4.529356 -1.000000 
-0.101111 -1.050911 0.033843 -1.926257 -1.967057 -0.001821 0.793634 -4.459296 -1.000000 
-0.109481 -1.041556 0.018415 -1.930501 -1.966941 0.030598 0.759346 -4.069035 -1.000000 
-0.117774 -1.031527 0.002959 -1.933251 -1.966571 0.061893 0.729027 -3.492621 -1.000000 
-0.125984 -1.020862 -0.012513 -1.934576 -1.965954 0.092156 0.703573 -2.873422 -1.000000 
-0.134106 -1.009586 -0.027990 -1.934536 -1.965098 0.121504 0.682910 -2.305670 -1.000000 
-0.142136 -0.997715 -0.043462 -1.933181 -1.964012 0.150043 0.666436 -1.828977 -1.000000 
-0.150068 -0.985266 -0.058918 -1.930547 -1.962700 0.177851 0.653390 -1.447696 -1.000000 
-0.157899 -0.972252 -0.074347 -1.926668 -1.961168 0.204975 0.643049 -1.150175 -1.000000 
-0.165623 -0.958689 -0.089741 -1.921571 -1.959422 0.231440 0.634807 -0.920379 -1.000000 
-0.173236 -0.944590 -0.105089 -1.915278 -1.957467 0.257252 0.628183 -0.743161 -1.000000 
-0.180735 -0.929974 -0.120383 -1.907815 -1.955308 0.282402 0.622810 -0.605988 -1.000000 
-0.188115 -0.914856 -0.135611 -1.899202 -1.952950 0.306876 0.618407 -0.499109 -1.000000 
-0.195371 -0.899255 -0.150767 -1.889464 -1.950399 0.330650 0.614763 -0.415147 -1.000000 
-0.202501 -0.883188 -0.165840 -1.878622 -1.947662 0.353698 0.611718 -0.348597 -1.000000 
-0.209501 -0.866676 -0.180822 -1.866701 -1.944742 0.375993 0.609150 -0.295363 -1.000000 
-0.216367 -0.849737 -0.195704 -1.853724 -1.941648 0.397504 0.606965 -0.252392 -1.000000 
-0.223096 -0.832391 -0.210479 -1.839717 -1.938384 0.418201 0.605091 -0.217398 -1.000000 
-0.229684 -0.814660 -0.225137 -1.824706 -1.934959 0.438056 0.603470 -0.188659 -1.000000 
-0.236129 -0.796562 -0.239671 -1.808718 -1.931378 0.457039 0.602059 -0.164867 -1.000000 
-0.242428 -0.778120 -0.254074 -1.791781 -1.927649 0.475122 0.600822 -0.145019 -1.000000 
-0.248578 -0.759354 -0.268337 -1.773922 -1.923778 0.492278 0.599730 -0.128344 -1.000000 
-0.254577 -0.740286 -0.282454 -1.755171 -1.919775 0.508482 0.598761 -0.114239 -1.000000 
-0.260422 -0.720935 -0.296418 -1.735558 -1.915645 0.523711 0.597897 -0.102232 -1.000000 
-0.266111 -0.701324 -0.310221 -1.715113 -1.911398 0.537944 0.597121 -0.091951 -1.000000 
-0.271643 -0.681472 -0.323858 -1.693867 -1.907041 0.551159 0.596422 -0.083098 -1.000000 
-0.277014 -0.661401 -0.337321 -1.671850 -1.902582 0.563340 0.595788 -0.075434 -1.000000 
-0.282225 -0.641132 -0.350605 -1.649094 -1.898030 0.574471 0.595212 -0.068768 -1.000000 
-0.287272 -0.620683 -0.363705 -1.625630 -1.893394 0.584537 0.594686 -0.062942 -1.000000 
-0.292155 -0.600076 -0.376613 -1.601490 -1.888681 0.593528 0.594203 -0.057829 -1.000000 
-0.296873 -0.579329 -0.389327 -1.576705 -1.883900 0.601433 0.593759 -0.053323 -1.000000 
-0.301424 -0.558461 -0.401839 -1.551306 -1.879061 0.608244 0.593349 -0.049336 -1.000000 
-0.305808 -0.537491 -0.414146 -1.525326 -1.874171 0.613957 0.592968 -0.045796 -1.000000 
-0.310024 -0.516437 -0.426243 -1.498794 -1.869240 0.618567 0.592615 -0.042642 -1.000000 
-0.314071 -0.495317 -0.438125 -1.471740 -1.864277 0.622074 0.592285 -0.039823 -1.000000 
-0.317949 -0.474147 -0.449789 -1.444196 -1.859290 0.624478 0.591977 -0.037297 -1.000000 
-0.321657 -0.452943 -0.461231 -1.416191 -1.854288 0.625782 0.591688 -0.035025 -1.000000 
-0.325196 -0.431722 -0.472447 -1.387753 -1.849280 0.625989 0.591416 -0.032978 -1.000000 
-0.328565 -0.410497 -0.483434 -1.358910 -1.844275 0.625107 0.591160 -0.031128 -1.000000 
-0.331764 -0.389284 -0.494189 -1.329690 -1.839281 0.623143 0.590917 -0.029452 -1.000000 
-0.334793 -0.368096 -0.504708 -1.300120 -1.834308 0.620108 0.590688 -0.027932 -1.000000 
-0.337653 -0.346946 -0.514990 -1.270226 -1.829363 0.616013 0.590470 -0.026549 -1.000000 
-0.340344 -0.325846 -0.525031 -1.240031 -1.824454 0.610872 0.590263 -0.025289 -1.000000 
-0.342867 -0.304807 -0.534830 -1.209561 -1.819591 0.604699 0.590065 -0.024139 -1.000000 
-0.345222 -0.283840 -0.544383 -1.178838 -1.814782 0.597512 0.589876 -0.023088 -1.000000 
-0.347409 -0.262955 -0.553690 -1.147883 -1.810034 0.589327 0.589696 -0.022126 -1.000000 
-0.349429 -0.242162 -0.562749 -1.116718 -1.805355 0.580165 0.589522 -0.021245 -1.000000 
-0.351284 -0.221468 -0.571557 -1.085363 -1.800754 0.570046 0.589355 -0.020436 -1.000000 
-0.352973 -0.200881 -0.580114 -1.053835 -1.796237 0.558992 0.589195 -0.019693 -1.000000 
-0.354498 -0.180408 -0.588418 -1.022153 -1.791812 0.547027 0.589040 -0.019011 -1.000000 
-0.355860 -0.160056 -0.596468 -0.990332 -1.787487 0.534175 0.588891 -0.018383 -1.000000 
-0.357059 -0.139830 -0.604263 -0.958387 -1.783268 0.520461 0.588746 -0.017806 -1.000000 
-0.358097 -0.119736 -0.611802 -0.926333 -1.779162 0.505913 0.588606 -0.017275 -1.000000 
-0.358975 -0.099776 -0.619084 -0.894183 -1.775175 0.490557 0.588469 -0.016787 -1.000000 
-0.359694 -0.079956 -0.626109 -0.861947 -1.771315 0.474423 0.588337 -0.016338 -1.000000 
-0.360255 -0.060278 -0.632875 -0.829637 -1.767587 0.457539 0.588208 -0.015925 -1.000000 
-0.360659 -0.040745 -0.639383 -0.797262 -1.763996 0.439936 0.588082 -0.015546 -1.000000 
-0.360907 -0.021357 -0.645631 -0.764830 -1.760549 0.421644 0.587959 -0.015198 -1.000000 
-0.361001 -0.002118 -0.651620 -0.732348 -1.757252 0.402695 0.587839 -0.014880 -1.000000 
-0.360942 0.016973 -0.657349 -0.699823 -1.754108 0.383121 0.587721 -0.014589 -1.000000 
-0.360730 0.035915 -0.662817 -0.667260 -1.751123 0.362956 0.587605 -0.014324 -1.000000 
-0.360367 0.054708 -0.668025 -0.634663 -1.748302 0.342232 0.587492 -0.014083 -1.000000 
-0.359855 0.073352 -0.672972 -0.602035 -1.745649 0.320983 0.587380 -0.013865 -1.000000 
-0.359194 0.091849 -0.677657 -0.569379 -1.743168 0.299244 0.587270 -0.013669 -1.000000 
-0.358386 0.110199 -0.682082 -0.536695 -1.740862 0.277050 0.587161 -0.013494 -1.000000 
-0.357431 0.128405 -0.686244 -0.503986 -1.738736 0.254434 0.587054 -0.013339 -1.000000 
-0.356332 0.146467 -0.690145 -0.471250 -1.736792 0.231434 0.586948 -0.013203 -1.000000 
-0.355088 0.164389 -0.693784 -0.438486 -1.735034 0.208084 0.586843 -0.013085 -1.000000 
-0.353702 0.182171 -0.697161 -0.405694 -1.733464 0.184421 0.586738 -0.012985 -1.000000 
-0.352174 0.199817 -0.700275 -0.372872 -1.732084 0.160480 0.586635 -0.012903 -1.000000 
-0.350505 0.217329 -0.703127 -0.340016 -1.730897 0.136299 0.586532 -0.012837 -1.000000 
-0.348697 0.234709 -0.705716 -0.307124 -1.729904 0.111913 0.586429 -0.012788 -1.000000 
-0.346750 0.251960 -0.708041 -0.274191 -1.729107 0.087361 0.586327 -0.012755 -1.000000 
-0.344666 0.269085 -0.710103 -0.241216 -1.728506 0.062677 0.586225 -0.012739 -1.000000 
-0.342445 0.286087 -0.711900 -0.208192 -1.728104 0.037900 0.586123 -0.012738 -1.000000 
-0.340089 0.302967 -0.713433 -0.175116 -1.727900 0.013067 0.586021 -0.012754 -1.000000 
-0.337598 0.319729 -0.714702 -0.141983 -1.727895 -0.011786 0.585919 -0.012785 -1.000000 
-0.334973 0.336375 -0.715705 -0.108789 -1.728089 -0.036621 0.585817 -0.012833 -1.000000 
-0.332216 0.352907 -0.716442 -0.075528 -1.728481 -0.061402 0.585714 -0.012897 -1.000000 
-0.329327 0.369327 -0.716913 -0.042197 -1.729071 -0.086092 0.585610 -0.012978 -1.000000 
-0.326307 0.385637 -0.717117 -0.008790 -1.729858 -0.110653 0.585506 -0.013076 -1.000000 
-0.323157 0.401839 -0.717054 0.024696 -1.730841 -0.135048 0.585401 -0.013192 -1.000000 
-0.319878 0.417933 -0.716722 0.058267 -1.732018 -0.159242 0.585295 -0.013325 -1.000000 
-0.316471 0.433921 -0.716121 0.091925 -1.733388 -0.183198 0.585188 -0.013477 -1.000000 
-0.312936 0.449804 -0.715251 0.125675 -1.734949 -0.206878 0.585079 -0.013648 -1.000000 
-0.309274 0.465581 -0.714110 0.159519 -1.736697 -0.230248 0.584969 -0.013839 -1.000000 
-0.305487 0.481253 -0.712698 0.193461 -1.738632 -0.253271 0.584858 -0.014051 -1.000000 
-0.301574 0.496819 -0.711015 0.227501 -1.740749 -0.275912 0.584745 -0.014285 -1.000000 
-0.297538 0.512278 -0.709058 0.261643 -1.743045 -0.298135 0.584629 -0.014542 -1.000000 
-0.293378 0.527629 -0.706828 0.295885 -1.745518 -0.319906 0.584512 -0.014824 -1.000000 
-0.289096 0.542870 -0.704324 0.330230 -1.748162 -0.341190 0.584392 -0.015131 -1.000000 
-0.284693 0.557998 -0.701544 0.364675 -1.750975 -0.361952 0.584270 -0.015466 -1.000000 
-0.280168 0.573011 -0.698489 0.399220 -1.753952 -0.382160 0.584144 -0.015829 -1.000000 
-0.275525 0.587906 -0.695156 0.433861 -1.757088 -0.401781 0.584016 -0.016225 -1.000000 
-0.270762 0.602678 -0.691546 0.468596 -1.760379 -0.420780 0.583885 -0.016653 -1.000000 
-0.265882 0.617323 -0.687658 0.503421 -1.763819 -0.439128 0.583750 -0.017117 -1.000000 
-0.260885 0.631836 -0.683492 0.538329 -1.767403 -0.456792 0.583611 -0.017620 -1.000000 
-0.255773 0.646213 -0.679045 0.573315 -1.771126 -0.473742 0.583468 -0.018165 -1.000000 
-0.250546 0.660445 -0.674318 0.608371 -1.774981 -0.489948 0.583320 -0.018754 -1.000000 
-0.245206 0.674528 -0.669311 0.643489 -1.778963 -0.505381 0.583168 -0.019393 -1.000000 
-0.239754 0.688454 -0.664022 0.678658 -1.783065 -0.520014 0.583010 -0.020084 -1.000000 
-0.234192 0.702216 -0.658452 0.713868 -1.787281 -0.533818 0.582846 -0.020833 -1.000000 
-0.228519 0.715804 -0.652600 0.749107 -1.791604 -0.546768 0.582676 -0.021645 -1.000000 
-0.222739 0.729211 -0.646467 0.784361 -1.796027 -0.558838 0.582500 -0.022526 -1.000000 
-0.216853 0.742427 -0.640051 0.819616 -1.800543 -0.570005 0.582316 -0.023483 -1.000000 
-0.210861 0.755443 -0.633353 0.854856 -1.805144 -0.580246 0.582124 -0.024523 -1.000000 
-0.204766 0.768249 -0.626373 0.890064 -1.809824 -0.589539 0.581923 -0.025654 -1.000000 
-0.198570 0.780833 -0.619112 0.925222 -1.814575 -0.597865 0.581713 -0.026887 -1.000000 
-0.192273 0.793184 -0.611570 0.960310 -1.819387 -0.605203 0.581492 -0.028232 -1.000000 
-0.185879 0.805292 -0.603747 0.995307 -1.824255 -0.611537 0.581261 -0.029701 -1.000000 
-0.179389 0.817144 -0.595645 1.030193 -1.829169 -0.616850 0.581017 -0.031309 -1.000000 
-0.172806 0.828728 -0.587264 1.064943 -1.834122 -0.621129 0.580759 -0.033072 -1.000000 
-0.166130 0.840032 -0.578606 1.099534 -1.839105 -0.624361 0.580487 -0.035007 -1.000000 
-0.159366 0.851043 -0.569672 1.133941 -1.844109 -0.626535 0.580199 -0.037137 -1.000000 
-0.152515 0.861747 -0.560464 1.168136 -1.849126 -0.627641 0.579892 -0.039485 -1.000000 
-0.145579 0.872131 -0.550983 1.202093 -1.854148 -0.627672 0.579566 -0.042080 -1.000000 
-0.138561 0.882183 -0.541231 1.235784 -1.859166 -0.626622 0.579218 -0.044954 -1.000000 
-0.131465 0.891887 -0.531211 1.269180 -1.864171 -0.624489 0.578846 -0.048145 -1.000000 
-0.124292 0.901231 -0.520925 1.302249 -1.869155 -0.621270 0.578447 -0.051698 -1.000000 
-0.117046 0.910201 -0.510376 1.334963 -1.874109 -0.616966 0.578018 -0.055663 -1.000000 
-0.109730 0.918783 -0.499567 1.367288 -1.879024 -0.611579 0.577555 -0.060102 -1.000000 
-0.102347 0.926963 -0.488501 1.399194 -1.883891 -0.605115 0.577055 -0.065088 -1.000000 
-0.094900 0.934729 -0.477181 1.430647 -1.888703 -0.597579 0.576512 -0.070704 -1.000000 
-0.087392 0.942065 -0.465611 1.461615 -1.893450 -0.588981 0.575922 -0.077053 -1.000000 
-0.079828 0.948960 -0.453796 1.492064 -1.898124 -0.579333 0.575277 -0.084255 -1.000000 
-0.072210 0.955400 -0.441740 1.521961 -1.902716 -0.568648 0.574571 -0.092458 -1.000000 
-0.064543 0.961373 -0.429447 1.551271 -1.907219 -0.556942 0.573795 -0.101835 -1.000000 
-0.056829 0.966866 -0.416921 1.579961 -1.911625 -0.544234 0.572938 -0.112601 -1.000000 
-0.049074 0.971867 -0.404169 1.607998 -1.915924 -0.530543 0.571989 -0.125014 -1.000000 
-0.041281 0.976366 -0.391195 1.635347 -1.920111 -0.515893 0.570932 -0.139394 -1.000000 
-0.033454 0.980352 -0.378005 1.661975 -1.924176 -0.500310 0.569752 -0.156131 -1.000000 
-0.025597 0.983813 -0.364605 1.687849 -1.928113 -0.483821 0.568427 -0.175710 -1.000000 
-0.017714 0.986741 -0.351002 1.712938 -1.931915 -0.466457 0.566932 -0.198731 -1.000000 
-0.009810 0.989126 -0.337201 1.737208 -1.935574 -0.448251 0.565236 -0.225946 -1.000000 
-0.001889 0.990961 -0.323209 1.760630 -1.939085 -0.429237 0.563303 -0.258294 -1.000000 
0.006044 0.992239 -0.309033 1.783173 -1.942440 -0.409454 0.561086 -0.296957 -1.000000 
0.013985 0.992952 -0.294680 1.804809 -1.945634 -0.388942 0.558531 -0.343426 -1.000000 
0.021929 0.993095 -0.280158 1.825509 -1.948661 -0.367745 0.555566 -0.399574 -1.000000 
0.029873 0.992665 -0.265475 1.845247 -1.951516 -0.345909 0.552105 -0.467760 -1.000000 
0.037811 0.991657 -0.250637 1.863999 -1.954194 -0.323482 0.548042 -0.550923 -1.000000 
0.045738 0.990069 -0.235654 1.881740 -1.956691 -0.300516 0.543241 -0.652690 -1.000000 
0.053650 0.987900 -0.220532 1.898451 -1.959001 -0.277068 0.537538 -0.777424 -1.000000 
0.061543 0.985151 -0.205281 1.914110 -1.961123 -0.253195 0.530728 -0.930178 -1.000000 
0.069411 0.981824 -0.189909 1.928702 -1.963051 -0.228960 0.522565 -1.116393 -1.000000 
0.077250 0.977922 -0.174425 1.942211 -1.964785 -0.204431 0.512762 -1.341155 -1.000000 
0.085056 0.973450 -0.158837 1.954627 -1.966322 -0.179677 0.500995 -1.607686 -1.000000 
0.092824 0.968416 -0.143154 1.965940 -1.967660 -0.154776 0.486930 -1.914804 -1.000000 
0.100549 0.962831 -0.127385 1.976144 -1.968798 -0.129808 0.470274 -2.253316 -1.000000 
0.108228 0.956705 -0.111538 1.985239 -1.969737 -0.104859 0.450848 -2.602211 -1.000000 
0.115855 0.950056 -0.095624 1.993227 -1.970476 -0.080019 0.428702 -2.926912 -1.000000 
0.123427 0.942902 -0.079650 2.000114 -1.971017 -0.055377 0.404201 -3.182994 -1.000000 
0.130940 0.935262 -0.063625 2.005912 -1.971363 -0.031018 0.378073 -3.327310 -1.000000 
0.138390 0.927160 -0.047558 2.010638 -1.971515 -0.007016 0.351335 -3.333345 -1.000000 
0.145774 0.918617 -0.031457 2.014312 -1.971476 0.016576 0.325108 -3.202132 -1.000000 
0.153087 0.909651 -0.015332 2.016957 -1.971251 0.039729 0.300395 -2.961235 -1.000000 
0.160327 0.900281 0.000811 2.018597 -1.970842 0.062434 0.277909 -2.652819 -1.000000 
0.167491 0.890520 0.016963 2.019253 -1.970253 0.084697 0.258017 -2.319055 -1.000000 
0.174574 0.880381 0.033117 2.018948 -1.969488 0.106532 0.240783 -1.992441 -1.000000 
0.181576 0.869873 0.049264 2.017700 -1.968549 0.127954 0.226064 -1.692956 -1.000000 
0.188491 0.859007 0.065397 2.015525 -1.967441 0.148972 0.213599 -1.429836 -1.000000 
0.195319 0.847790 0.081510 2.012439 -1.966167 0.169594 0.203084 -1.204979 -1.000000 
0.202055 0.836231 0.097594 2.008455 -1.964729 0.189822 0.194223 -1.016108 -1.000000 
0.208698 0.824340 0.113643 2.003587 -1.963131 0.209652 0.186742 -0.859041 -1.000000 
0.215244 0.812126 0.129649 1.997846 -1.961376 0.229076 0.180406 -0.729068 -1.000000 
0.221691 0.799596 0.145606 1.991246 -1.959467 0.248084 0.175017 -0.621671 -1.000000 
0.228036 0.786762 0.161507 1.983798 -1.957407 0.266662 0.170410 -0.532845 -1.000000 
0.234278 0.773632 0.177345 1.975515 -1.955201 0.284796 0.166451 -0.459191 -1.000000 
0.240414 0.760216 0.193113 1.966409 -1.952852 0.302469 0.163030 -0.397898 -1.000000 
0.246441 0.746525 0.208805 1.956492 -1.950363 0.319664 0.160057 -0.346673 -1.000000 
0.252358 0.732569 0.224415 1.945779 -1.947739 0.336365 0.157461 -0.303661 -1.000000 
0.258161 0.718357 0.239935 1.934283 -1.944983 0.352553 0.155181 -0.267370 -1.000000 
0.263851 0.703902 0.255361 1.922018 -1.942099 0.368210 0.153168 -0.236597 -1.000000 
0.269423 0.689212 0.270686 1.908999 -1.939093 0.383319 0.151383 -0.210374 -1.000000 
0.274877 0.674300 0.285903 1.895239 -1.935968 0.397864 0.149792 -0.187920 -1.000000 
0.280211 0.659176 0.301008 1.880755 -1.932728 0.411828 0.148368 -0.168602 -1.000000 
0.285424 0.643851 0.315993 1.865563 -1.929380 0.425195 0.147088 -0.151905 -1.000000 
0.290513 0.628335 0.330855 1.849677 -1.925927 0.437949 0.145932 -0.137411 -1.000000 
0.295477 0.612640 0.345586 1.833116 -1.922374 0.450077 0.144884 -0.124774 -1.000000 
0.300314 0.596776 0.360183 1.815894 -1.918727 0.461565 0.143931 -0.113712 -1.000000 
0.305025 0.580754 0.374639 1.798030 -1.914991 0.472400 0.143061 -0.103992 -1.000000 
0.309606 0.564586 0.388950 1.779541 -1.911171 0.482569 0.142264 -0.095417 -1.000000 
0.314058 0.548281 0.403110 1.760443 -1.907272 0.492063 0.141532 -0.087828 -1.000000 
0.318378 0.531850 0.417115 1.740754 -1.903300 0.500871 0.140857 -0.081086 -1.000000 
0.322567 0.515305 0.430960 1.720493 -1.899260 0.508984 0.140233 -0.075079 -1.000000 
0.326623 0.498654 0.444642 1.699677 -1.895158 0.516394 0.139654 -0.069710 -1.000000 
0.330545 0.481908 0.458154 1.678323 -1.890999 0.523094 0.139116 -0.064897 -1.000000 
0.334333 0.465078 0.471493 1.656450 -1.886790 0.529078 0.138614 -0.060570 -1.000000 
0.337986 0.448172 0.484656 1.634075 -1.882536 0.534340 0.138146 -0.056670 -1.000000 
0.341504 0.431202 0.497637 1.611217 -1.878243 0.538878 0.137707 -0.053147 -1.000000 
0.344885 0.414175 0.510434 1.587893 -1.873916 0.542687 0.137294 -0.049955 -1.000000 
0.348130 0.397102 0.523042 1.564121 -1.869562 0.545765 0.136907 -0.047057 -1.000000 
0.351239 0.379990 0.535459 1.539917 -1.865186 0.548112 0.136541 -0.044420 -1.000000 
0.354210 0.362850 0.547680 1.515301 -1.860794 0.549728 0.136195 -0.042017 -1.000000 
0.357044 0.345689 0.559702 1.490288 -1.856392 0.550613 0.135868 -0.039821 -1.000000 
0.359741 0.328516 0.571523 1.464895 -1.851986 0.550769 0.135558 -0.037812 -1.000000 
0.362300 0.311338 0.583140 1.439140 -1.847582 0.550200 0.135263 -0.035969 -1.000000 
0.364722 0.294164 0.594549 1.413037 -1.843185 0.548907 0.134982 -0.034278 -1.000000 
0.367007 0.277000 0.605748 1.386605 -1.838801 0.546898 0.134714 -0.032722 -1.000000 
0.369155 0.259853 0.616734 1.359857 -1.834436 0.544175 0.134458 -0.031289 -1.000000 
0.371165 0.242731 0.627504 1.332809 -1.830096 0.540748 0.134213 -0.029967 -1.000000 
0.373038 0.225640 0.638058 1.305477 -1.825786 0.536621 0.133978 -0.028747 -1.000000 
0.374775 0.208586 0.648391 1.277875 -1.821512 0.531804 0.133753 -0.027618 -1.000000 
0.376376 0.191575 0.658503 1.250016 -1.817279 0.526306 0.133536 -0.026573 -1.000000 
0.377841 0.174613 0.668391 1.221914 -1.813093 0.520136 0.133327 -0.025606 -1.000000 
0.379170 0.157704 0.678053 1.193583 -1.808959 0.513304 0.133126 -0.024708 -1.000000 
0.380364 0.140855 0.687488 1.165035 -1.804882 0.505822 0.132932 -0.023875 -1.000000 
0.381424 0.124069 0.696693 1.136283 -1.800867 0.497701 0.132744 -0.023102 -1.000000 
0.382349 0.107351 0.705668 1.107337 -1.796920 0.488954 0.132562 -0.022383 -1.000000 
0.383141 0.090706 0.714410 1.078211 -1.793046 0.479595 0.132386 -0.021714 -1.000000 
0.383801 0.074136 0.722919 1.048913 -1.789248 0.469637 0.132214 -0.021093 -1.000000 
0.384328 0.057646 0.731192 1.019455 -1.785533 0.459095 0.132048 -0.020514 -1.000000 
0.384723 0.041240 0.739230 0.989846 -1.781904 0.447984 0.131886 -0.019976 -1.000000 
0.384988 0.024919 0.747029 0.960095 -1.778367 0.436319 0.131728 -0.019476 -1.000000 
0.385122 0.008688 0.754591 0.930211 -1.774925 0.424117 0.131574 -0.019010 -1.000000 
0.385127 -0.007452 0.761912 0.900203 -1.771582 0.411394 0.131424 -0.018577 -1.000000 
0.385003 -0.023499 0.768994 0.870078 -1.768344 0.398167 0.131277 -0.018174 -1.000000 
0.384751 -0.039449 0.775833 0.839843 -1.765213 0.384455 0.131133 -0.017801 -1.000000 
0.384372 -0.055302 0.782431 0.809505 -1.762194 0.370276 0.130992 -0.017454 -1.000000 
0.383867 -0.071055 0.788785 0.779071 -1.759290 0.355647 0.130854 -0.017132 -1.000000 
0.383236 -0.086707 0.794896 0.748546 -1.756504 0.340588 0.130718 -0.016835 -1.000000 
0.382480 -0.102256 0.800762 0.717935 -1.753841 0.325118 0.130584 -0.016560 -1.000000 
0.381600 -0.117703 0.806382 0.687244 -1.751303 0.309257 0.130453 -0.016307 -1.000000 
0.380597 -0.133045 0.811757 0.656477 -1.748894 0.293025 0.130323 -0.016075 -1.000000 
0.379471 -0.148281 0.816886 0.625638 -1.746616 0.276441 0.130196 -0.015862 -1.000000 
0.378225 -0.163412 0.821767 0.594731 -1.744472 0.259528 0.130070 -0.015668 -1.000000 
0.376857 -0.178437 0.826401 0.563759 -1.742464 0.242305 0.129945 -0.015491 -1.000000 
0.375370 -0.193355 0.830787 0.532725 -1.740596 0.224793 0.129822 -0.015332 -1.000000 
0.373764 -0.208165 0.834925 0.501632 -1.738868 0.207015 0.129700 -0.015190 -1.000000 
0.372040 -0.222869 0.838813 0.470482 -1.737284 0.188990 0.129579 -0.015064 -1.000000 
0.370198 -0.237465 0.842452 0.439277 -1.735845 0.170742 0.129459 -0.014954 -1.000000 
0.368240 -0.251953 0.845842 0.408018 -1.734553 0.152293 0.129339 -0.014858 -1.000000 
0.366167 -0.266333 0.848981 0.376708 -1.733409 0.133663 0.129221 -0.014778 -1.000000 
0.363979 -0.280606 0.851869 0.345347 -1.732415 0.114876 0.129103 -0.014712 -1.000000 
0.361678 -0.294771 0.854506 0.313937 -1.731571 0.095953 0.128985 -0.014661 -1.000000 
0.359263 -0.308829 0.856892 0.282478 -1.730880 0.076917 0.128868 -0.014623 -1.000000 
0.356737 -0.322778 0.859026 0.250972 -1.730341 0.057791 0.128751 -0.014600 -1.000000 
0.354099 -0.336621 0.860907 0.219418 -1.729955 0.038597 0.128635 -0.014591 -1.000000 
0.351351 -0.350355 0.862536 0.187817 -1.729723 0.019357 0.128518 -0.014595 -1.000000 
0.348494 -0.363982 0.863912 0.156169 -1.729646 0.000094 0.128401 -0.014613 -1.000000 
0.345528 -0.377502 0.865035 0.124475 -1.729722 -0.019168 0.128284 -0.014645 -1.000000 
0.342454 -0.390913 0.865904 0.092736 -1.729952 -0.038408 0.128167 -0.014691 -1.000000 
0.339273 -0.404216 0.866518 0.060951 -1.730336 -0.057603 0.128049 -0.014751 -1.000000 
0.335987 -0.417411 0.866879 0.029121 -1.730874 -0.076731 0.127931 -0.014826 -1.000000 
0.332595 -0.430496 0.866984 -0.002754 -1.731564 -0.095768 0.127812 -0.014914 -1.000000 
0.329099 -0.443473 0.866835 -0.034674 -1.732406 -0.114693 0.127692 -0.015018 -1.000000 
0.325500 -0.456339 0.866429 -0.066637 -1.733399 -0.133482 0.127571 -0.015137 -1.000000 
0.321798 -0.469095 0.865768 -0.098643 -1.734541 -0.152115 0.127450 -0.015272 -1.000000 
0.317995 -0.481739 0.864851 -0.130691 -1.735832 -0.170568 0.127327 -0.015422 -1.000000 
0.314091 -0.494270 0.863677 -0.162780 -1.737270 -0.188820 0.127203 -0.015589 -1.000000 
0.310087 -0.506688 0.862246 -0.194910 -1.738852 -0.206849 0.127077 -0.015773 -1.000000 
0.305984 -0.518990 0.860558 -0.227077 -1.740579 -0.224633 0.126951 -0.015975 -1.000000 
0.301783 -0.531176 0.858613 -0.259281 -1.742446 -0.242151 0.126822 -0.016195 -1.000000 
0.297485 -0.543243 0.856410 -0.291519 -1.744452 -0.259381 0.126691 -0.016435 -1.000000 
0.293092 -0.555191 0.853949 -0.323790 -1.746595 -0.276304 0.126559 -0.016695 -1.000000 
0.288603 -0.567016 0.851229 -0.356090 -1.748872 -0.292897 0.126424 -0.016976 -1.000000 
0.284020 -0.578717 0.848251 -0.388416 -1.751281 -0.309140 0.126287 -0.017280 -1.000000 
0.279343 -0.590291 0.845014 -0.420766 -1.753817 -0.325014 0.126148 -0.017606 -1.000000 
0.274575 -0.601736 0.841519 -0.453134 -1.756480 -0.340498 0.126005 -0.017958 -1.000000 
0.269716 -0.613049 0.837764 -0.485518 -1.759264 -0.355573 0.125860 -0.018336 -1.000000 
0.264767 -0.624227 0.833750 -0.517912 -1.762168 -0.370220 0.125712 -0.018741 -1.000000 
0.259729 -0.635267 0.829478 -0.550311 -1.765187 -0.384419 0.125560 -0.019177 -1.000000 
0.254603 -0.646166 0.824945 -0.582710 -1.768317 -0.398154 0.125405 -0.019643 -1.000000 
0.249391 -0.656919 0.820154 -0.615103 -1.771556 -0.411405 0.125246 -0.020143 -1.000000 
0.244093 -0.667524 0.815104 -0.647483 -1.774898 -0.424155 0.125083 -0.020679 -1.000000 
0.238711 -0.677976 0.809795 -0.679843 -1.778341 -0.436388 0.124915 -0.021253 -1.000000 
0.233245 -0.688271 0.804226 -0.712176 -1.781879 -0.448086 0.124742 -0.021868 -1.000000 
0.227699 -0.698405 0.798400 -0.744474 -1.785509 -0.459234 0.124565 -0.022528 -1.000000 
0.222071 -0.708373 0.792315 -0.776727 -1.789225 -0.469817 0.124382 -0.023234 -1.000000 
0.216365 -0.718171 0.785972 -0.808928 -1.793024 -0.479819 0.124193 -0.023992 -1.000000 
0.210581 -0.727794 0.779372 -0.841067 -1.796901 -0.489226 0.123998 -0.024806 -1.000000 
0.204721 -0.737236 0.772515 -0.873133 -1.800850 -0.498025 0.123796 -0.025679 -1.000000 
0.198786 -0.746493 0.765402 -0.905115 -1.804868 -0.506203 0.123587 -0.026616 -1.000000 
0.192778 -0.755559 0.758034 -0.937003 -1.808948 -0.513747 0.123370 -0.027624 -1.000000 
0.186697 -0.764429 0.750411 -0.968785 -1.813086 -0.520646 0.123145 -0.028709 -1.000000 
0.180547 -0.773097 0.742534 -1.000448 -1.817276 -0.526889 0.122910 -0.029876 -1.000000 
0.174328 -0.781557 0.734404 -1.031980 -1.821514 -0.532466 0.122666 -0.031135 -1.000000 
0.168043 -0.789804 0.726022 -1.063367 -1.825794 -0.537368 0.122412 -0.032493 -1.000000 
0.161692 -0.797831 0.717390 -1.094596 -1.830110 -0.541585 0.122146 -0.033960 -1.000000 
0.155278 -0.805632 0.708509 -1.125652 -1.834458 -0.545111 0.121868 -0.035546 -1.000000 
0.148803 -0.813202 0.699380 -1.156521 -1.838830 -0.547938 0.121577 -0.037263 -1.000000 
0.142268 -0.820534 0.690005 -1.187187 -1.843223 -0.550061 0.121272 -0.039126 -1.000000 
0.135675 -0.827621 0.680386 -1.217634 -1.847629 -0.551474 0.120951 -0.041148 -1.000000 
0.129026 -0.834458 0.670524 -1.247847 -1.852044 -0.552174 0.120613 -0.043347 -1.000000 
0.122324 -0.841037 0.660421 -1.277808 -1.856462 -0.552156 0.120257 -0.045742 -1.000000 
0.115570 -0.847354 0.650080 -1.307502 -1.860877 -0.551418 0.119880 -0.048354 -1.000000 
0.108767 -0.853400 0.639502 -1.336910 -1.865283 -0.549961 0.119482 -0.051209 -1.000000 
0.101917 -0.859171 0.628690 -1.366015 -1.869674 -0.547782 0.119060 -0.054335 -1.000000 
0.095021 -0.864659 0.617646 -1.394800 -1.874046 -0.544882 0.118612 -0.057764 -1.000000 
0.088083 -0.869859 0.606374 -1.423246 -1.878391 -0.541264 0.118135 -0.061533 -1.000000 
0.081104 -0.874763 0.594875 -1.451334 -1.882704 -0.536930 0.117627 -0.065684 -1.000000 
0.074088 -0.879367 0.583154 -1.479046 -1.886980 -0.531884 0.117083 -0.070266 -1.000000 
0.067035 -0.883665 0.571212 -1.506363 -1.891212 -0.526131 0.116501 -0.075336 -1.000000 
0.059950 -0.887649 0.559053 -1.533267 -1.895396 -0.519676 0.115876 -0.080957 -1.000000 
0.052834 -0.891315 0.546681 -1.559738 -1.899525 -0.512527 0.115204 -0.087206 -1.000000 
0.045690 -0.894657 0.534098 -1.585757 -1.903595 -0.504691 0.114479 -0.094171 -1.000000 
0.038520 -0.897669 0.521310 -1.611304 -1.907598 -0.496179 0.113695 -0.101955 -1.000000 
0.031328 -0.900347 0.508319 -1.636362 -1.911532 -0.486999 0.112845 -0.110678 -1.000000 
0.024115 -0.902686 0.495129 -1.660910 -1.915389 -0.477164 0.111921 -0.120481 -1.000000 
0.016886 -0.904680 0.481746 -1.684930 -1.919165 -0.466686 0.110914 -0.131531 -1.000000 
0.009641 -0.906325 0.468172 -1.708403 -1.922854 -0.455579 0.109813 -0.144026 -1.000000 
0.002385 -0.907618 0.454413 -1.731310 -1.926452 -0.443857 0.108605 -0.158198 -1.000000 
-0.004879 -0.908553 0.440473 -1.753634 -1.929954 -0.431537 0.107277 -0.174325 -1.000000 
-0.012150 -0.909128 0.426356 -1.775355 -1.933355 -0.418635 0.105810 -0.192739 -1.000000 
-0.019425 -0.909339 0.412069 -1.796456 -1.936651 -0.405169 0.104186 -0.213834 -1.000000 
-0.026699 -0.909183 0.397615 -1.816920 -1.939836 -0.391159 0.102380 -0.238083 -1.000000 
-0.033971 -0.908657 0.383000 -1.836729 -1.942908 -0.376625 0.100366 -0.266051 -1.000000 
-0.041236 -0.907760 0.368229 -1.855868 -1.945861 -0.361588 0.098112 -0.298417 -1.000000 
-0.048494 -0.906489 0.353308 -1.874320 -1.948692 -0.346072 0.095578 -0.335991 -1.000000 
0.000000 0.000000 0.000000 0.000000 0.000000 0.000000 0.000000 0.000000 0.000000 
