0.385059 0.346896 -0.025356 -0.594720 -1.523009 0.466259 1.228661 -0.022559 1.000000 
0.387648 0.300542 -0.030110 -0.593791 -1.519452 0.422758 1.228483 -0.021893 1.000000 
0.389870 0.255221 -0.034855 -0.592335 -1.516248 0.377873 1.228310 -0.021321 1.000000 
0.391734 0.210849 -0.039587 -0.590380 -1.513409 0.331773 1.228142 -0.020838 1.000000 
0.393246 0.167330 -0.044300 -0.587949 -1.510943 0.284620 1.227977 -0.020437 1.000000 
0.394413 0.124564 -0.048992 -0.585058 -1.508858 0.236577 1.227815 -0.020113 1.000000 
0.395241 0.082438 -0.053660 -0.581721 -1.507160 0.187801 1.227655 -0.019864 1.000000 
0.395734 0.040839 -0.058299 -0.577943 -1.505854 0.138449 1.227497 -0.019687 1.000000 
0.395895 -0.000355 -0.062906 -0.573726 -1.504946 0.088674 1.227340 -0.019580 1.000000 
0.395729 -0.041267 -0.067477 -0.569066 -1.504436 0.038631 1.227183 -0.019541 1.000000 
0.395236 -0.082020 -0.072010 -0.563954 -1.504328 -0.011531 1.227027 -0.019570 1.000000 
0.394417 -0.122740 -0.076499 -0.558375 -1.504621 -0.061659 1.226870 -0.019669 1.000000 
0.393271 -0.163550 -0.080942 -0.552310 -1.505314 -0.111604 1.226712 -0.019837 1.000000 
0.391799 -0.204572 -0.085335 -0.545735 -1.506405 -0.161214 1.226552 -0.020077 1.000000 
0.389997 -0.245922 -0.089673 -0.538622 -1.507892 -0.210336 1.226390 -0.020392 1.000000 
0.387863 -0.287713 -0.093951 -0.530939 -1.509769 -0.258818 1.226226 -0.020785 1.000000 
0.385393 -0.330052 -0.098166 -0.522648 -1.512031 -0.306504 1.226058 -0.021261 1.000000 
0.382581 -0.373034 -0.102312 -0.513710 -1.514671 -0.353238 1.225885 -0.021825 1.000000 
0.379422 -0.416751 -0.106384 -0.504083 -1.517680 -0.398860 1.225708 -0.022484 1.000000 
0.375911 -0.461279 -0.110375 -0.493721 -1.521049 -0.443209 1.225525 -0.023246 1.000000 
0.372039 -0.506687 -0.114281 -0.482578 -1.524767 -0.486121 1.225336 -0.024120 1.000000 
0.367801 -0.553029 -0.118094 -0.470605 -1.528823 -0.527430 1.225139 -0.025119 1.000000 
0.363188 -0.600345 -0.121808 -0.457754 -1.533201 -0.566968 1.224934 -0.026255 1.000000 
0.358193 -0.648660 -0.125416 -0.443976 -1.537889 -0.604565 1.224719 -0.027544 1.000000 
0.352807 -0.697985 -0.128909 -0.429223 -1.542869 -0.640051 1.224493 -0.029005 1.000000 
0.347022 -0.748310 -0.132281 -0.413448 -1.548124 -0.673254 1.224254 -0.030661 1.000000 
0.340831 -0.799611 -0.135522 -0.396608 -1.553634 -0.704005 1.224001 -0.032538 1.000000 
0.334226 -0.851844 -0.138624 -0.378661 -1.559381 -0.732135 1.223733 -0.034667 1.000000 
0.327200 -0.904944 -0.141577 -0.359571 -1.565341 -0.757477 1.223446 -0.037087 1.000000 
0.319745 -0.958829 -0.144374 -0.339305 -1.571492 -0.779869 1.223138 -0.039840 1.000000 
0.311856 -1.013395 -0.147003 -0.317836 -1.577811 -0.799156 1.222807 -0.042983 1.000000 
0.303529 -1.068520 -0.149456 -0.295145 -1.584270 -0.815188 1.222450 -0.046579 1.000000 
0.294759 -1.124060 -0.151722 -0.271219 -1.590845 -0.827825 1.222061 -0.050708 1.000000 
0.285544 -1.179852 -0.153792 -0.246054 -1.597506 -0.836940 1.221637 -0.055466 1.000000 
0.275881 -1.235716 -0.155656 -0.219653 -1.604226 -0.842416 1.221171 -0.060969 1.000000 
0.265772 -1.291452 -0.157303 -0.192030 -1.610975 -0.844153 1.220659 -0.067362 1.000000 
0.255219 -1.346844 -0.158725 -0.163210 -1.617722 -0.842067 1.220091 -0.074823 1.000000 
0.244224 -1.401661 -0.159911 -0.133227 -1.624437 -0.836094 1.219458 -0.083572 1.000000 
0.232795 -1.455658 -0.160853 -0.102126 -1.631089 -0.826193 1.218749 -0.093884 1.000000 
0.220937 -1.508580 -0.161542 -0.069964 -1.637646 -0.812343 1.217951 -0.106103 1.000000 
0.208661 -1.560161 -0.161970 -0.036809 -1.644076 -0.794550 1.217046 -0.120659 1.000000 
0.195978 -1.610132 -0.162129 -0.002741 -1.650348 -0.772849 1.216013 -0.138096 1.000000 
0.182904 -1.658219 -0.162012 0.032149 -1.656432 -0.747300 1.214827 -0.159097 1.000000 
0.169453 -1.704146 -0.161613 0.067762 -1.662295 -0.717997 1.213455 -0.184522 1.000000 
0.155644 -1.747645 -0.160926 0.103984 -1.667910 -0.685061 1.211860 -0.215445 1.000000 
0.141498 -1.788451 -0.159948 0.140696 -1.673247 -0.648650 1.209990 -0.253200 1.000000 
0.127037 -1.826312 -0.158674 0.177766 -1.678279 -0.608949 1.207786 -0.299403 1.000000 
0.112285 -1.860990 -0.157103 0.215059 -1.682982 -0.566182 1.205172 -0.355958 1.000000 
0.097270 -1.892267 -0.155233 0.252431 -1.687331 -0.520603 1.202057 -0.424978 1.000000 
0.082018 -1.919947 -0.153064 0.289732 -1.691305 -0.472498 1.198333 -0.508560 1.000000 
0.066561 -1.943859 -0.150598 0.326811 -1.694885 -0.422185 1.193877 -0.608318 1.000000 
0.050927 -1.963867 -0.147836 0.363514 -1.698055 -0.370015 1.188556 -0.724531 1.000000 
0.035149 -1.979868 -0.144783 0.399684 -1.700801 -0.316365 1.182247 -0.854862 1.000000 
0.019260 -1.991798 -0.141443 0.435169 -1.703114 -0.261637 1.174858 -0.992824 1.000000 
0.003292 -1.999636 -0.137822 0.469818 -1.704986 -0.206253 1.166372 -1.126687 1.000000 
-0.012723 -2.003404 -0.133929 0.503487 -1.706413 -0.150643 1.156885 -1.240042 1.000000 
-0.028752 -2.003172 -0.129770 0.536045 -1.707396 -0.095229 1.146634 -1.315156 1.000000 
-0.044764 -1.999048 -0.125355 0.567379 -1.707938 -0.040401 1.135981 -1.338675 1.000000 
-0.060727 -1.991174 -0.120695 0.597400 -1.708045 0.013507 1.125363 -1.306905 1.000000 
-0.076613 -1.979709 -0.115800 0.626046 -1.707726 0.066233 1.115199 -1.227207 1.000000 
-0.092393 -1.964821 -0.110682 0.653280 -1.706989 0.117586 1.105816 -1.114600 1.000000 
-0.108041 -1.946675 -0.105352 0.679084 -1.705848 0.167434 1.097408 -0.986061 1.000000 
-0.123532 -1.925431 -0.099821 0.703450 -1.704315 0.215682 1.090043 -0.855889 1.000000 
-0.138840 -1.901240 -0.094100 0.726379 -1.702402 0.262251 1.083692 -0.733686 1.000000 
-0.153944 -1.874248 -0.088202 0.747872 -1.700123 0.307069 1.078269 -0.624517 1.000000 
-0.168821 -1.844601 -0.082138 0.767933 -1.697493 0.350061 1.073660 -0.530099 1.000000 
-0.183451 -1.812440 -0.075919 0.786564 -1.694527 0.391149 1.069749 -0.450092 1.000000 
-0.197814 -1.777911 -0.069557 0.803770 -1.691240 0.430250 1.066424 -0.383123 1.000000 
-0.211892 -1.741161 -0.063063 0.819557 -1.687649 0.467279 1.063589 -0.327429 1.000000 
-0.225667 -1.702337 -0.056448 0.833934 -1.683770 0.502153 1.061160 -0.281229 1.000000 
-0.239124 -1.661591 -0.049723 0.846911 -1.679620 0.534791 1.059068 -0.242894 1.000000 
-0.252248 -1.619076 -0.042901 0.858503 -1.675219 0.565117 1.057256 -0.211020 1.000000 
-0.265025 -1.574946 -0.035991 0.868729 -1.670585 0.593062 1.055678 -0.184431 1.000000 
-0.277443 -1.529355 -0.029005 0.877610 -1.665737 0.618564 1.054294 -0.162160 1.000000 
-0.289491 -1.482457 -0.021953 0.885170 -1.660694 0.641570 1.053074 -0.143420 1.000000 
-0.301159 -1.434405 -0.014846 0.891441 -1.655478 0.662037 1.051991 -0.127575 1.000000 
-0.312439 -1.385350 -0.007693 0.896452 -1.650109 0.679931 1.051026 -0.114114 1.000000 
-0.323323 -1.335438 -0.000506 0.900241 -1.644606 0.695228 1.050160 -0.102620 1.000000 
-0.333804 -1.284814 0.006708 0.902845 -1.638992 0.707914 1.049380 -0.092761 1.000000 
-0.343878 -1.233616 0.013937 0.904306 -1.633287 0.717985 1.048673 -0.084263 1.000000 
-0.353541 -1.181978 0.021174 0.904665 -1.627511 0.725448 1.048029 -0.076906 1.000000 
-0.362789 -1.130028 0.028409 0.903967 -1.621686 0.730317 1.047439 -0.070510 1.000000 
-0.371621 -1.077886 0.035634 0.902260 -1.615833 0.732616 1.046898 -0.064927 1.000000 
-0.380035 -1.025667 0.042842 0.899588 -1.609971 0.732380 1.046399 -0.060035 1.000000 
-0.388031 -0.973477 0.050025 0.896000 -1.604122 0.729648 1.045936 -0.055733 1.000000 
-0.395611 -0.921414 0.057176 0.891543 -1.598304 0.724469 1.045506 -0.051937 1.000000 
-0.402775 -0.869569 0.064288 0.886265 -1.592536 0.716899 1.045104 -0.048578 1.000000 
-0.409525 -0.818023 0.071354 0.880212 -1.586839 0.706999 1.044727 -0.045598 1.000000 
-0.415864 -0.766849 0.078369 0.873430 -1.581231 0.694838 1.044373 -0.042947 1.000000 
-0.421795 -0.716113 0.085327 0.865962 -1.575728 0.680488 1.044040 -0.040583 1.000000 
-0.427323 -0.665870 0.092223 0.857853 -1.570348 0.664028 1.043723 -0.038473 1.000000 
-0.432451 -0.616169 0.099051 0.849142 -1.565109 0.645539 1.043423 -0.036584 1.000000 
-0.437183 -0.567048 0.105808 0.839869 -1.560025 0.625107 1.043138 -0.034893 1.000000 
-0.441525 -0.518538 0.112488 0.830070 -1.555112 0.602821 1.042865 -0.033378 1.000000 
-0.445482 -0.470664 0.119087 0.819778 -1.550384 0.578771 1.042603 -0.032020 1.000000 
-0.449058 -0.423440 0.125603 0.809026 -1.545856 0.553052 1.042352 -0.030802 1.000000 
-0.452258 -0.376875 0.132031 0.797840 -1.541540 0.525758 1.042110 -0.029711 1.000000 
-0.455089 -0.330971 0.138367 0.786246 -1.537448 0.496987 1.041876 -0.028736 1.000000 
-0.457556 -0.285722 0.144610 0.774267 -1.533592 0.466837 1.041650 -0.027866 1.000000 
-0.459663 -0.241117 0.150755 0.761921 -1.529982 0.435406 1.041430 -0.027091 1.000000 
-0.461415 -0.197139 0.156799 0.749223 -1.526628 0.402795 1.041216 -0.026406 1.000000 
-0.462818 -0.153765 0.162741 0.736187 -1.523540 0.369101 1.041007 -0.025802 1.000000 
-0.463877 -0.110970 0.168578 0.722820 -1.520725 0.334427 1.040803 -0.025275 1.000000 
-0.464595 -0.068722 0.174306 0.709131 -1.518192 0.298871 1.040603 -0.024819 1.000000 
-0.464978 -0.026987 0.179923 0.695120 -1.515946 0.262534 1.040406 -0.024431 1.000000 
-0.465028 0.014274 0.185427 0.680788 -1.513993 0.225516 1.040212 -0.024108 1.000000 
-0.464751 0.055102 0.190815 0.666132 -1.512339 0.187916 1.040020 -0.023846 1.000000 
-0.464148 0.095538 0.196084 0.651146 -1.510988 0.149834 1.039830 -0.023643 1.000000 
-0.463223 0.135629 0.201232 0.635820 -1.509942 0.111369 1.039642 -0.023498 1.000000 
-0.461979 0.175418 0.206256 0.620143 -1.509206 0.072620 1.039454 -0.023409 1.000000 
-0.460417 0.214952 0.211153 0.604102 -1.508781 0.033686 1.039267 -0.023377 1.000000 
-0.458540 0.254278 0.215921 0.587679 -1.508668 -0.005334 1.039080 -0.023399 1.000000 
-0.456349 0.293442 0.220555 0.570857 -1.508866 -0.044342 1.038892 -0.023477 1.000000 
-0.453845 0.332487 0.225053 0.553615 -1.509377 -0.083240 1.038704 -0.023612 1.000000 
-0.451029 0.371459 0.229412 0.535933 -1.510198 -0.121928 1.038514 -0.023803 1.000000 
-0.447902 0.410397 0.233627 0.517785 -1.511327 -0.160309 1.038323 -0.024054 1.000000 
-0.444463 0.449342 0.237695 0.499149 -1.512762 -0.198284 1.038129 -0.024365 1.000000 
-0.440712 0.488330 0.241612 0.479999 -1.514498 -0.235755 1.037933 -0.024739 1.000000 
-0.436650 0.527393 0.245374 0.460309 -1.516532 -0.272623 1.037733 -0.025180 1.000000 
-0.432274 0.566562 0.248975 0.440052 -1.518858 -0.308791 1.037530 -0.025690 1.000000 
-0.427584 0.605861 0.252413 0.419204 -1.521471 -0.344159 1.037322 -0.026275 1.000000 
-0.422580 0.645311 0.255681 0.397738 -1.524362 -0.378629 1.037109 -0.026939 1.000000 
-0.417259 0.684927 0.258775 0.375629 -1.527526 -0.412104 1.036891 -0.027688 1.000000 
-0.411620 0.724721 0.261689 0.352852 -1.530953 -0.444487 1.036666 -0.028529 1.000000 
-0.405663 0.764695 0.264419 0.329385 -1.534635 -0.475678 1.036434 -0.029470 1.000000 
-0.399385 0.804851 0.266958 0.305206 -1.538560 -0.505584 1.036194 -0.030520 1.000000 
-0.392785 0.845179 0.269300 0.280296 -1.542720 -0.534107 1.035946 -0.031689 1.000000 
-0.385861 0.885667 0.271440 0.254638 -1.547102 -0.561154 1.035687 -0.032989 1.000000 
-0.378614 0.926293 0.273372 0.228217 -1.551694 -0.586632 1.035417 -0.034434 1.000000 
-0.371040 0.967031 0.275090 0.201022 -1.556484 -0.610450 1.035136 -0.036040 1.000000 
-0.363141 1.007847 0.276586 0.173045 -1.561457 -0.632519 1.034840 -0.037825 1.000000 
-0.354915 1.048698 0.277856 0.144280 -1.566599 -0.652754 1.034530 -0.039810 1.000000 
-0.346362 1.089538 0.278893 0.114729 -1.571896 -0.671072 1.034203 -0.042020 1.000000 
-0.337482 1.130310 0.279690 0.084393 -1.577331 -0.687393 1.033857 -0.044482 1.000000 
-0.328277 1.170952 0.280241 0.053281 -1.582889 -0.701642 1.033490 -0.047230 1.000000 
-0.318748 1.211397 0.280540 0.021406 -1.588552 -0.713749 1.033100 -0.050302 1.000000 
-0.308896 1.251567 0.280582 -0.011215 -1.594303 -0.723649 1.032684 -0.053743 1.000000 
-0.298723 1.291383 0.280359 -0.044559 -1.600124 -0.731282 1.032239 -0.057605 1.000000 
-0.288235 1.330755 0.279867 -0.078597 -1.605997 -0.736595 1.031761 -0.061950 1.000000 
-0.277433 1.369590 0.279100 -0.113297 -1.611903 -0.739542 1.031247 -0.066850 1.000000 
-0.266323 1.407791 0.278052 -0.148619 -1.617823 -0.740084 1.030690 -0.072391 1.000000 
-0.254910 1.445254 0.276720 -0.184519 -1.623738 -0.738193 1.030086 -0.078673 1.000000 
-0.243201 1.481873 0.275099 -0.220946 -1.629628 -0.733845 1.029429 -0.085818 1.000000 
-0.231203 1.517537 0.273184 -0.257846 -1.635473 -0.727029 1.028711 -0.093967 1.000000 
-0.218923 1.552134 0.270972 -0.295158 -1.641254 -0.717744 1.027922 -0.103290 1.000000 
-0.206372 1.585548 0.268460 -0.332816 -1.646950 -0.705996 1.027054 -0.113990 1.000000 
-0.193558 1.617665 0.265646 -0.370749 -1.652543 -0.691807 1.026094 -0.126306 1.000000 
-0.180493 1.648369 0.262528 -0.408881 -1.658013 -0.675206 1.025028 -0.140527 1.000000 
-0.167188 1.677545 0.259104 -0.447133 -1.663340 -0.656235 1.023840 -0.156992 1.000000 
-0.153657 1.705079 0.255374 -0.485422 -1.668506 -0.634949 1.022509 -0.176104 1.000000 
-0.139912 1.730863 0.251337 -0.523659 -1.673493 -0.611414 1.021014 -0.198338 1.000000 
-0.125968 1.754789 0.246995 -0.561756 -1.678283 -0.585710 1.019326 -0.224241 1.000000 
-0.111840 1.776757 0.242350 -0.599619 -1.682859 -0.557928 1.017415 -0.254441 1.000000 
-0.097545 1.796670 0.237402 -0.637154 -1.687205 -0.528172 1.015242 -0.289636 1.000000 
-0.083099 1.814440 0.232156 -0.674266 -1.691305 -0.496559 1.012765 -0.330569 1.000000 
-0.068520 1.829987 0.226615 -0.710859 -1.695145 -0.463217 1.009935 -0.377982 1.000000 
-0.053825 1.843239 0.220784 -0.746837 -1.698712 -0.428288 1.006698 -0.432524 1.000000 
-0.039034 1.854137 0.214668 -0.782105 -1.701994 -0.391923 1.002995 -0.494612 1.000000 
-0.024166 1.862629 0.208273 -0.816571 -1.704980 -0.354287 0.998764 -0.564214 1.000000 
-0.009239 1.868678 0.201605 -0.850144 -1.707660 -0.315554 0.993949 -0.640569 1.000000 
0.005727 1.872260 0.194673 -0.882737 -1.710026 -0.275904 0.988502 -0.721861 1.000000 
0.020711 1.873363 0.187484 -0.914268 -1.712072 -0.235529 0.982395 -0.804926 1.000000 
0.035694 1.871992 0.180048 -0.944660 -1.713793 -0.194625 0.975631 -0.885129 1.000000 
0.050656 1.868163 0.172373 -0.973842 -1.715185 -0.153387 0.968256 -0.956590 1.000000 
0.065578 1.861909 0.164470 -1.001752 -1.716247 -0.112012 0.960366 -1.012888 1.000000 
0.080440 1.853275 0.156348 -1.028334 -1.716978 -0.070690 0.952106 -1.048222 1.000000 
0.095224 1.842316 0.148020 -1.053545 -1.717379 -0.029598 0.943661 -1.058710 1.000000 
0.109911 1.829099 0.139496 -1.077349 -1.717452 0.011101 0.935236 -1.043374 1.000000 
0.124484 1.813694 0.130786 -1.099722 -1.717202 0.051265 0.927030 -1.004366 1.000000 
0.138925 1.796179 0.121904 -1.120647 -1.716634 0.090771 0.919217 -0.946344 1.000000 
0.153217 1.776629 0.112860 -1.140117 -1.715752 0.129511 0.911923 -0.875300 1.000000 
0.167346 1.755123 0.103666 -1.158127 -1.714564 0.167394 0.905230 -0.797323 1.000000 
0.181294 1.731739 0.094334 -1.174681 -1.713076 0.204341 0.899171 -0.717670 1.000000 
0.195049 1.706554 0.084875 -1.189782 -1.711297 0.240278 0.893741 -0.640308 1.000000 
0.208595 1.679647 0.075301 -1.203440 -1.709235 0.275135 0.888912 -0.567851 1.000000 
0.221919 1.651094 0.065624 -1.215662 -1.706898 0.308848 0.884639 -0.501750 1.000000 
0.235008 1.620974 0.055854 -1.226463 -1.704296 0.341350 0.880866 -0.442573 1.000000 
0.247850 1.589368 0.046004 -1.235854 -1.701440 0.372579 0.877539 -0.390298 1.000000 
0.260434 1.556357 0.036084 -1.243852 -1.698339 0.402473 0.874604 -0.344537 1.000000 
0.272748 1.522021 0.026106 -1.250475 -1.695004 0.430973 0.872010 -0.304716 1.000000 
0.284783 1.486443 0.016080 -1.255742 -1.691447 0.458020 0.869714 -0.270183 1.000000 
0.296528 1.449708 0.006018 -1.259676 -1.687680 0.483562 0.867675 -0.240287 1.000000 
0.307975 1.411899 -0.004071 -1.262301 -1.683714 0.507545 0.865859 -0.214415 1.000000 
0.319116 1.373100 -0.014176 -1.263645 -1.679563 0.529925 0.864235 -0.192008 1.000000 
0.329943 1.333397 -0.024286 -1.263736 -1.675240 0.550656 0.862779 -0.172576 1.000000 
0.340448 1.292872 -0.034392 -1.262605 -1.670757 0.569703 0.861467 -0.155691 1.000000 
0.350627 1.251609 -0.044485 -1.260284 -1.666129 0.587030 0.860282 -0.140984 1.000000 
0.360472 1.209691 -0.054554 -1.256810 -1.661369 0.602609 0.859207 -0.128143 1.000000 
0.369980 1.167197 -0.064591 -1.252217 -1.656492 0.616418 0.858227 -0.116899 1.000000 
0.379146 1.124208 -0.074586 -1.246544 -1.651511 0.628438 0.857333 -0.107026 1.000000 
0.387966 1.080800 -0.084532 -1.239828 -1.646442 0.638656 0.856512 -0.098332 1.000000 
0.396438 1.037047 -0.094421 -1.232111 -1.641298 0.647064 0.855757 -0.090655 1.000000 
0.404558 0.993023 -0.104244 -1.223431 -1.636094 0.653661 0.855059 -0.083856 1.000000 
0.412326 0.948797 -0.113993 -1.213830 -1.630844 0.658448 0.854413 -0.077820 1.000000 
0.419739 0.904435 -0.123663 -1.203350 -1.625563 0.661433 0.853812 -0.072446 1.000000 
0.426797 0.859999 -0.133245 -1.192030 -1.620266 0.662628 0.853252 -0.067649 1.000000 
0.433499 0.815551 -0.142733 -1.179912 -1.614966 0.662050 0.852728 -0.063357 1.000000 
0.439846 0.771146 -0.152121 -1.167037 -1.609678 0.659720 0.852237 -0.059509 1.000000 
0.445837 0.726836 -0.161404 -1.153444 -1.604415 0.655663 0.851775 -0.056050 1.000000 
0.451475 0.682671 -0.170575 -1.139172 -1.599192 0.649908 0.851340 -0.052936 1.000000 
0.456761 0.638695 -0.179629 -1.124260 -1.594021 0.642490 0.850927 -0.050127 1.000000 
0.461695 0.594950 -0.188561 -1.108744 -1.588916 0.633443 0.850537 -0.047589 1.000000 
0.466281 0.551472 -0.197367 -1.092660 -1.583890 0.622809 0.850165 -0.045292 1.000000 
0.470519 0.508295 -0.206042 -1.076042 -1.578955 0.610630 0.849812 -0.043210 1.000000 
0.474414 0.465448 -0.214582 -1.058922 -1.574124 0.596951 0.849474 -0.041322 1.000000 
0.477967 0.422957 -0.222984 -1.041331 -1.569408 0.581822 0.849150 -0.039608 1.000000 
0.481182 0.380844 -0.231243 -1.023297 -1.564819 0.565293 0.848839 -0.038052 1.000000 
0.484062 0.339127 -0.239355 -1.004848 -1.560367 0.547417 0.848541 -0.036637 1.000000 
0.486610 0.297822 -0.247319 -0.986008 -1.556063 0.528249 0.848253 -0.035351 1.000000 
0.488828 0.256938 -0.255131 -0.966801 -1.551918 0.507846 0.847975 -0.034183 1.000000 
0.490722 0.216485 -0.262787 -0.947247 -1.547941 0.486266 0.847706 -0.033122 1.000000 
0.492293 0.176467 -0.270286 -0.927363 -1.544141 0.463569 0.847445 -0.032160 1.000000 
0.493546 0.136886 -0.277624 -0.907167 -1.540527 0.439815 0.847191 -0.031289 1.000000 
0.494485 0.097741 -0.284799 -0.886673 -1.537107 0.415068 0.846944 -0.030502 1.000000 
0.495111 0.059030 -0.291810 -0.865893 -1.533888 0.389389 0.846703 -0.029793 1.000000 
0.495430 0.020746 -0.298653 -0.844835 -1.530879 0.362843 0.846467 -0.029157 1.000000 
0.495444 -0.017119 -0.305327 -0.823509 -1.528085 0.335495 0.846236 -0.028590 1.000000 
0.495157 -0.054574 -0.311828 -0.801919 -1.525513 0.307409 0.846009 -0.028086 1.000000 
0.494572 -0.091632 -0.318157 -0.780069 -1.523168 0.278651 0.845786 -0.027643 1.000000 
0.493692 -0.128306 -0.324309 -0.757960 -1.521056 0.249287 0.845567 -0.027257 1.000000 
0.492520 -0.164609 -0.330283 -0.735593 -1.519181 0.219384 0.845350 -0.026926 1.000000 
0.491059 -0.200560 -0.336078 -0.712964 -1.517547 0.189009 0.845136 -0.026648 1.000000 
0.489312 -0.236173 -0.341690 -0.690070 -1.516158 0.158228 0.844924 -0.026421 1.000000 
0.487282 -0.271466 -0.347118 -0.666905 -1.515016 0.127108 0.844713 -0.026243 1.000000 
0.484970 -0.306457 -0.352360 -0.643463 -1.514125 0.095717 0.844504 -0.026114 1.000000 
0.482379 -0.341165 -0.357413 -0.619735 -1.513485 0.064121 0.844295 -0.026032 1.000000 
0.479512 -0.375607 -0.362275 -0.595711 -1.513099 0.032389 0.844087 -0.025997 1.000000 
0.476370 -0.409800 -0.366943 -0.571380 -1.512967 0.000587 0.843879 -0.026008 1.000000 
0.472956 -0.443764 -0.371416 -0.546731 -1.513090 -0.031217 0.843671 -0.026066 1.000000 
0.469270 -0.477514 -0.375690 -0.521752 -1.513467 -0.062956 0.843462 -0.026171 1.000000 
0.465316 -0.511067 -0.379763 -0.496428 -1.514097 -0.094563 0.843252 -0.026323 1.000000 
0.461094 -0.544437 -0.383632 -0.470747 -1.514979 -0.125971 0.843040 -0.026524 1.000000 
0.456605 -0.577639 -0.387294 -0.444694 -1.516112 -0.157112 0.842827 -0.026774 1.000000 
0.451852 -0.610684 -0.390746 -0.418254 -1.517492 -0.187921 0.842612 -0.027075 1.000000 
0.446835 -0.643585 -0.393985 -0.391414 -1.519117 -0.218330 0.842394 -0.027430 1.000000 
0.441555 -0.676349 -0.397008 -0.364160 -1.520984 -0.248274 0.842173 -0.027839 1.000000 
0.436014 -0.708984 -0.399810 -0.336476 -1.523088 -0.277686 0.841948 -0.028306 1.000000 
0.430212 -0.741496 -0.402390 -0.308351 -1.525425 -0.306502 0.841720 -0.028834 1.000000 
0.424150 -0.773887 -0.404743 -0.279772 -1.527991 -0.334655 0.841487 -0.029427 1.000000 
0.417830 -0.806158 -0.406865 -0.250726 -1.530778 -0.362082 0.841249 -0.030087 1.000000 
0.411252 -0.838307 -0.408753 -0.221203 -1.533782 -0.388718 0.841005 -0.030820 1.000000 
0.404417 -0.870329 -0.410403 -0.191194 -1.536995 -0.414501 0.840756 -0.031631 1.000000 
0.397327 -0.902218 -0.411811 -0.160690 -1.540411 -0.439367 0.840499 -0.032525 1.000000 
0.389982 -0.933964 -0.412973 -0.129686 -1.544022 -0.463257 0.840235 -0.033510 1.000000 
0.382384 -0.965554 -0.413885 -0.098175 -1.547821 -0.486108 0.839963 -0.034592 1.000000 
0.374534 -0.996973 -0.414542 -0.066157 -1.551797 -0.507863 0.839681 -0.035780 1.000000 
0.366433 -1.028201 -0.414942 -0.033629 -1.555943 -0.528463 0.839390 -0.037083 1.000000 
0.358083 -1.059219 -0.415079 -0.000594 -1.560249 -0.547852 0.839087 -0.038512 1.000000 
0.349486 -1.090001 -0.414950 0.032945 -1.564706 -0.565976 0.838773 -0.040079 1.000000 
0.340644 -1.120521 -0.414550 0.066982 -1.569302 -0.582782 0.838446 -0.041797 1.000000 
0.331558 -1.150748 -0.413877 0.101506 -1.574026 -0.598221 0.838104 -0.043682 1.000000 
0.322232 -1.180650 -0.412925 0.136507 -1.578869 -0.612242 0.837746 -0.045752 1.000000 
0.312669 -1.210190 -0.411691 0.171970 -1.583818 -0.624803 0.837371 -0.048026 1.000000 
0.302870 -1.239330 -0.410172 0.207877 -1.588862 -0.635858 0.836977 -0.050527 1.000000 
0.292841 -1.268030 -0.408364 0.244207 -1.593988 -0.645369 0.836562 -0.053280 1.000000 
0.282583 -1.296246 -0.406264 0.280936 -1.599184 -0.653299 0.836124 -0.056315 1.000000 
0.272102 -1.323933 -0.403868 0.318039 -1.604437 -0.659615 0.835660 -0.059666 1.000000 
0.261402 -1.351042 -0.401174 0.355484 -1.609733 -0.664287 0.835169 -0.063370 1.000000 
0.250487 -1.377523 -0.398180 0.393239 -1.615061 -0.667291 0.834645 -0.067472 1.000000 
0.239363 -1.403327 -0.394882 0.431267 -1.620405 -0.668603 0.834088 -0.072022 1.000000 
0.228036 -1.428399 -0.391279 0.469528 -1.625754 -0.668209 0.833492 -0.077078 1.000000 
0.216511 -1.452685 -0.387369 0.507981 -1.631092 -0.666095 0.832853 -0.082707 1.000000 
0.204795 -1.476131 -0.383151 0.546580 -1.636407 -0.662254 0.832167 -0.088985 1.000000 
0.192895 -1.498681 -0.378623 0.585276 -1.641684 -0.656683 0.831427 -0.096001 1.000000 
0.180819 -1.520279 -0.373786 0.624019 -1.646909 -0.649386 0.830628 -0.103857 1.000000 
0.168574 -1.540868 -0.368639 0.662754 -1.652069 -0.640370 0.829763 -0.112671 1.000000 
0.156168 -1.560392 -0.363182 0.701427 -1.657150 -0.629651 0.828823 -0.122577 1.000000 
0.143610 -1.578797 -0.357417 0.739979 -1.662139 -0.617246 0.827798 -0.133732 1.000000 
0.130910 -1.596029 -0.351343 0.778349 -1.667022 -0.603183 0.826679 -0.146313 1.000000 
0.118077 -1.612033 -0.344964 0.816475 -1.671786 -0.587492 0.825453 -0.160523 1.000000 
0.105121 -1.626759 -0.338280 0.854295 -1.676418 -0.570211 0.824106 -0.176592 1.000000 
0.092052 -1.640158 -0.331296 0.891744 -1.680905 -0.551383 0.822622 -0.194778 1.000000 
0.078882 -1.652183 -0.324014 0.928755 -1.685236 -0.531059 0.820983 -0.215366 1.000000 
0.065621 -1.662789 -0.316437 0.965264 -1.689398 -0.509294 0.819169 -0.238666 1.000000 
0.052281 -1.671937 -0.308571 1.001203 -1.693381 -0.486151 0.817156 -0.265006 1.000000 
0.038874 -1.679588 -0.300420 1.036507 -1.697173 -0.461697 0.814920 -0.294719 1.000000 
0.025412 -1.685710 -0.291989 1.071110 -1.700765 -0.436007 0.812431 -0.328122 1.000000 
0.011907 -1.690272 -0.283284 1.104946 -1.704146 -0.409159 0.809659 -0.365482 1.000000 
-0.001628 -1.693252 -0.274312 1.137953 -1.707308 -0.381240 0.806572 -0.406973 1.000000 
-0.015181 -1.694628 -0.265079 1.170068 -1.710243 -0.352340 0.803137 -0.452606 1.000000 
-0.028738 -1.694386 -0.255593 1.201232 -1.712943 -0.322555 0.799320 -0.502151 1.000000 
-0.042286 -1.692517 -0.245862 1.231386 -1.715402 -0.291984 0.795093 -0.555042 1.000000 
-0.055814 -1.689018 -0.235894 1.260478 -1.717613 -0.260732 0.790433 -0.610280 1.000000 
-0.069306 -1.683891 -0.225697 1.288454 -1.719572 -0.228907 0.785327 -0.666352 1.000000 
-0.082752 -1.677143 -0.215282 1.315269 -1.721275 -0.196617 0.779775 -0.721207 1.000000 
-0.096136 -1.668791 -0.204656 1.340878 -1.722717 -0.163974 0.773797 -0.772310 1.000000 
-0.109448 -1.658852 -0.193831 1.365243 -1.723898 -0.131091 0.767435 -0.816818 1.000000 
-0.122674 -1.647353 -0.182816 1.388330 -1.724814 -0.098076 0.760753 -0.851875 1.000000 
-0.135802 -1.634323 -0.171621 1.410109 -1.725467 -0.065039 0.753837 -0.874996 1.000000 
-0.148819 -1.619798 -0.160258 1.430558 -1.725855 -0.032081 0.746790 -0.884461 1.000000 
-0.161714 -1.603815 -0.148736 1.449657 -1.725980 0.000700 0.739724 -0.879609 1.000000 
-0.174476 -1.586416 -0.137067 1.467394 -1.725845 0.033212 0.732753 -0.860948 1.000000 
-0.187093 -1.567644 -0.125261 1.483759 -1.725450 0.065372 0.725982 -0.830057 1.000000 
-0.199555 -1.547544 -0.113330 1.498748 -1.724800 0.097102 0.719499 -0.789289 1.000000 
-0.211851 -1.526161 -0.101285 1.512359 -1.723898 0.128334 0.713372 -0.741399 1.000000 
-0.223970 -1.503541 -0.089136 1.524595 -1.722748 0.159001 0.707648 -0.689162 1.000000 
-0.235904 -1.479732 -0.076895 1.535461 -1.721355 0.189044 0.702350 -0.635085 1.000000 
-0.247643 -1.454779 -0.064572 1.544964 -1.719725 0.218406 0.697486 -0.581235 1.000000 
-0.259178 -1.428732 -0.052179 1.553114 -1.717863 0.247034 0.693046 -0.529168 1.000000 
-0.270500 -1.401637 -0.039726 1.559920 -1.715775 0.274876 0.689011 -0.479953 1.000000 
-0.281601 -1.373542 -0.027224 1.565396 -1.713467 0.301883 0.685357 -0.434235 1.000000 
-0.292474 -1.344498 -0.014683 1.569557 -1.710947 0.328007 0.682053 -0.392328 1.000000 
-0.303111 -1.314552 -0.002115 1.572418 -1.708221 0.353202 0.679070 -0.354298 1.000000 
-0.313505 -1.283755 0.010472 1.573998 -1.705298 0.377424 0.676375 -0.320042 1.000000 
-0.323649 -1.252157 0.023066 1.574315 -1.702185 0.400629 0.673939 -0.289353 1.000000 
-0.333537 -1.219808 0.035658 1.573392 -1.698891 0.422778 0.671736 -0.261961 1.000000 
-0.343164 -1.186759 0.048237 1.571250 -1.695424 0.443831 0.669740 -0.237572 1.000000 
-0.352524 -1.153061 0.060794 1.567913 -1.691793 0.463751 0.667928 -0.215888 1.000000 
-0.361611 -1.118764 0.073320 1.563408 -1.688007 0.482506 0.666279 -0.196619 1.000000 
-0.370422 -1.083919 0.085806 1.557760 -1.684076 0.500062 0.664776 -0.179497 1.000000 
-0.378953 -1.048577 0.098242 1.550999 -1.680009 0.516393 0.663402 -0.164272 1.000000 
-0.387198 -1.012786 0.110619 1.543153 -1.675817 0.531472 0.662143 -0.150724 1.000000 
-0.395156 -0.976595 0.122929 1.534254 -1.671509 0.545277 0.660987 -0.138651 1.000000 
-0.402823 -0.940054 0.135164 1.524332 -1.667096 0.557787 0.659922 -0.127878 1.000000 
-0.410196 -0.903208 0.147316 1.513419 -1.662588 0.568985 0.658938 -0.118249 1.000000 
-0.417274 -0.866106 0.159376 1.501550 -1.657996 0.578859 0.658027 -0.109629 1.000000 
-0.424053 -0.828790 0.171338 1.488756 -1.653330 0.587397 0.657181 -0.101897 1.000000 
-0.430534 -0.791306 0.183194 1.475072 -1.648601 0.594593 0.656394 -0.094950 1.000000 
-0.436714 -0.753695 0.194937 1.460532 -1.643820 0.600441 0.655660 -0.088696 1.000000 
-0.442593 -0.715998 0.206561 1.445170 -1.638997 0.604940 0.654974 -0.083057 1.000000 
-0.448170 -0.678254 0.218058 1.429021 -1.634144 0.608092 0.654330 -0.077961 1.000000 
-0.453445 -0.640502 0.229423 1.412118 -1.629272 0.609901 0.653725 -0.073350 1.000000 
-0.458418 -0.602775 0.240650 1.394496 -1.624390 0.610375 0.653155 -0.069169 1.000000 
-0.463089 -0.565110 0.251733 1.376188 -1.619509 0.609524 0.652617 -0.065373 1.000000 
-0.467460 -0.527536 0.262667 1.357226 -1.614641 0.607360 0.652108 -0.061921 1.000000 
-0.471530 -0.490084 0.273447 1.337643 -1.609795 0.603900 0.651626 -0.058777 1.000000 
-0.475302 -0.452784 0.284068 1.317470 -1.604982 0.599160 0.651167 -0.055909 1.000000 
-0.478775 -0.415659 0.294525 1.296739 -1.600212 0.593161 0.650730 -0.053290 1.000000 
-0.481953 -0.378735 0.304814 1.275478 -1.595494 0.585926 0.650314 -0.050896 1.000000 
-0.484836 -0.342035 0.314931 1.253716 -1.590840 0.577479 0.649916 -0.048704 1.000000 
-0.487426 -0.305577 0.324872 1.231481 -1.586258 0.567846 0.649534 -0.046696 1.000000 
-0.489725 -0.269380 0.334634 1.208800 -1.581758 0.557058 0.649168 -0.044856 1.000000 
-0.491737 -0.233462 0.344212 1.185696 -1.577348 0.545143 0.648816 -0.043167 1.000000 
-0.493462 -0.197835 0.353604 1.162194 -1.573038 0.532135 0.648477 -0.041617 1.000000 
-0.494903 -0.162513 0.362806 1.138317 -1.568837 0.518067 0.648150 -0.040195 1.000000 
-0.496063 -0.127507 0.371816 1.114084 -1.564752 0.502974 0.647834 -0.038888 1.000000 
-0.496944 -0.092826 0.380631 1.089516 -1.560792 0.486893 0.647527 -0.037688 1.000000 
-0.497549 -0.058476 0.389247 1.064630 -1.556964 0.469862 0.647230 -0.036588 1.000000 
-0.497880 -0.024465 0.397664 1.039444 -1.553276 0.451921 0.646942 -0.035578 1.000000 
-0.497941 0.009204 0.405878 1.013971 -1.549736 0.433109 0.646661 -0.034653 1.000000 
-0.497734 0.042528 0.413887 0.988227 -1.546349 0.413468 0.646387 -0.033806 1.000000 
-0.497262 0.075505 0.421689 0.962221 -1.543122 0.393040 0.646120 -0.033032 1.000000 
-0.496527 0.108134 0.429282 0.935966 -1.540062 0.371869 0.645858 -0.032327 1.000000 
-0.495532 0.140418 0.436663 0.909470 -1.537174 0.349997 0.645602 -0.031687 1.000000 
-0.494281 0.172357 0.443832 0.882741 -1.534464 0.327469 0.645351 -0.031106 1.000000 
-0.492776 0.203954 0.450787 0.855786 -1.531936 0.304332 0.645104 -0.030583 1.000000 
-0.491019 0.235214 0.457524 0.828608 -1.529596 0.280629 0.644862 -0.030114 1.000000 
-0.489013 0.266141 0.464044 0.801212 -1.527448 0.256408 0.644622 -0.029697 1.000000 
-0.486761 0.296740 0.470343 0.773599 -1.525495 0.231714 0.644386 -0.029329 1.000000 
-0.484266 0.327017 0.476421 0.745773 -1.523741 0.206595 0.644153 -0.029008 1.000000 
-0.481530 0.356979 0.482275 0.717731 -1.522190 0.181099 0.643922 -0.028732 1.000000 
-0.478555 0.386630 0.487904 0.689473 -1.520845 0.155271 0.643693 -0.028501 1.000000 
-0.475345 0.415980 0.493306 0.660998 -1.519707 0.129162 0.643466 -0.028313 1.000000 
-0.471900 0.445034 0.498479 0.632301 -1.518779 0.102817 0.643240 -0.028166 1.000000 
-0.468225 0.473799 0.503422 0.603381 -1.518062 0.076285 0.643015 -0.028061 1.000000 
-0.464320 0.502283 0.508133 0.574231 -1.517558 0.049616 0.642791 -0.027996 1.000000 
-0.460189 0.530493 0.512609 0.544846 -1.517269 0.022855 0.642567 -0.027971 1.000000 
-0.455833 0.558435 0.516850 0.515222 -1.517193 -0.003947 0.642343 -0.027986 1.000000 
-0.451255 0.586114 0.520852 0.485352 -1.517332 -0.030743 0.642119 -0.028041 1.000000 
-0.446456 0.613538 0.524615 0.455228 -1.517685 -0.057484 0.641895 -0.028136 1.000000 
-0.441439 0.640712 0.528135 0.424845 -1.518251 -0.084123 0.641669 -0.028272 1.000000 
-0.436205 0.667639 0.531412 0.394196 -1.519030 -0.110611 0.641442 -0.028450 1.000000 
-0.430757 0.694324 0.534442 0.363272 -1.520020 -0.136900 0.641214 -0.028669 1.000000 
-0.425097 0.720770 0.537223 0.332068 -1.521220 -0.162942 0.640983 -0.028932 1.000000 
-0.419226 0.746980 0.539754 0.300576 -1.522627 -0.188691 0.640751 -0.029239 1.000000 
-0.413146 0.772955 0.542032 0.268790 -1.524238 -0.214099 0.640515 -0.029592 1.000000 
-0.406859 0.798695 0.544054 0.236703 -1.526051 -0.239118 0.640277 -0.029993 1.000000 
-0.400367 0.824200 0.545818 0.204309 -1.528063 -0.263703 0.640035 -0.030443 1.000000 
-0.393672 0.849467 0.547322 0.171604 -1.530269 -0.287806 0.639790 -0.030946 1.000000 
-0.386776 0.874496 0.548563 0.138583 -1.532666 -0.311383 0.639540 -0.031504 1.000000 
-0.379681 0.899280 0.549538 0.105241 -1.535250 -0.334387 0.639286 -0.032119 1.000000 
-0.372388 0.923815 0.550246 0.071577 -1.538015 -0.356775 0.639026 -0.032795 1.000000 
-0.364901 0.948094 0.550683 0.037587 -1.540956 -0.378502 0.638761 -0.033536 1.000000 
-0.357220 0.972109 0.550846 0.003272 -1.544069 -0.399525 0.638489 -0.034346 1.000000 
-0.349348 0.995852 0.550734 -0.031368 -1.547347 -0.419802 0.638211 -0.035230 1.000000 
-0.341287 1.019311 0.550344 -0.066332 -1.550784 -0.439290 0.637925 -0.036192 1.000000 
-0.333039 1.042475 0.549672 -0.101617 -1.554373 -0.457948 0.637632 -0.037239 1.000000 
-0.324608 1.065331 0.548717 -0.137218 -1.558109 -0.475738 0.637329 -0.038377 1.000000 
-0.315995 1.087863 0.547476 -0.173130 -1.561983 -0.492620 0.637017 -0.039613 1.000000 
-0.307203 1.110056 0.545946 -0.209344 -1.565988 -0.508557 0.636695 -0.040955 1.000000 
-0.298235 1.131892 0.544125 -0.245852 -1.570117 -0.523513 0.636362 -0.042413 1.000000 
-0.289094 1.153354 0.542012 -0.282642 -1.574362 -0.537452 0.636016 -0.043996 1.000000 
-0.279782 1.174421 0.539602 -0.319703 -1.578713 -0.550342 0.635658 -0.045714 1.000000 
-0.270304 1.195072 0.536896 -0.357018 -1.583164 -0.562152 0.635284 -0.047582 1.000000 
-0.260663 1.215286 0.533889 -0.394572 -1.587705 -0.572850 0.634896 -0.049611 1.000000 
-0.250861 1.235038 0.530582 -0.432346 -1.592327 -0.582409 0.634490 -0.051819 1.000000 
-0.240903 1.254305 0.526971 -0.470321 -1.597020 -0.590803 0.634066 -0.054222 1.000000 
-0.230793 1.273062 0.523056 -0.508473 -1.601776 -0.598007 0.633622 -0.056839 1.000000 
-0.220536 1.291283 0.518835 -0.546779 -1.606585 -0.604001 0.633156 -0.059693 1.000000 
-0.210134 1.308940 0.514308 -0.585212 -1.611437 -0.608763 0.632666 -0.062808 1.000000 
-0.199594 1.326006 0.509472 -0.623745 -1.616322 -0.612277 0.632150 -0.066211 1.000000 
-0.188920 1.342453 0.504327 -0.662347 -1.621230 -0.614528 0.631606 -0.069933 1.000000 
-0.178117 1.358253 0.498874 -0.700987 -1.626151 -0.615504 0.631031 -0.074010 1.000000 
-0.167190 1.373376 0.493112 -0.739631 -1.631075 -0.615196 0.630421 -0.078481 1.000000 
-0.156145 1.387793 0.487040 -0.778243 -1.635991 -0.613596 0.629774 -0.083389 1.000000 
-0.144987 1.401476 0.480660 -0.816787 -1.640889 -0.610702 0.629085 -0.088785 1.000000 
-0.133723 1.414395 0.473972 -0.855223 -1.645759 -0.606512 0.628352 -0.094725 1.000000 
-0.122359 1.426521 0.466977 -0.893512 -1.650590 -0.601029 0.627568 -0.101272 1.000000 
-0.110901 1.437825 0.459676 -0.931612 -1.655372 -0.594259 0.626730 -0.108497 1.000000 
-0.099356 1.448278 0.452072 -0.969480 -1.660094 -0.586211 0.625830 -0.116481 1.000000 
-0.087731 1.457855 0.444165 -1.007071 -1.664748 -0.576897 0.624864 -0.125314 1.000000 
-0.076033 1.466526 0.435959 -1.044341 -1.669321 -0.566332 0.623823 -0.135095 1.000000 
-0.064269 1.474267 0.427457 -1.081243 -1.673806 -0.554536 0.622699 -0.145937 1.000000 
-0.052447 1.481052 0.418660 -1.117732 -1.678191 -0.541531 0.621484 -0.157963 1.000000 
-0.040575 1.486858 0.409574 -1.153758 -1.682467 -0.527343 0.620168 -0.171309 1.000000 
-0.028660 1.491662 0.400202 -1.189275 -1.686625 -0.512001 0.618740 -0.186124 1.000000 
-0.016711 1.495444 0.390547 -1.224235 -1.690656 -0.495539 0.617186 -0.202566 1.000000 
-0.004735 1.498184 0.380616 -1.258590 -1.694551 -0.477993 0.615494 -0.220802 1.000000 
0.007257 1.499865 0.370412 -1.292291 -1.698301 -0.459402 0.613648 -0.241004 1.000000 
0.019260 1.500472 0.359941 -1.325291 -1.701899 -0.439810 0.611632 -0.263342 1.000000 
0.031262 1.499990 0.349209 -1.357544 -1.705336 -0.419264 0.609428 -0.287976 1.000000 
0.043256 1.498409 0.338222 -1.389002 -1.708604 -0.397813 0.607018 -0.315038 1.000000 
0.055234 1.495720 0.326987 -1.419622 -1.711698 -0.375511 0.604381 -0.344622 1.000000 
0.067185 1.491917 0.315511 -1.449359 -1.714610 -0.352412 0.601497 -0.376753 1.000000 
0.079101 1.486995 0.303800 -1.478170 -1.717335 -0.328577 0.598346 -0.411363 1.000000 
0.090974 1.480954 0.291862 -1.506016 -1.719866 -0.304067 0.594909 -0.448255 1.000000 
0.102794 1.473794 0.279706 -1.532856 -1.722198 -0.278945 0.591169 -0.487067 1.000000 
0.114552 1.465521 0.267340 -1.558653 -1.724328 -0.253277 0.587113 -0.527238 1.000000 
0.126239 1.456140 0.254771 -1.583375 -1.726250 -0.227133 0.582732 -0.567978 1.000000 
0.137847 1.445663 0.242008 -1.606987 -1.727961 -0.200581 0.578026 -0.608260 1.000000 
0.149367 1.434101 0.229062 -1.629461 -1.729458 -0.173692 0.573004 -0.646831 1.000000 
0.160790 1.421469 0.215940 -1.650771 -1.730739 -0.146537 0.567685 -0.682268 1.000000 
0.172107 1.407786 0.202653 -1.670892 -1.731802 -0.119187 0.562100 -0.713064 1.000000 
0.183312 1.393072 0.189209 -1.689805 -1.732646 -0.091713 0.556292 -0.737756 1.000000 
0.194394 1.377349 0.175619 -1.707492 -1.733269 -0.064184 0.550316 -0.755072 1.000000 
0.205347 1.360641 0.161893 -1.723938 -1.733673 -0.036668 0.544233 -0.764079 1.000000 
0.216162 1.342975 0.148039 -1.739133 -1.733856 -0.009229 0.538114 -0.764300 1.000000 
0.226832 1.324378 0.134070 -1.753069 -1.733821 0.018070 0.532028 -0.755772 1.000000 
0.237349 1.304878 0.119994 -1.765741 -1.733568 0.045169 0.526044 -0.739040 1.000000 
0.247707 1.284505 0.105821 -1.777146 -1.733099 0.072014 0.520223 -0.715080 1.000000 
0.257899 1.263289 0.091563 -1.787285 -1.732416 0.098550 0.514618 -0.685175 1.000000 
0.267918 1.241261 0.077228 -1.796159 -1.731523 0.124727 0.509272 -0.650770 1.000000 
0.277757 1.218450 0.062828 -1.803772 -1.730422 0.150500 0.504214 -0.613326 1.000000 
0.287411 1.194889 0.048371 -1.810132 -1.729116 0.175821 0.499463 -0.574212 1.000000 
0.296873 1.170608 0.033869 -1.815245 -1.727610 0.200650 0.495028 -0.534620 1.000000 
0.306139 1.145639 0.019331 -1.819121 -1.725907 0.224944 0.490908 -0.495524 1.000000 
0.315202 1.120014 0.004766 -1.821770 -1.724012 0.248665 0.487096 -0.457674 1.000000 
0.324057 1.093765 -0.009815 -1.823206 -1.721930 0.271774 0.483580 -0.421604 1.000000 
0.332701 1.066923 -0.024402 -1.823440 -1.719666 0.294235 0.480345 -0.387662 1.000000 
0.341127 1.039522 -0.038986 -1.822487 -1.717224 0.316012 0.477371 -0.356044 1.000000 
0.349332 1.011594 -0.053559 -1.820364 -1.714611 0.337071 0.474642 -0.326824 1.000000 
0.357311 0.983172 -0.068109 -1.817088 -1.711833 0.357379 0.472136 -0.299989 1.000000 
0.365061 0.954287 -0.082629 -1.812677 -1.708895 0.376904 0.469836 -0.275462 1.000000 
0.372578 0.924973 -0.097109 -1.807150 -1.705805 0.395618 0.467723 -0.253126 1.000000 
0.379860 0.895263 -0.111540 -1.800528 -1.702568 0.413490 0.465780 -0.232840 1.000000 
0.386902 0.865188 -0.125915 -1.792833 -1.699191 0.430493 0.463992 -0.214449 1.000000 
0.393702 0.834781 -0.140223 -1.784086 -1.695682 0.446604 0.462344 -0.197796 1.000000 
0.400257 0.804075 -0.154457 -1.774311 -1.692048 0.461796 0.460823 -0.182728 1.000000 
0.406566 0.773101 -0.168609 -1.763534 -1.688296 0.476050 0.459417 -0.169096 1.000000 
0.412626 0.741890 -0.182671 -1.751777 -1.684434 0.489344 0.458114 -0.156761 1.000000 
0.418436 0.710473 -0.196635 -1.739069 -1.680469 0.501661 0.456906 -0.145597 1.000000 
0.423993 0.678881 -0.210494 -1.725434 -1.676410 0.512984 0.455782 -0.135484 1.000000 
0.429298 0.647143 -0.224240 -1.710899 -1.672264 0.523299 0.454735 -0.126317 1.000000 
0.434347 0.615288 -0.237866 -1.695493 -1.668040 0.532593 0.453759 -0.117999 1.000000 
0.439142 0.583346 -0.251365 -1.679243 -1.663745 0.540857 0.452845 -0.110443 1.000000 
0.443681 0.551342 -0.264732 -1.662176 -1.659389 0.548081 0.451990 -0.103571 1.000000 
0.447963 0.519305 -0.277958 -1.644322 -1.654979 0.554260 0.451187 -0.097315 1.000000 
0.451990 0.487259 -0.291039 -1.625708 -1.650523 0.559389 0.450431 -0.091612 1.000000 
0.455760 0.455230 -0.303967 -1.606362 -1.646031 0.563466 0.449719 -0.086406 1.000000 
0.459273 0.423243 -0.316739 -1.586313 -1.641511 0.566490 0.449047 -0.081648 1.000000 
0.462532 0.391319 -0.329347 -1.565589 -1.636970 0.568463 0.448412 -0.077295 1.000000 
0.465535 0.359481 -0.341786 -1.544217 -1.632418 0.569389 0.447810 -0.073307 1.000000 
0.468284 0.327749 -0.354053 -1.522226 -1.627863 0.569272 0.447238 -0.069649 1.000000 
0.470779 0.296145 -0.366140 -1.499642 -1.623313 0.568119 0.446695 -0.066289 1.000000 
0.473022 0.264685 -0.378045 -1.476491 -1.618776 0.565939 0.446177 -0.063201 1.000000 
0.475014 0.233389 -0.389763 -1.452800 -1.614260 0.562743 0.445683 -0.060359 1.000000 
0.476757 0.202272 -0.401289 -1.428595 -1.609774 0.558543 0.445210 -0.057741 1.000000 
0.478251 0.171351 -0.412619 -1.403899 -1.605326 0.553353 0.444758 -0.055328 1.000000 
0.479499 0.140639 -0.423750 -1.378737 -1.600923 0.547187 0.444325 -0.053101 1.000000 
0.480502 0.110150 -0.434678 -1.353133 -1.596574 0.540064 0.443908 -0.051044 1.000000 
0.481262 0.079896 -0.445399 -1.327108 -1.592285 0.531999 0.443508 -0.049143 1.000000 
0.481781 0.049888 -0.455910 -1.300684 -1.588064 0.523015 0.443122 -0.047386 1.000000 
0.482061 0.020137 -0.466209 -1.273883 -1.583919 0.513130 0.442749 -0.045760 1.000000 
0.482104 -0.009349 -0.476291 -1.246722 -1.579856 0.502368 0.442389 -0.044256 1.000000 
0.481912 -0.038561 -0.486155 -1.219222 -1.575883 0.490751 0.442041 -0.042864 1.000000 
0.481488 -0.067492 -0.495798 -1.191400 -1.572007 0.478304 0.441703 -0.041575 1.000000 
0.480833 -0.096136 -0.505217 -1.163273 -1.568233 0.465052 0.441375 -0.040382 1.000000 
0.479950 -0.124488 -0.514410 -1.134856 -1.564568 0.451022 0.441057 -0.039278 1.000000 
0.478842 -0.152542 -0.523374 -1.106164 -1.561018 0.436241 0.440747 -0.038257 1.000000 
0.477511 -0.180296 -0.532108 -1.077210 -1.557590 0.420738 0.440444 -0.037313 1.000000 
0.475958 -0.207747 -0.540609 -1.048008 -1.554288 0.404541 0.440149 -0.036442 1.000000 
0.474187 -0.234891 -0.548875 -1.018568 -1.551119 0.387679 0.439861 -0.035638 1.000000 
0.472201 -0.261728 -0.556905 -0.988902 -1.548087 0.370185 0.439579 -0.034898 1.000000 
0.470001 -0.288257 -0.564697 -0.959018 -1.545198 0.352088 0.439303 -0.034217 1.000000 
0.467589 -0.314477 -0.572249 -0.928925 -1.542455 0.333421 0.439031 -0.033593 1.000000 
0.464970 -0.340388 -0.579559 -0.898631 -1.539864 0.314216 0.438765 -0.033022 1.000000 
0.462144 -0.365992 -0.586626 -0.868142 -1.537429 0.294505 0.438503 -0.032502 1.000000 
0.459115 -0.391289 -0.593449 -0.837465 -1.535154 0.274323 0.438245 -0.032030 1.000000 
0.455884 -0.416281 -0.600025 -0.806602 -1.533041 0.253703 0.437990 -0.031604 1.000000 
0.452455 -0.440969 -0.606354 -0.775560 -1.531095 0.232678 0.437739 -0.031222 1.000000 
0.448830 -0.465356 -0.612434 -0.744340 -1.529319 0.211285 0.437491 -0.030882 1.000000 
0.445010 -0.489444 -0.618263 -0.712945 -1.527716 0.189556 0.437245 -0.030583 1.000000 
0.440999 -0.513234 -0.623841 -0.681377 -1.526287 0.167528 0.437001 -0.030324 1.000000 
0.436799 -0.536731 -0.629165 -0.649636 -1.525036 0.145236 0.436759 -0.030104 1.000000 
0.432412 -0.559935 -0.634234 -0.617723 -1.523964 0.122715 0.436519 -0.029920 1.000000 
0.427841 -0.582851 -0.639048 -0.585638 -1.523073 0.100001 0.436281 -0.029774 1.000000 
0.423087 -0.605480 -0.643604 -0.553380 -1.522364 0.077130 0.436043 -0.029663 1.000000 
0.418154 -0.627825 -0.647901 -0.520948 -1.521839 0.054138 0.435806 -0.029588 1.000000 
0.413043 -0.649888 -0.651939 -0.488340 -1.521499 0.031060 0.435569 -0.029547 1.000000 
0.407757 -0.671671 -0.655714 -0.455554 -1.521343 0.007934 0.435333 -0.029542 1.000000 
0.402297 -0.693176 -0.659227 -0.422588 -1.521372 -0.015206 0.435097 -0.029572 1.000000 
0.396667 -0.714405 -0.662475 -0.389439 -1.521586 -0.038323 0.434860 -0.029637 1.000000 
0.390867 -0.735359 -0.665458 -0.356106 -1.521985 -0.061381 0.434622 -0.029737 1.000000 
0.384902 -0.756039 -0.668173 -0.322585 -1.522568 -0.084343 0.434384 -0.029872 1.000000 
0.378771 -0.776445 -0.670619 -0.288874 -1.523334 -0.107175 0.434144 -0.030044 1.000000 
0.372479 -0.796578 -0.672794 -0.254969 -1.524282 -0.129840 0.433903 -0.030252 1.000000 
0.366027 -0.816438 -0.674697 -0.220870 -1.525411 -0.152303 0.433660 -0.030498 1.000000 
0.359417 -0.836023 -0.676327 -0.186573 -1.526718 -0.174528 0.433415 -0.030783 1.000000 
0.352651 -0.855332 -0.677682 -0.152077 -1.528202 -0.196481 0.433168 -0.031107 1.000000 
0.345732 -0.874363 -0.678760 -0.117379 -1.529861 -0.218125 0.432917 -0.031472 1.000000 
0.338662 -0.893114 -0.679560 -0.082478 -1.531691 -0.239428 0.432664 -0.031880 1.000000 
0.331443 -0.911581 -0.680079 -0.047375 -1.533691 -0.260353 0.432407 -0.032333 1.000000 
0.324078 -0.929761 -0.680317 -0.012067 -1.535856 -0.280868 0.432146 -0.032831 1.000000 
0.316568 -0.947650 -0.680272 0.023444 -1.538184 -0.300939 0.431882 -0.033378 1.000000 
0.308916 -0.965243 -0.679941 0.059157 -1.540670 -0.320532 0.431612 -0.033976 1.000000 
0.301125 -0.982534 -0.679325 0.095071 -1.543311 -0.339616 0.431338 -0.034627 1.000000 
0.293196 -0.999516 -0.678420 0.131184 -1.546102 -0.358157 0.431058 -0.035335 1.000000 
0.285133 -1.016184 -0.677225 0.167492 -1.549040 -0.376125 0.430772 -0.036102 1.000000 
0.276938 -1.032528 -0.675739 0.203991 -1.552119 -0.393489 0.430480 -0.036933 1.000000 
0.268614 -1.048542 -0.673961 0.240676 -1.555334 -0.410217 0.430181 -0.037831 1.000000 
0.260162 -1.064216 -0.671888 0.277541 -1.558680 -0.426282 0.429875 -0.038801 1.000000 
0.251587 -1.079541 -0.669520 0.314579 -1.562153 -0.441653 0.429560 -0.039848 1.000000 
0.242891 -1.094506 -0.666854 0.351782 -1.565745 -0.456304 0.429237 -0.040976 1.000000 
0.234076 -1.109101 -0.663891 0.389141 -1.569451 -0.470207 0.428904 -0.042193 1.000000 
0.225146 -1.123314 -0.660628 0.426645 -1.573266 -0.483335 0.428562 -0.043504 1.000000 
0.216104 -1.137134 -0.657064 0.464283 -1.577183 -0.495665 0.428208 -0.044916 1.000000 
0.206953 -1.150548 -0.653199 0.502042 -1.581195 -0.507171 0.427843 -0.046438 1.000000 
0.197696 -1.163543 -0.649031 0.539908 -1.585295 -0.517831 0.427465 -0.048078 1.000000 
0.188338 -1.176106 -0.644560 0.577866 -1.589477 -0.527623 0.427073 -0.049846 1.000000 
0.178880 -1.188223 -0.639785 0.615900 -1.593735 -0.536527 0.426667 -0.051752 1.000000 
0.169327 -1.199880 -0.634706 0.653992 -1.598059 -0.544522 0.426245 -0.053809 1.000000 
0.159683 -1.211061 -0.629321 0.692122 -1.602445 -0.551593 0.425805 -0.056028 1.000000 
0.149952 -1.221752 -0.623632 0.730271 -1.606882 -0.557721 0.425348 -0.058426 1.000000 
0.140136 -1.231939 -0.617637 0.768417 -1.611366 -0.562893 0.424870 -0.061016 1.000000 
0.130242 -1.241604 -0.611337 0.806538 -1.615886 -0.567094 0.424371 -0.063818 1.000000 
0.120272 -1.250734 -0.604732 0.844609 -1.620436 -0.570313 0.423848 -0.066851 1.000000 
0.110232 -1.259311 -0.597823 0.882606 -1.625009 -0.572540 0.423301 -0.070136 1.000000 
0.100125 -1.267322 -0.590611 0.920502 -1.629594 -0.573767 0.422726 -0.073697 1.000000 
0.089956 -1.274749 -0.583096 0.958270 -1.634186 -0.573986 0.422121 -0.077561 1.000000 
0.079730 -1.281577 -0.575279 0.995881 -1.638776 -0.573194 0.421484 -0.081758 1.000000 
0.069452 -1.287791 -0.567162 1.033305 -1.643355 -0.571387 0.420812 -0.086320 1.000000 
0.059127 -1.293376 -0.558747 1.070514 -1.647915 -0.568564 0.420101 -0.091284 1.000000 
0.048760 -1.298316 -0.550035 1.107474 -1.652449 -0.564727 0.419350 -0.096690 1.000000 
0.038356 -1.302597 -0.541028 1.144154 -1.656948 -0.559878 0.418553 -0.102582 1.000000 
0.027920 -1.306205 -0.531729 1.180521 -1.661404 -0.554023 0.417707 -0.109010 1.000000 
0.017459 -1.309127 -0.522140 1.216541 -1.665810 -0.547169 0.416807 -0.116028 1.000000 
0.006976 -1.311348 -0.512265 1.252180 -1.670156 -0.539326 0.415849 -0.123696 1.000000 
-0.003521 -1.312857 -0.502107 1.287403 -1.674436 -0.530504 0.414826 -0.132080 1.000000 
-0.014028 -1.313641 -0.491668 1.322174 -1.678642 -0.520718 0.413734 -0.141250 1.000000 
-0.024537 -1.313690 -0.480953 1.356460 -1.682765 -0.509983 0.412564 -0.151284 1.000000 
-0.035045 -1.312993 -0.469966 1.390222 -1.686799 -0.498318 0.411311 -0.162266 1.000000 
-0.045543 -1.311542 -0.458711 1.423427 -1.690736 -0.485743 0.409965 -0.174284 1.000000 
-0.056027 -1.309327 -0.447193 1.456037 -1.694569 -0.472280 0.408519 -0.187434 1.000000 
-0.066490 -1.306341 -0.435416 1.488017 -1.698290 -0.457953 0.406963 -0.201811 1.000000 
-0.076927 -1.302579 -0.423386 1.519332 -1.701894 -0.442791 0.405286 -0.217514 1.000000 
-0.087330 -1.298035 -0.411109 1.549946 -1.705373 -0.426821 0.403479 -0.234640 1.000000 
-0.097693 -1.292704 -0.398589 1.579825 -1.708721 -0.410074 0.401528 -0.253281 1.000000 
-0.108011 -1.286585 -0.385834 1.608934 -1.711932 -0.392584 0.399422 -0.273514 1.000000 
-0.118276 -1.279676 -0.372848 1.637241 -1.715000 -0.374385 0.397148 -0.295401 1.000000 
-0.128483 -1.271977 -0.359640 1.664713 -1.717920 -0.355515 0.394691 -0.318973 1.000000 
-0.138626 -1.263490 -0.346215 1.691317 -1.720687 -0.336011 0.392039 -0.344221 1.000000 
-0.148697 -1.254216 -0.332581 1.717025 -1.723295 -0.315916 0.389179 -0.371082 1.000000 
-0.158691 -1.244160 -0.318745 1.741806 -1.725740 -0.295270 0.386098 -0.399426 1.000000 
-0.168602 -1.233328 -0.304715 1.765633 -1.728018 -0.274118 0.382785 -0.429037 1.000000 
-0.178422 -1.221727 -0.290498 1.788479 -1.730124 -0.252505 0.379231 -0.459599 1.000000 
-0.188147 -1.209365 -0.276102 1.810321 -1.732057 -0.230477 0.375430 -0.490682 1.000000 
-0.197770 -1.196253 -0.261536 1.831133 -1.733811 -0.208081 0.371380 -0.521742 1.000000 
-0.207285 -1.182401 -0.246807 1.850896 -1.735385 -0.185365 0.367084 -0.552111 1.000000 
-0.216687 -1.167822 -0.231924 1.869590 -1.736776 -0.162379 0.362550 -0.581025 1.000000 
-0.225969 -1.152530 -0.216896 1.887198 -1.737983 -0.139171 0.357794 -0.607642 1.000000 
-0.235125 -1.136542 -0.201732 1.903704 -1.739002 -0.115791 0.352836 -0.631091 1.000000 
-0.244151 -1.119872 -0.186440 1.919094 -1.739835 -0.092287 0.347707 -0.650528 1.000000 
-0.253042 -1.102539 -0.171029 1.933359 -1.740479 -0.068708 0.342441 -0.665200 1.000000 
-0.261790 -1.084561 -0.155509 1.946488 -1.740934 -0.045102 0.337078 -0.674511 1.000000 
-0.270393 -1.065958 -0.139889 1.958474 -1.741201 -0.021515 0.331664 -0.678079 1.000000 
-0.278844 -1.046749 -0.124177 1.969312 -1.741279 0.002008 0.326245 -0.675768 1.000000 
-0.287139 -1.026955 -0.108383 1.979000 -1.741169 0.025422 0.320867 -0.667708 1.000000 
-0.295274 -1.006597 -0.092516 1.987536 -1.740872 0.048686 0.315576 -0.654275 1.000000 
-0.303243 -0.985696 -0.076585 1.994920 -1.740390 0.071759 0.310411 -0.636053 1.000000 
-0.311044 -0.964274 -0.060600 2.001154 -1.739725 0.094602 0.305410 -0.613780 1.000000 
-0.318670 -0.942353 -0.044570 2.006242 -1.738877 0.117177 0.300600 -0.588282 1.000000 
-0.326120 -0.919954 -0.028503 2.010189 -1.737851 0.139450 0.296003 -0.560411 1.000000 
-0.333388 -0.897100 -0.012410 2.013002 -1.736647 0.161385 0.291637 -0.530991 1.000000 
-0.340472 -0.873813 0.003702 2.014686 -1.735269 0.182949 0.287510 -0.500772 1.000000 
-0.347368 -0.850115 0.019822 2.015253 -1.733721 0.204110 0.283625 -0.470409 1.000000 
-0.354073 -0.826028 0.035943 2.014710 -1.732005 0.224837 0.279982 -0.440442 1.000000 
-0.360584 -0.801574 0.052055 2.013069 -1.730125 0.245101 0.276576 -0.411299 1.000000 
-0.366897 -0.776777 0.068149 2.010342 -1.728085 0.264873 0.273398 -0.383300 1.000000 
-0.373011 -0.751657 0.084217 2.006541 -1.725888 0.284124 0.270439 -0.356668 1.000000 
-0.378923 -0.726238 0.100251 2.001680 -1.723540 0.302827 0.267688 -0.331543 1.000000 
-0.384630 -0.700542 0.116241 1.995774 -1.721045 0.320957 0.265130 -0.308000 1.000000 
-0.390131 -0.674590 0.132181 1.988839 -1.718406 0.338488 0.262755 -0.286060 1.000000 
-0.395423 -0.648406 0.148060 1.980890 -1.715630 0.355397 0.260549 -0.265703 1.000000 
-0.400505 -0.622010 0.163872 1.971945 -1.712722 0.371659 0.258500 -0.246881 1.000000 
-0.405375 -0.595426 0.179609 1.962021 -1.709686 0.387253 0.256595 -0.229527 1.000000 
-0.410031 -0.568674 0.195262 1.951138 -1.706527 0.402159 0.254824 -0.213560 1.000000 
-0.414473 -0.541776 0.210824 1.939315 -1.703253 0.416356 0.253175 -0.198890 1.000000 
-0.418700 -0.514753 0.226289 1.926572 -1.699868 0.429825 0.251638 -0.185429 1.000000 
-0.422709 -0.487627 0.241647 1.912928 -1.696378 0.442550 0.250205 -0.173084 1.000000 
-0.426501 -0.460417 0.256893 1.898406 -1.692789 0.454514 0.248866 -0.161768 1.000000 
-0.430076 -0.433144 0.272019 1.883027 -1.689108 0.465702 0.247614 -0.151396 1.000000 
-0.433432 -0.405827 0.287019 1.866814 -1.685340 0.476101 0.246442 -0.141888 1.000000 
-0.436569 -0.378487 0.301886 1.849787 -1.681492 0.485699 0.245342 -0.133170 1.000000 
-0.439487 -0.351142 0.316614 1.831971 -1.677571 0.494485 0.244309 -0.125173 1.000000 
-0.442187 -0.323810 0.331196 1.813388 -1.673583 0.502449 0.243337 -0.117832 1.000000 
-0.444668 -0.296509 0.345626 1.794061 -1.669534 0.509583 0.242422 -0.111090 1.000000 
-0.446931 -0.269258 0.359899 1.774014 -1.665431 0.515881 0.241558 -0.104893 1.000000 
-0.448977 -0.242072 0.374008 1.753270 -1.661282 0.521336 0.240742 -0.099192 1.000000 
-0.450805 -0.214967 0.387949 1.731853 -1.657092 0.525946 0.239970 -0.093944 1.000000 
-0.452416 -0.187961 0.401716 1.709786 -1.652869 0.529707 0.239238 -0.089108 1.000000 
-0.453812 -0.161066 0.415304 1.687092 -1.648619 0.532619 0.238543 -0.084648 1.000000 
-0.454994 -0.134299 0.428708 1.663794 -1.644349 0.534681 0.237883 -0.080531 1.000000 
-0.455962 -0.107672 0.441923 1.639916 -1.640067 0.535894 0.237254 -0.076727 1.000000 
-0.456717 -0.081199 0.454945 1.615481 -1.635777 0.536261 0.236655 -0.073210 1.000000 
-0.457261 -0.054893 0.467770 1.590509 -1.631489 0.535787 0.236082 -0.069954 1.000000 
-0.457596 -0.028764 0.480392 1.565025 -1.627207 0.534476 0.235535 -0.066939 1.000000 
-0.457722 -0.002825 0.492809 1.539050 -1.622939 0.532335 0.235010 -0.064143 1.000000 
-0.457641 0.022915 0.505016 1.512604 -1.618692 0.529372 0.234508 -0.061550 1.000000 
-0.457356 0.048445 0.517009 1.485708 -1.614472 0.525594 0.234025 -0.059143 1.000000 
-0.456867 0.073756 0.528786 1.458383 -1.610285 0.521013 0.233561 -0.056906 1.000000 
-0.456176 0.098840 0.540342 1.430649 -1.606137 0.515638 0.233114 -0.054827 1.000000 
-0.455286 0.123689 0.551675 1.402525 -1.602036 0.509483 0.232683 -0.052893 1.000000 
-0.454198 0.148295 0.562782 1.374029 -1.597988 0.502560 0.232268 -0.051094 1.000000 
-0.452914 0.172652 0.573659 1.345179 -1.593997 0.494883 0.231866 -0.049418 1.000000 
-0.451436 0.196754 0.584304 1.315992 -1.590072 0.486467 0.231477 -0.047858 1.000000 
-0.449767 0.220595 0.594714 1.286486 -1.586216 0.477328 0.231100 -0.046405 1.000000 
-0.447907 0.244169 0.604887 1.256675 -1.582436 0.467484 0.230734 -0.045051 1.000000 
-0.445861 0.267474 0.614820 1.226575 -1.578738 0.456951 0.230379 -0.043790 1.000000 
-0.443629 0.290504 0.624511 1.196201 -1.575127 0.445748 0.230033 -0.042615 1.000000 
-0.441213 0.313257 0.633958 1.165566 -1.571608 0.433895 0.229696 -0.041520 1.000000 
-0.438617 0.335729 0.643159 1.134683 -1.568186 0.421411 0.229368 -0.040501 1.000000 
-0.435842 0.357918 0.652113 1.103564 -1.564867 0.408316 0.229048 -0.039553 1.000000 
-0.432891 0.379822 0.660816 1.072221 -1.561655 0.394633 0.228735 -0.038670 1.000000 
-0.429766 0.401438 0.669267 1.040665 -1.558554 0.380383 0.228429 -0.037850 1.000000 
-0.426469 0.422767 0.677466 1.008905 -1.555570 0.365588 0.228130 -0.037089 1.000000 
-0.423003 0.443806 0.685409 0.976952 -1.552706 0.350273 0.227836 -0.036384 1.000000 
-0.419369 0.464555 0.693097 0.944813 -1.549967 0.334459 0.227547 -0.035731 1.000000 
-0.415570 0.485014 0.700526 0.912496 -1.547356 0.318171 0.227264 -0.035128 1.000000 
-0.411609 0.505183 0.707696 0.880009 -1.544877 0.301435 0.226985 -0.034572 1.000000 
-0.407488 0.525061 0.714606 0.847358 -1.542534 0.284273 0.226711 -0.034061 1.000000 
-0.403209 0.544650 0.721253 0.814550 -1.540330 0.266713 0.226440 -0.033594 1.000000 
-0.398775 0.563948 0.727638 0.781589 -1.538268 0.248779 0.226173 -0.033168 1.000000 
-0.394187 0.582958 0.733758 0.748480 -1.536351 0.230498 0.225909 -0.032781 1.000000 
-0.389448 0.601680 0.739613 0.715228 -1.534581 0.211895 0.225649 -0.032433 1.000000 
-0.384561 0.620114 0.745202 0.681835 -1.532961 0.192998 0.225390 -0.032121 1.000000 
-0.379527 0.638261 0.750522 0.648306 -1.531494 0.173833 0.225134 -0.031846 1.000000 
-0.374349 0.656123 0.755574 0.614643 -1.530180 0.154427 0.224881 -0.031605 1.000000 
-0.369030 0.673701 0.760356 0.580848 -1.529023 0.134807 0.224629 -0.031397 1.000000 
-0.363571 0.690994 0.764867 0.546923 -1.528024 0.115001 0.224378 -0.031223 1.000000 
-0.357975 0.708005 0.769107 0.512869 -1.527184 0.095036 0.224129 -0.031081 1.000000 
-0.352244 0.724733 0.773073 0.478688 -1.526504 0.074940 0.223881 -0.030971 1.000000 
-0.346380 0.741180 0.776765 0.444380 -1.525985 0.054741 0.223633 -0.030893 1.000000 
-0.340385 0.757345 0.780183 0.409947 -1.525628 0.034465 0.223387 -0.030845 1.000000 
-0.334263 0.773230 0.783324 0.375387 -1.525434 0.014142 0.223140 -0.030829 1.000000 
-0.328014 0.788835 0.786189 0.340703 -1.525402 -0.006201 0.222893 -0.030843 1.000000 
-0.321642 0.804159 0.788775 0.305893 -1.525533 -0.026536 0.222646 -0.030888 1.000000 
-0.315149 0.819203 0.791083 0.270959 -1.525826 -0.046835 0.222399 -0.030964 1.000000 
-0.308536 0.833966 0.793110 0.235899 -1.526282 -0.067071 0.222151 -0.031072 1.000000 
-0.301806 0.848447 0.794857 0.200714 -1.526899 -0.087216 0.221902 -0.031211 1.000000 
-0.294961 0.862647 0.796321 0.165405 -1.527677 -0.107241 0.221651 -0.031382 1.000000 
-0.288004 0.876562 0.797503 0.129970 -1.528615 -0.127120 0.221399 -0.031586 1.000000 
-0.280937 0.890193 0.798400 0.094412 -1.529711 -0.146826 0.221146 -0.031823 1.000000 
-0.273762 0.903537 0.799013 0.058730 -1.530963 -0.166330 0.220890 -0.032094 1.000000 
-0.266481 0.916593 0.799340 0.022925 -1.532371 -0.185606 0.220632 -0.032400 1.000000 
-0.259097 0.929357 0.799380 -0.013003 -1.533932 -0.204627 0.220372 -0.032742 1.000000 
-0.251612 0.941828 0.799131 -0.049050 -1.535645 -0.223366 0.220108 -0.033122 1.000000 
-0.244029 0.954003 0.798594 -0.085217 -1.537505 -0.241797 0.219842 -0.033540 1.000000 
-0.236349 0.965877 0.797768 -0.121500 -1.539512 -0.259894 0.219572 -0.033998 1.000000 
-0.228576 0.977449 0.796650 -0.157897 -1.541663 -0.277631 0.219298 -0.034498 1.000000 
-0.220711 0.988712 0.795241 -0.194406 -1.543953 -0.294983 0.219019 -0.035042 1.000000 
-0.212757 0.999664 0.793539 -0.231022 -1.546381 -0.311925 0.218737 -0.035631 1.000000 
-0.204717 1.010299 0.791544 -0.267741 -1.548943 -0.328431 0.218449 -0.036268 1.000000 
-0.196593 1.020613 0.789255 -0.304559 -1.551635 -0.344479 0.218156 -0.036956 1.000000 
-0.188388 1.030600 0.786671 -0.341471 -1.554453 -0.360044 0.217858 -0.037697 1.000000 
-0.180104 1.040255 0.783791 -0.378470 -1.557394 -0.375102 0.217553 -0.038493 1.000000 
-0.171745 1.049572 0.780615 -0.415549 -1.560454 -0.389632 0.217242 -0.039349 1.000000 
-0.163312 1.058544 0.777142 -0.452702 -1.563627 -0.403610 0.216923 -0.040268 1.000000 
-0.154809 1.067165 0.773372 -0.489921 -1.566910 -0.417017 0.216597 -0.041253 1.000000 
-0.146239 1.075429 0.769304 -0.527195 -1.570298 -0.429829 0.216263 -0.042310 1.000000 
-0.137603 1.083327 0.764937 -0.564517 -1.573786 -0.442028 0.215920 -0.043441 1.000000 
-0.128906 1.090854 0.760271 -0.601875 -1.577368 -0.453593 0.215568 -0.044653 1.000000 
-0.120151 1.098001 0.755307 -0.639258 -1.581041 -0.464507 0.215205 -0.045951 1.000000 
-0.111339 1.104761 0.750043 -0.676654 -1.584799 -0.474750 0.214832 -0.047341 1.000000 
-0.102475 1.111126 0.744480 -0.714051 -1.588635 -0.484306 0.214448 -0.048830 1.000000 
-0.093562 1.117088 0.738618 -0.751434 -1.592546 -0.493158 0.214051 -0.050424 1.000000 
-0.084603 1.122638 0.732457 -0.788789 -1.596524 -0.501291 0.213641 -0.052131 1.000000 
-0.075601 1.127769 0.725998 -0.826100 -1.600565 -0.508690 0.213216 -0.053961 1.000000 
-0.066560 1.132472 0.719240 -0.863352 -1.604661 -0.515342 0.212777 -0.055922 1.000000 
-0.057483 1.136738 0.712184 -0.900526 -1.608808 -0.521234 0.212321 -0.058025 1.000000 
-0.048373 1.140560 0.704832 -0.937606 -1.612999 -0.526354 0.211848 -0.060281 1.000000 
-0.039235 1.143928 0.697183 -0.974573 -1.617228 -0.530692 0.211356 -0.062702 1.000000 
-0.030072 1.146834 0.689239 -1.011406 -1.621488 -0.534239 0.210844 -0.065302 1.000000 
-0.020887 1.149271 0.681001 -1.048087 -1.625773 -0.536987 0.210311 -0.068096 1.000000 
-0.011685 1.151229 0.672470 -1.084592 -1.630077 -0.538928 0.209754 -0.071100 1.000000 
-0.002469 1.152701 0.663648 -1.120902 -1.634394 -0.540057 0.209173 -0.074331 1.000000 
0.006757 1.153678 0.654536 -1.156993 -1.638716 -0.540369 0.208564 -0.077810 1.000000 
0.015989 1.154153 0.645137 -1.192842 -1.643038 -0.539861 0.207927 -0.081557 1.000000 
0.025222 1.154119 0.635451 -1.228425 -1.647352 -0.538530 0.207259 -0.085596 1.000000 
0.034453 1.153567 0.625483 -1.263719 -1.651652 -0.536377 0.206557 -0.089952 1.000000 
0.043678 1.152492 0.615233 -1.298697 -1.655932 -0.533403 0.205818 -0.094654 1.000000 
0.052892 1.150886 0.604704 -1.333335 -1.660184 -0.529608 0.205041 -0.099732 1.000000 
0.062091 1.148744 0.593900 -1.367607 -1.664403 -0.524997 0.204222 -0.105220 1.000000 
0.071270 1.146058 0.582824 -1.401487 -1.668582 -0.519574 0.203356 -0.111153 1.000000 
0.080426 1.142825 0.571478 -1.434947 -1.672714 -0.513347 0.202442 -0.117571 1.000000 
0.089554 1.139038 0.559866 -1.467961 -1.676793 -0.506323 0.201474 -0.124517 1.000000 
0.098649 1.134695 0.547992 -1.500501 -1.680813 -0.498510 0.200448 -0.132036 1.000000 
0.107708 1.129790 0.535859 -1.532542 -1.684767 -0.489921 0.199360 -0.140178 1.000000 
0.116724 1.124320 0.523472 -1.564054 -1.688650 -0.480567 0.198203 -0.148995 1.000000 
0.125695 1.118283 0.510836 -1.595011 -1.692455 -0.470461 0.196974 -0.158543 1.000000 
0.134615 1.111676 0.497954 -1.625386 -1.696175 -0.459620 0.195665 -0.168879 1.000000 
0.143480 1.104499 0.484831 -1.655151 -1.699807 -0.448059 0.194269 -0.180063 1.000000 
0.152286 1.096749 0.471473 -1.684278 -1.703342 -0.435798 0.192781 -0.192156 1.000000 
0.161027 1.088428 0.457884 -1.712742 -1.706777 -0.422854 0.191192 -0.205219 1.000000 
0.169699 1.079536 0.444071 -1.740516 -1.710106 -0.409250 0.189495 -0.219310 1.000000 
0.178298 1.070075 0.430038 -1.767573 -1.713324 -0.395008 0.187681 -0.234483 1.000000 
0.186819 1.060045 0.415792 -1.793889 -1.716425 -0.380151 0.185740 -0.250783 1.000000 
0.195257 1.049451 0.401338 -1.819438 -1.719405 -0.364704 0.183665 -0.268245 1.000000 
0.203609 1.038296 0.386683 -1.844196 -1.722259 -0.348694 0.181445 -0.286887 1.000000 
0.211869 1.026585 0.371833 -1.868140 -1.724982 -0.332148 0.179072 -0.306706 1.000000 
0.220032 1.014323 0.356795 -1.891246 -1.727572 -0.315095 0.176535 -0.327668 1.000000 
0.228096 1.001516 0.341575 -1.913493 -1.730023 -0.297566 0.173826 -0.349707 1.000000 
0.236055 0.988171 0.326181 -1.934860 -1.732331 -0.279590 0.170937 -0.372710 1.000000 
0.243906 0.974295 0.310620 -1.955328 -1.734495 -0.261200 0.167861 -0.396516 1.000000 
0.251643 0.959899 0.294899 -1.974876 -1.736510 -0.242429 0.164591 -0.420904 1.000000 
0.259263 0.944990 0.279024 -1.993488 -1.738373 -0.223310 0.161125 -0.445590 1.000000 
0.266761 0.929579 0.263005 -2.011147 -1.740082 -0.203878 0.157462 -0.470225 1.000000 
0.274135 0.913678 0.246849 -2.027839 -1.741634 -0.184168 0.153603 -0.494396 1.000000 
0.281379 0.897296 0.230562 -2.043549 -1.743028 -0.164216 0.149554 -0.517631 1.000000 
0.288490 0.880448 0.214155 -2.058265 -1.744261 -0.144056 0.145325 -0.539418 1.000000 
0.295465 0.863145 0.197633 -2.071976 -1.745332 -0.123724 0.140929 -0.559216 1.000000 
0.302299 0.845402 0.181006 -2.084673 -1.746240 -0.103258 0.136384 -0.576489 1.000000 
0.308990 0.827233 0.164281 -2.096347 -1.746984 -0.082692 0.131713 -0.590731 1.000000 
0.315534 0.808651 0.147467 -2.106992 -1.747563 -0.062062 0.126942 -0.601500 1.000000 
0.321927 0.789672 0.130572 -2.116602 -1.747977 -0.041403 0.122099 -0.608450 1.000000 
0.328168 0.770312 0.113604 -2.125175 -1.748226 -0.020749 0.117217 -0.611356 1.000000 
0.334251 0.750586 0.096572 -2.132707 -1.748309 -0.000134 0.112328 -0.610129 1.000000 
0.340176 0.730510 0.079483 -2.139197 -1.748228 0.020408 0.107466 -0.604826 1.000000 
0.345939 0.710100 0.062347 -2.144646 -1.747983 0.040847 0.102662 -0.595644 1.000000 
0.351537 0.689371 0.045172 -2.149055 -1.747575 0.061150 0.097945 -0.582903 1.000000 
0.356968 0.668342 0.027965 -2.152427 -1.747005 0.081288 0.093343 -0.567021 1.000000 
0.362229 0.647027 0.010736 -2.154765 -1.746275 0.101231 0.088880 -0.548485 1.000000 
0.367319 0.625443 -0.006508 -2.156074 -1.745386 0.120951 0.084573 -0.527818 1.000000 
0.372236 0.603606 -0.023759 -2.156360 -1.744340 0.140420 0.080439 -0.505550 1.000000 
0.376977 0.581533 -0.041007 -2.155630 -1.743140 0.159613 0.076488 -0.482194 1.000000 
0.381540 0.559240 -0.058246 -2.153890 -1.741787 0.178502 0.072726 -0.458220 1.000000 
0.385924 0.536744 -0.075467 -2.151151 -1.740285 0.197064 0.069157 -0.434047 1.000000 
0.390127 0.514059 -0.092662 -2.147420 -1.738635 0.215274 0.065780 -0.410033 1.000000 
0.394148 0.491203 -0.109823 -2.142708 -1.736841 0.233108 0.062595 -0.386472 1.000000 
0.397986 0.468192 -0.126943 -2.137026 -1.734906 0.250544 0.059595 -0.363598 1.000000 
0.401639 0.445041 -0.144013 -2.130385 -1.732834 0.267560 0.056775 -0.341587 1.000000 
0.405106 0.421766 -0.161026 -2.122797 -1.730627 0.284133 0.054127 -0.320563 1.000000 
0.408387 0.398384 -0.177975 -2.114276 -1.728289 0.300244 0.051643 -0.300607 1.000000 
0.411480 0.374909 -0.194852 -2.104835 -1.725824 0.315872 0.049314 -0.281766 1.000000 
0.414385 0.351357 -0.211650 -2.094487 -1.723236 0.330997 0.047132 -0.264053 1.000000 
0.417102 0.327743 -0.228362 -2.083248 -1.720529 0.345603 0.045086 -0.247462 1.000000 
0.419629 0.304083 -0.244980 -2.071134 -1.717708 0.359670 0.043169 -0.231968 1.000000 
0.421967 0.280391 -0.261497 -2.058159 -1.714776 0.373182 0.041372 -0.217532 1.000000 
0.424115 0.256682 -0.277908 -2.044341 -1.711739 0.386122 0.039686 -0.204108 1.000000 
0.426074 0.232971 -0.294205 -2.029695 -1.708600 0.398476 0.038104 -0.191644 1.000000 
0.427843 0.209271 -0.310381 -2.014240 -1.705365 0.410228 0.036618 -0.180085 1.000000 
0.429422 0.185598 -0.326430 -1.997994 -1.702038 0.421366 0.035220 -0.169372 1.000000 
0.430813 0.161963 -0.342347 -1.980973 -1.698624 0.431876 0.033905 -0.159451 1.000000 
0.432014 0.138381 -0.358124 -1.963197 -1.695129 0.441748 0.032667 -0.150266 1.000000 
0.433027 0.114865 -0.373756 -1.944684 -1.691558 0.450969 0.031499 -0.141762 1.000000 
0.433852 0.091427 -0.389237 -1.925454 -1.687916 0.459531 0.030397 -0.133890 1.000000 
0.434490 0.068080 -0.404561 -1.905524 -1.684207 0.467424 0.029356 -0.126602 1.000000 
0.434941 0.044835 -0.419724 -1.884916 -1.680439 0.474641 0.028370 -0.119852 1.000000 
0.435208 0.021705 -0.434718 -1.863647 -1.676615 0.481175 0.027437 -0.113599 1.000000 
0.435289 -0.001300 -0.449540 -1.841738 -1.672742 0.487020 0.026551 -0.107803 1.000000 
0.435187 -0.024169 -0.464184 -1.819207 -1.668825 0.492170 0.025711 -0.102428 1.000000 
0.434903 -0.046891 -0.478646 -1.796076 -1.664869 0.496623 0.024911 -0.097441 1.000000 
0.434437 -0.069457 -0.492920 -1.772362 -1.660880 0.500375 0.024151 -0.092811 1.000000 
0.433792 -0.091857 -0.507002 -1.748087 -1.656865 0.503424 0.023426 -0.088510 1.000000 
0.432968 -0.114081 -0.520888 -1.723268 -1.652828 0.505769 0.022734 -0.084512 1.000000 
0.431967 -0.136121 -0.534573 -1.697926 -1.648774 0.507410 0.022073 -0.080793 1.000000 
0.430791 -0.157969 -0.548054 -1.672079 -1.644711 0.508348 0.021440 -0.077332 1.000000 
0.429440 -0.179617 -0.561325 -1.645746 -1.640643 0.508586 0.020835 -0.074108 1.000000 
0.427917 -0.201057 -0.574384 -1.618946 -1.636575 0.508125 0.020254 -0.071104 1.000000 
0.426224 -0.222282 -0.587227 -1.591698 -1.632515 0.506969 0.019697 -0.068302 1.000000 
0.424361 -0.243286 -0.599850 -1.564018 -1.628466 0.505123 0.019161 -0.065688 1.000000 
0.422332 -0.264063 -0.612250 -1.535925 -1.624434 0.502593 0.018645 -0.063248 1.000000 
0.420137 -0.284606 -0.624424 -1.507437 -1.620426 0.499385 0.018148 -0.060968 1.000000 
0.417779 -0.304911 -0.636368 -1.478569 -1.616446 0.495505 0.017669 -0.058838 1.000000 
0.415259 -0.324972 -0.648080 -1.449340 -1.612500 0.490963 0.017207 -0.056846 1.000000 
0.412580 -0.344785 -0.659557 -1.419764 -1.608592 0.485766 0.016759 -0.054982 1.000000 
0.409743 -0.364345 -0.670795 -1.389858 -1.604729 0.479925 0.016326 -0.053238 1.000000 
0.406751 -0.383649 -0.681794 -1.359636 -1.600915 0.473449 0.015907 -0.051606 1.000000 
0.403605 -0.402693 -0.692549 -1.329114 -1.597156 0.466350 0.015501 -0.050077 1.000000 
0.400309 -0.421473 -0.703059 -1.298305 -1.593455 0.458639 0.015106 -0.048646 1.000000 
0.396863 -0.439988 -0.713321 -1.267224 -1.589819 0.450328 0.014722 -0.047305 1.000000 
0.393270 -0.458235 -0.723334 -1.235884 -1.586252 0.441432 0.014349 -0.046049 1.000000 
0.389532 -0.476210 -0.733094 -1.204296 -1.582758 0.431963 0.013985 -0.044872 1.000000 
0.385651 -0.493913 -0.742602 -1.172475 -1.579342 0.421936 0.013630 -0.043770 1.000000 
0.381630 -0.511342 -0.751853 -1.140430 -1.576008 0.411365 0.013284 -0.042738 1.000000 
0.377470 -0.528494 -0.760848 -1.108174 -1.572761 0.400267 0.012946 -0.041773 1.000000 
0.373175 -0.545370 -0.769584 -1.075716 -1.569605 0.388656 0.012616 -0.040869 1.000000 
0.368745 -0.561968 -0.778059 -1.043067 -1.566544 0.376550 0.012292 -0.040024 1.000000 
0.364184 -0.578287 -0.786272 -1.010237 -1.563582 0.363966 0.011975 -0.039235 1.000000 
0.359493 -0.594328 -0.794222 -0.977233 -1.560722 0.350920 0.011664 -0.038498 1.000000 
0.000000 0.000000 0.000000 0.000000 0.000000 0.000000 0.000000 0.000000 0.000000 
