-0.086976 0.158961 -0.085148 -0.099048 -1.533610 -0.026597 1.194036 -0.083424 -1.000000 
-0.085621 0.179685 -0.085881 -0.084326 -1.533856 -0.034885 1.193356 -0.086493 -1.000000 
-0.084102 0.200155 -0.086496 -0.069423 -1.534167 -0.042945 1.192650 -0.090056 -1.000000 
-0.082419 0.220349 -0.086992 -0.054354 -1.534542 -0.050724 1.191914 -0.094167 -1.000000 
-0.080577 0.240242 -0.087366 -0.039136 -1.534978 -0.058171 1.191142 -0.098892 -1.000000 
-0.078576 0.259808 -0.087617 -0.023786 -1.535472 -0.065239 1.190330 -0.104308 -1.000000 
-0.076421 0.279022 -0.087746 -0.008322 -1.536021 -0.071881 1.189471 -0.110508 -1.000000 
-0.074113 0.297855 -0.087750 0.007238 -1.536621 -0.078054 1.188559 -0.117605 -1.000000 
-0.071656 0.316281 -0.087630 0.022875 -1.537268 -0.083720 1.187587 -0.125732 -1.000000 
-0.069054 0.334268 -0.087384 0.038567 -1.537959 -0.088840 1.186544 -0.135050 -1.000000 
-0.066309 0.351789 -0.087013 0.054295 -1.538688 -0.093383 1.185422 -0.145753 -1.000000 
-0.063426 0.368812 -0.086515 0.070035 -1.539451 -0.097320 1.184208 -0.158074 -1.000000 
-0.060409 0.385306 -0.085892 0.085764 -1.540243 -0.100625 1.182888 -0.172297 -1.000000 
-0.057263 0.401239 -0.085143 0.101457 -1.541060 -0.103280 1.181445 -0.188765 -1.000000 
-0.053991 0.416578 -0.084269 0.117090 -1.541894 -0.105268 1.179860 -0.207897 -1.000000 
-0.050599 0.431291 -0.083270 0.132636 -1.542742 -0.106578 1.178110 -0.230205 -1.000000 
-0.047092 0.445346 -0.082147 0.148067 -1.543598 -0.107204 1.176167 -0.256314 -1.000000 
-0.043476 0.458710 -0.080901 0.163357 -1.544455 -0.107146 1.173997 -0.286991 -1.000000 
-0.039755 0.471352 -0.079534 0.178478 -1.545310 -0.106408 1.171561 -0.323178 -1.000000 
-0.035936 0.483240 -0.078046 0.193400 -1.546156 -0.104999 1.168809 -0.366027 -1.000000 
-0.032025 0.494345 -0.076440 0.208095 -1.546988 -0.102933 1.165683 -0.416946 -1.000000 
-0.028029 0.504639 -0.074717 0.222535 -1.547801 -0.100231 1.162111 -0.477640 -1.000000 
-0.023953 0.514094 -0.072880 0.236692 -1.548590 -0.096917 1.158009 -0.550156 -1.000000 
-0.019805 0.522686 -0.070931 0.250536 -1.549351 -0.093022 1.153271 -0.636900 -1.000000 
-0.015593 0.530393 -0.068873 0.264042 -1.550077 -0.088578 1.147773 -0.740617 -1.000000 
-0.011322 0.537195 -0.066708 0.277183 -1.550766 -0.083627 1.141368 -0.864286 -1.000000 
-0.007000 0.543076 -0.064439 0.289933 -1.551414 -0.078213 1.133884 -1.010870 -1.000000 
-0.002635 0.548023 -0.062070 0.302267 -1.552017 -0.072383 1.125126 -1.182832 -1.000000 
0.001766 0.552027 -0.059604 0.314161 -1.552571 -0.066194 1.114887 -1.381322 -1.000000 
0.006195 0.555087 -0.057044 0.325593 -1.553075 -0.059705 1.102958 -1.604992 -1.000000 
0.010645 0.557205 -0.054396 0.336539 -1.553526 -0.052984 1.089154 -1.848505 -1.000000 
0.015108 0.558392 -0.051661 0.346979 -1.553922 -0.046104 1.073357 -2.101123 -1.000000 
0.019577 0.558666 -0.048845 0.356892 -1.554263 -0.039146 1.055556 -2.346085 -1.000000 
0.024044 0.558056 -0.045952 0.366262 -1.554549 -0.032195 1.035897 -2.561748 -1.000000 
0.028503 0.556597 -0.042987 0.375075 -1.554779 -0.025333 1.014708 -2.725085 -1.000000 
0.032948 0.554334 -0.039953 0.383325 -1.554954 -0.018636 0.992487 -2.817012 -1.000000 
0.037371 0.551315 -0.036855 0.391011 -1.555078 -0.012163 0.969854 -2.827595 -1.000000 
0.041767 0.547588 -0.033698 0.398140 -1.555150 -0.005956 0.947459 -2.758687 -1.000000 
0.046130 0.543203 -0.030486 0.404724 -1.555174 -0.000037 0.925894 -2.622762 -1.000000 
0.050456 0.538202 -0.027224 0.410777 -1.555151 0.005591 0.905623 -2.438766 -1.000000 
0.054740 0.532626 -0.023915 0.416318 -1.555085 0.010933 0.886947 -2.227130 -1.000000 
0.058977 0.526506 -0.020564 0.421365 -1.554977 0.016004 0.870014 -2.005889 -1.000000 
0.063163 0.519873 -0.017174 0.425932 -1.554830 0.020819 0.854842 -1.788701 -1.000000 
0.067294 0.512751 -0.013750 0.430037 -1.554645 0.025392 0.841360 -1.584522 -1.000000 
0.071365 0.505162 -0.010295 0.433691 -1.554424 0.029737 0.829441 -1.398294 -1.000000 
0.075375 0.497124 -0.006812 0.436906 -1.554169 0.033862 0.818934 -1.231977 -1.000000 
0.079318 0.488656 -0.003306 0.439693 -1.553883 0.037775 0.809676 -1.085572 -1.000000 
0.083192 0.479773 0.000222 0.442059 -1.553565 0.041481 0.801514 -0.957920 -1.000000 
0.086994 0.470489 0.003766 0.444013 -1.553219 0.044981 0.794304 -0.847285 -1.000000 
0.090719 0.460820 0.007325 0.445560 -1.552846 0.048277 0.787918 -0.751720 -1.000000 
0.094366 0.450777 0.010894 0.446707 -1.552448 0.051367 0.782242 -0.669290 -1.000000 
0.097931 0.440376 0.014471 0.447460 -1.552025 0.054251 0.777179 -0.598192 -1.000000 
0.101411 0.429628 0.018052 0.447824 -1.551580 0.056926 0.772645 -0.536806 -1.000000 
0.104804 0.418547 0.021635 0.447803 -1.551115 0.059389 0.768568 -0.483714 -1.000000 
0.108107 0.407144 0.025216 0.447402 -1.550630 0.061639 0.764887 -0.437695 -1.000000 
0.111317 0.395434 0.028793 0.446627 -1.550129 0.063672 0.761549 -0.397704 -1.000000 
0.114433 0.383427 0.032361 0.445481 -1.549612 0.065486 0.758510 -0.362856 -1.000000 
0.117451 0.371138 0.035919 0.443969 -1.549082 0.067079 0.755731 -0.332401 -1.000000 
0.120370 0.358577 0.039464 0.442097 -1.548540 0.068449 0.753181 -0.305710 -1.000000 
0.123188 0.345757 0.042992 0.439869 -1.547987 0.069593 0.750831 -0.282248 -1.000000 
0.125902 0.332692 0.046501 0.437289 -1.547427 0.070511 0.748658 -0.261567 -1.000000 
0.128510 0.319392 0.049988 0.434364 -1.546860 0.071202 0.746640 -0.243287 -1.000000 
0.131011 0.305871 0.053450 0.431097 -1.546288 0.071666 0.744760 -0.227087 -1.000000 
0.133404 0.292140 0.056884 0.427494 -1.545714 0.071903 0.743002 -0.212696 -1.000000 
0.135685 0.278212 0.060289 0.423561 -1.545138 0.071914 0.741352 -0.199881 -1.000000 
0.137855 0.264099 0.063660 0.419303 -1.544564 0.071700 0.739800 -0.188446 -1.000000 
0.139910 0.249812 0.066997 0.414725 -1.543992 0.071263 0.738334 -0.178223 -1.000000 
0.141851 0.235364 0.070295 0.409833 -1.543424 0.070605 0.736945 -0.169068 -1.000000 
0.143676 0.220767 0.073553 0.404633 -1.542863 0.069731 0.735626 -0.160857 -1.000000 
0.145383 0.206031 0.076768 0.399131 -1.542309 0.068643 0.734369 -0.153485 -1.000000 
0.146972 0.191170 0.079939 0.393332 -1.541765 0.067345 0.733169 -0.146859 -1.000000 
0.148441 0.176193 0.083061 0.387242 -1.541232 0.065843 0.732018 -0.140900 -1.000000 
0.149791 0.161113 0.086134 0.380868 -1.540712 0.064141 0.730913 -0.135540 -1.000000 
0.151019 0.145941 0.089154 0.374216 -1.540206 0.062246 0.729848 -0.130720 -1.000000 
0.152126 0.130688 0.092120 0.367291 -1.539716 0.060163 0.728820 -0.126388 -1.000000 
0.153110 0.115365 0.095030 0.360100 -1.539244 0.057900 0.727824 -0.122498 -1.000000 
0.153971 0.099982 0.097881 0.352650 -1.538791 0.055464 0.726859 -0.119012 -1.000000 
0.154709 0.084551 0.100672 0.344946 -1.538357 0.052862 0.725919 -0.115897 -1.000000 
0.155324 0.069083 0.103400 0.336995 -1.537945 0.050103 0.725003 -0.113121 -1.000000 
0.155815 0.053586 0.106063 0.328803 -1.537556 0.047195 0.724109 -0.110659 -1.000000 
0.156181 0.038073 0.108660 0.320378 -1.537190 0.044147 0.723232 -0.108490 -1.000000 
0.156424 0.022553 0.111189 0.311724 -1.536850 0.040968 0.722372 -0.106593 -1.000000 
0.156542 0.007035 0.113647 0.302849 -1.536535 0.037669 0.721526 -0.104951 -1.000000 
0.156536 -0.008469 0.116034 0.293759 -1.536247 0.034258 0.720692 -0.103551 -1.000000 
0.156407 -0.023950 0.118347 0.284461 -1.535987 0.030747 0.719869 -0.102380 -1.000000 
0.156153 -0.039398 0.120584 0.274960 -1.535756 0.027145 0.719053 -0.101428 -1.000000 
0.155776 -0.054804 0.122745 0.265265 -1.535553 0.023464 0.718245 -0.100686 -1.000000 
0.155277 -0.070159 0.124828 0.255381 -1.535380 0.019714 0.717442 -0.100147 -1.000000 
0.154654 -0.085452 0.126831 0.245314 -1.535238 0.015906 0.716642 -0.099806 -1.000000 
0.153910 -0.100674 0.128753 0.235072 -1.535126 0.012051 0.715845 -0.099659 -1.000000 
0.153044 -0.115817 0.130592 0.224661 -1.535045 0.008161 0.715047 -0.099703 -1.000000 
0.152057 -0.130870 0.132347 0.214088 -1.534996 0.004247 0.714249 -0.099938 -1.000000 
0.150950 -0.145825 0.134017 0.203359 -1.534977 0.000321 0.713448 -0.100362 -1.000000 
0.149724 -0.160673 0.135600 0.192481 -1.534990 -0.003607 0.712642 -0.100978 -1.000000 
0.148379 -0.175405 0.137096 0.181462 -1.535035 -0.007526 0.711832 -0.101788 -1.000000 
0.146918 -0.190011 0.138503 0.170307 -1.535111 -0.011422 0.711013 -0.102795 -1.000000 
0.145340 -0.204484 0.139821 0.159024 -1.535218 -0.015287 0.710186 -0.104005 -1.000000 
0.143646 -0.218813 0.141047 0.147620 -1.535355 -0.019108 0.709349 -0.105425 -1.000000 
0.141839 -0.232991 0.142182 0.136101 -1.535523 -0.022874 0.708499 -0.107061 -1.000000 
0.139919 -0.247008 0.143225 0.124475 -1.535721 -0.026575 0.707635 -0.108925 -1.000000 
0.137887 -0.260855 0.144174 0.112749 -1.535948 -0.030201 0.706755 -0.111026 -1.000000 
0.135746 -0.274525 0.145028 0.100930 -1.536204 -0.033740 0.705858 -0.113377 -1.000000 
0.133495 -0.288008 0.145788 0.089026 -1.536488 -0.037183 0.704941 -0.115993 -1.000000 
0.131138 -0.301295 0.146453 0.077043 -1.536799 -0.040520 0.704001 -0.118891 -1.000000 
0.128675 -0.314378 0.147021 0.064989 -1.537136 -0.043742 0.703038 -0.122089 -1.000000 
0.126109 -0.327249 0.147492 0.052872 -1.537498 -0.046840 0.702047 -0.125609 -1.000000 
0.123440 -0.339898 0.147867 0.040700 -1.537885 -0.049804 0.701027 -0.129474 -1.000000 
0.120671 -0.352317 0.148143 0.028480 -1.538295 -0.052627 0.699974 -0.133712 -1.000000 
0.117803 -0.364499 0.148322 0.016219 -1.538727 -0.055301 0.698887 -0.138352 -1.000000 
0.114840 -0.376433 0.148403 0.003927 -1.539179 -0.057818 0.697760 -0.143429 -1.000000 
0.111781 -0.388112 0.148385 -0.008390 -1.539651 -0.060171 0.696590 -0.148981 -1.000000 
0.108630 -0.399528 0.148268 -0.020722 -1.540141 -0.062353 0.695375 -0.155049 -1.000000 
0.105389 -0.410672 0.148053 -0.033062 -1.540648 -0.064360 0.694108 -0.161682 -1.000000 
0.102060 -0.421536 0.147739 -0.045402 -1.541171 -0.066185 0.692786 -0.168934 -1.000000 
0.098646 -0.432112 0.147327 -0.057733 -1.541707 -0.067823 0.691403 -0.176863 -1.000000 
0.095147 -0.442392 0.146816 -0.070046 -1.542255 -0.069271 0.689954 -0.185538 -1.000000 
0.091568 -0.452368 0.146206 -0.082334 -1.542815 -0.070523 0.688433 -0.195033 -1.000000 
0.087910 -0.462032 0.145498 -0.094587 -1.543383 -0.071578 0.686831 -0.205432 -1.000000 
0.084177 -0.471377 0.144693 -0.106796 -1.543959 -0.072433 0.685143 -0.216831 -1.000000 
0.080369 -0.480395 0.143790 -0.118954 -1.544542 -0.073085 0.683359 -0.229334 -1.000000 
0.076491 -0.489080 0.142790 -0.131051 -1.545128 -0.073533 0.681470 -0.243061 -1.000000 
0.072545 -0.497423 0.141693 -0.143078 -1.545718 -0.073778 0.679467 -0.258142 -1.000000 
0.068533 -0.505418 0.140501 -0.155027 -1.546308 -0.073817 0.677336 -0.274727 -1.000000 
0.064459 -0.513059 0.139213 -0.166888 -1.546898 -0.073653 0.675066 -0.292979 -1.000000 
0.060325 -0.520339 0.137831 -0.178654 -1.547486 -0.073287 0.672643 -0.313083 -1.000000 
0.056135 -0.527251 0.136355 -0.190314 -1.548070 -0.072720 0.670052 -0.335239 -1.000000 
0.051890 -0.533791 0.134786 -0.201861 -1.548649 -0.071955 0.667274 -0.359673 -1.000000 
0.047595 -0.539953 0.133125 -0.213285 -1.549221 -0.070995 0.664290 -0.386628 -1.000000 
0.043252 -0.545730 0.131374 -0.224578 -1.549784 -0.069844 0.661080 -0.416372 -1.000000 
0.038864 -0.551120 0.129533 -0.235731 -1.550338 -0.068506 0.657620 -0.449190 -1.000000 
0.034435 -0.556116 0.127603 -0.246736 -1.550880 -0.066986 0.653884 -0.485387 -1.000000 
0.029968 -0.560716 0.125585 -0.257584 -1.551409 -0.065291 0.649844 -0.525282 -1.000000 
0.025465 -0.564914 0.123482 -0.268267 -1.551924 -0.063426 0.645469 -0.569196 -1.000000 
0.020930 -0.568709 0.121293 -0.278777 -1.552424 -0.061399 0.640725 -0.617449 -1.000000 
0.016366 -0.572098 0.119022 -0.289106 -1.552906 -0.059216 0.635577 -0.670335 -1.000000 
0.011778 -0.575077 0.116668 -0.299246 -1.553371 -0.056886 0.629987 -0.728106 -1.000000 
0.007166 -0.577647 0.114234 -0.309190 -1.553816 -0.054417 0.623914 -0.790941 -1.000000 
0.002536 -0.579804 0.111722 -0.318930 -1.554241 -0.051819 0.617318 -0.858908 -1.000000 
-0.002109 -0.581549 0.109132 -0.328459 -1.554645 -0.049100 0.610158 -0.931923 -1.000000 
-0.006767 -0.582882 0.106467 -0.337772 -1.555026 -0.046271 0.602395 -1.009691 -1.000000 
-0.011434 -0.583803 0.103728 -0.346860 -1.555385 -0.043343 0.593992 -1.091656 -1.000000 
-0.016107 -0.584313 0.100918 -0.355718 -1.555720 -0.040326 0.584919 -1.176942 -1.000000 
-0.020782 -0.584415 0.098037 -0.364340 -1.556030 -0.037231 0.575155 -1.264308 -1.000000 
-0.025457 -0.584112 0.095089 -0.372720 -1.556315 -0.034070 0.564689 -1.352116 -1.000000 
-0.030127 -0.583406 0.092075 -0.380853 -1.556575 -0.030855 0.553525 -1.438342 -1.000000 
-0.034790 -0.582302 0.088996 -0.388734 -1.556809 -0.027597 0.541686 -1.520616 -1.000000 
-0.039443 -0.580804 0.085855 -0.396359 -1.557016 -0.024310 0.529213 -1.596327 -1.000000 
-0.044082 -0.578919 0.082655 -0.403724 -1.557198 -0.021004 0.516170 -1.662781 -1.000000 
-0.048705 -0.576652 0.079397 -0.410825 -1.557352 -0.017692 0.502640 -1.717394 -1.000000 
-0.053307 -0.574012 0.076082 -0.417659 -1.557481 -0.014384 0.488729 -1.757924 -1.000000 
-0.057888 -0.571004 0.072715 -0.424225 -1.557583 -0.011091 0.474556 -1.782678 -1.000000 
-0.062443 -0.567636 0.069296 -0.430519 -1.557658 -0.007824 0.460251 -1.790688 -1.000000 
-0.066969 -0.563918 0.065827 -0.436540 -1.557708 -0.004591 0.445950 -1.781803 -1.000000 
-0.071464 -0.559858 0.062312 -0.442289 -1.557732 -0.001400 0.431785 -1.756691 -1.000000 
-0.075926 -0.555463 0.058751 -0.447764 -1.557730 0.001742 0.417882 -1.716755 -1.000000 
-0.080351 -0.550743 0.055148 -0.452965 -1.557704 0.004829 0.404352 -1.663966 -1.000000 
-0.084737 -0.545705 0.051505 -0.457893 -1.557653 0.007856 0.391287 -1.600670 -1.000000 
-0.089081 -0.540358 0.047823 -0.462548 -1.557579 0.010819 0.378762 -1.529371 -1.000000 
-0.093382 -0.534710 0.044105 -0.466932 -1.557480 0.013713 0.366832 -1.452545 -1.000000 
-0.097636 -0.528769 0.040352 -0.471046 -1.557359 0.016536 0.355530 -1.372490 -1.000000 
-0.101841 -0.522542 0.036569 -0.474890 -1.557216 0.019285 0.344875 -1.291229 -1.000000 
-0.105996 -0.516036 0.032755 -0.478465 -1.557051 0.021957 0.334869 -1.210451 -1.000000 
-0.110097 -0.509258 0.028914 -0.481774 -1.556865 0.024551 0.325503 -1.131500 -1.000000 
-0.114143 -0.502216 0.025047 -0.484817 -1.556658 0.027065 0.316757 -1.055390 -1.000000 
-0.118132 -0.494916 0.021157 -0.487596 -1.556432 0.029495 0.308607 -0.982836 -1.000000 
-0.122061 -0.487364 0.017246 -0.490112 -1.556187 0.031841 0.301021 -0.914301 -1.000000 
-0.125929 -0.479566 0.013316 -0.492365 -1.555923 0.034101 0.293967 -0.850040 -1.000000 
-0.129734 -0.471530 0.009369 -0.494359 -1.555641 0.036271 0.287409 -0.790147 -1.000000 
-0.133473 -0.463260 0.005407 -0.496093 -1.555343 0.038352 0.281313 -0.734589 -1.000000 
-0.137145 -0.454764 0.001432 -0.497568 -1.555028 0.040340 0.275644 -0.683247 -1.000000 
-0.140749 -0.446047 -0.002553 -0.498787 -1.554698 0.042233 0.270370 -0.635940 -1.000000 
-0.144281 -0.437115 -0.006547 -0.499751 -1.554352 0.044031 0.265459 -0.592448 -1.000000 
-0.147742 -0.427974 -0.010548 -0.500460 -1.553993 0.045730 0.260882 -0.552529 -1.000000 
-0.151128 -0.418630 -0.014554 -0.500916 -1.553621 0.047330 0.256610 -0.515932 -1.000000 
-0.154439 -0.409089 -0.018562 -0.501121 -1.553236 0.048828 0.252618 -0.482405 -1.000000 
-0.157673 -0.399357 -0.022571 -0.501076 -1.552840 0.050224 0.248884 -0.451703 -1.000000 
-0.160829 -0.389440 -0.026579 -0.500782 -1.552433 0.051514 0.245384 -0.423593 -1.000000 
-0.163904 -0.379343 -0.030583 -0.500241 -1.552016 0.052699 0.242100 -0.397852 -1.000000 
-0.166898 -0.369073 -0.034582 -0.499455 -1.551590 0.053777 0.239013 -0.374274 -1.000000 
-0.169809 -0.358635 -0.038574 -0.498425 -1.551156 0.054746 0.236106 -0.352669 -1.000000 
-0.172635 -0.348036 -0.042556 -0.497153 -1.550714 0.055606 0.233365 -0.332860 -1.000000 
-0.175377 -0.337281 -0.046528 -0.495640 -1.550267 0.056356 0.230776 -0.314687 -1.000000 
-0.178032 -0.326376 -0.050486 -0.493890 -1.549813 0.056995 0.228326 -0.298003 -1.000000 
-0.180598 -0.315327 -0.054429 -0.491902 -1.549355 0.057522 0.226005 -0.282675 -1.000000 
-0.183076 -0.304140 -0.058356 -0.489681 -1.548893 0.057938 0.223800 -0.268581 -1.000000 
-0.185464 -0.292821 -0.062264 -0.487227 -1.548428 0.058241 0.221704 -0.255612 -1.000000 
-0.187761 -0.281376 -0.066151 -0.484542 -1.547961 0.058433 0.219708 -0.243669 -1.000000 
-0.189966 -0.269810 -0.070016 -0.481630 -1.547494 0.058513 0.217803 -0.232662 -1.000000 
-0.192078 -0.258130 -0.073856 -0.478491 -1.547026 0.058481 0.215983 -0.222511 -1.000000 
-0.194096 -0.246342 -0.077671 -0.475130 -1.546558 0.058339 0.214241 -0.213141 -1.000000 
-0.196019 -0.234450 -0.081458 -0.471547 -1.546092 0.058086 0.212571 -0.204488 -1.000000 
-0.197847 -0.222462 -0.085215 -0.467746 -1.545629 0.057723 0.210967 -0.196491 -1.000000 
-0.199578 -0.210383 -0.088941 -0.463728 -1.545169 0.057252 0.209425 -0.189097 -1.000000 
-0.201213 -0.198219 -0.092634 -0.459497 -1.544713 0.056673 0.207940 -0.182257 -1.000000 
-0.202749 -0.185975 -0.096292 -0.455056 -1.544263 0.055989 0.206508 -0.175926 -1.000000 
-0.204188 -0.173658 -0.099914 -0.450406 -1.543818 0.055200 0.205124 -0.170066 -1.000000 
-0.205528 -0.161273 -0.103498 -0.445551 -1.543380 0.054309 0.203786 -0.164640 -1.000000 
-0.206768 -0.148826 -0.107043 -0.440494 -1.542949 0.053317 0.202489 -0.159615 -1.000000 
-0.207909 -0.136323 -0.110546 -0.435237 -1.542527 0.052226 0.201231 -0.154963 -1.000000 
-0.208949 -0.123769 -0.114006 -0.429783 -1.542114 0.051039 0.200009 -0.150656 -1.000000 
-0.209889 -0.111170 -0.117422 -0.424135 -1.541711 0.049757 0.198819 -0.146670 -1.000000 
-0.210728 -0.098531 -0.120792 -0.418297 -1.541318 0.048384 0.197661 -0.142984 -1.000000 
-0.211465 -0.085859 -0.124114 -0.412271 -1.540937 0.046923 0.196531 -0.139577 -1.000000 
-0.212102 -0.073159 -0.127388 -0.406061 -1.540567 0.045375 0.195427 -0.136431 -1.000000 
-0.212636 -0.060436 -0.130611 -0.399669 -1.540211 0.043744 0.194347 -0.133530 -1.000000 
-0.213068 -0.047695 -0.133782 -0.393099 -1.539868 0.042033 0.193290 -0.130860 -1.000000 
-0.213399 -0.034943 -0.136900 -0.386354 -1.539539 0.040246 0.192253 -0.128407 -1.000000 
-0.213628 -0.022185 -0.139963 -0.379438 -1.539224 0.038385 0.191235 -0.126158 -1.000000 
-0.213754 -0.009426 -0.142970 -0.372353 -1.538925 0.036454 0.190234 -0.124104 -1.000000 
-0.213778 0.003329 -0.145920 -0.365103 -1.538641 0.034457 0.189249 -0.122233 -1.000000 
-0.213701 0.016073 -0.148811 -0.357691 -1.538373 0.032397 0.188278 -0.120537 -1.000000 
-0.213521 0.028803 -0.151643 -0.350121 -1.538123 0.030279 0.187320 -0.119009 -1.000000 
-0.213240 0.041513 -0.154413 -0.342397 -1.537889 0.028105 0.186373 -0.117641 -1.000000 
-0.212857 0.054196 -0.157121 -0.334521 -1.537673 0.025881 0.185437 -0.116426 -1.000000 
-0.212373 0.066849 -0.159765 -0.326497 -1.537475 0.023610 0.184510 -0.115360 -1.000000 
-0.211788 0.079467 -0.162344 -0.318329 -1.537295 0.021296 0.183591 -0.114436 -1.000000 
-0.211102 0.092043 -0.164858 -0.310020 -1.537134 0.018944 0.182679 -0.113652 -1.000000 
-0.210315 0.104573 -0.167304 -0.301574 -1.536992 0.016558 0.181772 -0.113002 -1.000000 
-0.209429 0.117052 -0.169683 -0.292994 -1.536870 0.014141 0.180870 -0.112485 -1.000000 
-0.208442 0.129475 -0.171992 -0.284285 -1.536766 0.011699 0.179972 -0.112096 -1.000000 
-0.207357 0.141836 -0.174231 -0.275450 -1.536683 0.009236 0.179076 -0.111836 -1.000000 
-0.206173 0.154132 -0.176399 -0.266492 -1.536619 0.006756 0.178182 -0.111700 -1.000000 
-0.204891 0.166357 -0.178494 -0.257415 -1.536574 0.004263 0.177289 -0.111690 -1.000000 
-0.203512 0.178506 -0.180517 -0.248224 -1.536550 0.001763 0.176395 -0.111803 -1.000000 
-0.202035 0.190574 -0.182466 -0.238921 -1.536546 -0.000741 0.175500 -0.112041 -1.000000 
-0.200463 0.202557 -0.184339 -0.229511 -1.536562 -0.003244 0.174602 -0.112403 -1.000000 
-0.198795 0.214449 -0.186138 -0.219997 -1.536598 -0.005741 0.173701 -0.112890 -1.000000 
-0.197032 0.226246 -0.187859 -0.210384 -1.536654 -0.008229 0.172795 -0.113503 -1.000000 
-0.195175 0.237944 -0.189503 -0.200676 -1.536730 -0.010702 0.171884 -0.114244 -1.000000 
-0.193225 0.249537 -0.191070 -0.190875 -1.536825 -0.013157 0.170967 -0.115116 -1.000000 
-0.191183 0.261022 -0.192557 -0.180987 -1.536940 -0.015588 0.170042 -0.116121 -1.000000 
-0.189049 0.272392 -0.193965 -0.171015 -1.537075 -0.017992 0.169109 -0.117262 -1.000000 
-0.186825 0.283644 -0.195293 -0.160963 -1.537228 -0.020365 0.168166 -0.118544 -1.000000 
-0.184511 0.294774 -0.196541 -0.150836 -1.537400 -0.022702 0.167212 -0.119969 -1.000000 
-0.182109 0.305776 -0.197706 -0.140637 -1.537591 -0.025000 0.166246 -0.121544 -1.000000 
-0.179619 0.316646 -0.198791 -0.130371 -1.537800 -0.027253 0.165267 -0.123274 -1.000000 
-0.177043 0.327380 -0.199792 -0.120041 -1.538027 -0.029459 0.164273 -0.125165 -1.000000 
-0.174381 0.337974 -0.200711 -0.109652 -1.538271 -0.031613 0.163264 -0.127223 -1.000000 
-0.171635 0.348422 -0.201547 -0.099209 -1.538533 -0.033712 0.162237 -0.129456 -1.000000 
-0.168807 0.358721 -0.202298 -0.088714 -1.538811 -0.035752 0.161192 -0.131873 -1.000000 
-0.165896 0.368866 -0.202966 -0.078174 -1.539105 -0.037730 0.160126 -0.134483 -1.000000 
-0.162905 0.378853 -0.203549 -0.067591 -1.539414 -0.039641 0.159039 -0.137294 -1.000000 
-0.159835 0.388679 -0.204047 -0.056971 -1.539739 -0.041483 0.157929 -0.140320 -1.000000 
-0.156687 0.398337 -0.204460 -0.046317 -1.540078 -0.043253 0.156794 -0.143570 -1.000000 
-0.153462 0.407825 -0.204788 -0.035634 -1.540431 -0.044947 0.155631 -0.147058 -1.000000 
-0.150162 0.417139 -0.205030 -0.024927 -1.540797 -0.046563 0.154440 -0.150799 -1.000000 
-0.146788 0.426274 -0.205187 -0.014200 -1.541175 -0.048098 0.153218 -0.154807 -1.000000 
-0.143342 0.435226 -0.205258 -0.003457 -1.541566 -0.049549 0.151963 -0.159099 -1.000000 
-0.139825 0.443992 -0.205242 0.007297 -1.541968 -0.050913 0.150672 -0.163694 -1.000000 
-0.136239 0.452567 -0.205141 0.018057 -1.542380 -0.052189 0.149343 -0.168611 -1.000000 
-0.132585 0.460948 -0.204953 0.028820 -1.542803 -0.053375 0.147973 -0.173871 -1.000000 
-0.128864 0.469131 -0.204680 0.039580 -1.543234 -0.054468 0.146560 -0.179498 -1.000000 
-0.125079 0.477113 -0.204320 0.050332 -1.543674 -0.055466 0.145100 -0.185517 -1.000000 
-0.121231 0.484889 -0.203874 0.061073 -1.544121 -0.056369 0.143590 -0.191954 -1.000000 
-0.117322 0.492456 -0.203343 0.071798 -1.544576 -0.057173 0.142027 -0.198841 -1.000000 
-0.113352 0.499811 -0.202726 0.082501 -1.545036 -0.057880 0.140408 -0.206208 -1.000000 
-0.109325 0.506950 -0.202023 0.093179 -1.545501 -0.058486 0.138727 -0.214091 -1.000000 
-0.105242 0.513870 -0.201235 0.103826 -1.545971 -0.058992 0.136981 -0.222526 -1.000000 
-0.101104 0.520567 -0.200362 0.114438 -1.546445 -0.059396 0.135165 -0.231555 -1.000000 
-0.096913 0.527039 -0.199404 0.125010 -1.546921 -0.059698 0.133274 -0.241220 -1.000000 
-0.092672 0.533283 -0.198362 0.135538 -1.547400 -0.059898 0.131303 -0.251569 -1.000000 
-0.088381 0.539295 -0.197236 0.146017 -1.547879 -0.059996 0.129247 -0.262652 -1.000000 
-0.084044 0.545073 -0.196026 0.156442 -1.548359 -0.059991 0.127099 -0.274524 -1.000000 
-0.079661 0.550614 -0.194733 0.166808 -1.548839 -0.059884 0.124852 -0.287241 -1.000000 
-0.075235 0.555915 -0.193357 0.177111 -1.549317 -0.059676 0.122501 -0.300865 -1.000000 
-0.070767 0.560974 -0.191899 0.187347 -1.549794 -0.059367 0.120036 -0.315463 -1.000000 
-0.066260 0.565788 -0.190360 0.197510 -1.550267 -0.058957 0.117450 -0.331103 -1.000000 
-0.061715 0.570355 -0.188739 0.207596 -1.550737 -0.058449 0.114735 -0.347858 -1.000000 
-0.057135 0.574674 -0.187038 0.217601 -1.551202 -0.057843 0.111881 -0.365804 -1.000000 
-0.052521 0.578741 -0.185258 0.227519 -1.551662 -0.057140 0.108879 -0.385020 -1.000000 
-0.047875 0.582555 -0.183398 0.237347 -1.552116 -0.056342 0.105718 -0.405587 -1.000000 
-0.043201 0.586114 -0.181460 0.247080 -1.552563 -0.055452 0.102386 -0.427587 -1.000000 
-0.038498 0.589417 -0.179445 0.256713 -1.553003 -0.054470 0.098872 -0.451101 -1.000000 
-0.033771 0.592462 -0.177353 0.266242 -1.553434 -0.053399 0.095164 -0.476211 -1.000000 
-0.029020 0.595248 -0.175186 0.275663 -1.553857 -0.052242 0.091248 -0.502992 -1.000000 
-0.024247 0.597773 -0.172943 0.284972 -1.554270 -0.051001 0.087111 -0.531512 -1.000000 
-0.019456 0.600037 -0.170626 0.294164 -1.554673 -0.049678 0.082739 -0.561832 -1.000000 
-0.014647 0.602039 -0.168237 0.303236 -1.555065 -0.048277 0.078117 -0.593997 -1.000000 
-0.009824 0.603778 -0.165775 0.312182 -1.555445 -0.046801 0.073230 -0.628033 -1.000000 
-0.004988 0.605254 -0.163242 0.321000 -1.555813 -0.045251 0.068064 -0.663943 -1.000000 
-0.000141 0.606467 -0.160639 0.329685 -1.556169 -0.043633 0.062602 -0.701700 -1.000000 
0.004715 0.607416 -0.157967 0.338234 -1.556511 -0.041949 0.056832 -0.741238 -1.000000 
0.009577 0.608101 -0.155228 0.346642 -1.556840 -0.040203 0.050738 -0.782451 -1.000000 
0.014444 0.608522 -0.152422 0.354907 -1.557154 -0.038399 0.044308 -0.825178 -1.000000 
0.019313 0.608681 -0.149550 0.363025 -1.557454 -0.036540 0.037532 -0.869200 -1.000000 
0.024182 0.608578 -0.146614 0.370992 -1.557739 -0.034630 0.030399 -0.914233 -1.000000 
0.029050 0.608213 -0.143614 0.378805 -1.558008 -0.032674 0.022902 -0.959923 -1.000000 
0.033913 0.607588 -0.140553 0.386461 -1.558262 -0.030675 0.015039 -1.005844 -1.000000 
0.038770 0.606704 -0.137431 0.393956 -1.558499 -0.028638 0.006809 -1.051494 -1.000000 
0.043618 0.604586 -0.134247 0.402674 -1.558684 -0.008803 0.002577 1.092485 1.000000 
0.048441 0.601214 -0.131000 0.409221 -1.558746 -0.006700 0.011428 1.119710 1.000000 
0.053237 0.597585 -0.127700 0.415597 -1.558791 -0.004569 0.020483 1.143579 1.000000 
0.058002 0.593698 -0.124351 0.421798 -1.558819 -0.002412 0.029715 1.163597 1.000000 
0.062735 0.589554 -0.120952 0.427821 -1.558830 -0.000233 0.039089 1.179320 1.000000 
0.067434 0.585153 -0.117506 0.433660 -1.558823 0.001966 0.048571 1.190376 1.000000 
0.072097 0.580496 -0.114014 0.439311 -1.558798 0.004180 0.058122 1.196482 1.000000 
0.076722 0.575581 -0.110477 0.444771 -1.558756 0.006406 0.067701 1.197463 1.000000 
0.081306 0.570412 -0.106898 0.450035 -1.558696 0.008640 0.077268 1.193259 1.000000 
0.085847 0.564987 -0.103277 0.455099 -1.558618 0.010877 0.086780 1.183928 1.000000 
0.090345 0.559309 -0.099617 0.459959 -1.558522 0.013114 0.096197 1.169649 1.000000 
0.094796 0.553379 -0.095919 0.464612 -1.558408 0.015346 0.105482 1.150710 1.000000 
0.099198 0.547198 -0.092184 0.469053 -1.558276 0.017569 0.114597 1.127493 1.000000 
0.103550 0.540768 -0.088414 0.473278 -1.558127 0.019778 0.123511 1.100458 1.000000 
0.107850 0.534091 -0.084612 0.477285 -1.557960 0.021968 0.132196 1.070121 1.000000 
0.112095 0.527169 -0.080778 0.481070 -1.557775 0.024135 0.140626 1.037030 1.000000 
0.116284 0.520005 -0.076915 0.484630 -1.557574 0.026274 0.148782 1.001748 1.000000 
0.120414 0.512601 -0.073025 0.487962 -1.557355 0.028380 0.156650 0.964826 1.000000 
0.124485 0.504960 -0.069109 0.491063 -1.557120 0.030449 0.164217 0.926795 1.000000 
0.128493 0.497086 -0.065169 0.493930 -1.556868 0.032475 0.171477 0.888145 1.000000 
0.132438 0.488981 -0.061206 0.496561 -1.556600 0.034455 0.178427 0.849319 1.000000 
0.136316 0.480649 -0.057224 0.498955 -1.556317 0.036383 0.185066 0.810709 1.000000 
0.140127 0.472093 -0.053224 0.501108 -1.556018 0.038255 0.191399 0.772648 1.000000 
0.143869 0.463318 -0.049207 0.503019 -1.555705 0.040068 0.197431 0.735415 1.000000 
0.147540 0.454327 -0.045176 0.504686 -1.555377 0.041816 0.203169 0.699237 1.000000 
0.151138 0.445125 -0.041133 0.506108 -1.555036 0.043495 0.208622 0.664287 1.000000 
0.154661 0.435715 -0.037079 0.507284 -1.554682 0.045102 0.213801 0.630696 1.000000 
0.158109 0.426103 -0.033017 0.508213 -1.554315 0.046633 0.218717 0.598554 1.000000 
0.161478 0.416293 -0.028948 0.508893 -1.553936 0.048084 0.223382 0.567916 1.000000 
0.164769 0.406290 -0.024875 0.509325 -1.553546 0.049451 0.227808 0.538810 1.000000 
0.167979 0.396098 -0.020800 0.509507 -1.553145 0.050733 0.232007 0.511237 1.000000 
0.171106 0.385723 -0.016724 0.509440 -1.552734 0.051924 0.235992 0.485183 1.000000 
0.174150 0.375171 -0.012649 0.509122 -1.552314 0.053023 0.239774 0.460613 1.000000 
0.177108 0.364445 -0.008579 0.508555 -1.551886 0.054027 0.243365 0.437485 1.000000 
0.179980 0.353552 -0.004513 0.507739 -1.551450 0.054933 0.246777 0.415748 1.000000 
0.182765 0.342497 -0.000455 0.506673 -1.551007 0.055739 0.250021 0.395342 1.000000 
0.185460 0.331285 0.003593 0.505358 -1.550559 0.056444 0.253106 0.376206 1.000000 
0.188065 0.319923 0.007630 0.503796 -1.550104 0.057044 0.256043 0.358276 1.000000 
0.190578 0.308416 0.011653 0.501986 -1.549646 0.057539 0.258842 0.341487 1.000000 
0.192999 0.296770 0.015661 0.499930 -1.549184 0.057927 0.261510 0.325776 1.000000 
0.195326 0.284990 0.019651 0.497629 -1.548720 0.058208 0.264057 0.311079 1.000000 
0.197559 0.273083 0.023622 0.495084 -1.548253 0.058379 0.266490 0.297334 1.000000 
0.199695 0.261055 0.027572 0.492297 -1.547786 0.058441 0.268816 0.284484 1.000000 
0.201735 0.248912 0.031498 0.489269 -1.547318 0.058393 0.271044 0.272473 1.000000 
0.203678 0.236659 0.035400 0.486002 -1.546852 0.058235 0.273178 0.261245 1.000000 
0.205521 0.224303 0.039274 0.482497 -1.546387 0.057967 0.275226 0.250752 1.000000 
0.207266 0.211850 0.043119 0.478757 -1.545925 0.057588 0.277192 0.240945 1.000000 
0.208911 0.199306 0.046933 0.474784 -1.545466 0.057101 0.279082 0.231779 1.000000 
0.210455 0.186677 0.050715 0.470579 -1.545011 0.056504 0.280902 0.223214 1.000000 
0.211897 0.173970 0.054462 0.466146 -1.544562 0.055800 0.282655 0.215209 1.000000 
0.213238 0.161190 0.058173 0.461485 -1.544119 0.054989 0.284347 0.207729 1.000000 
0.214476 0.148345 0.061845 0.456601 -1.543682 0.054073 0.285980 0.200740 1.000000 
0.215612 0.135439 0.065478 0.451495 -1.543254 0.053053 0.287560 0.194210 1.000000 
0.216643 0.122480 0.069068 0.446169 -1.542834 0.051931 0.289089 0.188110 1.000000 
0.217571 0.109473 0.072616 0.440628 -1.542423 0.050710 0.290571 0.182414 1.000000 
0.218395 0.096425 0.076118 0.434873 -1.542023 0.049390 0.292008 0.177096 1.000000 
0.219114 0.083342 0.079573 0.428907 -1.541633 0.047976 0.293405 0.172133 1.000000 
0.219728 0.070230 0.082980 0.422734 -1.541255 0.046469 0.294763 0.167504 1.000000 
0.220237 0.057095 0.086336 0.416357 -1.540890 0.044872 0.296086 0.163189 1.000000 
0.220642 0.043944 0.089641 0.409778 -1.540538 0.043189 0.297375 0.159171 1.000000 
0.220940 0.030782 0.092892 0.403001 -1.540199 0.041422 0.298634 0.155433 1.000000 
0.221134 0.017615 0.096088 0.396029 -1.539875 0.039575 0.299863 0.151959 1.000000 
0.221222 0.004450 0.099228 0.388865 -1.539566 0.037651 0.301066 0.148735 1.000000 
0.221205 -0.008707 0.102310 0.381514 -1.539273 0.035654 0.302243 0.145749 1.000000 
0.221083 -0.021851 0.105332 0.373977 -1.538996 0.033588 0.303398 0.142989 1.000000 
0.220856 -0.034975 0.108293 0.366260 -1.538736 0.031457 0.304532 0.140445 1.000000 
0.220523 -0.048074 0.111192 0.358365 -1.538493 0.029264 0.305646 0.138106 1.000000 
0.220087 -0.061141 0.114026 0.350296 -1.538268 0.027015 0.306742 0.135963 1.000000 
0.219545 -0.074170 0.116796 0.342057 -1.538061 0.024714 0.307822 0.134010 1.000000 
0.218900 -0.087156 0.119499 0.333652 -1.537872 0.022364 0.308887 0.132237 1.000000 
0.218151 -0.100093 0.122134 0.325084 -1.537703 0.019971 0.309938 0.130641 1.000000 
0.217299 -0.112975 0.124700 0.316357 -1.537553 0.017539 0.310977 0.129213 1.000000 
0.216344 -0.125796 0.127195 0.307475 -1.537422 0.015073 0.312006 0.127950 1.000000 
0.215286 -0.138550 0.129619 0.298443 -1.537312 0.012578 0.313025 0.126848 1.000000 
0.214127 -0.151232 0.131970 0.289264 -1.537221 0.010058 0.314036 0.125902 1.000000 
0.212867 -0.163836 0.134247 0.279941 -1.537151 0.007519 0.315040 0.125109 1.000000 
0.211506 -0.176357 0.136449 0.270481 -1.537101 0.004966 0.316038 0.124468 1.000000 
0.210045 -0.188787 0.138574 0.260885 -1.537071 0.002404 0.317032 0.123976 1.000000 
0.208485 -0.201123 0.140622 0.251159 -1.537063 -0.000163 0.318022 0.123632 1.000000 
0.206827 -0.213359 0.142592 0.241308 -1.537074 -0.002729 0.319010 0.123436 1.000000 
0.205072 -0.225488 0.144483 0.231334 -1.537106 -0.005289 0.319997 0.123387 1.000000 
0.203220 -0.237505 0.146293 0.221243 -1.537159 -0.007838 0.320985 0.123486 1.000000 
0.201272 -0.249405 0.148023 0.211040 -1.537232 -0.010372 0.321973 0.123734 1.000000 
0.199230 -0.261182 0.149670 0.200727 -1.537325 -0.012883 0.322965 0.124132 1.000000 
0.197094 -0.272830 0.151234 0.190311 -1.537438 -0.015369 0.323960 0.124684 1.000000 
0.194865 -0.284345 0.152714 0.179795 -1.537570 -0.017824 0.324960 0.125392 1.000000 
0.192545 -0.295721 0.154110 0.169185 -1.537723 -0.020242 0.325967 0.126260 1.000000 
0.190134 -0.306952 0.155421 0.158484 -1.537894 -0.022620 0.326981 0.127292 1.000000 
0.187634 -0.318034 0.156646 0.147698 -1.538085 -0.024952 0.328004 0.128493 1.000000 
0.185046 -0.328960 0.157784 0.136832 -1.538293 -0.027233 0.329037 0.129870 1.000000 
0.182371 -0.339725 0.158835 0.125889 -1.538520 -0.029459 0.330082 0.131429 1.000000 
0.179610 -0.350324 0.159798 0.114876 -1.538764 -0.031625 0.331141 0.133177 1.000000 
0.176766 -0.360752 0.160673 0.103797 -1.539026 -0.033727 0.332214 0.135125 1.000000 
0.173839 -0.371003 0.161459 0.092657 -1.539304 -0.035760 0.333303 0.137281 1.000000 
0.170830 -0.381073 0.162155 0.081461 -1.539598 -0.037721 0.334411 0.139656 1.000000 
0.167742 -0.390955 0.162762 0.070215 -1.539907 -0.039605 0.335538 0.142262 1.000000 
0.164576 -0.400646 0.163279 0.058923 -1.540231 -0.041407 0.336688 0.145113 1.000000 
0.161332 -0.410139 0.163705 0.047590 -1.540570 -0.043126 0.337861 0.148224 1.000000 
0.158014 -0.419430 0.164040 0.036223 -1.540921 -0.044755 0.339060 0.151611 1.000000 
0.154622 -0.428514 0.164284 0.024826 -1.541285 -0.046293 0.340287 0.155292 1.000000 
0.151158 -0.437385 0.164437 0.013405 -1.541662 -0.047736 0.341545 0.159288 1.000000 
0.147624 -0.446039 0.164499 0.001965 -1.542049 -0.049080 0.342837 0.163622 1.000000 
0.144022 -0.454471 0.164468 -0.009489 -1.542447 -0.050323 0.344164 0.168317 1.000000 
0.140354 -0.462676 0.164347 -0.020949 -1.542854 -0.051462 0.345531 0.173401 1.000000 
0.136620 -0.470648 0.164133 -0.032412 -1.543270 -0.052494 0.346940 0.178904 1.000000 
0.132824 -0.478384 0.163828 -0.043872 -1.543693 -0.053417 0.348395 0.184860 1.000000 
0.128967 -0.485878 0.163431 -0.055321 -1.544124 -0.054228 0.349899 0.191305 1.000000 
0.125050 -0.493126 0.162943 -0.066756 -1.544561 -0.054926 0.351457 0.198280 1.000000 
0.121077 -0.500123 0.162363 -0.078169 -1.545003 -0.055508 0.353073 0.205829 1.000000 
0.117049 -0.506865 0.161692 -0.089556 -1.545449 -0.055973 0.354752 0.214002 1.000000 
0.112968 -0.513347 0.160930 -0.100910 -1.545898 -0.056321 0.356499 0.222854 1.000000 
0.108836 -0.519564 0.160078 -0.112224 -1.546349 -0.056548 0.358319 0.232445 1.000000 
0.104656 -0.525513 0.159135 -0.123494 -1.546802 -0.056655 0.360220 0.242842 1.000000 
0.100429 -0.531189 0.158102 -0.134713 -1.547256 -0.056641 0.362207 0.254118 1.000000 
0.096157 -0.536588 0.156980 -0.145875 -1.547708 -0.056505 0.364288 0.266355 1.000000 
0.091844 -0.541706 0.155768 -0.156973 -1.548159 -0.056247 0.366472 0.279641 1.000000 
0.087491 -0.546538 0.154468 -0.168002 -1.548608 -0.055866 0.368766 0.294075 1.000000 
0.083100 -0.551081 0.153081 -0.178955 -1.549053 -0.055363 0.371180 0.309766 1.000000 
0.078674 -0.555331 0.151605 -0.189826 -1.549493 -0.054738 0.373726 0.326831 1.000000 
0.074216 -0.559284 0.150044 -0.200609 -1.549928 -0.053992 0.376414 0.345399 1.000000 
0.069727 -0.562936 0.148396 -0.211297 -1.550357 -0.053125 0.379256 0.365612 1.000000 
0.065210 -0.566284 0.146663 -0.221884 -1.550778 -0.052138 0.382268 0.387621 1.000000 
0.060667 -0.569324 0.144846 -0.232364 -1.551191 -0.051032 0.385464 0.411589 1.000000 
0.056101 -0.572052 0.142946 -0.242730 -1.551594 -0.049808 0.388859 0.437693 1.000000 
0.051515 -0.574465 0.140963 -0.252976 -1.551987 -0.048468 0.392473 0.466117 1.000000 
0.046911 -0.576560 0.138898 -0.263095 -1.552369 -0.047013 0.396324 0.497052 1.000000 
0.042291 -0.578334 0.136753 -0.273082 -1.552739 -0.045445 0.400433 0.530697 1.000000 
0.037658 -0.579782 0.134529 -0.282928 -1.553096 -0.043765 0.404823 0.567249 1.000000 
0.033015 -0.580903 0.132227 -0.292628 -1.553439 -0.041976 0.409517 0.606896 1.000000 
0.028365 -0.581693 0.129848 -0.302175 -1.553767 -0.040080 0.414542 0.649813 1.000000 
0.023709 -0.582148 0.127393 -0.311563 -1.554080 -0.038078 0.419923 0.696144 1.000000 
0.019051 -0.582266 0.124863 -0.320784 -1.554376 -0.035973 0.425689 0.745991 1.000000 
0.014394 -0.582044 0.122261 -0.329833 -1.554655 -0.033767 0.431869 0.799389 1.000000 
0.009739 -0.581479 0.119586 -0.338701 -1.554916 -0.031463 0.438489 0.856285 1.000000 
0.005091 -0.580567 0.116842 -0.347382 -1.555159 -0.029062 0.445578 0.916509 1.000000 
0.000451 -0.579306 0.114029 -0.355870 -1.555381 -0.026567 0.453161 0.979740 1.000000 
-0.004177 -0.577692 0.111148 -0.364155 -1.555583 -0.023981 0.461261 1.045476 1.000000 
-0.008791 -0.575723 0.108203 -0.372232 -1.555765 -0.021306 0.469894 1.112996 1.000000 
-0.013388 -0.573395 0.105193 -0.380093 -1.555924 -0.018546 0.479071 1.181333 1.000000 
-0.017964 -0.570706 0.102122 -0.387729 -1.556061 -0.015702 0.488794 1.249262 1.000000 
-0.022518 -0.567652 0.098990 -0.395132 -1.556175 -0.012779 0.499054 1.315295 1.000000 
-0.027046 -0.564230 0.095800 -0.402295 -1.556265 -0.009780 0.509829 1.377708 1.000000 
-0.031545 -0.560439 0.092554 -0.409208 -1.556331 -0.006709 0.521083 1.434606 1.000000 
-0.036012 -0.556274 0.089254 -0.415863 -1.556373 -0.003571 0.532763 1.484006 1.000000 
-0.040444 -0.551734 0.085901 -0.422250 -1.556388 -0.000372 0.544801 1.523971 1.000000 
-0.044838 -0.546817 0.082498 -0.428360 -1.556378 0.002881 0.557116 1.552754 1.000000 
-0.049192 -0.541521 0.079048 -0.434184 -1.556342 0.006182 0.569612 1.568957 1.000000 
-0.053502 -0.535845 0.075552 -0.439712 -1.556279 0.009522 0.582184 1.571669 1.000000 
-0.057765 -0.529789 0.072014 -0.444933 -1.556190 0.012892 0.594722 1.560569 1.000000 
-0.061977 -0.523352 0.068434 -0.449840 -1.556073 0.016280 0.607117 1.535973 1.000000 
-0.066137 -0.516536 0.064817 -0.454423 -1.555929 0.019676 0.619264 1.498806 1.000000 
-0.070241 -0.509343 0.061164 -0.458672 -1.555758 0.023067 0.631068 1.450520 1.000000 
-0.074286 -0.501775 0.057479 -0.462579 -1.555560 0.026442 0.642447 1.392954 1.000000 
-0.078268 -0.493834 0.053764 -0.466137 -1.555335 0.029786 0.653336 1.328176 1.000000 
-0.082186 -0.485525 0.050022 -0.469339 -1.555084 0.033086 0.663685 1.258316 1.000000 
-0.086036 -0.476853 0.046256 -0.472177 -1.554806 0.036330 0.673461 1.185420 1.000000 
-0.089815 -0.467822 0.042468 -0.474646 -1.554503 0.039504 0.682648 1.111342 1.000000 
-0.093520 -0.458439 0.038662 -0.476741 -1.554174 0.042594 0.691243 1.037670 1.000000 
-0.097149 -0.448710 0.034841 -0.478458 -1.553821 0.045589 0.699255 0.965692 1.000000 
-0.100698 -0.438643 0.031008 -0.479792 -1.553445 0.048475 0.706702 0.896396 1.000000 
-0.104166 -0.428244 0.027166 -0.480741 -1.553046 0.051241 0.713607 0.830487 1.000000 
-0.107550 -0.417521 0.023317 -0.481302 -1.552626 0.053876 0.720000 0.768425 1.000000 
-0.110846 -0.406484 0.019466 -0.481475 -1.552185 0.056368 0.725913 0.710464 1.000000 
-0.114052 -0.395142 0.015615 -0.481256 -1.551724 0.058707 0.731378 0.656692 1.000000 
-0.117167 -0.383503 0.011767 -0.480648 -1.551246 0.060885 0.736431 0.607074 1.000000 
-0.120188 -0.371578 0.007925 -0.479648 -1.550750 0.062890 0.741102 0.561487 1.000000 
-0.123112 -0.359376 0.004093 -0.478259 -1.550240 0.064716 0.745425 0.519741 1.000000 
-0.125937 -0.346909 0.000274 -0.476480 -1.549715 0.066355 0.749428 0.481613 1.000000 
-0.128662 -0.334186 -0.003529 -0.474314 -1.549179 0.067799 0.753140 0.446855 1.000000 
-0.131283 -0.321219 -0.007314 -0.471763 -1.548631 0.069042 0.756586 0.415214 1.000000 
-0.133800 -0.308018 -0.011077 -0.468830 -1.548075 0.070079 0.759791 0.386435 1.000000 
-0.136211 -0.294597 -0.014814 -0.465517 -1.547510 0.070906 0.762776 0.360275 1.000000 
-0.138513 -0.280964 -0.018524 -0.461828 -1.546941 0.071518 0.765561 0.336500 1.000000 
-0.140706 -0.267134 -0.022202 -0.457766 -1.546367 0.071911 0.768166 0.314895 1.000000 
-0.142787 -0.253117 -0.025847 -0.453336 -1.545791 0.072085 0.770605 0.295256 1.000000 
-0.144755 -0.238925 -0.029455 -0.448542 -1.545214 0.072037 0.772894 0.277401 1.000000 
-0.146609 -0.224571 -0.033023 -0.443388 -1.544639 0.071766 0.775048 0.261158 1.000000 
-0.148348 -0.210065 -0.036548 -0.437881 -1.544066 0.071272 0.777077 0.246377 1.000000 
-0.149970 -0.195422 -0.040028 -0.432025 -1.543499 0.070556 0.778993 0.232917 1.000000 
-0.151475 -0.180651 -0.043460 -0.425826 -1.542938 0.069621 0.780807 0.220655 1.000000 
-0.152860 -0.165766 -0.046840 -0.419289 -1.542386 0.068467 0.782527 0.209479 1.000000 
-0.154127 -0.150778 -0.050167 -0.412421 -1.541843 0.067098 0.784161 0.199287 1.000000 
-0.155272 -0.135700 -0.053438 -0.405228 -1.541313 0.065518 0.785718 0.189990 1.000000 
-0.156297 -0.120542 -0.056650 -0.397717 -1.540795 0.063732 0.787203 0.181506 1.000000 
-0.157201 -0.105318 -0.059801 -0.389893 -1.540293 0.061744 0.788624 0.173764 1.000000 
-0.157982 -0.090038 -0.062888 -0.381764 -1.539808 0.059562 0.789985 0.166698 1.000000 
-0.158641 -0.074715 -0.065908 -0.373337 -1.539341 0.057190 0.791292 0.160252 1.000000 
-0.159178 -0.059359 -0.068860 -0.364618 -1.538893 0.054637 0.792551 0.154373 1.000000 
-0.159591 -0.043983 -0.071741 -0.355614 -1.538467 0.051910 0.793764 0.149016 1.000000 
-0.159881 -0.028597 -0.074549 -0.346334 -1.538063 0.049019 0.794936 0.144139 1.000000 
-0.160049 -0.013214 -0.077282 -0.336783 -1.537683 0.045971 0.796071 0.139707 1.000000 
-0.160093 0.002158 -0.079937 -0.326970 -1.537328 0.042777 0.797172 0.135686 1.000000 
-0.160014 0.017505 -0.082513 -0.316902 -1.536999 0.039446 0.798243 0.132049 1.000000 
-0.159813 0.032817 -0.085007 -0.306587 -1.536697 0.035990 0.799286 0.128769 1.000000 
-0.159489 0.048084 -0.087418 -0.296031 -1.536424 0.032418 0.800304 0.125825 1.000000 
-0.159044 0.063295 -0.089743 -0.285244 -1.536179 0.028743 0.801300 0.123195 1.000000 
-0.158477 0.078439 -0.091981 -0.274232 -1.535964 0.024976 0.802276 0.120864 1.000000 
-0.157789 0.093506 -0.094130 -0.263003 -1.535780 0.021129 0.803235 0.118817 1.000000 
-0.156981 0.108485 -0.096188 -0.251565 -1.535626 0.017214 0.804178 0.117039 1.000000 
-0.156053 0.123366 -0.098154 -0.239927 -1.535504 0.013244 0.805108 0.115522 1.000000 
-0.155007 0.138139 -0.100027 -0.228095 -1.535414 0.009233 0.806027 0.114256 1.000000 
-0.153844 0.152793 -0.101803 -0.216078 -1.535357 0.005191 0.806937 0.113235 1.000000 
-0.152563 0.167319 -0.103483 -0.203885 -1.535331 0.001134 0.807840 0.112452 1.000000 
-0.151167 0.181706 -0.105065 -0.191523 -1.535339 -0.002926 0.808737 0.111904 1.000000 
-0.149656 0.195944 -0.106547 -0.179001 -1.535378 -0.006976 0.809631 0.111590 1.000000 
-0.148032 0.210023 -0.107929 -0.166327 -1.535450 -0.011003 0.810523 0.111510 1.000000 
-0.146296 0.223934 -0.109208 -0.153509 -1.535554 -0.014993 0.811415 0.111664 1.000000 
-0.144450 0.237665 -0.110385 -0.140557 -1.535690 -0.018933 0.812310 0.112057 1.000000 
-0.142494 0.251208 -0.111457 -0.127478 -1.535857 -0.022810 0.813209 0.112692 1.000000 
-0.140431 0.264551 -0.112424 -0.114282 -1.536055 -0.026612 0.814114 0.113578 1.000000 
-0.138262 0.277686 -0.113285 -0.100977 -1.536282 -0.030325 0.815027 0.114724 1.000000 
-0.135988 0.290602 -0.114039 -0.087574 -1.536540 -0.033938 0.815950 0.116140 1.000000 
-0.133613 0.303289 -0.114686 -0.074080 -1.536825 -0.037437 0.816886 0.117841 1.000000 
-0.131136 0.315737 -0.115224 -0.060505 -1.537138 -0.040812 0.817836 0.119842 1.000000 
-0.128562 0.327935 -0.115654 -0.046859 -1.537478 -0.044050 0.818804 0.122163 1.000000 
-0.125890 0.339875 -0.115974 -0.033152 -1.537843 -0.047140 0.819792 0.124827 1.000000 
-0.123124 0.351546 -0.116184 -0.019393 -1.538232 -0.050072 0.820802 0.127860 1.000000 
-0.120266 0.362937 -0.116284 -0.005592 -1.538643 -0.052836 0.821839 0.131292 1.000000 
-0.117318 0.374039 -0.116273 0.008240 -1.539076 -0.055421 0.822904 0.135159 1.000000 
-0.114282 0.384842 -0.116152 0.022092 -1.539530 -0.057818 0.824003 0.139500 1.000000 
-0.111161 0.395334 -0.115920 0.035955 -1.540001 -0.060018 0.825138 0.144364 1.000000 
-0.107958 0.405508 -0.115577 0.049818 -1.540489 -0.062014 0.826314 0.149804 1.000000 
-0.104674 0.415351 -0.115123 0.063669 -1.540993 -0.063798 0.827536 0.155882 1.000000 
-0.101313 0.424855 -0.114558 0.077498 -1.541509 -0.065362 0.828810 0.162672 1.000000 
-0.097877 0.434009 -0.113883 0.091292 -1.542038 -0.066700 0.830141 0.170256 1.000000 
-0.094370 0.442804 -0.113098 0.105041 -1.542576 -0.067807 0.831536 0.178733 1.000000 
-0.090794 0.451228 -0.112203 0.118732 -1.543122 -0.068677 0.833003 0.188214 1.000000 
-0.087151 0.459273 -0.111198 0.132354 -1.543674 -0.069307 0.834551 0.198832 1.000000 
-0.083446 0.466929 -0.110085 0.145895 -1.544230 -0.069692 0.836188 0.210738 1.000000 
-0.079682 0.474185 -0.108864 0.159342 -1.544789 -0.069830 0.837927 0.224114 1.000000 
-0.075860 0.481033 -0.107536 0.172683 -1.545347 -0.069717 0.839779 0.239167 1.000000 
-0.071986 0.487462 -0.106101 0.185905 -1.545903 -0.069354 0.841758 0.256145 1.000000 
-0.068062 0.493464 -0.104562 0.198996 -1.546456 -0.068738 0.843883 0.275338 1.000000 
-0.064092 0.499029 -0.102918 0.211942 -1.547003 -0.067869 0.846171 0.297085 1.000000 
-0.060079 0.504147 -0.101171 0.224731 -1.547541 -0.066748 0.848644 0.321790 1.000000 
-0.056027 0.508809 -0.099323 0.237350 -1.548070 -0.065376 0.851328 0.349927 1.000000 
-0.051939 0.513007 -0.097374 0.249785 -1.548587 -0.063753 0.854253 0.382055 1.000000 
-0.047820 0.516731 -0.095327 0.262023 -1.549089 -0.061882 0.857454 0.418836 1.000000 
-0.043673 0.519972 -0.093182 0.274050 -1.549576 -0.059765 0.860969 0.461042 1.000000 
-0.039502 0.522721 -0.090942 0.285854 -1.550045 -0.057404 0.864847 0.509581 1.000000 
-0.035311 0.524969 -0.088609 0.297420 -1.550494 -0.054802 0.869142 0.565503 1.000000 
-0.031104 0.526706 -0.086184 0.308734 -1.550921 -0.051961 0.873918 0.630014 1.000000 
-0.026885 0.527922 -0.083670 0.319784 -1.551325 -0.048884 0.879249 0.704470 1.000000 
-0.022658 0.528609 -0.081069 0.330553 -1.551703 -0.045571 0.885220 0.790353 1.000000 
-0.018428 0.528754 -0.078382 0.341028 -1.552053 -0.042024 0.891929 0.889216 1.000000 
-0.014200 0.528346 -0.075613 0.351194 -1.552374 -0.038243 0.899486 1.002559 1.000000 
-0.009976 0.527372 -0.072764 0.361036 -1.552664 -0.034224 0.908012 1.131628 1.000000 
-0.005763 0.525819 -0.069837 0.370536 -1.552921 -0.029965 0.917636 1.277082 1.000000 
-0.001565 0.523670 -0.066836 0.379677 -1.553143 -0.025459 0.928488 1.438506 1.000000 
0.002614 0.520908 -0.063764 0.388439 -1.553328 -0.020696 0.940689 1.613743 1.000000 
0.006768 0.517513 -0.060622 0.396801 -1.553474 -0.015665 0.954333 1.798111 1.000000 
0.010892 0.513460 -0.057416 0.404738 -1.553578 -0.010353 0.969462 1.983642 1.000000 
0.014982 0.508726 -0.054148 0.412221 -1.553638 -0.004748 0.986043 2.158693 1.000000 
0.019030 0.503283 -0.050822 0.419215 -1.553653 0.001162 1.003934 2.308389 1.000000 
0.023032 0.497102 -0.047442 0.425681 -1.553619 0.007379 1.022866 2.416369 1.000000 
0.026982 0.490158 -0.044012 0.431575 -1.553534 0.013891 1.042445 2.467899 1.000000 
0.030873 0.482426 -0.040538 0.436844 -1.553396 0.020672 1.062176 2.453671 1.000000 
0.034698 0.473890 -0.037025 0.441436 -1.553203 0.027671 1.081525 2.372822 1.000000 
0.038453 0.464540 -0.033477 0.445298 -1.552953 0.034822 1.099985 2.233646 1.000000 
0.042129 0.454377 -0.029902 0.448378 -1.552645 0.042039 1.117149 2.051492 1.000000 
0.045720 0.443408 -0.026305 0.450634 -1.552280 0.049229 1.132744 1.844793 1.000000 
0.049221 0.431649 -0.022694 0.452029 -1.551858 0.056298 1.146647 1.631000 1.000000 
0.052625 0.419123 -0.019075 0.452538 -1.551380 0.063155 1.158858 1.423845 1.000000 
0.055925 0.405854 -0.015456 0.452143 -1.550848 0.069715 1.169470 1.232363 1.000000 
0.059117 0.391873 -0.011843 0.450836 -1.550266 0.075901 1.178631 1.061280 1.000000 
0.062193 0.377210 -0.008245 0.448613 -1.549635 0.081644 1.186509 0.912051 1.000000 
0.065150 0.361902 -0.004668 0.445481 -1.548961 0.086883 1.193280 0.784010 1.000000 
0.067982 0.345982 -0.001120 0.441447 -1.548247 0.091562 1.199105 0.675325 1.000000 
0.070684 0.329489 0.002393 0.436525 -1.547497 0.095632 1.204131 0.583664 1.000000 
0.073253 0.312464 0.005863 0.430733 -1.546718 0.099051 1.208483 0.506614 1.000000 
0.075683 0.294945 0.009282 0.424091 -1.545914 0.101783 1.212269 0.441911 1.000000 
0.077970 0.276975 0.012646 0.416620 -1.545092 0.103798 1.215581 0.387539 1.000000 
0.080113 0.258596 0.015946 0.408348 -1.544256 0.105072 1.218493 0.341767 1.000000 
0.082107 0.239850 0.019177 0.399299 -1.543412 0.105590 1.221068 0.303134 1.000000 
0.083950 0.220779 0.022333 0.389503 -1.542568 0.105342 1.223359 0.270426 1.000000 
0.085639 0.201425 0.025407 0.378989 -1.541729 0.104324 1.225408 0.242642 1.000000 
0.087172 0.181829 0.028395 0.367787 -1.540901 0.102540 1.227252 0.218960 1.000000 
0.088547 0.162032 0.031290 0.355928 -1.540090 0.099999 1.228921 0.198706 1.000000 
0.089764 0.142072 0.034088 0.343441 -1.539303 0.096718 1.230439 0.181328 1.000000 
0.090820 0.121986 0.036784 0.330358 -1.538545 0.092720 1.231828 0.166373 1.000000 
0.091716 0.101811 0.039372 0.316710 -1.537821 0.088032 1.233106 0.153469 1.000000 
0.092449 0.081582 0.041850 0.302524 -1.537138 0.082687 1.234288 0.142310 1.000000 
0.093021 0.061330 0.044211 0.287832 -1.536500 0.076726 1.235387 0.132643 1.000000 
0.093430 0.041087 0.046454 0.272660 -1.535912 0.070190 1.236414 0.124262 1.000000 
0.093678 0.020883 0.048573 0.257035 -1.535378 0.063130 1.237378 0.116992 1.000000 
0.093765 0.000746 0.050565 0.240985 -1.534903 0.055596 1.238289 0.110690 1.000000 
0.093690 -0.019297 0.052427 0.224534 -1.534490 0.047644 1.239152 0.105239 1.000000 
0.093456 -0.039221 0.054157 0.207707 -1.534142 0.039334 1.239974 0.100541 1.000000 
0.093063 -0.059001 0.055750 0.190526 -1.533861 0.030728 1.240762 0.096513 1.000000 
0.092513 -0.078613 0.057204 0.173016 -1.533651 0.021889 1.241520 0.093089 1.000000 
0.091806 -0.098034 0.058517 0.155197 -1.533512 0.012885 1.242253 0.090216 1.000000 
0.090945 -0.117242 0.059687 0.137091 -1.533445 0.003783 1.242965 0.087851 1.000000 
0.089931 -0.136213 0.060710 0.118720 -1.533451 -0.005349 1.243660 0.085959 1.000000 
0.088766 -0.154925 0.061585 0.100104 -1.533530 -0.014440 1.244342 0.084515 1.000000 
0.087453 -0.173354 0.062311 0.081264 -1.533682 -0.023422 1.245013 0.083505 1.000000 
0.085993 -0.191479 0.062885 0.062222 -1.533905 -0.032225 1.245679 0.082918 1.000000 
0.084390 -0.209273 0.063306 0.043000 -1.534197 -0.040780 1.246341 0.082756 1.000000 
0.082646 -0.226712 0.063573 0.023621 -1.534556 -0.049021 1.247004 0.083024 1.000000 
0.080764 -0.243769 0.063684 0.004108 -1.534980 -0.056882 1.247671 0.083742 1.000000 
0.078747 -0.260418 0.063638 -0.015514 -1.535465 -0.064300 1.248345 0.084935 1.000000 
0.076598 -0.276628 0.063435 -0.035217 -1.536008 -0.071214 1.249031 0.086643 1.000000 
0.074322 -0.292370 0.063074 -0.054975 -1.536603 -0.077567 1.249733 0.088919 1.000000 
0.071921 -0.307611 0.062556 -0.074756 -1.537247 -0.083304 1.250456 0.091834 1.000000 
0.069401 -0.322318 0.061878 -0.094529 -1.537934 -0.088375 1.251204 0.095479 1.000000 
0.066766 -0.336457 0.061043 -0.114259 -1.538659 -0.092734 1.251985 0.099975 1.000000 
0.064020 -0.349990 0.060050 -0.133911 -1.539416 -0.096341 1.252807 0.105478 1.000000 
0.061168 -0.362880 0.058901 -0.153445 -1.540199 -0.099159 1.253676 0.112192 1.000000 
0.058215 -0.375089 0.057596 -0.172821 -1.541000 -0.101157 1.254606 0.120386 1.000000 
0.055168 -0.386576 0.056136 -0.191996 -1.541815 -0.102310 1.255607 0.130418 1.000000 
0.052032 -0.397300 0.054525 -0.210925 -1.542635 -0.102599 1.256698 0.142768 1.000000 
0.048814 -0.407221 0.052762 -0.229560 -1.543454 -0.102011 1.257900 0.158092 1.000000 
0.045519 -0.416294 0.050852 -0.247854 -1.544265 -0.100537 1.259238 0.177301 1.000000 
0.042155 -0.424478 0.048798 -0.265756 -1.545060 -0.098177 1.260750 0.201677 1.000000 
0.038730 -0.431730 0.046602 -0.283215 -1.545833 -0.094932 1.262484 0.233073 1.000000 
0.035250 -0.438005 0.044268 -0.300179 -1.546577 -0.090810 1.264505 0.274218 1.000000 
0.031724 -0.443257 0.041800 -0.316596 -1.547284 -0.085821 1.266908 0.329243 1.000000 
0.028161 -0.447440 0.039204 -0.332415 -1.547948 -0.079976 1.269827 0.404577 1.000000 
0.024568 -0.450502 0.036483 -0.347584 -1.548561 -0.073278 1.273462 0.510549 1.000000 
0.020956 -0.452385 0.033644 -0.362058 -1.549118 -0.065720 1.278122 0.664319 1.000000 
0.017334 -0.453015 0.030692 -0.375792 -1.549610 -0.057264 1.284296 0.895406 1.000000 
0.013711 -0.452291 0.027634 -0.388753 -1.550031 -0.047803 1.292791 1.256250 1.000000 
0.010101 -0.450053 0.024474 -0.400923 -1.550372 -0.037073 1.304988 1.841619 1.000000 
0.006515 -0.446000 0.021221 -0.412319 -1.550620 -0.024409 1.323290 2.817212 1.000000 
0.002972 -0.439447 0.017879 -0.423030 -1.550753 -0.007971 1.351728 4.412504 1.000000 
-0.000504 -0.428336 0.014454 -0.433285 -1.550722 0.018153 1.395547 6.575794 1.000000 
-0.003849 -0.403936 0.010948 -0.442753 -1.550383 0.075420 1.454046 7.552794 1.000000 
-0.006828 -0.325012 0.007406 -0.435411 -1.549280 0.219134 1.505124 4.648042 1.000000 
-0.005576 0.348095 0.009152 0.441029 -1.549921 -0.129125 1.484561 -5.995333 1.000000 
-0.002586 0.391562 0.012666 0.435484 -1.550549 -0.041152 1.431190 -6.724588 1.000000 
0.000623 0.408612 0.016110 0.425316 -1.550713 -0.004373 1.383526 -5.041377 1.000000 
0.003933 0.418060 0.019470 0.414537 -1.550661 0.015783 1.350401 -3.326840 1.000000 
0.007303 0.424090 0.022741 0.403076 -1.550475 0.030001 1.328730 -2.180923 1.000000 
0.010712 0.427931 0.025917 0.390817 -1.550188 0.041504 1.314330 -1.476706 1.000000 
0.014145 0.430064 0.028991 0.377728 -1.549816 0.051408 1.304391 -1.041882 1.000000 
0.017589 0.430726 0.031958 0.363820 -1.549369 0.060148 1.297242 -0.765148 1.000000 
0.021033 0.430053 0.034810 0.349126 -1.548856 0.067903 1.291899 -0.582607 1.000000 
0.024467 0.428138 0.037542 0.333691 -1.548285 0.074747 1.287767 -0.457950 1.000000 
0.027880 0.425049 0.040148 0.317565 -1.547662 0.080704 1.284475 -0.370100 1.000000 
0.031265 0.420846 0.042622 0.300802 -1.546996 0.085779 1.281782 -0.306443 1.000000 
0.034611 0.415578 0.044959 0.283456 -1.546292 0.089966 1.279528 -0.259184 1.000000 
0.037911 0.409295 0.047155 0.265586 -1.545559 0.093259 1.277604 -0.223354 1.000000 
0.041157 0.402043 0.049207 0.247245 -1.544802 0.095652 1.275933 -0.195696 1.000000 
0.044342 0.393866 0.051110 0.228491 -1.544031 0.097144 1.274457 -0.174015 1.000000 
0.047457 0.384809 0.052862 0.209376 -1.543250 0.097738 1.273137 -0.156801 1.000000 
0.050496 0.374916 0.054459 0.189954 -1.542469 0.097443 1.271940 -0.142989 1.000000 
0.053453 0.364229 0.055901 0.170275 -1.541694 0.096275 1.270842 -0.131817 1.000000 
0.056322 0.352790 0.057183 0.150388 -1.540931 0.094255 1.269825 -0.122729 1.000000 
0.059096 0.340641 0.058306 0.130339 -1.540188 0.091410 1.268874 -0.115315 1.000000 
0.061770 0.327820 0.059268 0.110171 -1.539471 0.087773 1.267976 -0.109265 1.000000 
0.064340 0.314367 0.060069 0.089927 -1.538785 0.083383 1.267122 -0.104349 1.000000 
0.066799 0.300318 0.060707 0.069645 -1.538138 0.078283 1.266304 -0.100388 1.000000 
0.069143 0.285710 0.061183 0.049361 -1.537535 0.072522 1.265514 -0.097247 1.000000 
0.071369 0.270576 0.061497 0.029110 -1.536980 0.066154 1.264746 -0.094823 1.000000 
0.073471 0.254949 0.061649 0.008925 -1.536478 0.059236 1.263995 -0.093038 1.000000 
0.075447 0.238861 0.061640 -0.011165 -1.536033 0.051828 1.263256 -0.091832 1.000000 
0.077292 0.222340 0.061471 -0.031131 -1.535650 0.043995 1.262524 -0.091163 1.000000 
0.079003 0.205416 0.061142 -0.050946 -1.535330 0.035803 1.261796 -0.091004 1.000000 
0.080577 0.188115 0.060656 -0.070585 -1.535078 0.027319 1.261067 -0.091335 1.000000 
0.082012 0.170464 0.060014 -0.090023 -1.534894 0.018616 1.260333 -0.092152 1.000000 
0.083304 0.152486 0.059216 -0.109236 -1.534780 0.009762 1.259591 -0.093458 1.000000 
0.084451 0.134208 0.058266 -0.128201 -1.534738 0.000831 1.258837 -0.095264 1.000000 
0.085450 0.115652 0.057166 -0.146895 -1.534767 -0.008106 1.258066 -0.097594 1.000000 
0.086301 0.096842 0.055917 -0.165295 -1.534867 -0.016978 1.257274 -0.100480 1.000000 
0.086999 0.077802 0.054522 -0.183378 -1.535038 -0.025714 1.256456 -0.103965 1.000000 
0.087545 0.058557 0.052984 -0.201119 -1.535278 -0.034245 1.255609 -0.108103 1.000000 
0.087936 0.039130 0.051305 -0.218495 -1.535585 -0.042504 1.254725 -0.112964 1.000000 
0.088170 0.019546 0.049489 -0.235480 -1.535957 -0.050427 1.253799 -0.118631 1.000000 
0.088248 -0.000167 0.047538 -0.252049 -1.536391 -0.057952 1.252824 -0.125206 1.000000 
0.088168 -0.019983 0.045457 -0.268174 -1.536883 -0.065019 1.251793 -0.132813 1.000000 
0.087928 -0.039873 0.043249 -0.283828 -1.537430 -0.071575 1.250696 -0.141600 1.000000 
0.087529 -0.059806 0.040917 -0.298981 -1.538027 -0.077569 1.249524 -0.151749 1.000000 
0.086971 -0.079752 0.038467 -0.313605 -1.538669 -0.082954 1.248264 -0.163476 1.000000 
0.086253 -0.099676 0.035901 -0.327667 -1.539353 -0.087691 1.246903 -0.177044 1.000000 
0.085377 -0.119544 0.033226 -0.341137 -1.540071 -0.091744 1.245426 -0.192770 1.000000 
0.084341 -0.139318 0.030445 -0.353982 -1.540818 -0.095083 1.243812 -0.211038 1.000000 
0.083148 -0.158961 0.027564 -0.366170 -1.541590 -0.097684 1.242041 -0.232315 1.000000 
0.081798 -0.178433 0.024588 -0.377669 -1.542379 -0.099532 1.240086 -0.257165 1.000000 
0.080293 -0.197693 0.021523 -0.388447 -1.543181 -0.100615 1.237915 -0.286273 1.000000 
0.078636 -0.216698 0.018375 -0.398471 -1.543987 -0.100929 1.235492 -0.320466 1.000000 
0.076827 -0.235405 0.015149 -0.407712 -1.544793 -0.100478 1.232771 -0.360741 1.000000 
0.074870 -0.253772 0.011853 -0.416138 -1.545593 -0.099272 1.229700 -0.408289 1.000000 
0.072768 -0.271755 0.008493 -0.423724 -1.546380 -0.097328 1.226216 -0.464516 1.000000 
0.070523 -0.289310 0.005076 -0.430441 -1.547148 -0.094671 1.222241 -0.531052 1.000000 
0.068140 -0.306394 0.001609 -0.436268 -1.547893 -0.091330 1.217686 -0.609733 1.000000 
0.065622 -0.322965 -0.001902 -0.441184 -1.548608 -0.087345 1.212447 -0.702529 1.000000 
0.062974 -0.338983 -0.005448 -0.445172 -1.549289 -0.082758 1.206403 -0.811394 1.000000 
0.060200 -0.354407 -0.009022 -0.448219 -1.549930 -0.077622 1.199418 -0.937985 1.000000 
0.057305 -0.369199 -0.012617 -0.450318 -1.550529 -0.071994 1.191345 -1.083202 1.000000 
0.054295 -0.383324 -0.016225 -0.451467 -1.551081 -0.065938 1.182038 -1.246523 1.000000 
0.051174 -0.396748 -0.019838 -0.451670 -1.551583 -0.059528 1.171360 -1.425154 1.000000 
0.047949 -0.409439 -0.023449 -0.450940 -1.552033 -0.052842 1.159210 -1.613163 1.000000 
0.044625 -0.421372 -0.027050 -0.449299 -1.552428 -0.045967 1.145550 -1.800917 1.000000 
0.041209 -0.432523 -0.030635 -0.446776 -1.552768 -0.038994 1.130431 -1.975306 1.000000 
0.037707 -0.442877 -0.034196 -0.443410 -1.553052 -0.032016 1.114021 -2.121196 1.000000 
0.034125 -0.452425 -0.037728 -0.439249 -1.553281 -0.025118 1.096607 -2.224124 1.000000 
0.030470 -0.461170 -0.041222 -0.434345 -1.553454 -0.018379 1.078578 -2.273559 1.000000 
0.026748 -0.469119 -0.044675 -0.428751 -1.553575 -0.011858 1.060384 -2.265502 1.000000 
0.022966 -0.476289 -0.048081 -0.422521 -1.553645 -0.005597 1.042475 -2.203286 1.000000 
0.019130 -0.482702 -0.051434 -0.415705 -1.553666 0.000380 1.025251 -2.096306 1.000000 
0.015245 -0.488384 -0.054731 -0.408347 -1.553640 0.006064 1.009019 -1.957367 1.000000 
0.011317 -0.493359 -0.057966 -0.400487 -1.553569 0.011458 0.993983 -1.799826 1.000000 
0.007353 -0.497653 -0.061137 -0.392158 -1.553457 0.016569 0.980240 -1.635439 1.000000 
0.003357 -0.501289 -0.064240 -0.383390 -1.553305 0.021407 0.967809 -1.473256 1.000000 
-0.000666 -0.504289 -0.067270 -0.374208 -1.553115 0.025982 0.956646 -1.319427 1.000000 
-0.004710 -0.506671 -0.070226 -0.364637 -1.552890 0.030304 0.946666 -1.177562 1.000000 
-0.008771 -0.508453 -0.073103 -0.354695 -1.552631 0.034378 0.937768 -1.049324 1.000000 
-0.012844 -0.509648 -0.075900 -0.344403 -1.552340 0.038209 0.929840 -0.935026 1.000000 
-0.016924 -0.510273 -0.078613 -0.333777 -1.552020 0.041801 0.922772 -0.834136 1.000000 
-0.021007 -0.510337 -0.081240 -0.322835 -1.551672 0.045154 0.916461 -0.745648 1.000000 
-0.025088 -0.509853 -0.083778 -0.311593 -1.551298 0.048268 0.910812 -0.668344 1.000000 
-0.029163 -0.508832 -0.086224 -0.300066 -1.550901 0.051142 0.905741 -0.600952 1.000000 
-0.033228 -0.507284 -0.088578 -0.288271 -1.550481 0.053774 0.901173 -0.542243 1.000000 
-0.037278 -0.505218 -0.090836 -0.276221 -1.550041 0.056163 0.897045 -0.491085 1.000000 
-0.041310 -0.502643 -0.092997 -0.263933 -1.549583 0.058305 0.893299 -0.446462 1.000000 
-0.045319 -0.499571 -0.095058 -0.251421 -1.549109 0.060199 0.889886 -0.407481 1.000000 
-0.049302 -0.496008 -0.097019 -0.238699 -1.548620 0.061843 0.886766 -0.373364 1.000000 
-0.053254 -0.491966 -0.098877 -0.225782 -1.548120 0.063236 0.883901 -0.343442 1.000000 
-0.057172 -0.487452 -0.100631 -0.212684 -1.547609 0.064375 0.881261 -0.317141 1.000000 
-0.061052 -0.482477 -0.102280 -0.199420 -1.547091 0.065260 0.878819 -0.293970 1.000000 
-0.064890 -0.477050 -0.103821 -0.186003 -1.546566 0.065891 0.876551 -0.273511 1.000000 
-0.068684 -0.471180 -0.105255 -0.172447 -1.546037 0.066269 0.874436 -0.255406 1.000000 
-0.072428 -0.464877 -0.106580 -0.158767 -1.545506 0.066394 0.872459 -0.239352 1.000000 
-0.076120 -0.458150 -0.107795 -0.144975 -1.544975 0.066269 0.870602 -0.225088 1.000000 
-0.079757 -0.451010 -0.108900 -0.131085 -1.544447 0.065895 0.868853 -0.212393 1.000000 
-0.083336 -0.443466 -0.109892 -0.117111 -1.543922 0.065277 0.867200 -0.201076 1.000000 
-0.086852 -0.435528 -0.110773 -0.103065 -1.543403 0.064417 0.865633 -0.190975 1.000000 
-0.090303 -0.427206 -0.111541 -0.088960 -1.542892 0.063322 0.864142 -0.181950 1.000000 
-0.093686 -0.418510 -0.112196 -0.074808 -1.542390 0.061995 0.862719 -0.173882 1.000000 
-0.096998 -0.409451 -0.112738 -0.060623 -1.541900 0.060442 0.861357 -0.166665 1.000000 
-0.100236 -0.400039 -0.113166 -0.046417 -1.541424 0.058672 0.860050 -0.160212 1.000000 
-0.103398 -0.390283 -0.113481 -0.032200 -1.540962 0.056690 0.858792 -0.154445 1.000000 
-0.106480 -0.380194 -0.113681 -0.017986 -1.540517 0.054506 0.857577 -0.149296 1.000000 
-0.109480 -0.369783 -0.113769 -0.003786 -1.540091 0.052126 0.856402 -0.144709 1.000000 
-0.112396 -0.359060 -0.113742 0.010389 -1.539684 0.049562 0.855261 -0.140633 1.000000 
-0.115224 -0.348035 -0.113602 0.024527 -1.539298 0.046821 0.854150 -0.137025 1.000000 
-0.117963 -0.336718 -0.113350 0.038619 -1.538935 0.043915 0.853067 -0.133848 1.000000 
-0.120611 -0.325120 -0.112985 0.052652 -1.538596 0.040855 0.852008 -0.131069 1.000000 
-0.123165 -0.313251 -0.112508 0.066616 -1.538282 0.037650 0.850969 -0.128660 1.000000 
-0.125622 -0.301121 -0.111919 0.080502 -1.537994 0.034314 0.849948 -0.126597 1.000000 
-0.127982 -0.288741 -0.111220 0.094298 -1.537733 0.030857 0.848943 -0.124861 1.000000 
-0.130241 -0.276121 -0.110411 0.107995 -1.537500 0.027293 0.847950 -0.123433 1.000000 
-0.132399 -0.263272 -0.109492 0.121583 -1.537297 0.023634 0.846967 -0.122301 1.000000 
-0.134453 -0.250203 -0.108466 0.135051 -1.537122 0.019892 0.845992 -0.121451 1.000000 
-0.136402 -0.236925 -0.107332 0.148392 -1.536978 0.016081 0.845023 -0.120876 1.000000 
-0.138244 -0.223448 -0.106092 0.161594 -1.536865 0.012214 0.844057 -0.120568 1.000000 
-0.139977 -0.209783 -0.104747 0.174649 -1.536783 0.008304 0.843093 -0.120522 1.000000 
-0.141600 -0.195940 -0.103298 0.187548 -1.536732 0.004365 0.842128 -0.120735 1.000000 
-0.143111 -0.181929 -0.101746 0.200281 -1.536713 0.000410 0.841161 -0.121207 1.000000 
-0.144510 -0.167760 -0.100094 0.212840 -1.536726 -0.003547 0.840188 -0.121938 1.000000 
-0.145795 -0.153445 -0.098341 0.225215 -1.536770 -0.007493 0.839209 -0.122932 1.000000 
-0.146965 -0.138994 -0.096491 0.237399 -1.536846 -0.011414 0.838221 -0.124194 1.000000 
-0.148019 -0.124416 -0.094543 0.249382 -1.536953 -0.015298 0.837221 -0.125729 1.000000 
-0.148955 -0.109724 -0.092501 0.261155 -1.537090 -0.019130 0.836208 -0.127547 1.000000 
-0.149774 -0.094927 -0.090366 0.272711 -1.537259 -0.022899 0.835180 -0.129659 1.000000 
-0.150474 -0.080036 -0.088138 0.284041 -1.537457 -0.026591 0.834133 -0.132078 1.000000 
-0.151054 -0.065062 -0.085822 0.295135 -1.537684 -0.030195 0.833065 -0.134818 1.000000 
-0.151515 -0.050016 -0.083417 0.305987 -1.537939 -0.033698 0.831975 -0.137899 1.000000 
-0.151854 -0.034910 -0.080926 0.316588 -1.538223 -0.037089 0.830858 -0.141339 1.000000 
-0.152073 -0.019753 -0.078352 0.326930 -1.538532 -0.040356 0.829712 -0.145164 1.000000 
-0.152170 -0.004558 -0.075696 0.337004 -1.538868 -0.043489 0.828534 -0.149398 1.000000 
-0.152146 0.010664 -0.072961 0.346803 -1.539228 -0.046477 0.827321 -0.154073 1.000000 
-0.152000 0.025902 -0.070148 0.356319 -1.539611 -0.049311 0.826068 -0.159222 1.000000 
-0.151731 0.041144 -0.067260 0.365544 -1.540016 -0.051982 0.824772 -0.164883 1.000000 
-0.151341 0.056378 -0.064300 0.374471 -1.540442 -0.054480 0.823428 -0.171099 1.000000 
-0.150829 0.071593 -0.061270 0.383091 -1.540888 -0.056798 0.822033 -0.177917 1.000000 
-0.150196 0.086776 -0.058172 0.391398 -1.541351 -0.058929 0.820580 -0.185391 1.000000 
-0.149441 0.101916 -0.055008 0.399384 -1.541830 -0.060866 0.819065 -0.193581 1.000000 
-0.148565 0.117001 -0.051782 0.407043 -1.542324 -0.062602 0.817481 -0.202554 1.000000 
-0.147569 0.132017 -0.048496 0.414366 -1.542831 -0.064134 0.815821 -0.212383 1.000000 
-0.146453 0.146954 -0.045153 0.421348 -1.543350 -0.065455 0.814080 -0.223151 1.000000 
-0.145218 0.161798 -0.041756 0.427982 -1.543878 -0.066562 0.812248 -0.234951 1.000000 
-0.143865 0.176537 -0.038307 0.434261 -1.544414 -0.067453 0.810318 -0.247884 1.000000 
-0.142394 0.191158 -0.034809 0.440180 -1.544956 -0.068124 0.808279 -0.262063 1.000000 
-0.140807 0.205650 -0.031265 0.445732 -1.545503 -0.068576 0.806121 -0.277612 1.000000 
-0.139104 0.219999 -0.027678 0.450913 -1.546053 -0.068806 0.803833 -0.294669 1.000000 
-0.137287 0.234193 -0.024051 0.455717 -1.546604 -0.068816 0.801402 -0.313382 1.000000 
-0.135357 0.248220 -0.020387 0.460138 -1.547154 -0.068605 0.798814 -0.333916 1.000000 
-0.133316 0.262068 -0.016690 0.464174 -1.547701 -0.068177 0.796054 -0.356446 1.000000 
-0.131165 0.275724 -0.012962 0.467818 -1.548244 -0.067534 0.793105 -0.381161 1.000000 
-0.128905 0.289175 -0.009206 0.471069 -1.548781 -0.066679 0.789949 -0.408260 1.000000 
-0.126538 0.302411 -0.005426 0.473922 -1.549310 -0.065616 0.786566 -0.437951 1.000000 
-0.124067 0.315418 -0.001624 0.476374 -1.549830 -0.064351 0.782934 -0.470446 1.000000 
-0.121492 0.328186 0.002195 0.478423 -1.550339 -0.062890 0.779031 -0.505952 1.000000 
-0.118817 0.340704 0.006030 0.480068 -1.550836 -0.061238 0.774831 -0.544669 1.000000 
-0.116042 0.352959 0.009875 0.481306 -1.551319 -0.059404 0.770307 -0.586773 1.000000 
-0.113170 0.364942 0.013729 0.482138 -1.551786 -0.057395 0.765433 -0.632399 1.000000 
-0.110204 0.376641 0.017588 0.482561 -1.552236 -0.055220 0.760179 -0.681629 1.000000 
-0.107145 0.388047 0.021449 0.482578 -1.552669 -0.052889 0.754517 -0.734460 1.000000 
-0.103996 0.399150 0.025309 0.482189 -1.553082 -0.050411 0.748418 -0.790781 1.000000 
-0.100759 0.409941 0.029163 0.481396 -1.553475 -0.047798 0.741856 -0.850339 1.000000 
-0.097437 0.420410 0.033010 0.480200 -1.553847 -0.045061 0.734805 -0.912710 1.000000 
-0.094033 0.430550 0.036845 0.478605 -1.554196 -0.042210 0.727247 -0.977262 1.000000 
-0.090550 0.440352 0.040666 0.476614 -1.554522 -0.039259 0.719166 -1.043136 1.000000 
-0.086989 0.449809 0.044470 0.474233 -1.554824 -0.036220 0.710556 -1.109228 1.000000 
-0.083354 0.458915 0.048253 0.471465 -1.555101 -0.033105 0.701421 -1.174194 1.000000 
-0.079647 0.467664 0.052013 0.468317 -1.555353 -0.029929 0.691776 -1.236481 1.000000 
-0.075872 0.476049 0.055745 0.464796 -1.555580 -0.026704 0.681649 -1.294383 1.000000 
-0.072031 0.484067 0.059448 0.460908 -1.555780 -0.023443 0.671082 -1.346127 1.000000 
-0.068128 0.491714 0.063119 0.456662 -1.555955 -0.020159 0.660132 -1.389986 1.000000 
-0.064165 0.498985 0.066754 0.452066 -1.556103 -0.016865 0.648868 -1.424409 1.000000 
-0.060145 0.505880 0.070351 0.447130 -1.556225 -0.013573 0.637370 -1.448142 1.000000 
-0.056072 0.512395 0.073907 0.441862 -1.556320 -0.010294 0.625728 -1.460344 1.000000 
-0.051948 0.518530 0.077420 0.436272 -1.556389 -0.007039 0.614036 -1.460656 1.000000 
-0.047776 0.524285 0.080887 0.430370 -1.556433 -0.003818 0.602389 -1.449232 1.000000 
-0.043560 0.529660 0.084305 0.424167 -1.556451 -0.000640 0.590878 -1.426711 1.000000 
-0.039303 0.534655 0.087673 0.417671 -1.556443 0.002488 0.579588 -1.394154 1.000000 
-0.035007 0.539273 0.090987 0.410893 -1.556411 0.005558 0.568595 -1.352935 1.000000 
-0.030675 0.543515 0.094246 0.403842 -1.556354 0.008565 0.557960 -1.304625 1.000000 
-0.026311 0.547382 0.097448 0.396528 -1.556274 0.011504 0.547735 -1.250871 1.000000 
-0.021918 0.550878 0.100590 0.388960 -1.556171 0.014368 0.537957 -1.193294 1.000000 
0.000000 0.000000 0.000000 0.000000 0.000000 0.000000 0.000000 0.000000 0.000000 
