-0.404544 -0.092966 -0.257144 0.110566 -1.506356 0.012650 0.554466 0.011863 -1.000000 
-0.405178 -0.065583 -0.256196 0.126366 -1.506318 -0.003115 0.554560 0.011750 -1.000000 
-0.405593 -0.038163 -0.255122 0.142100 -1.506406 -0.018873 0.554654 0.011657 -1.000000 
-0.405789 -0.010710 -0.253922 0.157767 -1.506619 -0.034591 0.554747 0.011583 -1.000000 
-0.405765 0.016773 -0.252598 0.173364 -1.506959 -0.050236 0.554839 0.011529 -1.000000 
-0.405520 0.044282 -0.251149 0.188889 -1.507423 -0.065776 0.554931 0.011493 -1.000000 
-0.405056 0.071813 -0.249576 0.204339 -1.508011 -0.081177 0.555023 0.011476 -1.000000 
-0.404371 0.099362 -0.247879 0.219712 -1.508721 -0.096406 0.555115 0.011478 -1.000000 
-0.403466 0.126924 -0.246061 0.235006 -1.509553 -0.111431 0.555207 0.011499 -1.000000 
-0.402340 0.154496 -0.244120 0.250216 -1.510504 -0.126221 0.555299 0.011540 -1.000000 
-0.400994 0.182071 -0.242057 0.265340 -1.511572 -0.140743 0.555391 0.011599 -1.000000 
-0.399427 0.209645 -0.239874 0.280374 -1.512755 -0.154966 0.555484 0.011679 -1.000000 
-0.397640 0.237212 -0.237572 0.295314 -1.514050 -0.168859 0.555578 0.011780 -1.000000 
-0.395632 0.264765 -0.235150 0.310157 -1.515455 -0.182391 0.555673 0.011903 -1.000000 
-0.393404 0.292297 -0.232609 0.324897 -1.516967 -0.195534 0.555769 0.012048 -1.000000 
-0.390955 0.319801 -0.229952 0.339530 -1.518583 -0.208257 0.555866 0.012216 -1.000000 
-0.388287 0.347269 -0.227177 0.354050 -1.520298 -0.220533 0.555964 0.012410 -1.000000 
-0.385399 0.374691 -0.224287 0.368452 -1.522110 -0.232334 0.556064 0.012631 -1.000000 
-0.382292 0.402059 -0.221282 0.382729 -1.524014 -0.243632 0.556167 0.012880 -1.000000 
-0.378966 0.429362 -0.218164 0.396876 -1.526007 -0.254402 0.556271 0.013159 -1.000000 
-0.375423 0.456588 -0.214933 0.410885 -1.528083 -0.264619 0.556377 0.013472 -1.000000 
-0.371661 0.483727 -0.211590 0.424749 -1.530239 -0.274258 0.556486 0.013821 -1.000000 
-0.367683 0.510766 -0.208137 0.438460 -1.532470 -0.283296 0.556598 0.014208 -1.000000 
-0.363489 0.537691 -0.204575 0.452011 -1.534770 -0.291712 0.556714 0.014638 -1.000000 
-0.359080 0.564487 -0.200905 0.465392 -1.537136 -0.299485 0.556833 0.015115 -1.000000 
-0.354458 0.591141 -0.197129 0.478595 -1.539560 -0.306594 0.556956 0.015644 -1.000000 
-0.349623 0.617636 -0.193248 0.491610 -1.542039 -0.313022 0.557083 0.016230 -1.000000 
-0.344576 0.643955 -0.189264 0.504428 -1.544567 -0.318751 0.557216 0.016879 -1.000000 
-0.339320 0.670082 -0.185178 0.517038 -1.547137 -0.323767 0.557353 0.017600 -1.000000 
-0.333855 0.695997 -0.180992 0.529429 -1.549745 -0.328054 0.557497 0.018401 -1.000000 
-0.328184 0.721682 -0.176708 0.541592 -1.552384 -0.331600 0.557648 0.019292 -1.000000 
-0.322309 0.747118 -0.172327 0.553515 -1.555049 -0.334394 0.557806 0.020285 -1.000000 
-0.316231 0.772283 -0.167852 0.565187 -1.557732 -0.336426 0.557973 0.021394 -1.000000 
-0.309953 0.797156 -0.163285 0.576595 -1.560429 -0.337689 0.558149 0.022636 -1.000000 
-0.303478 0.821717 -0.158627 0.587728 -1.563133 -0.338176 0.558336 0.024030 -1.000000 
-0.296807 0.845942 -0.153882 0.598574 -1.565838 -0.337882 0.558534 0.025600 -1.000000 
-0.289944 0.869808 -0.149051 0.609120 -1.568537 -0.336806 0.558746 0.027374 -1.000000 
-0.282891 0.893293 -0.144137 0.619355 -1.571225 -0.334946 0.558973 0.029385 -1.000000 
-0.275652 0.916372 -0.139142 0.629265 -1.573895 -0.332303 0.559217 0.031675 -1.000000 
-0.268230 0.939022 -0.134070 0.638838 -1.576540 -0.328880 0.559480 0.034294 -1.000000 
-0.260629 0.961217 -0.128922 0.648061 -1.579155 -0.324681 0.559766 0.037303 -1.000000 
-0.252852 0.982933 -0.123702 0.656923 -1.581733 -0.319713 0.560078 0.040780 -1.000000 
-0.244903 1.004146 -0.118412 0.665409 -1.584268 -0.313984 0.560420 0.044818 -1.000000 
-0.236787 1.024829 -0.113056 0.673509 -1.586754 -0.307504 0.560797 0.049538 -1.000000 
-0.228507 1.044959 -0.107637 0.681209 -1.589186 -0.300286 0.561215 0.055094 -1.000000 
-0.220069 1.064510 -0.102158 0.688498 -1.591557 -0.292342 0.561681 0.061680 -1.000000 
-0.211477 1.083458 -0.096622 0.695365 -1.593862 -0.283689 0.562205 0.069551 -1.000000 
-0.202736 1.101777 -0.091033 0.701796 -1.596094 -0.274344 0.562799 0.079043 -1.000000 
-0.193850 1.119444 -0.085395 0.707782 -1.598249 -0.264325 0.563476 0.090600 -1.000000 
-0.184826 1.136435 -0.079710 0.713311 -1.600322 -0.253653 0.564255 0.104825 -1.000000 
-0.175669 1.152726 -0.073983 0.718374 -1.602306 -0.242351 0.565162 0.122543 -1.000000 
-0.166385 1.168295 -0.068217 0.722959 -1.604198 -0.230440 0.566228 0.144908 -1.000000 
-0.156978 1.183118 -0.062417 0.727057 -1.605992 -0.217945 0.567497 0.173560 -1.000000 
-0.147457 1.197176 -0.056586 0.730659 -1.607683 -0.204891 0.569028 0.210888 -1.000000 
-0.137826 1.210445 -0.050728 0.733756 -1.609268 -0.191303 0.570904 0.260448 -1.000000 
-0.128092 1.222907 -0.044847 0.736340 -1.610743 -0.177204 0.573242 0.327685 -1.000000 
-0.118261 1.234542 -0.038948 0.738401 -1.612102 -0.162618 0.576217 0.421195 -1.000000 
-0.108341 1.245332 -0.033034 0.739931 -1.613343 -0.147565 0.580088 0.555022 -1.000000 
-0.098338 1.255258 -0.027110 0.740921 -1.614462 -0.132057 0.585267 0.753039 -1.000000 
-0.088259 1.264303 -0.021181 0.741360 -1.615455 -0.116097 0.592418 1.057667 -1.000000 
-0.078112 1.272451 -0.015250 0.741236 -1.616318 -0.099664 0.602678 1.548090 -1.000000 
-0.067903 1.279684 -0.009322 0.740530 -1.617048 -0.082691 0.618084 2.379958 -1.000000 
-0.057639 1.285985 -0.003403 0.739212 -1.617640 -0.065012 0.642493 3.873445 -1.000000 
-0.047329 1.291331 0.002503 0.737221 -1.618086 -0.046209 0.683542 6.693026 -1.000000 
-0.036981 1.295683 0.008390 0.734427 -1.618373 -0.025165 0.756280 12.025273 -1.000000 
-0.026602 1.298920 0.014251 0.730474 -1.618474 0.001366 0.884379 20.268584 -1.000000 
-0.016202 1.300459 0.020072 0.724394 -1.618315 0.041590 1.069908 24.179172 -1.000000 
-0.005804 1.298162 0.025832 0.714705 -1.617750 0.102758 1.234401 15.567496 -1.000000 
0.004551 1.289375 0.031498 0.701555 -1.616645 0.173884 1.320576 6.874038 -1.000000 
0.014807 1.273607 0.037050 0.685816 -1.614971 0.244218 1.357700 2.999936 -1.000000 
0.024910 1.251151 0.042465 0.667468 -1.612744 0.312197 1.374627 1.456826 -1.000000 
0.034809 1.222335 0.047722 0.646373 -1.609984 0.377236 1.383265 0.788399 -1.000000 
0.044452 1.187596 0.052799 0.622588 -1.606718 0.438344 1.388138 0.465743 -1.000000 
0.053796 1.147487 0.057677 0.596323 -1.602983 0.494505 1.391112 0.294548 -1.000000 
0.062799 1.102656 0.062335 0.567889 -1.598822 0.544854 1.393042 0.196466 -1.000000 
0.071428 1.053812 0.066758 0.537648 -1.594283 0.588708 1.394356 0.136695 -1.000000 
0.079651 1.001701 0.070933 0.505995 -1.589421 0.625568 1.395286 0.098404 -1.000000 
0.087448 0.947082 0.074851 0.473333 -1.584294 0.655103 1.395964 0.072849 -1.000000 
0.094800 0.890702 0.078505 0.440060 -1.578960 0.677136 1.396472 0.055207 -1.000000 
0.101696 0.833282 0.081892 0.406555 -1.573480 0.691629 1.396861 0.042677 -1.000000 
0.108132 0.775495 0.085010 0.373171 -1.567913 0.698670 1.397164 0.033560 -1.000000 
0.114105 0.717958 0.087863 0.340228 -1.562320 0.698449 1.397404 0.026791 -1.000000 
0.119621 0.661217 0.090456 0.308002 -1.556757 0.691248 1.397597 0.021675 -1.000000 
0.124688 0.605742 0.092794 0.276728 -1.551278 0.677421 1.397754 0.017749 -1.000000 
0.129317 0.551920 0.094887 0.246596 -1.545935 0.657375 1.397883 0.014697 -1.000000 
0.133524 0.500059 0.096743 0.217748 -1.540775 0.631558 1.397991 0.012296 -1.000000 
0.137324 0.450381 0.098374 0.190283 -1.535844 0.600446 1.398081 0.010389 -1.000000 
0.140736 0.403029 0.099791 0.164255 -1.531181 0.564523 1.398158 0.008860 -1.000000 
0.143779 0.358069 0.101006 0.139681 -1.526823 0.524282 1.398224 0.007625 -1.000000 
0.146472 0.315499 0.102030 0.116537 -1.522803 0.480205 1.398281 0.006621 -1.000000 
0.148833 0.275247 0.102874 0.094767 -1.519149 0.432764 1.398330 0.005798 -1.000000 
0.150881 0.237185 0.103550 0.074286 -1.515886 0.382414 1.398374 0.005121 -1.000000 
0.152633 0.201134 0.104066 0.054982 -1.513037 0.329591 1.398413 0.004560 -1.000000 
0.154104 0.166867 0.104432 0.036724 -1.510618 0.274709 1.398447 0.004092 -1.000000 
0.155307 0.134123 0.104656 0.019361 -1.508646 0.218162 1.398478 0.003700 -1.000000 
0.156254 0.102606 0.104744 0.002727 -1.507131 0.160327 1.398506 0.003368 -1.000000 
0.156952 0.071997 0.104701 -0.013351 -1.506083 0.101564 1.398532 0.003086 -1.000000 
0.157407 0.041958 0.104531 -0.029055 -1.505508 0.042222 1.398556 0.002841 -1.000000 
0.157623 0.012142 0.104237 -0.044570 -1.505408 -0.017360 1.398578 0.002625 -1.000000 
0.157601 -0.017808 0.103818 -0.060082 -1.505785 -0.076843 1.398598 0.002430 -1.000000 
0.157337 -0.048246 0.103275 -0.075771 -1.506636 -0.135890 1.398617 0.002249 -1.000000 
0.156827 -0.079520 0.102605 -0.091816 -1.507957 -0.194155 1.398634 0.002073 -1.000000 
0.156062 -0.111964 0.101805 -0.108380 -1.509740 -0.251282 1.398650 0.001894 -1.000000 
0.155031 -0.145894 0.100869 -0.125620 -1.511974 -0.306900 1.398664 0.001704 -1.000000 
0.153723 -0.181599 0.099793 -0.143671 -1.514645 -0.360622 1.398677 0.001493 -1.000000 
0.152120 -0.219334 0.098568 -0.162653 -1.517738 -0.412038 1.398688 0.001249 -1.000000 
0.150207 -0.259315 0.097187 -0.182661 -1.521231 -0.460719 1.398697 0.000956 -1.000000 
0.147965 -0.301710 0.095642 -0.203764 -1.525101 -0.506214 1.398703 0.000598 -1.000000 
0.145373 -0.346630 0.093924 -0.226002 -1.529320 -0.548053 1.398706 0.000150 -1.000000 
0.142412 -0.394125 0.092023 -0.249381 -1.533858 -0.585750 1.398705 -0.000418 -1.000000 
0.139060 -0.444177 0.089931 -0.273872 -1.538680 -0.618812 1.398699 -0.001147 -1.000000 
0.135299 -0.496689 0.087639 -0.299408 -1.543746 -0.646740 1.398686 -0.002091 -1.000000 
0.131107 -0.551487 0.085138 -0.325880 -1.549013 -0.669046 1.398665 -0.003327 -1.000000 
0.126469 -0.608310 0.082422 -0.353138 -1.554434 -0.685258 1.398632 -0.004961 -1.000000 
0.121370 -0.666810 0.079486 -0.380991 -1.559959 -0.694940 1.398584 -0.007146 -1.000000 
0.115797 -0.726555 0.076326 -0.409206 -1.565535 -0.697702 1.398516 -0.010105 -1.000000 
0.109743 -0.787026 0.072939 -0.437511 -1.571103 -0.693217 1.398419 -0.014175 -1.000000 
0.103204 -0.847627 0.069326 -0.465599 -1.576606 -0.681240 1.398285 -0.019877 -1.000000 
0.096182 -0.907691 0.065491 -0.493134 -1.581983 -0.661624 1.398095 -0.028045 -1.000000 
0.088685 -0.966493 0.061438 -0.519756 -1.587172 -0.634335 1.397826 -0.040063 -1.000000 
0.080724 -1.023265 0.057178 -0.545093 -1.592112 -0.599472 1.397437 -0.058345 -1.000000 
0.072320 -1.077210 0.052721 -0.568768 -1.596744 -0.557281 1.396864 -0.087322 -1.000000 
0.063498 -1.127529 0.048083 -0.590414 -1.601010 -0.508166 1.395989 -0.135718 -1.000000 
0.054291 -1.173437 0.043281 -0.609692 -1.604857 -0.452715 1.394593 -0.222209 -1.000000 
0.044737 -1.214192 0.038335 -0.626311 -1.608239 -0.391716 1.392219 -0.391421 -1.000000 
0.034880 -1.249115 0.033268 -0.640060 -1.611113 -0.326185 1.387800 -0.766925 -1.000000 
0.024768 -1.277621 0.028102 -0.650882 -1.613449 -0.257348 1.378368 -1.769497 -1.000000 
0.014456 -1.299258 0.022861 -0.659024 -1.615224 -0.186130 1.353226 -5.342438 -1.000000 
0.003999 -1.313646 0.017562 -0.665348 -1.616414 -0.109586 1.255043 -25.242451 -1.000000 
-0.006539 -1.319451 0.012218 -0.670194 -1.616960 -0.031031 0.677522 -144.751245 -1.000000 
-0.017094 -1.318585 0.006850 -0.671172 -1.616925 0.035054 0.469786 75.328936 1.000000 
-0.027632 -1.315764 0.001486 -0.669511 -1.616547 0.058959 0.766009 16.420980 1.000000 
-0.038143 -1.311686 -0.003860 -0.666835 -1.615983 0.081924 0.844134 5.581044 1.000000 
-0.048616 -1.306239 -0.009181 -0.663293 -1.615236 0.104962 0.874198 2.478684 1.000000 
-0.059039 -1.299371 -0.014470 -0.658947 -1.614304 0.127970 0.888644 1.298852 1.000000 
-0.069402 -1.291069 -0.019722 -0.653829 -1.613189 0.150744 0.896627 0.759883 1.000000 
-0.079692 -1.281338 -0.024930 -0.647962 -1.611893 0.173115 0.901477 0.480631 1.000000 
-0.089899 -1.270197 -0.030088 -0.641369 -1.610421 0.194943 0.904633 0.322108 1.000000 
-0.100012 -1.257672 -0.035190 -0.634069 -1.608776 0.216115 0.906794 0.225683 1.000000 
-0.110019 -1.243796 -0.040231 -0.626085 -1.606965 0.236528 0.908334 0.163776 1.000000 
-0.119909 -1.228604 -0.045205 -0.617439 -1.604994 0.256093 0.909468 0.122269 1.000000 
-0.129673 -1.212139 -0.050108 -0.608155 -1.602870 0.274729 0.910324 0.093434 1.000000 
-0.139300 -1.194446 -0.054934 -0.598259 -1.600601 0.292363 0.910985 0.072798 1.000000 
-0.148781 -1.175572 -0.059679 -0.587777 -1.598195 0.308928 0.911504 0.057655 1.000000 
-0.158106 -1.155568 -0.064337 -0.576736 -1.595661 0.324363 0.911917 0.046301 1.000000 
-0.167267 -1.134485 -0.068905 -0.565165 -1.593008 0.338614 0.912251 0.037628 1.000000 
-0.176255 -1.112377 -0.073378 -0.553092 -1.590246 0.351632 0.912524 0.030893 1.000000 
-0.185062 -1.089301 -0.077753 -0.540547 -1.587385 0.363376 0.912750 0.025587 1.000000 
-0.193682 -1.065311 -0.082026 -0.527559 -1.584436 0.373807 0.912937 0.021353 1.000000 
-0.202105 -1.040464 -0.086193 -0.514157 -1.581408 0.382897 0.913093 0.017935 1.000000 
-0.210327 -1.014817 -0.090252 -0.500373 -1.578313 0.390619 0.913225 0.015148 1.000000 
-0.218340 -0.988427 -0.094198 -0.486234 -1.575162 0.396954 0.913337 0.012853 1.000000 
-0.226140 -0.961349 -0.098030 -0.471769 -1.571966 0.401888 0.913432 0.010946 1.000000 
-0.233720 -0.933638 -0.101746 -0.457009 -1.568736 0.405413 0.913513 0.009351 1.000000 
-0.241076 -0.905348 -0.105342 -0.441979 -1.565483 0.407527 0.913582 0.008005 1.000000 
-0.248204 -0.876532 -0.108817 -0.426707 -1.562219 0.408230 0.913642 0.006862 1.000000 
-0.255100 -0.847240 -0.112169 -0.411220 -1.558955 0.407532 0.913693 0.005885 1.000000 
-0.261759 -0.817522 -0.115396 -0.395542 -1.555702 0.405443 0.913736 0.005045 1.000000 
-0.268179 -0.787424 -0.118497 -0.379696 -1.552471 0.401981 0.913774 0.004318 1.000000 
-0.274357 -0.756991 -0.121470 -0.363707 -1.549274 0.397168 0.913805 0.003686 1.000000 
-0.280290 -0.726265 -0.124316 -0.347594 -1.546120 0.391028 0.913833 0.003133 1.000000 
-0.285976 -0.695286 -0.127032 -0.331378 -1.543021 0.383592 0.913856 0.002646 1.000000 
-0.291414 -0.664090 -0.129618 -0.315078 -1.539986 0.374893 0.913875 0.002216 1.000000 
-0.296601 -0.632711 -0.132073 -0.298711 -1.537026 0.364969 0.913891 0.001833 1.000000 
-0.301537 -0.601182 -0.134397 -0.282292 -1.534150 0.353860 0.913905 0.001491 1.000000 
-0.306220 -0.569531 -0.136589 -0.265835 -1.531367 0.341609 0.913915 0.001183 1.000000 
-0.310649 -0.537782 -0.138650 -0.249354 -1.528687 0.328265 0.913924 0.000905 1.000000 
-0.314824 -0.505960 -0.140579 -0.232859 -1.526118 0.313875 0.913930 0.000652 1.000000 
-0.318745 -0.474084 -0.142376 -0.216361 -1.523668 0.298492 0.913934 0.000420 1.000000 
-0.322410 -0.442172 -0.144041 -0.199868 -1.521344 0.282170 0.913937 0.000206 1.000000 
-0.325819 -0.410238 -0.145574 -0.183387 -1.519155 0.264965 0.913937 0.000008 1.000000 
-0.328973 -0.378295 -0.146975 -0.166923 -1.517107 0.246936 0.913937 -0.000177 1.000000 
-0.331872 -0.346353 -0.148245 -0.150482 -1.515206 0.228143 0.913935 -0.000352 1.000000 
-0.334515 -0.314419 -0.149383 -0.134067 -1.513459 0.208646 0.913931 -0.000517 1.000000 
-0.336903 -0.282497 -0.150390 -0.117681 -1.511870 0.188510 0.913926 -0.000676 1.000000 
-0.339035 -0.250593 -0.151266 -0.101324 -1.510444 0.167798 0.913920 -0.000829 1.000000 
-0.340912 -0.218707 -0.152011 -0.084998 -1.509186 0.146574 0.913913 -0.000977 1.000000 
-0.342534 -0.186839 -0.152626 -0.068701 -1.508100 0.124906 0.913905 -0.001123 1.000000 
-0.343902 -0.154988 -0.153110 -0.052433 -1.507189 0.102860 0.913895 -0.001267 1.000000 
-0.345014 -0.123151 -0.153465 -0.036193 -1.506455 0.080503 0.913884 -0.001411 1.000000 
-0.345872 -0.091324 -0.153689 -0.019979 -1.505901 0.057903 0.913873 -0.001556 1.000000 
-0.346475 -0.059502 -0.153785 -0.003787 -1.505529 0.035129 0.913860 -0.001703 1.000000 
-0.346824 -0.027681 -0.153750 0.012385 -1.505340 0.012250 0.913845 -0.001853 1.000000 
-0.346918 0.004144 -0.153586 0.028539 -1.505333 -0.010667 0.913830 -0.002007 1.000000 
-0.346758 0.035981 -0.153294 0.044679 -1.505510 -0.033551 0.913813 -0.002167 1.000000 
-0.346343 0.067834 -0.152872 0.060807 -1.505870 -0.056334 0.913795 -0.002333 1.000000 
-0.345672 0.099708 -0.152321 0.076926 -1.506411 -0.078948 0.913776 -0.002508 1.000000 
-0.344747 0.131609 -0.151641 0.093038 -1.507132 -0.101324 0.913755 -0.002692 1.000000 
-0.343567 0.163539 -0.150832 0.109145 -1.508032 -0.123394 0.913733 -0.002887 1.000000 
-0.342130 0.195503 -0.149894 0.125248 -1.509106 -0.145091 0.913709 -0.003095 1.000000 
-0.340438 0.227501 -0.148828 0.141348 -1.510352 -0.166348 0.913683 -0.003318 1.000000 
-0.338490 0.259535 -0.147633 0.157445 -1.511766 -0.187098 0.913656 -0.003558 1.000000 
-0.336286 0.291603 -0.146309 0.173538 -1.513344 -0.207278 0.913626 -0.003816 1.000000 
-0.333825 0.323702 -0.144856 0.189625 -1.515081 -0.226822 0.913595 -0.004097 1.000000 
-0.331107 0.355827 -0.143275 0.205704 -1.516971 -0.245667 0.913561 -0.004402 1.000000 
-0.328131 0.387971 -0.141565 0.221769 -1.519009 -0.263754 0.913524 -0.004735 1.000000 
-0.324899 0.420124 -0.139727 0.237817 -1.521189 -0.281020 0.913485 -0.005100 1.000000 
-0.321409 0.452276 -0.137760 0.253841 -1.523503 -0.297409 0.913442 -0.005502 1.000000 
-0.317663 0.484411 -0.135665 0.269833 -1.525945 -0.312864 0.913397 -0.005944 1.000000 
-0.313659 0.516513 -0.133443 0.285784 -1.528507 -0.327330 0.913347 -0.006435 1.000000 
-0.309399 0.548562 -0.131093 0.301684 -1.531180 -0.340756 0.913294 -0.006979 1.000000 
-0.304882 0.580536 -0.128616 0.317521 -1.533956 -0.353092 0.913235 -0.007586 1.000000 
-0.300110 0.612410 -0.126013 0.333283 -1.536826 -0.364292 0.913172 -0.008265 1.000000 
-0.295084 0.644155 -0.123284 0.348954 -1.539781 -0.374312 0.913103 -0.009027 1.000000 
-0.289804 0.675740 -0.120430 0.364518 -1.542812 -0.383111 0.913027 -0.009886 1.000000 
-0.284273 0.707132 -0.117452 0.379959 -1.545908 -0.390652 0.912944 -0.010858 1.000000 
-0.278491 0.738295 -0.114351 0.395257 -1.549059 -0.396901 0.912853 -0.011962 1.000000 
-0.272461 0.769189 -0.111128 0.410392 -1.552255 -0.401828 0.912753 -0.013222 1.000000 
-0.266184 0.799772 -0.107785 0.425344 -1.555484 -0.405409 0.912641 -0.014666 1.000000 
-0.259665 0.830001 -0.104323 0.440089 -1.558737 -0.407620 0.912517 -0.016329 1.000000 
-0.252906 0.859828 -0.100744 0.454604 -1.562003 -0.408447 0.912379 -0.018256 1.000000 
-0.245909 0.889204 -0.097050 0.468864 -1.565269 -0.407875 0.912224 -0.020500 1.000000 
-0.238680 0.918081 -0.093243 0.482844 -1.568525 -0.405899 0.912050 -0.023129 1.000000 
-0.231221 0.946403 -0.089326 0.496517 -1.571759 -0.402515 0.911853 -0.026229 1.000000 
-0.223539 0.974119 -0.085300 0.509856 -1.574961 -0.397727 0.911629 -0.029911 1.000000 
-0.215637 1.001173 -0.081169 0.522833 -1.578119 -0.391543 0.911373 -0.034317 1.000000 
-0.207522 1.027509 -0.076936 0.535421 -1.581222 -0.383977 0.911077 -0.039634 1.000000 
-0.199199 1.053070 -0.072603 0.547592 -1.584259 -0.375049 0.910735 -0.046110 1.000000 
-0.190675 1.077799 -0.068175 0.559316 -1.587220 -0.364785 0.910336 -0.054077 1.000000 
-0.181957 1.101641 -0.063655 0.570567 -1.590092 -0.353214 0.909865 -0.063989 1.000000 
-0.173051 1.124538 -0.059048 0.581315 -1.592868 -0.340376 0.909305 -0.076474 1.000000 
-0.163967 1.146436 -0.054356 0.591533 -1.595535 -0.326313 0.908632 -0.092420 1.000000 
-0.154711 1.167279 -0.049584 0.601195 -1.598086 -0.311075 0.907814 -0.113109 1.000000 
-0.145293 1.187017 -0.044738 0.610273 -1.600509 -0.294717 0.906805 -0.140431 1.000000 
-0.135722 1.205597 -0.039822 0.618744 -1.602798 -0.277303 0.905542 -0.177253 1.000000 
-0.126007 1.222973 -0.034840 0.626583 -1.604944 -0.258902 0.903932 -0.228052 1.000000 
-0.116158 1.239100 -0.029798 0.633767 -1.606938 -0.239591 0.901837 -0.300065 1.000000 
-0.106185 1.253936 -0.024702 0.640275 -1.608775 -0.219456 0.899042 -0.405475 1.000000 
-0.096098 1.267446 -0.019556 0.646086 -1.610448 -0.198592 0.895204 -0.565767 1.000000 
-0.085909 1.279599 -0.014366 0.651182 -1.611951 -0.177107 0.889740 -0.820977 1.000000 
-0.075628 1.290371 -0.009139 0.655543 -1.613280 -0.155124 0.881610 -1.250755 1.000000 
-0.065267 1.299746 -0.003879 0.659154 -1.614432 -0.132784 0.868824 -2.026302 1.000000 
-0.054836 1.307724 0.001406 0.661993 -1.615404 -0.110245 0.847244 -3.549998 1.000000 
-0.044347 1.314320 0.006710 0.664035 -1.616196 -0.087654 0.807402 -6.860530 1.000000 
-0.033811 1.319571 0.012028 0.665242 -1.616806 -0.065068 0.725512 -14.797517 1.000000 
-0.023237 1.323519 0.017352 0.665566 -1.617236 -0.042468 0.540891 -33.917708 1.000000 
-0.012638 1.326162 0.022675 0.665045 -1.617489 -0.021299 0.146878 -64.692287 1.000000 
-0.002023 1.326711 0.027989 0.663194 -1.617458 0.028877 0.118037 52.214011 -1.000000 
0.008584 1.325041 0.033286 0.661141 -1.617158 0.045961 0.404377 22.948019 -1.000000 
0.019174 1.322305 0.038566 0.658723 -1.616722 0.063124 0.530386 10.433314 -1.000000 
0.029738 1.318512 0.043825 0.655900 -1.616148 0.080341 0.590397 5.286028 -1.000000 
0.040268 1.313666 0.049059 0.652628 -1.615436 0.097610 0.622268 2.965281 -1.000000 
0.050754 1.307769 0.054266 0.648881 -1.614587 0.114841 0.640858 1.805668 -1.000000 
0.061189 1.300826 0.059440 0.644647 -1.613599 0.131931 0.652534 1.172717 -1.000000 
0.071565 1.292847 0.064579 0.639922 -1.612476 0.148785 0.660307 0.801431 -1.000000 
0.081872 1.283843 0.069677 0.634705 -1.611220 0.165321 0.665727 0.570538 -1.000000 
0.092103 1.273829 0.074733 0.629002 -1.609832 0.181469 0.669648 0.419929 -1.000000 
0.102251 1.262821 0.079740 0.622818 -1.608317 0.197166 0.672573 0.317730 -1.000000 
0.112306 1.250838 0.084696 0.616162 -1.606679 0.212356 0.674812 0.246046 -1.000000 
0.122262 1.237902 0.089598 0.609044 -1.604921 0.226988 0.676563 0.194333 -1.000000 
0.132110 1.224035 0.094440 0.601476 -1.603049 0.241015 0.677957 0.156118 -1.000000 
0.141844 1.209261 0.099220 0.593469 -1.601067 0.254394 0.679086 0.127282 -1.000000 
0.151456 1.193607 0.103934 0.585036 -1.598980 0.267086 0.680012 0.105124 -1.000000 
0.160939 1.177099 0.108579 0.576190 -1.596795 0.279054 0.680781 0.087822 -1.000000 
0.170287 1.159765 0.113152 0.566947 -1.594517 0.290264 0.681426 0.074117 -1.000000 
0.179493 1.141635 0.117650 0.557321 -1.592153 0.300686 0.681974 0.063124 -1.000000 
0.188551 1.122738 0.122068 0.547326 -1.589709 0.310294 0.682442 0.054203 -1.000000 
0.197455 1.103105 0.126406 0.536979 -1.587191 0.319061 0.682845 0.046890 -1.000000 
0.206199 1.082766 0.130659 0.526295 -1.584606 0.326966 0.683195 0.040839 -1.000000 
0.214778 1.061752 0.134826 0.515290 -1.581962 0.333990 0.683501 0.035788 -1.000000 
0.223185 1.040096 0.138903 0.503980 -1.579265 0.340117 0.683770 0.031540 -1.000000 
0.231417 1.017829 0.142889 0.492380 -1.576522 0.345333 0.684008 0.027941 -1.000000 
0.239469 0.994982 0.146780 0.480507 -1.573742 0.349628 0.684219 0.024871 -1.000000 
0.247336 0.971587 0.150576 0.468376 -1.570931 0.352994 0.684407 0.022238 -1.000000 
0.255013 0.947674 0.154274 0.456004 -1.568096 0.355426 0.684575 0.019965 -1.000000 
0.262497 0.923275 0.157872 0.443405 -1.565246 0.356921 0.684727 0.017994 -1.000000 
0.269784 0.898419 0.161368 0.430594 -1.562388 0.357478 0.684864 0.016275 -1.000000 
0.276871 0.873135 0.164760 0.417587 -1.559529 0.357102 0.684988 0.014770 -1.000000 
0.283753 0.847453 0.168049 0.404397 -1.556677 0.355797 0.685101 0.013445 -1.000000 
0.290429 0.821401 0.171230 0.391039 -1.553839 0.353569 0.685204 0.012276 -1.000000 
0.296895 0.795005 0.174305 0.377526 -1.551022 0.350430 0.685298 0.011239 -1.000000 
0.303148 0.768292 0.177270 0.363871 -1.548234 0.346392 0.685384 0.010316 -1.000000 
0.309187 0.741287 0.180126 0.350086 -1.545482 0.341468 0.685463 0.009492 -1.000000 
0.315008 0.714014 0.182871 0.336184 -1.542773 0.335675 0.685536 0.008753 -1.000000 
0.320610 0.686496 0.185505 0.322176 -1.540114 0.329033 0.685603 0.008089 -1.000000 
0.325991 0.658755 0.188026 0.308073 -1.537511 0.321560 0.685665 0.007491 -1.000000 
0.331150 0.630811 0.190434 0.293885 -1.534971 0.313280 0.685723 0.006949 -1.000000 
0.336084 0.602684 0.192728 0.279621 -1.532500 0.304217 0.685777 0.006459 -1.000000 
0.340792 0.574392 0.194908 0.265290 -1.530105 0.294397 0.685827 0.006012 -1.000000 
0.345274 0.545953 0.196973 0.250902 -1.527792 0.283847 0.685873 0.005605 -1.000000 
0.349527 0.517381 0.198922 0.236462 -1.525566 0.272595 0.685916 0.005233 -1.000000 
0.353552 0.488693 0.200756 0.221980 -1.523432 0.260673 0.685957 0.004891 -1.000000 
0.357346 0.459901 0.202474 0.207461 -1.521397 0.248112 0.685995 0.004578 -1.000000 
0.360910 0.431018 0.204075 0.192912 -1.519464 0.234946 0.686030 0.004288 -1.000000 
0.364242 0.402055 0.205560 0.178337 -1.517639 0.221207 0.686063 0.004021 -1.000000 
0.367342 0.373022 0.206928 0.163742 -1.515926 0.206931 0.686094 0.003773 -1.000000 
0.370210 0.343929 0.208180 0.149132 -1.514330 0.192155 0.686124 0.003543 -1.000000 
0.372845 0.314784 0.209315 0.134509 -1.512853 0.176916 0.686151 0.003329 -1.000000 
0.375247 0.285593 0.210332 0.119879 -1.511500 0.161250 0.686177 0.003128 -1.000000 
0.377415 0.256364 0.211233 0.105243 -1.510274 0.145198 0.686201 0.002940 -1.000000 
0.379348 0.227103 0.212016 0.090605 -1.509178 0.128798 0.686224 0.002763 -1.000000 
0.381048 0.197813 0.212682 0.075967 -1.508214 0.112090 0.686246 0.002596 -1.000000 
0.382513 0.168500 0.213231 0.061330 -1.507385 0.095115 0.686266 0.002438 -1.000000 
0.383744 0.139167 0.213664 0.046698 -1.506693 0.077913 0.686285 0.002288 -1.000000 
0.384740 0.109818 0.213979 0.032071 -1.506139 0.060525 0.686302 0.002145 -1.000000 
0.385501 0.080455 0.214177 0.017451 -1.505725 0.042994 0.686319 0.002007 -1.000000 
0.386027 0.051081 0.214258 0.002838 -1.505451 0.025360 0.686334 0.001875 -1.000000 
0.386318 0.021699 0.214222 -0.011765 -1.505319 0.007667 0.686349 0.001747 -1.000000 
0.386374 -0.007690 0.214070 -0.026357 -1.505329 -0.010045 0.686362 0.001623 -1.000000 
0.386195 -0.037082 0.213800 -0.040939 -1.505480 -0.027733 0.686375 0.001501 -1.000000 
0.385781 -0.066477 0.213415 -0.055508 -1.505772 -0.045356 0.686386 0.001382 -1.000000 
0.385132 -0.095871 0.212912 -0.070063 -1.506205 -0.062870 0.686397 0.001264 -1.000000 
0.384247 -0.125261 0.212294 -0.084603 -1.506778 -0.080235 0.686407 0.001147 -1.000000 
0.383128 -0.154646 0.211559 -0.099126 -1.507489 -0.097409 0.686415 0.001031 -1.000000 
0.381773 -0.184021 0.210708 -0.113632 -1.508336 -0.114351 0.686423 0.000913 -1.000000 
0.380183 -0.213384 0.209741 -0.128117 -1.509317 -0.131019 0.686430 0.000795 -1.000000 
0.378359 -0.242728 0.208658 -0.142580 -1.510431 -0.147375 0.686436 0.000674 -1.000000 
0.376300 -0.272051 0.207459 -0.157017 -1.511674 -0.163377 0.686441 0.000550 -1.000000 
0.374006 -0.301345 0.206146 -0.171427 -1.513044 -0.178987 0.686445 0.000423 -1.000000 
0.371478 -0.330604 0.204717 -0.185806 -1.514537 -0.194165 0.686447 0.000291 -1.000000 
0.368717 -0.359821 0.203173 -0.200149 -1.516150 -0.208875 0.686449 0.000154 -1.000000 
0.365721 -0.388988 0.201514 -0.214453 -1.517878 -0.223080 0.686450 0.000010 -1.000000 
0.362493 -0.418096 0.199742 -0.228714 -1.519717 -0.236742 0.686449 -0.000142 -1.000000 
0.359032 -0.447133 0.197855 -0.242925 -1.521664 -0.249828 0.686448 -0.000303 -1.000000 
0.355339 -0.476090 0.195855 -0.257081 -1.523713 -0.262302 0.686445 -0.000475 -1.000000 
0.351415 -0.504953 0.193742 -0.271176 -1.525859 -0.274133 0.686440 -0.000659 -1.000000 
0.347260 -0.533709 0.191516 -0.285203 -1.528097 -0.285288 0.686434 -0.000857 -1.000000 
0.342876 -0.562343 0.189179 -0.299154 -1.530422 -0.295738 0.686426 -0.001071 -1.000000 
0.338263 -0.590839 0.186730 -0.313022 -1.532827 -0.305454 0.686417 -0.001304 -1.000000 
0.333423 -0.619179 0.184171 -0.326797 -1.535307 -0.314408 0.686405 -0.001558 -1.000000 
0.328356 -0.647347 0.181502 -0.340472 -1.537856 -0.322574 0.686392 -0.001838 -1.000000 
0.323066 -0.675321 0.178724 -0.354035 -1.540466 -0.329929 0.686376 -0.002145 -1.000000 
0.317552 -0.703081 0.175838 -0.367476 -1.543132 -0.336451 0.686357 -0.002485 -1.000000 
0.311817 -0.730605 0.172844 -0.380785 -1.545847 -0.342119 0.686336 -0.002862 -1.000000 
0.305863 -0.757870 0.169745 -0.393950 -1.548604 -0.346914 0.686311 -0.003284 -1.000000 
0.299692 -0.784852 0.166542 -0.406958 -1.551395 -0.350821 0.686283 -0.003756 -1.000000 
0.293306 -0.811525 0.163234 -0.419798 -1.554215 -0.353825 0.686251 -0.004287 -1.000000 
0.286708 -0.837863 0.159825 -0.432456 -1.557054 -0.355914 0.686215 -0.004887 -1.000000 
0.279901 -0.863838 0.156316 -0.444919 -1.559907 -0.357079 0.686173 -0.005567 -1.000000 
0.272888 -0.889423 0.152707 -0.457173 -1.562765 -0.357312 0.686125 -0.006344 -1.000000 
0.265672 -0.914588 0.149001 -0.469204 -1.565621 -0.356609 0.686071 -0.007233 -1.000000 
0.258256 -0.939304 0.145201 -0.480996 -1.568468 -0.354966 0.686009 -0.008257 -1.000000 
0.250644 -0.963540 0.141306 -0.492536 -1.571298 -0.352384 0.685938 -0.009443 -1.000000 
0.242840 -0.987265 0.137321 -0.503808 -1.574104 -0.348866 0.685858 -0.010822 -1.000000 
0.234849 -1.010448 0.133246 -0.514796 -1.576878 -0.344418 0.685765 -0.012438 -1.000000 
0.226675 -1.033057 0.129085 -0.525486 -1.579612 -0.339046 0.685658 -0.014341 -1.000000 
0.218322 -1.055060 0.124839 -0.535861 -1.582300 -0.332762 0.685534 -0.016600 -1.000000 
0.209796 -1.076425 0.120512 -0.545906 -1.584934 -0.325580 0.685391 -0.019300 -1.000000 
0.201101 -1.097121 0.116106 -0.555607 -1.587507 -0.317516 0.685224 -0.022553 -1.000000 
0.192244 -1.117115 0.111623 -0.564947 -1.590012 -0.308588 0.685028 -0.026507 -1.000000 
0.183229 -1.136376 0.107067 -0.573912 -1.592442 -0.298818 0.684797 -0.031361 -1.000000 
0.174064 -1.154873 0.102442 -0.582486 -1.594791 -0.288231 0.684523 -0.037382 -1.000000 
0.164753 -1.172576 0.097749 -0.590656 -1.597052 -0.276854 0.684195 -0.044941 -1.000000 
0.155305 -1.189455 0.092992 -0.598407 -1.599218 -0.264718 0.683799 -0.054556 -1.000000 
0.145724 -1.205481 0.088175 -0.605726 -1.601285 -0.251854 0.683315 -0.066972 -1.000000 
0.136019 -1.220627 0.083302 -0.612600 -1.603246 -0.238299 0.682717 -0.083279 -1.000000 
0.126197 -1.234866 0.078375 -0.619017 -1.605096 -0.224090 0.681968 -0.105115 -1.000000 
0.116264 -1.248172 0.073399 -0.624965 -1.606830 -0.209270 0.681014 -0.135017 -1.000000 
0.106228 -1.260523 0.068377 -0.630434 -1.608443 -0.193883 0.679775 -0.177057 -1.000000 
0.096098 -1.271896 0.063313 -0.635415 -1.609931 -0.177978 0.678131 -0.238024 -1.000000 
0.085881 -1.282270 0.058211 -0.639899 -1.611289 -0.161606 0.675886 -0.329809 -1.000000 
0.075584 -1.291627 0.053076 -0.643880 -1.612515 -0.144826 0.672715 -0.474470 -1.000000 
0.065217 -1.299951 0.047911 -0.647354 -1.613606 -0.127705 0.668040 -0.715941 -1.000000 
0.054788 -1.307229 0.042720 -0.650319 -1.614558 -0.110318 0.660757 -1.149955 -1.000000 
0.044305 -1.313448 0.037507 -0.652779 -1.615370 -0.092761 0.648534 -2.010958 -1.000000 
0.033776 -1.318601 0.032277 -0.654746 -1.616042 -0.075153 0.625767 -3.971257 -1.000000 
0.023210 -1.322680 0.027032 -0.656250 -1.616573 -0.057633 0.576193 -9.441816 -1.000000 
0.012616 -1.325672 0.021778 -0.657362 -1.616964 -0.040170 0.437183 -30.455933 -1.000000 
0.002002 -1.327515 0.016515 -0.658223 -1.617213 -0.021555 -0.159722 -159.054789 1.000000 
-0.008610 -1.324601 0.011243 -0.659305 -1.617016 0.053991 1.005019 88.651568 1.000000 
-0.019168 -1.313564 0.005979 -0.655431 -1.616216 0.146336 1.331961 14.338595 1.000000 
-0.029609 -1.295589 0.000775 -0.644633 -1.614706 0.229649 1.390765 3.462939 1.000000 
-0.039879 -1.270623 -0.004321 -0.628572 -1.612553 0.308223 1.407676 1.242870 1.000000 
-0.049920 -1.238334 -0.009270 -0.608113 -1.609784 0.383387 1.414445 0.563442 1.000000 
-0.059674 -1.199029 -0.014041 -0.583886 -1.606432 0.453756 1.417732 0.294986 1.000000 
-0.069087 -1.153362 -0.018604 -0.556464 -1.602540 0.517924 1.419534 0.169756 1.000000 
-0.078113 -1.102176 -0.022937 -0.526414 -1.598164 0.574787 1.420604 0.104245 1.000000 
-0.086710 -1.046422 -0.027021 -0.494304 -1.593365 0.623533 1.421276 0.067007 1.000000 
-0.094846 -0.987104 -0.030842 -0.460697 -1.588211 0.663612 1.421715 0.044478 1.000000 
-0.102497 -0.925238 -0.034390 -0.426141 -1.582772 0.694706 1.422009 0.030175 1.000000 
-0.109645 -0.861814 -0.037659 -0.391154 -1.577120 0.716705 1.422210 0.020745 1.000000 
-0.116284 -0.797770 -0.040648 -0.356215 -1.571328 0.729683 1.422349 0.014337 1.000000 
-0.122410 -0.733963 -0.043360 -0.321753 -1.565468 0.733868 1.422445 0.009876 1.000000 
-0.128030 -0.671159 -0.045799 -0.288142 -1.559609 0.729622 1.422511 0.006710 1.000000 
-0.133153 -0.610012 -0.047973 -0.255694 -1.553816 0.717405 1.422555 0.004428 1.000000 
-0.137796 -0.551062 -0.049894 -0.224658 -1.548150 0.697759 1.422583 0.002763 1.000000 
-0.141977 -0.494730 -0.051572 -0.195221 -1.542670 0.671277 1.422600 0.001535 1.000000 
-0.145720 -0.441320 -0.053022 -0.167506 -1.537426 0.638581 1.422608 0.000622 1.000000 
-0.149047 -0.391020 -0.054257 -0.141581 -1.532467 0.600306 1.422611 -0.000062 1.000000 
-0.151984 -0.343914 -0.055292 -0.117460 -1.527835 0.557085 1.422608 -0.000579 1.000000 
-0.154558 -0.299986 -0.056141 -0.095107 -1.523566 0.509529 1.422602 -0.000973 1.000000 
-0.156792 -0.259131 -0.056818 -0.074444 -1.519692 0.458226 1.422593 -0.001277 1.000000 
-0.158712 -0.221165 -0.057336 -0.055357 -1.516242 0.403731 1.422581 -0.001518 1.000000 
-0.160338 -0.185838 -0.057708 -0.037701 -1.513240 0.346562 1.422568 -0.001715 1.000000 
-0.161691 -0.152838 -0.057943 -0.021303 -1.510703 0.287203 1.422554 -0.001883 1.000000 
-0.162789 -0.121808 -0.058051 -0.005971 -1.508649 0.226102 1.422538 -0.002035 1.000000 
-0.163644 -0.092350 -0.058041 0.008500 -1.507089 0.163675 1.422521 -0.002181 1.000000 
-0.164269 -0.064039 -0.057917 0.022330 -1.506033 0.100315 1.422503 -0.002332 1.000000 
-0.164671 -0.036425 -0.057684 0.035744 -1.505486 0.036393 1.422484 -0.002496 1.000000 
-0.164853 -0.009046 -0.057346 0.048968 -1.505451 -0.027730 1.422463 -0.002682 1.000000 
-0.164815 0.018564 -0.056901 0.062229 -1.505929 -0.091699 1.422441 -0.002898 1.000000 
-0.164554 0.046872 -0.056349 0.075746 -1.506917 -0.155157 1.422417 -0.003155 1.000000 
-0.164062 0.076333 -0.055688 0.089734 -1.508409 -0.217733 1.422390 -0.003464 1.000000 
-0.163328 0.107384 -0.054912 0.104391 -1.510397 -0.279041 1.422361 -0.003838 1.000000 
-0.162339 0.140437 -0.054015 0.119900 -1.512869 -0.338669 1.422329 -0.004295 1.000000 
-0.161075 0.175867 -0.052991 0.136424 -1.515810 -0.396177 1.422292 -0.004855 1.000000 
-0.159517 0.214006 -0.051829 0.154101 -1.519201 -0.451089 1.422251 -0.005544 1.000000 
-0.157643 0.255130 -0.050522 0.173041 -1.523019 -0.502897 1.422203 -0.006396 1.000000 
-0.155427 0.299449 -0.049057 0.193318 -1.527238 -0.551057 1.422148 -0.007455 1.000000 
0.000000 0.000000 0.000000 0.000000 0.000000 0.000000 0.000000 0.000000 0.000000 
