1.070426 -0.382515 0.625374 -3.822674 -1.650458 -1.854739 0.107272 -0.062408 1.000000 
1.067077 -0.455038 0.594619 -3.865642 -1.665186 -1.827002 0.106759 -0.065905 1.000000 
1.063144 -0.528225 0.563528 -3.907008 -1.679684 -1.796910 0.106217 -0.069655 1.000000 
1.058623 -0.602012 0.532112 -3.946687 -1.693931 -1.764480 0.105644 -0.073675 1.000000 
1.053510 -0.676332 0.500385 -3.984596 -1.707909 -1.729732 0.105037 -0.077985 1.000000 
1.047801 -0.751118 0.468363 -4.020652 -1.721600 -1.692691 0.104395 -0.082603 1.000000 
1.041492 -0.826296 0.436060 -4.054774 -1.734986 -1.653389 0.103715 -0.087550 1.000000 
1.034579 -0.901793 0.403492 -4.086883 -1.748049 -1.611860 0.102993 -0.092845 1.000000 
1.027062 -0.977532 0.370675 -4.116903 -1.760770 -1.568144 0.102228 -0.098505 1.000000 
1.018938 -1.053435 0.337627 -4.144758 -1.773133 -1.522286 0.101416 -0.104550 1.000000 
1.010207 -1.129421 0.304365 -4.170378 -1.785121 -1.474333 0.100554 -0.110995 1.000000 
1.000868 -1.205408 0.270907 -4.193693 -1.796717 -1.424341 0.099639 -0.117853 1.000000 
0.990921 -1.281311 0.237273 -4.214638 -1.807905 -1.372368 0.098668 -0.125133 1.000000 
0.980367 -1.357046 0.203480 -4.233152 -1.818670 -1.318478 0.097636 -0.132839 1.000000 
0.969209 -1.432526 0.169549 -4.249175 -1.828996 -1.262737 0.096541 -0.140970 1.000000 
0.957448 -1.507665 0.135500 -4.262655 -1.838869 -1.205218 0.095379 -0.149513 1.000000 
0.945087 -1.582374 0.101353 -4.273542 -1.848275 -1.145999 0.094148 -0.158449 1.000000 
0.932131 -1.656566 0.067130 -4.281790 -1.857201 -1.085159 0.092843 -0.167743 1.000000 
0.918584 -1.730152 0.032852 -4.287358 -1.865633 -1.022783 0.091463 -0.177350 1.000000 
0.904450 -1.803044 -0.001460 -4.290213 -1.873561 -0.958961 0.090005 -0.187206 1.000000 
0.889737 -1.875156 -0.035784 -4.290322 -1.880973 -0.893784 0.088467 -0.197230 1.000000 
0.874450 -1.946399 -0.070098 -4.287661 -1.887859 -0.827348 0.086849 -0.207323 1.000000 
0.858597 -2.016688 -0.104380 -4.282210 -1.894208 -0.759751 0.085150 -0.217367 1.000000 
0.842186 -2.085940 -0.138606 -4.273956 -1.900012 -0.691096 0.083372 -0.227225 1.000000 
0.825225 -2.154070 -0.172755 -4.262888 -1.905263 -0.621486 0.081516 -0.236746 1.000000 
0.807724 -2.220999 -0.206805 -4.249005 -1.909953 -0.551027 0.079585 -0.245762 1.000000 
0.789693 -2.286647 -0.240732 -4.232308 -1.914077 -0.479828 0.077585 -0.254101 1.000000 
0.771141 -2.350938 -0.274514 -4.212806 -1.917629 -0.407998 0.075522 -0.261587 1.000000 
0.752081 -2.413798 -0.308129 -4.190512 -1.920604 -0.335648 0.073403 -0.268049 1.000000 
0.732525 -2.475156 -0.341555 -4.165446 -1.922998 -0.262889 0.071236 -0.273332 1.000000 
0.712483 -2.534945 -0.374769 -4.137632 -1.924809 -0.189834 0.069033 -0.277301 1.000000 
0.691970 -2.593099 -0.407750 -4.107100 -1.926035 -0.116594 0.066803 -0.279853 1.000000 
0.670998 -2.649558 -0.440476 -4.073886 -1.926674 -0.043281 0.064559 -0.280920 1.000000 
0.649582 -2.704264 -0.472925 -4.038028 -1.926728 0.029994 0.062312 -0.280475 1.000000 
0.627735 -2.757164 -0.505077 -3.999573 -1.926195 0.103120 0.060075 -0.278532 1.000000 
0.605472 -2.808206 -0.536911 -3.958569 -1.925078 0.175990 0.057860 -0.275147 1.000000 
0.582808 -2.857345 -0.568408 -3.915070 -1.923380 0.248495 0.055677 -0.270414 1.000000 
0.559760 -2.904539 -0.599546 -3.869133 -1.921104 0.320529 0.053536 -0.264457 1.000000 
0.536341 -2.949750 -0.630307 -3.820821 -1.918253 0.391989 0.051448 -0.257426 1.000000 
0.512569 -2.992943 -0.660673 -3.770198 -1.914834 0.462773 0.049420 -0.249487 1.000000 
0.488459 -3.034087 -0.690625 -3.717335 -1.910851 0.532782 0.047458 -0.240812 1.000000 
0.464029 -3.073157 -0.720145 -3.662302 -1.906311 0.601917 0.045569 -0.231575 1.000000 
0.439295 -3.110130 -0.749216 -3.605176 -1.901223 0.670085 0.043754 -0.221943 1.000000 
0.414273 -3.144988 -0.777822 -3.546034 -1.895593 0.737194 0.042018 -0.212071 1.000000 
0.388980 -3.177716 -0.805947 -3.484956 -1.889431 0.803155 0.040361 -0.202100 1.000000 
0.363435 -3.208304 -0.833576 -3.422026 -1.882746 0.867881 0.038784 -0.192152 1.000000 
0.337653 -3.236745 -0.860695 -3.357329 -1.875548 0.931289 0.037287 -0.182332 1.000000 
0.311653 -3.263036 -0.887289 -3.290952 -1.867849 0.993300 0.035867 -0.172725 1.000000 
0.285450 -3.287179 -0.913346 -3.222984 -1.859659 1.053836 0.034522 -0.163400 1.000000 
0.259064 -3.309176 -0.938853 -3.153515 -1.850992 1.112823 0.033251 -0.154409 1.000000 
0.232509 -3.329037 -0.963798 -3.082636 -1.841858 1.170193 0.032051 -0.145788 1.000000 
0.205805 -3.346774 -0.988172 -3.010440 -1.832273 1.225879 0.030918 -0.137564 1.000000 
0.178967 -3.362400 -1.011962 -2.937019 -1.822249 1.279817 0.029849 -0.129750 1.000000 
0.152012 -3.375936 -1.035161 -2.862468 -1.811801 1.331950 0.028841 -0.122353 1.000000 
0.124957 -3.387401 -1.057759 -2.786881 -1.800943 1.382220 0.027890 -0.115372 1.000000 
0.097819 -3.396822 -1.079748 -2.710351 -1.789690 1.430577 0.026993 -0.108798 1.000000 
0.070613 -3.404225 -1.101122 -2.632972 -1.778059 1.476973 0.026148 -0.102622 1.000000 
0.043357 -3.409641 -1.121874 -2.554838 -1.766064 1.521365 0.025351 -0.096828 1.000000 
0.016064 -3.413105 -1.141998 -2.476041 -1.753722 1.563712 0.024598 -0.091402 1.000000 
-0.011248 -3.414650 -1.161489 -2.396674 -1.741050 1.603979 0.023887 -0.086325 1.000000 
-0.038565 -3.414317 -1.180343 -2.316827 -1.728064 1.642133 0.023216 -0.081578 1.000000 
-0.065872 -3.412146 -1.198557 -2.236589 -1.714782 1.678146 0.022581 -0.077142 1.000000 
-0.093155 -3.408179 -1.216128 -2.156049 -1.701220 1.711995 0.021981 -0.073000 1.000000 
-0.120398 -3.402461 -1.233053 -2.075294 -1.687396 1.743658 0.021412 -0.069132 1.000000 
-0.147590 -3.395039 -1.249332 -1.994407 -1.673327 1.773119 0.020874 -0.065521 1.000000 
-0.174715 -3.385962 -1.264964 -1.913471 -1.659032 1.800366 0.020363 -0.062150 1.000000 
-0.201761 -3.375278 -1.279948 -1.832568 -1.644527 1.825389 0.019879 -0.059002 1.000000 
-0.228715 -3.363038 -1.294285 -1.751775 -1.629831 1.848182 0.019419 -0.056062 1.000000 
-0.255565 -3.349296 -1.307977 -1.671167 -1.614962 1.868743 0.018981 -0.053316 1.000000 
-0.282300 -3.334103 -1.321025 -1.590819 -1.599937 1.887074 0.018565 -0.050749 1.000000 
-0.308907 -3.317514 -1.333431 -1.510800 -1.584775 1.903180 0.018169 -0.048349 1.000000 
-0.335376 -3.299583 -1.345198 -1.431179 -1.569492 1.917067 0.017791 -0.046104 1.000000 
-0.361697 -3.280366 -1.356331 -1.352020 -1.554108 1.928747 0.017431 -0.044003 1.000000 
-0.387859 -3.259916 -1.366832 -1.273385 -1.538638 1.938233 0.017087 -0.042036 1.000000 
-0.413853 -3.238291 -1.376707 -1.195333 -1.523102 1.945543 0.016758 -0.040193 1.000000 
-0.439669 -3.215544 -1.385959 -1.117921 -1.507515 1.950695 0.016443 -0.038465 1.000000 
-0.465298 -3.191731 -1.394595 -1.041200 -1.491896 1.953711 0.016142 -0.036844 1.000000 
-0.490734 -3.166908 -1.402620 -0.965221 -1.476262 1.954616 0.015854 -0.035323 1.000000 
-0.515966 -3.141128 -1.410041 -0.890030 -1.460628 1.953436 0.015577 -0.033895 1.000000 
-0.540989 -3.114445 -1.416863 -0.815671 -1.445012 1.950200 0.015311 -0.032553 1.000000 
-0.565795 -3.086912 -1.423094 -0.742184 -1.429430 1.944938 0.015056 -0.031291 1.000000 
-0.590378 -3.058582 -1.428740 -0.669606 -1.413899 1.937684 0.014810 -0.030103 1.000000 
-0.614731 -3.029506 -1.433810 -0.597970 -1.398433 1.928470 0.014574 -0.028986 1.000000 
-0.638848 -2.999734 -1.438311 -0.527308 -1.383048 1.917334 0.014346 -0.027933 1.000000 
-0.662725 -2.969315 -1.442250 -0.457648 -1.367760 1.904313 0.014127 -0.026941 1.000000 
-0.686355 -2.938298 -1.445636 -0.389014 -1.352584 1.889444 0.013915 -0.026005 1.000000 
-0.709736 -2.906727 -1.448477 -0.321429 -1.337534 1.872769 0.013711 -0.025123 1.000000 
-0.732862 -2.874650 -1.450781 -0.254910 -1.322624 1.854327 0.013513 -0.024290 1.000000 
-0.755729 -2.842108 -1.452558 -0.189474 -1.307869 1.834161 0.013322 -0.023504 1.000000 
-0.778334 -2.809144 -1.453816 -0.125134 -1.293282 1.812313 0.013137 -0.022761 1.000000 
-0.800674 -2.775798 -1.454563 -0.061900 -1.278877 1.788827 0.012958 -0.022059 1.000000 
-0.822746 -2.742108 -1.454809 0.000219 -1.264665 1.763747 0.012784 -0.021395 1.000000 
-0.844547 -2.708112 -1.454563 0.061218 -1.250661 1.737116 0.012615 -0.020767 1.000000 
-0.866075 -2.673845 -1.453833 0.121095 -1.236876 1.708980 0.012451 -0.020173 1.000000 
-0.887328 -2.639339 -1.452628 0.179850 -1.223321 1.679384 0.012292 -0.019612 1.000000 
-0.908304 -2.604625 -1.450958 0.237483 -1.210009 1.648373 0.012138 -0.019080 1.000000 
-0.929002 -2.569734 -1.448832 0.293999 -1.196951 1.615993 0.011987 -0.018577 1.000000 
-0.949419 -2.534692 -1.446257 0.349405 -1.184157 1.582288 0.011840 -0.018101 1.000000 
-0.969556 -2.499525 -1.443244 0.403709 -1.171638 1.547305 0.011697 -0.017650 1.000000 
-0.989412 -2.464256 -1.439801 0.456920 -1.159403 1.511087 0.011558 -0.017223 1.000000 
-1.008984 -2.428906 -1.435936 0.509051 -1.147463 1.473682 0.011422 -0.016820 1.000000 
-1.028274 -2.393497 -1.431659 0.560114 -1.135827 1.435132 0.011289 -0.016438 1.000000 
-1.047280 -2.358044 -1.426977 0.610126 -1.124504 1.395484 0.011159 -0.016076 1.000000 
-1.066003 -2.322563 -1.421899 0.659103 -1.113502 1.354780 0.011031 -0.015735 1.000000 
-1.084441 -2.287068 -1.416434 0.707063 -1.102830 1.313065 0.010907 -0.015412 1.000000 
-1.102596 -2.251571 -1.410589 0.754026 -1.092496 1.270382 0.010785 -0.015107 1.000000 
-1.120466 -2.216082 -1.404372 0.800011 -1.082507 1.226773 0.010665 -0.014819 1.000000 
-1.138053 -2.180607 -1.397792 0.845041 -1.072870 1.182283 0.010548 -0.014547 1.000000 
-1.155356 -2.145154 -1.390854 0.889137 -1.063592 1.136951 0.010432 -0.014291 1.000000 
-1.172376 -2.109727 -1.383568 0.932325 -1.054681 1.090820 0.010319 -0.014051 1.000000 
-1.189112 -2.074326 -1.375939 0.974627 -1.046141 1.043931 0.010207 -0.013825 1.000000 
-1.205565 -2.038954 -1.367976 1.016069 -1.037980 0.996324 0.010098 -0.013612 1.000000 
-1.221735 -2.003609 -1.359684 1.056676 -1.030202 0.948039 0.009990 -0.013414 1.000000 
-1.237623 -1.968287 -1.351071 1.096475 -1.022813 0.899114 0.009883 -0.013228 1.000000 
-1.253228 -1.932984 -1.342143 1.135492 -1.015818 0.849590 0.009778 -0.013055 1.000000 
-1.268550 -1.897694 -1.332905 1.173753 -1.009221 0.799503 0.009674 -0.012894 1.000000 
-1.283591 -1.862408 -1.323365 1.211287 -1.003027 0.748892 0.009572 -0.012745 1.000000 
-1.298349 -1.827117 -1.313527 1.248119 -0.997240 0.697794 0.009470 -0.012607 1.000000 
-1.312825 -1.791811 -1.303397 1.284278 -0.991864 0.646246 0.009370 -0.012481 1.000000 
-1.327018 -1.756476 -1.292980 1.319791 -0.986901 0.594284 0.009270 -0.012366 1.000000 
-1.340928 -1.721098 -1.282282 1.354685 -0.982356 0.541943 0.009172 -0.012262 1.000000 
-1.354555 -1.685663 -1.271307 1.388987 -0.978231 0.489259 0.009074 -0.012168 1.000000 
-1.367899 -1.650154 -1.260059 1.422723 -0.974529 0.436267 0.008977 -0.012084 1.000000 
-1.380957 -1.614553 -1.248545 1.455922 -0.971251 0.383003 0.008881 -0.012011 1.000000 
-1.393731 -1.578841 -1.236766 1.488608 -0.968401 0.329499 0.008785 -0.011947 1.000000 
-1.406219 -1.542997 -1.224728 1.520807 -0.965980 0.275791 0.008690 -0.011894 1.000000 
-1.418419 -1.507001 -1.212434 1.552545 -0.963989 0.221912 0.008595 -0.011850 1.000000 
-1.430330 -1.470831 -1.199889 1.583846 -0.962430 0.167895 0.008500 -0.011816 1.000000 
-1.441951 -1.434462 -1.187094 1.614735 -0.961303 0.113775 0.008406 -0.011792 1.000000 
-1.453281 -1.397871 -1.174054 1.645234 -0.960610 0.059584 0.008311 -0.011777 1.000000 
-1.464317 -1.361033 -1.160771 1.675366 -0.960350 0.005356 0.008217 -0.011771 1.000000 
-1.475057 -1.323922 -1.147249 1.705153 -0.960524 -0.048876 0.008123 -0.011776 1.000000 
-1.485499 -1.286513 -1.133490 1.734616 -0.961132 -0.103079 0.008029 -0.011790 1.000000 
-1.495640 -1.248776 -1.119496 1.763775 -0.962173 -0.157220 0.007934 -0.011813 1.000000 
-1.505478 -1.210686 -1.105270 1.792648 -0.963647 -0.211265 0.007840 -0.011846 1.000000 
-1.515010 -1.172214 -1.090814 1.821254 -0.965553 -0.265181 0.007745 -0.011889 1.000000 
-1.524232 -1.133332 -1.076131 1.849610 -0.967890 -0.318935 0.007649 -0.011941 1.000000 
-1.533142 -1.094009 -1.061221 1.877732 -0.970655 -0.372493 0.007554 -0.012004 1.000000 
-1.541735 -1.054219 -1.046087 1.905634 -0.973849 -0.425821 0.007457 -0.012076 1.000000 
-1.550008 -1.013930 -1.030731 1.933329 -0.977468 -0.478884 0.007360 -0.012158 1.000000 
-1.557957 -0.973114 -1.015155 1.960830 -0.981510 -0.531649 0.007263 -0.012251 1.000000 
-1.565577 -0.931741 -0.999359 1.988147 -0.985973 -0.584080 0.007164 -0.012355 1.000000 
-1.572863 -0.889782 -0.983345 2.015291 -0.990854 -0.636143 0.007065 -0.012469 1.000000 
-1.579812 -0.847208 -0.967114 2.042270 -0.996151 -0.687802 0.006965 -0.012594 1.000000 
-1.586417 -0.803988 -0.950669 2.069090 -1.001858 -0.739020 0.006864 -0.012730 1.000000 
-1.592674 -0.760095 -0.934009 2.095757 -1.007974 -0.789762 0.006761 -0.012878 1.000000 
-1.598576 -0.715500 -0.917137 2.122275 -1.014493 -0.839992 0.006658 -0.013037 1.000000 
-1.604120 -0.670176 -0.900053 2.148646 -1.021412 -0.889670 0.006553 -0.013209 1.000000 
-1.609297 -0.624094 -0.882759 2.174872 -1.028726 -0.938760 0.006446 -0.013393 1.000000 
-1.614103 -0.577228 -0.865256 2.200952 -1.036430 -0.987224 0.006338 -0.013590 1.000000 
-1.618531 -0.529552 -0.847544 2.226883 -1.044520 -1.035023 0.006229 -0.013801 1.000000 
-1.622574 -0.481041 -0.829626 2.252663 -1.052989 -1.082117 0.006117 -0.014026 1.000000 
-1.626225 -0.431671 -0.811502 2.278286 -1.061832 -1.128466 0.006004 -0.014264 1.000000 
-1.629478 -0.381419 -0.793174 2.303746 -1.071042 -1.174031 0.005889 -0.014518 1.000000 
-1.632325 -0.330263 -0.774643 2.329034 -1.080614 -1.218771 0.005772 -0.014788 1.000000 
-1.634760 -0.278182 -0.755910 2.354139 -1.090540 -1.262644 0.005652 -0.015074 1.000000 
-1.636774 -0.225156 -0.736977 2.379052 -1.100814 -1.305608 0.005531 -0.015376 1.000000 
-1.638360 -0.171169 -0.717846 2.403757 -1.111428 -1.347622 0.005406 -0.015697 1.000000 
-1.639510 -0.116202 -0.698518 2.428242 -1.122373 -1.388643 0.005279 -0.016036 1.000000 
-1.640216 -0.060242 -0.678994 2.452488 -1.133643 -1.428627 0.005150 -0.016394 1.000000 
-1.640471 -0.003276 -0.659278 2.476479 -1.145228 -1.467532 0.005017 -0.016773 1.000000 
-1.640266 0.054709 -0.639372 2.500194 -1.157121 -1.505314 0.004881 -0.017173 1.000000 
-1.639593 0.113720 -0.619276 2.523613 -1.169310 -1.541928 0.004742 -0.017596 1.000000 
-1.638444 0.173765 -0.598995 2.546712 -1.181788 -1.577331 0.004600 -0.018043 1.000000 
-1.636810 0.234850 -0.578530 2.569469 -1.194544 -1.611478 0.004454 -0.018514 1.000000 
-1.634683 0.296977 -0.557884 2.591856 -1.207568 -1.644325 0.004303 -0.019013 1.000000 
-1.632055 0.360147 -0.537061 2.613847 -1.220850 -1.675828 0.004149 -0.019539 1.000000 
-1.628918 0.424358 -0.516064 2.635413 -1.234378 -1.705942 0.003991 -0.020094 1.000000 
-1.625263 0.489606 -0.494896 2.656525 -1.248141 -1.734623 0.003828 -0.020681 1.000000 
-1.621082 0.555883 -0.473561 2.677151 -1.262128 -1.761826 0.003660 -0.021302 1.000000 
-1.616366 0.623181 -0.452063 2.697259 -1.276326 -1.787509 0.003487 -0.021957 1.000000 
-1.611108 0.691486 -0.430406 2.716814 -1.290724 -1.811628 0.003308 -0.022650 1.000000 
-1.605300 0.760785 -0.408595 2.735783 -1.305308 -1.834140 0.003124 -0.023383 1.000000 
-1.598933 0.831058 -0.386635 2.754129 -1.320066 -1.855002 0.002934 -0.024158 1.000000 
-1.592000 0.902286 -0.364531 2.771815 -1.334984 -1.874174 0.002738 -0.024978 1.000000 
-1.584494 0.974443 -0.342288 2.788803 -1.350048 -1.891614 0.002534 -0.025847 1.000000 
-1.576407 1.047504 -0.319912 2.805055 -1.365245 -1.907283 0.002324 -0.026766 1.000000 
-1.567732 1.121438 -0.297409 2.820531 -1.380560 -1.921143 0.002106 -0.027741 1.000000 
-1.558461 1.196212 -0.274786 2.835190 -1.395978 -1.933155 0.001880 -0.028774 1.000000 
-1.548590 1.271790 -0.252048 2.848993 -1.411485 -1.943284 0.001645 -0.029869 1.000000 
-1.538111 1.348133 -0.229204 2.861897 -1.427065 -1.951495 0.001402 -0.031032 1.000000 
-1.527018 1.425198 -0.206260 2.873862 -1.442704 -1.957754 0.001149 -0.032266 1.000000 
-1.515233 1.539505 -0.183216 2.888878 -1.458314 -1.927086 0.001019 0.033571 -1.000000 
-1.502603 1.618113 -0.160073 2.896772 -1.473742 -1.929368 0.001293 0.034938 -1.000000 
-1.489341 1.697278 -0.136871 2.903565 -1.489179 -1.929630 0.001578 0.036392 -1.000000 
-1.475445 1.776946 -0.113619 2.909217 -1.504610 -1.927848 0.001875 0.037937 -1.000000 
-1.460909 1.857058 -0.090327 2.913687 -1.520019 -1.923996 0.002185 0.039583 -1.000000 
-1.445731 1.937555 -0.067003 2.916934 -1.535389 -1.918053 0.002509 0.041334 -1.000000 
-1.429907 2.018372 -0.043659 2.918918 -1.550702 -1.909999 0.002847 0.043201 -1.000000 
-1.413436 2.099442 -0.020304 2.919599 -1.565943 -1.899817 0.003201 0.045190 -1.000000 
-1.396316 2.180698 0.003051 2.918940 -1.581094 -1.887493 0.003571 0.047312 -1.000000 
-1.378545 2.262065 0.026395 2.916902 -1.596137 -1.873013 0.003958 0.049575 -1.000000 
-1.360123 2.343470 0.049718 2.913448 -1.611056 -1.856371 0.004364 0.051991 -1.000000 
-1.341049 2.424836 0.073007 2.908543 -1.625833 -1.837559 0.004790 0.054571 -1.000000 
-1.321326 2.506083 0.096250 2.902151 -1.640451 -1.816575 0.005238 0.057326 -1.000000 
-1.300953 2.587128 0.119437 2.894242 -1.654893 -1.793419 0.005708 0.060269 -1.000000 
-1.279932 2.667888 0.142554 2.884782 -1.669140 -1.768095 0.006203 0.063415 -1.000000 
-1.258267 2.748277 0.165589 2.873742 -1.683176 -1.740610 0.006723 0.066776 -1.000000 
-1.235961 2.828207 0.188530 2.861095 -1.696984 -1.710975 0.007272 0.070368 -1.000000 
-1.213018 2.907588 0.211362 2.846814 -1.710546 -1.679203 0.007850 0.074206 -1.000000 
-1.189441 2.986331 0.234074 2.830875 -1.723846 -1.645312 0.008460 0.078306 -1.000000 
-1.165238 3.064342 0.256652 2.813257 -1.736866 -1.609324 0.009103 0.082685 -1.000000 
-1.140414 3.141528 0.279082 2.793941 -1.749589 -1.571263 0.009783 0.087357 -1.000000 
-1.114976 3.217796 0.301350 2.772908 -1.762000 -1.531158 0.010502 0.092340 -1.000000 
-1.088932 3.293050 0.323444 2.750146 -1.774082 -1.489041 0.011262 0.097649 -1.000000 
-1.062290 3.367197 0.345348 2.725641 -1.785820 -1.444948 0.012065 0.103297 -1.000000 
-1.035060 3.440141 0.367049 2.699384 -1.797196 -1.398920 0.012915 0.109297 -1.000000 
-1.007252 3.511786 0.388534 2.671370 -1.808197 -1.351000 0.013815 0.115659 -1.000000 
-0.978875 3.582038 0.409787 2.641594 -1.818808 -1.301235 0.014767 0.122390 -1.000000 
-0.949943 3.650804 0.430794 2.610056 -1.829012 -1.249676 0.015774 0.129492 -1.000000 
-0.920467 3.717988 0.451543 2.576757 -1.838798 -1.196378 0.016840 0.136961 -1.000000 
-0.890460 3.783500 0.472018 2.541704 -1.848150 -1.141399 0.017966 0.144787 -1.000000 
-0.859935 3.847248 0.492205 2.504905 -1.857056 -1.084801 0.019157 0.152952 -1.000000 
-0.828909 3.909143 0.512092 2.466370 -1.865503 -1.026649 0.020415 0.161426 -1.000000 
-0.797394 3.969096 0.531663 2.426115 -1.873478 -0.967011 0.021741 0.170171 -1.000000 
-0.765408 4.027023 0.550905 2.384157 -1.880971 -0.905960 0.023138 0.179132 -1.000000 
-0.732968 4.082838 0.569805 2.340517 -1.887970 -0.843570 0.024607 0.188243 -1.000000 
-0.700089 4.136463 0.588349 2.295219 -1.894465 -0.779919 0.026150 0.197421 -1.000000 
-0.666790 4.187817 0.606524 2.248290 -1.900446 -0.715088 0.027766 0.206568 -1.000000 
-0.633090 4.236825 0.624317 2.199761 -1.905903 -0.649162 0.029455 0.215573 -1.000000 
-0.599007 4.283416 0.641716 2.149665 -1.910829 -0.582227 0.031214 0.224307 -1.000000 
-0.564562 4.327520 0.658708 2.098039 -1.915216 -0.514371 0.033042 0.232632 -1.000000 
-0.529774 4.369071 0.675281 2.044922 -1.919057 -0.445688 0.034935 0.240402 -1.000000 
-0.494664 4.408009 0.691423 1.990357 -1.922346 -0.376271 0.036887 0.247467 -1.000000 
-0.459253 4.444275 0.707123 1.934390 -1.925076 -0.306216 0.038892 0.253679 -1.000000 
-0.423563 4.477816 0.722369 1.877070 -1.927244 -0.235622 0.040943 0.258898 -1.000000 
-0.387615 4.508582 0.737152 1.818448 -1.928845 -0.164589 0.043032 0.263001 -1.000000 
-0.351433 4.536530 0.751461 1.758579 -1.929876 -0.093220 0.045148 0.265885 -1.000000 
-0.315038 4.561619 0.765286 1.697520 -1.930336 -0.021619 0.047282 0.267476 -1.000000 
-0.278455 4.583815 0.778618 1.635330 -1.930222 0.050111 0.049424 0.267729 -1.000000 
-0.241705 4.603087 0.791449 1.572073 -1.929534 0.121863 0.051562 0.266637 -1.000000 
-0.204813 4.619413 0.803769 1.507812 -1.928272 0.193530 0.053687 0.264226 -1.000000 
-0.167802 4.632771 0.815571 1.442614 -1.926438 0.265005 0.055787 0.260555 -1.000000 
-0.130697 4.643150 0.826848 1.376549 -1.924033 0.336181 0.057852 0.255716 -1.000000 
-0.093520 4.650541 0.837594 1.309686 -1.921060 0.406950 0.059875 0.249822 -1.000000 
-0.056296 4.654943 0.847801 1.242099 -1.917523 0.477205 0.061847 0.243007 -1.000000 
-0.019049 4.656358 0.857466 1.173861 -1.913426 0.546841 0.063761 0.235418 -1.000000 
0.018198 4.654796 0.866582 1.105046 -1.908775 0.615752 0.065612 0.227205 -1.000000 
0.055420 4.650272 0.875145 1.035732 -1.903576 0.683834 0.067395 0.218518 -1.000000 
0.092594 4.642807 0.883152 0.965994 -1.897837 0.750987 0.069108 0.209502 -1.000000 
0.129697 4.632427 0.890600 0.895909 -1.891563 0.817110 0.070747 0.200291 -1.000000 
0.166705 4.619164 0.897486 0.825554 -1.884766 0.882106 0.072312 0.191005 -1.000000 
0.203596 4.603056 0.903808 0.755007 -1.877453 0.945881 0.073803 0.181752 -1.000000 
0.240347 4.584145 0.909566 0.684345 -1.869635 1.008343 0.075220 0.172622 -1.000000 
0.276935 4.562478 0.914758 0.613644 -1.861323 1.069403 0.076565 0.163688 -1.000000 
0.313339 4.538108 0.919384 0.542980 -1.852529 1.128976 0.077840 0.155012 -1.000000 
0.349538 4.511092 0.923446 0.472428 -1.843264 1.186981 0.079046 0.146639 -1.000000 
0.385510 4.481491 0.926944 0.402061 -1.833541 1.243340 0.080187 0.138603 -1.000000 
0.421235 4.449371 0.929880 0.331951 -1.823375 1.297980 0.081265 0.130926 -1.000000 
0.456693 4.414801 0.932256 0.262170 -1.812778 1.350830 0.082283 0.123622 -1.000000 
0.491865 4.377854 0.934075 0.192787 -1.801767 1.401825 0.083244 0.116697 -1.000000 
0.526733 4.338607 0.935342 0.123869 -1.790354 1.450904 0.084151 0.110151 -1.000000 
0.561277 4.297139 0.936059 0.055480 -1.778557 1.498011 0.085007 0.103977 -1.000000 
0.595481 4.253533 0.936231 -0.012315 -1.766392 1.543092 0.085816 0.098167 -1.000000 
0.629328 4.207873 0.935863 -0.079457 -1.753873 1.586100 0.086579 0.092709 -1.000000 
0.662802 4.160246 0.934961 -0.145887 -1.741020 1.626991 0.087300 0.087588 -1.000000 
0.695887 4.110741 0.933531 -0.211550 -1.727847 1.665726 0.087981 0.082789 -1.000000 
0.728569 4.059448 0.931579 -0.276392 -1.714374 1.702272 0.088625 0.078295 -1.000000 
0.760834 4.006459 0.929111 -0.340363 -1.700617 1.736597 0.089235 0.074091 -1.000000 
0.792668 3.951866 0.926135 -0.403416 -1.686594 1.768677 0.089812 0.070158 -1.000000 
0.824060 3.895762 0.922659 -0.465505 -1.672324 1.798491 0.090358 0.066482 -1.000000 
0.854997 3.838241 0.918690 -0.526589 -1.657825 1.826020 0.090876 0.063045 -1.000000 
0.885468 3.779398 0.914236 -0.586630 -1.643114 1.851253 0.091367 0.059832 -1.000000 
0.915464 3.719325 0.909307 -0.645590 -1.628211 1.874181 0.091834 0.056828 -1.000000 
0.944974 3.658115 0.903910 -0.703438 -1.613133 1.894800 0.092277 0.054019 -1.000000 
0.973991 3.595862 0.898055 -0.760143 -1.597900 1.913108 0.092699 0.051393 -1.000000 
1.002505 3.532657 0.891751 -0.815678 -1.582530 1.929109 0.093100 0.048936 -1.000000 
1.030511 3.468590 0.885007 -0.870019 -1.567040 1.942810 0.093482 0.046636 -1.000000 
1.058001 3.403750 0.877834 -0.923145 -1.551451 1.954220 0.093846 0.044483 -1.000000 
1.084969 3.338226 0.870240 -0.975037 -1.535779 1.963354 0.094194 0.042466 -1.000000 
1.111411 3.272102 0.862237 -1.025680 -1.520043 1.970228 0.094526 0.040576 -1.000000 
1.137321 3.205464 0.853833 -1.075060 -1.504261 1.974862 0.094844 0.038804 -1.000000 
1.162697 3.138391 0.845039 -1.123169 -1.488451 1.977279 0.095147 0.037142 -1.000000 
1.187535 3.070965 0.835865 -1.169998 -1.472631 1.977503 0.095438 0.035582 -1.000000 
1.211832 3.003261 0.826322 -1.215543 -1.456817 1.975565 0.095717 0.034117 -1.000000 
1.235586 2.935354 0.816420 -1.259800 -1.441027 1.971493 0.095984 0.032740 -1.000000 
1.258797 2.867316 0.806169 -1.302770 -1.425279 1.965320 0.096241 0.031446 -1.000000 
1.281463 2.799215 0.795579 -1.344455 -1.409588 1.957082 0.096488 0.030228 -1.000000 
1.303584 2.731119 0.784661 -1.384860 -1.393971 1.946815 0.096725 0.029082 -1.000000 
1.325161 2.663088 0.773425 -1.423990 -1.378444 1.934557 0.096953 0.028003 -1.000000 
1.346194 2.595184 0.761881 -1.461854 -1.363023 1.920349 0.097173 0.026986 -1.000000 
1.366685 2.527464 0.750039 -1.498462 -1.347723 1.904232 0.097385 0.026028 -1.000000 
1.386634 2.459980 0.737909 -1.533826 -1.332560 1.886249 0.097590 0.025124 -1.000000 
1.406045 2.392783 0.725501 -1.567961 -1.317548 1.866444 0.097787 0.024271 -1.000000 
1.424920 2.325920 0.712825 -1.600880 -1.302702 1.844862 0.097978 0.023466 -1.000000 
1.443261 2.259435 0.699890 -1.632602 -1.288035 1.821549 0.098163 0.022706 -1.000000 
1.461072 2.193369 0.686706 -1.663142 -1.273562 1.796551 0.098342 0.021988 -1.000000 
1.478356 2.127759 0.673283 -1.692522 -1.259295 1.769916 0.098515 0.021310 -1.000000 
1.495117 2.062638 0.659629 -1.720760 -1.245247 1.741691 0.098683 0.020668 -1.000000 
1.511360 1.998038 0.645753 -1.747878 -1.231432 1.711924 0.098845 0.020062 -1.000000 
1.527087 1.933986 0.631666 -1.773898 -1.217860 1.680665 0.099004 0.019488 -1.000000 
1.542305 1.870506 0.617374 -1.798843 -1.204545 1.647960 0.099157 0.018946 -1.000000 
1.557017 1.807620 0.602887 -1.822735 -1.191497 1.613859 0.099307 0.018433 -1.000000 
1.571228 1.745345 0.588213 -1.845600 -1.178727 1.578410 0.099452 0.017948 -1.000000 
1.584944 1.683697 0.573360 -1.867460 -1.166246 1.541662 0.099594 0.017489 -1.000000 
1.598169 1.622688 0.558336 -1.888342 -1.154064 1.503663 0.099732 0.017054 -1.000000 
1.610909 1.562327 0.543149 -1.908269 -1.142190 1.464460 0.099867 0.016644 -1.000000 
1.623168 1.502620 0.527806 -1.927267 -1.130635 1.424101 0.099999 0.016256 -1.000000 
1.634953 1.443571 0.512315 -1.945361 -1.119408 1.382634 0.100127 0.015889 -1.000000 
1.646267 1.385180 0.496683 -1.962575 -1.108516 1.340106 0.100253 0.015542 -1.000000 
1.657117 1.327446 0.480916 -1.978936 -1.097969 1.296562 0.100376 0.015215 -1.000000 
1.667508 1.270364 0.465022 -1.994466 -1.087774 1.252048 0.100496 0.014907 -1.000000 
1.677445 1.213927 0.449007 -2.009191 -1.077938 1.206610 0.100614 0.014616 -1.000000 
1.686933 1.158126 0.432877 -2.023135 -1.068470 1.160293 0.100730 0.014342 -1.000000 
1.695976 1.102950 0.416639 -2.036321 -1.059376 1.113139 0.100844 0.014084 -1.000000 
1.704581 1.048385 0.400298 -2.048772 -1.050662 1.065194 0.100956 0.013842 -1.000000 
1.712752 0.994415 0.383860 -2.060511 -1.042335 1.016499 0.101065 0.013615 -1.000000 
1.720494 0.941022 0.367332 -2.071558 -1.034400 0.967097 0.101174 0.013402 -1.000000 
1.727810 0.888187 0.350717 -2.081937 -1.026863 0.917029 0.101280 0.013203 -1.000000 
1.734706 0.835888 0.334022 -2.091665 -1.019729 0.866337 0.101385 0.013018 -1.000000 
1.741186 0.784102 0.317252 -2.100764 -1.013003 0.815061 0.101488 0.012846 -1.000000 
1.747253 0.732804 0.300412 -2.109251 -1.006690 0.763240 0.101590 0.012687 -1.000000 
1.752912 0.681967 0.283506 -2.117145 -1.000793 0.710913 0.101691 0.012540 -1.000000 
1.758165 0.631565 0.266539 -2.124461 -0.995316 0.658120 0.101791 0.012405 -1.000000 
1.763018 0.581568 0.249516 -2.131216 -0.990264 0.604899 0.101890 0.012282 -1.000000 
1.767472 0.531946 0.232441 -2.137424 -0.985639 0.551286 0.101988 0.012171 -1.000000 
1.771530 0.482666 0.215319 -2.143098 -0.981444 0.497319 0.102085 0.012070 -1.000000 
1.775195 0.433698 0.198153 -2.148252 -0.977683 0.443035 0.102181 0.011981 -1.000000 
1.778470 0.385007 0.180948 -2.152896 -0.974356 0.388470 0.102276 0.011903 -1.000000 
1.781356 0.336559 0.163708 -2.157041 -0.971468 0.333659 0.102371 0.011835 -1.000000 
1.783855 0.288319 0.146437 -2.160694 -0.969018 0.278640 0.102466 0.011778 -1.000000 
1.785969 0.240253 0.129138 -2.163865 -0.967010 0.223446 0.102560 0.011731 -1.000000 
1.787700 0.192323 0.111816 -2.166560 -0.965444 0.168113 0.102653 0.011694 -1.000000 
1.789047 0.144493 0.094474 -2.168783 -0.964321 0.112675 0.102747 0.011668 -1.000000 
1.790012 0.096727 0.077117 -2.170539 -0.963641 0.057168 0.102840 0.011652 -1.000000 
1.790595 0.048987 0.059747 -2.171830 -0.963406 0.001627 0.102933 0.011647 -1.000000 
1.790795 0.001236 0.042369 -2.172659 -0.963615 -0.053915 0.103027 0.011651 -1.000000 
1.790614 -0.046564 0.024986 -2.173024 -0.964268 -0.109422 0.103120 0.011666 -1.000000 
1.790050 -0.094448 0.007602 -2.172924 -0.965366 -0.164860 0.103213 0.011691 -1.000000 
1.789103 -0.142455 -0.009780 -2.172359 -0.966906 -0.220194 0.103307 0.011726 -1.000000 
1.787770 -0.190621 -0.027155 -2.171322 -0.968888 -0.275388 0.103401 0.011771 -1.000000 
1.786052 -0.238983 -0.044520 -2.169811 -0.971312 -0.330409 0.103495 0.011827 -1.000000 
1.783946 -0.287576 -0.061871 -2.167817 -0.974174 -0.385220 0.103590 0.011894 -1.000000 
1.781450 -0.336437 -0.079204 -2.165335 -0.977475 -0.439786 0.103686 0.011971 -1.000000 
1.778562 -0.385599 -0.096515 -2.162355 -0.981210 -0.494070 0.103782 0.012059 -1.000000 
1.775280 -0.435097 -0.113800 -2.158867 -0.985379 -0.548037 0.103879 0.012158 -1.000000 
1.771600 -0.484964 -0.131055 -2.154859 -0.989978 -0.601649 0.103976 0.012268 -1.000000 
1.767519 -0.535233 -0.148276 -2.150321 -0.995004 -0.654869 0.104075 0.012390 -1.000000 
1.763035 -0.585933 -0.165459 -2.145238 -1.000455 -0.707659 0.104174 0.012523 -1.000000 
1.758143 -0.637097 -0.182599 -2.139595 -1.006325 -0.759981 0.104275 0.012668 -1.000000 
1.752840 -0.688751 -0.199691 -2.133378 -1.012613 -0.811796 0.104377 0.012826 -1.000000 
1.747122 -0.740924 -0.216731 -2.126568 -1.019313 -0.863064 0.104480 0.012997 -1.000000 
1.740984 -0.793642 -0.233714 -2.119150 -1.026420 -0.913746 0.104585 0.013180 -1.000000 
1.734422 -0.846928 -0.250636 -2.111102 -1.033931 -0.963801 0.104691 0.013377 -1.000000 
1.727431 -0.900806 -0.267490 -2.102407 -1.041839 -1.013187 0.104799 0.013588 -1.000000 
1.720007 -0.955296 -0.284272 -2.093044 -1.050140 -1.061862 0.104909 0.013814 -1.000000 
1.712145 -1.010418 -0.300977 -2.082991 -1.058827 -1.109784 0.105020 0.014054 -1.000000 
1.703839 -1.066188 -0.317598 -2.072226 -1.067895 -1.156909 0.105134 0.014310 -1.000000 
1.695084 -1.122622 -0.334131 -2.060726 -1.077335 -1.203194 0.105249 0.014583 -1.000000 
1.685875 -1.179732 -0.350568 -2.048469 -1.087143 -1.248593 0.105367 0.014872 -1.000000 
1.676207 -1.237529 -0.366904 -2.035429 -1.097311 -1.293062 0.105487 0.015179 -1.000000 
1.666073 -1.296022 -0.383133 -2.021582 -1.107830 -1.336554 0.105610 0.015504 -1.000000 
1.655468 -1.355215 -0.399247 -2.006904 -1.118693 -1.379023 0.105735 0.015849 -1.000000 
1.644388 -1.415112 -0.415241 -1.991369 -1.129891 -1.420421 0.105864 0.016214 -1.000000 
1.632825 -1.475714 -0.431107 -1.974951 -1.141416 -1.460703 0.105995 0.016601 -1.000000 
1.620774 -1.537018 -0.446838 -1.957625 -1.153259 -1.499818 0.106129 0.017009 -1.000000 
1.608231 -1.599019 -0.462426 -1.939364 -1.165410 -1.537719 0.106267 0.017442 -1.000000 
1.595188 -1.661710 -0.477865 -1.920142 -1.177859 -1.574357 0.106408 0.017899 -1.000000 
1.581641 -1.725079 -0.493146 -1.899935 -1.190596 -1.609683 0.106554 0.018383 -1.000000 
1.567585 -1.789112 -0.508261 -1.878715 -1.203611 -1.643647 0.106703 0.018895 -1.000000 
1.553014 -1.853793 -0.523203 -1.856458 -1.216891 -1.676199 0.106856 0.019436 -1.000000 
1.537923 -1.919101 -0.537962 -1.833138 -1.230426 -1.707291 0.107014 0.020008 -1.000000 
1.522307 -1.985012 -0.552530 -1.808731 -1.244204 -1.736871 0.107176 0.020614 -1.000000 
1.506161 -2.051500 -0.566898 -1.783213 -1.258212 -1.764892 0.107344 0.021255 -1.000000 
1.489481 -2.118534 -0.581058 -1.756560 -1.272438 -1.791302 0.107516 0.021933 -1.000000 
1.472263 -2.186082 -0.595000 -1.728750 -1.286868 -1.816054 0.107695 0.022651 -1.000000 
1.454503 -2.254105 -0.608715 -1.699761 -1.301490 -1.839098 0.107879 0.023412 -1.000000 
1.436196 -2.322564 -0.622193 -1.669573 -1.316289 -1.860387 0.108069 0.024218 -1.000000 
1.417341 -2.391415 -0.635425 -1.638167 -1.331251 -1.879872 0.108267 0.025073 -1.000000 
1.397933 -2.460611 -0.648401 -1.605523 -1.346362 -1.897509 0.108471 0.025980 -1.000000 
1.377970 -2.530101 -0.661110 -1.571626 -1.361606 -1.913250 0.108682 0.026942 -1.000000 
1.357450 -2.599830 -0.673543 -1.536461 -1.376969 -1.927051 0.108902 0.027963 -1.000000 
1.336372 -2.669743 -0.685690 -1.500012 -1.392434 -1.938870 0.109130 0.029048 -1.000000 
1.314734 -2.739777 -0.697540 -1.462269 -1.407985 -1.948664 0.109367 0.030202 -1.000000 
1.292536 -2.809869 -0.709083 -1.423222 -1.423607 -1.956393 0.109613 0.031429 -1.000000 
1.269776 -2.879951 -0.720308 -1.382862 -1.439282 -1.962018 0.109870 0.032734 -1.000000 
1.246457 -2.949953 -0.731205 -1.341184 -1.454994 -1.965503 0.110137 0.034125 -1.000000 
1.222578 -3.019802 -0.741763 -1.298183 -1.470724 -1.966813 0.110416 0.035606 -1.000000 
1.198140 -3.089421 -0.751973 -1.253858 -1.486457 -1.965916 0.110707 0.037186 -1.000000 
1.173148 -3.158731 -0.761822 -1.208209 -1.502173 -1.962781 0.111011 0.038872 -1.000000 
1.147602 -3.227650 -0.771300 -1.161241 -1.517855 -1.957381 0.111330 0.040671 -1.000000 
1.121506 -3.296093 -0.780398 -1.112959 -1.533485 -1.949691 0.111663 0.042594 -1.000000 
1.094866 -3.363973 -0.789104 -1.063371 -1.549044 -1.939690 0.112011 0.044648 -1.000000 
1.067685 -3.431202 -0.797409 -1.012488 -1.564514 -1.927358 0.112377 0.046846 -1.000000 
1.039969 -3.497687 -0.805301 -0.960325 -1.579876 -1.912680 0.112761 0.049198 -1.000000 
1.011724 -3.563337 -0.812770 -0.906899 -1.595110 -1.895642 0.113165 0.051716 -1.000000 
0.982958 -3.628055 -0.819808 -0.852228 -1.610200 -1.876238 0.113589 0.054413 -1.000000 
0.953678 -3.691745 -0.826403 -0.796336 -1.625124 -1.854460 0.114036 0.057304 -1.000000 
0.923893 -3.754311 -0.832546 -0.739249 -1.639865 -1.830308 0.114507 0.060403 -1.000000 
0.893612 -3.815654 -0.838228 -0.680994 -1.654403 -1.803784 0.115003 0.063725 -1.000000 
0.862846 -3.875674 -0.843439 -0.621604 -1.668719 -1.774894 0.115527 0.067289 -1.000000 
0.831605 -3.934272 -0.848170 -0.561114 -1.682795 -1.743648 0.116080 0.071111 -1.000000 
0.799902 -3.991348 -0.852414 -0.499561 -1.696611 -1.710062 0.116665 0.075211 -1.000000 
0.767748 -4.046802 -0.856161 -0.436986 -1.710149 -1.674154 0.117285 0.079606 -1.000000 
0.735157 -4.100535 -0.859403 -0.373433 -1.723391 -1.635948 0.117940 0.084319 -1.000000 
0.702144 -4.152448 -0.862133 -0.308948 -1.736318 -1.595470 0.118635 0.089367 -1.000000 
0.668723 -4.202442 -0.864344 -0.243580 -1.748913 -1.552753 0.119371 0.094771 -1.000000 
0.634910 -4.250422 -0.866028 -0.177383 -1.761157 -1.507834 0.120152 0.100550 -1.000000 
0.600722 -4.296293 -0.867180 -0.110411 -1.773032 -1.460754 0.120981 0.106722 -1.000000 
0.000000 0.000000 0.000000 0.000000 0.000000 0.000000 0.000000 0.000000 0.000000 
