-0.255697 -1.439118 0.168925 1.256150 -1.746770 0.547899 0.678562 0.057965 -1.000000 
-0.267118 -1.415828 0.178904 1.238420 -1.742303 0.568575 0.678991 0.049603 -1.000000 
-0.278348 -1.391709 0.188738 1.219940 -1.737676 0.587917 0.679359 0.042793 -1.000000 
-0.289383 -1.366805 0.198421 1.200746 -1.732900 0.605885 0.679679 0.037192 -1.000000 
-0.300215 -1.341164 0.207948 1.180876 -1.727986 0.622445 0.679957 0.032544 -1.000000 
-0.310840 -1.314830 0.217314 1.160367 -1.722945 0.637566 0.680201 0.028653 -1.000000 
-0.321251 -1.287851 0.226513 1.139258 -1.717789 0.651221 0.680417 0.025372 -1.000000 
-0.331444 -1.260271 0.235540 1.117587 -1.712529 0.663389 0.680609 0.022586 -1.000000 
-0.341414 -1.232136 0.244393 1.095392 -1.707178 0.674050 0.680780 0.020206 -1.000000 
-0.351156 -1.203492 0.253065 1.072710 -1.701748 0.683191 0.680933 0.018159 -1.000000 
-0.360668 -1.174383 0.261555 1.049578 -1.696251 0.690803 0.681071 0.016389 -1.000000 
-0.369945 -1.144853 0.269857 1.026034 -1.690700 0.696878 0.681196 0.014852 -1.000000 
-0.378985 -1.114945 0.277970 1.002113 -1.685106 0.701415 0.681309 0.013510 -1.000000 
-0.387784 -1.084700 0.285890 0.977850 -1.679481 0.704415 0.681412 0.012333 -1.000000 
-0.396339 -1.054158 0.293615 0.953281 -1.673839 0.705884 0.681507 0.011297 -1.000000 
-0.404649 -1.023359 0.301142 0.928437 -1.668191 0.705830 0.681593 0.010381 -1.000000 
-0.412712 -0.992340 0.308469 0.903351 -1.662550 0.704265 0.681673 0.009568 -1.000000 
-0.420526 -0.961136 0.315595 0.878054 -1.656927 0.701204 0.681747 0.008845 -1.000000 
-0.428090 -0.929783 0.322518 0.852576 -1.651334 0.696666 0.681815 0.008199 -1.000000 
-0.435403 -0.898313 0.329236 0.826943 -1.645784 0.690672 0.681878 0.007621 -1.000000 
-0.442463 -0.866755 0.335749 0.801184 -1.640287 0.683246 0.681937 0.007101 -1.000000 
-0.449271 -0.835140 0.342055 0.775322 -1.634856 0.674415 0.681992 0.006633 -1.000000 
-0.455825 -0.803493 0.348154 0.749381 -1.629500 0.664208 0.682043 0.006211 -1.000000 
-0.462126 -0.771839 0.354045 0.723384 -1.624232 0.652656 0.682091 0.005829 -1.000000 
-0.468175 -0.740202 0.359728 0.697349 -1.619061 0.639794 0.682137 0.005482 -1.000000 
-0.473970 -0.708601 0.365202 0.671297 -1.613999 0.625657 0.682179 0.005167 -1.000000 
-0.479512 -0.677057 0.370468 0.645243 -1.609054 0.610284 0.682219 0.004880 -1.000000 
-0.484803 -0.645584 0.375526 0.619202 -1.604238 0.593713 0.682257 0.004618 -1.000000 
-0.489842 -0.614199 0.380376 0.593189 -1.599558 0.575985 0.682293 0.004379 -1.000000 
-0.494630 -0.582913 0.385017 0.567214 -1.595025 0.557145 0.682327 0.004160 -1.000000 
-0.499169 -0.551738 0.389451 0.541288 -1.590646 0.537235 0.682360 0.003960 -1.000000 
-0.503458 -0.520683 0.393678 0.515420 -1.586432 0.516301 0.682391 0.003776 -1.000000 
-0.507500 -0.489754 0.397698 0.489615 -1.582388 0.494390 0.682420 0.003606 -1.000000 
-0.511295 -0.458956 0.401512 0.463881 -1.578524 0.471549 0.682449 0.003451 -1.000000 
-0.514844 -0.428294 0.405120 0.438220 -1.574846 0.447826 0.682476 0.003307 -1.000000 
-0.518148 -0.397768 0.408524 0.412635 -1.571361 0.423272 0.682501 0.003175 -1.000000 
-0.521208 -0.367380 0.411723 0.387127 -1.568076 0.397936 0.682526 0.003053 -1.000000 
-0.524026 -0.337128 0.414718 0.361695 -1.564996 0.371868 0.682550 0.002940 -1.000000 
-0.526603 -0.307009 0.417510 0.336339 -1.562128 0.345121 0.682573 0.002836 -1.000000 
-0.528939 -0.277018 0.420100 0.311055 -1.559476 0.317746 0.682596 0.002740 -1.000000 
-0.531035 -0.247152 0.422487 0.285839 -1.557045 0.289796 0.682617 0.002651 -1.000000 
-0.532894 -0.217403 0.424673 0.260687 -1.554840 0.261323 0.682638 0.002569 -1.000000 
-0.534514 -0.187763 0.426658 0.235593 -1.552865 0.232381 0.682658 0.002493 -1.000000 
-0.535898 -0.158225 0.428443 0.210549 -1.551123 0.203022 0.682678 0.002422 -1.000000 
-0.537046 -0.128779 0.430027 0.185550 -1.549618 0.173301 0.682697 0.002357 -1.000000 
-0.537959 -0.099414 0.431412 0.160586 -1.548351 0.143271 0.682716 0.002297 -1.000000 
-0.538637 -0.070121 0.432597 0.135648 -1.547326 0.112987 0.682734 0.002241 -1.000000 
-0.539081 -0.040888 0.433582 0.110728 -1.546544 0.082502 0.682752 0.002190 -1.000000 
-0.539291 -0.011704 0.434368 0.085816 -1.546006 0.051871 0.682769 0.002142 -1.000000 
-0.539268 0.017443 0.434955 0.060901 -1.545714 0.021149 0.682786 0.002098 -1.000000 
-0.539012 0.046566 0.435343 0.035975 -1.545668 -0.009611 0.682803 0.002058 -1.000000 
-0.538523 0.075676 0.435531 0.011025 -1.545868 -0.040355 0.682819 0.002021 -1.000000 
-0.537801 0.104785 0.435519 -0.013957 -1.546314 -0.071026 0.682835 0.001987 -1.000000 
-0.536847 0.133904 0.435307 -0.038982 -1.547004 -0.101572 0.682851 0.001956 -1.000000 
-0.535659 0.163046 0.434895 -0.064060 -1.547938 -0.131938 0.682866 0.001927 -1.000000 
-0.534238 0.192222 0.434282 -0.089202 -1.549115 -0.162070 0.682882 0.001902 -1.000000 
-0.532583 0.221441 0.433468 -0.114415 -1.550531 -0.191913 0.682897 0.001878 -1.000000 
-0.530695 0.250714 0.432451 -0.139709 -1.552184 -0.221413 0.682912 0.001858 -1.000000 
-0.528572 0.280050 0.431232 -0.165093 -1.554072 -0.250518 0.682926 0.001839 -1.000000 
-0.526214 0.309457 0.429810 -0.190573 -1.556191 -0.279172 0.682941 0.001822 -1.000000 
-0.523620 0.338942 0.428183 -0.216158 -1.558538 -0.307324 0.682956 0.001808 -1.000000 
-0.520790 0.368513 0.426351 -0.241852 -1.561107 -0.334920 0.682970 0.001795 -1.000000 
-0.517724 0.398173 0.424313 -0.267660 -1.563895 -0.361907 0.682984 0.001784 -1.000000 
-0.514419 0.427927 0.422068 -0.293588 -1.566896 -0.388233 0.682998 0.001775 -1.000000 
-0.510876 0.457777 0.419615 -0.319637 -1.570105 -0.413848 0.683013 0.001768 -1.000000 
-0.507095 0.487724 0.416953 -0.345810 -1.573515 -0.438698 0.683027 0.001762 -1.000000 
-0.503073 0.517768 0.414082 -0.372107 -1.577122 -0.462735 0.683041 0.001758 -1.000000 
-0.498810 0.547907 0.410999 -0.398527 -1.580917 -0.485908 0.683055 0.001756 -1.000000 
-0.494306 0.578137 0.407705 -0.425067 -1.584894 -0.508169 0.683069 0.001755 -1.000000 
-0.489560 0.608452 0.404198 -0.451724 -1.589045 -0.529469 0.683083 0.001755 -1.000000 
-0.484570 0.638846 0.400477 -0.478493 -1.593363 -0.549761 0.683097 0.001757 -1.000000 
-0.479338 0.669309 0.396542 -0.505367 -1.597838 -0.569000 0.683111 0.001760 -1.000000 
-0.473861 0.699831 0.392391 -0.532337 -1.602464 -0.587140 0.683125 0.001765 -1.000000 
-0.468140 0.730398 0.388024 -0.559394 -1.607229 -0.604139 0.683139 0.001771 -1.000000 
-0.462175 0.760996 0.383440 -0.586525 -1.612127 -0.619954 0.683154 0.001778 -1.000000 
-0.455964 0.791608 0.378640 -0.613716 -1.617145 -0.634545 0.683168 0.001786 -1.000000 
-0.449509 0.822216 0.373621 -0.640954 -1.622276 -0.647874 0.683182 0.001795 -1.000000 
-0.442809 0.852797 0.368384 -0.668219 -1.627508 -0.659903 0.683197 0.001805 -1.000000 
-0.435865 0.883331 0.362929 -0.695495 -1.632831 -0.670598 0.683211 0.001816 -1.000000 
-0.428676 0.913791 0.357256 -0.722759 -1.638234 -0.679926 0.683226 0.001828 -1.000000 
-0.421244 0.944152 0.351365 -0.749991 -1.643706 -0.687857 0.683240 0.001840 -1.000000 
-0.413570 0.974385 0.345257 -0.777166 -1.649236 -0.694363 0.683255 0.001853 -1.000000 
-0.405654 1.004459 0.338931 -0.804258 -1.654812 -0.699418 0.683270 0.001867 -1.000000 
-0.397499 1.034343 0.332389 -0.831240 -1.660423 -0.703001 0.683285 0.001881 -1.000000 
-0.389106 1.064002 0.325631 -0.858084 -1.666056 -0.705091 0.683300 0.001894 -1.000000 
-0.380476 1.093402 0.318660 -0.884759 -1.671700 -0.705671 0.683315 0.001907 -1.000000 
-0.371612 1.122505 0.311476 -0.911234 -1.677343 -0.704729 0.683331 0.001920 -1.000000 
-0.362517 1.151272 0.304081 -0.937475 -1.682972 -0.702254 0.683346 0.001931 -1.000000 
-0.353193 1.179665 0.296477 -0.963448 -1.688575 -0.698238 0.683361 0.001940 -1.000000 
-0.343643 1.207642 0.288666 -0.989118 -1.694139 -0.692680 0.683377 0.001946 -1.000000 
-0.333871 1.235160 0.280652 -1.014448 -1.699653 -0.685579 0.683393 0.001949 -1.000000 
-0.323882 1.262178 0.272436 -1.039401 -1.705104 -0.676939 0.683408 0.001946 -1.000000 
-0.313678 1.288652 0.264023 -1.063938 -1.710480 -0.666768 0.683424 0.001937 -1.000000 
-0.303265 1.314537 0.255414 -1.088022 -1.715769 -0.655079 0.683439 0.001919 -1.000000 
-0.292647 1.339788 0.246616 -1.111612 -1.720958 -0.641887 0.683454 0.001889 -1.000000 
-0.281830 1.364362 0.237630 -1.134669 -1.726035 -0.627212 0.683469 0.001844 -1.000000 
-0.270819 1.388212 0.228462 -1.157152 -1.730989 -0.611078 0.683484 0.001778 -1.000000 
-0.259621 1.411294 0.219117 -1.179023 -1.735808 -0.593514 0.683498 0.001685 -1.000000 
-0.248241 1.433564 0.209600 -1.200241 -1.740482 -0.574551 0.683511 0.001557 -1.000000 
-0.236686 1.454978 0.199915 -1.220766 -1.744998 -0.554227 0.683522 0.001381 -1.000000 
-0.224964 1.475491 0.190069 -1.240560 -1.749346 -0.532581 0.683533 0.001139 -1.000000 
-0.213081 1.495063 0.180068 -1.259584 -1.753515 -0.509658 0.683540 0.000809 -1.000000 
-0.201045 1.513652 0.169918 -1.277801 -1.757497 -0.485507 0.683545 0.000355 -1.000000 
-0.188865 1.531217 0.159626 -1.295174 -1.761280 -0.460180 0.683546 -0.000273 -1.000000 
-0.176549 1.547721 0.149198 -1.311667 -1.764857 -0.433733 0.683540 -0.001149 -1.000000 
-0.164104 1.563127 0.138642 -1.327247 -1.768217 -0.406226 0.683526 -0.002391 -1.000000 
-0.151542 1.577399 0.127964 -1.341880 -1.771354 -0.377721 0.683500 -0.004182 -1.000000 
-0.138869 1.590506 0.117174 -1.355537 -1.774258 -0.348287 0.683457 -0.006823 -1.000000 
-0.126097 1.602417 0.106278 -1.368187 -1.776924 -0.317994 0.683388 -0.010833 -1.000000 
-0.113234 1.613103 0.095286 -1.379804 -1.779344 -0.286913 0.683278 -0.017141 -1.000000 
-0.100290 1.622539 0.084204 -1.390362 -1.781513 -0.255123 0.683103 -0.027536 -1.000000 
-0.087276 1.630702 0.073043 -1.399838 -1.783424 -0.222703 0.682817 -0.045719 -1.000000 
-0.074203 1.637573 0.061810 -1.408212 -1.785075 -0.189737 0.682329 -0.080181 -1.000000 
-0.061079 1.643135 0.050515 -1.415466 -1.786459 -0.156316 0.681434 -0.153245 -1.000000 
-0.047916 1.647375 0.039166 -1.421582 -1.787575 -0.122543 0.679598 -0.336202 -1.000000 
-0.034724 1.650287 0.027772 -1.426548 -1.788419 -0.088549 0.675029 -0.938166 -1.000000 
-0.021515 1.651874 0.016344 -1.430346 -1.788991 -0.054581 0.658352 -4.328525 -1.000000 
-0.008298 -1.791199 0.004890 1.393459 -1.789295 0.021437 0.455166 110.409811 -1.000000 
-0.022626 -1.790818 0.016028 1.390953 -1.788995 0.054645 0.602938 3.080526 -1.000000 
-0.036947 -1.789081 0.027142 1.387320 -1.788419 0.089405 0.614733 0.657243 -1.000000 
-0.051248 -1.785970 0.038223 1.382608 -1.787564 0.124127 0.617915 0.232020 -1.000000 
-0.065519 -1.781484 0.049261 1.376831 -1.786433 0.158613 0.619172 0.103872 -1.000000 
-0.079748 -1.775633 0.060249 1.370002 -1.785027 0.192748 0.619773 0.053102 -1.000000 
-0.093925 -1.768429 0.071178 1.362134 -1.783350 0.226437 0.620092 0.029356 -1.000000 
-0.108040 -1.759890 0.082040 1.353244 -1.781406 0.259597 0.620272 0.016945 -1.000000 
-0.122080 -1.750035 0.092827 1.343351 -1.779198 0.292147 0.620377 0.009927 -1.000000 
-0.136037 -1.738887 0.103531 1.332475 -1.776733 0.324009 0.620438 0.005721 -1.000000 
-0.149899 -1.726472 0.114145 1.320638 -1.774016 0.355110 0.620473 0.003087 -1.000000 
-0.163657 -1.712816 0.124659 1.307865 -1.771054 0.385378 0.620490 0.001382 -1.000000 
-0.177301 -1.697952 0.135068 1.294182 -1.767853 0.414746 0.620496 0.000250 -1.000000 
-0.190821 -1.681911 0.145364 1.279616 -1.764420 0.443147 0.620495 -0.000516 -1.000000 
-0.204208 -1.664728 0.155540 1.264197 -1.760765 0.470521 0.620489 -0.001040 -1.000000 
-0.217454 -1.646439 0.165589 1.247955 -1.756895 0.496807 0.620479 -0.001402 -1.000000 
-0.230548 -1.627084 0.175505 1.230922 -1.752819 0.521950 0.620466 -0.001651 -1.000000 
-0.243484 -1.606701 0.185281 1.213131 -1.748547 0.545899 0.620453 -0.001822 -1.000000 
-0.256253 -1.585333 0.194913 1.194616 -1.744088 0.568605 0.620437 -0.001938 -1.000000 
-0.268847 -1.563021 0.204393 1.175411 -1.739453 0.590024 0.620422 -0.002014 -1.000000 
-0.281259 -1.539810 0.213718 1.155551 -1.734651 0.610113 0.620405 -0.002060 -1.000000 
-0.293482 -1.515742 0.222881 1.135072 -1.729695 0.628837 0.620389 -0.002086 -1.000000 
-0.305509 -1.490864 0.231877 1.114010 -1.724594 0.646162 0.620372 -0.002097 -1.000000 
-0.317334 -1.465219 0.240703 1.092402 -1.719360 0.662058 0.620355 -0.002097 -1.000000 
-0.328950 -1.438855 0.249354 1.070283 -1.714005 0.676501 0.620338 -0.002088 -1.000000 
-0.340353 -1.411815 0.257827 1.047689 -1.708540 0.689467 0.620322 -0.002074 -1.000000 
-0.351538 -1.384146 0.266116 1.024658 -1.702977 0.700940 0.620305 -0.002056 -1.000000 
-0.362498 -1.355893 0.274220 1.001223 -1.697329 0.710906 0.620289 -0.002035 -1.000000 
-0.373231 -1.327100 0.282135 0.977420 -1.691607 0.719353 0.620273 -0.002012 -1.000000 
-0.383730 -1.297811 0.289858 0.953285 -1.685823 0.726276 0.620257 -0.001988 -1.000000 
-0.393994 -1.268069 0.297387 0.928849 -1.679990 0.731671 0.620241 -0.001964 -1.000000 
-0.404018 -1.237916 0.304719 0.904146 -1.674120 0.735538 0.620225 -0.001939 -1.000000 
-0.413800 -1.207395 0.311852 0.879209 -1.668226 0.737882 0.620210 -0.001915 -1.000000 
-0.423336 -1.176543 0.318785 0.854067 -1.662318 0.738710 0.620195 -0.001892 -1.000000 
-0.432624 -1.145401 0.325517 0.828751 -1.656410 0.738032 0.620180 -0.001869 -1.000000 
-0.441662 -1.114005 0.332045 0.803290 -1.650514 0.735862 0.620165 -0.001847 -1.000000 
-0.450447 -1.082390 0.338369 0.777709 -1.644641 0.732215 0.620150 -0.001825 -1.000000 
-0.458979 -1.050592 0.344488 0.752036 -1.638802 0.727111 0.620136 -0.001805 -1.000000 
-0.467256 -1.018641 0.350402 0.726295 -1.633011 0.720572 0.620121 -0.001786 -1.000000 
-0.475277 -0.986569 0.356109 0.700509 -1.627277 0.712623 0.620107 -0.001768 -1.000000 
-0.483041 -0.954405 0.361610 0.674700 -1.621612 0.703290 0.620093 -0.001752 -1.000000 
-0.490548 -0.922175 0.366904 0.648887 -1.616028 0.692602 0.620079 -0.001736 -1.000000 
-0.497796 -0.889904 0.371992 0.623090 -1.610534 0.680590 0.620065 -0.001722 -1.000000 
-0.504786 -0.857615 0.376874 0.597325 -1.605142 0.667288 0.620051 -0.001709 -1.000000 
-0.511518 -0.825330 0.381549 0.571608 -1.599861 0.652732 0.620038 -0.001698 -1.000000 
-0.517991 -0.793067 0.386019 0.545953 -1.594701 0.636957 0.620024 -0.001688 -1.000000 
-0.524207 -0.760843 0.390285 0.520372 -1.589673 0.620002 0.620011 -0.001679 -1.000000 
-0.530165 -0.728674 0.394346 0.494876 -1.584784 0.601908 0.619997 -0.001671 -1.000000 
-0.535866 -0.696573 0.398203 0.469475 -1.580045 0.582716 0.619984 -0.001665 -1.000000 
-0.541310 -0.664551 0.401857 0.444176 -1.575464 0.562468 0.619971 -0.001660 -1.000000 
-0.546499 -0.632618 0.405310 0.418986 -1.571048 0.541208 0.619957 -0.001657 -1.000000 
-0.551433 -0.600781 0.408562 0.393911 -1.566807 0.518981 0.619944 -0.001654 -1.000000 
-0.556112 -0.569047 0.411613 0.368953 -1.562747 0.495833 0.619931 -0.001654 -1.000000 
-0.560538 -0.537418 0.414465 0.344115 -1.558876 0.471811 0.619918 -0.001655 -1.000000 
-0.564711 -0.505899 0.417119 0.319398 -1.555200 0.446961 0.619904 -0.001657 -1.000000 
-0.568632 -0.474490 0.419576 0.294803 -1.551727 0.421332 0.619891 -0.001661 -1.000000 
-0.572303 -0.443189 0.421836 0.270327 -1.548461 0.394973 0.619878 -0.001666 -1.000000 
-0.575724 -0.411996 0.423901 0.245968 -1.545409 0.367933 0.619865 -0.001673 -1.000000 
-0.578895 -0.380906 0.425772 0.221724 -1.542576 0.340261 0.619851 -0.001682 -1.000000 
-0.581818 -0.349915 0.427449 0.197590 -1.539966 0.312008 0.619838 -0.001693 -1.000000 
-0.584494 -0.319016 0.428934 0.173560 -1.537585 0.283225 0.619824 -0.001705 -1.000000 
-0.586923 -0.288203 0.430226 0.149629 -1.535436 0.253961 0.619810 -0.001719 -1.000000 
-0.589105 -0.257468 0.431328 0.125790 -1.533523 0.224269 0.619797 -0.001735 -1.000000 
-0.591042 -0.226801 0.432239 0.102036 -1.531849 0.194199 0.619783 -0.001753 -1.000000 
-0.592734 -0.196194 0.432961 0.078358 -1.530417 0.163804 0.619768 -0.001773 -1.000000 
-0.594182 -0.165634 0.433493 0.054748 -1.529229 0.133134 0.619754 -0.001795 -1.000000 
-0.595385 -0.135112 0.433837 0.031198 -1.528287 0.102241 0.619740 -0.001820 -1.000000 
-0.596344 -0.104615 0.433993 0.007698 -1.527593 0.071179 0.619725 -0.001847 -1.000000 
-0.597059 -0.074132 0.433960 -0.015761 -1.527148 0.039997 0.619710 -0.001877 -1.000000 
-0.597530 -0.043650 0.433740 -0.039188 -1.526953 0.008749 0.619695 -0.001909 -1.000000 
-0.597757 -0.013157 0.433333 -0.062594 -1.527009 -0.022514 0.619680 -0.001944 -1.000000 
-0.597740 0.017360 0.432739 -0.085988 -1.527314 -0.053739 0.619664 -0.001982 -1.000000 
-0.597479 0.047913 0.431958 -0.109379 -1.527868 -0.084875 0.619648 -0.002024 -1.000000 
-0.596973 0.078514 0.430989 -0.132777 -1.528671 -0.115869 0.619632 -0.002069 -1.000000 
-0.596223 0.109176 0.429833 -0.156190 -1.529722 -0.146670 0.619615 -0.002118 -1.000000 
-0.595226 0.139909 0.428490 -0.179628 -1.531017 -0.177226 0.619598 -0.002170 -1.000000 
-0.593984 0.170726 0.426959 -0.203098 -1.532556 -0.207485 0.619580 -0.002227 -1.000000 
-0.592495 0.201637 0.425240 -0.226609 -1.534336 -0.237395 0.619562 -0.002288 -1.000000 
-0.590757 0.232651 0.423333 -0.250167 -1.536354 -0.266905 0.619543 -0.002355 -1.000000 
-0.588772 0.263778 0.421237 -0.273779 -1.538605 -0.295964 0.619524 -0.002426 -1.000000 
-0.586537 0.295026 0.418952 -0.297451 -1.541088 -0.324520 0.619505 -0.002503 -1.000000 
-0.584051 0.326402 0.416478 -0.321187 -1.543796 -0.352524 0.619484 -0.002587 -1.000000 
-0.581314 0.357912 0.413813 -0.344992 -1.546726 -0.379926 0.619463 -0.002677 -1.000000 
-0.578324 0.389560 0.410958 -0.368868 -1.549873 -0.406674 0.619441 -0.002774 -1.000000 
-0.575081 0.421352 0.407911 -0.392819 -1.553231 -0.432719 0.619419 -0.002879 -1.000000 
-0.571582 0.453288 0.404673 -0.416844 -1.556795 -0.458014 0.619395 -0.002993 -1.000000 
-0.567828 0.485369 0.401241 -0.440943 -1.560557 -0.482508 0.619371 -0.003115 -1.000000 
-0.563816 0.517594 0.397617 -0.465115 -1.564513 -0.506156 0.619345 -0.003249 -1.000000 
-0.559546 0.549962 0.393799 -0.489358 -1.568654 -0.528908 0.619319 -0.003393 -1.000000 
-0.555016 0.582468 0.389787 -0.513667 -1.572973 -0.550720 0.619291 -0.003549 -1.000000 
-0.550226 0.615106 0.385581 -0.538037 -1.577462 -0.571546 0.619262 -0.003720 -1.000000 
-0.545174 0.647868 0.381179 -0.562461 -1.582115 -0.591342 0.619232 -0.003905 -1.000000 
-0.539860 0.680745 0.376581 -0.586932 -1.586921 -0.610065 0.619200 -0.004106 -1.000000 
-0.534282 0.713726 0.371788 -0.611439 -1.591873 -0.627672 0.619166 -0.004326 -1.000000 
-0.528440 0.746796 0.366798 -0.635973 -1.596961 -0.644123 0.619130 -0.004566 -1.000000 
-0.522333 0.779942 0.361612 -0.660519 -1.602176 -0.659378 0.619093 -0.004829 -1.000000 
-0.515961 0.813145 0.356230 -0.685064 -1.607507 -0.673401 0.619053 -0.005117 -1.000000 
-0.509322 0.846387 0.350651 -0.709594 -1.612947 -0.686155 0.619011 -0.005433 -1.000000 
-0.502418 0.879646 0.344876 -0.734090 -1.618482 -0.697605 0.618966 -0.005781 -1.000000 
-0.495248 0.912898 0.338906 -0.758534 -1.624105 -0.707721 0.618918 -0.006165 -1.000000 
-0.487812 0.946119 0.332740 -0.782907 -1.629802 -0.716470 0.618867 -0.006589 -1.000000 
-0.480110 0.979281 0.326379 -0.807186 -1.635565 -0.723827 0.618813 -0.007059 -1.000000 
-0.472144 1.012356 0.319825 -0.831350 -1.641380 -0.729764 0.618754 -0.007581 -1.000000 
-0.463913 1.045312 0.313078 -0.855375 -1.647237 -0.734259 0.618691 -0.008162 -1.000000 
-0.455419 1.078116 0.306140 -0.879234 -1.653124 -0.737291 0.618623 -0.008810 -1.000000 
-0.446664 1.110735 0.299011 -0.902901 -1.659030 -0.738842 0.618550 -0.009537 -1.000000 
-0.437648 1.143131 0.291694 -0.926349 -1.664942 -0.738899 0.618470 -0.010353 -1.000000 
-0.428374 1.175268 0.284190 -0.949549 -1.670848 -0.737448 0.618384 -0.011274 -1.000000 
-0.418845 1.207105 0.276502 -0.972470 -1.676737 -0.734482 0.618290 -0.012316 -1.000000 
-0.409061 1.238603 0.268631 -0.995081 -1.682596 -0.729994 0.618187 -0.013499 -1.000000 
-0.399028 1.269720 0.260581 -1.017351 -1.688413 -0.723983 0.618073 -0.014849 -1.000000 
-0.388747 1.300412 0.252355 -1.039248 -1.694175 -0.716451 0.617948 -0.016397 -1.000000 
-0.378223 1.330636 0.243955 -1.060738 -1.699872 -0.707401 0.617810 -0.018178 -1.000000 
-0.367458 1.360346 0.235384 -1.081788 -1.705490 -0.696844 0.617657 -0.020240 -1.000000 
-0.356459 1.389498 0.226647 -1.102363 -1.711017 -0.684791 0.617486 -0.022639 -1.000000 
-0.345228 1.418046 0.217748 -1.122430 -1.716442 -0.671258 0.617294 -0.025448 -1.000000 
-0.333772 1.445942 0.208690 -1.141953 -1.721753 -0.656267 0.617077 -0.028759 -1.000000 
-0.322095 1.473142 0.199478 -1.160899 -1.726939 -0.639840 0.616832 -0.032686 -1.000000 
-0.310203 1.499598 0.190117 -1.179234 -1.731987 -0.622007 0.616552 -0.037383 -1.000000 
-0.298103 1.525264 0.180612 -1.196922 -1.736887 -0.602799 0.616231 -0.043047 -1.000000 
-0.285801 1.550094 0.170968 -1.213931 -1.741628 -0.582253 0.615860 -0.049938 -1.000000 
-0.273304 1.574044 0.161191 -1.230228 -1.746200 -0.560409 0.615428 -0.058410 -1.000000 
-0.260619 1.597068 0.151286 -1.245780 -1.750592 -0.537311 0.614920 -0.068940 -1.000000 
-0.247754 1.619124 0.141261 -1.260556 -1.754794 -0.513007 0.614318 -0.082194 -1.000000 
-0.234716 1.640170 0.131120 -1.274526 -1.758797 -0.487551 0.613595 -0.099108 -1.000000 
-0.221514 1.660164 0.120870 -1.287661 -1.762592 -0.461000 0.612719 -0.121035 -1.000000 
-0.208156 1.679068 0.110519 -1.299932 -1.766170 -0.433415 0.611640 -0.149969 -1.000000 
-0.194652 1.696845 0.100074 -1.311314 -1.769524 -0.404862 0.610292 -0.188930 -1.000000 
-0.181010 1.713460 0.089541 -1.321782 -1.772645 -0.375414 0.608578 -0.242632 -1.000000 
-0.167239 1.728881 0.078928 -1.331313 -1.775528 -0.345146 0.606351 -0.318684 -1.000000 
-0.153351 1.743077 0.068242 -1.339886 -1.778166 -0.314143 0.603386 -0.429879 -1.000000 
-0.139353 1.756023 0.057492 -1.347483 -1.780553 -0.282499 0.599321 -0.598728 -1.000000 
-0.125258 1.767696 0.046685 -1.354085 -1.782684 -0.250318 0.593545 -0.867065 -1.000000 
-0.111074 1.778076 0.035830 -1.359680 -1.784557 -0.217723 0.584969 -1.317775 -1.000000 
-0.096812 1.787153 0.024933 -1.364257 -1.786167 -0.184862 0.571520 -2.127890 -1.000000 
-0.082483 1.794922 0.014004 -1.367805 -1.787514 -0.151919 0.548916 -3.709173 -1.000000 
-0.068097 1.801393 0.003051 -1.370321 -1.788598 -0.119127 0.507474 -7.104297 -1.000000 
-0.053664 1.806592 -0.007918 -1.371800 -1.789421 -0.086753 0.423438 -15.048386 -1.000000 
-0.039195 1.810569 -0.018895 -1.372245 -1.789988 -0.055131 0.239440 -33.125979 -1.000000 
-0.024697 1.813731 -0.029870 -1.370539 -1.790209 0.024395 0.086310 51.524323 1.000000 
-0.010186 1.813677 -0.040821 -1.367251 -1.789882 0.058188 0.429575 32.133362 1.000000 
0.004318 1.812103 -0.051743 -1.362866 -1.789270 0.095136 0.609986 14.806859 1.000000 
0.018803 1.808891 -0.062624 -1.357379 -1.788358 0.133064 0.692188 6.882309 1.000000 
0.033256 1.804016 -0.073458 -1.350738 -1.787140 0.171486 0.731993 3.525939 1.000000 
0.047663 1.797472 -0.084233 -1.342906 -1.785614 0.210066 0.753318 1.990435 1.000000 
0.062011 1.789265 -0.094941 -1.333872 -1.783779 0.248503 0.765821 1.216916 1.000000 
0.076287 1.779412 -0.105572 -1.323639 -1.781639 0.286550 0.773701 0.792591 1.000000 
0.090477 1.767935 -0.116116 -1.312225 -1.779196 0.324012 0.778961 0.542859 1.000000 
0.104569 1.754865 -0.126564 -1.299651 -1.776456 0.360724 0.782635 0.387192 1.000000 
0.118551 1.740235 -0.136907 -1.285946 -1.773427 0.396545 0.785298 0.285475 1.000000 
0.132409 1.724087 -0.147137 -1.271141 -1.770114 0.431349 0.787289 0.216357 1.000000 
0.146132 1.706463 -0.157243 -1.255272 -1.766528 0.465025 0.788814 0.167822 1.000000 
0.159709 1.687413 -0.167218 -1.238378 -1.762677 0.497469 0.790009 0.132775 1.000000 
0.173127 1.666987 -0.177054 -1.220502 -1.758572 0.528589 0.790963 0.106854 1.000000 
0.186377 1.645240 -0.186744 -1.201685 -1.754224 0.558297 0.791736 0.087281 1.000000 
0.199448 1.622230 -0.196279 -1.181974 -1.749643 0.586516 0.792371 0.072230 1.000000 
0.212329 1.598015 -0.205653 -1.161416 -1.744844 0.613172 0.792900 0.060470 1.000000 
0.225013 1.572658 -0.214859 -1.140060 -1.739837 0.638201 0.793345 0.051149 1.000000 
0.237489 1.546221 -0.223892 -1.117955 -1.734637 0.661544 0.793724 0.043669 1.000000 
0.249750 1.518769 -0.232745 -1.095152 -1.729257 0.683150 0.794048 0.037595 1.000000 
0.261787 1.490367 -0.241413 -1.071700 -1.723711 0.702972 0.794328 0.032614 1.000000 
0.273593 1.461080 -0.249890 -1.047652 -1.718014 0.720972 0.794572 0.028490 1.000000 
0.285162 1.430975 -0.258174 -1.023057 -1.712181 0.737115 0.794786 0.025047 1.000000 
0.296487 1.400118 -0.266258 -0.997966 -1.706225 0.751377 0.794974 0.022150 1.000000 
0.307562 1.368573 -0.274140 -0.972429 -1.700164 0.763734 0.795141 0.019695 1.000000 
0.318382 1.336406 -0.281816 -0.946496 -1.694011 0.774174 0.795290 0.017601 1.000000 
0.328943 1.303680 -0.289283 -0.920214 -1.687782 0.782687 0.795424 0.015804 1.000000 
0.339240 1.270457 -0.296538 -0.893631 -1.681493 0.789268 0.795544 0.014253 1.000000 
0.349269 1.236798 -0.303580 -0.866792 -1.675159 0.793921 0.795652 0.012908 1.000000 
0.359028 1.202761 -0.310407 -0.839740 -1.668795 0.796653 0.795751 0.011736 1.000000 
0.368512 1.168404 -0.317016 -0.812519 -1.662417 0.797475 0.795840 0.010710 1.000000 
0.377721 1.133782 -0.323407 -0.785169 -1.656041 0.796404 0.795922 0.009807 1.000000 
0.386652 1.098945 -0.329578 -0.757727 -1.649680 0.793462 0.795998 0.009011 1.000000 
0.395304 1.063944 -0.335530 -0.730231 -1.643350 0.788675 0.796067 0.008305 1.000000 
0.403675 1.028825 -0.341262 -0.702715 -1.637066 0.782072 0.796131 0.007678 1.000000 
0.411765 0.993632 -0.346773 -0.675210 -1.630842 0.773688 0.796190 0.007119 1.000000 
0.419573 0.958407 -0.352065 -0.647747 -1.624692 0.763559 0.796245 0.006620 1.000000 
0.427100 0.923186 -0.357138 -0.620351 -1.618629 0.751726 0.796296 0.006171 1.000000 
0.434344 0.888005 -0.361991 -0.593049 -1.612669 0.738232 0.796344 0.005768 1.000000 
0.441308 0.852895 -0.366627 -0.565861 -1.606822 0.723125 0.796388 0.005405 1.000000 
0.447991 0.817885 -0.371045 -0.538809 -1.601103 0.706452 0.796430 0.005077 1.000000 
0.454394 0.782999 -0.375248 -0.511909 -1.595523 0.688266 0.796470 0.004780 1.000000 
0.460519 0.748260 -0.379236 -0.485177 -1.590094 0.668619 0.796507 0.004510 1.000000 
0.466367 0.713687 -0.383011 -0.458625 -1.584829 0.647568 0.796542 0.004265 1.000000 
0.471939 0.679294 -0.386575 -0.432263 -1.579737 0.625169 0.796575 0.004042 1.000000 
0.477236 0.645096 -0.389928 -0.406099 -1.574829 0.601481 0.796607 0.003839 1.000000 
0.482261 0.611100 -0.393073 -0.380139 -1.570116 0.576564 0.796637 0.003654 1.000000 
0.487014 0.577315 -0.396011 -0.354387 -1.565608 0.550479 0.796665 0.003484 1.000000 
0.491498 0.543743 -0.398744 -0.328843 -1.561312 0.523289 0.796692 0.003329 1.000000 
0.495715 0.510387 -0.401273 -0.303508 -1.557238 0.495057 0.796718 0.003187 1.000000 
0.499665 0.477244 -0.403600 -0.278379 -1.553393 0.465846 0.796743 0.003056 1.000000 
0.503351 0.444311 -0.405728 -0.253452 -1.549787 0.435722 0.796767 0.002937 1.000000 
0.506775 0.411580 -0.407656 -0.228720 -1.546424 0.404748 0.796790 0.002827 1.000000 
0.509937 0.379045 -0.409388 -0.204176 -1.543313 0.372991 0.796813 0.002726 1.000000 
0.512840 0.346693 -0.410923 -0.179812 -1.540458 0.340517 0.796834 0.002633 1.000000 
0.515485 0.314513 -0.412265 -0.155617 -1.537866 0.307391 0.796855 0.002548 1.000000 
0.517872 0.282490 -0.413414 -0.131579 -1.535541 0.273680 0.796875 0.002470 1.000000 
0.520005 0.250608 -0.414371 -0.107686 -1.533489 0.239451 0.796894 0.002398 1.000000 
0.521883 0.218851 -0.415137 -0.083923 -1.531711 0.204771 0.796913 0.002332 1.000000 
0.523507 0.187198 -0.415714 -0.060278 -1.530213 0.169705 0.796932 0.002271 1.000000 
0.524878 0.155631 -0.416102 -0.036733 -1.528997 0.134322 0.796950 0.002216 1.000000 
0.525997 0.124128 -0.416302 -0.013275 -1.528065 0.098687 0.796967 0.002165 1.000000 
0.526864 0.092670 -0.416314 0.010115 -1.527419 0.062868 0.796984 0.002119 1.000000 
0.527480 0.061232 -0.416140 0.033451 -1.527059 0.026932 0.797001 0.002076 1.000000 
0.527844 0.029794 -0.415779 0.056752 -1.526988 -0.009054 0.797017 0.002038 1.000000 
0.527956 -0.001667 -0.415232 0.080032 -1.527204 -0.045023 0.797034 0.002003 1.000000 
0.527817 -0.033174 -0.414499 0.103310 -1.527708 -0.080909 0.797050 0.001971 1.000000 
0.527425 -0.064749 -0.413579 0.126601 -1.528498 -0.116643 0.797065 0.001943 1.000000 
0.526781 -0.096414 -0.412473 0.149922 -1.529574 -0.152160 0.797081 0.001918 1.000000 
0.525882 -0.128191 -0.411180 0.173287 -1.530932 -0.187391 0.797096 0.001896 1.000000 
0.524729 -0.160100 -0.409700 0.196713 -1.532571 -0.222272 0.797111 0.001876 1.000000 
0.523320 -0.192161 -0.408033 0.220211 -1.534487 -0.256733 0.797126 0.001859 1.000000 
0.521654 -0.224392 -0.406177 0.243797 -1.536677 -0.290709 0.797141 0.001844 1.000000 
0.519730 -0.256812 -0.404132 0.267482 -1.539137 -0.324133 0.797155 0.001832 1.000000 
0.517545 -0.289437 -0.401897 0.291276 -1.541862 -0.356938 0.797170 0.001822 1.000000 
0.515098 -0.322279 -0.399471 0.315191 -1.544846 -0.389058 0.797185 0.001815 1.000000 
0.512388 -0.355354 -0.396853 0.339233 -1.548085 -0.420427 0.797199 0.001809 1.000000 
0.509412 -0.388670 -0.394043 0.363410 -1.551571 -0.450979 0.797214 0.001806 1.000000 
0.506168 -0.422237 -0.391038 0.387726 -1.555298 -0.480648 0.797228 0.001804 1.000000 
0.502655 -0.456061 -0.387839 0.412187 -1.559259 -0.509371 0.797242 0.001805 1.000000 
0.498871 -0.490147 -0.384443 0.436792 -1.563445 -0.537081 0.797257 0.001808 1.000000 
0.494812 -0.524495 -0.380850 0.461542 -1.567849 -0.563717 0.797271 0.001812 1.000000 
0.490478 -0.559105 -0.377058 0.486435 -1.572462 -0.589214 0.797286 0.001818 1.000000 
0.485866 -0.593972 -0.373066 0.511465 -1.577273 -0.613512 0.797300 0.001826 1.000000 
0.480974 -0.629090 -0.368874 0.536628 -1.582275 -0.636548 0.797315 0.001836 1.000000 
0.475800 -0.664449 -0.364480 0.561914 -1.587455 -0.658264 0.797330 0.001848 1.000000 
0.470342 -0.700037 -0.359883 0.587312 -1.592803 -0.678602 0.797345 0.001862 1.000000 
0.464599 -0.735837 -0.355083 0.612810 -1.598309 -0.697505 0.797360 0.001877 1.000000 
0.458568 -0.771830 -0.350078 0.638391 -1.603959 -0.714917 0.797375 0.001894 1.000000 
0.452249 -0.807993 -0.344868 0.664037 -1.609743 -0.730788 0.797390 0.001913 1.000000 
0.445640 -0.844302 -0.339453 0.689730 -1.615648 -0.745066 0.797405 0.001933 1.000000 
0.438740 -0.880727 -0.333833 0.715445 -1.621660 -0.757702 0.797421 0.001956 1.000000 
0.431548 -0.917236 -0.328006 0.741158 -1.627766 -0.768653 0.797437 0.001980 1.000000 
0.424064 -0.953794 -0.321974 0.766843 -1.633954 -0.777875 0.797453 0.002005 1.000000 
0.416287 -0.990361 -0.315737 0.792468 -1.640208 -0.785329 0.797469 0.002033 1.000000 
0.408218 -1.026897 -0.309295 0.818003 -1.646514 -0.790980 0.797485 0.002062 1.000000 
0.399857 -1.063355 -0.302649 0.843415 -1.652858 -0.794796 0.797502 0.002092 1.000000 
0.391205 -1.099689 -0.295801 0.868666 -1.659226 -0.796747 0.797519 0.002124 1.000000 
0.382263 -1.135847 -0.288751 0.893719 -1.665601 -0.796810 0.797536 0.002157 1.000000 
0.373032 -1.171775 -0.281502 0.918535 -1.671970 -0.794966 0.797553 0.002191 1.000000 
0.363515 -1.207419 -0.274055 0.943072 -1.678316 -0.791200 0.797571 0.002226 1.000000 
0.353714 -1.242720 -0.266413 0.967288 -1.684624 -0.785500 0.797589 0.002261 1.000000 
0.343633 -1.277616 -0.258579 0.991137 -1.690878 -0.777863 0.797607 0.002296 1.000000 
0.333274 -1.312046 -0.250556 1.014575 -1.697064 -0.768288 0.797625 0.002330 1.000000 
0.322641 -1.345945 -0.242348 1.037555 -1.703166 -0.756781 0.797644 0.002363 1.000000 
0.311740 -1.379248 -0.233957 1.060029 -1.709168 -0.743353 0.797663 0.002392 1.000000 
0.300575 -1.411889 -0.225389 1.081950 -1.715054 -0.728021 0.797682 0.002416 1.000000 
0.289152 -1.443798 -0.216647 1.103269 -1.720811 -0.710807 0.797702 0.002434 1.000000 
0.277476 -1.474909 -0.207738 1.123938 -1.726422 -0.691742 0.797721 0.002440 1.000000 
0.265555 -1.505153 -0.198666 1.143907 -1.731874 -0.670858 0.797741 0.002432 1.000000 
0.253396 -1.534462 -0.189437 1.163129 -1.737151 -0.648198 0.797760 0.002402 1.000000 
0.241007 -1.562767 -0.180058 1.181556 -1.742241 -0.623807 0.797779 0.002341 1.000000 
0.228395 -1.590002 -0.170535 1.199142 -1.747128 -0.597740 0.797798 0.002236 1.000000 
0.215570 -1.616101 -0.160874 1.215840 -1.751800 -0.570054 0.797815 0.002068 1.000000 
0.202541 -1.640999 -0.151084 1.231605 -1.756245 -0.540814 0.797830 0.001808 1.000000 
0.189317 -1.664634 -0.141171 1.246396 -1.760449 -0.510092 0.797843 0.001412 1.000000 
0.175910 -1.686946 -0.131144 1.260171 -1.764402 -0.477962 0.797852 0.000811 1.000000 
0.162330 -1.707876 -0.121011 1.272890 -1.768093 -0.444507 0.797855 -0.000103 1.000000 
0.148588 -1.727370 -0.110781 1.284518 -1.771511 -0.409813 0.797849 -0.001517 1.000000 
0.134696 -1.745375 -0.100462 1.295020 -1.774647 -0.373973 0.797829 -0.003747 1.000000 
0.120666 -1.761843 -0.090064 1.304364 -1.777492 -0.337082 0.797786 -0.007380 1.000000 
0.106510 -1.776731 -0.079595 1.312522 -1.780038 -0.299242 0.797704 -0.013556 1.000000 
0.092242 -1.789996 -0.069066 1.319469 -1.782278 -0.260559 0.797556 -0.024682 1.000000 
0.077875 -1.801603 -0.058487 1.325182 -1.784205 -0.221144 0.797282 -0.046408 1.000000 
0.063421 -1.811521 -0.047867 1.329644 -1.785814 -0.181115 0.796747 -0.094010 1.000000 
0.048895 -1.819721 -0.037216 1.332841 -1.787101 -0.140603 0.795584 -0.218244 1.000000 
0.034310 -1.826181 -0.026545 1.334764 -1.788063 -0.099766 0.792500 -0.653518 1.000000 
0.019681 -1.830879 -0.015863 1.335420 -1.788697 -0.058889 0.779982 -3.448889 1.000000 
0.005021 1.829151 -0.005181 -1.259241 -1.789008 0.019137 0.532918 180.175959 1.000000 
0.019650 1.827194 -0.015261 -1.260416 -1.788695 0.059081 0.812992 3.951356 1.000000 
0.034249 1.822385 -0.025343 -1.259880 -1.788060 0.099688 0.827372 0.754037 1.000000 
0.048803 1.815755 -0.035416 -1.258109 -1.787100 0.140286 0.830941 0.253582 1.000000 
0.063296 1.807327 -0.045470 -1.255096 -1.785816 0.180561 0.832297 0.110199 1.000000 
0.077715 1.797126 -0.055494 -1.250847 -1.784212 0.220341 0.832927 0.055056 1.000000 
0.092046 1.785181 -0.065480 -1.245375 -1.782292 0.259490 0.833255 0.029787 1.000000 
0.106274 1.771525 -0.075417 -1.238699 -1.780062 0.297886 0.833436 0.016785 1.000000 
0.120386 1.756197 -0.085296 -1.230840 -1.777528 0.335413 0.833538 0.009529 1.000000 
0.134369 1.739241 -0.095107 -1.221823 -1.774698 0.371962 0.833596 0.005232 1.000000 
0.148209 1.720705 -0.104842 -1.211678 -1.771580 0.407429 0.833626 0.002572 1.000000 
0.161896 1.700638 -0.114491 -1.200436 -1.768182 0.441716 0.833640 0.000870 1.000000 
0.175416 1.679097 -0.124046 -1.188132 -1.764516 0.474727 0.833642 -0.000246 1.000000 
0.188758 1.656141 -0.133499 -1.174801 -1.760590 0.506375 0.833637 -0.000990 1.000000 
0.000000 0.000000 0.000000 0.000000 0.000000 0.000000 0.000000 0.000000 0.000000 
