0.301068 1.347706 -0.569499 1.605090 -1.646676 -0.655345 0.811729 -0.078133 -1.000000 
0.311742 1.320522 -0.556442 1.658972 -1.651918 -0.654973 0.811092 -0.081141 -1.000000 
0.322193 1.292018 -0.542957 1.712210 -1.657151 -0.653196 0.810431 -0.084325 -1.000000 
0.332411 1.262197 -0.529049 1.764732 -1.662365 -0.650010 0.809743 -0.087694 -1.000000 
0.342385 1.231064 -0.514723 1.816464 -1.667548 -0.645413 0.809027 -0.091253 -1.000000 
0.352104 1.198624 -0.499988 1.867332 -1.672688 -0.639405 0.808282 -0.095009 -1.000000 
0.361559 1.164888 -0.484849 1.917260 -1.677775 -0.631994 0.807506 -0.098967 -1.000000 
0.370739 1.129869 -0.469314 1.966170 -1.682796 -0.623187 0.806698 -0.103132 -1.000000 
0.379634 1.093584 -0.453393 2.013985 -1.687742 -0.612996 0.805856 -0.107506 -1.000000 
0.388233 1.056052 -0.437094 2.060625 -1.692601 -0.601440 0.804977 -0.112090 -1.000000 
0.396527 1.017295 -0.420426 2.106014 -1.697361 -0.588536 0.804062 -0.116884 -1.000000 
0.404507 0.977340 -0.403401 2.150072 -1.702014 -0.574310 0.803107 -0.121883 -1.000000 
0.412162 0.936217 -0.386029 2.192722 -1.706547 -0.558789 0.802111 -0.127081 -1.000000 
0.419483 0.893957 -0.368321 2.233888 -1.710951 -0.542005 0.801073 -0.132468 -1.000000 
0.426462 0.850599 -0.350291 2.273494 -1.715216 -0.523992 0.799991 -0.138030 -1.000000 
0.433090 0.806180 -0.331950 2.311466 -1.719332 -0.504789 0.798864 -0.143747 -1.000000 
0.439358 0.760743 -0.313312 2.347733 -1.723289 -0.484440 0.797691 -0.149595 -1.000000 
0.445259 0.714336 -0.294391 2.382225 -1.727080 -0.462990 0.796470 -0.155545 -1.000000 
0.450785 0.667006 -0.275201 2.414875 -1.730694 -0.440489 0.795202 -0.161561 -1.000000 
0.455929 0.618805 -0.255758 2.445620 -1.734125 -0.416989 0.793885 -0.167601 -1.000000 
0.460684 0.569789 -0.236076 2.474399 -1.737364 -0.392546 0.792520 -0.173619 -1.000000 
0.465043 0.520014 -0.216173 2.501155 -1.740403 -0.367218 0.791107 -0.179559 -1.000000 
0.469002 0.469540 -0.196064 2.525835 -1.743237 -0.341068 0.789648 -0.185364 -1.000000 
0.472554 0.418430 -0.175765 2.548389 -1.745858 -0.314159 0.788142 -0.190969 -1.000000 
0.475695 0.366747 -0.155295 2.568774 -1.748262 -0.286557 0.786593 -0.196307 -1.000000 
0.478421 0.314557 -0.134671 2.586950 -1.750442 -0.258332 0.785002 -0.201309 -1.000000 
0.480727 0.261929 -0.113910 2.602880 -1.752393 -0.229552 0.783373 -0.205905 -1.000000 
0.482611 0.208930 -0.093031 2.616536 -1.754113 -0.200289 0.781709 -0.210027 -1.000000 
0.484069 0.155631 -0.072051 2.627891 -1.755597 -0.170617 0.780014 -0.213611 -1.000000 
0.485100 0.102101 -0.050991 2.636925 -1.756842 -0.140608 0.778293 -0.216597 -1.000000 
0.485702 0.048414 -0.029867 2.643624 -1.757846 -0.110338 0.776550 -0.218937 -1.000000 
0.485875 -0.005361 -0.008699 2.647978 -1.758607 -0.079881 0.774792 -0.220589 -1.000000 
0.485617 -0.059151 0.012495 2.649982 -1.759124 -0.049313 0.773023 -0.221526 -1.000000 
0.484928 -0.112886 0.033695 2.649638 -1.759396 -0.018707 0.771249 -0.221732 -1.000000 
0.483811 -0.166495 0.054882 2.646951 -1.759423 0.011862 0.769477 -0.221205 -1.000000 
0.482265 -0.219907 0.076040 2.641932 -1.759206 0.042319 0.767712 -0.219956 -1.000000 
0.480293 -0.273053 0.097147 2.634598 -1.758747 0.072593 0.765959 -0.218010 -1.000000 
0.477897 -0.325866 0.118187 2.624969 -1.758046 0.102612 0.764225 -0.215404 -1.000000 
0.475080 -0.378280 0.139141 2.613071 -1.757106 0.132306 0.762515 -0.212185 -1.000000 
0.471846 -0.430230 0.159990 2.598933 -1.755930 0.161605 0.760832 -0.208407 -1.000000 
0.468198 -0.481651 0.180718 2.582591 -1.754521 0.190444 0.759181 -0.204134 -1.000000 
0.464141 -0.532485 0.201306 2.564082 -1.752884 0.218756 0.757567 -0.199431 -1.000000 
0.459680 -0.582671 0.221737 2.543449 -1.751023 0.246480 0.755991 -0.194367 -1.000000 
0.454820 -0.632152 0.241996 2.520738 -1.748942 0.273555 0.754458 -0.189009 -1.000000 
0.449568 -0.680875 0.262064 2.495999 -1.746648 0.299922 0.752968 -0.183425 -1.000000 
0.443928 -0.728787 0.281926 2.469284 -1.744145 0.325525 0.751523 -0.177679 -1.000000 
0.437909 -0.775839 0.301567 2.440648 -1.741441 0.350312 0.750125 -0.171830 -1.000000 
0.431517 -0.821984 0.320972 2.410151 -1.738543 0.374230 0.748774 -0.165931 -1.000000 
0.424760 -0.867179 0.340125 2.377853 -1.735456 0.397234 0.747470 -0.160033 -1.000000 
0.417645 -0.911381 0.359013 2.343817 -1.732190 0.419276 0.746214 -0.154177 -1.000000 
0.410181 -0.954553 0.377621 2.308108 -1.728750 0.440316 0.745003 -0.148401 -1.000000 
0.402375 -0.996658 0.395938 2.270793 -1.725147 0.460314 0.743839 -0.142736 -1.000000 
0.394237 -1.037665 0.413950 2.231939 -1.721388 0.479234 0.742719 -0.137208 -1.000000 
0.385775 -1.077543 0.431645 2.191617 -1.717482 0.497043 0.741643 -0.131836 -1.000000 
0.376999 -1.116265 0.449012 2.149895 -1.713439 0.513709 0.740609 -0.126638 -1.000000 
0.367918 -1.153808 0.466040 2.106846 -1.709266 0.529207 0.739616 -0.121625 -1.000000 
0.358542 -1.190149 0.482718 2.062539 -1.704975 0.543512 0.738663 -0.116805 -1.000000 
0.348879 -1.225271 0.499037 2.017047 -1.700573 0.556603 0.737747 -0.112183 -1.000000 
0.338941 -1.259158 0.514988 1.970440 -1.696072 0.568462 0.736867 -0.107762 -1.000000 
0.328736 -1.291797 0.530562 1.922790 -1.691481 0.579075 0.736022 -0.103542 -1.000000 
0.318275 -1.323178 0.545750 1.874166 -1.686810 0.588428 0.735210 -0.099521 -1.000000 
0.307569 -1.353293 0.560546 1.824639 -1.682070 0.596514 0.734429 -0.095696 -1.000000 
0.296626 -1.382136 0.574942 1.774276 -1.677270 0.603326 0.733679 -0.092063 -1.000000 
0.285458 -1.409704 0.588932 1.723145 -1.672420 0.608860 0.732956 -0.088616 -1.000000 
0.274074 -1.435998 0.602511 1.671313 -1.667531 0.613117 0.732260 -0.085350 -1.000000 
0.262485 -1.461018 0.615672 1.618843 -1.662613 0.616099 0.731590 -0.082257 -1.000000 
0.250701 -1.484768 0.628411 1.565798 -1.657677 0.617810 0.730944 -0.079332 -1.000000 
0.238732 -1.507254 0.640723 1.512240 -1.652732 0.618258 0.730320 -0.076568 -1.000000 
0.226589 -1.528483 0.652605 1.458226 -1.647788 0.617453 0.729718 -0.073956 -1.000000 
0.214280 -1.548463 0.664054 1.403815 -1.642856 0.615407 0.729136 -0.071491 -1.000000 
0.201816 -1.567206 0.675065 1.349061 -1.637945 0.612134 0.728574 -0.069166 -1.000000 
0.189208 -1.584723 0.685638 1.294015 -1.633065 0.607652 0.728029 -0.066974 -1.000000 
0.176464 -1.601027 0.695769 1.238729 -1.628226 0.601979 0.727502 -0.064907 -1.000000 
0.163595 -1.616134 0.705457 1.183248 -1.623436 0.595136 0.726991 -0.062961 -1.000000 
0.150609 -1.630057 0.714700 1.127620 -1.618707 0.587145 0.726494 -0.061129 -1.000000 
0.137517 -1.642813 0.723499 1.071885 -1.614045 0.578032 0.726012 -0.059405 -1.000000 
0.124327 -1.654420 0.731850 1.016083 -1.609461 0.567821 0.725544 -0.057784 -1.000000 
0.111049 -1.664894 0.739756 0.960253 -1.604963 0.556542 0.725087 -0.056261 -1.000000 
0.097692 -1.674254 0.747215 0.904429 -1.600559 0.544223 0.724643 -0.054830 -1.000000 
0.084264 -1.682518 0.754227 0.848642 -1.596258 0.530895 0.724210 -0.053488 -1.000000 
0.070774 -1.689703 0.760793 0.792923 -1.592067 0.516590 0.723787 -0.052229 -1.000000 
0.057232 -1.695830 0.766914 0.737299 -1.587995 0.501341 0.723374 -0.051050 -1.000000 
0.043644 -1.700915 0.772590 0.681794 -1.584048 0.485182 0.722970 -0.049947 -1.000000 
0.030020 -1.704978 0.777823 0.626430 -1.580234 0.468148 0.722575 -0.048916 -1.000000 
0.016367 -1.708036 0.782613 0.571228 -1.576560 0.450276 0.722187 -0.047954 -1.000000 
0.002694 -1.710108 0.786963 0.516206 -1.573032 0.431603 0.721807 -0.047058 -1.000000 
-0.010992 -1.711210 0.790873 0.461377 -1.569657 0.412166 0.721434 -0.046225 -1.000000 
-0.024683 -1.711360 0.794346 0.406757 -1.566439 0.392004 0.721068 -0.045452 -1.000000 
-0.038371 -1.710572 0.797382 0.352356 -1.563386 0.371157 0.720707 -0.044737 -1.000000 
-0.052050 -1.708863 0.799984 0.298184 -1.560503 0.349663 0.720352 -0.044078 -1.000000 
-0.065711 -1.706247 0.802153 0.244248 -1.557793 0.327565 0.720001 -0.043472 -1.000000 
-0.079347 -1.702737 0.803893 0.190555 -1.555263 0.304901 0.719656 -0.042918 -1.000000 
-0.092952 -1.698348 0.805203 0.137109 -1.552916 0.281714 0.719315 -0.042414 -1.000000 
-0.106519 -1.693089 0.806087 0.083913 -1.550757 0.258045 0.718977 -0.041959 -1.000000 
-0.120039 -1.686973 0.806546 0.030969 -1.548789 0.233936 0.718643 -0.041550 -1.000000 
-0.133508 -1.680009 0.806583 -0.021721 -1.547015 0.209429 0.718312 -0.041187 -1.000000 
-0.146917 -1.672206 0.806199 -0.074160 -1.545439 0.184566 0.717984 -0.040869 -1.000000 
-0.160261 -1.663572 0.805397 -0.126347 -1.544063 0.159391 0.717658 -0.040594 -1.000000 
-0.173532 -1.654113 0.804179 -0.178285 -1.542889 0.133946 0.717334 -0.040362 -1.000000 
-0.186725 -1.643835 0.802545 -0.229976 -1.541920 0.108273 0.717012 -0.040172 -1.000000 
-0.199831 -1.632742 0.800500 -0.281423 -1.541157 0.082415 0.716692 -0.040023 -1.000000 
-0.212846 -1.620838 0.798043 -0.332629 -1.540602 0.056417 0.716372 -0.039916 -1.000000 
-0.225763 -1.608125 0.795178 -0.383599 -1.540255 0.030320 0.716053 -0.039848 -1.000000 
-0.238574 -1.594604 0.791906 -0.434335 -1.540117 0.004169 0.715734 -0.039822 -1.000000 
-0.251274 -1.580275 0.788229 -0.484841 -1.540188 -0.021995 0.715415 -0.039835 -1.000000 
-0.263856 -1.565139 0.784149 -0.535119 -1.540469 -0.048127 0.715097 -0.039889 -1.000000 
-0.276314 -1.549192 0.779668 -0.585174 -1.540958 -0.074186 0.714777 -0.039983 -1.000000 
-0.288641 -1.532433 0.774787 -0.635006 -1.541656 -0.100127 0.714457 -0.040118 -1.000000 
-0.300831 -1.514859 0.769509 -0.684618 -1.542560 -0.125909 0.714135 -0.040294 -1.000000 
-0.312877 -1.496464 0.763834 -0.734010 -1.543670 -0.151488 0.713812 -0.040511 -1.000000 
-0.324772 -1.477245 0.757765 -0.783183 -1.544983 -0.176822 0.713487 -0.040770 -1.000000 
-0.336511 -1.457195 0.751304 -0.832135 -1.546498 -0.201869 0.713160 -0.041072 -1.000000 
-0.348085 -1.436309 0.744451 -0.880864 -1.548212 -0.226587 0.712830 -0.041417 -1.000000 
-0.359489 -1.414581 0.737210 -0.929367 -1.550122 -0.250933 0.712497 -0.041807 -1.000000 
-0.370716 -1.392002 0.729582 -0.977638 -1.552226 -0.274867 0.712161 -0.042243 -1.000000 
-0.381759 -1.368567 0.721569 -1.025672 -1.554519 -0.298348 0.711821 -0.042725 -1.000000 
-0.392611 -1.344268 0.713172 -1.073461 -1.556998 -0.321334 0.711477 -0.043256 -1.000000 
-0.403265 -1.319097 0.704394 -1.120996 -1.559659 -0.343785 0.711129 -0.043837 -1.000000 
-0.413714 -1.293047 0.695237 -1.168265 -1.562497 -0.365661 0.710775 -0.044468 -1.000000 
-0.423951 -1.266110 0.685703 -1.215256 -1.565508 -0.386924 0.710417 -0.045154 -1.000000 
-0.433970 -1.238280 0.675794 -1.261955 -1.568686 -0.407533 0.710053 -0.045894 -1.000000 
-0.443761 -1.209549 0.665512 -1.308344 -1.572027 -0.427452 0.709682 -0.046692 -1.000000 
-0.453320 -1.179912 0.654861 -1.354406 -1.575523 -0.446643 0.709305 -0.047549 -1.000000 
-0.462638 -1.149363 0.643843 -1.400120 -1.579171 -0.465069 0.708921 -0.048469 -1.000000 
-0.471707 -1.117896 0.632460 -1.445463 -1.582962 -0.482694 0.708530 -0.049453 -1.000000 
-0.480522 -1.085508 0.620716 -1.490413 -1.586892 -0.499484 0.708130 -0.050505 -1.000000 
-0.489073 -1.052196 0.608614 -1.534942 -1.590952 -0.515404 0.707722 -0.051628 -1.000000 
-0.497354 -1.017956 0.596158 -1.579022 -1.595136 -0.530422 0.707304 -0.052825 -1.000000 
-0.505358 -0.982788 0.583351 -1.622623 -1.599436 -0.544507 0.706876 -0.054099 -1.000000 
-0.513076 -0.946693 0.570198 -1.665712 -1.603845 -0.557626 0.706438 -0.055455 -1.000000 
-0.520502 -0.909671 0.556701 -1.708257 -1.608355 -0.569753 0.705989 -0.056896 -1.000000 
-0.527629 -0.871727 0.542867 -1.750221 -1.612959 -0.580858 0.705527 -0.058426 -1.000000 
-0.534448 -0.832865 0.528700 -1.791565 -1.617646 -0.590915 0.705054 -0.060049 -1.000000 
-0.540952 -0.793090 0.514204 -1.832252 -1.622410 -0.599901 0.704566 -0.061771 -1.000000 
-0.547135 -0.752413 0.499385 -1.872239 -1.627242 -0.607791 0.704065 -0.063595 -1.000000 
-0.552988 -0.710843 0.484250 -1.911484 -1.632132 -0.614566 0.703549 -0.065527 -1.000000 
-0.558506 -0.668392 0.468804 -1.949943 -1.637072 -0.620204 0.703016 -0.067572 -1.000000 
-0.563680 -0.625074 0.453053 -1.987571 -1.642052 -0.624690 0.702467 -0.069735 -1.000000 
-0.568505 -0.580907 0.437005 -2.024321 -1.647064 -0.628007 0.701900 -0.072021 -1.000000 
-0.572972 -0.535908 0.420666 -2.060145 -1.652097 -0.630143 0.701314 -0.074435 -1.000000 
-0.577077 -0.490098 0.404045 -2.094995 -1.657143 -0.631087 0.700709 -0.076984 -1.000000 
-0.580812 -0.443502 0.387149 -2.128822 -1.662191 -0.630830 0.700082 -0.079672 -1.000000 
-0.584171 -0.396144 0.369987 -2.161575 -1.667233 -0.629366 0.699434 -0.082504 -1.000000 
-0.587148 -0.348053 0.352567 -2.193205 -1.672258 -0.626692 0.698762 -0.085486 -1.000000 
-0.589738 -0.299259 0.334899 -2.223661 -1.677257 -0.622805 0.698065 -0.088623 -1.000000 
-0.591935 -0.249794 0.316992 -2.252891 -1.682220 -0.617707 0.697343 -0.091918 -1.000000 
-0.593733 -0.199695 0.298856 -2.280847 -1.687137 -0.611404 0.696594 -0.095374 -1.000000 
-0.595128 -0.148998 0.280502 -2.307477 -1.691999 -0.603900 0.695817 -0.098996 -1.000000 
-0.596116 -0.097743 0.261940 -2.332733 -1.696796 -0.595206 0.695010 -0.102784 -1.000000 
-0.596691 -0.045972 0.243182 -2.356566 -1.701519 -0.585335 0.694172 -0.106740 -1.000000 
-0.596850 0.006269 0.224239 -2.378928 -1.706158 -0.574301 0.693302 -0.110862 -1.000000 
-0.596589 0.058935 0.205123 -2.399772 -1.710705 -0.562122 0.692398 -0.115148 -1.000000 
-0.595906 0.111978 0.185847 -2.419053 -1.715149 -0.548819 0.691459 -0.119593 -1.000000 
-0.594797 0.165345 0.166422 -2.436728 -1.719483 -0.534417 0.690484 -0.124191 -1.000000 
-0.593260 0.218986 0.146863 -2.452756 -1.723697 -0.518940 0.689471 -0.128931 -1.000000 
-0.591292 0.272846 0.127183 -2.467097 -1.727783 -0.502419 0.688421 -0.133801 -1.000000 
-0.588894 0.326869 0.107394 -2.479713 -1.731733 -0.484885 0.687330 -0.138786 -1.000000 
-0.586062 0.380998 0.087512 -2.490570 -1.735539 -0.466373 0.686200 -0.143865 -1.000000 
-0.582798 0.435174 0.067550 -2.499635 -1.739193 -0.446920 0.685028 -0.149016 -1.000000 
-0.579099 0.489339 0.047523 -2.506879 -1.742687 -0.426566 0.683815 -0.154211 -1.000000 
-0.574968 0.543430 0.027445 -2.512275 -1.746015 -0.405353 0.682561 -0.159418 -1.000000 
-0.570405 0.597387 0.007331 -2.515799 -1.749171 -0.383325 0.681265 -0.164603 -1.000000 
-0.565411 0.651149 -0.012803 -2.517433 -1.752147 -0.360530 0.679927 -0.169725 -1.000000 
-0.559987 0.704651 -0.032942 -2.517158 -1.754937 -0.337015 0.678549 -0.174742 -1.000000 
-0.554137 0.757833 -0.053072 -2.514961 -1.757537 -0.312831 0.677132 -0.179606 -1.000000 
-0.547863 0.810631 -0.073177 -2.510833 -1.759941 -0.288031 0.675676 -0.184270 -1.000000 
-0.541168 0.862984 -0.093240 -2.504767 -1.762144 -0.262668 0.674184 -0.188683 -1.000000 
-0.534057 0.914828 -0.113248 -2.496761 -1.764142 -0.236799 0.672658 -0.192794 -1.000000 
-0.526532 0.966103 -0.133183 -2.486815 -1.765932 -0.210478 0.671101 -0.196552 -1.000000 
-0.518601 1.016749 -0.153032 -2.474935 -1.767509 -0.183766 0.669514 -0.199909 -1.000000 
-0.510266 1.066706 -0.172777 -2.461129 -1.768871 -0.156718 0.667903 -0.202819 -1.000000 
-0.501535 1.115915 -0.192405 -2.445409 -1.770016 -0.129396 0.666271 -0.205241 -1.000000 
-0.492414 1.164321 -0.211899 -2.427791 -1.770941 -0.101859 0.664621 -0.207142 -1.000000 
-0.482908 1.211867 -0.231244 -2.408294 -1.771645 -0.074166 0.662958 -0.208492 -1.000000 
-0.473026 1.258500 -0.250426 -2.386942 -1.772127 -0.046378 0.661286 -0.209272 -1.000000 
-0.462775 1.304168 -0.269430 -2.363760 -1.772387 -0.018554 0.659611 -0.209471 -1.000000 
-0.452162 1.348822 -0.288242 -2.338778 -1.772424 0.009245 0.657936 -0.209087 -1.000000 
-0.441197 1.392414 -0.306846 -2.312029 -1.772239 0.036960 0.656267 -0.208128 -1.000000 
-0.429887 1.434899 -0.325230 -2.283549 -1.771833 0.064532 0.654608 -0.206609 -1.000000 
-0.418241 1.476233 -0.343378 -2.253376 -1.771207 0.091905 0.652963 -0.204555 -1.000000 
-0.406270 1.516377 -0.361279 -2.221551 -1.770363 0.119020 0.651336 -0.201997 -1.000000 
-0.393983 1.555293 -0.378919 -2.188120 -1.769304 0.145821 0.649732 -0.198974 -1.000000 
-0.381389 1.592944 -0.396285 -2.153127 -1.768031 0.172255 0.648154 -0.195529 -1.000000 
-0.368499 1.629299 -0.413365 -2.116622 -1.766549 0.198268 0.646605 -0.191709 -1.000000 
-0.355324 1.664327 -0.430147 -2.078656 -1.764860 0.223807 0.645087 -0.187562 -1.000000 
-0.341873 1.698002 -0.446620 -2.039280 -1.762969 0.248823 0.643604 -0.183139 -1.000000 
-0.328159 1.730297 -0.462772 -1.998549 -1.760880 0.273267 0.642158 -0.178490 -1.000000 
-0.314192 1.761193 -0.478593 -1.956520 -1.758599 0.297091 0.640749 -0.173663 -1.000000 
-0.299984 1.790669 -0.494073 -1.913249 -1.756129 0.320252 0.639380 -0.168706 -1.000000 
-0.285545 1.818708 -0.509202 -1.868794 -1.753476 0.342705 0.638050 -0.163661 -1.000000 
-0.270888 1.845299 -0.523971 -1.823214 -1.750648 0.364409 0.636761 -0.158571 -1.000000 
-0.256025 1.870428 -0.538370 -1.776571 -1.747648 0.385326 0.635513 -0.153470 -1.000000 
-0.240966 1.894089 -0.552393 -1.728923 -1.744485 0.405419 0.634305 -0.148393 -1.000000 
-0.225723 1.916275 -0.566031 -1.680333 -1.741164 0.424652 0.633138 -0.143367 -1.000000 
-0.210309 1.936982 -0.579276 -1.630862 -1.737692 0.442993 0.632011 -0.138417 -1.000000 
-0.194735 1.956211 -0.592122 -1.580571 -1.734078 0.460412 0.630924 -0.133566 -1.000000 
-0.179014 1.973961 -0.604563 -1.529520 -1.730328 0.476881 0.629874 -0.128829 -1.000000 
-0.163156 1.990238 -0.616593 -1.477772 -1.726451 0.492374 0.628862 -0.124221 -1.000000 
-0.147174 2.005047 -0.628206 -1.425387 -1.722453 0.506867 0.627886 -0.119753 -1.000000 
-0.131079 2.018397 -0.639397 -1.372425 -1.718344 0.520339 0.626945 -0.115434 -1.000000 
-0.114883 2.030297 -0.650163 -1.318944 -1.714130 0.532772 0.626039 -0.111269 -1.000000 
-0.098598 2.040760 -0.660499 -1.265004 -1.709822 0.544150 0.625165 -0.107262 -1.000000 
-0.082235 2.049800 -0.670402 -1.210662 -1.705427 0.554457 0.624322 -0.103416 -1.000000 
-0.065805 2.057432 -0.679869 -1.155973 -1.700954 0.563683 0.623510 -0.099729 -1.000000 
-0.049320 2.063673 -0.688897 -1.100994 -1.696411 0.571817 0.622726 -0.096203 -1.000000 
-0.032790 2.068543 -0.697484 -1.045777 -1.691807 0.578852 0.621970 -0.092834 -1.000000 
-0.016227 2.072062 -0.705629 -0.990374 -1.687152 0.584784 0.621240 -0.089620 -1.000000 
0.000360 2.074250 -0.713330 -0.934837 -1.682454 0.589610 0.620536 -0.086557 -1.000000 
0.016958 2.075130 -0.720586 -0.879214 -1.677721 0.593328 0.619855 -0.083641 -1.000000 
0.033558 2.074727 -0.727397 -0.823552 -1.672964 0.595940 0.619197 -0.080869 -1.000000 
0.050150 2.073063 -0.733763 -0.767896 -1.668189 0.597450 0.618561 -0.078234 -1.000000 
0.066724 2.070164 -0.739684 -0.712291 -1.663407 0.597863 0.617945 -0.075732 -1.000000 
0.083270 2.066056 -0.745160 -0.656777 -1.658626 0.597186 0.617349 -0.073358 -1.000000 
0.099778 2.060766 -0.750192 -0.601395 -1.653855 0.595429 0.616771 -0.071107 -1.000000 
0.116239 2.054318 -0.754783 -0.546181 -1.649102 0.592603 0.616211 -0.068974 -1.000000 
0.132644 2.046742 -0.758932 -0.491172 -1.644376 0.588719 0.615667 -0.066953 -1.000000 
0.148984 2.038062 -0.762642 -0.436401 -1.639686 0.583794 0.615139 -0.065040 -1.000000 
0.165250 2.028308 -0.765915 -0.381900 -1.635038 0.577842 0.614626 -0.063231 -1.000000 
0.181434 2.017504 -0.768753 -0.327698 -1.630443 0.570882 0.614127 -0.061519 -1.000000 
0.197527 2.005679 -0.771159 -0.273823 -1.625907 0.562933 0.613642 -0.059902 -1.000000 
0.213522 1.992859 -0.773135 -0.220301 -1.621438 0.554014 0.613168 -0.058374 -1.000000 
0.229410 1.979070 -0.774685 -0.167155 -1.617045 0.544148 0.612707 -0.056932 -1.000000 
0.245185 1.964337 -0.775811 -0.114407 -1.612735 0.533358 0.612257 -0.055572 -1.000000 
0.260837 1.948687 -0.776516 -0.062076 -1.608514 0.521667 0.611818 -0.054290 -1.000000 
0.276361 1.932143 -0.776805 -0.010182 -1.604390 0.509103 0.611389 -0.053081 -1.000000 
0.291749 1.914729 -0.776681 0.041260 -1.600371 0.495689 0.610968 -0.051944 -1.000000 
0.306995 1.896469 -0.776146 0.092235 -1.596461 0.481455 0.610557 -0.050875 -1.000000 
0.322091 1.877385 -0.775206 0.142731 -1.592669 0.466428 0.610154 -0.049871 -1.000000 
0.337031 1.857498 -0.773864 0.192736 -1.589001 0.450638 0.609759 -0.048930 -1.000000 
0.351808 1.836829 -0.772124 0.242240 -1.585461 0.434114 0.609371 -0.048047 -1.000000 
0.366418 1.815397 -0.769989 0.291235 -1.582057 0.416887 0.608990 -0.047222 -1.000000 
0.380853 1.793222 -0.767465 0.339713 -1.578793 0.398988 0.608616 -0.046452 -1.000000 
0.395107 1.770320 -0.764555 0.387670 -1.575675 0.380450 0.608247 -0.045735 -1.000000 
0.409176 1.746708 -0.761264 0.435099 -1.572707 0.361305 0.607884 -0.045068 -1.000000 
0.423053 1.722402 -0.757595 0.481998 -1.569895 0.341585 0.607526 -0.044450 -1.000000 
0.436733 1.697416 -0.753553 0.528364 -1.567243 0.321326 0.607172 -0.043880 -1.000000 
0.450210 1.671763 -0.749143 0.574196 -1.564755 0.300560 0.606823 -0.043355 -1.000000 
0.463479 1.645455 -0.744368 0.619492 -1.562436 0.279321 0.606479 -0.042875 -1.000000 
0.476535 1.618504 -0.739232 0.664252 -1.560287 0.257646 0.606137 -0.042437 -1.000000 
0.489374 1.590919 -0.733741 0.708476 -1.558314 0.235568 0.605799 -0.042042 -1.000000 
0.501988 1.562709 -0.727898 0.752166 -1.556519 0.213124 0.605465 -0.041687 -1.000000 
0.514375 1.533883 -0.721708 0.795322 -1.554905 0.190348 0.605132 -0.041372 -1.000000 
0.526529 1.504447 -0.715174 0.837947 -1.553474 0.167276 0.604802 -0.041096 -1.000000 
0.538445 1.474407 -0.708302 0.880041 -1.552229 0.143945 0.604475 -0.040858 -1.000000 
0.550118 1.443768 -0.701095 0.921608 -1.551172 0.120391 0.604149 -0.040658 -1.000000 
0.561543 1.412535 -0.693558 0.962648 -1.550304 0.096649 0.603824 -0.040494 -1.000000 
0.572717 1.380709 -0.685694 1.003164 -1.549626 0.072756 0.603501 -0.040368 -1.000000 
0.583633 1.348295 -0.677509 1.043157 -1.549140 0.048749 0.603178 -0.040277 -1.000000 
0.594288 1.315293 -0.669005 1.082630 -1.548846 0.024663 0.602856 -0.040222 -1.000000 
0.604676 1.281704 -0.660188 1.121582 -1.548745 0.000536 0.602534 -0.040204 -1.000000 
0.614794 1.247530 -0.651061 1.160015 -1.548838 -0.023596 0.602213 -0.040220 -1.000000 
0.624635 1.212769 -0.641629 1.197930 -1.549123 -0.047697 0.601891 -0.040273 -1.000000 
0.634196 1.177421 -0.631896 1.235325 -1.549601 -0.071731 0.601568 -0.040361 -1.000000 
0.643472 1.141484 -0.621865 1.272200 -1.550270 -0.095661 0.601245 -0.040486 -1.000000 
0.652459 1.104959 -0.611542 1.308553 -1.551131 -0.119450 0.600920 -0.040646 -1.000000 
0.661150 1.067842 -0.600930 1.344383 -1.552181 -0.143064 0.600594 -0.040844 -1.000000 
0.669542 1.030132 -0.590033 1.379685 -1.553419 -0.166465 0.600267 -0.041078 -1.000000 
0.677631 0.991827 -0.578856 1.414456 -1.554844 -0.189619 0.599937 -0.041350 -1.000000 
0.685410 0.952925 -0.567403 1.448691 -1.556452 -0.212489 0.599605 -0.041661 -1.000000 
0.692876 0.913424 -0.555679 1.482384 -1.558243 -0.235041 0.599270 -0.042010 -1.000000 
0.700023 0.873323 -0.543687 1.515528 -1.560212 -0.257239 0.598933 -0.042400 -1.000000 
0.706847 0.832619 -0.531432 1.548115 -1.562358 -0.279048 0.598592 -0.042831 -1.000000 
0.713344 0.791313 -0.518918 1.580136 -1.564676 -0.300435 0.598247 -0.043303 -1.000000 
0.719507 0.749403 -0.506151 1.611580 -1.567163 -0.321366 0.597899 -0.043819 -1.000000 
0.725332 0.706889 -0.493135 1.642438 -1.569816 -0.341806 0.597546 -0.044379 -1.000000 
0.730815 0.663771 -0.479874 1.672695 -1.572631 -0.361722 0.597189 -0.044985 -1.000000 
0.735951 0.620051 -0.466373 1.702339 -1.575602 -0.381082 0.596826 -0.045638 -1.000000 
0.740735 0.575732 -0.452638 1.731355 -1.578727 -0.399854 0.596458 -0.046341 -1.000000 
0.745161 0.530815 -0.438673 1.759728 -1.581998 -0.418006 0.596085 -0.047094 -1.000000 
0.749226 0.485304 -0.424484 1.787440 -1.585413 -0.435507 0.595705 -0.047900 -1.000000 
0.752925 0.439206 -0.410076 1.814473 -1.588965 -0.452327 0.595318 -0.048760 -1.000000 
0.756252 0.392525 -0.395454 1.840809 -1.592648 -0.468437 0.594925 -0.049678 -1.000000 
0.759203 0.345270 -0.380625 1.866426 -1.596458 -0.483807 0.594523 -0.050654 -1.000000 
0.761775 0.297448 -0.365593 1.891305 -1.600387 -0.498410 0.594114 -0.051692 -1.000000 
0.763961 0.249071 -0.350366 1.915422 -1.604430 -0.512218 0.593696 -0.052795 -1.000000 
0.765758 0.200149 -0.334949 1.938756 -1.608580 -0.525206 0.593269 -0.053964 -1.000000 
0.767162 0.150695 -0.319348 1.961281 -1.612831 -0.537349 0.592832 -0.055203 -1.000000 
0.768168 0.100725 -0.303570 1.982973 -1.617176 -0.548622 0.592386 -0.056515 -1.000000 
0.768772 0.050254 -0.287623 2.003807 -1.621607 -0.559003 0.591928 -0.057904 -1.000000 
0.768971 -0.000700 -0.271512 2.023756 -1.626117 -0.568471 0.591459 -0.059371 -1.000000 
0.768760 -0.052116 -0.255245 2.042794 -1.630700 -0.577004 0.590978 -0.060922 -1.000000 
0.768136 -0.103974 -0.238830 2.060893 -1.635347 -0.584585 0.590484 -0.062559 -1.000000 
0.767095 -0.156251 -0.222273 2.078027 -1.640051 -0.591194 0.589977 -0.064286 -1.000000 
0.765635 -0.208920 -0.205584 2.094165 -1.644803 -0.596818 0.589455 -0.066107 -1.000000 
0.763752 -0.261956 -0.188769 2.109282 -1.649597 -0.601439 0.588919 -0.068026 -1.000000 
0.761443 -0.315330 -0.171838 2.123347 -1.654424 -0.605047 0.588366 -0.070048 -1.000000 
0.758705 -0.369010 -0.154799 2.136334 -1.659275 -0.607629 0.587798 -0.072175 -1.000000 
0.755538 -0.422965 -0.137660 2.148213 -1.664143 -0.609176 0.587211 -0.074412 -1.000000 
0.751937 -0.477160 -0.120430 2.158956 -1.669019 -0.609680 0.586607 -0.076763 -1.000000 
0.747903 -0.531559 -0.103120 2.168536 -1.673895 -0.609135 0.585983 -0.079232 -1.000000 
0.743432 -0.586124 -0.085737 2.176925 -1.678762 -0.607537 0.585339 -0.081823 -1.000000 
0.738524 -0.640816 -0.068292 2.184097 -1.683613 -0.604884 0.584673 -0.084538 -1.000000 
0.733179 -0.695594 -0.050795 2.190025 -1.688438 -0.601176 0.583986 -0.087382 -1.000000 
0.727395 -0.750414 -0.033255 2.194685 -1.693229 -0.596415 0.583275 -0.090358 -1.000000 
0.721172 -0.805231 -0.015683 2.198053 -1.697978 -0.590605 0.582540 -0.093466 -1.000000 
0.714511 -0.860001 0.001910 2.200104 -1.702676 -0.583752 0.581779 -0.096710 -1.000000 
0.707412 -0.914676 0.019515 2.200816 -1.707315 -0.575864 0.580992 -0.100089 -1.000000 
0.699877 -0.969207 0.037120 2.200171 -1.711887 -0.566951 0.580177 -0.103604 -1.000000 
0.691906 -1.023544 0.054714 2.198147 -1.716383 -0.557026 0.579334 -0.107254 -1.000000 
0.683501 -1.077637 0.072286 2.194727 -1.720797 -0.546104 0.578461 -0.111037 -1.000000 
0.674664 -1.131433 0.089826 2.189895 -1.725118 -0.534202 0.577557 -0.114947 -1.000000 
0.665399 -1.184880 0.107321 2.183637 -1.729341 -0.521338 0.576621 -0.118981 -1.000000 
0.655707 -1.237924 0.124760 2.175939 -1.733457 -0.507534 0.575653 -0.123129 -1.000000 
0.645593 -1.290512 0.142132 2.166793 -1.737459 -0.492813 0.574651 -0.127384 -1.000000 
0.635060 -1.342589 0.159425 2.156189 -1.741340 -0.477200 0.573615 -0.131732 -1.000000 
0.624113 -1.394101 0.176627 2.144121 -1.745092 -0.460724 0.572543 -0.136159 -1.000000 
0.612756 -1.444992 0.193727 2.130584 -1.748709 -0.443412 0.571436 -0.140649 -1.000000 
0.600995 -1.495208 0.210713 2.115577 -1.752185 -0.425298 0.570293 -0.145182 -1.000000 
0.588835 -1.544694 0.227572 2.099100 -1.755512 -0.406414 0.569113 -0.149734 -1.000000 
0.576282 -1.593396 0.244294 2.081156 -1.758685 -0.386795 0.567897 -0.154281 -1.000000 
0.563343 -1.641261 0.260867 2.061751 -1.761699 -0.366478 0.566644 -0.158794 -1.000000 
0.550024 -1.688235 0.277278 2.040891 -1.764547 -0.345502 0.565356 -0.163241 -1.000000 
0.536334 -1.734266 0.293517 2.018587 -1.767225 -0.323906 0.564033 -0.167590 -1.000000 
0.522279 -1.779303 0.309572 1.994852 -1.769728 -0.301733 0.562675 -0.171806 -1.000000 
0.507868 -1.823295 0.325431 1.969700 -1.772052 -0.279025 0.561284 -0.175850 -1.000000 
0.493109 -1.866196 0.341083 1.943149 -1.774191 -0.255825 0.559862 -0.179685 -1.000000 
0.478011 -1.907956 0.356518 1.915218 -1.776144 -0.232180 0.558410 -0.183272 -1.000000 
0.462585 -1.948530 0.371723 1.885931 -1.777905 -0.208136 0.556931 -0.186573 -1.000000 
0.446838 -1.987874 0.386689 1.855311 -1.779473 -0.183739 0.555426 -0.189552 -1.000000 
0.430782 -2.025947 0.401405 1.823385 -1.780844 -0.159037 0.553899 -0.192174 -1.000000 
0.414427 -2.062708 0.415860 1.790182 -1.782017 -0.134078 0.552352 -0.194408 -1.000000 
0.397782 -2.098119 0.430044 1.755734 -1.782989 -0.108911 0.550789 -0.196225 -1.000000 
0.380860 -2.132144 0.443948 1.720073 -1.783759 -0.083586 0.549214 -0.197604 -1.000000 
0.363672 -2.164750 0.457562 1.683234 -1.784326 -0.058150 0.547629 -0.198526 -1.000000 
0.346228 -2.195905 0.470877 1.645254 -1.784689 -0.032654 0.546038 -0.198980 -1.000000 
0.328541 -2.225581 0.483884 1.606172 -1.784848 -0.007147 0.544446 -0.198961 -1.000000 
0.310623 -2.253751 0.496573 1.566028 -1.784804 0.018323 0.542856 -0.198469 -1.000000 
0.292485 -2.280391 0.508937 1.524864 -1.784555 0.043707 0.541272 -0.197513 -1.000000 
0.274141 -2.305481 0.520968 1.482722 -1.784105 0.068957 0.539697 -0.196105 -1.000000 
0.255602 -2.329000 0.532658 1.439647 -1.783453 0.094025 0.538136 -0.194266 -1.000000 
0.236881 -2.350934 0.544000 1.395684 -1.782601 0.118865 0.536590 -0.192019 -1.000000 
0.217991 -2.371269 0.554987 1.350880 -1.781551 0.143431 0.535064 -0.189393 -1.000000 
0.198945 -2.389993 0.565612 1.305282 -1.780307 0.167678 0.533561 -0.186420 -1.000000 
0.179756 -2.407099 0.575870 1.258938 -1.778870 0.191562 0.532082 -0.183136 -1.000000 
0.160436 -2.422581 0.585753 1.211896 -1.777243 0.215039 0.530631 -0.179578 -1.000000 
0.140999 -2.436435 0.595258 1.164206 -1.775430 0.238068 0.529210 -0.175782 -1.000000 
0.121457 -2.448660 0.604379 1.115917 -1.773435 0.260609 0.527819 -0.171787 -1.000000 
0.101824 -2.459258 0.613111 1.067078 -1.771262 0.282622 0.526462 -0.167629 -1.000000 
0.082113 -2.468234 0.621451 1.017740 -1.768915 0.304070 0.525138 -0.163346 -1.000000 
0.062337 -2.475593 0.629394 0.967952 -1.766398 0.324915 0.523848 -0.158972 -1.000000 
0.042508 -2.481344 0.636937 0.917764 -1.763718 0.345124 0.522594 -0.154537 -1.000000 
0.022640 -2.485497 0.644077 0.867225 -1.760878 0.364663 0.521376 -0.150074 -1.000000 
0.002744 -2.488066 0.650812 0.816384 -1.757885 0.383500 0.520193 -0.145607 -1.000000 
-0.017165 -2.489066 0.657139 0.765290 -1.754744 0.401605 0.519046 -0.141162 -1.000000 
-0.037076 -2.488513 0.663056 0.713991 -1.751461 0.418950 0.517934 -0.136760 -1.000000 
-0.056977 -2.486425 0.668562 0.662534 -1.748043 0.435508 0.516858 -0.132420 -1.000000 
-0.076855 -2.482824 0.673656 0.610966 -1.744495 0.451255 0.515815 -0.128158 -1.000000 
-0.096698 -2.477731 0.678337 0.559332 -1.740825 0.466167 0.514807 -0.123988 -1.000000 
-0.116495 -2.471170 0.682606 0.507678 -1.737039 0.480222 0.513831 -0.119920 -1.000000 
-0.136233 -2.463166 0.686460 0.456047 -1.733144 0.493403 0.512888 -0.115963 -1.000000 
-0.155902 -2.453744 0.689902 0.404481 -1.729147 0.505690 0.511976 -0.112125 -1.000000 
-0.175489 -2.442934 0.692932 0.353024 -1.725055 0.517068 0.511094 -0.108411 -1.000000 
-0.194985 -2.430763 0.695551 0.301713 -1.720876 0.527523 0.510241 -0.104825 -1.000000 
-0.214378 -2.417261 0.697760 0.250590 -1.716617 0.537043 0.509416 -0.101368 -1.000000 
-0.233658 -2.402458 0.699561 0.199692 -1.712286 0.545616 0.508618 -0.098042 -1.000000 
-0.252814 -2.386387 0.700956 0.149054 -1.707890 0.553236 0.507847 -0.094847 -1.000000 
-0.271837 -2.369078 0.701947 0.098712 -1.703437 0.559894 0.507101 -0.091782 -1.000000 
-0.290716 -2.350566 0.702536 0.048699 -1.698934 0.565587 0.506378 -0.088846 -1.000000 
-0.309443 -2.330881 0.702727 -0.000952 -1.694390 0.570309 0.505679 -0.086035 -1.000000 
-0.328007 -2.310059 0.702522 -0.050212 -1.689812 0.574061 0.505001 -0.083349 -1.000000 
-0.346401 -2.288132 0.701925 -0.099051 -1.685208 0.576841 0.504345 -0.080783 -1.000000 
-0.364614 -2.265134 0.700938 -0.147442 -1.680585 0.578652 0.503708 -0.078334 -1.000000 
-0.382640 -2.241098 0.699567 -0.195359 -1.675952 0.579496 0.503091 -0.075999 -1.000000 
-0.400469 -2.216059 0.697814 -0.242778 -1.671316 0.579379 0.502492 -0.073774 -1.000000 
-0.418094 -2.190051 0.695684 -0.289676 -1.666684 0.578308 0.501911 -0.071655 -1.000000 
-0.435508 -2.163105 0.693181 -0.336032 -1.662065 0.576289 0.501345 -0.069639 -1.000000 
-0.452702 -2.135255 0.690309 -0.381826 -1.657466 0.573332 0.500796 -0.067721 -1.000000 
-0.469669 -2.106533 0.687073 -0.427040 -1.652894 0.569449 0.500262 -0.065898 -1.000000 
-0.486404 -2.076971 0.683478 -0.471657 -1.648357 0.564650 0.499741 -0.064167 -1.000000 
-0.502899 -2.046601 0.679528 -0.515662 -1.643862 0.558950 0.499235 -0.062523 -1.000000 
-0.519148 -2.015453 0.675229 -0.559041 -1.639417 0.552362 0.498741 -0.060962 -1.000000 
-0.535144 -1.983557 0.670585 -0.601780 -1.635027 0.544903 0.498259 -0.059482 -1.000000 
-0.550882 -1.950942 0.665602 -0.643870 -1.630700 0.536590 0.497789 -0.058079 -1.000000 
-0.566357 -1.917636 0.660285 -0.685300 -1.626444 0.527439 0.497330 -0.056750 -1.000000 
-0.581563 -1.883666 0.654639 -0.726061 -1.622264 0.517472 0.496881 -0.055492 -1.000000 
-0.596494 -1.849060 0.648670 -0.766145 -1.618166 0.506706 0.496442 -0.054302 -1.000000 
-0.611146 -1.813842 0.642383 -0.805546 -1.614158 0.495164 0.496012 -0.053176 -1.000000 
-0.625514 -1.778037 0.635783 -0.844259 -1.610246 0.482867 0.495591 -0.052113 -1.000000 
-0.639593 -1.741668 0.628876 -0.882279 -1.606434 0.469838 0.495178 -0.051110 -1.000000 
-0.653379 -1.704758 0.621668 -0.919602 -1.602730 0.456100 0.494773 -0.050164 -1.000000 
-0.666868 -1.667327 0.614165 -0.956226 -1.599139 0.441677 0.494375 -0.049273 -1.000000 
-0.680055 -1.629397 0.606371 -0.992149 -1.595665 0.426595 0.493984 -0.048436 -1.000000 
-0.692937 -1.590985 0.598292 -1.027370 -1.592315 0.410878 0.493600 -0.047649 -1.000000 
-0.705510 -1.552111 0.589935 -1.061888 -1.589093 0.394553 0.493222 -0.046912 -1.000000 
-0.717770 -1.512790 0.581304 -1.095704 -1.586004 0.377647 0.492849 -0.046221 -1.000000 
-0.729713 -1.473038 0.572405 -1.128818 -1.583052 0.360186 0.492482 -0.045577 -1.000000 
-0.741337 -1.432871 0.563245 -1.161230 -1.580242 0.342199 0.492120 -0.044976 -1.000000 
-0.752638 -1.392301 0.553827 -1.192944 -1.577578 0.323713 0.491762 -0.044419 -1.000000 
-0.763613 -1.351341 0.544159 -1.223961 -1.575064 0.304758 0.491409 -0.043903 -1.000000 
-0.774259 -1.310003 0.534246 -1.254282 -1.572703 0.285361 0.491060 -0.043426 -1.000000 
-0.784572 -1.268297 0.524093 -1.283910 -1.570499 0.265553 0.490714 -0.042989 -1.000000 
-0.794550 -1.226232 0.513705 -1.312848 -1.568455 0.245362 0.490372 -0.042590 -1.000000 
-0.804191 -1.183818 0.503089 -1.341099 -1.566574 0.224820 0.490033 -0.042228 -1.000000 
-0.813491 -1.141061 0.492249 -1.368664 -1.564859 0.203955 0.489696 -0.041902 -1.000000 
-0.822447 -1.097970 0.481192 -1.395547 -1.563312 0.182798 0.489362 -0.041611 -1.000000 
-0.831057 -1.054549 0.469922 -1.421750 -1.561935 0.161380 0.489030 -0.041355 -1.000000 
-0.839319 -1.010804 0.458446 -1.447275 -1.560730 0.139731 0.488700 -0.041133 -1.000000 
-0.847229 -0.966741 0.446768 -1.472125 -1.559700 0.117882 0.488372 -0.040945 -1.000000 
-0.854786 -0.922361 0.434894 -1.496302 -1.558845 0.095865 0.488045 -0.040790 -1.000000 
0.000000 0.000000 0.000000 0.000000 0.000000 0.000000 0.000000 0.000000 0.000000 
