0.269073 0.550340 0.262113 -0.435355 -1.881176 0.027446 1.150578 -0.072060 1.000000 
0.273383 0.526995 0.258531 -0.460276 -1.881006 0.015247 1.150002 -0.071927 1.000000 
0.277504 0.503280 0.254750 -0.484849 -1.880933 0.003003 1.149427 -0.071912 1.000000 
0.281434 0.479202 0.250774 -0.509067 -1.880958 -0.009253 1.148851 -0.072016 1.000000 
0.285170 0.454770 0.246606 -0.532920 -1.881081 -0.021487 1.148274 -0.072238 1.000000 
0.288710 0.429994 0.242248 -0.556402 -1.881301 -0.033664 1.147695 -0.072579 1.000000 
0.292049 0.404881 0.237704 -0.579502 -1.881619 -0.045753 1.147112 -0.073041 1.000000 
0.295187 0.379440 0.232977 -0.602213 -1.882033 -0.057718 1.146526 -0.073626 1.000000 
0.298119 0.353680 0.228070 -0.624526 -1.882542 -0.069528 1.145934 -0.074337 1.000000 
0.300845 0.327609 0.222986 -0.646429 -1.883145 -0.081150 1.145336 -0.075176 1.000000 
0.303360 0.301236 0.217728 -0.667915 -1.883840 -0.092552 1.144731 -0.076148 1.000000 
0.305664 0.274570 0.212300 -0.688971 -1.884625 -0.103703 1.144117 -0.077258 1.000000 
0.307753 0.247622 0.206706 -0.709588 -1.885498 -0.114571 1.143494 -0.078511 1.000000 
0.309625 0.220400 0.200948 -0.729754 -1.886457 -0.125127 1.142861 -0.079914 1.000000 
0.311278 0.192915 0.195031 -0.749458 -1.887499 -0.135341 1.142215 -0.081473 1.000000 
0.312711 0.165179 0.188958 -0.768686 -1.888622 -0.145185 1.141557 -0.083198 1.000000 
0.313921 0.137202 0.182733 -0.787427 -1.889821 -0.154632 1.140884 -0.085096 1.000000 
0.314906 0.108998 0.176361 -0.805666 -1.891095 -0.163654 1.140195 -0.087178 1.000000 
0.315664 0.080578 0.169844 -0.823391 -1.892439 -0.172226 1.139488 -0.089455 1.000000 
0.316194 0.051957 0.163188 -0.840586 -1.893849 -0.180325 1.138763 -0.091940 1.000000 
0.316495 0.023149 0.156396 -0.857238 -1.895323 -0.187926 1.138017 -0.094645 1.000000 
0.316564 -0.005830 0.149473 -0.873330 -1.896855 -0.195009 1.137248 -0.097587 1.000000 
0.316401 -0.034965 0.142424 -0.888848 -1.898441 -0.201552 1.136455 -0.100780 1.000000 
0.316004 -0.064239 0.135253 -0.903776 -1.900078 -0.207537 1.135635 -0.104243 1.000000 
0.315373 -0.093632 0.127966 -0.918098 -1.901760 -0.212947 1.134786 -0.107996 1.000000 
0.314506 -0.123127 0.120566 -0.931797 -1.903484 -0.217764 1.133906 -0.112060 1.000000 
0.313403 -0.152703 0.113059 -0.944857 -1.905243 -0.221976 1.132992 -0.116457 1.000000 
0.312063 -0.182339 0.105450 -0.957261 -1.907033 -0.225569 1.132042 -0.121212 1.000000 
0.310485 -0.212014 0.097744 -0.968993 -1.908850 -0.228533 1.131052 -0.126352 1.000000 
0.308670 -0.241704 0.089948 -0.980035 -1.910688 -0.230858 1.130019 -0.131906 1.000000 
0.306618 -0.271385 0.082065 -0.990372 -1.912542 -0.232538 1.128940 -0.137904 1.000000 
0.304328 -0.301034 0.074104 -0.999987 -1.914407 -0.233568 1.127811 -0.144380 1.000000 
0.301802 -0.330624 0.066068 -1.008864 -1.916278 -0.233943 1.126629 -0.151366 1.000000 
0.299039 -0.360129 0.057964 -1.016988 -1.918149 -0.233662 1.125388 -0.158900 1.000000 
0.296040 -0.389521 0.049798 -1.024342 -1.920015 -0.232727 1.124085 -0.167018 1.000000 
0.292807 -0.418773 0.041576 -1.030913 -1.921870 -0.231140 1.122714 -0.175759 1.000000 
0.289340 -0.447856 0.033305 -1.036686 -1.923711 -0.228906 1.121271 -0.185160 1.000000 
0.285641 -0.476740 0.024992 -1.041648 -1.925531 -0.226031 1.119750 -0.195258 1.000000 
0.281713 -0.505397 0.016641 -1.045787 -1.927326 -0.222525 1.118145 -0.206091 1.000000 
0.277556 -0.533794 0.008261 -1.049091 -1.929090 -0.218398 1.116450 -0.217689 1.000000 
0.273173 -0.561902 -0.000142 -1.051549 -1.930819 -0.213664 1.114659 -0.230080 1.000000 
0.268566 -0.589690 -0.008561 -1.053152 -1.932507 -0.208337 1.112767 -0.243286 1.000000 
0.263739 -0.617127 -0.016990 -1.053891 -1.934150 -0.202435 1.110765 -0.257315 1.000000 
0.258693 -0.644182 -0.025421 -1.053760 -1.935744 -0.195977 1.108647 -0.272166 1.000000 
0.253433 -0.670823 -0.033848 -1.052753 -1.937285 -0.188982 1.106408 -0.287820 1.000000 
0.247961 -0.697019 -0.042263 -1.050865 -1.938767 -0.181475 1.104040 -0.304238 1.000000 
0.242282 -0.722741 -0.050659 -1.048093 -1.940187 -0.173479 1.101538 -0.321358 1.000000 
0.236399 -0.747957 -0.059030 -1.044437 -1.941541 -0.165020 1.098897 -0.339087 1.000000 
0.230316 -0.772638 -0.067368 -1.039896 -1.942826 -0.156127 1.096112 -0.357303 1.000000 
0.224038 -0.796755 -0.075666 -1.034472 -1.944038 -0.146828 1.093179 -0.375847 1.000000 
0.217569 -0.820280 -0.083917 -1.028169 -1.945174 -0.137153 1.090098 -0.394520 1.000000 
0.210915 -0.843184 -0.092114 -1.020992 -1.946232 -0.127134 1.086867 -0.413090 1.000000 
0.204080 -0.865443 -0.100251 -1.012947 -1.947208 -0.116804 1.083489 -0.431284 1.000000 
0.197070 -0.887029 -0.108319 -1.004043 -1.948100 -0.106197 1.079968 -0.448800 1.000000 
0.189890 -0.907919 -0.116313 -0.994289 -1.948906 -0.095345 1.076311 -0.465311 1.000000 
0.182545 -0.928091 -0.124226 -0.983699 -1.949625 -0.084284 1.072527 -0.480476 1.000000 
0.175042 -0.947522 -0.132050 -0.972283 -1.950254 -0.073050 1.068628 -0.493956 1.000000 
0.167387 -0.966193 -0.139780 -0.960058 -1.950793 -0.061676 1.064629 -0.505426 1.000000 
0.159585 -0.984084 -0.147409 -0.947039 -1.951241 -0.050198 1.060547 -0.514598 1.000000 
0.151644 -1.001179 -0.154931 -0.933244 -1.951596 -0.038651 1.056402 -0.521232 1.000000 
0.143568 -1.017463 -0.162339 -0.918690 -1.951859 -0.027068 1.052215 -0.525152 1.000000 
0.135366 -1.032922 -0.169628 -0.903398 -1.952029 -0.015485 1.048007 -0.526260 1.000000 
0.127044 -1.047543 -0.176791 -0.887388 -1.952107 -0.003932 1.043802 -0.524539 1.000000 
0.118608 -1.061315 -0.183824 -0.870681 -1.952092 0.007556 1.039622 -0.520055 1.000000 
0.110065 -1.074231 -0.190720 -0.853300 -1.951986 0.018950 1.035488 -0.512952 1.000000 
0.101423 -1.086281 -0.197475 -0.835267 -1.951790 0.030220 1.031421 -0.503442 1.000000 
0.092687 -1.097460 -0.204083 -0.816606 -1.951503 0.041336 1.027439 -0.491789 1.000000 
0.083866 -1.107764 -0.210539 -0.797340 -1.951129 0.052270 1.023557 -0.478298 1.000000 
0.074965 -1.117188 -0.216839 -0.777494 -1.950667 0.062997 1.019790 -0.463294 1.000000 
0.065993 -1.125732 -0.222978 -0.757092 -1.950121 0.073491 1.016148 -0.447107 1.000000 
0.056956 -1.133393 -0.228951 -0.736159 -1.949492 0.083726 1.012639 -0.430060 1.000000 
0.047861 -1.140172 -0.234755 -0.714719 -1.948782 0.093681 1.009268 -0.412455 1.000000 
0.038715 -1.146072 -0.240385 -0.692798 -1.947994 0.103333 1.006040 -0.394568 1.000000 
0.029526 -1.151093 -0.245838 -0.670420 -1.947130 0.112661 1.002955 -0.376641 1.000000 
0.020300 -1.155240 -0.251111 -0.647611 -1.946193 0.121644 1.000014 -0.358881 1.000000 
0.011045 -1.158518 -0.256199 -0.624396 -1.945185 0.130265 0.997212 -0.341459 1.000000 
0.001766 -1.160932 -0.261100 -0.600799 -1.944109 0.138505 0.994549 -0.324514 1.000000 
-0.007528 -1.162487 -0.265811 -0.576846 -1.942970 0.146348 0.992019 -0.308150 1.000000 
-0.016831 -1.163192 -0.270329 -0.552561 -1.941769 0.153777 0.989617 -0.292445 1.000000 
-0.026137 -1.163053 -0.274651 -0.527969 -1.940510 0.160778 0.987338 -0.277451 1.000000 
-0.035438 -1.162081 -0.278776 -0.503094 -1.939198 0.167339 0.985176 -0.263202 1.000000 
-0.044728 -1.160283 -0.282700 -0.477960 -1.937834 0.173445 0.983124 -0.249711 1.000000 
-0.054000 -1.157671 -0.286422 -0.452592 -1.936424 0.179086 0.981178 -0.236980 1.000000 
-0.063249 -1.154254 -0.289941 -0.427013 -1.934970 0.184252 0.979331 -0.224998 1.000000 
-0.072466 -1.150045 -0.293254 -0.401245 -1.933477 0.188934 0.977576 -0.213748 1.000000 
-0.081647 -1.145055 -0.296360 -0.375313 -1.931948 0.193123 0.975909 -0.203204 1.000000 
-0.090785 -1.139296 -0.299259 -0.349238 -1.930388 0.196814 0.974323 -0.193339 1.000000 
-0.099874 -1.132782 -0.301948 -0.323042 -1.928801 0.199999 0.972814 -0.184120 1.000000 
-0.108908 -1.125524 -0.304427 -0.296748 -1.927190 0.202676 0.971376 -0.175514 1.000000 
-0.117880 -1.117538 -0.306696 -0.270375 -1.925559 0.204840 0.970004 -0.167489 1.000000 
-0.126786 -1.108836 -0.308753 -0.243945 -1.923914 0.206490 0.968694 -0.160009 1.000000 
-0.135620 -1.099434 -0.310599 -0.217478 -1.922257 0.207624 0.967442 -0.153042 1.000000 
-0.144375 -1.089345 -0.312232 -0.190992 -1.920593 0.208243 0.966244 -0.146555 1.000000 
-0.153048 -1.078583 -0.313654 -0.164508 -1.918926 0.208349 0.965096 -0.140518 1.000000 
-0.161631 -1.067165 -0.314865 -0.138043 -1.917261 0.207943 0.963995 -0.134902 1.000000 
-0.170120 -1.055104 -0.315863 -0.111614 -1.915601 0.207029 0.962937 -0.129678 1.000000 
-0.178511 -1.042415 -0.316651 -0.085240 -1.913950 0.205613 0.961919 -0.124820 1.000000 
-0.186798 -1.029114 -0.317227 -0.058937 -1.912312 0.203700 0.960939 -0.120304 1.000000 
-0.194975 -1.015215 -0.317594 -0.032721 -1.910692 0.201297 0.959993 -0.116107 1.000000 
-0.203039 -1.000733 -0.317751 -0.006606 -1.909093 0.198411 0.959080 -0.112207 1.000000 
-0.210985 -0.985683 -0.317700 0.019392 -1.907518 0.195052 0.958197 -0.108586 1.000000 
-0.218809 -0.970079 -0.317441 0.045259 -1.905973 0.191230 0.957342 -0.105224 1.000000 
-0.226505 -0.953936 -0.316976 0.070982 -1.904460 0.186956 0.956513 -0.102104 1.000000 
-0.234070 -0.937268 -0.316306 0.096547 -1.902983 0.182240 0.955708 -0.099212 1.000000 
-0.241500 -0.920090 -0.315432 0.121942 -1.901545 0.177097 0.954925 -0.096532 1.000000 
-0.248791 -0.902414 -0.314355 0.147156 -1.900150 0.171539 0.954163 -0.094052 1.000000 
-0.255938 -0.884255 -0.313078 0.172177 -1.898802 0.165581 0.953420 -0.091760 1.000000 
-0.262937 -0.865627 -0.311601 0.196994 -1.897502 0.159239 0.952694 -0.089644 1.000000 
-0.269786 -0.846541 -0.309926 0.221597 -1.896255 0.152527 0.951985 -0.087695 1.000000 
-0.276481 -0.827011 -0.308056 0.245975 -1.895063 0.145462 0.951291 -0.085902 1.000000 
-0.283017 -0.807049 -0.305991 0.270120 -1.893928 0.138062 0.950610 -0.084259 1.000000 
-0.289393 -0.786668 -0.303735 0.294023 -1.892855 0.130345 0.949942 -0.082757 1.000000 
-0.295603 -0.765880 -0.301288 0.317674 -1.891844 0.122328 0.949286 -0.081388 1.000000 
-0.301646 -0.744695 -0.298653 0.341066 -1.890898 0.114032 0.948640 -0.080148 1.000000 
-0.307517 -0.723125 -0.295831 0.364190 -1.890020 0.105475 0.948003 -0.079030 1.000000 
-0.313215 -0.701182 -0.292826 0.387039 -1.889211 0.096677 0.947375 -0.078029 1.000000 
-0.318735 -0.678876 -0.289640 0.409605 -1.888474 0.087658 0.946754 -0.077141 1.000000 
-0.324076 -0.656217 -0.286273 0.431881 -1.887809 0.078441 0.946140 -0.076362 1.000000 
-0.329234 -0.633215 -0.282730 0.453861 -1.887219 0.069044 0.945532 -0.075688 1.000000 
-0.334206 -0.609881 -0.279012 0.475536 -1.886705 0.059491 0.944929 -0.075117 1.000000 
-0.338991 -0.586223 -0.275123 0.496902 -1.886268 0.049802 0.944330 -0.074645 1.000000 
-0.343585 -0.562252 -0.271063 0.517950 -1.885908 0.040000 0.943735 -0.074270 1.000000 
-0.347986 -0.537977 -0.266836 0.538676 -1.885628 0.030105 0.943142 -0.073992 1.000000 
-0.352192 -0.513407 -0.262445 0.559071 -1.885427 0.020142 0.942550 -0.073807 1.000000 
-0.356200 -0.488551 -0.257892 0.579130 -1.885306 0.010131 0.941960 -0.073717 1.000000 
-0.360008 -0.463418 -0.253180 0.598847 -1.885265 0.000095 0.941371 -0.073719 1.000000 
-0.363614 -0.438016 -0.248311 0.618215 -1.885304 -0.009944 0.940781 -0.073813 1.000000 
-0.367015 -0.412355 -0.243289 0.637228 -1.885424 -0.019963 0.940189 -0.074001 1.000000 
-0.370211 -0.386443 -0.238117 0.655879 -1.885623 -0.029940 0.939596 -0.074281 1.000000 
-0.373198 -0.360289 -0.232796 0.674162 -1.885903 -0.039853 0.939001 -0.074656 1.000000 
-0.375975 -0.333901 -0.227331 0.692069 -1.886261 -0.049681 0.938402 -0.075126 1.000000 
-0.378540 -0.307289 -0.221724 0.709595 -1.886697 -0.059401 0.937798 -0.075694 1.000000 
-0.380891 -0.280462 -0.215979 0.726732 -1.887211 -0.068992 0.937190 -0.076360 1.000000 
-0.383026 -0.253428 -0.210097 0.743474 -1.887801 -0.078433 0.936576 -0.077128 1.000000 
-0.384945 -0.226197 -0.204084 0.759812 -1.888465 -0.087702 0.935956 -0.077999 1.000000 
-0.386645 -0.198778 -0.197942 0.775740 -1.889203 -0.096780 0.935328 -0.078979 1.000000 
-0.388125 -0.171182 -0.191673 0.791250 -1.890013 -0.105647 0.934692 -0.080069 1.000000 
-0.389384 -0.143418 -0.185283 0.806334 -1.890893 -0.114281 0.934047 -0.081275 1.000000 
-0.390419 -0.115497 -0.178773 0.820985 -1.891841 -0.122665 0.933391 -0.082600 1.000000 
-0.391231 -0.087428 -0.172148 0.835195 -1.892855 -0.130780 0.932725 -0.084051 1.000000 
-0.391818 -0.059224 -0.165411 0.848954 -1.893933 -0.138607 0.932046 -0.085632 1.000000 
-0.392178 -0.030895 -0.158566 0.862256 -1.895072 -0.146129 0.931354 -0.087349 1.000000 
-0.392312 -0.002454 -0.151616 0.875090 -1.896270 -0.153329 0.930648 -0.089210 1.000000 
-0.392217 0.026088 -0.144566 0.887450 -1.897524 -0.160191 0.929927 -0.091222 1.000000 
-0.391894 0.054718 -0.137418 0.899325 -1.898832 -0.166699 0.929188 -0.093392 1.000000 
-0.391342 0.083422 -0.130178 0.910707 -1.900191 -0.172838 0.928432 -0.095730 1.000000 
-0.390559 0.112188 -0.122848 0.921587 -1.901597 -0.178595 0.927656 -0.098245 1.000000 
-0.389547 0.141001 -0.115434 0.931956 -1.903047 -0.183956 0.926859 -0.100946 1.000000 
-0.388303 0.169847 -0.107939 0.941805 -1.904539 -0.188909 0.926040 -0.103845 1.000000 
-0.386829 0.198710 -0.100367 0.951124 -1.906068 -0.193443 0.925197 -0.106954 1.000000 
-0.385124 0.227575 -0.092722 0.959906 -1.907633 -0.197547 0.924329 -0.110284 1.000000 
-0.383188 0.256426 -0.085009 0.968139 -1.909228 -0.201211 0.923432 -0.113850 1.000000 
-0.381021 0.285247 -0.077233 0.975817 -1.910851 -0.204427 0.922506 -0.117666 1.000000 
-0.378624 0.314019 -0.069398 0.982929 -1.912498 -0.207188 0.921549 -0.121746 1.000000 
-0.375997 0.342726 -0.061508 0.989467 -1.914165 -0.209486 0.920558 -0.126108 1.000000 
-0.373141 0.371349 -0.053568 0.995423 -1.915848 -0.211317 0.919530 -0.130766 1.000000 
-0.370056 0.399870 -0.045583 1.000787 -1.917544 -0.212676 0.918464 -0.135741 1.000000 
-0.366743 0.428270 -0.037557 1.005553 -1.919250 -0.213560 0.917358 -0.141049 1.000000 
-0.363204 0.456530 -0.029496 1.009712 -1.920960 -0.213967 0.916207 -0.146709 1.000000 
-0.359439 0.484629 -0.021403 1.013256 -1.922672 -0.213896 0.915009 -0.152742 1.000000 
-0.355450 0.512547 -0.013285 1.016179 -1.924381 -0.213346 0.913762 -0.159168 1.000000 
-0.351239 0.540264 -0.005146 1.018473 -1.926084 -0.212320 0.912461 -0.166006 1.000000 
-0.346807 0.567760 0.003009 1.020133 -1.927777 -0.210819 0.911105 -0.173275 1.000000 
-0.342155 0.595012 0.011174 1.021152 -1.929456 -0.208848 0.909688 -0.180996 1.000000 
-0.337287 0.621999 0.019345 1.021526 -1.931117 -0.206411 0.908207 -0.189185 1.000000 
-0.332204 0.648700 0.027517 1.021249 -1.932757 -0.203514 0.906660 -0.197859 1.000000 
-0.326909 0.675094 0.035684 1.020318 -1.934372 -0.200165 0.905040 -0.207032 1.000000 
-0.321403 0.701158 0.043840 1.018729 -1.935959 -0.196372 0.903346 -0.216714 1.000000 
-0.315691 0.726870 0.051982 1.016479 -1.937513 -0.192144 0.901572 -0.226911 1.000000 
-0.309774 0.752210 0.060102 1.013566 -1.939032 -0.187492 0.899714 -0.237623 1.000000 
-0.303657 0.777154 0.068197 1.009989 -1.940512 -0.182427 0.897768 -0.248846 1.000000 
-0.297341 0.801682 0.076260 1.005746 -1.941950 -0.176963 0.895731 -0.260564 1.000000 
-0.290831 0.825772 0.084287 1.000839 -1.943342 -0.171113 0.893598 -0.272753 1.000000 
-0.284130 0.849403 0.092272 0.995267 -1.944687 -0.164892 0.891366 -0.285380 1.000000 
-0.277242 0.872553 0.100210 0.989034 -1.945980 -0.158317 0.889031 -0.298396 1.000000 
-0.270170 0.895204 0.108095 0.982141 -1.947219 -0.151402 0.886590 -0.311739 1.000000 
-0.262920 0.917333 0.115922 0.974592 -1.948401 -0.144167 0.884042 -0.325333 1.000000 
-0.255495 0.938922 0.123686 0.966391 -1.949525 -0.136629 0.881385 -0.339082 1.000000 
-0.247899 0.959952 0.131383 0.957543 -1.950587 -0.128808 0.878617 -0.352877 1.000000 
-0.240137 0.980404 0.139005 0.948055 -1.951585 -0.120723 0.875739 -0.366588 1.000000 
-0.232214 1.000261 0.146550 0.937933 -1.952517 -0.112396 0.872752 -0.380073 1.000000 
-0.224134 1.019504 0.154011 0.927186 -1.953383 -0.103846 0.869659 -0.393171 1.000000 
-0.215903 1.038119 0.161383 0.915822 -1.954178 -0.095095 0.866463 -0.405714 1.000000 
-0.207526 1.056088 0.168662 0.903849 -1.954904 -0.086166 0.863169 -0.417521 1.000000 
-0.199008 1.073398 0.175843 0.891280 -1.955557 -0.077080 0.859785 -0.428412 1.000000 
-0.190354 1.090034 0.182921 0.878123 -1.956137 -0.067860 0.856318 -0.438206 1.000000 
-0.181569 1.105984 0.189892 0.864393 -1.956642 -0.058527 0.852777 -0.446734 1.000000 
-0.172660 1.121235 0.196750 0.850100 -1.957073 -0.049106 0.849174 -0.453840 1.000000 
-0.163631 1.135776 0.203492 0.835258 -1.957428 -0.039617 0.845520 -0.459389 1.000000 
-0.154489 1.149597 0.210113 0.819880 -1.957707 -0.030084 0.841828 -0.463276 1.000000 
-0.145240 1.162690 0.216608 0.803981 -1.957909 -0.020529 0.838112 -0.465427 1.000000 
-0.135888 1.175044 0.222975 0.787577 -1.958035 -0.010973 0.834386 -0.465802 1.000000 
-0.126441 1.186655 0.229208 0.770681 -1.958085 -0.001438 0.830664 -0.464402 1.000000 
-0.116904 1.197514 0.235305 0.753310 -1.958058 0.008055 0.826960 -0.461263 1.000000 
-0.107283 1.207617 0.241260 0.735479 -1.957956 0.017485 0.823288 -0.456457 1.000000 
-0.097584 1.216960 0.247071 0.717206 -1.957779 0.026832 0.819661 -0.450087 1.000000 
-0.087813 1.225538 0.252734 0.698507 -1.957527 0.036077 0.816090 -0.442285 1.000000 
-0.077977 1.233350 0.258246 0.679398 -1.957202 0.045200 0.812588 -0.433200 1.000000 
-0.068082 1.240393 0.263604 0.659897 -1.956804 0.054183 0.809162 -0.423001 1.000000 
-0.058133 1.246667 0.268803 0.640021 -1.956335 0.063008 0.805822 -0.411860 1.000000 
-0.048137 1.252171 0.273843 0.619788 -1.955796 0.071658 0.802575 -0.399955 1.000000 
-0.038100 1.256907 0.278719 0.599215 -1.955189 0.080115 0.799425 -0.387460 1.000000 
-0.028029 1.260875 0.283430 0.578319 -1.954515 0.088365 0.796376 -0.374540 1.000000 
-0.017928 1.264077 0.287971 0.557118 -1.953776 0.096391 0.793433 -0.361349 1.000000 
-0.007806 1.266518 0.292343 0.535630 -1.952973 0.104178 0.790595 -0.348030 1.000000 
0.002334 1.268199 0.296541 0.513872 -1.952110 0.111713 0.787864 -0.334708 1.000000 
0.012484 1.269125 0.300564 0.491862 -1.951187 0.118982 0.785239 -0.321491 1.000000 
0.022638 1.269302 0.304410 0.469617 -1.950207 0.125972 0.782720 -0.308475 1.000000 
0.032791 1.268734 0.308077 0.447155 -1.949172 0.132671 0.780303 -0.295736 1.000000 
0.042936 1.267427 0.311564 0.424493 -1.948085 0.139067 0.777987 -0.283337 1.000000 
0.053067 1.265388 0.314869 0.401648 -1.946948 0.145150 0.775769 -0.271328 1.000000 
0.063180 1.262623 0.317990 0.378637 -1.945763 0.150908 0.773645 -0.259746 1.000000 
0.073267 1.259141 0.320926 0.355477 -1.944534 0.156334 0.771612 -0.248616 1.000000 
0.083324 1.254949 0.323677 0.332185 -1.943263 0.161417 0.769666 -0.237958 1.000000 
0.093345 1.250055 0.326241 0.308777 -1.941952 0.166149 0.767803 -0.227779 1.000000 
0.103323 1.244469 0.328617 0.285269 -1.940605 0.170524 0.766020 -0.218081 1.000000 
0.113254 1.238199 0.330805 0.261678 -1.939225 0.174534 0.764312 -0.208863 1.000000 
0.123133 1.231255 0.332804 0.238019 -1.937814 0.178173 0.762677 -0.200117 1.000000 
0.132953 1.223648 0.334613 0.214308 -1.936375 0.181437 0.761109 -0.191832 1.000000 
0.142709 1.215387 0.336233 0.190560 -1.934912 0.184320 0.759606 -0.183994 1.000000 
0.152397 1.206482 0.337662 0.166790 -1.933427 0.186820 0.758164 -0.176589 1.000000 
0.162011 1.196945 0.338901 0.143013 -1.931924 0.188931 0.756780 -0.169601 1.000000 
0.171547 1.186787 0.339950 0.119243 -1.930405 0.190654 0.755450 -0.163010 1.000000 
0.180998 1.176018 0.340809 0.095493 -1.928874 0.191985 0.754171 -0.156801 1.000000 
0.190361 1.164651 0.341478 0.071779 -1.927334 0.192924 0.752940 -0.150953 1.000000 
0.199631 1.152696 0.341958 0.048113 -1.925789 0.193471 0.751754 -0.145451 1.000000 
0.208803 1.140165 0.342248 0.024507 -1.924240 0.193627 0.750612 -0.140275 1.000000 
0.217872 1.127071 0.342350 0.000976 -1.922692 0.193393 0.749509 -0.135409 1.000000 
0.226835 1.113425 0.342264 -0.022470 -1.921147 0.192770 0.748444 -0.130836 1.000000 
0.235686 1.099238 0.341991 -0.045818 -1.919608 0.191763 0.747415 -0.126541 1.000000 
0.244421 1.084523 0.341531 -0.069057 -1.918080 0.190373 0.746419 -0.122507 1.000000 
0.253037 1.069292 0.340886 -0.092175 -1.916563 0.188606 0.745454 -0.118720 1.000000 
0.261528 1.053557 0.340057 -0.115161 -1.915063 0.186466 0.744519 -0.115167 1.000000 
0.269892 1.037329 0.339044 -0.138006 -1.913581 0.183959 0.743611 -0.111835 1.000000 
0.278124 1.020621 0.337849 -0.160699 -1.912120 0.181090 0.742729 -0.108711 1.000000 
0.286221 1.003444 0.336473 -0.183229 -1.910684 0.177868 0.741871 -0.105783 1.000000 
0.294178 0.985809 0.334918 -0.205589 -1.909276 0.174298 0.741036 -0.103041 1.000000 
0.301993 0.967729 0.333185 -0.227769 -1.907897 0.170389 0.740222 -0.100476 1.000000 
0.309661 0.949216 0.331274 -0.249759 -1.906550 0.166149 0.739428 -0.098076 1.000000 
0.317179 0.930279 0.329189 -0.271552 -1.905239 0.161588 0.738652 -0.095834 1.000000 
0.324544 0.910931 0.326930 -0.293139 -1.903966 0.156715 0.737894 -0.093742 1.000000 
0.331753 0.891183 0.324499 -0.314513 -1.902732 0.151541 0.737152 -0.091791 1.000000 
0.338802 0.871045 0.321898 -0.335666 -1.901542 0.146076 0.736425 -0.089976 1.000000 
0.345689 0.850528 0.319129 -0.356591 -1.900396 0.140330 0.735712 -0.088288 1.000000 
0.352409 0.829644 0.316194 -0.377281 -1.899297 0.134317 0.735012 -0.086722 1.000000 
0.358962 0.808402 0.313093 -0.397729 -1.898248 0.128047 0.734324 -0.085274 1.000000 
0.365343 0.786812 0.309831 -0.417928 -1.897249 0.121533 0.733647 -0.083936 1.000000 
0.371550 0.764885 0.306407 -0.437872 -1.896304 0.114789 0.732981 -0.082706 1.000000 
0.377580 0.742630 0.302825 -0.457556 -1.895413 0.107826 0.732324 -0.081578 1.000000 
0.383431 0.720058 0.299087 -0.476973 -1.894579 0.100659 0.731675 -0.080548 1.000000 
0.389100 0.697178 0.295194 -0.496118 -1.893803 0.093302 0.731035 -0.079613 1.000000 
0.394585 0.673999 0.291150 -0.514984 -1.893087 0.085768 0.730401 -0.078771 1.000000 
0.399884 0.650531 0.286955 -0.533567 -1.892431 0.078072 0.729774 -0.078016 1.000000 
0.404993 0.626782 0.282614 -0.551862 -1.891838 0.070229 0.729153 -0.077349 1.000000 
0.409911 0.602762 0.278126 -0.569862 -1.891308 0.062252 0.728537 -0.076765 1.000000 
0.414637 0.578479 0.273497 -0.587564 -1.890842 0.054159 0.727924 -0.076263 1.000000 
0.419166 0.553943 0.268726 -0.604962 -1.890442 0.045962 0.727316 -0.075841 1.000000 
0.423499 0.529161 0.263818 -0.622051 -1.890107 0.037679 0.726711 -0.075498 1.000000 
0.427632 0.504143 0.258774 -0.638826 -1.889839 0.029324 0.726108 -0.075232 1.000000 
0.431565 0.478897 0.253598 -0.655284 -1.889638 0.020913 0.725507 -0.075043 1.000000 
0.435294 0.453431 0.248291 -0.671418 -1.889504 0.012461 0.724907 -0.074929 1.000000 
0.438819 0.427753 0.242856 -0.687224 -1.889439 0.003984 0.724308 -0.074891 1.000000 
0.442138 0.401873 0.237296 -0.702698 -1.889441 -0.004502 0.723709 -0.074927 1.000000 
0.445248 0.375797 0.231614 -0.717835 -1.889511 -0.012982 0.723109 -0.075039 1.000000 
0.448150 0.349535 0.225811 -0.732630 -1.889648 -0.021440 0.722508 -0.075225 1.000000 
0.450840 0.323094 0.219892 -0.747078 -1.889854 -0.029860 0.721905 -0.075487 1.000000 
0.453319 0.296484 0.213859 -0.761175 -1.890126 -0.038227 0.721300 -0.075825 1.000000 
0.455584 0.269711 0.207714 -0.774916 -1.890465 -0.046526 0.720692 -0.076240 1.000000 
0.457634 0.242786 0.201461 -0.788296 -1.890870 -0.054741 0.720080 -0.076734 1.000000 
0.459468 0.215716 0.195103 -0.801311 -1.891341 -0.062857 0.719464 -0.077306 1.000000 
0.461085 0.188509 0.188641 -0.813954 -1.891876 -0.070860 0.718843 -0.077960 1.000000 
0.462484 0.161176 0.182080 -0.826223 -1.892474 -0.078734 0.718216 -0.078697 1.000000 
0.463663 0.133724 0.175423 -0.838111 -1.893135 -0.086466 0.717583 -0.079519 1.000000 
0.464623 0.106162 0.168672 -0.849613 -1.893857 -0.094040 0.716943 -0.080429 1.000000 
0.465362 0.078500 0.161830 -0.860725 -1.894639 -0.101444 0.716296 -0.081428 1.000000 
0.465879 0.050747 0.154901 -0.871441 -1.895480 -0.108662 0.715640 -0.082521 1.000000 
0.466174 0.022913 0.147888 -0.881756 -1.896377 -0.115683 0.714976 -0.083710 1.000000 
0.466245 -0.004993 0.140794 -0.891665 -1.897330 -0.122493 0.714301 -0.084999 1.000000 
0.466093 -0.032961 0.133623 -0.901163 -1.898336 -0.129079 0.713615 -0.086391 1.000000 
0.465718 -0.060980 0.126377 -0.910244 -1.899395 -0.135429 0.712918 -0.087892 1.000000 
0.465118 -0.089040 0.119060 -0.918903 -1.900503 -0.141532 0.712209 -0.089504 1.000000 
0.464293 -0.117131 0.111675 -0.927136 -1.901658 -0.147375 0.711486 -0.091234 1.000000 
0.463244 -0.145240 0.104227 -0.934936 -1.902860 -0.152949 0.710749 -0.093087 1.000000 
0.461969 -0.173358 0.096718 -0.942298 -1.904105 -0.158242 0.709996 -0.095068 1.000000 
0.460470 -0.201472 0.089151 -0.949217 -1.905391 -0.163245 0.709227 -0.097182 1.000000 
0.458746 -0.229571 0.081531 -0.955688 -1.906716 -0.167949 0.708441 -0.099438 1.000000 
0.456797 -0.257642 0.073861 -0.961705 -1.908077 -0.172343 0.707636 -0.101841 1.000000 
0.454623 -0.285674 0.066145 -0.967264 -1.909473 -0.176421 0.706811 -0.104398 1.000000 
0.452226 -0.313653 0.058386 -0.972360 -1.910899 -0.180175 0.705965 -0.107119 1.000000 
0.449605 -0.341566 0.050589 -0.976986 -1.912355 -0.183596 0.705097 -0.110010 1.000000 
0.446761 -0.369401 0.042756 -0.981139 -1.913836 -0.186679 0.704204 -0.113080 1.000000 
0.443695 -0.397144 0.034892 -0.984814 -1.915341 -0.189419 0.703287 -0.116339 1.000000 
0.440407 -0.424780 0.027000 -0.988006 -1.916866 -0.191808 0.702342 -0.119796 1.000000 
0.436899 -0.452296 0.019085 -0.990711 -1.918409 -0.193844 0.701370 -0.123461 1.000000 
0.433171 -0.479678 0.011150 -0.992924 -1.919966 -0.195522 0.700366 -0.127344 1.000000 
0.429224 -0.506911 0.003200 -0.994641 -1.921536 -0.196839 0.699331 -0.131457 1.000000 
0.425061 -0.533979 -0.004763 -0.995859 -1.923115 -0.197792 0.698262 -0.135809 1.000000 
0.420681 -0.560869 -0.012733 -0.996573 -1.924700 -0.198380 0.697158 -0.140413 1.000000 
0.416087 -0.587564 -0.020707 -0.996781 -1.926288 -0.198601 0.696015 -0.145281 1.000000 
0.411281 -0.614050 -0.028680 -0.996479 -1.927876 -0.198455 0.694833 -0.150422 1.000000 
0.406263 -0.640311 -0.036649 -0.995664 -1.929462 -0.197942 0.693608 -0.155850 1.000000 
0.401036 -0.666330 -0.044609 -0.994335 -1.931042 -0.197064 0.692338 -0.161575 1.000000 
0.395603 -0.692093 -0.052557 -0.992488 -1.932614 -0.195822 0.691022 -0.167609 1.000000 
0.389964 -0.717582 -0.060488 -0.990121 -1.934175 -0.194219 0.689656 -0.173961 1.000000 
0.384122 -0.742783 -0.068397 -0.987234 -1.935721 -0.192257 0.688237 -0.180640 1.000000 
0.378080 -0.767678 -0.076282 -0.983825 -1.937250 -0.189942 0.686764 -0.187656 1.000000 
0.371840 -0.792252 -0.084137 -0.979894 -1.938759 -0.187277 0.685234 -0.195014 1.000000 
0.365405 -0.816489 -0.091959 -0.975440 -1.940245 -0.184269 0.683643 -0.202719 1.000000 
0.358777 -0.840372 -0.099743 -0.970463 -1.941706 -0.180923 0.681990 -0.210773 1.000000 
0.351960 -0.863885 -0.107485 -0.964965 -1.943139 -0.177245 0.680270 -0.219175 1.000000 
0.344956 -0.887013 -0.115181 -0.958945 -1.944541 -0.173245 0.678482 -0.227921 1.000000 
0.337769 -0.909739 -0.122827 -0.952405 -1.945910 -0.168929 0.676622 -0.237000 1.000000 
0.330401 -0.932049 -0.130418 -0.945348 -1.947243 -0.164307 0.674689 -0.246401 1.000000 
0.322857 -0.953925 -0.137951 -0.937776 -1.948538 -0.159389 0.672679 -0.256103 1.000000 
0.315140 -0.975354 -0.145421 -0.929692 -1.949793 -0.154184 0.670591 -0.266080 1.000000 
0.307253 -0.996320 -0.152825 -0.921099 -1.951005 -0.148703 0.668421 -0.276301 1.000000 
0.299200 -1.016809 -0.160157 -0.912001 -1.952171 -0.142957 0.666169 -0.286725 1.000000 
0.290985 -1.036805 -0.167415 -0.902403 -1.953291 -0.136959 0.663833 -0.297303 1.000000 
0.282612 -1.056295 -0.174594 -0.892309 -1.954362 -0.130721 0.661412 -0.307979 1.000000 
0.274086 -1.075266 -0.181691 -0.881726 -1.955382 -0.124255 0.658905 -0.318687 1.000000 
0.265409 -1.093704 -0.188701 -0.870659 -1.956350 -0.117575 0.656313 -0.329352 1.000000 
0.256588 -1.111595 -0.195620 -0.859115 -1.957263 -0.110695 0.653636 -0.339893 1.000000 
0.247625 -1.128929 -0.202445 -0.847100 -1.958120 -0.103628 0.650876 -0.350218 1.000000 
0.238527 -1.145693 -0.209173 -0.834622 -1.958920 -0.096390 0.648033 -0.360231 1.000000 
0.229296 -1.161876 -0.215798 -0.821690 -1.959662 -0.088994 0.645113 -0.369829 1.000000 
0.219938 -1.177466 -0.222318 -0.808311 -1.960344 -0.081456 0.642118 -0.378907 1.000000 
0.210458 -1.192454 -0.228730 -0.794494 -1.960965 -0.073792 0.639052 -0.387356 1.000000 
0.200860 -1.206831 -0.235029 -0.780249 -1.961524 -0.066016 0.635922 -0.395073 1.000000 
0.191150 -1.220586 -0.241213 -0.765585 -1.962021 -0.058143 0.632733 -0.401955 1.000000 
0.181333 -1.233713 -0.247277 -0.750512 -1.962454 -0.050190 0.629493 -0.407907 1.000000 
0.171413 -1.246202 -0.253220 -0.735041 -1.962824 -0.042172 0.626209 -0.412847 1.000000 
0.161395 -1.258047 -0.259037 -0.719183 -1.963129 -0.034105 0.622890 -0.416701 1.000000 
0.151286 -1.269242 -0.264726 -0.702949 -1.963369 -0.026004 0.619545 -0.419413 1.000000 
0.141089 -1.279780 -0.270283 -0.686349 -1.963545 -0.017884 0.616183 -0.420944 1.000000 
0.130811 -1.289657 -0.275707 -0.669397 -1.963656 -0.009762 0.612813 -0.421273 1.000000 
0.120456 -1.298868 -0.280993 -0.652103 -1.963701 -0.001651 0.609446 -0.420398 1.000000 
0.110031 -1.307408 -0.286139 -0.634480 -1.963682 0.006433 0.606090 -0.418338 1.000000 
0.099540 -1.315276 -0.291144 -0.616540 -1.963598 0.014476 0.602755 -0.415127 1.000000 
0.088988 -1.322467 -0.296003 -0.598295 -1.963451 0.022462 0.599451 -0.410820 1.000000 
0.078382 -1.328980 -0.300716 -0.579759 -1.963239 0.030379 0.596185 -0.405484 1.000000 
0.067726 -1.334815 -0.305279 -0.560945 -1.962965 0.038212 0.592966 -0.399201 1.000000 
0.057027 -1.339968 -0.309690 -0.541864 -1.962628 0.045947 0.589800 -0.392063 1.000000 
0.046289 -1.344442 -0.313948 -0.522530 -1.962230 0.053571 0.586695 -0.384166 1.000000 
0.035518 -1.348235 -0.318050 -0.502956 -1.961771 0.061072 0.583655 -0.375615 1.000000 
0.024719 -1.351349 -0.321994 -0.483155 -1.961253 0.068437 0.580686 -0.366514 1.000000 
0.013898 -1.353785 -0.325780 -0.463140 -1.960677 0.075654 0.577792 -0.356965 1.000000 
0.003060 -1.355545 -0.329404 -0.442925 -1.960043 0.082712 0.574976 -0.347070 1.000000 
-0.007789 -1.356631 -0.332866 -0.422521 -1.959354 0.089598 0.572240 -0.336924 1.000000 
-0.018644 -1.357047 -0.336164 -0.401943 -1.958610 0.096302 0.569586 -0.326616 1.000000 
-0.029500 -1.356795 -0.339297 -0.381204 -1.957813 0.102814 0.567014 -0.316230 1.000000 
-0.040351 -1.355879 -0.342263 -0.360316 -1.956965 0.109123 0.564526 -0.305838 1.000000 
-0.051192 -1.354304 -0.345061 -0.339293 -1.956068 0.115219 0.562121 -0.295507 1.000000 
-0.062018 -1.352074 -0.347691 -0.318146 -1.955123 0.121094 0.559797 -0.285294 1.000000 
-0.072824 -1.349195 -0.350151 -0.296890 -1.954131 0.126739 0.557555 -0.275250 1.000000 
-0.083604 -1.345671 -0.352441 -0.275536 -1.953095 0.132144 0.555393 -0.265414 1.000000 
-0.094353 -1.341508 -0.354560 -0.254098 -1.952017 0.137303 0.553308 -0.255822 1.000000 
-0.105066 -1.336714 -0.356507 -0.232587 -1.950899 0.142207 0.551299 -0.246501 1.000000 
-0.115739 -1.331293 -0.358281 -0.211016 -1.949743 0.146850 0.549363 -0.237472 1.000000 
-0.126365 -1.325254 -0.359883 -0.189397 -1.948550 0.151225 0.547499 -0.228751 1.000000 
-0.136941 -1.318603 -0.361311 -0.167742 -1.947324 0.155325 0.545702 -0.220349 1.000000 
-0.147461 -1.311347 -0.362566 -0.146063 -1.946066 0.159145 0.543972 -0.212272 1.000000 
-0.157921 -1.303495 -0.363648 -0.124372 -1.944778 0.162681 0.542305 -0.204524 1.000000 
-0.168316 -1.295054 -0.364556 -0.102680 -1.943464 0.165926 0.540699 -0.197104 1.000000 
-0.178640 -1.286032 -0.365291 -0.080999 -1.942124 0.168878 0.539151 -0.190010 1.000000 
-0.188891 -1.276439 -0.365852 -0.059338 -1.940763 0.171532 0.537658 -0.183237 1.000000 
-0.199062 -1.266282 -0.366241 -0.037711 -1.939381 0.173885 0.536218 -0.176779 1.000000 
-0.209150 -1.255571 -0.366456 -0.016126 -1.937981 0.175934 0.534829 -0.170628 1.000000 
-0.219150 -1.244314 -0.366499 0.005405 -1.936567 0.177677 0.533487 -0.164775 1.000000 
-0.229057 -1.232521 -0.366370 0.026872 -1.935139 0.179113 0.532191 -0.159210 1.000000 
-0.238869 -1.220200 -0.366069 0.048265 -1.933702 0.180240 0.530939 -0.153923 1.000000 
-0.248579 -1.207362 -0.365598 0.069575 -1.932256 0.181057 0.529728 -0.148905 1.000000 
-0.258185 -1.194016 -0.364956 0.090791 -1.930805 0.181564 0.528556 -0.144144 1.000000 
-0.267682 -1.180172 -0.364145 0.111905 -1.929352 0.181762 0.527421 -0.139630 1.000000 
-0.277066 -1.165839 -0.363166 0.132907 -1.927898 0.181650 0.526321 -0.135352 1.000000 
-0.286334 -1.151026 -0.362019 0.153789 -1.926446 0.181231 0.525255 -0.131300 1.000000 
-0.295482 -1.135745 -0.360706 0.174541 -1.924999 0.180506 0.524220 -0.127464 1.000000 
-0.304505 -1.120005 -0.359227 0.195156 -1.923559 0.179478 0.523215 -0.123833 1.000000 
-0.313400 -1.103815 -0.357583 0.215626 -1.922128 0.178148 0.522238 -0.120399 1.000000 
-0.322165 -1.087186 -0.355777 0.235941 -1.920709 0.176520 0.521288 -0.117151 1.000000 
-0.330794 -1.070127 -0.353809 0.256096 -1.919305 0.174597 0.520363 -0.114082 1.000000 
-0.339286 -1.052648 -0.351680 0.276082 -1.917917 0.172384 0.519462 -0.111183 1.000000 
-0.347636 -1.034760 -0.349392 0.295892 -1.916547 0.169885 0.518584 -0.108445 1.000000 
-0.355841 -1.016472 -0.346946 0.315519 -1.915199 0.167104 0.517727 -0.105861 1.000000 
-0.363898 -0.997793 -0.344344 0.334957 -1.913875 0.164048 0.516890 -0.103424 1.000000 
-0.371804 -0.978733 -0.341587 0.354198 -1.912575 0.160721 0.516071 -0.101127 1.000000 
-0.379557 -0.959303 -0.338678 0.373237 -1.911304 0.157131 0.515271 -0.098963 1.000000 
-0.387152 -0.939511 -0.335616 0.392068 -1.910062 0.153282 0.514488 -0.096926 1.000000 
-0.394588 -0.919368 -0.332405 0.410684 -1.908852 0.149183 0.513720 -0.095011 1.000000 
-0.401861 -0.898881 -0.329046 0.429079 -1.907676 0.144840 0.512967 -0.093212 1.000000 
-0.408969 -0.878062 -0.325540 0.447249 -1.906535 0.140261 0.512228 -0.091524 1.000000 
-0.415909 -0.856918 -0.321890 0.465188 -1.905432 0.135454 0.511503 -0.089943 1.000000 
-0.422679 -0.835459 -0.318098 0.482891 -1.904368 0.130427 0.510789 -0.088463 1.000000 
-0.429276 -0.813695 -0.314165 0.500353 -1.903346 0.125188 0.510087 -0.087081 1.000000 
-0.435697 -0.791633 -0.310093 0.517568 -1.902366 0.119747 0.509395 -0.085793 1.000000 
-0.441941 -0.769283 -0.305884 0.534533 -1.901430 0.114112 0.508714 -0.084595 1.000000 
-0.448005 -0.746653 -0.301541 0.551242 -1.900541 0.108293 0.508042 -0.083484 1.000000 
-0.453887 -0.723753 -0.297065 0.567691 -1.899698 0.102300 0.507378 -0.082457 1.000000 
-0.459585 -0.700590 -0.292459 0.583876 -1.898904 0.096141 0.506722 -0.081511 1.000000 
-0.465096 -0.677173 -0.287724 0.599793 -1.898160 0.089828 0.506074 -0.080643 1.000000 
0.000000 0.000000 0.000000 0.000000 0.000000 0.000000 0.000000 0.000000 0.000000 
