0.270865 -0.081306 -0.205549 1.084536 -1.527959 -0.257240 0.639091 0.125281 1.000000 
0.270115 -0.106262 -0.196807 1.100895 -1.530017 -0.257134 0.640118 0.131808 1.000000 
0.269165 -0.131300 -0.187937 1.116570 -1.532071 -0.256355 0.641201 0.138930 1.000000 
0.268014 -0.156399 -0.178944 1.131540 -1.534117 -0.254902 0.642343 0.146702 1.000000 
0.266662 -0.181541 -0.169834 1.145783 -1.536148 -0.252774 0.643550 0.155189 1.000000 
0.265109 -0.206706 -0.160613 1.159276 -1.538159 -0.249971 0.644828 0.164460 1.000000 
0.263355 -0.231871 -0.151288 1.171999 -1.540146 -0.246497 0.646184 0.174588 1.000000 
0.261400 -0.257016 -0.141864 1.183928 -1.542102 -0.242355 0.647624 0.185655 1.000000 
0.259243 -0.282118 -0.132347 1.195044 -1.544022 -0.237551 0.649157 0.197745 1.000000 
0.256886 -0.307153 -0.122745 1.205325 -1.545901 -0.232093 0.650791 0.210950 1.000000 
0.254329 -0.332098 -0.113064 1.214749 -1.547733 -0.225989 0.652535 0.225363 1.000000 
0.251573 -0.356928 -0.103311 1.223298 -1.549515 -0.219250 0.654400 0.241080 1.000000 
0.248618 -0.381619 -0.093494 1.230951 -1.551240 -0.211888 0.656396 0.258197 1.000000 
0.245467 -0.406145 -0.083619 1.237689 -1.552903 -0.203917 0.658535 0.276801 1.000000 
0.242120 -0.430481 -0.073693 1.243494 -1.554501 -0.195352 0.660829 0.296974 1.000000 
0.238580 -0.454599 -0.063725 1.248347 -1.556027 -0.186208 0.663291 0.318776 1.000000 
0.234848 -0.478474 -0.053722 1.252233 -1.557479 -0.176504 0.665934 0.342245 1.000000 
0.230925 -0.502078 -0.043692 1.255134 -1.558850 -0.166259 0.668772 0.367377 1.000000 
0.226815 -0.525383 -0.033643 1.257035 -1.560137 -0.155494 0.671817 0.394123 1.000000 
0.222520 -0.548363 -0.023582 1.257922 -1.561337 -0.144229 0.675082 0.422364 1.000000 
0.218042 -0.570989 -0.013519 1.257781 -1.562444 -0.132489 0.678578 0.451899 1.000000 
0.213385 -0.593233 -0.003461 1.256599 -1.563455 -0.120298 0.682315 0.482430 1.000000 
0.208552 -0.615067 0.006584 1.254365 -1.564367 -0.107681 0.686298 0.513545 1.000000 
0.203545 -0.636462 0.016606 1.251070 -1.565177 -0.094666 0.690532 0.544705 1.000000 
0.198369 -0.657390 0.026598 1.246702 -1.565881 -0.081282 0.695012 0.575250 1.000000 
0.193028 -0.677821 0.036551 1.241255 -1.566477 -0.067558 0.699732 0.604402 1.000000 
0.187526 -0.697726 0.046455 1.234722 -1.566961 -0.053528 0.704676 0.631290 1.000000 
0.181866 -0.717077 0.056303 1.227099 -1.567332 -0.039226 0.709824 0.654996 1.000000 
0.176054 -0.735843 0.066086 1.218381 -1.567588 -0.024688 0.715145 0.674610 1.000000 
0.170094 -0.753997 0.075795 1.208569 -1.567727 -0.009953 0.720605 0.689300 1.000000 
0.163992 -0.771508 0.085420 1.197662 -1.567747 0.004938 0.726159 0.698386 1.000000 
0.157752 -0.788349 0.094954 1.185665 -1.567648 0.019941 0.731763 0.701408 1.000000 
0.151380 -0.804491 0.104388 1.172582 -1.567428 0.035009 0.737365 0.698178 1.000000 
0.144882 -0.819908 0.113713 1.158423 -1.567087 0.050095 0.742917 0.688797 1.000000 
0.138264 -0.834573 0.122920 1.143197 -1.566626 0.065149 0.748371 0.673655 1.000000 
0.131531 -0.848461 0.132001 1.126920 -1.566045 0.080118 0.753682 0.653384 1.000000 
0.124690 -0.861550 0.140948 1.109608 -1.565345 0.094950 0.758813 0.628801 1.000000 
0.117748 -0.873817 0.149752 1.091280 -1.564527 0.109591 0.763734 0.600833 1.000000 
0.110711 -0.885243 0.158406 1.071958 -1.563592 0.123987 0.768420 0.570436 1.000000 
0.103587 -0.895811 0.166901 1.051668 -1.562543 0.138086 0.772857 0.538538 1.000000 
0.096381 -0.905505 0.175230 1.030437 -1.561384 0.151833 0.777035 0.505977 1.000000 
0.089101 -0.914313 0.183385 1.008294 -1.560115 0.165178 0.780952 0.473476 1.000000 
0.081754 -0.922223 0.191360 0.985271 -1.558742 0.178070 0.784612 0.441625 1.000000 
0.074348 -0.929228 0.199147 0.961403 -1.557267 0.190460 0.788021 0.410877 1.000000 
0.066889 -0.935322 0.206740 0.936724 -1.555696 0.202302 0.791190 0.381560 1.000000 
0.059385 -0.940500 0.214133 0.911271 -1.554032 0.213551 0.794131 0.353893 1.000000 
0.051843 -0.944762 0.221319 0.885084 -1.552281 0.224166 0.796857 0.327998 1.000000 
0.044271 -0.948108 0.228292 0.858201 -1.550447 0.234108 0.799384 0.303926 1.000000 
0.036676 -0.950541 0.235048 0.830664 -1.548537 0.243339 0.801725 0.281671 1.000000 
0.029065 -0.952067 0.241581 0.802513 -1.546556 0.251827 0.803895 0.261185 1.000000 
0.021446 -0.952691 0.247887 0.773789 -1.544510 0.259542 0.805908 0.242393 1.000000 
0.013824 -0.952423 0.253961 0.744535 -1.542405 0.266456 0.807778 0.225198 1.000000 
0.006209 -0.951273 0.259798 0.714793 -1.540249 0.272544 0.809515 0.209498 1.000000 
-0.001394 -0.949252 0.265396 0.684604 -1.538047 0.277787 0.811133 0.195182 1.000000 
-0.008977 -0.946375 0.270751 0.654010 -1.535807 0.282166 0.812642 0.182141 1.000000 
-0.016533 -0.942655 0.275859 0.623051 -1.533535 0.285668 0.814051 0.170270 1.000000 
-0.024057 -0.938107 0.280719 0.591768 -1.531238 0.288281 0.815369 0.159467 1.000000 
-0.031541 -0.932750 0.285327 0.560200 -1.528924 0.289998 0.816605 0.149637 1.000000 
-0.038979 -0.926600 0.289681 0.528386 -1.526601 0.290813 0.817765 0.140691 1.000000 
-0.046364 -0.919676 0.293780 0.496363 -1.524274 0.290726 0.818858 0.132548 1.000000 
-0.053692 -0.911995 0.297623 0.464167 -1.521951 0.289739 0.819888 0.125134 1.000000 
-0.060954 -0.903578 0.301207 0.431832 -1.519640 0.287856 0.820862 0.118382 1.000000 
-0.068147 -0.894444 0.304532 0.399393 -1.517348 0.285084 0.821784 0.112229 1.000000 
-0.075264 -0.884612 0.307597 0.366880 -1.515081 0.281435 0.822659 0.106620 1.000000 
-0.082299 -0.874103 0.310402 0.334326 -1.512847 0.276921 0.823491 0.101506 1.000000 
-0.089248 -0.862935 0.312946 0.301757 -1.510653 0.271560 0.824284 0.096842 1.000000 
-0.096104 -0.851129 0.315230 0.269202 -1.508505 0.265369 0.825042 0.092587 1.000000 
-0.102864 -0.838702 0.317253 0.236685 -1.506409 0.258370 0.825767 0.088706 1.000000 
-0.109522 -0.825675 0.319017 0.204232 -1.504373 0.250586 0.826462 0.085165 1.000000 
-0.116073 -0.812065 0.320521 0.171863 -1.502402 0.242044 0.827130 0.081937 1.000000 
-0.122513 -0.797891 0.321767 0.139601 -1.500502 0.232770 0.827774 0.078995 1.000000 
-0.128838 -0.783168 0.322755 0.107463 -1.498679 0.222795 0.828395 0.076316 1.000000 
-0.135043 -0.767913 0.323487 0.075468 -1.496939 0.212152 0.828995 0.073879 1.000000 
-0.141123 -0.752143 0.323963 0.043633 -1.495287 0.200873 0.829577 0.071667 1.000000 
-0.147076 -0.735871 0.324185 0.011970 -1.493727 0.188993 0.830143 0.069662 1.000000 
-0.152896 -0.719112 0.324155 -0.019504 -1.492264 0.176551 0.830692 0.067851 1.000000 
-0.158580 -0.701879 0.323874 -0.050780 -1.490903 0.163584 0.831229 0.066220 1.000000 
-0.164125 -0.684185 0.323343 -0.081844 -1.489648 0.150131 0.831752 0.064758 1.000000 
-0.169526 -0.666039 0.322565 -0.112687 -1.488503 0.136234 0.832265 0.063456 1.000000 
-0.174780 -0.647455 0.321541 -0.143301 -1.487470 0.121935 0.832768 0.062303 1.000000 
-0.179884 -0.628440 0.320273 -0.173675 -1.486553 0.107276 0.833262 0.061293 1.000000 
-0.184834 -0.609004 0.318763 -0.203804 -1.485754 0.092302 0.833749 0.060418 1.000000 
-0.189627 -0.589155 0.317013 -0.233679 -1.485076 0.077056 0.834229 0.059674 1.000000 
-0.194259 -0.568900 0.315025 -0.263293 -1.484522 0.061585 0.834704 0.059056 1.000000 
-0.198728 -0.548247 0.312801 -0.292641 -1.484092 0.045934 0.835175 0.058560 1.000000 
-0.203030 -0.527200 0.310343 -0.321717 -1.483787 0.030149 0.835642 0.058182 1.000000 
-0.207162 -0.505767 0.307654 -0.350513 -1.483609 0.014278 0.836106 0.057922 1.000000 
-0.211122 -0.483951 0.304736 -0.379024 -1.483559 -0.001633 0.836569 0.057777 1.000000 
-0.214905 -0.461757 0.301590 -0.407245 -1.483635 -0.017537 0.837031 0.057746 1.000000 
-0.218509 -0.439191 0.298220 -0.435167 -1.483839 -0.033387 0.837493 0.057831 1.000000 
-0.221931 -0.416254 0.294628 -0.462784 -1.484169 -0.049134 0.837956 0.058032 1.000000 
-0.225168 -0.392953 0.290817 -0.490089 -1.484625 -0.064733 0.838422 0.058350 1.000000 
-0.228217 -0.369290 0.286788 -0.517074 -1.485205 -0.080137 0.838890 0.058788 1.000000 
-0.231075 -0.345269 0.282544 -0.543729 -1.485907 -0.095299 0.839363 0.059351 1.000000 
-0.233740 -0.320894 0.278089 -0.570046 -1.486729 -0.110172 0.839840 0.060041 1.000000 
-0.236209 -0.296171 0.273425 -0.596013 -1.487668 -0.124712 0.840324 0.060864 1.000000 
-0.238478 -0.271103 0.268554 -0.621619 -1.488723 -0.138873 0.840814 0.061827 1.000000 
-0.240546 -0.245696 0.263480 -0.646852 -1.489889 -0.152611 0.841313 0.062938 1.000000 
-0.242408 -0.219955 0.258205 -0.671698 -1.491164 -0.165883 0.841822 0.064204 1.000000 
-0.244064 -0.193888 0.252734 -0.696142 -1.492542 -0.178647 0.842341 0.065636 1.000000 
-0.245510 -0.167501 0.247068 -0.720169 -1.494020 -0.190861 0.842872 0.067246 1.000000 
-0.246743 -0.140803 0.241212 -0.743761 -1.495594 -0.202486 0.843417 0.069046 1.000000 
-0.247762 -0.113804 0.235169 -0.766899 -1.497259 -0.213481 0.843978 0.071052 1.000000 
-0.248563 -0.086513 0.228943 -0.789564 -1.499008 -0.223811 0.844555 0.073282 1.000000 
-0.249145 -0.058942 0.222537 -0.811735 -1.500838 -0.233439 0.845151 0.075755 1.000000 
-0.249506 -0.031105 0.215957 -0.833389 -1.502741 -0.242331 0.845768 0.078493 1.000000 
-0.249642 -0.003015 0.209205 -0.854504 -1.504713 -0.250455 0.846407 0.081522 1.000000 
-0.249553 0.025311 0.202286 -0.875054 -1.506746 -0.257780 0.847073 0.084870 1.000000 
-0.249237 0.053856 0.195205 -0.895014 -1.508835 -0.264278 0.847766 0.088572 1.000000 
-0.248691 0.082602 0.187967 -0.914356 -1.510973 -0.269923 0.848491 0.092663 1.000000 
-0.247915 0.111527 0.180577 -0.933053 -1.513152 -0.274690 0.849250 0.097187 1.000000 
-0.246906 0.140610 0.173040 -0.951077 -1.515365 -0.278557 0.850047 0.102192 1.000000 
-0.245665 0.169826 0.165362 -0.968396 -1.517606 -0.281507 0.850887 0.107733 1.000000 
-0.244189 0.199151 0.157548 -0.984982 -1.519867 -0.283521 0.851773 0.113873 1.000000 
-0.242478 0.228557 0.149604 -1.000802 -1.522140 -0.284585 0.852710 0.120684 1.000000 
-0.240532 0.258014 0.141537 -1.015825 -1.524418 -0.284690 0.853706 0.128246 1.000000 
-0.238350 0.287492 0.133353 -1.030020 -1.526692 -0.283825 0.854765 0.136653 1.000000 
-0.235932 0.316959 0.125059 -1.043354 -1.528956 -0.281986 0.855895 0.146010 1.000000 
-0.233278 0.346382 0.116662 -1.055796 -1.531201 -0.279169 0.857104 0.156436 1.000000 
-0.230390 0.375723 0.108169 -1.067311 -1.533420 -0.275376 0.858401 0.168066 1.000000 
-0.227267 0.404948 0.099588 -1.077870 -1.535605 -0.270608 0.859796 0.181052 1.000000 
-0.223911 0.434016 0.090926 -1.087439 -1.537747 -0.264873 0.861302 0.195564 1.000000 
-0.220323 0.462889 0.082191 -1.095988 -1.539840 -0.258180 0.862930 0.211791 1.000000 
-0.216506 0.491526 0.073393 -1.103487 -1.541876 -0.250540 0.864695 0.229939 1.000000 
-0.212460 0.519885 0.064538 -1.109904 -1.543846 -0.241968 0.866615 0.250233 1.000000 
-0.208188 0.547922 0.055637 -1.115211 -1.545745 -0.232482 0.868705 0.272909 1.000000 
-0.203694 0.575594 0.046698 -1.119379 -1.547564 -0.222102 0.870988 0.298211 1.000000 
-0.198980 0.602857 0.037730 -1.122383 -1.549296 -0.210851 0.873484 0.326375 1.000000 
-0.194049 0.629664 0.028743 -1.124195 -1.550935 -0.198754 0.876218 0.357616 1.000000 
-0.188907 0.655970 0.019746 -1.124791 -1.552474 -0.185839 0.879215 0.392098 1.000000 
-0.183555 0.681728 0.010750 -1.124148 -1.553906 -0.172134 0.882501 0.429901 1.000000 
-0.178000 0.706891 0.001763 -1.122243 -1.555226 -0.157672 0.886102 0.470976 1.000000 
-0.172247 0.731412 -0.007203 -1.119055 -1.556427 -0.142486 0.890044 0.515080 1.000000 
-0.166300 0.755242 -0.016138 -1.114566 -1.557504 -0.126613 0.894350 0.561719 1.000000 
-0.160165 0.778333 -0.025032 -1.108757 -1.558451 -0.110089 0.899037 0.610070 1.000000 
-0.153849 0.800635 -0.033875 -1.101612 -1.559264 -0.092955 0.904113 0.658932 1.000000 
-0.147357 0.822099 -0.042654 -1.093117 -1.559937 -0.075257 0.909577 0.706693 1.000000 
-0.140697 0.842673 -0.051361 -1.083259 -1.560467 -0.057040 0.915412 0.751363 1.000000 
-0.133877 0.862308 -0.059983 -1.072030 -1.560849 -0.038359 0.921584 0.790671 1.000000 
-0.126903 0.880950 -0.068510 -1.059424 -1.561079 -0.019272 0.928042 0.822266 1.000000 
-0.119784 0.898547 -0.076930 -1.045438 -1.561156 0.000156 0.934714 0.843980 1.000000 
-0.112529 0.915048 -0.085233 -1.030075 -1.561076 0.019851 0.941515 0.854135 1.000000 
-0.105147 0.930400 -0.093407 -1.013342 -1.560838 0.039732 0.948347 0.851818 1.000000 
-0.097646 0.944556 -0.101443 -0.995254 -1.560440 0.059709 0.955110 0.837046 1.000000 
-0.090037 0.957467 -0.109328 -0.975832 -1.559882 0.079688 0.961709 0.810780 1.000000 
-0.082330 0.969092 -0.117053 -0.955102 -1.559165 0.099566 0.968057 0.774770 1.000000 
-0.074535 0.979391 -0.124606 -0.933098 -1.558290 0.119240 0.974085 0.731285 1.000000 
-0.066663 0.988333 -0.131979 -0.909859 -1.557258 0.138602 0.979744 0.682796 1.000000 
-0.058725 0.995890 -0.139161 -0.885433 -1.556073 0.157545 0.985003 0.631681 1.000000 
-0.050733 1.002042 -0.146143 -0.859869 -1.554739 0.175963 0.989849 0.580016 1.000000 
-0.042697 1.006776 -0.152916 -0.833226 -1.553260 0.193753 0.994286 0.529459 1.000000 
-0.034628 1.010084 -0.159472 -0.805562 -1.551641 0.210816 0.998327 0.481217 1.000000 
-0.026539 1.011964 -0.165802 -0.776943 -1.549889 0.227057 1.001994 0.436083 1.000000 
-0.018441 1.012423 -0.171900 -0.747436 -1.548010 0.242386 1.005314 0.394496 1.000000 
-0.010344 1.011472 -0.177759 -0.717111 -1.546013 0.256722 1.008316 0.356627 1.000000 
-0.002261 1.009127 -0.183372 -0.686039 -1.543906 0.269986 1.011030 0.322449 1.000000 
0.005798 1.005409 -0.188734 -0.654294 -1.541697 0.282110 1.013484 0.291807 1.000000 
0.013822 1.000347 -0.193839 -0.621949 -1.539395 0.293031 1.015707 0.264467 1.000000 
0.021800 0.993970 -0.198684 -0.589078 -1.537011 0.302693 1.017724 0.240154 1.000000 
0.029722 0.986313 -0.203263 -0.555754 -1.534556 0.311050 1.019557 0.218578 1.000000 
0.037578 0.977414 -0.207575 -0.522050 -1.532038 0.318062 1.021228 0.199456 1.000000 
0.045358 0.967314 -0.211615 -0.488035 -1.529470 0.323696 1.022754 0.182517 1.000000 
0.053052 0.956057 -0.215383 -0.453779 -1.526863 0.327928 1.024153 0.167511 1.000000 
0.060652 0.943686 -0.218875 -0.419348 -1.524227 0.330741 1.025439 0.154211 1.000000 
0.068148 0.930248 -0.222092 -0.384806 -1.521575 0.332126 1.026625 0.142415 1.000000 
0.075533 0.915791 -0.225032 -0.350213 -1.518917 0.332081 1.027721 0.131942 1.000000 
0.082798 0.900361 -0.227695 -0.315627 -1.516265 0.330609 1.028739 0.122634 1.000000 
0.089936 0.884007 -0.230082 -0.281100 -1.513631 0.327724 1.029686 0.114353 1.000000 
0.096940 0.866775 -0.232193 -0.246683 -1.511025 0.323443 1.030571 0.106975 1.000000 
0.103802 0.848711 -0.234030 -0.212422 -1.508460 0.317791 1.031400 0.100397 1.000000 
0.110517 0.829861 -0.235593 -0.178359 -1.505944 0.310797 1.032179 0.094526 1.000000 
0.117078 0.810267 -0.236884 -0.144532 -1.503490 0.302499 1.032914 0.089281 1.000000 
0.123480 0.789971 -0.237906 -0.110975 -1.501108 0.292937 1.033609 0.084594 1.000000 
0.129716 0.769012 -0.238660 -0.077718 -1.498807 0.282157 1.034269 0.080404 1.000000 
0.135782 0.747428 -0.239150 -0.044788 -1.496596 0.270210 1.034897 0.076658 1.000000 
0.141673 0.725253 -0.239378 -0.012208 -1.494486 0.257151 1.035496 0.073312 1.000000 
0.147385 0.702517 -0.239346 0.020004 -1.492485 0.243038 1.036071 0.070325 1.000000 
0.152912 0.679252 -0.239059 0.051832 -1.490600 0.227935 1.036622 0.067663 1.000000 
0.158251 0.655481 -0.238518 0.083262 -1.488840 0.211908 1.037154 0.065296 1.000000 
0.163399 0.631230 -0.237728 0.114286 -1.487212 0.195024 1.037668 0.063200 1.000000 
0.168350 0.606517 -0.236691 0.144895 -1.485722 0.177355 1.038166 0.061351 1.000000 
0.173102 0.581361 -0.235411 0.175085 -1.484376 0.158976 1.038650 0.059730 1.000000 
0.177650 0.555776 -0.233890 0.204852 -1.483180 0.139961 1.039122 0.058322 1.000000 
0.181993 0.529774 -0.232134 0.234195 -1.482138 0.120389 1.039584 0.057111 1.000000 
0.186126 0.503364 -0.230144 0.263115 -1.481255 0.100339 1.040036 0.056087 1.000000 
0.190046 0.476554 -0.227925 0.291611 -1.480534 0.079892 1.040482 0.055240 1.000000 
0.193750 0.449348 -0.225480 0.319686 -1.479978 0.059130 1.040921 0.054562 1.000000 
0.197234 0.421750 -0.222811 0.347342 -1.479588 0.038136 1.041355 0.054047 1.000000 
0.200497 0.393760 -0.219923 0.374579 -1.479368 0.016993 1.041786 0.053691 1.000000 
0.203533 0.365379 -0.216819 0.401401 -1.479317 -0.004215 1.042215 0.053490 1.000000 
0.206342 0.336605 -0.213502 0.427807 -1.479435 -0.025402 1.042642 0.053444 1.000000 
0.208918 0.307437 -0.209975 0.453799 -1.479723 -0.046484 1.043070 0.053552 1.000000 
0.211259 0.277870 -0.206243 0.479373 -1.480179 -0.067376 1.043499 0.053817 1.000000 
0.213363 0.247904 -0.202307 0.504528 -1.480800 -0.087995 1.043932 0.054241 1.000000 
0.215225 0.217534 -0.198171 0.529258 -1.481585 -0.108255 1.044368 0.054830 1.000000 
0.216842 0.186760 -0.193840 0.553557 -1.482531 -0.128073 1.044809 0.055590 1.000000 
0.218212 0.155580 -0.189315 0.577416 -1.483633 -0.147368 1.045258 0.056530 1.000000 
0.219331 0.123994 -0.184602 0.600823 -1.484887 -0.166056 1.045714 0.057662 1.000000 
0.220195 0.092003 -0.179704 0.623765 -1.486288 -0.184058 1.046181 0.058997 1.000000 
0.220802 0.059613 -0.174623 0.646223 -1.487830 -0.201296 1.046659 0.060553 1.000000 
0.221148 0.026827 -0.169365 0.668178 -1.489507 -0.217692 1.047150 0.062347 1.000000 
0.221230 -0.006343 -0.163934 0.689607 -1.491311 -0.233172 1.047657 0.064402 1.000000 
0.221045 -0.039888 -0.158333 0.710485 -1.493235 -0.247662 1.048181 0.066745 1.000000 
0.220591 -0.073792 -0.152568 0.730782 -1.495271 -0.261094 1.048726 0.069406 1.000000 
0.219863 -0.108036 -0.146642 0.750467 -1.497409 -0.273401 1.049293 0.072423 1.000000 
0.218861 -0.142598 -0.140562 0.769504 -1.499642 -0.284518 1.049886 0.075837 1.000000 
0.217581 -0.177452 -0.134332 0.787857 -1.501958 -0.294387 1.050507 0.079699 1.000000 
0.216021 -0.212566 -0.127958 0.805484 -1.504349 -0.302951 1.051162 0.084068 1.000000 
0.214179 -0.247907 -0.121446 0.822342 -1.506802 -0.310158 1.051854 0.089015 1.000000 
0.212054 -0.283434 -0.114803 0.838386 -1.509307 -0.315962 1.052588 0.094622 1.000000 
0.209644 -0.319104 -0.108034 0.853570 -1.511854 -0.320320 1.053370 0.100987 1.000000 
0.206948 -0.354867 -0.101148 0.867842 -1.514429 -0.323197 1.054206 0.108227 1.000000 
0.203966 -0.390669 -0.094151 0.881153 -1.517021 -0.324559 1.055104 0.116480 1.000000 
0.200698 -0.426454 -0.087052 0.893451 -1.519617 -0.324383 1.056073 0.125911 1.000000 
0.197143 -0.462158 -0.079859 0.904681 -1.522207 -0.322649 1.057123 0.136717 1.000000 
0.193303 -0.497715 -0.072580 0.914792 -1.524776 -0.319343 1.058265 0.149133 1.000000 
0.189180 -0.533054 -0.065226 0.923729 -1.527312 -0.314459 1.059514 0.163442 1.000000 
0.184775 -0.568099 -0.057804 0.931439 -1.529803 -0.307997 1.060886 0.179980 1.000000 
0.180092 -0.602773 -0.050326 0.937868 -1.532236 -0.299962 1.062400 0.199146 1.000000 
0.175132 -0.636995 -0.042802 0.942965 -1.534598 -0.290368 1.064080 0.221418 1.000000 
0.169901 -0.670679 -0.035242 0.946679 -1.536877 -0.279233 1.065953 0.247355 1.000000 
0.164403 -0.703738 -0.027659 0.948960 -1.539062 -0.266580 1.068050 0.277609 1.000000 
0.158643 -0.736084 -0.020063 0.949759 -1.541139 -0.252441 1.070408 0.312923 1.000000 
0.152628 -0.767625 -0.012467 0.949032 -1.543097 -0.236848 1.073072 0.354118 1.000000 
0.146364 -0.798269 -0.004882 0.946733 -1.544925 -0.219840 1.076092 0.402063 1.000000 
0.139858 -0.827921 0.002677 0.942820 -1.546611 -0.201458 1.079525 0.457593 1.000000 
0.133120 -0.856486 0.010198 0.937250 -1.548144 -0.181745 1.083436 0.521382 1.000000 
0.126158 -0.883868 0.017668 0.929985 -1.549515 -0.160745 1.087890 0.593724 1.000000 
0.118981 -0.909967 0.025073 0.920984 -1.550713 -0.138503 1.092957 0.674211 1.000000 
0.111602 -0.934683 0.032399 0.910208 -1.551728 -0.115065 1.098695 0.761306 1.000000 
0.104030 -0.957909 0.039632 0.897619 -1.552551 -0.090479 1.105147 0.851869 1.000000 
0.096279 -0.979535 0.046756 0.883180 -1.553173 -0.064801 1.112321 0.940788 1.000000 
0.088362 -0.999444 0.053758 0.866859 -1.553585 -0.038098 1.120177 1.020974 1.000000 
0.080293 -1.017510 0.060621 0.848628 -1.553780 -0.010460 1.128611 1.084037 1.000000 
0.072087 -1.033603 0.067331 0.828472 -1.553750 0.017995 1.137454 1.121794 1.000000 
0.063761 -1.047586 0.073871 0.806391 -1.553490 0.047105 1.146476 1.128342 1.000000 
0.055332 -1.059327 0.080228 0.782408 -1.552995 0.076667 1.155419 1.101921 1.000000 
0.046818 -1.068701 0.086385 0.756567 -1.552263 0.106437 1.164027 1.045619 1.000000 
0.038239 -1.075600 0.092328 0.728942 -1.551292 0.136140 1.172088 0.966485 1.000000 
0.029616 -1.079939 0.098044 0.699624 -1.550086 0.165482 1.179454 0.873514 1.000000 
0.020967 -1.081661 0.103518 0.668730 -1.548646 0.194165 1.186050 0.775461 1.000000 
0.012316 -1.080738 0.108739 0.636388 -1.546981 0.221899 1.191866 0.679332 1.000000 
0.003683 -1.077170 0.113697 0.602741 -1.545099 0.248405 1.196938 0.589817 1.000000 
-0.004912 -1.070983 0.118380 0.567942 -1.543011 0.273422 1.201328 0.509443 1.000000 
-0.013446 -1.062230 0.122781 0.532150 -1.540729 0.296712 1.205115 0.439090 1.000000 
-0.021901 -1.050985 0.126892 0.495529 -1.538269 0.318058 1.208380 0.378565 1.000000 
-0.030256 -1.037344 0.130708 0.458244 -1.535646 0.337270 1.211197 0.327076 1.000000 
-0.038492 -1.021416 0.134223 0.420462 -1.532879 0.354183 1.213634 0.283570 1.000000 
-0.046592 -1.003329 0.137434 0.382346 -1.529986 0.368656 1.215752 0.246937 1.000000 
-0.054540 -0.983218 0.140340 0.344054 -1.526987 0.380578 1.217601 0.216125 1.000000 
-0.062319 -0.961229 0.142939 0.305739 -1.523903 0.389863 1.219223 0.190196 1.000000 
-0.069915 -0.937514 0.145232 0.267544 -1.520756 0.396452 1.220655 0.168340 1.000000 
-0.077315 -0.912225 0.147220 0.229602 -1.517567 0.400310 1.221926 0.149871 1.000000 
-0.084507 -0.885518 0.148907 0.192038 -1.514359 0.401427 1.223060 0.134220 1.000000 
-0.091480 -0.857543 0.150294 0.154960 -1.511152 0.399817 1.224079 0.120915 1.000000 
-0.098225 -0.828449 0.151388 0.118467 -1.507969 0.395515 1.225000 0.109568 1.000000 
-0.104732 -0.798375 0.152192 0.082643 -1.504831 0.388576 1.225837 0.099862 1.000000 
-0.110996 -0.767456 0.152712 0.047560 -1.501758 0.379073 1.226602 0.091536 1.000000 
-0.117010 -0.735812 0.152955 0.013275 -1.498772 0.367096 1.227304 0.084376 1.000000 
-0.122768 -0.703556 0.152927 -0.020167 -1.495891 0.352752 1.227954 0.078205 1.000000 
-0.128265 -0.670787 0.152634 -0.052733 -1.493134 0.336157 1.228558 0.072880 1.000000 
-0.133499 -0.637591 0.152085 -0.084403 -1.490518 0.317443 1.229122 0.068279 1.000000 
-0.138466 -0.604040 0.151286 -0.115167 -1.488060 0.296750 1.229652 0.064305 1.000000 
-0.143163 -0.570196 0.150245 -0.145025 -1.485775 0.274227 1.230153 0.060876 1.000000 
-0.147588 -0.536102 0.148968 -0.173987 -1.483677 0.250029 1.230627 0.057925 1.000000 
-0.151740 -0.501791 0.147464 -0.202069 -1.481779 0.224320 1.231080 0.055394 1.000000 
-0.155616 -0.467283 0.145738 -0.229294 -1.480092 0.197266 1.231515 0.053239 1.000000 
-0.159216 -0.432584 0.143797 -0.255691 -1.478626 0.169039 1.231933 0.051421 1.000000 
-0.162537 -0.397690 0.141649 -0.281291 -1.477390 0.139815 1.232338 0.049908 1.000000 
-0.165579 -0.362586 0.139298 -0.306130 -1.476391 0.109771 1.232732 0.048677 1.000000 
-0.168338 -0.327246 0.136752 -0.330243 -1.475635 0.079086 1.233118 0.047707 1.000000 
-0.170814 -0.291639 0.134016 -0.353666 -1.475127 0.047942 1.233496 0.046982 1.000000 
-0.173003 -0.255724 0.131096 -0.376433 -1.474869 0.016522 1.233870 0.046492 1.000000 
-0.174904 -0.219458 0.127995 -0.398576 -1.474862 -0.014989 1.234241 0.046230 1.000000 
-0.176514 -0.182790 0.124720 -0.420124 -1.475108 -0.046407 1.234610 0.046192 1.000000 
-0.177828 -0.145672 0.121275 -0.441099 -1.475604 -0.077547 1.234981 0.046379 1.000000 
-0.178843 -0.108052 0.117664 -0.461521 -1.476348 -0.108223 1.235353 0.046795 1.000000 
-0.179555 -0.069880 0.113892 -0.481400 -1.477334 -0.138248 1.235730 0.047448 1.000000 
-0.179960 -0.031110 0.109963 -0.500740 -1.478557 -0.167437 1.236113 0.048351 1.000000 
-0.180051 0.008300 0.105881 -0.519538 -1.480010 -0.195606 1.236504 0.049521 1.000000 
-0.179825 0.048385 0.101652 -0.537780 -1.481684 -0.222570 1.236906 0.050980 1.000000 
-0.179275 0.089170 0.097278 -0.555445 -1.483568 -0.248147 1.237321 0.052759 1.000000 
-0.178396 0.130673 0.092766 -0.572501 -1.485650 -0.272157 1.237751 0.054894 1.000000 
-0.177183 0.172896 0.088120 -0.588908 -1.487918 -0.294424 1.238200 0.057432 1.000000 
-0.175628 0.215832 0.083346 -0.604616 -1.490356 -0.314776 1.238671 0.060430 1.000000 
-0.173727 0.259455 0.078448 -0.619564 -1.492948 -0.333046 1.239168 0.063961 1.000000 
-0.171475 0.303725 0.073435 -0.633686 -1.495679 -0.349075 1.239696 0.068114 1.000000 
-0.168866 0.348586 0.068312 -0.646902 -1.498527 -0.362710 1.240260 0.073002 1.000000 
-0.165896 0.393960 0.063087 -0.659129 -1.501475 -0.373810 1.240867 0.078767 1.000000 
-0.162562 0.439754 0.057769 -0.670273 -1.504501 -0.382243 1.241523 0.085586 1.000000 
-0.158859 0.485855 0.052366 -0.680237 -1.507584 -0.387892 1.242239 0.093689 1.000000 
-0.154788 0.532128 0.046888 -0.688916 -1.510700 -0.390654 1.243027 0.103366 1.000000 
-0.150345 0.578421 0.041347 -0.696204 -1.513826 -0.390441 1.243899 0.114996 1.000000 
-0.145533 0.624566 0.035753 -0.701991 -1.516939 -0.387182 1.244873 0.129069 1.000000 
-0.140353 0.670373 0.030119 -0.706165 -1.520013 -0.380828 1.245972 0.146232 1.000000 
-0.134809 0.715638 0.024459 -0.708615 -1.523024 -0.371344 1.247223 0.167340 1.000000 
-0.128905 0.760143 0.018786 -0.709232 -1.525946 -0.358717 1.248663 0.193531 1.000000 
-0.122649 0.803656 0.013116 -0.707908 -1.528755 -0.342953 1.250337 0.226336 1.000000 
-0.116050 0.845935 0.007465 -0.704538 -1.531425 -0.324073 1.252307 0.267813 1.000000 
-0.109118 0.886728 0.001850 -0.699020 -1.533932 -0.302110 1.254653 0.320728 1.000000 
-0.101867 0.925778 -0.003713 -0.691252 -1.536250 -0.277105 1.257479 0.388762 1.000000 
-0.094311 0.962822 -0.009204 -0.681133 -1.538357 -0.249095 1.260926 0.476698 1.000000 
-0.086468 0.997593 -0.014605 -0.668553 -1.540228 -0.218097 1.265175 0.590426 1.000000 
-0.078356 1.029813 -0.019894 -0.653391 -1.541839 -0.184093 1.270459 0.736405 1.000000 
-0.069998 1.059193 -0.025052 -0.635494 -1.543165 -0.146996 1.277058 0.919774 1.000000 
-0.061418 1.085407 -0.030054 -0.614672 -1.544182 -0.106624 1.285274 1.139866 1.000000 
-0.052641 1.108066 -0.034878 -0.590674 -1.544862 -0.062685 1.295357 1.382083 1.000000 
-0.043699 1.126663 -0.039496 -0.563190 -1.545174 -0.014823 1.307348 1.608487 1.000000 
-0.034627 1.140511 -0.043879 -0.531902 -1.545088 0.037211 1.320887 1.757805 1.000000 
-0.025466 1.148728 -0.047996 -0.496598 -1.544568 0.093240 1.335104 1.770305 1.000000 
-0.016265 1.150336 -0.051814 -0.457333 -1.543588 0.152349 1.348800 1.630703 1.000000 
-0.007081 1.144482 -0.055303 -0.414515 -1.542127 0.212879 1.360909 1.384940 1.000000 
0.002025 1.130661 -0.058438 -0.368822 -1.540183 0.272798 1.370874 1.106440 1.000000 
0.010988 1.108788 -0.061199 -0.321044 -1.537769 0.330146 1.378678 0.851491 1.000000 
0.019745 1.079157 -0.063572 -0.271971 -1.534912 0.383246 1.384627 0.644332 1.000000 
0.028236 1.042349 -0.065549 -0.222354 -1.531652 0.430733 1.389120 0.486500 1.000000 
0.036406 0.999163 -0.067130 -0.172903 -1.528038 0.471526 1.392521 0.369893 1.000000 
0.044208 0.950558 -0.068318 -0.124278 -1.524128 0.504806 1.395122 0.284652 1.000000 
0.051603 0.897590 -0.069122 -0.077082 -1.519983 0.530005 1.397136 0.222275 1.000000 
0.058561 0.841362 -0.069556 -0.031839 -1.515670 0.546801 1.398722 0.176290 1.000000 
0.065059 0.782973 -0.069638 0.011015 -1.511257 0.555103 1.399988 0.142032 1.000000 
0.071085 0.723471 -0.069387 0.051142 -1.506811 0.555024 1.401016 0.116208 1.000000 
0.076634 0.663813 -0.068827 0.088308 -1.502398 0.546857 1.401864 0.096508 1.000000 
0.081708 0.604839 -0.067983 0.122380 -1.498082 0.531038 1.402573 0.081312 1.000000 
0.086315 0.547247 -0.066878 0.153318 -1.493920 0.508114 1.403174 0.069470 1.000000 
0.090469 0.491585 -0.065538 0.181167 -1.489969 0.478709 1.403691 0.060162 1.000000 
0.094187 0.438240 -0.063987 0.206043 -1.486277 0.443493 1.404142 0.052795 1.000000 
0.097488 0.387442 -0.062249 0.228122 -1.482887 0.403157 1.404540 0.046940 1.000000 
0.100393 0.339274 -0.060344 0.247621 -1.479838 0.358391 1.404896 0.042279 1.000000 
0.102923 0.293675 -0.058293 0.264787 -1.477163 0.309871 1.405219 0.038579 1.000000 
0.105098 0.250462 -0.056113 0.279881 -1.474888 0.258245 1.405515 0.035664 1.000000 
0.106936 0.209337 -0.053820 0.293167 -1.473037 0.204132 1.405791 0.033406 1.000000 
0.108452 0.169909 -0.051426 0.304902 -1.471627 0.148118 1.406051 0.031708 1.000000 
0.109658 0.131711 -0.048945 0.315320 -1.470671 0.090760 1.406300 0.030500 1.000000 
0.110561 0.094210 -0.046384 0.324632 -1.470177 0.032595 1.406540 0.029731 1.000000 
0.111165 0.056834 -0.043753 0.333011 -1.470150 -0.025854 1.406776 0.029368 1.000000 
0.111469 0.018983 -0.041058 0.340588 -1.470590 -0.084064 1.407011 0.029391 1.000000 
0.111466 -0.019951 -0.038305 0.347451 -1.471493 -0.141504 1.407248 0.029792 1.000000 
0.111146 -0.060563 -0.035501 0.353635 -1.472851 -0.197619 1.407489 0.030578 1.000000 
0.110491 -0.103419 -0.032649 0.359123 -1.474650 -0.251825 1.407738 0.031766 1.000000 
0.109484 -0.149033 -0.029757 0.363842 -1.476873 -0.303493 1.407998 0.033390 1.000000 
0.108098 -0.197840 -0.026830 0.367665 -1.479497 -0.351947 1.408274 0.035503 1.000000 
0.106309 -0.250179 -0.023877 0.370412 -1.482494 -0.396461 1.408568 0.038183 1.000000 
0.104085 -0.306264 -0.020907 0.371852 -1.485828 -0.436261 1.408886 0.041541 1.000000 
0.101398 -0.366160 -0.017932 0.371708 -1.489459 -0.470530 1.409235 0.045739 1.000000 
0.098217 -0.429759 -0.014965 0.369665 -1.493340 -0.498423 1.409621 0.051011 1.000000 
0.094513 -0.496758 -0.012023 0.365382 -1.497415 -0.519088 1.410055 0.057701 1.000000 
0.090261 -0.566641 -0.009126 0.358501 -1.501624 -0.531692 1.410549 0.066324 1.000000 
0.085441 -0.638669 -0.006295 0.348662 -1.505898 -0.535451 1.411123 0.077680 1.000000 
0.080039 -0.711878 -0.003556 0.335520 -1.510165 -0.529666 1.411803 0.093045 1.000000 
0.074051 -0.785084 -0.000936 0.318760 -1.514346 -0.513759 1.412628 0.114548 1.000000 
0.067482 -0.856907 0.001534 0.298103 -1.518357 -0.487300 1.413662 0.145918 1.000000 
0.060348 -0.925799 0.003823 0.273318 -1.522114 -0.450015 1.415007 0.194086 1.000000 
0.052681 -0.990087 0.005896 0.244196 -1.525528 -0.401757 1.416847 0.272891 1.000000 
0.044524 -1.048020 0.007717 0.210485 -1.528512 -0.342354 1.419532 0.412432 1.000000 
0.035934 -1.097804 0.009250 0.171678 -1.530975 -0.271150 1.423792 0.684927 1.000000 
0.026986 -1.137511 0.010447 0.126265 -1.532812 -0.185339 1.431327 1.280825 1.000000 
0.017769 -1.164091 0.011238 0.068279 -1.533871 -0.072247 1.446418 2.690492 1.000000 
0.008436 -1.157815 0.011423 -0.038506 -1.533724 0.141754 1.477556 5.060589 1.000000 
0.000064 0.764077 0.009959 0.394847 -1.530530 -0.682136 1.513615 -2.942789 1.000000 
0.008013 1.102708 0.011609 0.068555 -1.533591 -0.146000 1.480578 -4.628030 1.000000 
0.016927 1.113873 0.011653 -0.041324 -1.533805 0.061402 1.451405 -2.597631 1.000000 
0.025753 1.089857 0.011067 -0.101871 -1.532848 0.170974 1.436565 -1.284011 1.000000 
0.034330 1.052459 0.010057 -0.149266 -1.531140 0.252882 1.428931 -0.701478 1.000000 
0.042566 1.005110 0.008696 -0.189866 -1.528840 0.320113 1.424540 -0.427945 1.000000 
0.050390 0.949794 0.007033 -0.225309 -1.526049 0.375691 1.421742 -0.285630 1.000000 
0.057746 0.888290 0.005104 -0.256139 -1.522858 0.420396 1.419810 -0.204430 1.000000 
0.064591 0.822302 0.002946 -0.282616 -1.519351 0.454477 1.418389 -0.154456 1.000000 
0.070895 0.753445 0.000593 -0.304939 -1.515614 0.478130 1.417293 -0.121757 1.000000 
0.076642 0.683203 -0.001923 -0.323331 -1.511728 0.491658 1.416414 -0.099274 1.000000 
0.081826 0.612892 -0.004571 -0.338055 -1.507773 0.495504 1.415688 -0.083181 1.000000 
0.086451 0.543630 -0.007323 -0.349413 -1.503825 0.490246 1.415072 -0.071282 1.000000 
0.090530 0.476324 -0.010153 -0.357740 -1.499952 0.476573 1.414540 -0.062252 1.000000 
0.094080 0.411657 -0.013039 -0.363383 -1.496220 0.455248 1.414071 -0.055263 1.000000 
0.097124 0.350097 -0.015961 -0.366690 -1.492686 0.427084 1.413651 -0.049775 1.000000 
0.099690 0.291908 -0.018901 -0.367995 -1.489402 0.392904 1.413271 -0.045430 1.000000 
0.101804 0.237165 -0.021844 -0.367605 -1.486414 0.353527 1.412922 -0.041984 1.000000 
0.103494 0.185781 -0.024779 -0.365787 -1.483758 0.309743 1.412598 -0.039269 1.000000 
0.104785 0.137524 -0.027694 -0.362767 -1.481467 0.262308 1.412292 -0.037168 1.000000 
0.105702 0.092050 -0.030580 -0.358718 -1.479569 0.211929 1.412002 -0.035603 1.000000 
0.106264 0.048921 -0.033431 -0.353761 -1.478083 0.159274 1.411721 -0.034521 1.000000 
0.106489 0.007633 -0.036238 -0.347961 -1.477025 0.104966 1.411448 -0.033889 1.000000 
0.106390 -0.032363 -0.038996 -0.341329 -1.476406 0.049596 1.411178 -0.033694 1.000000 
0.105973 -0.071638 -0.041697 -0.333824 -1.476233 -0.006271 1.410908 -0.033936 1.000000 
0.105244 -0.110766 -0.044335 -0.325354 -1.476506 -0.062085 1.410634 -0.034632 1.000000 
0.104200 -0.150301 -0.046900 -0.315782 -1.477224 -0.117301 1.410352 -0.035814 1.000000 
0.102837 -0.190763 -0.049384 -0.304933 -1.478380 -0.171367 1.410059 -0.037531 1.000000 
0.101144 -0.232616 -0.051775 -0.292600 -1.479962 -0.223717 1.409750 -0.039857 1.000000 
0.099110 -0.276251 -0.054061 -0.278549 -1.481953 -0.273764 1.409420 -0.042890 1.000000 
0.096719 -0.321968 -0.056226 -0.262536 -1.484334 -0.320895 1.409062 -0.046764 1.000000 
0.093952 -0.369961 -0.058255 -0.244310 -1.487078 -0.364475 1.408669 -0.051662 1.000000 
0.090793 -0.420302 -0.060129 -0.223633 -1.490154 -0.403846 1.408232 -0.057825 1.000000 
0.087221 -0.472928 -0.061826 -0.200287 -1.493527 -0.438343 1.407739 -0.065581 1.000000 
0.083221 -0.527629 -0.063326 -0.174093 -1.497153 -0.467302 1.407177 -0.075374 1.000000 
0.078775 -0.584044 -0.064604 -0.144922 -1.500987 -0.490085 1.406526 -0.087810 1.000000 
0.073873 -0.641658 -0.065636 -0.112712 -1.504976 -0.506099 1.405763 -0.103721 1.000000 
0.068507 -0.699809 -0.066399 -0.077477 -1.509065 -0.514831 1.404854 -0.124265 1.000000 
0.062676 -0.757699 -0.066868 -0.039321 -1.513193 -0.515873 1.403758 -0.151055 1.000000 
0.056387 -0.814416 -0.067021 0.001556 -1.517298 -0.508956 1.402415 -0.186355 1.000000 
0.000000 0.000000 0.000000 0.000000 0.000000 0.000000 0.000000 0.000000 0.000000 
