-1.095623 0.221491 -0.749262 1.743256 -1.632029 -1.033444 0.107899 -0.022734 1.000000 
-1.093689 0.262290 -0.735201 1.771829 -1.640381 -1.054370 0.107714 -0.023372 1.000000 
-1.091426 0.303535 -0.720913 1.800230 -1.648896 -1.074233 0.107525 -0.024051 1.000000 
-1.088831 0.345220 -0.706398 1.828442 -1.657566 -1.093004 0.107330 -0.024774 1.000000 
-1.085901 0.387340 -0.691658 1.856449 -1.666381 -1.110657 0.107128 -0.025544 1.000000 
-1.082632 0.429886 -0.676696 1.884233 -1.675333 -1.127165 0.106921 -0.026363 1.000000 
-1.079022 0.472850 -0.661511 1.911774 -1.684413 -1.142500 0.106706 -0.027237 1.000000 
-1.075066 0.516222 -0.646108 1.939053 -1.693610 -1.156639 0.106485 -0.028168 1.000000 
-1.070761 0.559990 -0.630487 1.966049 -1.702916 -1.169557 0.106255 -0.029162 1.000000 
-1.066105 0.604141 -0.614652 1.992741 -1.712320 -1.181230 0.106018 -0.030222 1.000000 
-1.061094 0.648661 -0.598604 2.019106 -1.721812 -1.191637 0.105772 -0.031354 1.000000 
-1.055725 0.693535 -0.582347 2.045120 -1.731383 -1.200755 0.105516 -0.032564 1.000000 
-1.049996 0.738746 -0.565883 2.070759 -1.741021 -1.208566 0.105250 -0.033858 1.000000 
-1.043904 0.784274 -0.549216 2.095999 -1.750716 -1.215050 0.104974 -0.035243 1.000000 
-1.037447 0.830101 -0.532349 2.120813 -1.760458 -1.220190 0.104686 -0.036726 1.000000 
-1.030622 0.876204 -0.515284 2.145176 -1.770235 -1.223969 0.104386 -0.038315 1.000000 
-1.023427 0.922562 -0.498027 2.169060 -1.780038 -1.226374 0.104073 -0.040021 1.000000 
-1.015860 0.969150 -0.480581 2.192438 -1.789854 -1.227390 0.103746 -0.041852 1.000000 
-1.007920 1.015943 -0.462949 2.215282 -1.799672 -1.227007 0.103403 -0.043820 1.000000 
-0.999605 1.062914 -0.445138 2.237565 -1.809482 -1.225214 0.103044 -0.045938 1.000000 
-0.990913 1.110036 -0.427150 2.259256 -1.819272 -1.222003 0.102668 -0.048218 1.000000 
-0.981844 1.157278 -0.408991 2.280327 -1.829030 -1.217368 0.102272 -0.050675 1.000000 
-0.972396 1.204610 -0.390666 2.300749 -1.838746 -1.211304 0.101856 -0.053326 1.000000 
-0.962570 1.252001 -0.372181 2.320493 -1.848407 -1.203807 0.101418 -0.056190 1.000000 
-0.952364 1.299416 -0.353540 2.339529 -1.858003 -1.194879 0.100957 -0.059286 1.000000 
-0.941779 1.346823 -0.334751 2.357828 -1.867522 -1.184518 0.100469 -0.062637 1.000000 
-0.930815 1.394185 -0.315817 2.375360 -1.876952 -1.172729 0.099954 -0.066266 1.000000 
-0.919473 1.441467 -0.296747 2.392097 -1.886282 -1.159518 0.099408 -0.070203 1.000000 
-0.907752 1.488631 -0.277546 2.408009 -1.895500 -1.144891 0.098829 -0.074476 1.000000 
-0.895655 1.535639 -0.258221 2.423069 -1.904596 -1.128858 0.098215 -0.079119 1.000000 
-0.883182 1.582452 -0.238779 2.437247 -1.913558 -1.111430 0.097563 -0.084170 1.000000 
-0.870336 1.629030 -0.219227 2.450517 -1.922375 -1.092623 0.096867 -0.089667 1.000000 
-0.857119 1.675333 -0.199573 2.462851 -1.931036 -1.072452 0.096127 -0.095657 1.000000 
-0.843532 1.721319 -0.179824 2.474223 -1.939531 -1.050937 0.095336 -0.102189 1.000000 
-0.829579 1.766948 -0.159988 2.484608 -1.947848 -1.028097 0.094490 -0.109315 1.000000 
-0.815262 1.812177 -0.140073 2.493982 -1.955977 -1.003957 0.093585 -0.117094 1.000000 
-0.800585 1.856964 -0.120088 2.502320 -1.963908 -0.978542 0.092615 -0.125589 1.000000 
-0.785552 1.901267 -0.100039 2.509599 -1.971630 -0.951880 0.091573 -0.134870 1.000000 
-0.770166 1.945043 -0.079937 2.515799 -1.979135 -0.924001 0.090454 -0.145007 1.000000 
-0.754433 1.988248 -0.059789 2.520899 -1.986411 -0.894938 0.089251 -0.156077 1.000000 
-0.738356 2.030842 -0.039605 2.524881 -1.993451 -0.864726 0.087954 -0.168160 1.000000 
-0.721941 2.072781 -0.019394 2.527726 -2.000244 -0.833402 0.086557 -0.181336 1.000000 
-0.705193 2.114023 0.000835 2.529418 -2.006782 -0.801007 0.085050 -0.195684 1.000000 
-0.688118 2.154526 0.021073 2.529943 -2.013057 -0.767580 0.083423 -0.211281 1.000000 
-0.670723 2.194251 0.041311 2.529288 -2.019061 -0.733167 0.081666 -0.228192 1.000000 
-0.653013 2.233155 0.061539 2.527441 -2.024785 -0.697813 0.079768 -0.246471 1.000000 
-0.634995 2.271199 0.081747 2.524393 -2.030223 -0.661567 0.077719 -0.266150 1.000000 
-0.616676 2.308346 0.101926 2.520136 -2.035368 -0.624478 0.075506 -0.287231 1.000000 
-0.598064 2.344556 0.122066 2.514664 -2.040213 -0.586598 0.073119 -0.309676 1.000000 
-0.579165 2.379793 0.142157 2.507973 -2.044752 -0.547981 0.070548 -0.333395 1.000000 
-0.559990 2.414021 0.162190 2.500060 -2.048979 -0.508683 0.067782 -0.358235 1.000000 
-0.540544 2.447208 0.182155 2.490927 -2.052889 -0.468759 0.064814 -0.383966 1.000000 
-0.520837 2.479319 0.202042 2.480573 -2.056477 -0.428269 0.061637 -0.410270 1.000000 
-0.500878 2.510324 0.221841 2.469005 -2.059740 -0.387272 0.058249 -0.436736 1.000000 
-0.480675 2.540194 0.241543 2.456226 -2.062673 -0.345828 0.054650 -0.462854 1.000000 
-0.460238 2.568901 0.261137 2.442246 -2.065272 -0.303998 0.050846 -0.488029 1.000000 
-0.439576 2.596420 0.280615 2.427074 -2.067536 -0.261844 0.046846 -0.511592 1.000000 
-0.418698 2.622726 0.299967 2.410721 -2.069461 -0.219428 0.042666 -0.532833 1.000000 
-0.397615 2.647799 0.319184 2.393202 -2.071046 -0.176813 0.038329 -0.551041 1.000000 
-0.376337 2.671618 0.338255 2.374531 -2.072290 -0.134058 0.033860 -0.565551 1.000000 
-0.354873 2.694167 0.357173 2.354727 -2.073191 -0.091227 0.029291 -0.575801 1.000000 
-0.333234 2.715430 0.375928 2.333806 -2.073749 -0.048378 0.024659 -0.581374 1.000000 
-0.311429 2.735394 0.394511 2.311790 -2.073965 -0.005572 0.020002 -0.582047 1.000000 
-0.289471 2.754048 0.412914 2.288700 -2.073839 0.037135 0.015360 -0.577801 1.000000 
-0.267368 2.771382 0.431128 2.264559 -2.073371 0.079686 0.010770 -0.568833 1.000000 
-0.245132 2.787391 0.449144 2.239389 -2.072564 0.122024 0.006270 -0.555525 1.000000 
-0.222773 2.802069 0.466955 2.213216 -2.071420 0.164098 0.001892 -0.538419 1.000000 
-0.200268 2.820452 0.484465 2.170960 -2.069561 0.268991 0.003971 0.516506 -1.000000 
-0.177664 2.830361 0.501716 2.141853 -2.067243 0.310509 0.008005 0.491828 -1.000000 
-0.154985 2.838935 0.518732 2.111794 -2.064594 0.351700 0.011836 0.465689 -1.000000 
-0.132244 2.846171 0.535503 2.080806 -2.061616 0.392505 0.015454 0.438759 -1.000000 
-0.109450 2.852066 0.552022 2.048920 -2.058315 0.432865 0.018856 0.411629 -1.000000 
-0.086615 2.856619 0.568283 2.016161 -2.054692 0.472723 0.022041 0.384793 -1.000000 
-0.063748 2.859832 0.584278 1.982562 -2.050753 0.512021 0.025014 0.358650 -1.000000 
-0.040861 2.861709 0.600002 1.948152 -2.046501 0.550702 0.027782 0.333498 -1.000000 
-0.017964 2.862255 0.615447 1.912965 -2.041943 0.588712 0.030354 0.309551 -1.000000 
0.004932 2.861478 0.630607 1.877032 -2.037084 0.625998 0.032739 0.286947 -1.000000 
0.027816 2.859388 0.645477 1.840388 -2.031929 0.662508 0.034949 0.265760 -1.000000 
0.050678 2.855997 0.660052 1.803068 -2.026486 0.698192 0.036995 0.246017 -1.000000 
0.073508 2.851318 0.674325 1.765108 -2.020760 0.733002 0.038889 0.227706 -1.000000 
0.096296 2.845368 0.688292 1.726542 -2.014760 0.766892 0.040642 0.210785 -1.000000 
0.119031 2.838163 0.701948 1.687408 -2.008493 0.799818 0.042265 0.195196 -1.000000 
0.141703 2.829722 0.715289 1.647742 -2.001966 0.831736 0.043768 0.180866 -1.000000 
0.164303 2.820065 0.728311 1.607581 -1.995188 0.862608 0.045162 0.167716 -1.000000 
0.186821 2.809215 0.741009 1.566963 -1.988167 0.892394 0.046455 0.155664 -1.000000 
0.209248 2.797195 0.753381 1.525925 -1.980912 0.921060 0.047655 0.144626 -1.000000 
0.231573 2.784029 0.765423 1.484504 -1.973433 0.948570 0.048771 0.134523 -1.000000 
0.253789 2.769743 0.777132 1.442736 -1.965738 0.974894 0.049810 0.125275 -1.000000 
0.275886 2.754364 0.788506 1.400660 -1.957838 1.000002 0.050778 0.116811 -1.000000 
0.297856 2.737921 0.799542 1.358312 -1.949742 1.023868 0.051681 0.109062 -1.000000 
0.319690 2.720442 0.810238 1.315727 -1.941460 1.046465 0.052524 0.101964 -1.000000 
0.341380 2.701956 0.820593 1.272943 -1.933002 1.067772 0.053314 0.095458 -1.000000 
0.362919 2.682496 0.830605 1.229993 -1.924379 1.087767 0.054053 0.089491 -1.000000 
0.384298 2.662090 0.840272 1.186914 -1.915601 1.106434 0.054747 0.084015 -1.000000 
0.405510 2.640772 0.849595 1.143739 -1.906679 1.123755 0.055398 0.078984 -1.000000 
0.426548 2.618574 0.858572 1.100502 -1.897625 1.139716 0.056012 0.074357 -1.000000 
0.447405 2.595528 0.867203 1.057235 -1.888448 1.154307 0.056589 0.070099 -1.000000 
0.468074 2.571667 0.875488 1.013970 -1.879159 1.167517 0.057134 0.066176 -1.000000 
0.488549 2.547023 0.883427 0.970738 -1.869771 1.179338 0.057649 0.062558 -1.000000 
0.508825 2.521631 0.891020 0.927570 -1.860294 1.189766 0.058136 0.059218 -1.000000 
0.528894 2.495524 0.898268 0.884494 -1.850738 1.198797 0.058597 0.056131 -1.000000 
0.548751 2.468734 0.905172 0.841538 -1.841117 1.206428 0.059034 0.053276 -1.000000 
0.568392 2.441294 0.911733 0.798730 -1.831439 1.212661 0.059450 0.050631 -1.000000 
0.587810 2.413238 0.917952 0.756095 -1.821718 1.217498 0.059845 0.048180 -1.000000 
0.607002 2.384597 0.923831 0.713659 -1.811963 1.220942 0.060221 0.045905 -1.000000 
0.625962 2.355403 0.929371 0.671444 -1.802186 1.223000 0.060580 0.043791 -1.000000 
0.644687 2.325689 0.934575 0.629473 -1.792399 1.223679 0.060922 0.041827 -1.000000 
0.663172 2.295486 0.939444 0.587768 -1.782611 1.222988 0.061250 0.039998 -1.000000 
0.681414 2.264823 0.943980 0.546349 -1.772835 1.220937 0.061563 0.038295 -1.000000 
0.699408 2.233731 0.948186 0.505235 -1.763080 1.217540 0.061863 0.036707 -1.000000 
0.717152 2.202238 0.952065 0.464444 -1.753358 1.212809 0.062150 0.035225 -1.000000 
0.734643 2.170374 0.955618 0.423991 -1.743678 1.206761 0.062426 0.033842 -1.000000 
0.751877 2.138165 0.958849 0.383893 -1.734053 1.199410 0.062692 0.032548 -1.000000 
0.768853 2.105639 0.961761 0.344164 -1.724491 1.190775 0.062947 0.031339 -1.000000 
0.785567 2.072821 0.964357 0.304816 -1.715004 1.180875 0.063194 0.030206 -1.000000 
0.802017 2.039736 0.966639 0.265861 -1.705601 1.169730 0.063431 0.029146 -1.000000 
0.818202 2.006409 0.968612 0.227310 -1.696291 1.157361 0.063660 0.028152 -1.000000 
0.834119 1.972861 0.970278 0.189173 -1.687086 1.143790 0.063882 0.027220 -1.000000 
0.849767 1.939114 0.971640 0.151456 -1.677994 1.129040 0.064096 0.026345 -1.000000 
0.865144 1.905190 0.972702 0.114169 -1.669024 1.113135 0.064303 0.025524 -1.000000 
0.880250 1.871108 0.973468 0.077316 -1.660187 1.096099 0.064504 0.024753 -1.000000 
0.895082 1.836887 0.973940 0.040903 -1.651490 1.077960 0.064699 0.024029 -1.000000 
0.909640 1.802543 0.974123 0.004933 -1.642942 1.058742 0.064889 0.023348 -1.000000 
0.923922 1.768094 0.974020 -0.030590 -1.634553 1.038473 0.065073 0.022708 -1.000000 
0.937929 1.733554 0.973635 -0.065665 -1.626329 1.017180 0.065252 0.022106 -1.000000 
0.951659 1.698937 0.972971 -0.100291 -1.618280 0.994892 0.065427 0.021540 -1.000000 
0.965112 1.664256 0.972032 -0.134467 -1.610414 0.971638 0.065597 0.021007 -1.000000 
0.978287 1.629523 0.970821 -0.168194 -1.602737 0.947446 0.065763 0.020507 -1.000000 
0.991184 1.594748 0.969342 -0.201475 -1.595257 0.922346 0.065925 0.020036 -1.000000 
1.003803 1.559941 0.967598 -0.234311 -1.587982 0.896368 0.066084 0.019593 -1.000000 
1.016143 1.525109 0.965594 -0.266705 -1.580917 0.869542 0.066239 0.019178 -1.000000 
1.028204 1.490259 0.963332 -0.298663 -1.574071 0.841900 0.066391 0.018787 -1.000000 
1.039987 1.455398 0.960816 -0.330187 -1.567449 0.813472 0.066539 0.018420 -1.000000 
1.051491 1.420530 0.958050 -0.361285 -1.561058 0.784290 0.066685 0.018076 -1.000000 
1.062715 1.385659 0.955037 -0.391960 -1.554902 0.754384 0.066829 0.017753 -1.000000 
1.073661 1.350787 0.951780 -0.422221 -1.548989 0.723786 0.066969 0.017451 -1.000000 
1.084328 1.315916 0.948282 -0.452074 -1.543324 0.692529 0.067108 0.017168 -1.000000 
1.094716 1.281046 0.944548 -0.481526 -1.537910 0.660643 0.067244 0.016904 -1.000000 
1.104825 1.246177 0.940579 -0.510585 -1.532755 0.628162 0.067378 0.016657 -1.000000 
1.114655 1.211308 0.936379 -0.539260 -1.527861 0.595117 0.067511 0.016428 -1.000000 
1.124206 1.176436 0.931952 -0.567559 -1.523234 0.561540 0.067641 0.016216 -1.000000 
1.133478 1.141558 0.927300 -0.595491 -1.518878 0.527464 0.067770 0.016019 -1.000000 
1.142471 1.106668 0.922425 -0.623065 -1.514796 0.492920 0.067898 0.015837 -1.000000 
1.151184 1.071764 0.917331 -0.650290 -1.510992 0.457942 0.068024 0.015670 -1.000000 
1.159619 1.036838 0.912021 -0.677177 -1.507470 0.422561 0.068148 0.015517 -1.000000 
1.167774 1.001883 0.906497 -0.703734 -1.504232 0.386811 0.068272 0.015379 -1.000000 
1.175649 0.966894 0.900762 -0.729972 -1.501282 0.350722 0.068395 0.015253 -1.000000 
1.183244 0.931860 0.894819 -0.755901 -1.498622 0.314329 0.068516 0.015141 -1.000000 
1.190558 0.896774 0.888669 -0.781530 -1.496254 0.277662 0.068637 0.015041 -1.000000 
1.197592 0.861627 0.882315 -0.806868 -1.494180 0.240756 0.068757 0.014954 -1.000000 
1.204344 0.826408 0.875760 -0.831927 -1.492402 0.203641 0.068876 0.014879 -1.000000 
1.210814 0.791106 0.869005 -0.856715 -1.490922 0.166351 0.068995 0.014817 -1.000000 
1.217002 0.755712 0.862053 -0.881243 -1.489741 0.128917 0.069113 0.014766 -1.000000 
1.222905 0.720213 0.854906 -0.905518 -1.488860 0.091373 0.069231 0.014727 -1.000000 
1.228525 0.684598 0.847565 -0.929551 -1.488279 0.053751 0.069349 0.014700 -1.000000 
1.233859 0.648855 0.840034 -0.953350 -1.488000 0.016082 0.069466 0.014684 -1.000000 
1.238906 0.612971 0.832312 -0.976924 -1.488022 -0.021600 0.069584 0.014680 -1.000000 
1.243666 0.576934 0.824403 -1.000282 -1.488345 -0.059263 0.069701 0.014688 -1.000000 
1.248137 0.540730 0.816308 -1.023430 -1.488970 -0.096875 0.069819 0.014707 -1.000000 
1.252317 0.504347 0.808029 -1.046377 -1.489895 -0.134403 0.069937 0.014738 -1.000000 
1.256206 0.467772 0.799567 -1.069129 -1.491120 -0.171815 0.070055 0.014780 -1.000000 
1.259801 0.430992 0.790923 -1.091694 -1.492644 -0.209078 0.070173 0.014834 -1.000000 
1.263101 0.393993 0.782100 -1.114077 -1.494465 -0.246160 0.070292 0.014901 -1.000000 
1.266104 0.356763 0.773099 -1.136284 -1.496582 -0.283029 0.070412 0.014979 -1.000000 
1.268808 0.319288 0.763920 -1.158320 -1.498993 -0.319651 0.070532 0.015070 -1.000000 
1.271212 0.281555 0.754566 -1.180191 -1.501695 -0.355995 0.070653 0.015174 -1.000000 
1.273313 0.243553 0.745037 -1.201899 -1.504688 -0.392027 0.070775 0.015290 -1.000000 
1.275108 0.205269 0.735336 -1.223449 -1.507967 -0.427716 0.070897 0.015420 -1.000000 
1.276596 0.166691 0.725463 -1.244842 -1.511530 -0.463029 0.071021 0.015563 -1.000000 
1.277774 0.127807 0.715419 -1.266082 -1.515374 -0.497933 0.071146 0.015720 -1.000000 
1.278640 0.088606 0.705206 -1.287170 -1.519496 -0.532395 0.071273 0.015892 -1.000000 
1.279191 0.049077 0.694825 -1.308106 -1.523891 -0.566384 0.071401 0.016079 -1.000000 
1.279425 0.009212 0.684277 -1.328891 -1.528557 -0.599866 0.071530 0.016281 -1.000000 
1.279338 -0.031001 0.673563 -1.349524 -1.533488 -0.632809 0.071661 0.016499 -1.000000 
1.278928 -0.071570 0.662685 -1.370003 -1.538680 -0.665180 0.071794 0.016734 -1.000000 
1.278192 -0.112504 0.651643 -1.390327 -1.544129 -0.696948 0.071929 0.016987 -1.000000 
1.277127 -0.153808 0.640440 -1.410493 -1.549830 -0.728081 0.072066 0.017258 -1.000000 
1.275730 -0.195491 0.629076 -1.430497 -1.555777 -0.758544 0.072205 0.017548 -1.000000 
1.273998 -0.237559 0.617552 -1.450335 -1.561964 -0.788308 0.072347 0.017858 -1.000000 
1.271928 -0.280015 0.605871 -1.470001 -1.568387 -0.817339 0.072491 0.018189 -1.000000 
1.269516 -0.322863 0.594033 -1.489491 -1.575040 -0.845607 0.072638 0.018542 -1.000000 
1.266761 -0.366108 0.582039 -1.508796 -1.581915 -0.873079 0.072788 0.018918 -1.000000 
1.263658 -0.409750 0.569892 -1.527910 -1.589007 -0.899724 0.072941 0.019319 -1.000000 
1.260204 -0.453791 0.557593 -1.546824 -1.596308 -0.925511 0.073097 0.019747 -1.000000 
1.256396 -0.498230 0.545144 -1.565530 -1.603813 -0.950410 0.073257 0.020201 -1.000000 
1.252231 -0.543065 0.532545 -1.584018 -1.611512 -0.974390 0.073420 0.020685 -1.000000 
1.247706 -0.588295 0.519800 -1.602276 -1.619400 -0.997421 0.073588 0.021200 -1.000000 
1.242817 -0.633914 0.506910 -1.620295 -1.627469 -1.019473 0.073760 0.021749 -1.000000 
1.237562 -0.679918 0.493876 -1.638061 -1.635709 -1.040518 0.073936 0.022332 -1.000000 
1.231937 -0.726301 0.480701 -1.655562 -1.644114 -1.060526 0.074117 0.022953 -1.000000 
1.225940 -0.773053 0.467388 -1.672785 -1.652675 -1.079469 0.074303 0.023614 -1.000000 
1.219568 -0.820166 0.453938 -1.689715 -1.661383 -1.097320 0.074495 0.024317 -1.000000 
1.212817 -0.867630 0.440353 -1.706338 -1.670229 -1.114053 0.074692 0.025067 -1.000000 
1.205685 -0.915431 0.426637 -1.722639 -1.679205 -1.129640 0.074896 0.025866 -1.000000 
1.198169 -0.963557 0.412792 -1.738600 -1.688300 -1.144057 0.075106 0.026717 -1.000000 
1.190267 -1.011993 0.398820 -1.754206 -1.697506 -1.157280 0.075324 0.027626 -1.000000 
1.181976 -1.060721 0.384726 -1.769440 -1.706813 -1.169284 0.075549 0.028596 -1.000000 
1.173295 -1.109724 0.370510 -1.784283 -1.716211 -1.180046 0.075781 0.029631 -1.000000 
1.164220 -1.158982 0.356178 -1.798718 -1.725691 -1.189546 0.076023 0.030738 -1.000000 
1.154750 -1.208475 0.341732 -1.812725 -1.735241 -1.197762 0.076273 0.031922 -1.000000 
1.144884 -1.258179 0.327176 -1.826286 -1.744851 -1.204675 0.076534 0.033189 -1.000000 
1.134619 -1.308071 0.312513 -1.839382 -1.754512 -1.210266 0.076805 0.034547 -1.000000 
1.123954 -1.358125 0.297747 -1.851992 -1.764212 -1.214519 0.077087 0.036002 -1.000000 
1.112889 -1.408314 0.282882 -1.864096 -1.773941 -1.217418 0.077381 0.037564 -1.000000 
1.101421 -1.458611 0.267923 -1.875674 -1.783687 -1.218949 0.077688 0.039241 -1.000000 
1.089551 -1.508984 0.252873 -1.886706 -1.793440 -1.219097 0.078009 0.041045 -1.000000 
1.077277 -1.559403 0.237737 -1.897171 -1.803189 -1.217853 0.078345 0.042986 -1.000000 
1.064600 -1.609835 0.222520 -1.907048 -1.812922 -1.215206 0.078697 0.045078 -1.000000 
1.051520 -1.660247 0.207226 -1.916316 -1.822628 -1.211147 0.079067 0.047334 -1.000000 
1.038036 -1.710602 0.191860 -1.924955 -1.832297 -1.205671 0.079455 0.049769 -1.000000 
1.024150 -1.760865 0.176428 -1.932944 -1.841915 -1.198772 0.079864 0.052403 -1.000000 
1.009863 -1.810998 0.160935 -1.940263 -1.851473 -1.190447 0.080294 0.055252 -1.000000 
0.995175 -1.860963 0.145386 -1.946890 -1.860959 -1.180695 0.080748 0.058340 -1.000000 
0.980088 -1.910719 0.129787 -1.952806 -1.870361 -1.169516 0.081228 0.061689 -1.000000 
0.964604 -1.960225 0.114143 -1.957992 -1.879667 -1.156914 0.081736 0.065328 -1.000000 
0.948725 -2.009441 0.098461 -1.962427 -1.888867 -1.142891 0.082275 0.069284 -1.000000 
0.932454 -2.058322 0.082746 -1.966093 -1.897950 -1.127455 0.082846 0.073591 -1.000000 
0.915793 -2.106827 0.067005 -1.968971 -1.906903 -1.110614 0.083453 0.078286 -1.000000 
0.898746 -2.154910 0.051245 -1.971043 -1.915716 -1.092379 0.084099 0.083410 -1.000000 
0.881316 -2.202527 0.035471 -1.972292 -1.924377 -1.072761 0.084789 0.089009 -1.000000 
0.863507 -2.249633 0.019690 -1.972701 -1.932876 -1.051775 0.085525 0.095132 -1.000000 
0.845323 -2.296182 0.003910 -1.972254 -1.941202 -1.029438 0.086312 0.101837 -1.000000 
0.826769 -2.342128 -0.011863 -1.970935 -1.949344 -1.005769 0.087156 0.109186 -1.000000 
0.807851 -2.387424 -0.027623 -1.968731 -1.957291 -0.980788 0.088061 0.117247 -1.000000 
0.788572 -2.432025 -0.043361 -1.965627 -1.965033 -0.954517 0.089034 0.126095 -1.000000 
0.768940 -2.475884 -0.059070 -1.961612 -1.972560 -0.926982 0.090081 0.135814 -1.000000 
0.748960 -2.518954 -0.074744 -1.956672 -1.979861 -0.898209 0.091210 0.146493 -1.000000 
0.728639 -2.561189 -0.090374 -1.950798 -1.986928 -0.868227 0.092428 0.158229 -1.000000 
0.707984 -2.602543 -0.105954 -1.943979 -1.993750 -0.837066 0.093745 0.171124 -1.000000 
0.687001 -2.642971 -0.121476 -1.936207 -2.000318 -0.804759 0.095169 0.185285 -1.000000 
0.665699 -2.682427 -0.136931 -1.927475 -2.006623 -0.771340 0.096713 0.200821 -1.000000 
0.644085 -2.720866 -0.152313 -1.917775 -2.012657 -0.736844 0.098386 0.217843 -1.000000 
0.622168 -2.758245 -0.167613 -1.907103 -2.018410 -0.701310 0.100202 0.236452 -1.000000 
0.599956 -2.794520 -0.182824 -1.895455 -2.023875 -0.664776 0.102174 0.256740 -1.000000 
0.577459 -2.829648 -0.197937 -1.882826 -2.029044 -0.627283 0.104315 0.278776 -1.000000 
0.554685 -2.863589 -0.212946 -1.869216 -2.033909 -0.588874 0.106639 0.302596 -1.000000 
0.531644 -2.896301 -0.227842 -1.854624 -2.038463 -0.549592 0.109161 0.328191 -1.000000 
0.508347 -2.927745 -0.242618 -1.839051 -2.042700 -0.509482 0.111895 0.355486 -1.000000 
0.484804 -2.957882 -0.257264 -1.822497 -2.046613 -0.468589 0.114853 0.384322 -1.000000 
0.461025 -2.986676 -0.271775 -1.804966 -2.050196 -0.426962 0.118047 0.414436 -1.000000 
0.437021 -3.014089 -0.286141 -1.786463 -2.053443 -0.384649 0.121486 0.445443 -1.000000 
0.412803 -3.040086 -0.300356 -1.766993 -2.056348 -0.341700 0.125175 0.476817 -1.000000 
0.388383 -3.064636 -0.314411 -1.746561 -2.058908 -0.298167 0.129115 0.507888 -1.000000 
0.363773 -3.087704 -0.328298 -1.725178 -2.061118 -0.254101 0.133299 0.537845 -1.000000 
0.338984 -3.109260 -0.342011 -1.702851 -2.062973 -0.209559 0.137715 0.565760 -1.000000 
0.314029 -3.129275 -0.355541 -1.679592 -2.064469 -0.164595 0.142343 0.590637 -1.000000 
0.288920 -3.147720 -0.368882 -1.655414 -2.065605 -0.119268 0.147154 0.611469 -1.000000 
0.263670 -3.164571 -0.382026 -1.630330 -2.066377 -0.073638 0.152113 0.627330 -1.000000 
0.238291 -3.179802 -0.394965 -1.604356 -2.066783 -0.027768 0.157176 0.637454 -1.000000 
0.212797 -3.193391 -0.407693 -1.577510 -2.066821 0.018279 0.162296 0.641319 -1.000000 
0.187201 -3.205318 -0.420203 -1.549810 -2.066490 0.064435 0.167420 0.638710 -1.000000 
0.161517 -3.215565 -0.432488 -1.521278 -2.065790 0.110632 0.172498 0.629740 -1.000000 
0.135757 -3.224117 -0.444541 -1.491937 -2.064720 0.156799 0.177480 0.614843 -1.000000 
0.109935 -3.230963 -0.456357 -1.461812 -2.063281 0.202865 0.182321 0.594721 -1.000000 
0.084066 -3.236091 -0.467928 -1.430929 -2.061474 0.248755 0.186984 0.570270 -1.000000 
0.058162 -3.239497 -0.479249 -1.399316 -2.059302 0.294397 0.191437 0.542494 -1.000000 
0.032239 -3.241176 -0.490315 -1.367002 -2.056765 0.339716 0.195658 0.512416 -1.000000 
0.006308 -3.241129 -0.501120 -1.334019 -2.053867 0.384639 0.199632 0.481005 -1.000000 
-0.019615 -3.239358 -0.511658 -1.300399 -2.050612 0.429091 0.203353 0.449123 -1.000000 
-0.045517 -3.235872 -0.521925 -1.266176 -2.047003 0.473000 0.206819 0.417496 -1.000000 
-0.071384 -3.230678 -0.531915 -1.231384 -2.043046 0.516295 0.210035 0.386699 -1.000000 
-0.097203 -3.223791 -0.541625 -1.196057 -2.038744 0.558906 0.213009 0.357159 -1.000000 
-0.122960 -3.215226 -0.551051 -1.160234 -2.034105 0.600764 0.215753 0.329173 -1.000000 
-0.148643 -3.205002 -0.560188 -1.123949 -2.029134 0.641804 0.218281 0.302923 -1.000000 
-0.174236 -3.193140 -0.569033 -1.087241 -2.023839 0.681960 0.220605 0.278501 -1.000000 
-0.199728 -3.179667 -0.577583 -1.050146 -2.018225 0.721172 0.222742 0.255927 -1.000000 
-0.225107 -3.164608 -0.585834 -1.012704 -2.012303 0.759380 0.224705 0.235166 -1.000000 
-0.250358 -3.147994 -0.593785 -0.974951 -2.006078 0.796527 0.226509 0.216151 -1.000000 
-0.275470 -3.129856 -0.601433 -0.936926 -1.999561 0.832559 0.228168 0.198787 -1.000000 
-0.300432 -3.110230 -0.608775 -0.898666 -1.992760 0.867423 0.229694 0.182967 -1.000000 
-0.325230 -3.089151 -0.615811 -0.860210 -1.985686 0.901072 0.231099 0.168577 -1.000000 
-0.349854 -3.066657 -0.622538 -0.821595 -1.978347 0.933460 0.232394 0.155501 -1.000000 
-0.374293 -3.042790 -0.628956 -0.782858 -1.970754 0.964542 0.233590 0.143625 -1.000000 
-0.398535 -3.017591 -0.635064 -0.744035 -1.962918 0.994280 0.234695 0.132843 -1.000000 
-0.422571 -2.991102 -0.640860 -0.705164 -1.954849 1.022635 0.235718 0.123052 -1.000000 
-0.446390 -2.963368 -0.646346 -0.666278 -1.946559 1.049574 0.236667 0.114158 -1.000000 
-0.469982 -2.934436 -0.651521 -0.627413 -1.938060 1.075064 0.237547 0.106074 -1.000000 
-0.493338 -2.904350 -0.656385 -0.588603 -1.929362 1.099078 0.238366 0.098720 -1.000000 
-0.516448 -2.873160 -0.660939 -0.549881 -1.920478 1.121590 0.239128 0.092026 -1.000000 
-0.539305 -2.840912 -0.665183 -0.511279 -1.911421 1.142576 0.239840 0.085925 -1.000000 
-0.561900 -2.807655 -0.669120 -0.472828 -1.902201 1.162018 0.240504 0.080359 -1.000000 
-0.584225 -2.773439 -0.672749 -0.434559 -1.892833 1.179898 0.241127 0.075276 -1.000000 
-0.606273 -2.738313 -0.676073 -0.396499 -1.883327 1.196203 0.241710 0.070628 -1.000000 
-0.628036 -2.702325 -0.679094 -0.358678 -1.873698 1.210920 0.242258 0.066372 -1.000000 
-0.649508 -2.665526 -0.681813 -0.321122 -1.863957 1.224041 0.242773 0.062472 -1.000000 
-0.670682 -2.627963 -0.684232 -0.283857 -1.854117 1.235560 0.243258 0.058891 -1.000000 
-0.691553 -2.589686 -0.686355 -0.246906 -1.844192 1.245474 0.243716 0.055602 -1.000000 
-0.712116 -2.550742 -0.688184 -0.210292 -1.834194 1.253782 0.244148 0.052575 -1.000000 
-0.732364 -2.511180 -0.689721 -0.174038 -1.824136 1.260485 0.244558 0.049786 -1.000000 
-0.752293 -2.471046 -0.690969 -0.138164 -1.814030 1.265587 0.244946 0.047214 -1.000000 
-0.771899 -2.430387 -0.691933 -0.102688 -1.803891 1.269095 0.245314 0.044839 -1.000000 
-0.791178 -2.389247 -0.692614 -0.067629 -1.793729 1.271017 0.245664 0.042644 -1.000000 
-0.810126 -2.347670 -0.693016 -0.033003 -1.783559 1.271364 0.245996 0.040612 -1.000000 
-0.828740 -2.305701 -0.693143 0.001175 -1.773391 1.270148 0.246314 0.038729 -1.000000 
-0.847016 -2.263380 -0.692998 0.034891 -1.763240 1.267384 0.246616 0.036982 -1.000000 
-0.864953 -2.220748 -0.692586 0.068133 -1.753117 1.263089 0.246906 0.035360 -1.000000 
-0.882547 -2.177844 -0.691909 0.100890 -1.743035 1.257280 0.247183 0.033853 -1.000000 
-0.899798 -2.134707 -0.690973 0.133152 -1.733005 1.249979 0.247448 0.032451 -1.000000 
-0.916702 -2.091371 -0.689780 0.164909 -1.723039 1.241206 0.247702 0.031145 -1.000000 
-0.933259 -2.047873 -0.688336 0.196156 -1.713149 1.230985 0.247946 0.029928 -1.000000 
-0.949468 -2.004245 -0.686643 0.226886 -1.703347 1.219341 0.248181 0.028793 -1.000000 
-0.965327 -1.960518 -0.684707 0.257093 -1.693644 1.206298 0.248407 0.027734 -1.000000 
-0.980836 -1.916723 -0.682531 0.286774 -1.684050 1.191885 0.248625 0.026744 -1.000000 
-0.995994 -1.872887 -0.680120 0.315926 -1.674577 1.176130 0.248835 0.025819 -1.000000 
-1.010802 -1.829036 -0.677478 0.344548 -1.665235 1.159062 0.249038 0.024954 -1.000000 
-1.025259 -1.785197 -0.674609 0.372638 -1.656036 1.140712 0.249235 0.024144 -1.000000 
-1.039365 -1.741390 -0.671517 0.400198 -1.646987 1.121111 0.249425 0.023386 -1.000000 
-1.053121 -1.697637 -0.668207 0.427229 -1.638101 1.100291 0.249609 0.022677 -1.000000 
-1.066528 -1.653957 -0.664683 0.453732 -1.629386 1.078285 0.249788 0.022011 -1.000000 
-1.079585 -1.610368 -0.660949 0.479712 -1.620852 1.055127 0.249961 0.021388 -1.000000 
-1.092294 -1.566885 -0.657009 0.505171 -1.612507 1.030851 0.250130 0.020804 -1.000000 
-1.104655 -1.523521 -0.652867 0.530115 -1.604361 1.005491 0.250294 0.020256 -1.000000 
-1.116670 -1.480290 -0.648528 0.554549 -1.596422 0.979084 0.250454 0.019743 -1.000000 
-1.128340 -1.437201 -0.643996 0.578479 -1.588698 0.951664 0.250610 0.019261 -1.000000 
-1.139666 -1.394263 -0.639274 0.601912 -1.581198 0.923269 0.250762 0.018810 -1.000000 
-1.150649 -1.351483 -0.634366 0.624855 -1.573928 0.893934 0.250911 0.018388 -1.000000 
-1.161290 -1.308866 -0.629278 0.647315 -1.566897 0.863696 0.251057 0.017992 -1.000000 
-1.171591 -1.266415 -0.624011 0.669302 -1.560112 0.832592 0.251199 0.017621 -1.000000 
-1.181553 -1.224132 -0.618570 0.690823 -1.553578 0.800660 0.251339 0.017275 -1.000000 
-1.191178 -1.182019 -0.612959 0.711888 -1.547303 0.767937 0.251476 0.016952 -1.000000 
-1.200466 -1.140073 -0.607181 0.732506 -1.541293 0.734459 0.251610 0.016650 -1.000000 
-1.209419 -1.098292 -0.601240 0.752687 -1.535554 0.700265 0.251742 0.016368 -1.000000 
-1.218039 -1.056673 -0.595139 0.772441 -1.530091 0.665393 0.251872 0.016107 -1.000000 
-1.226327 -1.015209 -0.588882 0.791777 -1.524909 0.629880 0.252000 0.015864 -1.000000 
-1.234283 -0.973895 -0.582472 0.810706 -1.520014 0.593763 0.252126 0.015639 -1.000000 
-1.241909 -0.932722 -0.575912 0.829238 -1.515410 0.557081 0.252250 0.015431 -1.000000 
-1.249207 -0.891681 -0.569205 0.847383 -1.511102 0.519870 0.252373 0.015240 -1.000000 
-1.256177 -0.850762 -0.562355 0.865153 -1.507094 0.482170 0.252494 0.015065 -1.000000 
-1.262819 -0.809953 -0.555363 0.882556 -1.503389 0.444016 0.252614 0.014905 -1.000000 
-1.269136 -0.769243 -0.548235 0.899603 -1.499991 0.405448 0.252733 0.014760 -1.000000 
-1.275127 -0.728617 -0.540971 0.916305 -1.496903 0.366502 0.252850 0.014630 -1.000000 
-1.280794 -0.688062 -0.533575 0.932671 -1.494127 0.327216 0.252967 0.014513 -1.000000 
-1.286137 -0.647563 -0.526049 0.948710 -1.491668 0.287627 0.253082 0.014410 -1.000000 
-1.291155 -0.607103 -0.518396 0.964433 -1.489526 0.247773 0.253197 0.014321 -1.000000 
-1.295850 -0.566666 -0.510619 0.979848 -1.487704 0.207691 0.253311 0.014245 -1.000000 
-1.300222 -0.526235 -0.502719 0.994965 -1.486204 0.167419 0.253425 0.014182 -1.000000 
-1.304270 -0.485793 -0.494700 1.009791 -1.485026 0.126993 0.253538 0.014131 -1.000000 
-1.307995 -0.445321 -0.486563 1.024335 -1.484172 0.086451 0.253651 0.014094 -1.000000 
-1.311395 -0.404801 -0.478311 1.038606 -1.483643 0.045830 0.253764 0.014068 -1.000000 
-1.314471 -0.364214 -0.469946 1.052609 -1.483439 0.005168 0.253876 0.014055 -1.000000 
-1.317222 -0.323540 -0.461470 1.066351 -1.483560 -0.035499 0.253989 0.014055 -1.000000 
-1.319648 -0.282761 -0.452885 1.079840 -1.484007 -0.076133 0.254101 0.014066 -1.000000 
-1.321746 -0.241857 -0.444194 1.093081 -1.484778 -0.116697 0.254214 0.014091 -1.000000 
-1.323517 -0.200808 -0.435397 1.106079 -1.485874 -0.157153 0.254327 0.014127 -1.000000 
-1.324959 -0.159596 -0.426497 1.118840 -1.487292 -0.197465 0.254440 0.014177 -1.000000 
-1.326070 -0.118200 -0.417496 1.131366 -1.489033 -0.237595 0.254554 0.014239 -1.000000 
-1.326849 -0.076602 -0.408396 1.143662 -1.491093 -0.277506 0.254668 0.014314 -1.000000 
-1.327295 -0.034783 -0.399198 1.155730 -1.493472 -0.317159 0.254783 0.014402 -1.000000 
-1.327405 0.007275 -0.389905 1.167574 -1.496167 -0.356519 0.254898 0.014503 -1.000000 
-1.327178 0.049591 -0.380517 1.179194 -1.499175 -0.395546 0.255015 0.014618 -1.000000 
-1.326611 0.092183 -0.371038 1.190591 -1.502495 -0.434204 0.255132 0.014748 -1.000000 
-1.325702 0.135066 -0.361469 1.201766 -1.506122 -0.472455 0.255251 0.014891 -1.000000 
-1.324449 0.178259 -0.351811 1.212718 -1.510053 -0.510261 0.255371 0.015050 -1.000000 
-1.322849 0.221775 -0.342066 1.223447 -1.514284 -0.547584 0.255492 0.015224 -1.000000 
-1.320900 0.265630 -0.332236 1.233950 -1.518813 -0.584386 0.255614 0.015414 -1.000000 
-1.318598 0.309838 -0.322323 1.244225 -1.523633 -0.620629 0.255738 0.015621 -1.000000 
-1.315941 0.354411 -0.312329 1.254268 -1.528741 -0.656276 0.255864 0.015845 -1.000000 
-1.312927 0.399363 -0.302255 1.264077 -1.534132 -0.691288 0.255992 0.016087 -1.000000 
-1.309551 0.444702 -0.292104 1.273646 -1.539800 -0.725627 0.256122 0.016347 -1.000000 
-1.305810 0.490440 -0.281878 1.282969 -1.545740 -0.759256 0.256254 0.016628 -1.000000 
-1.301702 0.536584 -0.271578 1.292042 -1.551946 -0.792136 0.256388 0.016929 -1.000000 
-1.297224 0.583142 -0.261206 1.300857 -1.558412 -0.824229 0.256524 0.017252 -1.000000 
-1.292371 0.630119 -0.250765 1.309407 -1.565132 -0.855499 0.256664 0.017597 -1.000000 
-1.287141 0.677520 -0.240256 1.317683 -1.572098 -0.885906 0.256806 0.017967 -1.000000 
-1.281530 0.725346 -0.229682 1.325678 -1.579304 -0.915414 0.256951 0.018363 -1.000000 
-1.275534 0.773600 -0.219046 1.333381 -1.586742 -0.943984 0.257100 0.018785 -1.000000 
-1.269151 0.822281 -0.208349 1.340783 -1.594405 -0.971581 0.257252 0.019237 -1.000000 
-1.262376 0.871387 -0.197594 1.347873 -1.602284 -0.998167 0.257408 0.019719 -1.000000 
-1.255208 0.920913 -0.186784 1.354640 -1.610373 -1.023707 0.257568 0.020234 -1.000000 
-1.247641 0.970855 -0.175921 1.361072 -1.618661 -1.048162 0.257732 0.020783 -1.000000 
-1.239673 1.021203 -0.165008 1.367157 -1.627140 -1.071499 0.257900 0.021369 -1.000000 
-1.231300 1.071950 -0.154047 1.372882 -1.635802 -1.093683 0.258074 0.021996 -1.000000 
-1.222521 1.123083 -0.143043 1.378235 -1.644636 -1.114677 0.258252 0.022665 -1.000000 
-1.213330 1.174589 -0.131997 1.383200 -1.653633 -1.134450 0.258436 0.023379 -1.000000 
-1.203726 1.226453 -0.120912 1.387765 -1.662784 -1.152967 0.258626 0.024143 -1.000000 
-1.193706 1.278658 -0.109793 1.391915 -1.672077 -1.170197 0.258823 0.024960 -1.000000 
-1.183267 1.331183 -0.098643 1.395634 -1.681504 -1.186107 0.259026 0.025834 -1.000000 
-1.172406 1.384008 -0.087465 1.398908 -1.691052 -1.200667 0.259236 0.026769 -1.000000 
-1.161122 1.437109 -0.076262 1.401722 -1.700711 -1.213848 0.259454 0.027771 -1.000000 
-1.149412 1.490460 -0.065038 1.404060 -1.710469 -1.225621 0.259681 0.028846 -1.000000 
-1.137274 1.544033 -0.053798 1.405906 -1.720317 -1.235960 0.259916 0.029999 -1.000000 
-1.124707 1.597799 -0.042545 1.407244 -1.730241 -1.244837 0.260161 0.031237 -1.000000 
-1.111709 1.651726 -0.031284 1.408059 -1.740230 -1.252229 0.260416 0.032567 -1.000000 
-1.098279 1.705779 -0.020018 1.408335 -1.750272 -1.258113 0.260682 0.033999 -1.000000 
-1.084416 1.759924 -0.008752 1.408056 -1.760356 -1.262466 0.260961 0.035541 -1.000000 
-1.070120 1.814121 0.002510 1.407206 -1.770468 -1.265270 0.261251 0.037203 -1.000000 
-1.055390 1.868331 0.013762 1.405770 -1.780596 -1.266505 0.261556 0.038998 -1.000000 
-1.040227 1.922512 0.025000 1.403733 -1.790728 -1.266156 0.261876 0.040937 -1.000000 
-1.024630 1.976622 0.036220 1.401078 -1.800850 -1.264207 0.262212 0.043035 -1.000000 
-1.008601 2.030613 0.047416 1.397793 -1.810951 -1.260647 0.262565 0.045307 -1.000000 
-0.992141 2.084439 0.058583 1.393861 -1.821016 -1.255465 0.262937 0.047772 -1.000000 
-0.975251 2.138052 0.069716 1.389271 -1.831034 -1.248653 0.263330 0.050449 -1.000000 
-0.957933 2.191401 0.080810 1.384007 -1.840990 -1.240205 0.263745 0.053361 -1.000000 
-0.940189 2.244434 0.091858 1.378058 -1.850873 -1.230116 0.264184 0.056533 -1.000000 
-0.922023 2.297099 0.102857 1.371410 -1.860668 -1.218386 0.264650 0.059992 -1.000000 
-0.903437 2.349340 0.113799 1.364053 -1.870362 -1.205016 0.265145 0.063770 -1.000000 
-0.884434 2.401103 0.124680 1.355976 -1.879944 -1.190009 0.265671 0.067903 -1.000000 
-0.865020 2.452330 0.135493 1.347169 -1.889398 -1.173371 0.266232 0.072430 -1.000000 
-0.845199 2.502965 0.146232 1.337622 -1.898713 -1.155111 0.266831 0.077397 -1.000000 
0.000000 0.000000 0.000000 0.000000 0.000000 0.000000 0.000000 0.000000 0.000000 
