-0.988140 -0.519474 -0.533887 1.053084 -1.509023 -0.033002 0.737965 0.014345 -1.000000 
-0.992142 -0.480915 -0.525383 1.072834 -1.509482 -0.081734 0.738079 0.014361 -1.000000 
-0.995834 -0.442124 -0.516723 1.092295 -1.510330 -0.130376 0.738194 0.014394 -1.000000 
-0.999215 -0.403062 -0.507907 1.111484 -1.511568 -0.178874 0.738310 0.014444 -1.000000 
-1.002282 -0.363691 -0.498940 1.130417 -1.513192 -0.227176 0.738426 0.014513 -1.000000 
-1.005033 -0.323971 -0.489821 1.149107 -1.515202 -0.275227 0.738542 0.014600 -1.000000 
-1.007465 -0.283865 -0.480555 1.167568 -1.517595 -0.322974 0.738659 0.014705 -1.000000 
-1.009574 -0.243334 -0.471141 1.185810 -1.520368 -0.370361 0.738777 0.014829 -1.000000 
-1.011357 -0.202340 -0.461582 1.203843 -1.523519 -0.417335 0.738897 0.014972 -1.000000 
-1.012810 -0.160847 -0.451880 1.221675 -1.527044 -0.463840 0.739017 0.015136 -1.000000 
-1.013929 -0.118819 -0.442036 1.239312 -1.530939 -0.509820 0.739139 0.015319 -1.000000 
-1.014710 -0.076220 -0.432051 1.256759 -1.535200 -0.555219 0.739262 0.015524 -1.000000 
-1.015147 -0.033016 -0.421928 1.274018 -1.539821 -0.599981 0.739387 0.015751 -1.000000 
-1.015236 0.010825 -0.411668 1.291090 -1.544798 -0.644049 0.739514 0.016001 -1.000000 
-1.014972 0.055335 -0.401271 1.307975 -1.550124 -0.687365 0.739643 0.016275 -1.000000 
-1.014349 0.100543 -0.390741 1.324668 -1.555794 -0.729870 0.739775 0.016575 -1.000000 
-1.013361 0.146477 -0.380077 1.341166 -1.561800 -0.771507 0.739909 0.016900 -1.000000 
-1.012003 0.193162 -0.369282 1.357462 -1.568135 -0.812215 0.740045 0.017254 -1.000000 
-1.010269 0.240621 -0.358358 1.373547 -1.574792 -0.851936 0.740185 0.017637 -1.000000 
-1.008151 0.288876 -0.347306 1.389410 -1.581763 -0.890609 0.740327 0.018051 -1.000000 
-1.005645 0.337944 -0.336128 1.405039 -1.589039 -0.928173 0.740474 0.018498 -1.000000 
-1.002742 0.387841 -0.324826 1.420420 -1.596611 -0.964569 0.740623 0.018981 -1.000000 
-0.999437 0.438579 -0.313402 1.435535 -1.604469 -0.999734 0.740777 0.019501 -1.000000 
-0.995722 0.490169 -0.301859 1.450367 -1.612603 -1.033607 0.740936 0.020061 -1.000000 
-0.991592 0.542615 -0.290197 1.464896 -1.621003 -1.066128 0.741098 0.020665 -1.000000 
-0.987038 0.595921 -0.278421 1.479099 -1.629658 -1.097235 0.741266 0.021315 -1.000000 
-0.982055 0.650086 -0.266533 1.492952 -1.638555 -1.126866 0.741440 0.022016 -1.000000 
-0.976635 0.705104 -0.254535 1.506431 -1.647683 -1.154962 0.741619 0.022770 -1.000000 
-0.970771 0.760968 -0.242431 1.519508 -1.657030 -1.181461 0.741804 0.023583 -1.000000 
-0.964457 0.817665 -0.230224 1.532154 -1.666582 -1.206305 0.741996 0.024459 -1.000000 
-0.957686 0.875178 -0.217918 1.544338 -1.676326 -1.229432 0.742196 0.025403 -1.000000 
-0.950452 0.933485 -0.205516 1.556030 -1.686248 -1.250787 0.742403 0.026423 -1.000000 
-0.942748 0.992563 -0.193022 1.567195 -1.696334 -1.270312 0.742619 0.027524 -1.000000 
-0.934569 1.052380 -0.180442 1.577800 -1.706568 -1.287950 0.742844 0.028714 -1.000000 
-0.925908 1.112903 -0.167779 1.587808 -1.716936 -1.303649 0.743078 0.030002 -1.000000 
-0.916761 1.174092 -0.155039 1.597183 -1.727422 -1.317355 0.743324 0.031397 -1.000000 
-0.907121 1.235904 -0.142226 1.605887 -1.738008 -1.329019 0.743581 0.032909 -1.000000 
-0.896985 1.298291 -0.129347 1.613883 -1.748680 -1.338592 0.743851 0.034552 -1.000000 
-0.886347 1.361200 -0.116406 1.621130 -1.759420 -1.346028 0.744134 0.036337 -1.000000 
-0.875204 1.424574 -0.103411 1.627591 -1.770211 -1.351286 0.744433 0.038280 -1.000000 
-0.863553 1.488350 -0.090367 1.633225 -1.781035 -1.354324 0.744747 0.040398 -1.000000 
-0.851390 1.552462 -0.077281 1.637992 -1.791874 -1.355106 0.745079 0.042710 -1.000000 
-0.838713 1.616839 -0.064161 1.641852 -1.802710 -1.353599 0.745431 0.045239 -1.000000 
-0.825520 1.681406 -0.051014 1.644766 -1.813525 -1.349773 0.745804 0.048008 -1.000000 
-0.811810 1.746082 -0.037848 1.646694 -1.824301 -1.343603 0.746200 0.051046 -1.000000 
-0.797583 1.810785 -0.024670 1.647598 -1.835017 -1.335067 0.746621 0.054384 -1.000000 
-0.782838 1.875427 -0.011489 1.647440 -1.845655 -1.324148 0.747071 0.058059 -1.000000 
-0.767576 1.939917 0.001686 1.646183 -1.856197 -1.310833 0.747551 0.062112 -1.000000 
-0.751800 2.004159 0.014847 1.643790 -1.866622 -1.295116 0.748066 0.066590 -1.000000 
-0.735511 2.068056 0.027984 1.640228 -1.876912 -1.276993 0.748618 0.071546 -1.000000 
-0.718712 2.131507 0.041087 1.635463 -1.887048 -1.256468 0.749212 0.077041 -1.000000 
-0.701408 2.194408 0.054148 1.629464 -1.897009 -1.233547 0.749852 0.083146 -1.000000 
-0.683603 2.256654 0.067155 1.622202 -1.906778 -1.208246 0.750544 0.089939 -1.000000 
-0.665303 2.318136 0.080100 1.613648 -1.916335 -1.180582 0.751293 0.097510 -1.000000 
-0.646515 2.378744 0.092970 1.603779 -1.925661 -1.150582 0.752107 0.105962 -1.000000 
-0.627246 2.438368 0.105757 1.592571 -1.934738 -1.118274 0.752992 0.115411 -1.000000 
-0.607504 2.496896 0.118448 1.580003 -1.943547 -1.083696 0.753956 0.125988 -1.000000 
-0.587299 2.554216 0.131033 1.566059 -1.952071 -1.046889 0.755011 0.137838 -1.000000 
-0.566640 2.610214 0.143501 1.550723 -1.960292 -1.007902 0.756166 0.151123 -1.000000 
-0.545539 2.664778 0.155841 1.533984 -1.968192 -0.966787 0.757433 0.166018 -1.000000 
-0.524008 2.717797 0.168041 1.515833 -1.975755 -0.923603 0.758827 0.182715 -1.000000 
-0.502059 2.769159 0.180090 1.496263 -1.982964 -0.878414 0.760362 0.201410 -1.000000 
-0.479706 2.818756 0.191977 1.475272 -1.989804 -0.831291 0.762055 0.222302 -1.000000 
-0.456964 2.866481 0.203691 1.452861 -1.996260 -0.782306 0.763925 0.245578 -1.000000 
-0.433848 2.912227 0.215219 1.429032 -2.002317 -0.731539 0.765991 0.271399 -1.000000 
-0.410374 2.955892 0.226552 1.403793 -2.007960 -0.679074 0.768274 0.299867 -1.000000 
-0.386559 2.997376 0.237676 1.377154 -2.013177 -0.624998 0.770796 0.331000 -1.000000 
-0.362422 3.036582 0.248582 1.349127 -2.017956 -0.569402 0.773577 0.364681 -1.000000 
-0.337980 3.073417 0.259259 1.319728 -2.022284 -0.512383 0.776637 0.400612 -1.000000 
-0.313254 3.107789 0.269694 1.288978 -2.026151 -0.454041 0.779992 0.438257 -1.000000 
-0.288263 3.139613 0.279879 1.256899 -2.029545 -0.394478 0.783652 0.476789 -1.000000 
-0.263027 3.168806 0.289801 1.223516 -2.032459 -0.333802 0.787620 0.515066 -1.000000 
-0.237569 3.195289 0.299452 1.188860 -2.034884 -0.272127 0.791888 0.551626 -1.000000 
-0.211910 3.218988 0.308820 1.152964 -2.036811 -0.209571 0.796436 0.584757 -1.000000 
-0.186073 3.239833 0.317896 1.115865 -2.038235 -0.146257 0.801230 0.612619 -1.000000 
-0.160080 3.257760 0.326671 1.077605 -2.039149 -0.082316 0.806220 0.633440 -1.000000 
-0.133956 3.272710 0.335135 1.038232 -2.039550 -0.017886 0.811342 0.645747 -1.000000 
-0.107725 3.284632 0.343279 0.997796 -2.039435 0.046888 0.816526 0.648594 -1.000000 
-0.081411 3.293482 0.351097 0.956354 -2.038800 0.111852 0.821694 0.641716 -1.000000 
-0.055038 3.299224 0.358579 0.913969 -2.037645 0.176849 0.826769 0.625588 -1.000000 
-0.028631 3.301831 0.365718 0.870706 -2.035971 0.241712 0.831682 0.601336 -1.000000 
-0.002217 3.301287 0.372508 0.826636 -2.033778 0.306273 0.836373 0.570568 -1.000000 
0.024181 3.297588 0.378942 0.781833 -2.031071 0.370360 0.840798 0.535130 -1.000000 
0.050536 3.290739 0.385015 0.736377 -2.027854 0.433802 0.844927 0.496879 -1.000000 
0.076824 3.280757 0.390723 0.690346 -2.024133 0.496427 0.848745 0.457496 -1.000000 
0.103020 3.267669 0.396060 0.643825 -2.019914 0.558067 0.852248 0.418378 -1.000000 
0.129099 3.251516 0.401023 0.596896 -2.015207 0.618556 0.855443 0.380587 -1.000000 
0.155036 3.232347 0.405609 0.549644 -2.010021 0.677736 0.858343 0.344860 -1.000000 
0.180809 3.210222 0.409816 0.502156 -2.004367 0.735451 0.860967 0.311649 -1.000000 
0.206392 3.185211 0.413643 0.454515 -1.998258 0.791556 0.863337 0.281177 -1.000000 
0.231764 3.157393 0.417088 0.406806 -1.991707 0.845910 0.865474 0.253497 -1.000000 
0.256903 3.126854 0.420152 0.359112 -1.984728 0.898382 0.867400 0.228540 -1.000000 
0.281787 3.093689 0.422834 0.311515 -1.977338 0.948848 0.869137 0.206164 -1.000000 
0.306395 3.058002 0.425137 0.264095 -1.969552 0.997193 0.870705 0.186178 -1.000000 
0.330709 3.019898 0.427061 0.216929 -1.961389 1.043312 0.872122 0.168374 -1.000000 
0.354708 2.979494 0.428608 0.170092 -1.952866 1.087108 0.873404 0.152540 -1.000000 
0.378375 2.936906 0.429783 0.123658 -1.944001 1.128494 0.874567 0.138466 -1.000000 
0.401693 2.892258 0.430588 0.077695 -1.934816 1.167390 0.875624 0.125960 -1.000000 
0.424646 2.845676 0.431028 0.032269 -1.925330 1.203728 0.876586 0.114841 -1.000000 
0.447219 2.797288 0.431106 -0.012557 -1.915564 1.237449 0.877465 0.104947 -1.000000 
0.469398 2.747225 0.430829 -0.056724 -1.905538 1.268500 0.878268 0.096132 -1.000000 
0.491170 2.695618 0.430200 -0.100178 -1.895275 1.296841 0.879005 0.088269 -1.000000 
0.512524 2.642601 0.429228 -0.142865 -1.884796 1.322438 0.879683 0.081244 -1.000000 
0.533448 2.588305 0.427917 -0.184741 -1.874123 1.345266 0.880307 0.074956 -1.000000 
0.553934 2.532862 0.426274 -0.225760 -1.863279 1.365311 0.880884 0.069318 -1.000000 
0.573971 2.476402 0.424307 -0.265885 -1.852286 1.382562 0.881418 0.064254 -1.000000 
0.593554 2.419054 0.422023 -0.305080 -1.841165 1.397022 0.881913 0.059696 -1.000000 
0.612674 2.360942 0.419428 -0.343314 -1.829941 1.408695 0.882374 0.055586 -1.000000 
0.631327 2.302191 0.416532 -0.380561 -1.818634 1.417597 0.882804 0.051873 -1.000000 
0.649508 2.242920 0.413342 -0.416798 -1.807267 1.423748 0.883205 0.048512 -1.000000 
0.667213 2.183243 0.409866 -0.452005 -1.795861 1.427176 0.883581 0.045465 -1.000000 
0.684439 2.123274 0.406113 -0.486168 -1.784439 1.427914 0.883933 0.042697 -1.000000 
0.701185 2.063118 0.402090 -0.519276 -1.773021 1.425999 0.884265 0.040178 -1.000000 
0.717449 2.002879 0.397807 -0.551321 -1.761630 1.421477 0.884577 0.037882 -1.000000 
0.733231 1.942652 0.393272 -0.582299 -1.750285 1.414396 0.884871 0.035786 -1.000000 
0.748531 1.882529 0.388493 -0.612209 -1.739006 1.404808 0.885150 0.033869 -1.000000 
0.763352 1.822596 0.383479 -0.641053 -1.727814 1.392770 0.885414 0.032114 -1.000000 
0.777694 1.762933 0.378239 -0.668838 -1.716728 1.378343 0.885664 0.030504 -1.000000 
0.791560 1.703614 0.372781 -0.695570 -1.705767 1.361589 0.885902 0.029026 -1.000000 
0.804953 1.644709 0.367113 -0.721262 -1.694949 1.342575 0.886129 0.027667 -1.000000 
0.817876 1.586278 0.361243 -0.745926 -1.684292 1.321370 0.886345 0.026416 -1.000000 
0.830335 1.528377 0.355181 -0.769577 -1.673813 1.298043 0.886552 0.025263 -1.000000 
0.842332 1.471058 0.348933 -0.792234 -1.663528 1.272666 0.886749 0.024200 -1.000000 
0.853873 1.414363 0.342508 -0.813915 -1.653455 1.245314 0.886939 0.023219 -1.000000 
0.864963 1.358331 0.335913 -0.834642 -1.643608 1.216061 0.887121 0.022313 -1.000000 
0.875608 1.302993 0.329156 -0.854438 -1.634003 1.184982 0.887296 0.021475 -1.000000 
0.885813 1.248376 0.322244 -0.873325 -1.624653 1.152153 0.887465 0.020701 -1.000000 
0.895584 1.194500 0.315185 -0.891330 -1.615573 1.117650 0.887628 0.019984 -1.000000 
0.904927 1.141380 0.307985 -0.908476 -1.606775 1.081550 0.887785 0.019322 -1.000000 
0.913848 1.089025 0.300652 -0.924792 -1.598272 1.043928 0.887937 0.018709 -1.000000 
0.922354 1.037438 0.293191 -0.940303 -1.590076 1.004861 0.888084 0.018142 -1.000000 
0.930449 0.986619 0.285609 -0.955038 -1.582198 0.964424 0.888227 0.017619 -1.000000 
0.938142 0.936561 0.277912 -0.969023 -1.574649 0.922691 0.888366 0.017135 -1.000000 
0.945436 0.887254 0.270106 -0.982285 -1.567438 0.879736 0.888501 0.016689 -1.000000 
0.952340 0.838682 0.262197 -0.994853 -1.560576 0.835634 0.888633 0.016277 -1.000000 
0.958857 0.790825 0.254190 -1.006752 -1.554071 0.790455 0.888762 0.015899 -1.000000 
0.964995 0.743659 0.246091 -1.018010 -1.547932 0.744273 0.888888 0.015552 -1.000000 
0.970758 0.697157 0.237904 -1.028652 -1.542165 0.697156 0.889011 0.015235 -1.000000 
0.976151 0.651287 0.229634 -1.038704 -1.536779 0.649176 0.889132 0.014945 -1.000000 
0.981180 0.606014 0.221286 -1.048189 -1.531781 0.600400 0.889250 0.014682 -1.000000 
0.985849 0.561299 0.212865 -1.057132 -1.527175 0.550896 0.889367 0.014444 -1.000000 
0.990162 0.517102 0.204373 -1.065554 -1.522968 0.500730 0.889481 0.014230 -1.000000 
0.994124 0.473379 0.195817 -1.073477 -1.519165 0.449969 0.889594 0.014040 -1.000000 
0.997737 0.430084 0.187199 -1.080921 -1.515770 0.398676 0.889706 0.013872 -1.000000 
1.001006 0.387167 0.178524 -1.087904 -1.512787 0.346917 0.889816 0.013726 -1.000000 
1.003933 0.344578 0.169794 -1.094444 -1.510220 0.294755 0.889926 0.013601 -1.000000 
1.006520 0.302265 0.161014 -1.100556 -1.508072 0.242251 0.890034 0.013497 -1.000000 
1.008769 0.260173 0.152186 -1.106255 -1.506345 0.189470 0.890142 0.013412 -1.000000 
1.010683 0.218248 0.143315 -1.111553 -1.505041 0.136471 0.890249 0.013348 -1.000000 
1.012262 0.176432 0.134402 -1.116461 -1.504162 0.083316 0.890355 0.013303 -1.000000 
1.013506 0.134670 0.125452 -1.120989 -1.503708 0.030067 0.890462 0.013278 -1.000000 
1.014416 0.092902 0.116467 -1.125144 -1.503681 -0.023215 0.890568 0.013271 -1.000000 
1.014992 0.051071 0.107451 -1.128932 -1.504080 -0.076470 0.890674 0.013284 -1.000000 
1.015233 0.009119 0.098405 -1.132356 -1.504904 -0.129637 0.890780 0.013316 -1.000000 
1.015138 -0.033013 0.089334 -1.135420 -1.506154 -0.182655 0.890887 0.013368 -1.000000 
1.014704 -0.075382 0.080240 -1.138122 -1.507826 -0.235462 0.890994 0.013439 -1.000000 
1.013931 -0.118045 0.071125 -1.140463 -1.509920 -0.287996 0.891102 0.013530 -1.000000 
1.012815 -0.161058 0.061993 -1.142438 -1.512433 -0.340194 0.891211 0.013641 -1.000000 
1.011353 -0.204477 0.052847 -1.144043 -1.515362 -0.391995 0.891320 0.013773 -1.000000 
1.009542 -0.248355 0.043690 -1.145270 -1.518704 -0.443334 0.891431 0.013926 -1.000000 
1.007378 -0.292743 0.034524 -1.146110 -1.522454 -0.494147 0.891543 0.014101 -1.000000 
1.004856 -0.337693 0.025353 -1.146554 -1.526609 -0.544369 0.891657 0.014299 -1.000000 
1.001973 -0.383252 0.016180 -1.146588 -1.531162 -0.593933 0.891772 0.014520 -1.000000 
0.998723 -0.429465 0.007009 -1.146200 -1.536110 -0.642772 0.891889 0.014766 -1.000000 
0.995100 -0.476376 -0.002158 -1.145372 -1.541445 -0.690818 0.892008 0.015037 -1.000000 
0.991099 -0.524025 -0.011316 -1.144088 -1.547160 -0.738002 0.892130 0.015335 -1.000000 
0.986713 -0.572448 -0.020462 -1.142330 -1.553250 -0.784253 0.892254 0.015662 -1.000000 
0.981937 -0.621678 -0.029592 -1.140076 -1.559706 -0.829500 0.892381 0.016018 -1.000000 
0.976764 -0.671746 -0.038702 -1.137305 -1.566519 -0.873670 0.892510 0.016407 -1.000000 
0.971187 -0.722677 -0.047788 -1.133995 -1.573682 -0.916690 0.892643 0.016828 -1.000000 
0.965199 -0.774493 -0.056844 -1.130121 -1.581183 -0.958486 0.892780 0.017286 -1.000000 
0.958793 -0.827211 -0.065868 -1.125658 -1.589014 -0.998982 0.892920 0.017782 -1.000000 
0.951961 -0.880843 -0.074853 -1.120580 -1.597163 -1.038101 0.893064 0.018319 -1.000000 
0.944697 -0.935397 -0.083795 -1.114859 -1.605620 -1.075767 0.893213 0.018900 -1.000000 
0.936992 -0.990875 -0.092689 -1.108467 -1.614371 -1.111903 0.893367 0.019529 -1.000000 
0.928840 -1.047275 -0.101529 -1.101377 -1.623406 -1.146430 0.893526 0.020209 -1.000000 
0.920234 -1.104587 -0.110309 -1.093559 -1.632710 -1.179270 0.893690 0.020945 -1.000000 
0.911165 -1.162798 -0.119024 -1.084983 -1.642269 -1.210345 0.893861 0.021741 -1.000000 
0.901627 -1.221887 -0.127667 -1.075621 -1.652070 -1.239576 0.894038 0.022603 -1.000000 
0.891612 -1.281827 -0.136232 -1.065443 -1.662097 -1.266886 0.894223 0.023537 -1.000000 
0.881115 -1.342587 -0.144712 -1.054419 -1.672335 -1.292197 0.894415 0.024550 -1.000000 
0.870129 -1.404127 -0.153100 -1.042521 -1.682767 -1.315433 0.894616 0.025648 -1.000000 
0.858647 -1.466402 -0.161390 -1.029720 -1.693376 -1.336519 0.894826 0.026842 -1.000000 
0.846665 -1.529359 -0.169573 -1.015989 -1.704145 -1.355381 0.895046 0.028140 -1.000000 
0.834176 -1.592940 -0.177643 -1.001300 -1.715056 -1.371948 0.895276 0.029553 -1.000000 
0.821176 -1.657080 -0.185591 -0.985629 -1.726090 -1.386149 0.895519 0.031093 -1.000000 
0.807661 -1.721706 -0.193410 -0.968952 -1.737228 -1.397918 0.895774 0.032775 -1.000000 
0.793628 -1.786740 -0.201092 -0.951245 -1.748450 -1.407191 0.896044 0.034615 -1.000000 
0.779072 -1.852097 -0.208627 -0.932487 -1.759736 -1.413907 0.896328 0.036630 -1.000000 
0.763993 -1.917685 -0.216009 -0.912660 -1.771066 -1.418008 0.896630 0.038842 -1.000000 
0.748389 -1.983406 -0.223227 -0.891748 -1.782417 -1.419441 0.896951 0.041273 -1.000000 
0.732259 -2.049157 -0.230274 -0.869734 -1.793770 -1.418159 0.897291 0.043951 -1.000000 
0.715603 -2.114828 -0.237140 -0.846609 -1.805101 -1.414117 0.897654 0.046907 -1.000000 
0.698422 -2.180303 -0.243817 -0.822362 -1.816388 -1.407277 0.898043 0.050177 -1.000000 
0.680719 -2.245462 -0.250295 -0.796988 -1.827609 -1.397607 0.898458 0.053801 -1.000000 
0.662496 -2.310179 -0.256565 -0.770483 -1.838742 -1.385079 0.898904 0.057828 -1.000000 
0.643757 -2.374324 -0.262619 -0.742848 -1.849763 -1.369675 0.899385 0.062311 -1.000000 
0.624509 -2.437763 -0.268448 -0.714086 -1.860649 -1.351381 0.899903 0.067314 -1.000000 
0.604756 -2.500357 -0.274042 -0.684204 -1.871377 -1.330189 0.900463 0.072911 -1.000000 
0.584506 -2.561965 -0.279392 -0.653213 -1.881925 -1.306103 0.901071 0.079188 -1.000000 
0.563767 -2.622444 -0.284490 -0.621128 -1.892267 -1.279130 0.901732 0.086243 -1.000000 
0.542550 -2.681647 -0.289327 -0.587966 -1.902383 -1.249287 0.902453 0.094190 -1.000000 
0.520865 -2.739427 -0.293895 -0.553750 -1.912248 -1.216599 0.903242 0.103163 -1.000000 
0.498723 -2.795635 -0.298185 -0.518505 -1.921841 -1.181099 0.904107 0.113316 -1.000000 
0.476139 -2.850124 -0.302188 -0.482262 -1.931139 -1.142828 0.905059 0.124825 -1.000000 
0.453126 -2.902744 -0.305898 -0.445054 -1.940119 -1.101834 0.906109 0.137893 -1.000000 
0.429700 -2.953349 -0.309307 -0.406918 -1.948761 -1.058175 0.907270 0.152752 -1.000000 
0.405878 -3.001792 -0.312407 -0.367895 -1.957043 -1.011918 0.908558 0.169659 -1.000000 
0.381678 -3.047931 -0.315191 -0.328030 -1.964945 -0.963134 0.909991 0.188901 -1.000000 
0.357118 -3.091625 -0.317653 -0.287370 -1.972447 -0.911904 0.911588 0.210787 -1.000000 
0.332219 -3.132738 -0.319787 -0.245967 -1.979529 -0.858318 0.913371 0.235637 -1.000000 
0.307001 -3.171136 -0.321587 -0.203874 -1.986174 -0.802469 0.915366 0.263766 -1.000000 
0.281488 -3.206691 -0.323047 -0.161150 -1.992363 -0.744459 0.917601 0.295452 -1.000000 
0.255702 -3.239279 -0.324163 -0.117853 -1.998079 -0.684396 0.920104 0.330891 -1.000000 
0.229668 -3.268783 -0.324931 -0.074045 -2.003308 -0.622392 0.922905 0.370132 -1.000000 
0.203410 -3.295090 -0.325347 -0.029791 -2.008033 -0.558567 0.926036 0.412990 -1.000000 
0.176955 -3.318093 -0.325407 0.014842 -2.012240 -0.493042 0.929521 0.458943 -1.000000 
0.150330 -3.337692 -0.325109 0.059786 -2.015917 -0.425949 0.933384 0.507015 -1.000000 
0.123562 -3.353793 -0.324450 0.104970 -2.019052 -0.357420 0.937635 0.555685 -1.000000 
0.096679 -3.366307 -0.323429 0.150319 -2.021633 -0.287599 0.942271 0.602844 -1.000000 
0.069710 -3.375154 -0.322044 0.195759 -2.023650 -0.216633 0.947270 0.645863 -1.000000 
0.042686 -3.380262 -0.320297 0.241208 -2.025096 -0.144683 0.952586 0.681802 -1.000000 
0.015636 -3.381566 -0.318185 0.286584 -2.025963 -0.071917 0.958152 0.707780 -1.000000 
-0.011409 -3.379014 -0.315712 0.331800 -2.026245 0.001480 0.963878 0.721443 -1.000000 
-0.038417 -3.372563 -0.312877 0.376765 -2.025938 0.075312 0.969659 0.721423 -1.000000 
-0.065359 -3.362186 -0.309684 0.421385 -2.025040 0.149371 0.975384 0.707635 -1.000000 
-0.092202 -3.347871 -0.306136 0.465564 -2.023548 0.223434 0.980947 0.681307 -1.000000 
-0.118914 -3.329623 -0.302237 0.509204 -2.021465 0.297271 0.986257 0.644723 -1.000000 
-0.145465 -3.307462 -0.297991 0.552208 -2.018793 0.370647 0.991243 0.600778 -1.000000 
-0.171824 -3.281431 -0.293403 0.594481 -2.015537 0.443321 0.995858 0.552493 -1.000000 
-0.197958 -3.251586 -0.288481 0.635929 -2.011703 0.515055 1.000079 0.502614 -1.000000 
-0.223839 -3.218005 -0.283231 0.676462 -2.007299 0.585614 1.003902 0.453360 -1.000000 
-0.249437 -3.180781 -0.277660 0.715997 -2.002336 0.654768 1.007339 0.406342 -1.000000 
-0.274722 -3.140021 -0.271778 0.754454 -1.996827 0.722295 1.010412 0.362593 -1.000000 
-0.299668 -3.095851 -0.265592 0.791759 -1.990785 0.787984 1.013150 0.322659 -1.000000 
-0.324247 -3.048406 -0.259113 0.827844 -1.984225 0.851634 1.015585 0.286727 -1.000000 
-0.348434 -2.997837 -0.252350 0.862650 -1.977164 0.913056 1.017748 0.254731 -1.000000 
-0.372204 -2.944304 -0.245314 0.896121 -1.969622 0.972073 1.019671 0.226451 -1.000000 
-0.395535 -2.887977 -0.238016 0.928210 -1.961618 1.028523 1.021381 0.201581 -1.000000 
-0.418405 -2.829034 -0.230467 0.958876 -1.953173 1.082256 1.022904 0.179779 -1.000000 
-0.440793 -2.767659 -0.222678 0.988087 -1.944310 1.133138 1.024264 0.160699 -1.000000 
-0.462682 -2.704042 -0.214661 1.015814 -1.935051 1.181048 1.025482 0.144011 -1.000000 
-0.484053 -2.638378 -0.206429 1.042038 -1.925421 1.225878 1.026574 0.129412 -1.000000 
-0.504891 -2.570863 -0.197993 1.066744 -1.915445 1.267538 1.027557 0.116629 -1.000000 
-0.525182 -2.501697 -0.189365 1.089926 -1.905149 1.305947 1.028444 0.105420 -1.000000 
-0.544914 -2.431077 -0.180558 1.111582 -1.894559 1.341042 1.029248 0.095572 -1.000000 
-0.564076 -2.359201 -0.171584 1.131717 -1.883701 1.372773 1.029977 0.086905 -1.000000 
-0.582658 -2.286265 -0.162454 1.150341 -1.872604 1.401102 1.030641 0.079258 -1.000000 
-0.600654 -2.212462 -0.153182 1.167471 -1.861293 1.426004 1.031247 0.072495 -1.000000 
-0.618056 -2.137981 -0.143779 1.183125 -1.849797 1.447467 1.031803 0.066501 -1.000000 
-0.634860 -2.063005 -0.134256 1.197331 -1.838143 1.465491 1.032313 0.061173 -1.000000 
-0.651063 -1.987713 -0.124625 1.210117 -1.826358 1.480087 1.032783 0.056427 -1.000000 
-0.666663 -1.912275 -0.114898 1.221517 -1.814470 1.491277 1.033217 0.052189 -1.000000 
-0.681660 -1.836856 -0.105085 1.231568 -1.802507 1.499092 1.033619 0.048394 -1.000000 
-0.696053 -1.761613 -0.095196 1.240310 -1.790494 1.503574 1.033993 0.044989 -1.000000 
-0.709846 -1.686694 -0.085243 1.247787 -1.778458 1.504772 1.034340 0.041926 -1.000000 
-0.723042 -1.612238 -0.075235 1.254043 -1.766426 1.502744 1.034664 0.039165 -1.000000 
-0.735644 -1.538376 -0.065181 1.259126 -1.754423 1.497556 1.034967 0.036670 -1.000000 
-0.747658 -1.465228 -0.055092 1.263085 -1.742473 1.489278 1.035252 0.034412 -1.000000 
-0.759090 -1.392905 -0.044975 1.265970 -1.730602 1.477988 1.035518 0.032363 -1.000000 
-0.769947 -1.321510 -0.034839 1.267831 -1.718833 1.463770 1.035770 0.030501 -1.000000 
-0.780236 -1.251134 -0.024692 1.268720 -1.707190 1.446710 1.036007 0.028806 -1.000000 
-0.789968 -1.181859 -0.014542 1.268689 -1.695693 1.426898 1.036231 0.027260 -1.000000 
-0.799149 -1.113755 -0.004396 1.267789 -1.684366 1.404430 1.036443 0.025847 -1.000000 
-0.807791 -1.046887 0.005740 1.266070 -1.673229 1.379402 1.036645 0.024556 -1.000000 
-0.815903 -0.981305 0.015860 1.263584 -1.662302 1.351912 1.036837 0.023373 -1.000000 
-0.823495 -0.917053 0.025956 1.260378 -1.651605 1.322062 1.037019 0.022288 -1.000000 
-0.830579 -0.854165 0.036024 1.256500 -1.641155 1.289952 1.037193 0.021292 -1.000000 
-0.837166 -0.792666 0.046058 1.251996 -1.630971 1.255685 1.037360 0.020377 -1.000000 
-0.843266 -0.732571 0.056054 1.246911 -1.621070 1.219361 1.037520 0.019536 -1.000000 
-0.848891 -0.673889 0.066007 1.241287 -1.611467 1.181084 1.037673 0.018763 -1.000000 
-0.854052 -0.616620 0.075913 1.235163 -1.602178 1.140953 1.037820 0.018051 -1.000000 
-0.858760 -0.560755 0.085769 1.228578 -1.593216 1.099069 1.037962 0.017396 -1.000000 
-0.863028 -0.506279 0.095570 1.221566 -1.584597 1.055531 1.038099 0.016794 -1.000000 
-0.866865 -0.453171 0.105313 1.214161 -1.576332 1.010436 1.038231 0.016239 -1.000000 
-0.870282 -0.401401 0.114995 1.206392 -1.568434 0.963880 1.038359 0.015730 -1.000000 
-0.873290 -0.350935 0.124614 1.198285 -1.560914 0.915958 1.038482 0.015263 -1.000000 
-0.875900 -0.301732 0.134167 1.189866 -1.553782 0.866761 1.038603 0.014834 -1.000000 
-0.878121 -0.253747 0.143651 1.181155 -1.547049 0.816379 1.038720 0.014442 -1.000000 
-0.879963 -0.206929 0.153065 1.172170 -1.540723 0.764901 1.038834 0.014084 -1.000000 
-0.881435 -0.161224 0.162405 1.162927 -1.534813 0.712414 1.038945 0.013759 -1.000000 
-0.882546 -0.116571 0.171671 1.153436 -1.529327 0.659000 1.039054 0.013464 -1.000000 
-0.883303 -0.072908 0.180860 1.143707 -1.524271 0.604743 1.039161 0.013198 -1.000000 
-0.883715 -0.030169 0.189969 1.133745 -1.519653 0.549723 1.039265 0.012960 -1.000000 
-0.883788 0.011715 0.198999 1.123553 -1.515477 0.494017 1.039368 0.012748 -1.000000 
-0.883529 0.052816 0.207946 1.113131 -1.511750 0.437703 1.039469 0.012561 -1.000000 
-0.882945 0.093208 0.216808 1.102473 -1.508475 0.380857 1.039569 0.012399 -1.000000 
-0.882040 0.132965 0.225585 1.091574 -1.505658 0.323550 1.039668 0.012261 -1.000000 
-0.880819 0.172167 0.234273 1.080424 -1.503300 0.265857 1.039766 0.012146 -1.000000 
-0.879286 0.210889 0.242871 1.069010 -1.501405 0.207849 1.039862 0.012053 -1.000000 
-0.877446 0.249211 0.251376 1.057316 -1.499975 0.149594 1.039958 0.011983 -1.000000 
-0.875300 0.287213 0.259787 1.045325 -1.499012 0.091165 1.040054 0.011934 -1.000000 
-0.872851 0.324974 0.268101 1.033014 -1.498516 0.032629 1.040149 0.011907 -1.000000 
-0.870101 0.362572 0.276314 1.020360 -1.498490 -0.025945 1.040245 0.011901 -1.000000 
-0.867050 0.400085 0.284425 1.007336 -1.498931 -0.084487 1.040340 0.011917 -1.000000 
-0.863699 0.437592 0.292431 0.993915 -1.499841 -0.142929 1.040435 0.011954 -1.000000 
-0.860048 0.475169 0.300327 0.980064 -1.501218 -0.201201 1.040531 0.012012 -1.000000 
-0.856096 0.512890 0.308110 0.965750 -1.503060 -0.259234 1.040628 0.012092 -1.000000 
-0.851842 0.550827 0.315777 0.950938 -1.505365 -0.316956 1.040725 0.012195 -1.000000 
-0.847282 0.589052 0.323324 0.935590 -1.508130 -0.374298 1.040823 0.012320 -1.000000 
-0.842416 0.627631 0.330745 0.919668 -1.511352 -0.431184 1.040922 0.012468 -1.000000 
-0.837239 0.666631 0.338037 0.903130 -1.515028 -0.487543 1.041022 0.012641 -1.000000 
-0.831748 0.706113 0.345194 0.885935 -1.519151 -0.543297 1.041124 0.012838 -1.000000 
-0.825940 0.746135 0.352210 0.868039 -1.523719 -0.598370 1.041228 0.013060 -1.000000 
-0.819809 0.786752 0.359080 0.849397 -1.528723 -0.652682 1.041333 0.013309 -1.000000 
-0.813350 0.828014 0.365798 0.829965 -1.534159 -0.706152 1.041441 0.013586 -1.000000 
-0.806559 0.869967 0.372358 0.809697 -1.540019 -0.758698 1.041551 0.013893 -1.000000 
-0.799429 0.912653 0.378751 0.788546 -1.546296 -0.810234 1.041663 0.014231 -1.000000 
-0.791954 0.956106 0.384972 0.766466 -1.552980 -0.860673 1.041779 0.014601 -1.000000 
-0.784129 1.000358 0.391012 0.743412 -1.560063 -0.909925 1.041897 0.015006 -1.000000 
-0.775946 1.045433 0.396864 0.719336 -1.567535 -0.957898 1.042019 0.015448 -1.000000 
-0.767400 1.091350 0.402519 0.694195 -1.575386 -1.004499 1.042144 0.015931 -1.000000 
-0.758482 1.138121 0.407968 0.667945 -1.583604 -1.049632 1.042274 0.016456 -1.000000 
-0.749187 1.185753 0.413203 0.640543 -1.592176 -1.093199 1.042408 0.017027 -1.000000 
-0.739508 1.234243 0.418213 0.611947 -1.601090 -1.135100 1.042546 0.017647 -1.000000 
-0.729437 1.283584 0.422990 0.582120 -1.610333 -1.175234 1.042690 0.018322 -1.000000 
-0.718968 1.333759 0.427524 0.551025 -1.619889 -1.213498 1.042840 0.019056 -1.000000 
-0.708095 1.384746 0.431803 0.518628 -1.629744 -1.249788 1.042995 0.019854 -1.000000 
-0.696810 1.436511 0.435818 0.484899 -1.639880 -1.283999 1.043157 0.020722 -1.000000 
-0.685109 1.489017 0.439558 0.449810 -1.650282 -1.316026 1.043327 0.021667 -1.000000 
-0.672984 1.542215 0.443012 0.413337 -1.660930 -1.345763 1.043504 0.022698 -1.000000 
-0.660432 1.596049 0.446168 0.375462 -1.671808 -1.373105 1.043690 0.023822 -1.000000 
-0.647446 1.650455 0.449015 0.336169 -1.682893 -1.397947 1.043886 0.025050 -1.000000 
-0.634023 1.705359 0.451543 0.295449 -1.694168 -1.420187 1.044091 0.026393 -1.000000 
-0.620159 1.760679 0.453739 0.253298 -1.705609 -1.439721 1.044308 0.027866 -1.000000 
-0.605851 1.816327 0.455592 0.209716 -1.717196 -1.456452 1.044538 0.029482 -1.000000 
-0.591097 1.872204 0.457090 0.164710 -1.728905 -1.470283 1.044781 0.031259 -1.000000 
-0.575896 1.928202 0.458223 0.118293 -1.740712 -1.481120 1.045038 0.033218 -1.000000 
-0.560246 1.984208 0.458979 0.070485 -1.752594 -1.488875 1.045313 0.035381 -1.000000 
-0.544149 2.040099 0.459347 0.021312 -1.764526 -1.493464 1.045605 0.037775 -1.000000 
-0.527605 2.095746 0.459317 -0.029193 -1.776481 -1.494810 1.045918 0.040431 -1.000000 
-0.510618 2.151010 0.458877 -0.080989 -1.788434 -1.492839 1.046253 0.043386 -1.000000 
-0.493190 2.205750 0.458018 -0.134028 -1.800358 -1.487487 1.046613 0.046680 -1.000000 
-0.475327 2.259814 0.456729 -0.188256 -1.812225 -1.478697 1.047001 0.050364 -1.000000 
-0.457035 2.313049 0.455002 -0.243610 -1.824007 -1.466419 1.047420 0.054496 -1.000000 
-0.438321 2.365293 0.452829 -0.300019 -1.835678 -1.450613 1.047874 0.059142 -1.000000 
-0.419194 2.416382 0.450200 -0.357406 -1.847208 -1.431248 1.048368 0.064384 -1.000000 
-0.399663 2.466149 0.447108 -0.415686 -1.858568 -1.408305 1.048906 0.070315 -1.000000 
-0.379739 2.514422 0.443546 -0.474768 -1.869731 -1.381774 1.049495 0.077048 -1.000000 
-0.359436 2.561028 0.439510 -0.534551 -1.880667 -1.351656 1.050141 0.084715 -1.000000 
-0.338768 2.605796 0.434992 -0.594930 -1.891348 -1.317965 1.050853 0.093474 -1.000000 
-0.317749 2.648549 0.429989 -0.655793 -1.901745 -1.280726 1.051640 0.103511 -1.000000 
-0.296397 2.689116 0.424498 -0.717021 -1.911830 -1.239977 1.052513 0.115047 -1.000000 
-0.274730 2.727325 0.418516 -0.778491 -1.921576 -1.195766 1.053486 0.128345 -1.000000 
-0.252766 2.763008 0.412042 -0.840073 -1.930953 -1.148158 1.054572 0.143712 -1.000000 
-0.230529 2.796000 0.405075 -0.901635 -1.939937 -1.097225 1.055792 0.161508 -1.000000 
-0.208038 2.826140 0.397616 -0.963039 -1.948500 -1.043054 1.057164 0.182149 -1.000000 
-0.185318 2.853274 0.389668 -1.024145 -1.956618 -0.985744 1.058715 0.206108 -1.000000 
-0.162394 2.877252 0.381231 -1.084809 -1.964264 -0.925404 1.060472 0.233906 -1.000000 
-0.139291 2.897932 0.372312 -1.144888 -1.971416 -0.862152 1.062469 0.266098 -1.000000 
-0.116036 2.915181 0.362915 -1.204234 -1.978051 -0.796119 1.064743 0.303232 -1.000000 
-0.092658 2.928870 0.353047 -1.262702 -1.984147 -0.727442 1.067335 0.345782 -1.000000 
-0.069184 2.938881 0.342715 -1.320145 -1.989684 -0.656266 1.070291 0.394043 -1.000000 
-0.045646 2.945105 0.331928 -1.376418 -1.994641 -0.582745 1.073655 0.447965 -1.000000 
-0.022073 2.947438 0.320695 -1.431375 -1.999002 -0.507037 1.077472 0.506939 -1.000000 
0.001503 2.945789 0.309029 -1.484871 -2.002748 -0.429310 1.081776 0.569543 -1.000000 
0.025049 2.940073 0.296942 -1.536762 -2.005866 -0.349738 1.086587 0.633304 -1.000000 
0.048533 2.930215 0.284446 -1.586905 -2.008340 -0.268506 1.091902 0.694580 -1.000000 
0.071921 2.916152 0.271556 -1.635153 -2.010158 -0.185815 1.097682 0.748707 -1.000000 
0.095180 2.897832 0.258289 -1.681363 -2.011310 -0.101881 1.103849 0.790536 -1.000000 
0.118275 2.875219 0.244660 -1.725385 -2.011785 -0.016945 1.110285 0.815358 -1.000000 
0.141172 2.848297 0.230689 -1.767075 -2.011579 0.068726 1.116840 0.820003 -1.000000 
0.163836 2.817070 0.216394 -1.806287 -2.010685 0.154839 1.123349 0.803708 -1.000000 
0.186234 2.781568 0.201795 -1.842883 -2.009101 0.241077 1.129649 0.768358 -1.000000 
0.208330 2.741849 0.186915 -1.876734 -2.006828 0.327101 1.135602 0.717979 -1.000000 
0.230092 2.697997 0.171775 -1.907724 -2.003869 0.412563 1.141110 0.657718 -1.000000 
0.251487 2.650123 0.156399 -1.935750 -2.000229 0.497109 1.146113 0.592741 -1.000000 
0.272484 2.598365 0.140811 -1.960732 -1.995918 0.580386 1.150593 0.527417 -1.000000 
0.293051 2.542885 0.125036 -1.982604 -1.990948 0.662048 1.154560 0.464937 -1.000000 
0.313160 2.483865 0.109098 -2.001323 -1.985331 0.741762 1.158045 0.407290 -1.000000 
0.332784 2.421508 0.093023 -2.016864 -1.979085 0.819212 1.161092 0.355468 -1.000000 
0.351896 2.356034 0.076837 -2.029223 -1.972230 0.894099 1.163749 0.309734 -1.000000 
0.370473 2.287675 0.060564 -2.038415 -1.964787 0.966145 1.166063 0.269887 -1.000000 
0.388492 2.216676 0.044230 -2.044471 -1.956780 1.035091 1.168081 0.235461 -1.000000 
0.405933 2.143293 0.027861 -2.047440 -1.948235 1.100705 1.169844 0.205874 -1.000000 
0.422779 2.067786 0.011479 -2.047387 -1.939178 1.162775 1.171387 0.180516 -1.000000 
0.439013 1.990422 -0.004890 -2.044393 -1.929640 1.221114 1.172742 0.158804 -1.000000 
0.454622 1.911470 -0.021223 -2.038549 -1.919651 1.275559 1.173936 0.140206 -1.000000 
0.469593 1.831198 -0.037499 -2.029962 -1.909242 1.325971 1.174992 0.124254 -1.000000 
0.483918 1.749873 -0.053696 -2.018746 -1.898447 1.372234 1.175930 0.110542 -1.000000 
0.497589 1.667760 -0.069792 -2.005029 -1.887298 1.414254 1.176766 0.098725 -1.000000 
0.510601 1.585115 -0.085770 -1.988943 -1.875830 1.451963 1.177514 0.088511 -1.000000 
0.522950 1.502191 -0.101609 -1.970629 -1.864078 1.485312 1.178185 0.079655 -1.000000 
0.534636 1.419230 -0.117294 -1.950232 -1.852077 1.514273 1.178791 0.071950 -1.000000 
0.545658 1.336465 -0.132808 -1.927903 -1.839861 1.538840 1.179339 0.065225 -1.000000 
0.556020 1.254119 -0.148136 -1.903793 -1.827467 1.559024 1.179837 0.059335 -1.000000 
0.565726 1.172399 -0.163264 -1.878058 -1.814929 1.574856 1.180291 0.054159 -1.000000 
0.574781 1.091505 -0.178181 -1.850852 -1.802281 1.586382 1.180705 0.049595 -1.000000 
0.583193 1.011619 -0.192875 -1.822329 -1.789558 1.593663 1.181085 0.045558 -1.000000 
0.590970 0.932910 -0.207335 -1.792641 -1.776793 1.596777 1.181435 0.041975 -1.000000 
0.598123 0.855534 -0.221554 -1.761938 -1.764020 1.595811 1.181758 0.038787 -1.000000 
0.604662 0.779630 -0.235524 -1.730364 -1.751271 1.590865 1.182057 0.035941 -1.000000 
0.610601 0.705323 -0.249238 -1.698061 -1.738577 1.582050 1.182334 0.033393 -1.000000 
0.615952 0.632722 -0.262691 -1.665165 -1.725968 1.569484 1.182592 0.031106 -1.000000 
0.620729 0.561924 -0.275879 -1.631806 -1.713475 1.553293 1.182832 0.029049 -1.000000 
0.624948 0.493008 -0.288799 -1.598107 -1.701125 1.533611 1.183057 0.027193 -1.000000 
0.628623 0.426041 -0.301448 -1.564184 -1.688946 1.510573 1.183268 0.025515 -1.000000 
0.631770 0.361074 -0.313826 -1.530146 -1.676964 1.484322 1.183466 0.023995 -1.000000 
0.634405 0.298147 -0.325931 -1.496095 -1.665205 1.455000 1.183652 0.022615 -1.000000 
0.000000 0.000000 0.000000 0.000000 0.000000 0.000000 0.000000 0.000000 0.000000 
