0.018383 1.315215 0.636103 0.551615 -1.590285 0.272758 0.119986 0.094306 -1.000000 
0.028896 1.312971 0.640384 0.518822 -1.588115 0.269834 0.120731 0.092004 -1.000000 
0.039389 1.310196 0.644403 0.485939 -1.585969 0.266513 0.121458 0.089816 -1.000000 
0.049858 1.306897 0.648159 0.452983 -1.583852 0.262800 0.122169 0.087737 -1.000000 
0.060298 1.303076 0.651651 0.419964 -1.581765 0.258701 0.122862 0.085762 -1.000000 
0.070705 1.298740 0.654878 0.386897 -1.579713 0.254223 0.123541 0.083887 -1.000000 
0.081076 1.293894 0.657841 0.353793 -1.577699 0.249373 0.124205 0.082109 -1.000000 
0.091406 1.288542 0.660539 0.320665 -1.575724 0.244158 0.124855 0.080424 -1.000000 
0.101692 1.282690 0.662972 0.287525 -1.573793 0.238587 0.125492 0.078827 -1.000000 
0.111928 1.276344 0.665139 0.254385 -1.571908 0.232668 0.126116 0.077316 -1.000000 
0.122112 1.269509 0.667042 0.221255 -1.570071 0.226410 0.126729 0.075888 -1.000000 
0.132239 1.262189 0.668680 0.188147 -1.568286 0.219823 0.127331 0.074539 -1.000000 
0.142306 1.254391 0.670052 0.155070 -1.566555 0.212916 0.127922 0.073266 -1.000000 
0.152308 1.246120 0.671161 0.122036 -1.564880 0.205701 0.128503 0.072066 -1.000000 
0.162242 1.237381 0.672005 0.089055 -1.563265 0.198188 0.129075 0.070937 -1.000000 
0.172105 1.228178 0.672586 0.056135 -1.561710 0.190388 0.129639 0.069877 -1.000000 
0.181892 1.218519 0.672904 0.023286 -1.560219 0.182313 0.130194 0.068883 -1.000000 
0.191600 1.208406 0.672959 -0.009482 -1.558794 0.173975 0.130741 0.067952 -1.000000 
0.201225 1.197847 0.672752 -0.042162 -1.557436 0.165386 0.131281 0.067084 -1.000000 
0.210764 1.186844 0.672284 -0.074743 -1.556148 0.156559 0.131814 0.066275 -1.000000 
0.220214 1.175405 0.671556 -0.107219 -1.554932 0.147507 0.132341 0.065524 -1.000000 
0.229570 1.163533 0.670569 -0.139580 -1.553789 0.138244 0.132863 0.064830 -1.000000 
0.238829 1.151233 0.669323 -0.171820 -1.552720 0.128782 0.133379 0.064190 -1.000000 
0.247988 1.138510 0.667820 -0.203930 -1.551729 0.119135 0.133890 0.063605 -1.000000 
0.257044 1.125368 0.666061 -0.235903 -1.550815 0.109318 0.134397 0.063071 -1.000000 
0.265993 1.111812 0.664046 -0.267731 -1.549980 0.099345 0.134899 0.062589 -1.000000 
0.274832 1.097847 0.661778 -0.299408 -1.549226 0.089230 0.135398 0.062157 -1.000000 
0.283558 1.083476 0.659256 -0.330926 -1.548553 0.078989 0.135894 0.061774 -1.000000 
0.292166 1.068704 0.656483 -0.362279 -1.547962 0.068635 0.136387 0.061439 -1.000000 
0.300656 1.053535 0.653460 -0.393459 -1.547455 0.058184 0.136877 0.061153 -1.000000 
0.309022 1.037973 0.650188 -0.424460 -1.547031 0.047650 0.137365 0.060913 -1.000000 
0.317262 1.022021 0.646669 -0.455275 -1.546693 0.037050 0.137852 0.060720 -1.000000 
0.325373 1.005685 0.642905 -0.485898 -1.546439 0.026398 0.138337 0.060573 -1.000000 
0.333352 0.988967 0.638896 -0.516322 -1.546270 0.015710 0.138821 0.060472 -1.000000 
0.341196 0.971872 0.634644 -0.546540 -1.546187 0.005001 0.139305 0.060418 -1.000000 
0.348901 0.954402 0.630151 -0.576546 -1.546190 -0.005713 0.139788 0.060408 -1.000000 
0.356465 0.936563 0.625420 -0.606332 -1.546279 -0.016417 0.140271 0.060445 -1.000000 
0.363885 0.918356 0.620451 -0.635894 -1.546453 -0.027095 0.140755 0.060527 -1.000000 
0.371158 0.899787 0.615246 -0.665223 -1.546712 -0.037732 0.141240 0.060656 -1.000000 
0.378281 0.880858 0.609808 -0.694313 -1.547056 -0.048312 0.141726 0.060831 -1.000000 
0.385251 0.861573 0.604138 -0.723157 -1.547485 -0.058821 0.142213 0.061053 -1.000000 
0.392065 0.841936 0.598238 -0.751748 -1.547997 -0.069242 0.142703 0.061323 -1.000000 
0.398721 0.821950 0.592110 -0.780079 -1.548593 -0.079561 0.143195 0.061641 -1.000000 
0.405215 0.801619 0.585757 -0.808143 -1.549270 -0.089762 0.143689 0.062008 -1.000000 
0.411546 0.780947 0.579181 -0.835932 -1.550028 -0.099830 0.144187 0.062425 -1.000000 
0.417710 0.759937 0.572383 -0.863439 -1.550867 -0.109750 0.144688 0.062892 -1.000000 
0.423704 0.738592 0.565367 -0.890657 -1.551784 -0.119509 0.145193 0.063412 -1.000000 
0.429526 0.716919 0.558134 -0.917577 -1.552779 -0.129090 0.145703 0.063985 -1.000000 
0.435174 0.694919 0.550686 -0.944191 -1.553849 -0.138481 0.146217 0.064613 -1.000000 
0.440644 0.672597 0.543027 -0.970491 -1.554994 -0.147666 0.146737 0.065297 -1.000000 
0.445934 0.649957 0.535159 -0.996469 -1.556211 -0.156632 0.147262 0.066039 -1.000000 
0.451042 0.627005 0.527085 -1.022116 -1.557499 -0.165366 0.147794 0.066841 -1.000000 
0.455966 0.603744 0.518806 -1.047423 -1.558856 -0.173853 0.148332 0.067705 -1.000000 
0.460702 0.580179 0.510327 -1.072382 -1.560280 -0.182082 0.148877 0.068632 -1.000000 
0.465248 0.556316 0.501649 -1.096982 -1.561769 -0.190039 0.149430 0.069626 -1.000000 
0.469602 0.532158 0.492776 -1.121216 -1.563320 -0.197711 0.149991 0.070688 -1.000000 
0.473762 0.507713 0.483711 -1.145072 -1.564931 -0.205088 0.150561 0.071822 -1.000000 
0.477724 0.482985 0.474456 -1.168541 -1.566601 -0.212156 0.151141 0.073030 -1.000000 
0.481489 0.457980 0.465015 -1.191613 -1.568325 -0.218905 0.151730 0.074315 -1.000000 
0.485051 0.432704 0.455391 -1.214277 -1.570102 -0.225324 0.152330 0.075680 -1.000000 
0.488411 0.407164 0.445588 -1.236524 -1.571929 -0.231403 0.152941 0.077129 -1.000000 
0.491565 0.381367 0.435608 -1.258342 -1.573804 -0.237131 0.153564 0.078665 -1.000000 
0.494512 0.355320 0.425456 -1.279721 -1.575722 -0.242499 0.154200 0.080292 -1.000000 
0.497250 0.329029 0.415134 -1.300649 -1.577683 -0.247497 0.154849 0.082014 -1.000000 
0.499776 0.302504 0.404646 -1.321115 -1.579681 -0.252118 0.155512 0.083836 -1.000000 
0.502089 0.275750 0.393997 -1.341109 -1.581716 -0.256352 0.156191 0.085762 -1.000000 
0.504188 0.248778 0.383190 -1.360617 -1.583782 -0.260192 0.156885 0.087797 -1.000000 
0.506069 0.221596 0.372229 -1.379630 -1.585878 -0.263632 0.157596 0.089945 -1.000000 
0.507733 0.194213 0.361117 -1.398134 -1.587999 -0.266665 0.158324 0.092212 -1.000000 
0.509176 0.166638 0.349860 -1.416119 -1.590143 -0.269284 0.159071 0.094604 -1.000000 
0.510398 0.138881 0.338461 -1.433572 -1.592306 -0.271485 0.159838 0.097125 -1.000000 
0.511398 0.110953 0.326924 -1.450481 -1.594486 -0.273262 0.160626 0.099782 -1.000000 
0.512173 0.082864 0.315254 -1.466834 -1.596677 -0.274611 0.161435 0.102580 -1.000000 
0.512723 0.054624 0.303456 -1.482620 -1.598878 -0.275529 0.162268 0.105526 -1.000000 
0.513047 0.026247 0.291534 -1.497825 -1.601085 -0.276014 0.163124 0.108627 -1.000000 
0.513143 -0.002258 0.279493 -1.512438 -1.603293 -0.276061 0.164006 0.111888 -1.000000 
0.513010 -0.030877 0.267337 -1.526448 -1.605501 -0.275671 0.164915 0.115317 -1.000000 
0.512648 -0.059598 0.255071 -1.539841 -1.607703 -0.274841 0.165852 0.118918 -1.000000 
0.512056 -0.088409 0.242701 -1.552607 -1.609897 -0.273572 0.166818 0.122700 -1.000000 
0.511234 -0.117295 0.230231 -1.564733 -1.612079 -0.271864 0.167815 0.126668 -1.000000 
0.510180 -0.146243 0.217667 -1.576208 -1.614246 -0.269718 0.168845 0.130829 -1.000000 
0.508894 -0.175239 0.205014 -1.587020 -1.616393 -0.267136 0.169909 0.135187 -1.000000 
0.507376 -0.204269 0.192276 -1.597159 -1.618519 -0.264119 0.171009 0.139748 -1.000000 
0.505625 -0.233318 0.179461 -1.606614 -1.620618 -0.260671 0.172146 0.144517 -1.000000 
0.503643 -0.262370 0.166572 -1.615372 -1.622688 -0.256796 0.173321 0.149497 -1.000000 
0.501427 -0.291411 0.153617 -1.623425 -1.624726 -0.252498 0.174538 0.154691 -1.000000 
0.498980 -0.320424 0.140600 -1.630762 -1.626727 -0.247782 0.175797 0.160101 -1.000000 
0.496301 -0.349394 0.127527 -1.637373 -1.628689 -0.242655 0.177100 0.165726 -1.000000 
0.493390 -0.378304 0.114404 -1.643248 -1.630608 -0.237122 0.178449 0.171564 -1.000000 
0.490248 -0.407138 0.101237 -1.648379 -1.632482 -0.231190 0.179846 0.177612 -1.000000 
0.486876 -0.435878 0.088031 -1.652757 -1.634306 -0.224868 0.181292 0.183864 -1.000000 
0.483274 -0.464508 0.074794 -1.656373 -1.636079 -0.218164 0.182788 0.190310 -1.000000 
0.479444 -0.493011 0.061532 -1.659220 -1.637796 -0.211087 0.184337 0.196939 -1.000000 
0.475387 -0.521368 0.048249 -1.661290 -1.639455 -0.203647 0.185940 0.203735 -1.000000 
0.471103 -0.549562 0.034953 -1.662576 -1.641053 -0.195854 0.187597 0.210679 -1.000000 
0.466594 -0.577576 0.021650 -1.663073 -1.642588 -0.187720 0.189311 0.217748 -1.000000 
0.461862 -0.605392 0.008346 -1.662774 -1.644056 -0.179256 0.191081 0.224914 -1.000000 
0.456908 -0.632991 -0.004952 -1.661674 -1.645455 -0.170474 0.192910 0.232146 -1.000000 
0.451735 -0.660355 -0.018239 -1.659769 -1.646783 -0.161387 0.194796 0.239405 -1.000000 
0.446343 -0.687466 -0.031506 -1.657055 -1.648037 -0.152009 0.196740 0.246651 -1.000000 
0.440736 -0.714305 -0.044749 -1.653528 -1.649214 -0.142355 0.198742 0.253837 -1.000000 
0.434915 -0.740856 -0.057961 -1.649186 -1.650314 -0.132437 0.200801 0.260913 -1.000000 
0.428883 -0.767098 -0.071134 -1.644027 -1.651333 -0.122272 0.202916 0.267823 -1.000000 
0.422643 -0.793015 -0.084263 -1.638049 -1.652269 -0.111876 0.205086 0.274510 -1.000000 
0.416196 -0.818588 -0.097341 -1.631252 -1.653122 -0.101264 0.207308 0.280911 -1.000000 
0.409546 -0.843798 -0.110361 -1.623636 -1.653889 -0.090454 0.209579 0.286965 -1.000000 
0.402696 -0.868629 -0.123317 -1.615202 -1.654569 -0.079462 0.211898 0.292607 -1.000000 
0.395649 -0.893062 -0.136202 -1.605952 -1.655160 -0.068306 0.214260 0.297775 -1.000000 
0.388408 -0.917079 -0.149010 -1.595888 -1.655661 -0.057004 0.216661 0.302407 -1.000000 
0.380977 -0.940664 -0.161734 -1.585014 -1.656072 -0.045575 0.219097 0.306447 -1.000000 
0.373359 -0.963800 -0.174368 -1.573333 -1.656390 -0.034037 0.221562 0.309841 -1.000000 
0.365557 -0.986469 -0.186905 -1.560850 -1.656616 -0.022410 0.224052 0.312544 -1.000000 
0.357577 -1.008654 -0.199339 -1.547571 -1.656749 -0.010713 0.226561 0.314519 -1.000000 
0.349420 -1.030341 -0.211664 -1.533503 -1.656787 0.001033 0.229083 0.315737 -1.000000 
0.341093 -1.051513 -0.223873 -1.518653 -1.656732 0.012809 0.231611 0.316179 -1.000000 
0.332598 -1.072154 -0.235961 -1.503029 -1.656582 0.024595 0.234139 0.315837 -1.000000 
0.323940 -1.092250 -0.247920 -1.486639 -1.656338 0.036369 0.236662 0.314715 -1.000000 
0.315123 -1.111787 -0.259745 -1.469495 -1.656001 0.048112 0.239173 0.312826 -1.000000 
0.306152 -1.130749 -0.271430 -1.451606 -1.655569 0.059802 0.241665 0.310195 -1.000000 
0.297033 -1.149125 -0.282969 -1.432983 -1.655044 0.071418 0.244134 0.306856 -1.000000 
0.287768 -1.166901 -0.294355 -1.413640 -1.654426 0.082941 0.246573 0.302851 -1.000000 
0.278364 -1.184065 -0.305585 -1.393588 -1.653717 0.094348 0.248978 0.298231 -1.000000 
0.268825 -1.200605 -0.316651 -1.372842 -1.652917 0.105620 0.251344 0.293052 -1.000000 
0.259156 -1.216511 -0.327549 -1.351416 -1.652028 0.116736 0.253666 0.287374 -1.000000 
0.249362 -1.231772 -0.338272 -1.329325 -1.651050 0.127675 0.255940 0.281262 -1.000000 
0.239449 -1.246378 -0.348816 -1.306585 -1.649985 0.138419 0.258165 0.274778 -1.000000 
0.229422 -1.260321 -0.359176 -1.283212 -1.648836 0.148945 0.260336 0.267989 -1.000000 
0.219286 -1.273593 -0.369346 -1.259223 -1.647603 0.159237 0.262452 0.260957 -1.000000 
0.209046 -1.286186 -0.379322 -1.234636 -1.646289 0.169274 0.264511 0.253743 -1.000000 
0.198709 -1.298093 -0.389098 -1.209468 -1.644895 0.179038 0.266511 0.246405 -1.000000 
0.188279 -1.309308 -0.398672 -1.183740 -1.643425 0.188511 0.268453 0.238997 -1.000000 
0.177762 -1.319827 -0.408037 -1.157468 -1.641880 0.197675 0.270335 0.231568 -1.000000 
0.167163 -1.329645 -0.417190 -1.130673 -1.640263 0.206514 0.272158 0.224162 -1.000000 
0.156489 -1.338758 -0.426126 -1.103375 -1.638577 0.215012 0.273922 0.216819 -1.000000 
0.145745 -1.347164 -0.434842 -1.075594 -1.636824 0.223152 0.275628 0.209573 -1.000000 
0.134936 -1.354859 -0.443334 -1.047349 -1.635007 0.230921 0.277276 0.202454 -1.000000 
0.124069 -1.361843 -0.451599 -1.018662 -1.633130 0.238303 0.278867 0.195488 -1.000000 
0.113149 -1.368115 -0.459632 -0.989554 -1.631195 0.245286 0.280404 0.188694 -1.000000 
0.102181 -1.373675 -0.467431 -0.960044 -1.629206 0.251856 0.281887 0.182090 -1.000000 
0.091172 -1.378524 -0.474992 -0.930155 -1.627167 0.258002 0.283318 0.175689 -1.000000 
0.080127 -1.382662 -0.482312 -0.899907 -1.625080 0.263714 0.284699 0.169501 -1.000000 
0.069051 -1.386092 -0.489389 -0.869321 -1.622949 0.268980 0.286031 0.163532 -1.000000 
0.057951 -1.388816 -0.496220 -0.838418 -1.620777 0.273792 0.287316 0.157786 -1.000000 
0.046832 -1.390838 -0.502803 -0.807219 -1.618569 0.278141 0.288556 0.152266 -1.000000 
0.035700 -1.392161 -0.509135 -0.775746 -1.616328 0.282019 0.289752 0.146972 -1.000000 
0.024559 -1.392789 -0.515214 -0.744017 -1.614058 0.285421 0.290908 0.141903 -1.000000 
0.013417 -1.392728 -0.521039 -0.712055 -1.611763 0.288340 0.292024 0.137054 -1.000000 
0.002278 -1.391982 -0.526607 -0.679879 -1.609446 0.290772 0.293101 0.132423 -1.000000 
-0.008853 -1.390558 -0.531916 -0.647509 -1.607112 0.292713 0.294143 0.128005 -1.000000 
-0.019970 -1.388461 -0.536966 -0.614965 -1.604764 0.294160 0.295150 0.123794 -1.000000 
-0.031067 -1.385698 -0.541755 -0.582266 -1.602406 0.295110 0.296124 0.119784 -1.000000 
-0.042139 -1.382276 -0.546282 -0.549432 -1.600043 0.295563 0.297067 0.115968 -1.000000 
-0.053181 -1.378203 -0.550546 -0.516481 -1.597679 0.295518 0.297980 0.112340 -1.000000 
-0.064188 -1.373485 -0.554546 -0.483431 -1.595316 0.294976 0.298865 0.108893 -1.000000 
-0.075155 -1.368131 -0.558281 -0.450300 -1.592960 0.293939 0.299723 0.105621 -1.000000 
-0.086077 -1.362149 -0.561750 -0.417105 -1.590615 0.292408 0.300555 0.102515 -1.000000 
-0.096948 -1.355547 -0.564954 -0.383865 -1.588283 0.290388 0.301364 0.099570 -1.000000 
-0.107764 -1.348334 -0.567892 -0.350594 -1.585970 0.287881 0.302149 0.096779 -1.000000 
-0.118520 -1.340518 -0.570564 -0.317310 -1.583678 0.284894 0.302912 0.094134 -1.000000 
-0.129211 -1.332108 -0.572969 -0.284028 -1.581413 0.281432 0.303655 0.091631 -1.000000 
-0.139832 -1.323113 -0.575108 -0.250763 -1.579177 0.277501 0.304379 0.089262 -1.000000 
-0.150379 -1.313541 -0.576981 -0.217530 -1.576974 0.273108 0.305084 0.087021 -1.000000 
-0.160847 -1.303403 -0.578589 -0.184342 -1.574808 0.268263 0.305771 0.084904 -1.000000 
-0.171232 -1.292706 -0.579931 -0.151214 -1.572683 0.262972 0.306443 0.082904 -1.000000 
-0.181529 -1.281460 -0.581008 -0.118159 -1.570602 0.257246 0.307098 0.081017 -1.000000 
-0.191734 -1.269673 -0.581822 -0.085190 -1.568568 0.251096 0.307739 0.079237 -1.000000 
-0.201842 -1.257355 -0.582372 -0.052318 -1.566585 0.244531 0.308366 0.077560 -1.000000 
-0.211850 -1.244514 -0.582659 -0.019556 -1.564657 0.237564 0.308980 0.075981 -1.000000 
-0.221753 -1.231159 -0.582685 0.013086 -1.562785 0.230206 0.309582 0.074497 -1.000000 
-0.231547 -1.217299 -0.582450 0.045595 -1.560974 0.222470 0.310173 0.073103 -1.000000 
-0.241229 -1.202941 -0.581956 0.077962 -1.559227 0.214370 0.310752 0.071795 -1.000000 
-0.250793 -1.188095 -0.581203 0.110178 -1.557545 0.205919 0.311322 0.070571 -1.000000 
-0.260237 -1.172768 -0.580193 0.142231 -1.555933 0.197131 0.311881 0.069427 -1.000000 
-0.269556 -1.156969 -0.578928 0.174113 -1.554392 0.188022 0.312433 0.068359 -1.000000 
-0.278747 -1.140705 -0.577408 0.205815 -1.552926 0.178607 0.312975 0.067366 -1.000000 
-0.287806 -1.123983 -0.575635 0.237329 -1.551535 0.168901 0.313511 0.066444 -1.000000 
-0.296730 -1.106813 -0.573611 0.268645 -1.550224 0.158921 0.314039 0.065591 -1.000000 
-0.305514 -1.089199 -0.571338 0.299758 -1.548993 0.148683 0.314560 0.064806 -1.000000 
-0.314156 -1.071150 -0.568816 0.330658 -1.547846 0.138205 0.315076 0.064085 -1.000000 
-0.322651 -1.052673 -0.566048 0.361338 -1.546783 0.127503 0.315586 0.063427 -1.000000 
-0.330997 -1.033774 -0.563035 0.391792 -1.545806 0.116595 0.316091 0.062830 -1.000000 
-0.339191 -1.014459 -0.559780 0.422012 -1.544918 0.105499 0.316591 0.062294 -1.000000 
-0.347228 -0.994735 -0.556283 0.451991 -1.544118 0.094234 0.317088 0.061815 -1.000000 
-0.355105 -0.974608 -0.552548 0.481724 -1.543410 0.082817 0.317580 0.061394 -1.000000 
-0.362820 -0.954084 -0.548577 0.511202 -1.542794 0.071267 0.318070 0.061029 -1.000000 
-0.370370 -0.933168 -0.544370 0.540422 -1.542270 0.059604 0.318557 0.060720 -1.000000 
-0.377750 -0.911866 -0.539930 0.569375 -1.541840 0.047846 0.319042 0.060465 -1.000000 
-0.384958 -0.890184 -0.535261 0.598055 -1.541505 0.036012 0.319525 0.060263 -1.000000 
-0.391992 -0.868127 -0.530362 0.626458 -1.541264 0.024122 0.320006 0.060116 -1.000000 
-0.398847 -0.845699 -0.525238 0.654575 -1.541119 0.012194 0.320487 0.060021 -1.000000 
-0.405522 -0.822907 -0.519890 0.682402 -1.541069 0.000250 0.320967 0.059980 -1.000000 
-0.412013 -0.799754 -0.514320 0.709931 -1.541115 -0.011694 0.321446 0.059991 -1.000000 
-0.418317 -0.776247 -0.508532 0.737157 -1.541256 -0.023615 0.321927 0.060055 -1.000000 
-0.424432 -0.752389 -0.502527 0.764073 -1.541493 -0.035496 0.322407 0.060173 -1.000000 
-0.430355 -0.728186 -0.496307 0.790673 -1.541824 -0.047317 0.322889 0.060344 -1.000000 
-0.436082 -0.703642 -0.489877 0.816950 -1.542250 -0.059057 0.323373 0.060570 -1.000000 
-0.441612 -0.678762 -0.483237 0.842897 -1.542769 -0.070699 0.323859 0.060850 -1.000000 
-0.446941 -0.653552 -0.476391 0.868507 -1.543381 -0.082223 0.324347 0.061186 -1.000000 
-0.452068 -0.628015 -0.469342 0.893773 -1.544084 -0.093609 0.324838 0.061579 -1.000000 
-0.456989 -0.602157 -0.462092 0.918688 -1.544878 -0.104839 0.325332 0.062030 -1.000000 
-0.461702 -0.575983 -0.454644 0.943244 -1.545761 -0.115895 0.325831 0.062539 -1.000000 
-0.466204 -0.549499 -0.447001 0.967434 -1.546732 -0.126756 0.326333 0.063110 -1.000000 
-0.470493 -0.522709 -0.439166 0.991248 -1.547788 -0.137406 0.326840 0.063743 -1.000000 
-0.474566 -0.495619 -0.431142 1.014680 -1.548930 -0.147826 0.327353 0.064440 -1.000000 
-0.478422 -0.468235 -0.422932 1.037720 -1.550153 -0.157999 0.327872 0.065203 -1.000000 
-0.482057 -0.440563 -0.414540 1.060360 -1.551457 -0.167907 0.328397 0.066035 -1.000000 
-0.485470 -0.412609 -0.405967 1.082590 -1.552839 -0.177533 0.328928 0.066937 -1.000000 
-0.488658 -0.384379 -0.397219 1.104402 -1.554297 -0.186859 0.329468 0.067914 -1.000000 
-0.491619 -0.355881 -0.388298 1.125785 -1.555828 -0.195871 0.330015 0.068966 -1.000000 
-0.494352 -0.327121 -0.379208 1.146729 -1.557430 -0.204552 0.330571 0.070098 -1.000000 
-0.496853 -0.298108 -0.369952 1.167225 -1.559100 -0.212886 0.331137 0.071314 -1.000000 
-0.499121 -0.268848 -0.360533 1.187261 -1.560835 -0.220859 0.331713 0.072615 -1.000000 
-0.501154 -0.239350 -0.350957 1.206828 -1.562632 -0.228456 0.332299 0.074008 -1.000000 
-0.502950 -0.209622 -0.341226 1.225914 -1.564489 -0.235663 0.332897 0.075495 -1.000000 
-0.504507 -0.179674 -0.331343 1.244508 -1.566402 -0.242466 0.333507 0.077081 -1.000000 
-0.505824 -0.149516 -0.321315 1.262598 -1.568367 -0.248854 0.334131 0.078771 -1.000000 
-0.506899 -0.119156 -0.311143 1.280173 -1.570382 -0.254812 0.334768 0.080570 -1.000000 
-0.507730 -0.088606 -0.300833 1.297221 -1.572443 -0.260331 0.335420 0.082484 -1.000000 
-0.508316 -0.057877 -0.290389 1.313729 -1.574546 -0.265398 0.336088 0.084519 -1.000000 
-0.508655 -0.026979 -0.279815 1.329686 -1.576688 -0.270004 0.336773 0.086680 -1.000000 
-0.508747 0.004075 -0.269116 1.345079 -1.578865 -0.274139 0.337475 0.088974 -1.000000 
-0.508590 0.035273 -0.258295 1.359895 -1.581073 -0.277794 0.338197 0.091408 -1.000000 
-0.508182 0.066601 -0.247359 1.374122 -1.583309 -0.280961 0.338938 0.093990 -1.000000 
-0.507524 0.098046 -0.236311 1.387747 -1.585567 -0.283632 0.339701 0.096726 -1.000000 
-0.506613 0.129594 -0.225157 1.400757 -1.587845 -0.285801 0.340486 0.099626 -1.000000 
-0.505450 0.161231 -0.213901 1.413139 -1.590139 -0.287462 0.341295 0.102696 -1.000000 
-0.504034 0.192941 -0.202548 1.424882 -1.592443 -0.288609 0.342130 0.105947 -1.000000 
-0.502363 0.224708 -0.191104 1.435971 -1.594755 -0.289240 0.342991 0.109387 -1.000000 
-0.500438 0.256517 -0.179574 1.446394 -1.597070 -0.289351 0.343881 0.113024 -1.000000 
-0.498259 0.288350 -0.167964 1.456139 -1.599383 -0.288938 0.344800 0.116870 -1.000000 
-0.495824 0.320190 -0.156278 1.465193 -1.601692 -0.288001 0.345751 0.120933 -1.000000 
-0.493136 0.352019 -0.144523 1.473544 -1.603990 -0.286539 0.346735 0.125223 -1.000000 
-0.490192 0.383819 -0.132703 1.481179 -1.606275 -0.284552 0.347755 0.129749 -1.000000 
-0.486995 0.415571 -0.120826 1.488088 -1.608541 -0.282041 0.348812 0.134521 -1.000000 
-0.483543 0.447256 -0.108896 1.494258 -1.610786 -0.279009 0.349908 0.139547 -1.000000 
-0.479839 0.478853 -0.096920 1.499678 -1.613004 -0.275458 0.351046 0.144837 -1.000000 
-0.475882 0.510343 -0.084903 1.504337 -1.615192 -0.271393 0.352226 0.150397 -1.000000 
-0.471674 0.541705 -0.072852 1.508226 -1.617345 -0.266817 0.353453 0.156235 -1.000000 
-0.467215 0.572918 -0.060773 1.511332 -1.619460 -0.261738 0.354727 0.162355 -1.000000 
-0.462507 0.603961 -0.048673 1.513648 -1.621532 -0.256162 0.356051 0.168759 -1.000000 
-0.457552 0.634812 -0.036557 1.515164 -1.623557 -0.250096 0.357428 0.175450 -1.000000 
-0.452351 0.665448 -0.024433 1.515872 -1.625532 -0.243549 0.358859 0.182426 -1.000000 
-0.446906 0.695848 -0.012305 1.515762 -1.627453 -0.236531 0.360347 0.189681 -1.000000 
-0.441218 0.725989 -0.000183 1.514829 -1.629315 -0.229052 0.361895 0.197207 -1.000000 
-0.435291 0.755848 0.011930 1.513065 -1.631116 -0.221124 0.363503 0.204990 -1.000000 
-0.429125 0.785402 0.024024 1.510464 -1.632852 -0.212758 0.365175 0.213012 -1.000000 
-0.422725 0.814629 0.036095 1.507021 -1.634519 -0.203968 0.366912 0.221249 -1.000000 
-0.416092 0.843504 0.048134 1.502730 -1.636114 -0.194768 0.368716 0.229672 -1.000000 
-0.409230 0.872005 0.060136 1.497589 -1.637634 -0.185172 0.370587 0.238242 -1.000000 
-0.402141 0.900109 0.072094 1.491594 -1.639076 -0.175197 0.372528 0.246916 -1.000000 
-0.394829 0.927791 0.083999 1.484742 -1.640437 -0.164860 0.374538 0.255642 -1.000000 
-0.387298 0.955029 0.095847 1.477033 -1.641713 -0.154176 0.376618 0.264359 -1.000000 
-0.379550 0.981800 0.107630 1.468465 -1.642902 -0.143165 0.378768 0.273000 -1.000000 
-0.371590 1.008081 0.119340 1.459038 -1.644003 -0.131845 0.380986 0.281490 -1.000000 
-0.363422 1.033848 0.130972 1.448755 -1.645011 -0.120237 0.383271 0.289748 -1.000000 
-0.355050 1.059080 0.142518 1.437617 -1.645926 -0.108360 0.385621 0.297687 -1.000000 
-0.346478 1.083753 0.153972 1.425627 -1.646744 -0.096236 0.388033 0.305214 -1.000000 
-0.337712 1.107846 0.165326 1.412789 -1.647465 -0.083886 0.390503 0.312237 -1.000000 
-0.328754 1.131337 0.176574 1.399109 -1.648086 -0.071334 0.393027 0.318661 -1.000000 
-0.319612 1.154204 0.187709 1.384592 -1.648606 -0.058602 0.395600 0.324396 -1.000000 
-0.310289 1.176428 0.198725 1.369245 -1.649023 -0.045713 0.398215 0.329354 -1.000000 
-0.300791 1.197987 0.209615 1.353077 -1.649337 -0.032694 0.400867 0.333458 -1.000000 
-0.291123 1.218862 0.220372 1.336097 -1.649546 -0.019567 0.403548 0.336639 -1.000000 
-0.281291 1.239033 0.230990 1.318315 -1.649650 -0.006360 0.406251 0.338842 -1.000000 
-0.271300 1.258482 0.241463 1.299743 -1.649648 0.006903 0.408967 0.340028 -1.000000 
-0.261157 1.277191 0.251784 1.280392 -1.649539 0.020196 0.411688 0.340173 -1.000000 
-0.250867 1.295144 0.261947 1.260276 -1.649324 0.033491 0.414407 0.339272 -1.000000 
-0.240437 1.312323 0.271947 1.239410 -1.649003 0.046761 0.417114 0.337338 -1.000000 
-0.229872 1.328715 0.281776 1.217809 -1.648576 0.059980 0.419801 0.334400 -1.000000 
-0.219180 1.344303 0.291430 1.195489 -1.648044 0.073121 0.422462 0.330506 -1.000000 
-0.208366 1.359075 0.300902 1.172469 -1.647407 0.086156 0.425087 0.325717 -1.000000 
-0.197437 1.373018 0.310187 1.148765 -1.646666 0.099058 0.427671 0.320106 -1.000000 
-0.186400 1.386121 0.319280 1.124399 -1.645822 0.111800 0.430207 0.313756 -1.000000 
-0.175261 1.398373 0.328176 1.099389 -1.644878 0.124354 0.432689 0.306759 -1.000000 
-0.164028 1.409765 0.336869 1.073756 -1.643833 0.136695 0.435114 0.299208 -1.000000 
-0.152707 1.420290 0.345355 1.047523 -1.642691 0.148795 0.437475 0.291199 -1.000000 
-0.141306 1.429939 0.353628 1.020712 -1.641453 0.160630 0.439772 0.282829 -1.000000 
-0.129830 1.438708 0.361684 0.993345 -1.640122 0.172173 0.442000 0.274187 -1.000000 
-0.118289 1.446590 0.369520 0.965447 -1.638699 0.183400 0.444158 0.265363 -1.000000 
-0.106687 1.453584 0.377130 0.937042 -1.637188 0.194286 0.446246 0.256435 -1.000000 
-0.095034 1.459687 0.384511 0.908155 -1.635592 0.204809 0.448261 0.247478 -1.000000 
-0.083335 1.464897 0.391660 0.878809 -1.633912 0.214945 0.450205 0.238557 -1.000000 
-0.071598 1.469214 0.398571 0.849032 -1.632154 0.224673 0.452078 0.229730 -1.000000 
-0.059830 1.472639 0.405243 0.818848 -1.630319 0.233972 0.453881 0.221046 -1.000000 
-0.048038 1.475175 0.411672 0.788284 -1.628411 0.242823 0.455616 0.212546 -1.000000 
-0.036229 1.476825 0.417855 0.757365 -1.626435 0.251207 0.457283 0.204265 -1.000000 
-0.024411 1.477593 0.423789 0.726118 -1.624393 0.259105 0.458884 0.196230 -1.000000 
-0.012590 1.477484 0.429472 0.694569 -1.622290 0.266502 0.460423 0.188463 -1.000000 
-0.000774 1.476504 0.434901 0.662743 -1.620131 0.273382 0.461901 0.180977 -1.000000 
0.011032 1.474661 0.440075 0.630667 -1.617918 0.279731 0.463319 0.173784 -1.000000 
0.022819 1.471963 0.444991 0.598366 -1.615656 0.285535 0.464682 0.166890 -1.000000 
0.034581 1.468418 0.449648 0.565866 -1.613351 0.290784 0.465991 0.160297 -1.000000 
0.046311 1.464035 0.454045 0.533192 -1.611005 0.295466 0.467248 0.154006 -1.000000 
0.058003 1.458826 0.458179 0.500369 -1.608625 0.299573 0.468455 0.148012 -1.000000 
0.069650 1.452802 0.462050 0.467421 -1.606214 0.303096 0.469616 0.142310 -1.000000 
0.081246 1.445973 0.465657 0.434372 -1.603777 0.306029 0.470733 0.136895 -1.000000 
0.092784 1.438352 0.469000 0.401247 -1.601319 0.308366 0.471808 0.131758 -1.000000 
0.104257 1.429951 0.472077 0.368067 -1.598845 0.310104 0.472842 0.126889 -1.000000 
0.115661 1.420785 0.474889 0.334856 -1.596359 0.311239 0.473838 0.122280 -1.000000 
0.126988 1.410866 0.477435 0.301635 -1.593866 0.311771 0.474799 0.117920 -1.000000 
0.138233 1.400207 0.479715 0.268426 -1.591372 0.311698 0.475726 0.113799 -1.000000 
0.149389 1.388824 0.481730 0.235248 -1.588881 0.311023 0.476621 0.109907 -1.000000 
0.160452 1.376731 0.483479 0.202123 -1.586397 0.309746 0.477485 0.106234 -1.000000 
0.171415 1.363941 0.484964 0.169069 -1.583926 0.307872 0.478321 0.102768 -1.000000 
0.182273 1.350471 0.486184 0.136105 -1.581473 0.305405 0.479130 0.099501 -1.000000 
0.193021 1.336333 0.487142 0.103248 -1.579042 0.302352 0.479913 0.096423 -1.000000 
0.203653 1.321544 0.487837 0.070517 -1.576637 0.298718 0.480673 0.093524 -1.000000 
0.214164 1.306118 0.488270 0.037926 -1.574264 0.294513 0.481410 0.090795 -1.000000 
0.224549 1.290069 0.488444 0.005493 -1.571926 0.289745 0.482126 0.088228 -1.000000 
0.234803 1.273412 0.488359 -0.026769 -1.569629 0.284424 0.482822 0.085815 -1.000000 
0.244922 1.256162 0.488016 -0.058844 -1.567377 0.278562 0.483500 0.083548 -1.000000 
0.254901 1.238332 0.487418 -0.090719 -1.565174 0.272171 0.484159 0.081420 -1.000000 
0.264734 1.219937 0.486565 -0.122382 -1.563023 0.265265 0.484803 0.079424 -1.000000 
0.274418 1.200990 0.485460 -0.153819 -1.560931 0.257856 0.485430 0.077553 -1.000000 
0.283948 1.181505 0.484105 -0.185020 -1.558899 0.249961 0.486044 0.075801 -1.000000 
0.293321 1.161495 0.482501 -0.215974 -1.556932 0.241595 0.486644 0.074163 -1.000000 
0.302531 1.140973 0.480650 -0.246670 -1.555035 0.232775 0.487231 0.072634 -1.000000 
0.311575 1.119951 0.478555 -0.277098 -1.553209 0.223518 0.487806 0.071208 -1.000000 
0.320449 1.098442 0.476217 -0.307249 -1.551460 0.213843 0.488370 0.069880 -1.000000 
0.329149 1.076456 0.473639 -0.337115 -1.549789 0.203768 0.488924 0.068647 -1.000000 
0.337671 1.054006 0.470824 -0.366687 -1.548200 0.193313 0.489469 0.067505 -1.000000 
0.346012 1.031102 0.467773 -0.395958 -1.546697 0.182498 0.490005 0.066450 -1.000000 
0.354167 1.007756 0.464490 -0.424919 -1.545281 0.171343 0.490532 0.065478 -1.000000 
0.362135 0.983976 0.460975 -0.453565 -1.543956 0.159871 0.491053 0.064586 -1.000000 
0.369910 0.959773 0.457233 -0.481889 -1.542724 0.148102 0.491566 0.063772 -1.000000 
0.377490 0.935156 0.453266 -0.509884 -1.541587 0.136060 0.492073 0.063034 -1.000000 
0.384871 0.910134 0.449076 -0.537544 -1.540548 0.123766 0.492575 0.062368 -1.000000 
0.392051 0.884716 0.444666 -0.564864 -1.539608 0.111244 0.493071 0.061773 -1.000000 
0.399026 0.858910 0.440039 -0.591838 -1.538768 0.098518 0.493563 0.061247 -1.000000 
0.405792 0.832724 0.435198 -0.618461 -1.538032 0.085611 0.494051 0.060788 -1.000000 
0.412348 0.806165 0.430145 -0.644727 -1.537399 0.072548 0.494536 0.060395 -1.000000 
0.418690 0.779241 0.424883 -0.670631 -1.536871 0.059352 0.495018 0.060067 -1.000000 
0.424815 0.751959 0.419416 -0.696168 -1.536450 0.046048 0.495497 0.059803 -1.000000 
0.430721 0.724325 0.413745 -0.721332 -1.536135 0.032662 0.495975 0.059603 -1.000000 
0.436403 0.696346 0.407875 -0.746120 -1.535927 0.019217 0.496451 0.059464 -1.000000 
0.441861 0.668029 0.401808 -0.770524 -1.535827 0.005739 0.496926 0.059388 -1.000000 
0.447091 0.639379 0.395548 -0.794541 -1.535835 -0.007746 0.497401 0.059374 -1.000000 
0.452090 0.610402 0.389097 -0.818165 -1.535951 -0.021215 0.497877 0.059422 -1.000000 
0.456857 0.581105 0.382458 -0.841389 -1.536175 -0.034641 0.498352 0.059533 -1.000000 
0.461387 0.551494 0.375636 -0.864208 -1.536505 -0.047999 0.498829 0.059706 -1.000000 
0.465680 0.521573 0.368632 -0.886617 -1.536943 -0.061266 0.499308 0.059943 -1.000000 
0.469732 0.491350 0.361451 -0.908608 -1.537485 -0.074414 0.499789 0.060245 -1.000000 
0.473541 0.460831 0.354096 -0.930176 -1.538133 -0.087421 0.500272 0.060611 -1.000000 
0.477104 0.430020 0.346569 -0.951313 -1.538884 -0.100261 0.500758 0.061045 -1.000000 
0.480420 0.398926 0.338876 -0.972012 -1.539736 -0.112909 0.501249 0.061547 -1.000000 
0.483486 0.367553 0.331018 -0.992266 -1.540690 -0.125342 0.501743 0.062119 -1.000000 
0.486300 0.335910 0.323001 -1.012068 -1.541741 -0.137535 0.502243 0.062763 -1.000000 
0.488860 0.304002 0.314826 -1.031408 -1.542889 -0.149466 0.502748 0.063482 -1.000000 
0.491164 0.271837 0.306499 -1.050279 -1.544132 -0.161110 0.503259 0.064277 -1.000000 
0.493209 0.239423 0.298023 -1.068672 -1.545466 -0.172445 0.503776 0.065153 -1.000000 
0.494994 0.206767 0.289402 -1.086577 -1.546890 -0.183448 0.504301 0.066111 -1.000000 
0.496516 0.173879 0.280639 -1.103984 -1.548401 -0.194099 0.504834 0.067156 -1.000000 
0.497775 0.140767 0.271740 -1.120885 -1.549995 -0.204374 0.505376 0.068291 -1.000000 
0.498768 0.107441 0.262707 -1.137268 -1.551670 -0.214253 0.505927 0.069520 -1.000000 
0.499494 0.073911 0.253545 -1.153122 -1.553422 -0.223717 0.506489 0.070847 -1.000000 
0.499950 0.040187 0.244258 -1.168438 -1.555248 -0.232744 0.507061 0.072279 -1.000000 
0.500136 0.006280 0.234851 -1.183203 -1.557144 -0.241317 0.507646 0.073819 -1.000000 
0.500050 -0.027796 0.225328 -1.197405 -1.559108 -0.249417 0.508243 0.075474 -1.000000 
0.499691 -0.062031 0.215694 -1.211034 -1.561134 -0.257026 0.508853 0.077250 -1.000000 
0.499057 -0.096410 0.205953 -1.224076 -1.563219 -0.264128 0.509479 0.079153 -1.000000 
0.498148 -0.130919 0.196111 -1.236519 -1.565358 -0.270706 0.510120 0.081192 -1.000000 
0.496962 -0.165544 0.186171 -1.248351 -1.567549 -0.276746 0.510778 0.083372 -1.000000 
0.495499 -0.200269 0.176139 -1.259557 -1.569785 -0.282233 0.511455 0.085703 -1.000000 
0.493758 -0.235078 0.166019 -1.270127 -1.572063 -0.287154 0.512150 0.088194 -1.000000 
0.491738 -0.269954 0.155818 -1.280045 -1.574378 -0.291496 0.512866 0.090854 -1.000000 
0.489438 -0.304878 0.145541 -1.289300 -1.576725 -0.295250 0.513604 0.093693 -1.000000 
0.486860 -0.339832 0.135191 -1.297877 -1.579100 -0.298403 0.514366 0.096722 -1.000000 
0.484001 -0.374797 0.124776 -1.305763 -1.581498 -0.300947 0.515152 0.099953 -1.000000 
0.480863 -0.409751 0.114301 -1.312946 -1.583914 -0.302873 0.515966 0.103396 -1.000000 
0.477445 -0.444674 0.103771 -1.319412 -1.586342 -0.304176 0.516807 0.107066 -1.000000 
0.473748 -0.479544 0.093192 -1.325147 -1.588779 -0.304849 0.517679 0.110975 -1.000000 
0.469773 -0.514338 0.082571 -1.330139 -1.591218 -0.304887 0.518584 0.115137 -1.000000 
0.465519 -0.549033 0.071912 -1.334376 -1.593655 -0.304287 0.519522 0.119566 -1.000000 
0.460988 -0.583603 0.061223 -1.337844 -1.596085 -0.303047 0.520497 0.124278 -1.000000 
0.456182 -0.618025 0.050509 -1.340533 -1.598502 -0.301166 0.521511 0.129286 -1.000000 
0.451100 -0.652273 0.039776 -1.342430 -1.600902 -0.298644 0.522567 0.134607 -1.000000 
0.445746 -0.686320 0.029032 -1.343524 -1.603279 -0.295484 0.523666 0.140254 -1.000000 
0.440120 -0.720139 0.018282 -1.343804 -1.605628 -0.291687 0.524812 0.146243 -1.000000 
0.434224 -0.753703 0.007533 -1.343261 -1.607944 -0.287259 0.526007 0.152588 -1.000000 
0.428061 -0.786984 -0.003208 -1.341884 -1.610223 -0.282204 0.527254 0.159300 -1.000000 
0.421633 -0.819953 -0.013935 -1.339664 -1.612458 -0.276531 0.528557 0.166392 -1.000000 
0.414943 -0.852581 -0.024640 -1.336594 -1.614645 -0.270246 0.529917 0.173871 -1.000000 
0.407993 -0.884839 -0.035318 -1.332666 -1.616780 -0.263360 0.531340 0.181743 -1.000000 
0.400787 -0.916697 -0.045961 -1.327872 -1.618858 -0.255883 0.532826 0.190011 -1.000000 
0.393327 -0.948125 -0.056561 -1.322208 -1.620873 -0.247828 0.534381 0.198672 -1.000000 
0.385618 -0.979092 -0.067114 -1.315668 -1.622821 -0.239208 0.536006 0.207716 -1.000000 
0.377663 -1.009569 -0.077610 -1.308247 -1.624699 -0.230038 0.537705 0.217130 -1.000000 
0.369466 -1.039524 -0.088043 -1.299943 -1.626501 -0.220335 0.539481 0.226888 -1.000000 
0.361032 -1.068927 -0.098406 -1.290753 -1.628223 -0.210114 0.541336 0.236960 -1.000000 
0.352365 -1.097748 -0.108693 -1.280677 -1.629861 -0.199395 0.543273 0.247300 -1.000000 
0.343470 -1.125956 -0.118895 -1.269713 -1.631412 -0.188198 0.545294 0.257854 -1.000000 
0.334351 -1.153520 -0.129006 -1.257864 -1.632871 -0.176544 0.547399 0.268555 -1.000000 
0.325015 -1.180410 -0.139018 -1.245131 -1.634235 -0.164455 0.549591 0.279321 -1.000000 
0.315467 -1.206598 -0.148926 -1.231517 -1.635501 -0.151954 0.551868 0.290058 -1.000000 
0.305712 -1.232052 -0.158720 -1.217027 -1.636665 -0.139065 0.554231 0.300657 -1.000000 
0.295756 -1.256744 -0.168396 -1.201667 -1.637725 -0.125815 0.556678 0.310997 -1.000000 
0.285606 -1.280645 -0.177945 -1.185443 -1.638678 -0.112230 0.559206 0.320948 -1.000000 
0.275268 -1.303728 -0.187360 -1.168364 -1.639520 -0.098339 0.561812 0.330368 -1.000000 
0.264748 -1.325965 -0.196636 -1.150440 -1.640250 -0.084169 0.564490 0.339112 -1.000000 
0.000000 0.000000 0.000000 0.000000 0.000000 0.000000 0.000000 0.000000 0.000000 
