-0.845163 1.391168 -0.372841 -0.637697 -1.564498 -1.513856 0.929760 -0.017033 -1.000000 
-0.833796 1.450740 -0.377843 -0.612599 -1.576744 -1.547292 0.929620 -0.017866 -1.000000 
-0.821948 1.511428 -0.382640 -0.586321 -1.589248 -1.578348 0.929474 -0.018772 -1.000000 
-0.809610 1.573181 -0.387221 -0.558837 -1.601991 -1.606918 0.929320 -0.019759 -1.000000 
-0.796774 1.635936 -0.391578 -0.530128 -1.614952 -1.632897 0.929157 -0.020836 -1.000000 
-0.783433 1.699625 -0.395700 -0.500176 -1.628110 -1.656181 0.928986 -0.022012 -1.000000 
-0.769578 1.764168 -0.399577 -0.468968 -1.641444 -1.676669 0.928805 -0.023299 -1.000000 
-0.755204 1.829478 -0.403200 -0.436495 -1.654929 -1.694259 0.928613 -0.024710 -1.000000 
-0.740305 1.895456 -0.406558 -0.402749 -1.668544 -1.708854 0.928409 -0.026259 -1.000000 
-0.724875 1.961998 -0.409641 -0.367731 -1.682263 -1.720363 0.928192 -0.027964 -1.000000 
-0.708912 2.028989 -0.412438 -0.331443 -1.696061 -1.728694 0.927961 -0.029845 -1.000000 
-0.692411 2.096306 -0.414940 -0.293895 -1.709913 -1.733764 0.927714 -0.031923 -1.000000 
-0.675370 2.163817 -0.417137 -0.255098 -1.723792 -1.735495 0.927450 -0.034226 -1.000000 
-0.657789 2.231384 -0.419019 -0.215073 -1.737672 -1.733813 0.927166 -0.036783 -1.000000 
-0.639668 2.298860 -0.420575 -0.173844 -1.751524 -1.728653 0.926860 -0.039631 -1.000000 
-0.621008 2.366090 -0.421797 -0.131440 -1.765321 -1.719958 0.926531 -0.042810 -1.000000 
-0.601812 2.432914 -0.422675 -0.087897 -1.779034 -1.707678 0.926175 -0.046369 -1.000000 
-0.582083 2.499165 -0.423201 -0.043256 -1.792634 -1.691774 0.925788 -0.050366 -1.000000 
-0.561827 2.564671 -0.423364 0.002434 -1.806093 -1.672216 0.925367 -0.054867 -1.000000 
-0.541051 2.629256 -0.423159 0.049120 -1.819380 -1.648984 0.924908 -0.059951 -1.000000 
-0.519762 2.692738 -0.422576 0.096743 -1.832467 -1.622069 0.924406 -0.065712 -1.000000 
-0.497970 2.754934 -0.421609 0.145238 -1.845323 -1.591477 0.923855 -0.072262 -1.000000 
-0.475687 2.815658 -0.420250 0.194534 -1.857920 -1.557222 0.923248 -0.079732 -1.000000 
-0.452924 2.874722 -0.418494 0.244553 -1.870229 -1.519334 0.922576 -0.088281 -1.000000 
-0.429696 2.931939 -0.416336 0.295214 -1.882220 -1.477855 0.921832 -0.098094 -1.000000 
-0.406019 2.987123 -0.413769 0.346429 -1.893865 -1.432842 0.921003 -0.109397 -1.000000 
-0.381908 3.040088 -0.410791 0.398106 -1.905136 -1.384365 0.920077 -0.122455 -1.000000 
-0.357384 3.090653 -0.407399 0.450148 -1.916006 -1.332510 0.919038 -0.137583 -1.000000 
-0.332465 3.138642 -0.403588 0.502454 -1.926448 -1.277375 0.917869 -0.155155 -1.000000 
-0.307173 3.183881 -0.399359 0.554918 -1.936436 -1.219076 0.916548 -0.175608 -1.000000 
-0.281530 3.226207 -0.394710 0.607433 -1.945945 -1.157743 0.915050 -0.199448 -1.000000 
-0.255562 3.265460 -0.389640 0.659887 -1.954952 -1.093521 0.913346 -0.227251 -1.000000 
-0.229292 3.301495 -0.384152 0.712165 -1.963434 -1.026568 0.911402 -0.259651 -1.000000 
-0.202747 3.334172 -0.378246 0.764153 -1.971370 -0.957061 0.909178 -0.297316 -1.000000 
-0.175954 3.363365 -0.371926 0.815734 -1.978741 -0.885188 0.906629 -0.340901 -1.000000 
-0.148942 3.388963 -0.365196 0.866790 -1.985527 -0.811153 0.903706 -0.390950 -1.000000 
-0.121741 3.410865 -0.358060 0.917204 -1.991714 -0.735172 0.900356 -0.447762 -1.000000 
-0.094379 3.428989 -0.350523 0.966860 -1.997286 -0.657476 0.896524 -0.511179 -1.000000 
-0.066887 3.443267 -0.342592 1.015643 -2.002230 -0.578306 0.892162 -0.580318 -1.000000 
-0.039297 3.453651 -0.334275 1.063443 -2.006535 -0.497913 0.887229 -0.653275 -1.000000 
-0.011639 3.460110 -0.325580 1.110150 -2.010194 -0.416558 0.881707 -0.726873 -1.000000 
0.016054 3.462632 -0.316516 1.155661 -2.013198 -0.334505 0.875609 -0.796613 -1.000000 
0.043752 3.461224 -0.307093 1.199881 -2.015545 -0.252020 0.868987 -0.856964 -1.000000 
0.071424 3.455913 -0.297321 1.242720 -2.017230 -0.169364 0.861938 -0.902125 -1.000000 
0.099037 3.446742 -0.287213 1.284097 -2.018255 -0.086793 0.854606 -0.927155 -1.000000 
0.126561 3.433772 -0.276780 1.323942 -2.018620 -0.004546 0.847165 -0.929158 -1.000000 
0.153967 3.417074 -0.266034 1.362196 -2.018329 0.077156 0.839802 -0.908047 -1.000000 
0.181225 3.396732 -0.254989 1.398807 -2.017387 0.158108 0.832691 -0.866543 -1.000000 
0.208305 3.372838 -0.243658 1.433737 -2.015802 0.238130 0.825979 -0.809423 -1.000000 
0.235181 3.345487 -0.232054 1.466953 -2.013580 0.317054 0.819767 -0.742353 -1.000000 
0.261824 3.314781 -0.220191 1.498429 -2.010732 0.394731 0.814113 -0.670780 -1.000000 
0.288209 3.280826 -0.208084 1.528147 -2.007268 0.471019 0.809034 -0.599189 -1.000000 
0.314309 3.243732 -0.195746 1.556091 -2.003200 0.545785 0.804517 -0.530797 -1.000000 
0.340100 3.203610 -0.183191 1.582249 -1.998540 0.618900 0.800528 -0.467595 -1.000000 
0.365559 3.160578 -0.170434 1.606616 -1.993302 0.690240 0.797019 -0.410572 -1.000000 
0.390662 3.114759 -0.157490 1.629186 -1.987501 0.759682 0.793941 -0.359994 -1.000000 
0.415388 3.066277 -0.144372 1.649959 -1.981153 0.827108 0.791243 -0.315662 -1.000000 
0.439716 3.015263 -0.131096 1.668939 -1.974273 0.892402 0.788875 -0.277111 -1.000000 
0.463626 2.961852 -0.117674 1.686132 -1.966880 0.955455 0.786795 -0.243754 -1.000000 
0.487100 2.906180 -0.104122 1.701551 -1.958992 1.016160 0.784963 -0.214968 -1.000000 
0.510119 2.848390 -0.090454 1.715209 -1.950628 1.074416 0.783345 -0.190153 -1.000000 
0.532669 2.788626 -0.076683 1.727126 -1.941808 1.130130 0.781912 -0.168757 -1.000000 
0.554732 2.727033 -0.062824 1.737325 -1.932553 1.183214 0.780637 -0.150287 -1.000000 
0.576297 2.663761 -0.048891 1.745833 -1.922884 1.233589 0.779500 -0.134315 -1.000000 
0.597348 2.598958 -0.034896 1.752681 -1.912823 1.281182 0.778482 -0.120471 -1.000000 
0.617876 2.532774 -0.020852 1.757904 -1.902393 1.325929 0.777568 -0.108439 -1.000000 
0.637870 2.465359 -0.006773 1.761538 -1.891616 1.367774 0.776743 -0.097953 -1.000000 
0.657319 2.396862 0.007328 1.763626 -1.880516 1.406668 0.775997 -0.088786 -1.000000 
0.676217 2.327431 0.021441 1.764212 -1.869117 1.442572 0.775320 -0.080748 -1.000000 
0.694556 2.257210 0.035552 1.763343 -1.857443 1.475456 0.774703 -0.073679 -1.000000 
0.712330 2.186345 0.049650 1.761068 -1.845518 1.505295 0.774139 -0.067441 -1.000000 
0.729536 2.114974 0.063725 1.757440 -1.833366 1.532075 0.773622 -0.061920 -1.000000 
0.746169 2.043235 0.077766 1.752512 -1.821013 1.555789 0.773146 -0.057019 -1.000000 
0.762227 1.971262 0.091762 1.746340 -1.808482 1.576437 0.772708 -0.052656 -1.000000 
0.777709 1.899182 0.105704 1.738980 -1.795798 1.594029 0.772303 -0.048760 -1.000000 
0.792614 1.827120 0.119583 1.730492 -1.782986 1.608578 0.771927 -0.045272 -1.000000 
0.806943 1.755195 0.133389 1.720932 -1.770069 1.620108 0.771577 -0.042141 -1.000000 
0.820698 1.683521 0.147115 1.710362 -1.757072 1.628646 0.771252 -0.039322 -1.000000 
0.833881 1.612204 0.160753 1.698840 -1.744019 1.634227 0.770947 -0.036779 -1.000000 
0.846494 1.541348 0.174294 1.686426 -1.730932 1.636892 0.770662 -0.034479 -1.000000 
0.858544 1.471048 0.187733 1.673179 -1.717836 1.636687 0.770395 -0.032393 -1.000000 
0.870033 1.401395 0.201063 1.659157 -1.704753 1.633661 0.770144 -0.030498 -1.000000 
0.880968 1.332471 0.214278 1.644420 -1.691705 1.627871 0.769907 -0.028773 -1.000000 
0.891355 1.264354 0.227372 1.629023 -1.678714 1.619375 0.769683 -0.027199 -1.000000 
0.901200 1.197113 0.240340 1.613022 -1.665802 1.608236 0.769471 -0.025760 -1.000000 
0.910511 1.130814 0.253179 1.596472 -1.652989 1.594521 0.769270 -0.024443 -1.000000 
0.919296 1.065513 0.265883 1.579425 -1.640296 1.578298 0.769080 -0.023235 -1.000000 
0.927562 1.001261 0.278448 1.561931 -1.627743 1.559639 0.768898 -0.022125 -1.000000 
0.935319 0.938104 0.290873 1.544040 -1.615348 1.538618 0.768725 -0.021104 -1.000000 
0.942575 0.876080 0.303152 1.525798 -1.603131 1.515311 0.768560 -0.020164 -1.000000 
0.949339 0.815220 0.315284 1.507251 -1.591109 1.489794 0.768403 -0.019296 -1.000000 
0.955621 0.755551 0.327267 1.488439 -1.579300 1.462146 0.768252 -0.018495 -1.000000 
0.961431 0.697094 0.339099 1.469403 -1.567720 1.432445 0.768107 -0.017755 -1.000000 
0.966778 0.639862 0.350777 1.450180 -1.556386 1.400772 0.767967 -0.017070 -1.000000 
0.971672 0.583865 0.362301 1.430805 -1.545313 1.367206 0.767833 -0.016435 -1.000000 
0.976123 0.529107 0.373670 1.411309 -1.534516 1.331827 0.767704 -0.015848 -1.000000 
0.980141 0.475586 0.384882 1.391722 -1.524008 1.294714 0.767580 -0.015303 -1.000000 
0.983736 0.423296 0.395937 1.372071 -1.513805 1.255946 0.767459 -0.014798 -1.000000 
0.986917 0.372226 0.406835 1.352379 -1.503917 1.215603 0.767343 -0.014330 -1.000000 
0.989695 0.322361 0.417575 1.332667 -1.494359 1.173762 0.767230 -0.013896 -1.000000 
0.992078 0.273680 0.428158 1.312953 -1.485141 1.130501 0.767120 -0.013493 -1.000000 
0.994077 0.226161 0.438583 1.293253 -1.476275 1.085894 0.767014 -0.013120 -1.000000 
0.995700 0.179777 0.448850 1.273580 -1.467770 1.040018 0.766910 -0.012775 -1.000000 
0.996956 0.134496 0.458960 1.253942 -1.459637 0.992945 0.766809 -0.012456 -1.000000 
0.997854 0.090284 0.468913 1.234348 -1.451886 0.944748 0.766711 -0.012161 -1.000000 
0.998403 0.047106 0.478710 1.214801 -1.444524 0.895499 0.766615 -0.011889 -1.000000 
0.998611 0.004920 0.488350 1.195304 -1.437561 0.845266 0.766521 -0.011639 -1.000000 
0.998485 -0.036315 0.497835 1.175856 -1.431002 0.794120 0.766429 -0.011409 -1.000000 
0.998032 -0.076644 0.507164 1.156452 -1.424857 0.742125 0.766338 -0.011199 -1.000000 
0.997261 -0.116114 0.516338 1.137088 -1.419131 0.689349 0.766249 -0.011008 -1.000000 
0.996177 -0.154771 0.525357 1.117755 -1.413829 0.635856 0.766162 -0.010834 -1.000000 
0.994786 -0.192668 0.534222 1.098441 -1.408959 0.581710 0.766076 -0.010678 -1.000000 
0.993096 -0.229854 0.542932 1.079135 -1.404523 0.526971 0.765991 -0.010539 -1.000000 
0.991110 -0.266382 0.551488 1.059821 -1.400528 0.471701 0.765907 -0.010415 -1.000000 
0.988835 -0.302307 0.559889 1.040480 -1.396977 0.415961 0.765824 -0.010307 -1.000000 
0.986275 -0.337681 0.568136 1.021095 -1.393874 0.359809 0.765742 -0.010214 -1.000000 
0.983434 -0.372560 0.576227 1.001642 -1.391221 0.303303 0.765661 -0.010136 -1.000000 
0.980315 -0.406998 0.584162 0.982099 -1.389022 0.246500 0.765580 -0.010073 -1.000000 
0.976923 -0.441051 0.591940 0.962440 -1.387278 0.189457 0.765500 -0.010023 -1.000000 
0.973259 -0.474774 0.599561 0.942638 -1.385991 0.132231 0.765420 -0.009988 -1.000000 
0.969327 -0.508222 0.607022 0.922665 -1.385163 0.074877 0.765340 -0.009967 -1.000000 
0.965128 -0.541449 0.614323 0.902491 -1.384793 0.017451 0.765260 -0.009960 -1.000000 
0.960664 -0.574509 0.621461 0.882083 -1.384884 -0.039993 0.765180 -0.009966 -1.000000 
0.955936 -0.607456 0.628435 0.861408 -1.385433 -0.097398 0.765101 -0.009987 -1.000000 
0.950945 -0.640341 0.635243 0.840434 -1.386442 -0.154711 0.765021 -0.010021 -1.000000 
0.945691 -0.673216 0.641881 0.819123 -1.387908 -0.211874 0.764940 -0.010070 -1.000000 
0.940174 -0.706130 0.648348 0.797440 -1.389831 -0.268833 0.764859 -0.010133 -1.000000 
0.934393 -0.739132 0.654639 0.775348 -1.392209 -0.325532 0.764778 -0.010211 -1.000000 
0.928347 -0.772268 0.660752 0.752808 -1.395039 -0.381913 0.764696 -0.010303 -1.000000 
0.922036 -0.805584 0.666683 0.729783 -1.398318 -0.437919 0.764613 -0.010411 -1.000000 
0.915457 -0.839122 0.672427 0.706233 -1.402044 -0.493491 0.764529 -0.010534 -1.000000 
0.908609 -0.872923 0.677981 0.682119 -1.406213 -0.548572 0.764445 -0.010673 -1.000000 
0.901490 -0.907025 0.683340 0.657402 -1.410820 -0.603101 0.764359 -0.010829 -1.000000 
0.894096 -0.941466 0.688498 0.632041 -1.415861 -0.657017 0.764271 -0.011003 -1.000000 
0.886425 -0.976278 0.693450 0.605998 -1.421331 -0.710259 0.764183 -0.011194 -1.000000 
0.878474 -1.011492 0.698192 0.579232 -1.427223 -0.762762 0.764092 -0.011405 -1.000000 
0.870240 -1.047136 0.702716 0.551707 -1.433533 -0.814462 0.764000 -0.011635 -1.000000 
0.861719 -1.083235 0.707017 0.523383 -1.440252 -0.865294 0.763906 -0.011886 -1.000000 
0.852907 -1.119811 0.711088 0.494222 -1.447375 -0.915191 0.763810 -0.012159 -1.000000 
0.843801 -1.156881 0.714922 0.464190 -1.454893 -0.964085 0.763711 -0.012455 -1.000000 
0.834396 -1.194461 0.718513 0.433250 -1.462797 -1.011906 0.763610 -0.012776 -1.000000 
0.824688 -1.232561 0.721852 0.401369 -1.471080 -1.058584 0.763507 -0.013122 -1.000000 
0.814673 -1.271189 0.724932 0.368515 -1.479731 -1.104047 0.763400 -0.013497 -1.000000 
0.804348 -1.310349 0.727745 0.334656 -1.488741 -1.148221 0.763291 -0.013901 -1.000000 
0.793706 -1.350039 0.730284 0.299765 -1.498099 -1.191032 0.763178 -0.014337 -1.000000 
0.782746 -1.390255 0.732539 0.263815 -1.507794 -1.232406 0.763061 -0.014808 -1.000000 
0.771461 -1.430988 0.734502 0.226781 -1.517814 -1.272267 0.762941 -0.015315 -1.000000 
0.759848 -1.472225 0.736164 0.188643 -1.528146 -1.310537 0.762816 -0.015862 -1.000000 
0.747904 -1.513947 0.737517 0.149382 -1.538778 -1.347140 0.762687 -0.016452 -1.000000 
0.735624 -1.556133 0.738551 0.108981 -1.549696 -1.381997 0.762553 -0.017088 -1.000000 
0.723005 -1.598755 0.739258 0.067429 -1.560885 -1.415032 0.762413 -0.017775 -1.000000 
0.710043 -1.641782 0.739627 0.024716 -1.572331 -1.446165 0.762268 -0.018517 -1.000000 
0.696735 -1.685177 0.739650 -0.019163 -1.584018 -1.475319 0.762117 -0.019319 -1.000000 
0.683079 -1.728900 0.739317 -0.064210 -1.595931 -1.502417 0.761959 -0.020188 -1.000000 
0.669072 -1.772905 0.738620 -0.110424 -1.608051 -1.527382 0.761794 -0.021128 -1.000000 
0.654712 -1.817141 0.737548 -0.157796 -1.620363 -1.550140 0.761621 -0.022147 -1.000000 
0.639997 -1.861554 0.736092 -0.206317 -1.632848 -1.570615 0.761439 -0.023254 -1.000000 
0.624927 -1.906084 0.734243 -0.255972 -1.645487 -1.588736 0.761248 -0.024456 -1.000000 
0.609500 -1.950666 0.731993 -0.306740 -1.658261 -1.604432 0.761048 -0.025766 -1.000000 
0.593716 -1.995233 0.729333 -0.358597 -1.671151 -1.617636 0.760836 -0.027193 -1.000000 
0.577576 -2.039711 0.726253 -0.411513 -1.684136 -1.628281 0.760612 -0.028751 -1.000000 
0.561081 -2.084024 0.722746 -0.465453 -1.697196 -1.636307 0.760376 -0.030455 -1.000000 
0.544233 -2.128090 0.718803 -0.520379 -1.710310 -1.641655 0.760125 -0.032321 -1.000000 
0.527033 -2.171825 0.714417 -0.576246 -1.723455 -1.644271 0.759858 -0.034370 -1.000000 
0.509485 -2.215141 0.709581 -0.633002 -1.736611 -1.644104 0.759574 -0.036623 -1.000000 
0.491592 -2.257946 0.704287 -0.690594 -1.749754 -1.641109 0.759271 -0.039106 -1.000000 
0.473359 -2.300146 0.698529 -0.748961 -1.762861 -1.635247 0.758948 -0.041847 -1.000000 
0.454791 -2.341644 0.692302 -0.808038 -1.775910 -1.626482 0.758601 -0.044880 -1.000000 
0.435895 -2.382340 0.685599 -0.867754 -1.788877 -1.614787 0.758229 -0.048244 -1.000000 
0.416676 -2.422133 0.678416 -0.928034 -1.801739 -1.600140 0.757828 -0.051984 -1.000000 
0.397143 -2.460920 0.670749 -0.988798 -1.814471 -1.582526 0.757396 -0.056150 -1.000000 
0.377305 -2.498598 0.662594 -1.049961 -1.827051 -1.561937 0.756928 -0.060803 -1.000000 
0.357169 -2.535061 0.653949 -1.111433 -1.839454 -1.538372 0.756421 -0.066013 -1.000000 
0.336747 -2.570204 0.644811 -1.173122 -1.851657 -1.511840 0.755870 -0.071862 -1.000000 
0.316050 -2.603924 0.635179 -1.234929 -1.863636 -1.482356 0.755270 -0.078443 -1.000000 
0.295088 -2.636115 0.625052 -1.296755 -1.875367 -1.449944 0.754613 -0.085867 -1.000000 
0.273876 -2.666676 0.614431 -1.358494 -1.886827 -1.414638 0.753893 -0.094263 -1.000000 
0.252426 -2.695504 0.603316 -1.420039 -1.897994 -1.376479 0.753102 -0.103781 -1.000000 
0.230753 -2.722503 0.591711 -1.481280 -1.908843 -1.335519 0.752229 -0.114596 -1.000000 
0.208871 -2.747575 0.579617 -1.542104 -1.919355 -1.291819 0.751264 -0.126911 -1.000000 
0.186797 -2.770629 0.567039 -1.602399 -1.929505 -1.245448 0.750194 -0.140961 -1.000000 
0.164547 -2.791577 0.553980 -1.662048 -1.939275 -1.196486 0.749004 -0.157015 -1.000000 
0.142138 -2.810335 0.540448 -1.720936 -1.948642 -1.145023 0.747676 -0.175379 -1.000000 
0.119588 -2.826823 0.526448 -1.778947 -1.957589 -1.091157 0.746191 -0.196396 -1.000000 
0.096915 -2.840970 0.511987 -1.835964 -1.966095 -1.034997 0.744525 -0.220442 -1.000000 
0.074138 -2.852709 0.497075 -1.891872 -1.974143 -0.976661 0.742654 -0.247918 -1.000000 
0.051278 -2.861980 0.481721 -1.946559 -1.981716 -0.916276 0.740548 -0.279227 -1.000000 
0.028353 -2.868730 0.465934 -1.999911 -1.988798 -0.853978 0.738175 -0.314748 -1.000000 
0.005385 -2.872914 0.449726 -2.051821 -1.995375 -0.789913 0.735500 -0.354781 -1.000000 
-0.017606 -2.874497 0.433109 -2.102183 -2.001433 -0.724235 0.732487 -0.399473 -1.000000 
-0.040600 -2.873449 0.416095 -2.150894 -2.006959 -0.657106 0.729097 -0.448718 -1.000000 
-0.063574 -2.869754 0.398699 -2.197858 -2.011943 -0.588695 0.725296 -0.502026 -1.000000 
-0.086509 -2.863402 0.380935 -2.242983 -2.016375 -0.519178 0.721056 -0.558386 -1.000000 
-0.109382 -2.854394 0.362817 -2.286184 -2.020247 -0.448737 0.716358 -0.616131 -1.000000 
-0.132172 -2.842740 0.344361 -2.327380 -2.023553 -0.377557 0.711201 -0.672881 -1.000000 
-0.154859 -2.828462 0.325584 -2.366502 -2.026287 -0.305825 0.705603 -0.725585 -1.000000 
-0.177420 -2.811590 0.306503 -2.403485 -2.028445 -0.233731 0.699611 -0.770760 -1.000000 
-0.199837 -2.792163 0.287134 -2.438274 -2.030026 -0.161459 0.693300 -0.804913 -1.000000 
-0.222088 -2.770228 0.267496 -2.470824 -2.031028 -0.089190 0.686770 -0.825098 -1.000000 
-0.244154 -2.745841 0.247607 -2.501099 -2.031453 -0.017099 0.680141 -0.829484 -1.000000 
-0.266015 -2.719062 0.227485 -2.529070 -2.031303 0.054650 0.673541 -0.817730 -1.000000 
-0.287653 -2.689956 0.207148 -2.554718 -2.030580 0.125904 0.667097 -0.791053 -1.000000 
-0.309049 -2.658594 0.186616 -2.578031 -2.029290 0.196519 0.660918 -0.751953 -1.000000 
-0.330185 -2.625046 0.165906 -2.599006 -2.027438 0.266362 0.655090 -0.703710 -1.000000 
-0.351044 -2.589387 0.145038 -2.617643 -2.025031 0.335309 0.649674 -0.649804 -1.000000 
-0.371609 -2.551694 0.124030 -2.633950 -2.022076 0.403244 0.644700 -0.593449 -1.000000 
-0.391866 -2.512044 0.102901 -2.647937 -2.018582 0.470056 0.640178 -0.537283 -1.000000 
-0.411797 -2.470518 0.081669 -2.659620 -2.014558 0.535638 0.636098 -0.483258 -1.000000 
-0.431389 -2.427196 0.060353 -2.669020 -2.010015 0.599887 0.632436 -0.432657 -1.000000 
-0.450628 -2.382164 0.038971 -2.676158 -2.004964 0.662704 0.629164 -0.386202 -1.000000 
-0.469499 -2.335507 0.017540 -2.681063 -1.999416 0.723992 0.626245 -0.344185 -1.000000 
-0.487992 -2.287313 -0.003920 -2.683765 -1.993384 0.783657 0.623645 -0.306592 -1.000000 
-0.506093 -2.237673 -0.025394 -2.684298 -1.986882 0.841607 0.621329 -0.273221 -1.000000 
-0.523791 -2.186677 -0.046864 -2.682702 -1.979923 0.897755 0.619263 -0.243756 -1.000000 
-0.541076 -2.134419 -0.068312 -2.679018 -1.972523 0.952016 0.617419 -0.217831 -1.000000 
-0.557938 -2.080993 -0.089722 -2.673292 -1.964696 1.004310 0.615769 -0.195064 -1.000000 
-0.574369 -2.026494 -0.111079 -2.665572 -1.956459 1.054561 0.614291 -0.175090 -1.000000 
-0.590360 -1.971018 -0.132366 -2.655911 -1.947829 1.102698 0.612961 -0.157564 -1.000000 
-0.605903 -1.914662 -0.153569 -2.644365 -1.938822 1.148656 0.611764 -0.142175 -1.000000 
-0.620992 -1.857521 -0.174671 -2.630991 -1.929456 1.192372 0.610682 -0.128648 -1.000000 
-0.635622 -1.799692 -0.195660 -2.615852 -1.919750 1.233792 0.609701 -0.116736 -1.000000 
-0.649786 -1.741269 -0.216520 -2.599011 -1.909722 1.272865 0.608810 -0.106228 -1.000000 
-0.663481 -1.682347 -0.237240 -2.580534 -1.899391 1.309548 0.607998 -0.096938 -1.000000 
-0.676702 -1.623018 -0.257805 -2.560489 -1.888776 1.343802 0.607256 -0.088707 -1.000000 
-0.689448 -1.563375 -0.278203 -2.538946 -1.877897 1.375594 0.606577 -0.081397 -1.000000 
-0.701716 -1.503506 -0.298424 -2.515975 -1.866773 1.404897 0.605952 -0.074891 -1.000000 
-0.713504 -1.443500 -0.318455 -2.491650 -1.855425 1.431691 0.605376 -0.069084 -1.000000 
-0.724811 -1.383440 -0.338287 -2.466044 -1.843873 1.455959 0.604845 -0.063891 -1.000000 
-0.735639 -1.323411 -0.357909 -2.439229 -1.832136 1.477692 0.604353 -0.059234 -1.000000 
-0.745986 -1.263490 -0.377312 -2.411281 -1.820236 1.496885 0.603896 -0.055049 -1.000000 
-0.755855 -1.203756 -0.396487 -2.382274 -1.808193 1.513540 0.603471 -0.051279 -1.000000 
-0.765247 -1.144280 -0.415425 -2.352281 -1.796026 1.527662 0.603074 -0.047876 -1.000000 
-0.774165 -1.085135 -0.434121 -2.321375 -1.783757 1.539262 0.602704 -0.044796 -1.000000 
-0.782610 -1.026385 -0.452565 -2.289631 -1.771405 1.548355 0.602357 -0.042004 -1.000000 
-0.790588 -0.968095 -0.470753 -2.257118 -1.758990 1.554963 0.602031 -0.039467 -1.000000 
-0.798101 -0.910323 -0.488677 -2.223908 -1.746532 1.559108 0.601725 -0.037157 -1.000000 
-0.805155 -0.853126 -0.506334 -2.190069 -1.734051 1.560821 0.601436 -0.035051 -1.000000 
-0.811753 -0.796555 -0.523717 -2.155670 -1.721565 1.560133 0.601164 -0.033125 -1.000000 
-0.817901 -0.740658 -0.540823 -2.120775 -1.709095 1.557080 0.600906 -0.031363 -1.000000 
-0.823605 -0.685479 -0.557648 -2.085448 -1.696658 1.551701 0.600661 -0.029747 -1.000000 
-0.828871 -0.631058 -0.574189 -2.049750 -1.684274 1.544039 0.600429 -0.028262 -1.000000 
-0.833704 -0.577433 -0.590443 -2.013740 -1.671960 1.534139 0.600209 -0.026897 -1.000000 
-0.838112 -0.524634 -0.606408 -1.977475 -1.659733 1.522049 0.599999 -0.025639 -1.000000 
-0.842101 -0.472691 -0.622082 -1.941009 -1.647613 1.507819 0.599798 -0.024479 -1.000000 
-0.845678 -0.421629 -0.637464 -1.904393 -1.635614 1.491501 0.599607 -0.023407 -1.000000 
-0.848849 -0.371468 -0.652552 -1.867675 -1.623754 1.473148 0.599424 -0.022416 -1.000000 
-0.851623 -0.322228 -0.667347 -1.830902 -1.612049 1.452818 0.599248 -0.021498 -1.000000 
-0.854007 -0.273920 -0.681847 -1.794115 -1.600514 1.430566 0.599080 -0.020648 -1.000000 
-0.856009 -0.226557 -0.696053 -1.757354 -1.589165 1.406451 0.598918 -0.019859 -1.000000 
-0.857635 -0.180145 -0.709965 -1.720656 -1.578016 1.380533 0.598762 -0.019126 -1.000000 
-0.858894 -0.134689 -0.723583 -1.684054 -1.567081 1.352871 0.598611 -0.018446 -1.000000 
-0.859792 -0.090189 -0.736910 -1.647580 -1.556374 1.323526 0.598466 -0.017814 -1.000000 
-0.860339 -0.046644 -0.749945 -1.611259 -1.545909 1.292560 0.598326 -0.017225 -1.000000 
-0.860541 -0.004049 -0.762690 -1.575118 -1.535697 1.260033 0.598191 -0.016678 -1.000000 
-0.860406 0.037605 -0.775147 -1.539176 -1.525752 1.226008 0.598059 -0.016168 -1.000000 
-0.859942 0.078326 -0.787318 -1.503452 -1.516085 1.190546 0.597932 -0.015694 -1.000000 
-0.859156 0.118128 -0.799203 -1.467962 -1.506707 1.153708 0.597808 -0.015252 -1.000000 
-0.858054 0.157025 -0.810806 -1.432717 -1.497629 1.115556 0.597688 -0.014842 -1.000000 
-0.856646 0.195034 -0.822127 -1.397726 -1.488862 1.076151 0.597571 -0.014459 -1.000000 
-0.854936 0.232174 -0.833170 -1.362996 -1.480414 1.035554 0.597456 -0.014104 -1.000000 
-0.852933 0.268466 -0.843936 -1.328531 -1.472296 0.993825 0.597345 -0.013773 -1.000000 
-0.850643 0.303932 -0.854427 -1.294331 -1.464516 0.951022 0.597236 -0.013467 -1.000000 
-0.848072 0.338597 -0.864646 -1.260394 -1.457082 0.907206 0.597129 -0.013183 -1.000000 
-0.845228 0.372485 -0.874594 -1.226716 -1.450003 0.862435 0.597025 -0.012920 -1.000000 
-0.842115 0.405623 -0.884274 -1.193289 -1.443286 0.816766 0.596923 -0.012677 -1.000000 
-0.838739 0.438040 -0.893688 -1.160104 -1.436937 0.770256 0.596822 -0.012453 -1.000000 
-0.835108 0.469763 -0.902837 -1.127150 -1.430964 0.722962 0.596723 -0.012247 -1.000000 
-0.831225 0.500823 -0.911723 -1.094410 -1.425371 0.674940 0.596626 -0.012059 -1.000000 
-0.827096 0.531250 -0.920348 -1.061870 -1.420166 0.626243 0.596530 -0.011887 -1.000000 
-0.822727 0.561075 -0.928713 -1.029511 -1.415353 0.576927 0.596436 -0.011732 -1.000000 
-0.818121 0.590330 -0.936820 -0.997312 -1.410937 0.527045 0.596343 -0.011592 -1.000000 
-0.813283 0.619045 -0.944670 -0.965250 -1.406922 0.476650 0.596250 -0.011467 -1.000000 
-0.808217 0.647253 -0.952265 -0.933302 -1.403312 0.425795 0.596159 -0.011356 -1.000000 
-0.802928 0.674986 -0.959603 -0.901441 -1.400110 0.374530 0.596069 -0.011259 -1.000000 
-0.797419 0.702277 -0.966688 -0.869641 -1.397320 0.322908 0.595979 -0.011177 -1.000000 
-0.791693 0.729156 -0.973518 -0.837870 -1.394945 0.270980 0.595890 -0.011107 -1.000000 
-0.785753 0.755656 -0.980094 -0.806101 -1.392985 0.218794 0.595801 -0.011052 -1.000000 
-0.779603 0.781807 -0.986415 -0.774299 -1.391444 0.166403 0.595713 -0.011009 -1.000000 
-0.773245 0.807641 -0.992482 -0.742434 -1.390323 0.113855 0.595625 -0.010979 -1.000000 
-0.766682 0.833188 -0.998294 -0.710471 -1.389623 0.061200 0.595537 -0.010962 -1.000000 
-0.759915 0.858477 -1.003849 -0.678374 -1.389344 0.008487 0.595449 -0.010957 -1.000000 
-0.752947 0.883537 -1.009148 -0.646109 -1.389487 -0.044234 0.595362 -0.010966 -1.000000 
-0.745779 0.908397 -1.014187 -0.613640 -1.390052 -0.096914 0.595274 -0.010987 -1.000000 
-0.738413 0.933082 -1.018965 -0.580928 -1.391038 -0.149503 0.595186 -0.011021 -1.000000 
-0.730850 0.957619 -1.023481 -0.547938 -1.392443 -0.201953 0.595098 -0.011068 -1.000000 
-0.723091 0.982033 -1.027731 -0.514631 -1.394268 -0.254214 0.595009 -0.011128 -1.000000 
-0.715138 1.006347 -1.031714 -0.480969 -1.396510 -0.306236 0.594920 -0.011202 -1.000000 
-0.706990 1.030583 -1.035426 -0.446915 -1.399167 -0.357968 0.594830 -0.011289 -1.000000 
-0.698648 1.054763 -1.038863 -0.412431 -1.402237 -0.409360 0.594739 -0.011390 -1.000000 
-0.690114 1.078906 -1.042023 -0.377479 -1.405716 -0.460362 0.594647 -0.011506 -1.000000 
-0.681386 1.103030 -1.044902 -0.342021 -1.409601 -0.510922 0.594555 -0.011636 -1.000000 
-0.672465 1.127150 -1.047494 -0.306022 -1.413889 -0.560988 0.594461 -0.011781 -1.000000 
-0.663352 1.151282 -1.049797 -0.269445 -1.418576 -0.610508 0.594366 -0.011942 -1.000000 
-0.654045 1.175439 -1.051804 -0.232254 -1.423656 -0.659428 0.594270 -0.012119 -1.000000 
-0.644544 1.199631 -1.053511 -0.194416 -1.429125 -0.707695 0.594172 -0.012314 -1.000000 
-0.634850 1.223868 -1.054913 -0.155895 -1.434977 -0.755255 0.594073 -0.012526 -1.000000 
-0.624962 1.248157 -1.056003 -0.116661 -1.441207 -0.802053 0.593972 -0.012757 -1.000000 
-0.614880 1.272503 -1.056777 -0.076683 -1.447808 -0.848033 0.593869 -0.013007 -1.000000 
-0.604602 1.296910 -1.057228 -0.035930 -1.454773 -0.893139 0.593764 -0.013277 -1.000000 
-0.594129 1.321378 -1.057350 0.005625 -1.462096 -0.937315 0.593656 -0.013570 -1.000000 
-0.583460 1.345907 -1.057136 0.048007 -1.469768 -0.980501 0.593546 -0.013885 -1.000000 
-0.572594 1.370494 -1.056580 0.091242 -1.477781 -1.022642 0.593434 -0.014224 -1.000000 
-0.561532 1.395132 -1.055674 0.135350 -1.486127 -1.063678 0.593319 -0.014589 -1.000000 
-0.550272 1.419816 -1.054412 0.180351 -1.494797 -1.103549 0.593201 -0.014981 -1.000000 
-0.538815 1.444534 -1.052786 0.226264 -1.503780 -1.142196 0.593079 -0.015403 -1.000000 
-0.527160 1.469275 -1.050789 0.273101 -1.513068 -1.179560 0.592954 -0.015856 -1.000000 
-0.515306 1.494024 -1.048414 0.320876 -1.522650 -1.215580 0.592825 -0.016342 -1.000000 
-0.503255 1.518765 -1.045652 0.369597 -1.532514 -1.250195 0.592692 -0.016864 -1.000000 
-0.491006 1.543478 -1.042498 0.419270 -1.542649 -1.283346 0.592555 -0.017425 -1.000000 
-0.478560 1.568142 -1.038942 0.469898 -1.553043 -1.314971 0.592414 -0.018028 -1.000000 
-0.465916 1.592735 -1.034977 0.521481 -1.563684 -1.345011 0.592267 -0.018675 -1.000000 
-0.453076 1.617229 -1.030595 0.574015 -1.574559 -1.373405 0.592115 -0.019371 -1.000000 
-0.440041 1.641597 -1.025790 0.627492 -1.585654 -1.400094 0.591957 -0.020119 -1.000000 
-0.426811 1.665808 -1.020553 0.681903 -1.596956 -1.425020 0.591793 -0.020925 -1.000000 
-0.413388 1.689831 -1.014877 0.737230 -1.608450 -1.448123 0.591622 -0.021793 -1.000000 
-0.399774 1.713630 -1.008755 0.793457 -1.620121 -1.469348 0.591444 -0.022729 -1.000000 
-0.385971 1.737170 -1.002179 0.850560 -1.631954 -1.488637 0.591258 -0.023739 -1.000000 
-0.371980 1.760411 -0.995144 0.908514 -1.643934 -1.505938 0.591064 -0.024830 -1.000000 
-0.357805 1.783314 -0.987641 0.967286 -1.656044 -1.521197 0.590860 -0.026009 -1.000000 
-0.343448 1.805836 -0.979665 1.026842 -1.668267 -1.534363 0.590647 -0.027287 -1.000000 
-0.328913 1.827934 -0.971209 1.087143 -1.680588 -1.545388 0.590423 -0.028671 -1.000000 
-0.314203 1.849562 -0.962269 1.148145 -1.692988 -1.554225 0.590188 -0.030174 -1.000000 
-0.299321 1.870674 -0.952837 1.209802 -1.705449 -1.560830 0.589940 -0.031807 -1.000000 
-0.284273 1.891222 -0.942910 1.272061 -1.717955 -1.565161 0.589679 -0.033585 -1.000000 
-0.269063 1.911157 -0.932483 1.334866 -1.730486 -1.567182 0.589403 -0.035524 -1.000000 
-0.253697 1.930428 -0.921551 1.398157 -1.743024 -1.566857 0.589110 -0.037640 -1.000000 
-0.238179 1.948985 -0.910111 1.461870 -1.755549 -1.564156 0.588800 -0.039955 -1.000000 
-0.222515 1.966776 -0.898160 1.525936 -1.768044 -1.559051 0.588470 -0.042491 -1.000000 
-0.206712 1.983750 -0.885696 1.590285 -1.780488 -1.551519 0.588119 -0.045274 -1.000000 
-0.190777 1.999854 -0.872715 1.654839 -1.792861 -1.541541 0.587745 -0.048333 -1.000000 
-0.174717 2.015037 -0.859218 1.719519 -1.805146 -1.529103 0.587345 -0.051703 -1.000000 
-0.158539 2.029245 -0.845203 1.784242 -1.817321 -1.514195 0.586917 -0.055423 -1.000000 
-0.142252 2.042428 -0.830670 1.848922 -1.829366 -1.496815 0.586457 -0.059535 -1.000000 
-0.125863 2.054534 -0.815620 1.913470 -1.841263 -1.476961 0.585963 -0.064091 -1.000000 
-0.109382 2.065513 -0.800055 1.977794 -1.852991 -1.454642 0.585430 -0.069149 -1.000000 
-0.092818 2.075317 -0.783977 2.041799 -1.864531 -1.429868 0.584855 -0.074775 -1.000000 
-0.076181 2.083896 -0.767388 2.105388 -1.875862 -1.402658 0.584232 -0.081045 -1.000000 
-0.059479 2.091206 -0.750292 2.168463 -1.886967 -1.373036 0.583557 -0.088047 -1.000000 
-0.042725 2.097201 -0.732694 2.230922 -1.897825 -1.341032 0.582821 -0.095880 -1.000000 
-0.025928 2.101839 -0.714599 2.292665 -1.908417 -1.306681 0.582020 -0.104661 -1.000000 
-0.009099 2.105080 -0.696013 2.353588 -1.918725 -1.270028 0.581144 -0.114519 -1.000000 
0.007750 2.106885 -0.676944 2.413587 -1.928731 -1.231120 0.580184 -0.125604 -1.000000 
0.024607 2.107221 -0.657399 2.472560 -1.938417 -1.190013 0.579131 -0.138086 -1.000000 
0.041461 2.106055 -0.637386 2.530402 -1.947766 -1.146770 0.577971 -0.152153 -1.000000 
0.058300 2.103358 -0.616915 2.587011 -1.956760 -1.101459 0.576691 -0.168018 -1.000000 
0.075111 2.099104 -0.595997 2.642284 -1.965384 -1.054156 0.575277 -0.185911 -1.000000 
0.091881 2.093272 -0.574643 2.696122 -1.973622 -1.004941 0.573711 -0.206082 -1.000000 
0.108599 2.085844 -0.552864 2.748426 -1.981458 -0.953904 0.571973 -0.228791 -1.000000 
0.125251 2.076805 -0.530672 2.799100 -1.988879 -0.901138 0.570043 -0.254297 -1.000000 
0.141824 2.066147 -0.508083 2.848049 -1.995872 -0.846745 0.567896 -0.282842 -1.000000 
0.158305 2.053862 -0.485108 2.895185 -2.002423 -0.790831 0.565508 -0.314620 -1.000000 
0.174681 2.039951 -0.461765 2.940421 -2.008522 -0.733508 0.562853 -0.349747 -1.000000 
0.190940 2.024417 -0.438067 2.983674 -2.014156 -0.674894 0.559904 -0.388202 -1.000000 
0.207067 2.007268 -0.414031 3.024867 -2.019317 -0.615114 0.556634 -0.429770 -1.000000 
0.223052 1.988517 -0.389675 3.063928 -2.023995 -0.554293 0.553020 -0.473967 -1.000000 
0.238879 1.968183 -0.365014 3.100790 -2.028183 -0.492565 0.549045 -0.519970 -1.000000 
0.254538 1.946288 -0.340068 3.135393 -2.031874 -0.430065 0.544699 -0.566558 -1.000000 
0.270016 1.922861 -0.314854 3.167682 -2.035062 -0.366930 0.539983 -0.612094 -1.000000 
0.285300 1.897932 -0.289391 3.197610 -2.037744 -0.303301 0.534914 -0.654566 -1.000000 
0.300379 1.871538 -0.263699 3.225136 -2.039914 -0.239317 0.529524 -0.691720 -1.000000 
0.315241 1.843720 -0.237796 3.250229 -2.041572 -0.175117 0.523867 -0.721280 -1.000000 
0.329875 1.814521 -0.211702 3.272863 -2.042716 -0.110838 0.518010 -0.741233 -1.000000 
0.344270 1.783988 -0.185437 3.293018 -2.043346 -0.046612 0.512036 -0.750130 -1.000000 
0.358415 1.752169 -0.159020 3.310686 -2.043462 0.017433 0.506039 -0.747329 -1.000000 
0.372301 1.719116 -0.132472 3.325861 -2.043068 0.081175 0.500110 -0.733100 -1.000000 
0.385918 1.684879 -0.105813 3.338545 -2.042165 0.144498 0.494337 -0.708574 -1.000000 
0.399256 1.649513 -0.079062 3.348747 -2.040757 0.207293 0.488795 -0.675545 -1.000000 
0.412307 1.613069 -0.052240 3.356478 -2.038850 0.269456 0.483545 -0.636185 -1.000000 
0.425062 1.575601 -0.025365 3.361757 -2.036448 0.330889 0.478627 -0.592751 -1.000000 
0.437514 1.537164 0.001542 3.364605 -2.033558 0.391497 0.474066 -0.547337 -1.000000 
0.449655 1.497813 0.028462 3.365048 -2.030186 0.451191 0.469870 -0.501717 -1.000000 
0.461477 1.457601 0.055376 3.363115 -2.026341 0.509885 0.466035 -0.457270 -1.000000 
0.472974 1.416585 0.082266 3.358838 -2.022031 0.567494 0.462548 -0.414975 -1.000000 
0.484140 1.374821 0.109112 3.352254 -2.017264 0.623937 0.459388 -0.375459 -1.000000 
0.494969 1.332365 0.135896 3.343402 -2.012051 0.679135 0.456532 -0.339056 -1.000000 
0.505456 1.289274 0.162600 3.332324 -2.006402 0.733011 0.453955 -0.305881 -1.000000 
0.515596 1.245606 0.189207 3.319066 -2.000327 0.785490 0.451630 -0.275893 -1.000000 
0.525385 1.201417 0.215700 3.303676 -1.993838 0.836500 0.449532 -0.248947 -1.000000 
0.534818 1.156767 0.242060 3.286207 -1.986947 0.885972 0.447639 -0.224838 -1.000000 
0.543892 1.111713 0.268273 3.266712 -1.979667 0.933839 0.445928 -0.203331 -1.000000 
0.552604 1.066312 0.294323 3.245250 -1.972010 0.980039 0.444380 -0.184178 -1.000000 
0.560952 1.020622 0.320192 3.221880 -1.963990 1.024512 0.442976 -0.167139 -1.000000 
0.568934 0.974700 0.345868 3.196665 -1.955622 1.067201 0.441700 -0.151983 -1.000000 
0.576547 0.928603 0.371334 3.169669 -1.946920 1.108053 0.440539 -0.138498 -1.000000 
0.583791 0.882386 0.396578 3.140959 -1.937899 1.147021 0.439480 -0.126491 -1.000000 
0.590665 0.836104 0.421585 3.110603 -1.928573 1.184058 0.438512 -0.115789 -1.000000 
0.597169 0.789811 0.446343 3.078672 -1.918959 1.219125 0.437625 -0.106237 -1.000000 
0.603302 0.743558 0.470840 3.045237 -1.909072 1.252185 0.436810 -0.097697 -1.000000 
0.609066 0.697398 0.495063 3.010370 -1.898929 1.283205 0.436059 -0.090052 -1.000000 
0.614461 0.651381 0.519002 2.974146 -1.888547 1.312157 0.435367 -0.083193 -1.000000 
0.619488 0.605553 0.542646 2.936638 -1.877940 1.339017 0.434726 -0.077030 -1.000000 
0.624150 0.559962 0.565985 2.897921 -1.867128 1.363766 0.434133 -0.071481 -1.000000 
0.628448 0.514653 0.589010 2.858071 -1.856126 1.386387 0.433581 -0.066475 -1.000000 
0.632385 0.469668 0.611712 2.817161 -1.844951 1.406868 0.433068 -0.061951 -1.000000 
0.635964 0.425048 0.634082 2.775266 -1.833622 1.425204 0.432589 -0.057854 -1.000000 
0.639187 0.380833 0.656113 2.732460 -1.822154 1.441388 0.432141 -0.054138 -1.000000 
0.642059 0.337059 0.677799 2.688817 -1.810565 1.455423 0.431722 -0.050760 -1.000000 
0.644582 0.293760 0.699132 2.644410 -1.798873 1.467311 0.431328 -0.047684 -1.000000 
0.646760 0.250969 0.720108 2.599308 -1.787094 1.477061 0.430958 -0.044878 -1.000000 
0.000000 0.000000 0.000000 0.000000 0.000000 0.000000 0.000000 0.000000 0.000000 
