-0.745911 0.720132 0.540358 2.030029 -1.867453 0.991550 1.344577 -0.025472 1.000000 
-0.739920 0.777367 0.556437 1.989668 -1.859676 0.952428 1.344376 -0.024739 1.000000 
-0.733478 0.832922 0.572192 1.948984 -1.852218 0.911904 1.344181 -0.024058 1.000000 
-0.726598 0.886839 0.587620 1.908013 -1.845089 0.870061 1.343991 -0.023427 1.000000 
-0.719293 0.939158 0.602719 1.866786 -1.838300 0.826980 1.343806 -0.022843 1.000000 
-0.711575 0.989924 0.617488 1.825327 -1.831861 0.782742 1.343625 -0.022303 1.000000 
-0.703458 1.039187 0.631924 1.783657 -1.825779 0.737427 1.343449 -0.021807 1.000000 
-0.694952 1.086994 0.646026 1.741787 -1.820065 0.691112 1.343276 -0.021351 1.000000 
-0.686070 1.133397 0.659792 1.699727 -1.814724 0.643873 1.343107 -0.020934 1.000000 
-0.676821 1.178447 0.673221 1.657479 -1.809765 0.595786 1.342941 -0.020554 1.000000 
-0.667218 1.222197 0.686311 1.615040 -1.805194 0.546924 1.342778 -0.020210 1.000000 
-0.657270 1.264699 0.699061 1.572403 -1.801016 0.497357 1.342618 -0.019900 1.000000 
-0.646986 1.306007 0.711469 1.529557 -1.797238 0.447159 1.342460 -0.019625 1.000000 
-0.636377 1.346171 0.723533 1.486483 -1.793863 0.396396 1.342304 -0.019381 1.000000 
-0.625450 1.385245 0.735252 1.443160 -1.790897 0.345139 1.342149 -0.019170 1.000000 
-0.614215 1.423278 0.746623 1.399564 -1.788342 0.293454 1.341997 -0.018989 1.000000 
-0.602680 1.460318 0.757644 1.355665 -1.786202 0.241407 1.341846 -0.018839 1.000000 
-0.590853 1.496414 0.768313 1.311430 -1.784480 0.189063 1.341695 -0.018719 1.000000 
-0.578740 1.531610 0.778626 1.266822 -1.783178 0.136487 1.341546 -0.018628 1.000000 
-0.566349 1.565949 0.788581 1.221802 -1.782297 0.083744 1.341397 -0.018566 1.000000 
-0.553687 1.599472 0.798174 1.176328 -1.781838 0.030896 1.341249 -0.018533 1.000000 
-0.540760 1.632217 0.807401 1.130353 -1.781803 -0.021993 1.341101 -0.018529 1.000000 
-0.527574 1.664217 0.816258 1.083832 -1.782190 -0.074860 1.340952 -0.018554 1.000000 
-0.514134 1.695506 0.824740 1.036715 -1.783000 -0.127642 1.340804 -0.018607 1.000000 
-0.500447 1.726110 0.832844 0.988949 -1.784232 -0.180274 1.340654 -0.018690 1.000000 
-0.486518 1.756056 0.840562 0.940484 -1.785884 -0.232695 1.340505 -0.018802 1.000000 
-0.472352 1.785363 0.847889 0.891265 -1.787954 -0.284839 1.340354 -0.018943 1.000000 
-0.457954 1.814050 0.854820 0.841239 -1.790441 -0.336643 1.340201 -0.019115 1.000000 
-0.443329 1.842129 0.861347 0.790350 -1.793340 -0.388041 1.340048 -0.019317 1.000000 
-0.428482 1.869609 0.867463 0.738544 -1.796648 -0.438966 1.339892 -0.019550 1.000000 
-0.413417 1.896496 0.873161 0.685767 -1.800362 -0.489353 1.339735 -0.019816 1.000000 
-0.398139 1.922790 0.878433 0.631966 -1.804476 -0.539132 1.339575 -0.020114 1.000000 
-0.382654 1.948486 0.883270 0.577087 -1.808986 -0.588235 1.339413 -0.020447 1.000000 
-0.366965 1.973578 0.887663 0.521080 -1.813886 -0.636591 1.339248 -0.020814 1.000000 
-0.351078 1.998052 0.891604 0.463895 -1.819169 -0.684130 1.339080 -0.021218 1.000000 
-0.334998 2.021891 0.895082 0.405487 -1.824829 -0.730778 1.338908 -0.021660 1.000000 
-0.318730 2.045073 0.898088 0.345810 -1.830859 -0.776461 1.338733 -0.022142 1.000000 
-0.302279 2.067572 0.900611 0.284825 -1.837250 -0.821104 1.338554 -0.022664 1.000000 
-0.285651 2.089357 0.902642 0.222492 -1.843994 -0.864631 1.338370 -0.023230 1.000000 
-0.268851 2.110393 0.904168 0.158779 -1.851081 -0.906963 1.338182 -0.023842 1.000000 
-0.251886 2.130641 0.905178 0.093657 -1.858502 -0.948023 1.337989 -0.024502 1.000000 
-0.234763 2.150056 0.905662 0.027101 -1.866246 -0.987729 1.337790 -0.025212 1.000000 
-0.217488 2.168592 0.905608 -0.040909 -1.874302 -1.026001 1.337585 -0.025976 1.000000 
-0.200068 2.186195 0.905004 -0.110387 -1.882658 -1.062758 1.337374 -0.026797 1.000000 
-0.182511 2.202810 0.903838 -0.181339 -1.891301 -1.097917 1.337156 -0.027678 1.000000 
-0.164826 2.218379 0.902099 -0.253768 -1.900220 -1.131396 1.336931 -0.028623 1.000000 
-0.147020 2.232837 0.899774 -0.327668 -1.909399 -1.163111 1.336698 -0.029638 1.000000 
-0.129104 2.246119 0.896852 -0.403028 -1.918825 -1.192981 1.336457 -0.030725 1.000000 
-0.111086 2.258157 0.893321 -0.479826 -1.928482 -1.220921 1.336206 -0.031891 1.000000 
-0.092977 2.268879 0.889171 -0.558036 -1.938354 -1.246851 1.335946 -0.033141 1.000000 
-0.074787 2.278211 0.884389 -0.637622 -1.948426 -1.270689 1.335676 -0.034481 1.000000 
-0.056529 2.286078 0.878965 -0.718539 -1.958679 -1.292356 1.335394 -0.035918 1.000000 
-0.038214 2.292402 0.872889 -0.800737 -1.969097 -1.311774 1.335101 -0.037458 1.000000 
-0.019855 2.297105 0.866150 -0.884152 -1.979662 -1.328867 1.334795 -0.039111 1.000000 
-0.001465 2.300109 0.858740 -0.968715 -1.990353 -1.343562 1.334475 -0.040885 1.000000 
0.016942 2.301334 0.850648 -1.054347 -2.001152 -1.355788 1.334140 -0.042789 1.000000 
0.035351 2.300701 0.841868 -1.140959 -2.012039 -1.365478 1.333790 -0.044833 1.000000 
0.053748 2.298132 0.832390 -1.228454 -2.022993 -1.372571 1.333422 -0.047028 1.000000 
0.072116 2.293550 0.822210 -1.316726 -2.033993 -1.377005 1.333037 -0.049386 1.000000 
0.090439 2.286880 0.811321 -1.405658 -2.045017 -1.378729 1.332632 -0.051921 1.000000 
0.108701 2.278049 0.799718 -1.495127 -2.056045 -1.377693 1.332206 -0.054645 1.000000 
0.126882 2.266987 0.787398 -1.584999 -2.067053 -1.373855 1.331757 -0.057573 1.000000 
0.144966 2.253627 0.774358 -1.675133 -2.078019 -1.367178 1.331284 -0.060721 1.000000 
0.162934 2.237907 0.760596 -1.765380 -2.088920 -1.357633 1.330785 -0.064105 1.000000 
0.180766 2.219769 0.746112 -1.855582 -2.099734 -1.345198 1.330258 -0.067743 1.000000 
0.198444 2.199159 0.730907 -1.945577 -2.110436 -1.329859 1.329700 -0.071651 1.000000 
0.215946 2.176032 0.714983 -2.035192 -2.121004 -1.311608 1.329110 -0.075849 1.000000 
0.233253 2.150344 0.698345 -2.124252 -2.131414 -1.290448 1.328486 -0.080355 1.000000 
0.250345 2.122063 0.680997 -2.212574 -2.141643 -1.266391 1.327824 -0.085185 1.000000 
0.267199 2.091161 0.662946 -2.299972 -2.151668 -1.239455 1.327122 -0.090359 1.000000 
0.283796 2.057618 0.644201 -2.386257 -2.161467 -1.209672 1.326377 -0.095890 1.000000 
0.300114 2.021423 0.624770 -2.471235 -2.171016 -1.177081 1.325587 -0.101793 1.000000 
0.316132 1.982571 0.604665 -2.554711 -2.180293 -1.141730 1.324747 -0.108077 1.000000 
0.331828 1.941070 0.583899 -2.636490 -2.189276 -1.103680 1.323856 -0.114747 1.000000 
0.347182 1.896933 0.562486 -2.716375 -2.197944 -1.063000 1.322910 -0.121802 1.000000 
0.362172 1.850185 0.540443 -2.794171 -2.206277 -1.019768 1.321907 -0.129234 1.000000 
0.376778 1.800857 0.517786 -2.869687 -2.214254 -0.974075 1.320842 -0.137025 1.000000 
0.390979 1.748994 0.494534 -2.942732 -2.221856 -0.926020 1.319713 -0.145143 1.000000 
0.404755 1.694646 0.470709 -3.013121 -2.229065 -0.875711 1.318519 -0.153545 1.000000 
0.418087 1.637875 0.446332 -3.080674 -2.235862 -0.823266 1.317256 -0.162173 1.000000 
0.430955 1.578753 0.421426 -3.145218 -2.242231 -0.768811 1.315923 -0.170949 1.000000 
0.443341 1.517360 0.396017 -3.206586 -2.248158 -0.712482 1.314521 -0.179777 1.000000 
0.455227 1.453783 0.370130 -3.264620 -2.253626 -0.654421 1.313047 -0.188546 1.000000 
0.466596 1.388120 0.343792 -3.319174 -2.258624 -0.594778 1.311504 -0.197123 1.000000 
0.477432 1.320478 0.317033 -3.370108 -2.263139 -0.533709 1.309894 -0.205361 1.000000 
0.487719 1.250968 0.289880 -3.417296 -2.267160 -0.471376 1.308220 -0.213102 1.000000 
0.497442 1.179710 0.262366 -3.460624 -2.270678 -0.407946 1.306486 -0.220181 1.000000 
0.506590 1.106832 0.234521 -3.499988 -2.273685 -0.343590 1.304699 -0.226434 1.000000 
0.515148 1.032464 0.206377 -3.535299 -2.276174 -0.278480 1.302866 -0.231702 1.000000 
0.523105 0.956744 0.177967 -3.566482 -2.278139 -0.212794 1.300995 -0.235849 1.000000 
0.530452 0.879813 0.149325 -3.593474 -2.279577 -0.146707 1.299096 -0.238758 1.000000 
0.537180 0.801815 0.120483 -3.616228 -2.280486 -0.080398 1.297178 -0.240348 1.000000 
0.543279 0.722898 0.091476 -3.634709 -2.280864 -0.014042 1.295254 -0.240576 1.000000 
0.548744 0.643210 0.062339 -3.648897 -2.280711 0.052184 1.293333 -0.239438 1.000000 
0.553569 0.562902 0.033105 -3.658786 -2.280029 0.118108 1.291426 -0.236972 1.000000 
0.557749 0.482124 0.003810 -3.664383 -2.278822 0.183560 1.289545 -0.233255 1.000000 
0.561282 0.401025 -0.025513 -3.665709 -2.277094 0.248372 1.287697 -0.228395 1.000000 
0.564165 0.319756 -0.054830 -3.662798 -2.274851 0.312383 1.285893 -0.222527 1.000000 
0.566398 0.238464 -0.084107 -3.655695 -2.272099 0.375435 1.284139 -0.215804 1.000000 
0.567981 0.157294 -0.113310 -3.644458 -2.268847 0.437375 1.282442 -0.208387 1.000000 
0.568915 0.076388 -0.142407 -3.629158 -2.265104 0.498058 1.280806 -0.200439 1.000000 
0.569204 -0.004115 -0.171366 -3.609874 -2.260881 0.557342 1.279236 -0.192118 1.000000 
0.568851 -0.084078 -0.200155 -3.586697 -2.256191 0.615093 1.277733 -0.183570 1.000000 
0.567861 -0.163370 -0.228743 -3.559727 -2.251044 0.671183 1.276299 -0.174926 1.000000 
0.566239 -0.241866 -0.257101 -3.529074 -2.245456 0.725493 1.274934 -0.166302 1.000000 
0.563993 -0.319442 -0.285199 -3.494854 -2.239441 0.777908 1.273638 -0.157794 1.000000 
0.561131 -0.395984 -0.313009 -3.457193 -2.233015 0.828323 1.272409 -0.149480 1.000000 
0.557661 -0.471379 -0.340505 -3.416222 -2.226194 0.876640 1.271246 -0.141424 1.000000 
0.553592 -0.545523 -0.367660 -3.372081 -2.218995 0.922767 1.270145 -0.133671 1.000000 
0.548936 -0.618318 -0.394450 -3.324912 -2.211436 0.966623 1.269106 -0.126253 1.000000 
0.543703 -0.689670 -0.420851 -3.274863 -2.203535 1.008132 1.268124 -0.119194 1.000000 
0.537905 -0.759496 -0.446841 -3.222087 -2.195312 1.047229 1.267198 -0.112502 1.000000 
0.531555 -0.827715 -0.472398 -3.166739 -2.186786 1.083854 1.266323 -0.106183 1.000000 
0.524666 -0.894255 -0.497502 -3.108977 -2.177977 1.117956 1.265498 -0.100233 1.000000 
0.517252 -0.959051 -0.522135 -3.048960 -2.168906 1.149493 1.264719 -0.094645 1.000000 
0.509326 -1.022046 -0.546280 -2.986849 -2.159592 1.178431 1.263983 -0.089407 1.000000 
0.500904 -1.083187 -0.569920 -2.922804 -2.150058 1.204741 1.263287 -0.084505 1.000000 
0.492000 -1.142430 -0.593040 -2.856985 -2.140323 1.228405 1.262630 -0.079924 1.000000 
0.482630 -1.199738 -0.615627 -2.789552 -2.130410 1.249409 1.262008 -0.075646 1.000000 
0.472810 -1.255079 -0.637669 -2.720662 -2.120340 1.267749 1.261419 -0.071656 1.000000 
0.462554 -1.308429 -0.659154 -2.650470 -2.110133 1.283427 1.260860 -0.067935 1.000000 
0.451880 -1.359770 -0.680074 -2.579128 -2.099812 1.296450 1.260331 -0.064467 1.000000 
0.440803 -1.409091 -0.700418 -2.506784 -2.089397 1.306834 1.259828 -0.061235 1.000000 
0.429340 -1.456385 -0.720180 -2.433584 -2.078910 1.314599 1.259351 -0.058223 1.000000 
0.417507 -1.501651 -0.739353 -2.359666 -2.068371 1.319771 1.258896 -0.055417 1.000000 
0.405319 -1.544896 -0.757933 -2.285167 -2.057800 1.322382 1.258463 -0.052802 1.000000 
0.392794 -1.586129 -0.775915 -2.210217 -2.047219 1.322469 1.258051 -0.050363 1.000000 
0.379946 -1.625365 -0.793296 -2.134939 -2.036647 1.320073 1.257657 -0.048090 1.000000 
0.366793 -1.662625 -0.810073 -2.059452 -2.026105 1.315239 1.257281 -0.045970 1.000000 
0.353350 -1.697931 -0.826247 -1.983869 -2.015610 1.308017 1.256921 -0.043992 1.000000 
0.339631 -1.731311 -0.841815 -1.908296 -2.005182 1.298459 1.256577 -0.042146 1.000000 
0.325654 -1.762796 -0.856780 -1.832832 -1.994841 1.286623 1.256247 -0.040423 1.000000 
0.311432 -1.792420 -0.871141 -1.757569 -1.984602 1.272567 1.255930 -0.038814 1.000000 
0.296980 -1.820220 -0.884901 -1.682594 -1.974485 1.256353 1.255625 -0.037310 1.000000 
0.282313 -1.846235 -0.898063 -1.607987 -1.964506 1.238045 1.255333 -0.035906 1.000000 
0.267445 -1.870507 -0.910630 -1.533819 -1.954682 1.217707 1.255051 -0.034593 1.000000 
0.252389 -1.893078 -0.922606 -1.460155 -1.945028 1.195408 1.254779 -0.033366 1.000000 
0.237160 -1.913993 -0.933994 -1.387056 -1.935561 1.171217 1.254517 -0.032219 1.000000 
0.221770 -1.933298 -0.944800 -1.314572 -1.926294 1.145202 1.254263 -0.031147 1.000000 
0.206231 -1.951038 -0.955029 -1.242749 -1.917242 1.117434 1.254018 -0.030144 1.000000 
0.190557 -1.967261 -0.964686 -1.171626 -1.908419 1.087984 1.253781 -0.029207 1.000000 
0.174759 -1.982012 -0.973777 -1.101236 -1.899839 1.056923 1.253551 -0.028332 1.000000 
0.158849 -1.995339 -0.982308 -1.031604 -1.891513 1.024323 1.253327 -0.027514 1.000000 
0.142837 -2.007288 -0.990285 -0.962752 -1.883453 0.990254 1.253110 -0.026751 1.000000 
0.126736 -2.017904 -0.997714 -0.894693 -1.875672 0.954788 1.252899 -0.026039 1.000000 
0.110554 -2.027233 -1.004602 -0.827437 -1.868180 0.917996 1.252693 -0.025375 1.000000 
0.094303 -2.035316 -1.010955 -0.760987 -1.860988 0.879948 1.252493 -0.024757 1.000000 
0.077992 -2.042198 -1.016780 -0.695343 -1.854104 0.840713 1.252297 -0.024183 1.000000 
0.061631 -2.047917 -1.022083 -0.630496 -1.847539 0.800360 1.252106 -0.023650 1.000000 
0.045229 -2.052513 -1.026870 -0.566437 -1.841301 0.758957 1.251919 -0.023156 1.000000 
0.028794 -2.056022 -1.031148 -0.503151 -1.835399 0.716572 1.251735 -0.022700 1.000000 
0.012335 -2.058480 -1.034923 -0.440618 -1.829839 0.673272 1.251555 -0.022280 1.000000 
-0.004139 -2.059918 -1.038200 -0.378814 -1.824628 0.629121 1.251379 -0.021894 1.000000 
-0.020621 -2.060367 -1.040986 -0.317715 -1.819775 0.584185 1.251205 -0.021542 1.000000 
-0.037102 -2.059854 -1.043285 -0.257289 -1.815283 0.538526 1.251034 -0.021221 1.000000 
-0.053576 -2.058404 -1.045104 -0.197505 -1.811160 0.492209 1.250865 -0.020932 1.000000 
-0.070034 -2.056040 -1.046447 -0.138327 -1.807410 0.445296 1.250699 -0.020672 1.000000 
-0.086470 -2.052781 -1.047319 -0.079717 -1.804037 0.397846 1.250535 -0.020442 1.000000 
-0.102877 -2.048644 -1.047724 -0.021637 -1.801045 0.349922 1.250372 -0.020239 1.000000 
-0.119246 -2.043643 -1.047666 0.035955 -1.798439 0.301582 1.250211 -0.020065 1.000000 
-0.135573 -2.037789 -1.047150 0.093102 -1.796221 0.252886 1.250051 -0.019917 1.000000 
-0.151849 -2.031089 -1.046178 0.149848 -1.794394 0.203892 1.249892 -0.019797 1.000000 
-0.168068 -2.023550 -1.044753 0.206237 -1.792959 0.154659 1.249734 -0.019702 1.000000 
-0.184223 -2.015174 -1.042879 0.262314 -1.791920 0.105244 1.249577 -0.019634 1.000000 
-0.200308 -2.005959 -1.040557 0.318126 -1.791276 0.055704 1.249420 -0.019591 1.000000 
-0.216316 -1.995902 -1.037789 0.373718 -1.791029 0.006096 1.249263 -0.019574 1.000000 
-0.232240 -1.984997 -1.034578 0.429134 -1.791178 -0.043522 1.249106 -0.019583 1.000000 
-0.248074 -1.973235 -1.030923 0.484421 -1.791725 -0.093093 1.248950 -0.019617 1.000000 
-0.263810 -1.960604 -1.026827 0.539622 -1.792668 -0.142562 1.248792 -0.019677 1.000000 
-0.279441 -1.947089 -1.022290 0.594780 -1.794005 -0.191870 1.248635 -0.019763 1.000000 
-0.294961 -1.932673 -1.017311 0.649937 -1.795737 -0.240961 1.248476 -0.019875 1.000000 
-0.310362 -1.917336 -1.011890 0.705132 -1.797860 -0.289778 1.248317 -0.020013 1.000000 
-0.325636 -1.901057 -1.006028 0.760405 -1.800372 -0.338261 1.248156 -0.020178 1.000000 
-0.340776 -1.883811 -0.999724 0.815790 -1.803271 -0.386353 1.247994 -0.020371 1.000000 
-0.355774 -1.865572 -0.992975 0.871323 -1.806553 -0.433995 1.247830 -0.020591 1.000000 
-0.370622 -1.846311 -0.985782 0.927034 -1.810214 -0.481127 1.247664 -0.020840 1.000000 
-0.385312 -1.825999 -0.978142 0.982950 -1.814249 -0.527689 1.247496 -0.021119 1.000000 
-0.399835 -1.804602 -0.970054 1.039099 -1.818655 -0.573621 1.247326 -0.021428 1.000000 
-0.414183 -1.782089 -0.961516 1.095501 -1.823425 -0.618861 1.247153 -0.021768 1.000000 
-0.428346 -1.758425 -0.952525 1.152174 -1.828555 -0.663347 1.246978 -0.022140 1.000000 
-0.442315 -1.733572 -0.943080 1.209134 -1.834037 -0.707015 1.246799 -0.022546 1.000000 
-0.456080 -1.707496 -0.933179 1.266391 -1.839865 -0.749801 1.246617 -0.022987 1.000000 
-0.469631 -1.680158 -0.922817 1.323951 -1.846031 -0.791642 1.246431 -0.023465 1.000000 
-0.482959 -1.651522 -0.911995 1.381817 -1.852528 -0.832471 1.246241 -0.023981 1.000000 
-0.496052 -1.621548 -0.900707 1.439986 -1.859348 -0.872224 1.246047 -0.024536 1.000000 
-0.508900 -1.590199 -0.888954 1.498450 -1.866481 -0.910832 1.245849 -0.025134 1.000000 
-0.521491 -1.557437 -0.876732 1.557198 -1.873918 -0.948229 1.245645 -0.025776 1.000000 
-0.533815 -1.523226 -0.864038 1.616212 -1.881649 -0.984348 1.245436 -0.026464 1.000000 
-0.545859 -1.487529 -0.850871 1.675471 -1.889664 -1.019120 1.245222 -0.027201 1.000000 
-0.557611 -1.450311 -0.837230 1.734946 -1.897951 -1.052477 1.245001 -0.027990 1.000000 
-0.569060 -1.411539 -0.823112 1.794605 -1.906500 -1.084351 1.244774 -0.028834 1.000000 
-0.580192 -1.371182 -0.808516 1.854409 -1.915297 -1.114672 1.244539 -0.029737 1.000000 
-0.590994 -1.329208 -0.793441 1.914315 -1.924330 -1.143374 1.244298 -0.030701 1.000000 
-0.601455 -1.285592 -0.777887 1.974272 -1.933586 -1.170388 1.244048 -0.031731 1.000000 
-0.611559 -1.240309 -0.761853 2.034226 -1.943052 -1.195648 1.243790 -0.032832 1.000000 
-0.621295 -1.193336 -0.745339 2.094117 -1.952712 -1.219087 1.243523 -0.034008 1.000000 
-0.630648 -1.144656 -0.728347 2.153878 -1.962552 -1.240640 1.243245 -0.035264 1.000000 
-0.639605 -1.094253 -0.710878 2.213437 -1.972557 -1.260243 1.242958 -0.036605 1.000000 
-0.648152 -1.042118 -0.692933 2.272719 -1.982710 -1.277835 1.242660 -0.038038 1.000000 
-0.656274 -0.988244 -0.674515 2.331640 -1.992997 -1.293355 1.242349 -0.039568 1.000000 
-0.663959 -0.932628 -0.655628 2.390114 -2.003398 -1.306744 1.242026 -0.041204 1.000000 
-0.671192 -0.875273 -0.636275 2.448049 -2.013899 -1.317948 1.241690 -0.042952 1.000000 
-0.677959 -0.816188 -0.616461 2.505348 -2.024480 -1.326915 1.241339 -0.044820 1.000000 
-0.684246 -0.755385 -0.596191 2.561910 -2.035123 -1.333594 1.240972 -0.046818 1.000000 
-0.690040 -0.692883 -0.575472 2.617630 -2.045811 -1.337939 1.240589 -0.048953 1.000000 
-0.695328 -0.628707 -0.554312 2.672399 -2.056524 -1.339910 1.240189 -0.051238 1.000000 
-0.700095 -0.562886 -0.532717 2.726104 -2.067243 -1.339467 1.239769 -0.053680 1.000000 
-0.704330 -0.495457 -0.510697 2.778630 -2.077949 -1.336578 1.239329 -0.056293 1.000000 
-0.708018 -0.426464 -0.488262 2.829859 -2.088622 -1.331214 1.238868 -0.059088 1.000000 
-0.711149 -0.355954 -0.465423 2.879671 -2.099242 -1.323351 1.238383 -0.062076 1.000000 
-0.713710 -0.283984 -0.442192 2.927943 -2.109789 -1.312973 1.237874 -0.065272 1.000000 
-0.715689 -0.210616 -0.418581 2.974554 -2.120242 -1.300067 1.237338 -0.068688 1.000000 
-0.717076 -0.135918 -0.394604 3.019378 -2.130583 -1.284627 1.236774 -0.072337 1.000000 
-0.717860 -0.059964 -0.370276 3.062292 -2.140790 -1.266654 1.236180 -0.076233 1.000000 
-0.718032 0.017163 -0.345612 3.103173 -2.150843 -1.246155 1.235554 -0.080390 1.000000 
-0.717583 0.095376 -0.320631 3.141898 -2.160721 -1.223145 1.234893 -0.084820 1.000000 
-0.716504 0.174582 -0.295348 3.178347 -2.170406 -1.197643 1.234196 -0.089534 1.000000 
-0.714787 0.254680 -0.269783 3.212402 -2.179877 -1.169680 1.233460 -0.094545 1.000000 
-0.712427 0.335566 -0.243956 3.243947 -2.189115 -1.139289 1.232683 -0.099858 1.000000 
-0.709416 0.417128 -0.217887 3.272871 -2.198099 -1.106516 1.231861 -0.105481 1.000000 
-0.705751 0.499252 -0.191598 3.299067 -2.206813 -1.071409 1.230994 -0.111415 1.000000 
-0.701427 0.581816 -0.165110 3.322431 -2.215236 -1.034029 1.230078 -0.117656 1.000000 
-0.696441 0.664695 -0.138447 3.342868 -2.223351 -0.994439 1.229111 -0.124196 1.000000 
-0.690792 0.747761 -0.111632 3.360287 -2.231141 -0.952714 1.228090 -0.131020 1.000000 
-0.684477 0.830881 -0.084690 3.374602 -2.238589 -0.908934 1.227014 -0.138102 1.000000 
-0.677498 0.913921 -0.057647 3.385738 -2.245679 -0.863187 1.225880 -0.145409 1.000000 
-0.669855 0.996744 -0.030527 3.393625 -2.252395 -0.815568 1.224687 -0.152897 1.000000 
-0.661551 1.079209 -0.003358 3.398202 -2.258723 -0.766176 1.223433 -0.160508 1.000000 
-0.652589 1.161178 0.023835 3.399417 -2.264650 -0.715122 1.222118 -0.168175 1.000000 
-0.642974 1.242508 0.051024 3.397227 -2.270161 -0.662517 1.220742 -0.175814 1.000000 
-0.632711 1.323060 0.078182 3.391598 -2.275246 -0.608480 1.219306 -0.183332 1.000000 
-0.621807 1.402694 0.105280 3.382505 -2.279893 -0.553137 1.217810 -0.190622 1.000000 
-0.610270 1.481271 0.132292 3.369935 -2.284093 -0.496616 1.216257 -0.197571 1.000000 
-0.598110 1.558655 0.159190 3.353882 -2.287836 -0.439049 1.214650 -0.204057 1.000000 
-0.585336 1.634712 0.185945 3.334353 -2.291115 -0.380572 1.212993 -0.209957 1.000000 
-0.571958 1.709312 0.212530 3.311363 -2.293924 -0.321326 1.211292 -0.215149 1.000000 
-0.557991 1.782328 0.238918 3.284938 -2.296255 -0.261450 1.209553 -0.219521 1.000000 
-0.543446 1.853639 0.265080 3.255113 -2.298105 -0.201088 1.207783 -0.222971 1.000000 
-0.528337 1.923126 0.290991 3.221933 -2.299471 -0.140383 1.205988 -0.225418 1.000000 
-0.512681 1.990680 0.316623 3.185453 -2.300351 -0.079479 1.204179 -0.226803 1.000000 
-0.496492 2.056194 0.341949 3.145735 -2.300743 -0.018520 1.202362 -0.227093 1.000000 
-0.479787 2.119568 0.366946 3.102852 -2.300648 0.042351 1.200548 -0.226282 1.000000 
-0.462585 2.180711 0.391587 3.056883 -2.300066 0.102993 1.198745 -0.224395 1.000000 
-0.444902 2.239536 0.415848 3.007916 -2.299001 0.163267 1.196961 -0.221481 1.000000 
-0.426759 2.295965 0.439706 2.956047 -2.297455 0.223035 1.195204 -0.217615 1.000000 
-0.408173 2.349927 0.463137 2.901376 -2.295434 0.282164 1.193481 -0.212890 1.000000 
-0.389167 2.401357 0.486121 2.844012 -2.292943 0.340523 1.191799 -0.207415 1.000000 
-0.369759 2.450199 0.508635 2.784069 -2.289988 0.397985 1.190164 -0.201308 1.000000 
-0.349970 2.496404 0.530659 2.721665 -2.286577 0.454427 1.188580 -0.194689 1.000000 
-0.329823 2.539931 0.552175 2.656922 -2.282720 0.509731 1.187050 -0.187680 1.000000 
-0.309339 2.580747 0.573164 2.589969 -2.278425 0.563783 1.185578 -0.180396 1.000000 
-0.288539 2.618824 0.593609 2.520937 -2.273703 0.616473 1.184164 -0.172945 1.000000 
-0.267445 2.654145 0.613494 2.449958 -2.268565 0.667698 1.182811 -0.165423 1.000000 
-0.246080 2.686697 0.632803 2.377170 -2.263024 0.717358 1.181517 -0.157915 1.000000 
-0.224465 2.716476 0.651524 2.302710 -2.257092 0.765362 1.180284 -0.150495 1.000000 
-0.202623 2.743485 0.669643 2.226717 -2.250783 0.811622 1.179109 -0.143223 1.000000 
-0.180577 2.767734 0.687148 2.149331 -2.244111 0.856055 1.177992 -0.136148 1.000000 
-0.158347 2.789237 0.704029 2.070693 -2.237091 0.898587 1.176930 -0.129306 1.000000 
-0.135956 2.808019 0.720276 1.990944 -2.229739 0.939148 1.175922 -0.122727 1.000000 
-0.113426 2.824106 0.735881 1.910221 -2.222070 0.977673 1.174966 -0.116429 1.000000 
-0.090778 2.837534 0.750837 1.828664 -2.214102 1.014106 1.174058 -0.110424 1.000000 
-0.068032 2.848341 0.765138 1.746410 -2.205850 1.048396 1.173198 -0.104718 1.000000 
-0.045211 2.856574 0.778778 1.663591 -2.197333 1.080497 1.172382 -0.099311 1.000000 
-0.022334 2.862282 0.791754 1.580341 -2.188568 1.110370 1.171608 -0.094202 1.000000 
0.000579 2.865518 0.804063 1.496788 -2.179573 1.137982 1.170874 -0.089382 1.000000 
0.023508 2.866343 0.815702 1.413058 -2.170367 1.163307 1.170177 -0.084844 1.000000 
0.046434 2.864818 0.826672 1.329272 -2.160967 1.186324 1.169516 -0.080577 1.000000 
0.069339 2.861009 0.836971 1.245548 -2.151392 1.207016 1.168888 -0.076569 1.000000 
0.092204 2.854985 0.846601 1.162000 -2.141661 1.225376 1.168290 -0.072808 1.000000 
0.115013 2.846816 0.855564 1.078736 -2.131792 1.241397 1.167722 -0.069282 1.000000 
0.137748 2.836578 0.863862 0.995861 -2.121804 1.255083 1.167181 -0.065977 1.000000 
0.160393 2.824346 0.871499 0.913473 -2.111717 1.266438 1.166666 -0.062881 1.000000 
0.182932 2.810196 0.878479 0.831667 -2.101548 1.275475 1.166174 -0.059981 1.000000 
0.205351 2.794208 0.884807 0.750531 -2.091315 1.282209 1.165706 -0.057265 1.000000 
0.227635 2.776459 0.890489 0.670147 -2.081038 1.286660 1.165258 -0.054722 1.000000 
0.249770 2.757031 0.895532 0.590593 -2.070735 1.288853 1.164830 -0.052340 1.000000 
0.271743 2.736002 0.899941 0.511942 -2.060423 1.288816 1.164420 -0.050110 1.000000 
0.293542 2.713451 0.903725 0.434258 -2.050120 1.286583 1.164027 -0.048021 1.000000 
0.315155 2.689458 0.906892 0.357604 -2.039843 1.282187 1.163651 -0.046064 1.000000 
0.336570 2.664100 0.909450 0.282032 -2.029610 1.275668 1.163290 -0.044231 1.000000 
0.357777 2.637453 0.911408 0.207594 -2.019438 1.267069 1.162943 -0.042513 1.000000 
0.378766 2.609593 0.912775 0.134333 -2.009343 1.256433 1.162610 -0.040902 1.000000 
0.399527 2.580594 0.913560 0.062287 -1.999340 1.243808 1.162289 -0.039392 1.000000 
0.420052 2.550526 0.913775 -0.008511 -1.989447 1.229242 1.161979 -0.037976 1.000000 
0.440333 2.519459 0.913427 -0.078032 -1.979677 1.212787 1.161681 -0.036648 1.000000 
0.460361 2.487460 0.912529 -0.146254 -1.970047 1.194496 1.161393 -0.035403 1.000000 
0.480130 2.454593 0.911091 -0.213157 -1.960570 1.174423 1.161114 -0.034235 1.000000 
0.499633 2.420920 0.909123 -0.278730 -1.951261 1.152624 1.160845 -0.033139 1.000000 
0.518863 2.386498 0.906635 -0.342962 -1.942133 1.129156 1.160584 -0.032110 1.000000 
0.537815 2.351384 0.903639 -0.405848 -1.933199 1.104077 1.160331 -0.031146 1.000000 
0.556483 2.315630 0.900145 -0.467388 -1.924472 1.077444 1.160085 -0.030242 1.000000 
0.574863 2.279285 0.896164 -0.527585 -1.915964 1.049318 1.159847 -0.029394 1.000000 
0.592950 2.242394 0.891707 -0.586445 -1.907686 1.019757 1.159615 -0.028599 1.000000 
0.610740 2.205000 0.886785 -0.643978 -1.899651 0.988822 1.159389 -0.027854 1.000000 
0.628229 2.167142 0.881407 -0.700197 -1.891869 0.956571 1.159169 -0.027157 1.000000 
0.645413 2.128855 0.875585 -0.755119 -1.884349 0.923066 1.158954 -0.026505 1.000000 
0.662290 2.090171 0.869328 -0.808761 -1.877103 0.888365 1.158745 -0.025896 1.000000 
0.678855 2.051119 0.862648 -0.861146 -1.870139 0.852529 1.158540 -0.025327 1.000000 
0.695107 2.011722 0.855553 -0.912295 -1.863465 0.815616 1.158339 -0.024797 1.000000 
0.711042 1.972002 0.848055 -0.962234 -1.857091 0.777685 1.158143 -0.024303 1.000000 
0.726658 1.931977 0.840161 -1.010989 -1.851025 0.738796 1.157950 -0.023845 1.000000 
0.741953 1.891661 0.831882 -1.058590 -1.845273 0.699005 1.157761 -0.023420 1.000000 
0.756924 1.851066 0.823226 -1.105065 -1.839843 0.658371 1.157576 -0.023028 1.000000 
0.771569 1.810198 0.814204 -1.150445 -1.834741 0.616951 1.157393 -0.022667 1.000000 
0.785886 1.769063 0.804822 -1.194761 -1.829974 0.574801 1.157213 -0.022335 1.000000 
0.799873 1.727660 0.795090 -1.238044 -1.825546 0.531976 1.157035 -0.022032 1.000000 
0.813528 1.685990 0.785016 -1.280327 -1.821464 0.488534 1.156860 -0.021757 1.000000 
0.826848 1.644046 0.774608 -1.321643 -1.817731 0.444527 1.156687 -0.021510 1.000000 
0.839832 1.601822 0.763872 -1.362022 -1.814353 0.400011 1.156516 -0.021288 1.000000 
0.852477 1.559306 0.752818 -1.401498 -1.811332 0.355040 1.156347 -0.021093 1.000000 
0.864780 1.516486 0.741451 -1.440101 -1.808673 0.309666 1.156178 -0.020922 1.000000 
0.876740 1.473346 0.729778 -1.477863 -1.806379 0.263943 1.156012 -0.020776 1.000000 
0.888353 1.429868 0.717807 -1.514813 -1.804451 0.217923 1.155846 -0.020654 1.000000 
0.899617 1.386033 0.705543 -1.550980 -1.802892 0.171659 1.155681 -0.020556 1.000000 
0.910528 1.341819 0.692993 -1.586393 -1.801705 0.125201 1.155517 -0.020482 1.000000 
0.921085 1.297200 0.680163 -1.621077 -1.800890 0.078603 1.155353 -0.020431 1.000000 
0.931282 1.252152 0.667058 -1.655059 -1.800447 0.031916 1.155190 -0.020403 1.000000 
0.941118 1.206648 0.653684 -1.688361 -1.800379 -0.014810 1.155027 -0.020398 1.000000 
0.950587 1.160657 0.640046 -1.721006 -1.800684 -0.061523 1.154864 -0.020416 1.000000 
0.959687 1.114152 0.626149 -1.753014 -1.801363 -0.108172 1.154700 -0.020457 1.000000 
0.968412 1.067100 0.611999 -1.784402 -1.802415 -0.154706 1.154536 -0.020522 1.000000 
0.976759 1.019469 0.597601 -1.815186 -1.803838 -0.201072 1.154372 -0.020610 1.000000 
0.984722 0.971228 0.582958 -1.845381 -1.805631 -0.247220 1.154206 -0.020721 1.000000 
0.992297 0.922342 0.568076 -1.874999 -1.807793 -0.293098 1.154040 -0.020857 1.000000 
0.999478 0.872780 0.552960 -1.904047 -1.810320 -0.338654 1.153873 -0.021017 1.000000 
1.006259 0.822507 0.537613 -1.932533 -1.813210 -0.383835 1.153704 -0.021201 1.000000 
1.012636 0.771489 0.522040 -1.960462 -1.816460 -0.428590 1.153533 -0.021411 1.000000 
1.018601 0.719695 0.506247 -1.987835 -1.820066 -0.472864 1.153361 -0.021647 1.000000 
1.024149 0.667092 0.490237 -2.014651 -1.824025 -0.516605 1.153187 -0.021909 1.000000 
1.029272 0.613648 0.474014 -2.040906 -1.828331 -0.559759 1.153011 -0.022198 1.000000 
1.033965 0.559332 0.457584 -2.066595 -1.832979 -0.602271 1.152832 -0.022516 1.000000 
1.038219 0.504115 0.440950 -2.091707 -1.837965 -0.644088 1.152650 -0.022863 1.000000 
1.042028 0.447969 0.424118 -2.116232 -1.843283 -0.685152 1.152466 -0.023240 1.000000 
1.045384 0.390868 0.407092 -2.140155 -1.848925 -0.725410 1.152278 -0.023648 1.000000 
1.048280 0.332787 0.389877 -2.163458 -1.854887 -0.764804 1.152087 -0.024089 1.000000 
1.050706 0.273704 0.372478 -2.186122 -1.861160 -0.803279 1.151893 -0.024564 1.000000 
1.052656 0.213598 0.354901 -2.208123 -1.867737 -0.840777 1.151694 -0.025074 1.000000 
1.054121 0.152453 0.337150 -2.229437 -1.874609 -0.877242 1.151492 -0.025621 1.000000 
1.055093 0.090253 0.319232 -2.250034 -1.881770 -0.912616 1.151284 -0.026208 1.000000 
1.055562 0.026987 0.301152 -2.269885 -1.889208 -0.946840 1.151072 -0.026835 1.000000 
1.055521 -0.037354 0.282916 -2.288955 -1.896916 -0.979858 1.150855 -0.027505 1.000000 
1.054962 -0.102775 0.264530 -2.307211 -1.904883 -1.011612 1.150632 -0.028220 1.000000 
1.053874 -0.169276 0.246003 -2.324612 -1.913098 -1.042044 1.150403 -0.028983 1.000000 
1.052250 -0.236856 0.227339 -2.341120 -1.921552 -1.071096 1.150168 -0.029797 1.000000 
1.050082 -0.305508 0.208547 -2.356691 -1.930232 -1.098711 1.149926 -0.030664 1.000000 
1.047359 -0.375222 0.189635 -2.371282 -1.939127 -1.124833 1.149677 -0.031587 1.000000 
1.044075 -0.445981 0.170609 -2.384846 -1.948225 -1.149405 1.149421 -0.032570 1.000000 
1.040221 -0.517768 0.151480 -2.397335 -1.957513 -1.172371 1.149156 -0.033617 1.000000 
1.035788 -0.590556 0.132255 -2.408701 -1.966979 -1.193679 1.148883 -0.034732 1.000000 
1.030769 -0.664317 0.112944 -2.418892 -1.976608 -1.213273 1.148600 -0.035918 1.000000 
1.025157 -0.739016 0.093556 -2.427856 -1.986386 -1.231103 1.148308 -0.037181 1.000000 
1.018943 -0.814614 0.074102 -2.435541 -1.996300 -1.247117 1.148005 -0.038525 1.000000 
1.012121 -0.891067 0.054591 -2.441894 -2.006335 -1.261267 1.147691 -0.039956 1.000000 
1.004684 -0.968324 0.035035 -2.446860 -2.016475 -1.273506 1.147365 -0.041479 1.000000 
0.996625 -1.046330 0.015445 -2.450386 -2.026706 -1.283790 1.147027 -0.043101 1.000000 
0.987941 -1.125026 -0.004167 -2.452418 -2.037011 -1.292077 1.146676 -0.044827 1.000000 
0.978623 -1.204345 -0.023790 -2.452901 -2.047374 -1.298326 1.146310 -0.046666 1.000000 
0.968670 -1.284216 -0.043409 -2.451783 -2.057779 -1.302502 1.145929 -0.048624 1.000000 
0.958075 -1.364562 -0.063014 -2.449011 -2.068208 -1.304571 1.145531 -0.050710 1.000000 
0.946835 -1.445303 -0.082589 -2.444535 -2.078646 -1.304502 1.145117 -0.052931 1.000000 
0.934949 -1.526352 -0.102122 -2.438305 -2.089074 -1.302269 1.144684 -0.055296 1.000000 
0.922413 -1.607618 -0.121597 -2.430272 -2.099476 -1.297850 1.144232 -0.057814 1.000000 
0.909227 -1.689003 -0.141001 -2.420392 -2.109834 -1.291226 1.143759 -0.060496 1.000000 
0.895389 -1.770408 -0.160318 -2.408620 -2.120130 -1.282382 1.143263 -0.063350 1.000000 
0.880901 -1.851726 -0.179534 -2.394916 -2.130346 -1.271310 1.142744 -0.066388 1.000000 
0.865762 -1.932850 -0.198632 -2.379241 -2.140465 -1.258003 1.142201 -0.069618 1.000000 
0.849976 -2.013666 -0.217596 -2.361562 -2.150468 -1.242462 1.141630 -0.073053 1.000000 
0.833545 -2.094057 -0.236411 -2.341846 -2.160339 -1.224693 1.141031 -0.076700 1.000000 
0.816472 -2.173904 -0.255060 -2.320066 -2.170058 -1.204704 1.140402 -0.080572 1.000000 
0.798764 -2.253083 -0.273527 -2.296200 -2.179608 -1.182513 1.139741 -0.084675 1.000000 
0.780425 -2.331472 -0.291794 -2.270227 -2.188972 -1.158139 1.139047 -0.089019 1.000000 
0.761463 -2.408941 -0.309845 -2.242133 -2.198132 -1.131612 1.138316 -0.093611 1.000000 
0.741885 -2.485364 -0.327662 -2.211909 -2.207072 -1.102962 1.137548 -0.098454 1.000000 
0.721700 -2.560611 -0.345230 -2.179550 -2.215774 -1.072228 1.136740 -0.103553 1.000000 
0.700919 -2.634551 -0.362529 -2.145055 -2.224222 -1.039456 1.135891 -0.108905 1.000000 
0.679551 -2.707055 -0.379545 -2.108431 -2.232400 -1.004694 1.134997 -0.114507 1.000000 
0.657610 -2.777994 -0.396259 -2.069688 -2.240292 -0.967999 1.134058 -0.120350 1.000000 
0.635108 -2.847238 -0.412654 -2.028843 -2.247883 -0.929433 1.133071 -0.126419 1.000000 
0.612059 -2.914661 -0.428715 -1.985918 -2.255158 -0.889062 1.132035 -0.132694 1.000000 
0.588478 -2.980138 -0.444423 -1.940941 -2.262104 -0.846961 1.130948 -0.139148 1.000000 
0.564382 -3.043547 -0.459764 -1.893945 -2.268705 -0.803205 1.129808 -0.145746 1.000000 
0.539787 -3.104768 -0.474721 -1.844969 -2.274951 -0.757880 1.128615 -0.152442 1.000000 
0.514712 -3.163687 -0.489279 -1.794058 -2.280827 -0.711073 1.127369 -0.159186 1.000000 
0.489175 -3.220191 -0.503421 -1.741261 -2.286324 -0.662877 1.126068 -0.165914 1.000000 
0.463196 -3.274175 -0.517134 -1.686635 -2.291430 -0.613389 1.124714 -0.172556 1.000000 
0.436795 -3.325536 -0.530403 -1.630240 -2.296135 -0.562711 1.123308 -0.179033 1.000000 
0.409994 -3.374181 -0.543213 -1.572142 -2.300431 -0.510948 1.121851 -0.185259 1.000000 
0.382816 -3.420018 -0.555553 -1.512411 -2.304308 -0.458206 1.120345 -0.191142 1.000000 
0.355282 -3.462966 -0.567408 -1.451122 -2.307760 -0.404599 1.118793 -0.196589 1.000000 
0.327416 -3.502948 -0.578767 -1.388354 -2.310779 -0.350239 1.117201 -0.201506 1.000000 
0.299243 -3.539894 -0.589618 -1.324192 -2.313362 -0.295243 1.115571 -0.205803 1.000000 
0.270786 -3.573744 -0.599950 -1.258721 -2.315502 -0.239726 1.113910 -0.209396 1.000000 
0.242071 -3.604443 -0.609754 -1.192032 -2.317196 -0.183808 1.112223 -0.212212 1.000000 
0.213123 -3.631945 -0.619020 -1.124219 -2.318442 -0.127608 1.110517 -0.214193 1.000000 
0.183969 -3.656213 -0.627739 -1.055376 -2.319238 -0.071245 1.108798 -0.215296 1.000000 
0.154633 -3.677215 -0.635903 -0.985601 -2.319582 -0.014837 1.107074 -0.215500 1.000000 
0.125142 -3.694930 -0.643506 -0.914995 -2.319475 0.041496 1.105352 -0.214802 1.000000 
0.095523 -3.709344 -0.650541 -0.843657 -2.318918 0.097637 1.103640 -0.213218 1.000000 
0.065801 -3.720451 -0.657003 -0.771690 -2.317914 0.153470 1.101943 -0.210786 1.000000 
0.000000 0.000000 0.000000 0.000000 0.000000 0.000000 0.000000 0.000000 0.000000 
