0.136320 0.328229 -0.244026 -0.194202 -1.779849 0.178989 1.243662 0.026330 1.000000 
0.138873 0.309869 -0.245468 -0.166377 -1.778477 0.163911 1.243869 0.025241 1.000000 
0.141278 0.291347 -0.246688 -0.138594 -1.777228 0.148228 1.244066 0.024271 1.000000 
0.143534 0.272672 -0.247686 -0.110862 -1.776107 0.131998 1.244257 0.023407 1.000000 
0.145640 0.253851 -0.248462 -0.083188 -1.775118 0.115284 1.244441 0.022640 1.000000 
0.147595 0.234891 -0.249017 -0.055580 -1.774264 0.098148 1.244620 0.021962 1.000000 
0.149398 0.215797 -0.249352 -0.028041 -1.773548 0.080653 1.244793 0.021364 1.000000 
0.151048 0.196572 -0.249466 -0.000576 -1.772974 0.062863 1.244962 0.020842 1.000000 
0.152543 0.177221 -0.249361 0.026811 -1.772543 0.044844 1.245127 0.020389 1.000000 
0.153883 0.157747 -0.249037 0.054118 -1.772257 0.026662 1.245288 0.020002 1.000000 
0.155067 0.138152 -0.248495 0.081342 -1.772117 0.008383 1.245447 0.019676 1.000000 
0.156093 0.118436 -0.247736 0.108481 -1.772123 -0.009927 1.245603 0.019410 1.000000 
0.156961 0.098604 -0.246760 0.135533 -1.772275 -0.028201 1.245757 0.019200 1.000000 
0.157670 0.078655 -0.245568 0.162494 -1.772574 -0.046372 1.245910 0.019045 1.000000 
0.158219 0.058591 -0.244160 0.189363 -1.773017 -0.064373 1.246062 0.018943 1.000000 
0.158608 0.038414 -0.242538 0.216135 -1.773603 -0.082139 1.246214 0.018895 1.000000 
0.158834 0.018127 -0.240702 0.242807 -1.774330 -0.099605 1.246365 0.018900 1.000000 
0.158897 -0.002269 -0.238654 0.269371 -1.775196 -0.116704 1.246516 0.018959 1.000000 
0.158797 -0.022770 -0.236393 0.295822 -1.776196 -0.133373 1.246668 0.019073 1.000000 
0.158533 -0.043372 -0.233921 0.322152 -1.777328 -0.149550 1.246821 0.019244 1.000000 
0.158103 -0.064070 -0.231239 0.348352 -1.778588 -0.165172 1.246976 0.019474 1.000000 
0.157507 -0.084858 -0.228348 0.374409 -1.779970 -0.180180 1.247133 0.019767 1.000000 
0.156745 -0.105728 -0.225249 0.400310 -1.781469 -0.194513 1.247293 0.020127 1.000000 
0.155815 -0.126673 -0.221943 0.426042 -1.783080 -0.208117 1.247455 0.020558 1.000000 
0.154718 -0.147683 -0.218432 0.451587 -1.784797 -0.220934 1.247622 0.021068 1.000000 
0.153452 -0.168745 -0.214718 0.476926 -1.786613 -0.232914 1.247793 0.021663 1.000000 
0.152018 -0.189847 -0.210802 0.502039 -1.788521 -0.244005 1.247969 0.022354 1.000000 
0.150415 -0.210974 -0.206686 0.526900 -1.790514 -0.254161 1.248151 0.023150 1.000000 
0.148642 -0.232109 -0.202372 0.551487 -1.792585 -0.263336 1.248339 0.024066 1.000000 
0.146701 -0.253235 -0.197863 0.575770 -1.794725 -0.271488 1.248536 0.025116 1.000000 
0.144591 -0.274331 -0.193161 0.599720 -1.796926 -0.278580 1.248742 0.026322 1.000000 
0.142312 -0.295375 -0.188269 0.623305 -1.799179 -0.284576 1.248958 0.027705 1.000000 
0.139865 -0.316343 -0.183189 0.646492 -1.801476 -0.289445 1.249186 0.029295 1.000000 
0.137251 -0.337209 -0.177926 0.669244 -1.803807 -0.293161 1.249427 0.031128 1.000000 
0.134470 -0.357947 -0.172483 0.691524 -1.806163 -0.295701 1.249684 0.033246 1.000000 
0.131524 -0.378527 -0.166863 0.713293 -1.808535 -0.297045 1.249960 0.035704 1.000000 
0.128414 -0.398917 -0.161071 0.734510 -1.810913 -0.297180 1.250257 0.038570 1.000000 
0.125142 -0.419087 -0.155112 0.755132 -1.813287 -0.296097 1.250578 0.041929 1.000000 
0.121709 -0.439002 -0.148991 0.775118 -1.815647 -0.293790 1.250929 0.045891 1.000000 
0.118119 -0.458627 -0.142712 0.794421 -1.817984 -0.290260 1.251315 0.050599 1.000000 
0.114372 -0.477926 -0.136282 0.812999 -1.820288 -0.285513 1.251741 0.056235 1.000000 
0.110473 -0.496861 -0.129706 0.830804 -1.822549 -0.279559 1.252217 0.063046 1.000000 
0.106423 -0.515395 -0.122991 0.847793 -1.824758 -0.272413 1.252754 0.071357 1.000000 
0.102228 -0.533488 -0.116144 0.863920 -1.826905 -0.264096 1.253364 0.081616 1.000000 
0.097889 -0.551103 -0.109171 0.879140 -1.828980 -0.254633 1.254067 0.094438 1.000000 
0.093411 -0.568200 -0.102080 0.893408 -1.830976 -0.244053 1.254885 0.110696 1.000000 
0.088799 -0.584739 -0.094879 0.906681 -1.832882 -0.232391 1.255850 0.131643 1.000000 
0.084057 -0.600683 -0.087576 0.918916 -1.834691 -0.219684 1.257008 0.159132 1.000000 
0.079190 -0.615992 -0.080179 0.930073 -1.836395 -0.205973 1.258421 0.195965 1.000000 
0.074203 -0.630630 -0.072698 0.940110 -1.837984 -0.191301 1.260180 0.246522 1.000000 
0.069102 -0.644561 -0.065141 0.948988 -1.839453 -0.175710 1.262421 0.317875 1.000000 
0.063892 -0.657751 -0.057517 0.956669 -1.840793 -0.159237 1.265352 0.421912 1.000000 
0.058580 -0.670168 -0.049837 0.963115 -1.841998 -0.141913 1.269313 0.579528 1.000000 
0.053172 -0.681783 -0.042111 0.968284 -1.843062 -0.123745 1.274868 0.829400 1.000000 
0.047674 -0.692573 -0.034348 0.972130 -1.843976 -0.104699 1.283025 1.247397 1.000000 
0.042093 -0.702522 -0.026561 0.974591 -1.844734 -0.084637 1.295681 1.991746 1.000000 
0.036435 -0.711634 -0.018759 0.975571 -1.845327 -0.063171 1.316654 3.409925 1.000000 
0.030709 -0.719953 -0.010956 0.974866 -1.845738 -0.039175 1.353991 6.256521 1.000000 
0.024918 -0.727634 -0.003167 0.971908 -1.845937 -0.008908 1.423770 11.674962 1.000000 
0.019067 -0.734988 0.004583 0.964406 -1.845829 0.041617 1.543185 17.462707 1.000000 
0.013164 -0.739711 0.012227 0.942733 -1.845118 0.148800 1.672587 12.765915 1.000000 
0.007279 -0.727018 0.019591 0.893750 -1.843300 0.308287 1.739264 4.729389 1.000000 
0.001602 -0.688258 0.026476 0.825153 -1.840226 0.455523 1.762336 1.631581 1.000000 
-0.003680 -0.629564 0.032761 0.744276 -1.836086 0.574939 1.770773 0.652096 1.000000 
-0.008434 -0.557219 0.038358 0.653822 -1.831099 0.667111 1.774354 0.297105 1.000000 
-0.012575 -0.477001 0.043207 0.557678 -1.825488 0.731012 1.776054 0.147531 1.000000 
-0.016060 -0.394375 0.047279 0.460632 -1.819479 0.766367 1.776919 0.076907 1.000000 
-0.018891 -0.314099 0.050587 0.367321 -1.813298 0.774706 1.777374 0.040840 1.000000 
-0.021102 -0.239914 0.053176 0.281565 -1.807148 0.759112 1.777616 0.021500 1.000000 
-0.022753 -0.174413 0.055119 0.206071 -1.801205 0.723608 1.777741 0.010900 1.000000 
-0.023920 -0.119079 0.056505 0.142385 -1.795612 0.672529 1.777803 0.005123 1.000000 
-0.024687 -0.074429 0.057430 0.091024 -1.790475 0.610036 1.777831 0.002099 1.000000 
-0.025139 -0.040223 0.057993 0.051673 -1.785872 0.539781 1.777841 0.000657 1.000000 
-0.025356 -0.015669 0.058287 0.023414 -1.781851 0.464733 1.777844 0.000100 1.000000 
-0.025395 -0.003768 0.058356 0.015083 -1.780234 0.386879 1.777844 -0.000030 1.000000 
-0.025358 0.001345 0.058380 0.016749 -1.780391 0.308361 1.777843 -0.000099 1.000000 
-0.025293 0.005258 0.058428 0.016865 -1.780548 0.229845 1.777842 -0.000154 1.000000 
-0.025209 0.008323 0.058492 0.015743 -1.780705 0.151369 1.777840 -0.000196 1.000000 
-0.025113 0.010889 0.058565 0.013695 -1.780862 0.072955 1.777839 -0.000229 1.000000 
-0.025008 0.013303 0.058646 0.011029 -1.781018 -0.005390 1.777837 -0.000259 1.000000 
-0.024891 0.016043 0.058721 0.007814 -1.781383 -0.083660 1.777834 -0.000311 1.000000 
-0.024747 0.020294 0.058765 0.002804 -1.782365 -0.161744 1.777831 -0.000441 1.000000 
-0.024559 0.027451 0.058757 -0.005672 -1.783970 -0.239335 1.777827 -0.000701 1.000000 
-0.024297 0.038866 0.058661 -0.019253 -1.786192 -0.315875 1.777820 -0.001185 1.000000 
-0.023922 0.055812 0.058431 -0.039514 -1.789019 -0.390446 1.777807 -0.002063 1.000000 
-0.023386 0.079424 0.058007 -0.067892 -1.792430 -0.461666 1.777785 -0.003615 1.000000 
-0.022631 0.110614 0.057320 -0.105587 -1.796391 -0.527629 1.777746 -0.006295 1.000000 
-0.021594 0.149959 0.056291 -0.153432 -1.800852 -0.585879 1.777679 -0.010844 1.000000 
-0.020210 0.197559 0.054837 -0.211731 -1.805737 -0.633465 1.777564 -0.018502 1.000000 
-0.018413 0.252898 0.052876 -0.280090 -1.810950 -0.667085 1.777369 -0.031433 1.000000 
-0.016146 0.314705 0.050332 -0.357268 -1.816364 -0.683345 1.777037 -0.053638 1.000000 
-0.013366 0.380873 0.047142 -0.441100 -1.821829 -0.679132 1.776466 -0.092997 1.000000 
-0.010048 0.448445 0.043265 -0.528527 -1.827169 -0.652068 1.775460 -0.166309 1.000000 
-0.006197 0.513725 0.038686 -0.615833 -1.832197 -0.600937 1.773615 -0.312844 1.000000 
-0.001846 0.572496 0.033422 -0.699111 -1.836720 -0.525851 1.770002 -0.634851 1.000000 
0.002934 0.620272 0.027520 -0.774951 -1.840549 -0.427632 1.762245 -1.429044 1.000000 
0.008036 0.652262 0.021050 -0.840551 -1.843502 -0.306769 1.743638 -3.576669 1.000000 
0.013316 0.664018 0.014112 -0.890511 -1.845418 -0.172465 1.696939 -8.630463 1.000000 
0.018617 0.659778 0.006865 -0.917652 -1.846337 -0.065630 1.605574 -13.321767 1.000000 
0.023862 0.651401 -0.000527 -0.928713 -1.846600 -0.006572 1.504477 -10.979201 1.000000 
0.029039 0.642654 -0.007978 -0.933397 -1.846506 0.027956 1.434684 -6.627899 1.000000 
0.034143 0.633424 -0.015454 -0.935113 -1.846176 0.053666 1.394049 -3.802966 1.000000 
0.039172 0.623490 -0.022935 -0.934806 -1.845656 0.075809 1.370397 -2.268229 1.000000 
0.044117 0.612770 -0.030406 -0.932802 -1.844968 0.096086 1.355921 -1.431988 1.000000 
0.048974 0.601245 -0.037856 -0.929251 -1.844122 0.115102 1.346543 -0.954545 1.000000 
0.053735 0.588923 -0.045270 -0.924240 -1.843129 0.133084 1.340148 -0.667102 1.000000 
0.058394 0.575829 -0.052640 -0.917830 -1.841995 0.150109 1.335591 -0.485319 1.000000 
0.062946 0.561991 -0.059952 -0.910075 -1.840729 0.166188 1.332220 -0.365288 1.000000 
0.067384 0.547445 -0.067197 -0.901021 -1.839339 0.181299 1.329647 -0.283026 1.000000 
0.071704 0.532229 -0.074365 -0.890716 -1.837831 0.195410 1.327628 -0.224815 1.000000 
0.075898 0.516382 -0.081446 -0.879206 -1.836215 0.208479 1.326008 -0.182469 1.000000 
0.079964 0.499944 -0.088429 -0.866539 -1.834499 0.220465 1.324680 -0.150917 1.000000 
0.083896 0.482958 -0.095307 -0.852763 -1.832691 0.231330 1.323573 -0.126910 1.000000 
0.087690 0.465467 -0.102071 -0.837928 -1.830800 0.241034 1.322635 -0.108308 1.000000 
0.091342 0.447512 -0.108711 -0.822085 -1.828837 0.249547 1.321830 -0.093657 1.000000 
0.094849 0.429136 -0.115222 -0.805284 -1.826811 0.256840 1.321129 -0.081954 1.000000 
0.098207 0.410380 -0.121594 -0.787577 -1.824731 0.262891 1.320512 -0.072486 1.000000 
0.101414 0.391287 -0.127820 -0.769016 -1.822608 0.267683 1.319964 -0.064740 1.000000 
0.104467 0.371896 -0.133896 -0.749652 -1.820452 0.271204 1.319473 -0.058339 1.000000 
0.107364 0.352245 -0.139813 -0.729537 -1.818272 0.273450 1.319028 -0.053002 1.000000 
0.110103 0.332373 -0.145566 -0.708720 -1.816080 0.274419 1.318623 -0.048518 1.000000 
0.112681 0.312315 -0.151151 -0.687251 -1.813885 0.274120 1.318250 -0.044724 1.000000 
0.115099 0.292105 -0.156561 -0.665177 -1.811697 0.272562 1.317906 -0.041496 1.000000 
0.117355 0.271776 -0.161792 -0.642545 -1.809527 0.269762 1.317585 -0.038734 1.000000 
0.119447 0.251359 -0.166840 -0.619399 -1.807384 0.265744 1.317285 -0.036362 1.000000 
0.121376 0.230881 -0.171701 -0.595781 -1.805278 0.260533 1.317002 -0.034318 1.000000 
0.123141 0.210370 -0.176371 -0.571731 -1.803219 0.254163 1.316735 -0.032553 1.000000 
0.124742 0.189848 -0.180848 -0.547287 -1.801215 0.246668 1.316481 -0.031026 1.000000 
0.126179 0.169339 -0.185127 -0.522485 -1.799275 0.238090 1.316238 -0.029705 1.000000 
0.127452 0.148863 -0.189207 -0.497356 -1.797408 0.228474 1.316005 -0.028564 1.000000 
0.128561 0.128437 -0.193084 -0.471932 -1.795622 0.217867 1.315781 -0.027581 1.000000 
0.129507 0.108078 -0.196757 -0.446240 -1.793925 0.206322 1.315563 -0.026738 1.000000 
0.130290 0.087800 -0.200223 -0.420305 -1.792323 0.193893 1.315352 -0.026020 1.000000 
0.130912 0.067615 -0.203481 -0.394150 -1.790825 0.180639 1.315147 -0.025415 1.000000 
0.131372 0.047533 -0.206529 -0.367794 -1.789435 0.166619 1.314945 -0.024914 1.000000 
0.131673 0.027564 -0.209365 -0.341256 -1.788161 0.151897 1.314748 -0.024509 1.000000 
0.131814 0.007716 -0.211989 -0.314551 -1.787006 0.136537 1.314553 -0.024193 1.000000 
0.131797 -0.012006 -0.214398 -0.287691 -1.785978 0.120607 1.314361 -0.023960 1.000000 
0.131622 -0.031596 -0.216591 -0.260689 -1.785078 0.104174 1.314169 -0.023808 1.000000 
0.131291 -0.051051 -0.218568 -0.233554 -1.784312 0.087309 1.313979 -0.023734 1.000000 
0.130806 -0.070365 -0.220328 -0.206294 -1.783682 0.070084 1.313790 -0.023735 1.000000 
0.130166 -0.089538 -0.221869 -0.178915 -1.783191 0.052568 1.313599 -0.023812 1.000000 
0.129373 -0.108566 -0.223190 -0.151423 -1.782842 0.034837 1.313408 -0.023963 1.000000 
0.128429 -0.127447 -0.224291 -0.123823 -1.782634 0.016962 1.313216 -0.024191 1.000000 
0.127335 -0.146179 -0.225171 -0.096119 -1.782570 -0.000983 1.313021 -0.024497 1.000000 
0.126091 -0.164761 -0.225829 -0.068313 -1.782650 -0.018924 1.312824 -0.024884 1.000000 
0.124699 -0.183190 -0.226264 -0.040410 -1.782873 -0.036787 1.312623 -0.025356 1.000000 
0.123160 -0.201462 -0.226475 -0.012413 -1.783238 -0.054499 1.312418 -0.025917 1.000000 
0.121476 -0.219576 -0.226462 0.015675 -1.783744 -0.071988 1.312208 -0.026573 1.000000 
0.119647 -0.237525 -0.226224 0.043850 -1.784389 -0.089180 1.311992 -0.027332 1.000000 
0.117676 -0.255306 -0.225761 0.072104 -1.785170 -0.106006 1.311770 -0.028203 1.000000 
0.115563 -0.272913 -0.225070 0.100434 -1.786084 -0.122394 1.311541 -0.029195 1.000000 
0.113310 -0.290337 -0.224153 0.128829 -1.787127 -0.138277 1.311303 -0.030321 1.000000 
0.110918 -0.307571 -0.223009 0.157283 -1.788295 -0.153586 1.311055 -0.031594 1.000000 
0.108389 -0.324604 -0.221637 0.185782 -1.789583 -0.168258 1.310797 -0.033033 1.000000 
0.105725 -0.341426 -0.220036 0.214314 -1.790985 -0.182227 1.310526 -0.034656 1.000000 
0.102927 -0.358023 -0.218208 0.242865 -1.792497 -0.195434 1.310242 -0.036487 1.000000 
0.099997 -0.374381 -0.216151 0.271416 -1.794110 -0.207821 1.309942 -0.038552 1.000000 
0.096938 -0.390484 -0.213865 0.299947 -1.795819 -0.219330 1.309624 -0.040886 1.000000 
0.093750 -0.406314 -0.211351 0.328436 -1.797617 -0.229911 1.309287 -0.043526 1.000000 
0.090437 -0.421853 -0.208610 0.356858 -1.799495 -0.239513 1.308927 -0.046517 1.000000 
0.087001 -0.437079 -0.205642 0.385185 -1.801446 -0.248092 1.308541 -0.049916 1.000000 
0.083445 -0.451971 -0.202448 0.413385 -1.803462 -0.255605 1.308127 -0.053788 1.000000 
0.079771 -0.466504 -0.199028 0.441427 -1.805533 -0.262016 1.307679 -0.058213 1.000000 
0.075982 -0.480654 -0.195385 0.469274 -1.807651 -0.267292 1.307194 -0.063288 1.000000 
0.072081 -0.494395 -0.191521 0.496888 -1.809807 -0.271404 1.306665 -0.069131 1.000000 
0.068073 -0.507700 -0.187436 0.524227 -1.811990 -0.274329 1.306085 -0.075887 1.000000 
0.063960 -0.520540 -0.183134 0.551247 -1.814193 -0.276050 1.305448 -0.083736 1.000000 
0.059745 -0.532886 -0.178617 0.577905 -1.816404 -0.276553 1.304742 -0.092902 1.000000 
0.055435 -0.544709 -0.173888 0.604151 -1.818614 -0.275834 1.303957 -0.103665 1.000000 
0.051032 -0.555979 -0.168952 0.629936 -1.820814 -0.273891 1.303078 -0.116378 1.000000 
0.046541 -0.566667 -0.163811 0.655210 -1.822993 -0.270729 1.302088 -0.131493 1.000000 
0.041967 -0.576741 -0.158470 0.679922 -1.825143 -0.266361 1.300966 -0.149589 1.000000 
0.037314 -0.586174 -0.152934 0.704017 -1.827252 -0.260806 1.299685 -0.171416 1.000000 
0.032590 -0.594935 -0.147207 0.727444 -1.829312 -0.254088 1.298211 -0.197951 1.000000 
0.027797 -0.602998 -0.141296 0.750149 -1.831314 -0.246240 1.296502 -0.230486 1.000000 
0.022944 -0.610334 -0.135207 0.772080 -1.833249 -0.237301 1.294503 -0.270736 1.000000 
0.018034 -0.616918 -0.128945 0.793184 -1.835108 -0.227317 1.292143 -0.321003 1.000000 
0.013075 -0.622727 -0.122518 0.813413 -1.836884 -0.216341 1.289332 -0.384394 1.000000 
0.008073 -0.627739 -0.115933 0.832717 -1.838567 -0.204435 1.285947 -0.465135 1.000000 
0.003033 -0.631934 -0.109198 0.851052 -1.840152 -0.191664 1.281828 -0.568986 1.000000 
-0.002036 -0.635294 -0.102319 0.868375 -1.841632 -0.178106 1.276761 -0.703782 1.000000 
-0.007129 -0.637805 -0.095306 0.884646 -1.843000 -0.163841 1.270457 -0.880074 1.000000 
-0.012239 -0.639457 -0.088168 0.899834 -1.844252 -0.148959 1.262532 -1.111712 1.000000 
-0.017358 -0.640241 -0.080912 0.913907 -1.845382 -0.133557 1.252477 -1.415929 1.000000 
-0.022480 -0.640154 -0.073548 0.926844 -1.846388 -0.117740 1.239633 -1.811876 1.000000 
-0.027598 -0.639198 -0.066086 0.938625 -1.847265 -0.101623 1.223198 -2.315573 1.000000 
-0.032705 -0.637384 -0.058533 0.949237 -1.848013 -0.085338 1.202290 -2.928384 1.000000 
-0.037794 -0.634731 -0.050901 0.958674 -1.848630 -0.069042 1.176135 -3.617781 1.000000 
-0.042859 -0.631275 -0.043198 0.966936 -1.849118 -0.052926 1.144425 -4.297772 1.000000 
-0.047893 -0.627070 -0.035433 0.974033 -1.849478 -0.037212 1.107760 -4.831599 1.000000 
-0.052890 -0.622184 -0.027616 0.979993 -1.849715 -0.022115 1.067887 -5.080464 1.000000 
-0.057846 -0.616691 -0.019756 0.984864 -1.849834 -0.007794 1.027414 -4.980239 1.000000 
-0.062756 -0.610661 -0.011861 0.988706 -1.849842 0.005689 0.989012 -4.579247 1.000000 
-0.067615 -0.604149 -0.003939 0.991589 -1.849745 0.018369 0.954620 -4.000345 1.000000 
-0.072421 -0.597192 0.004002 0.993575 -1.849550 0.030336 0.925138 -3.370644 1.000000 
-0.077169 -0.589819 0.011956 0.994719 -1.849262 0.041695 0.900588 -2.777523 1.000000 
-0.081857 -0.582048 0.019915 0.995062 -1.848884 0.052537 0.880485 -2.263035 1.000000 
-0.086481 -0.573893 0.027875 0.994640 -1.848422 0.062933 0.864141 -1.837481 1.000000 
-0.091038 -0.565364 0.035828 0.993477 -1.847879 0.072933 0.850864 -1.494597 1.000000 
-0.095526 -0.556474 0.043768 0.991597 -1.847256 0.082569 0.840041 -1.221852 1.000000 
-0.099941 -0.547232 0.051691 0.989015 -1.846558 0.091859 0.831163 -1.005864 1.000000 
-0.104281 -0.537648 0.059591 0.985747 -1.845787 0.100812 0.823828 -0.834694 1.000000 
-0.108542 -0.527732 0.067461 0.981808 -1.844946 0.109430 0.817715 -0.698508 1.000000 
-0.112723 -0.517494 0.075298 0.977209 -1.844037 0.117710 0.812579 -0.589522 1.000000 
-0.116821 -0.506944 0.083095 0.971962 -1.843064 0.125646 0.808227 -0.501705 1.000000 
-0.120834 -0.496094 0.090848 0.966079 -1.842028 0.133231 0.804508 -0.430422 1.000000 
-0.124758 -0.484953 0.098551 0.959571 -1.840933 0.140455 0.801305 -0.372122 1.000000 
-0.128592 -0.473532 0.106199 0.952451 -1.839782 0.147308 0.798526 -0.324085 1.000000 
-0.132334 -0.461843 0.113788 0.944729 -1.838577 0.153780 0.796098 -0.284213 1.000000 
-0.135981 -0.449897 0.121313 0.936418 -1.837322 0.159861 0.793962 -0.250887 1.000000 
-0.139532 -0.437704 0.128769 0.927529 -1.836020 0.165540 0.792070 -0.222844 1.000000 
-0.142984 -0.425276 0.136152 0.918075 -1.834675 0.170808 0.790385 -0.199096 1.000000 
-0.146335 -0.412625 0.143457 0.908067 -1.833289 0.175657 0.788875 -0.178863 1.000000 
-0.149585 -0.399761 0.150680 0.897519 -1.831865 0.180077 0.787515 -0.161527 1.000000 
-0.152731 -0.386695 0.157816 0.886443 -1.830409 0.184062 0.786284 -0.146593 1.000000 
-0.155772 -0.373439 0.164862 0.874853 -1.828922 0.187604 0.785164 -0.133664 1.000000 
-0.158706 -0.360005 0.171812 0.862760 -1.827408 0.190697 0.784141 -0.122416 1.000000 
-0.161531 -0.346402 0.178664 0.850180 -1.825872 0.193338 0.783202 -0.112588 1.000000 
-0.164248 -0.332643 0.185414 0.837124 -1.824316 0.195521 0.782336 -0.103965 1.000000 
-0.166853 -0.318737 0.192057 0.823606 -1.822745 0.197243 0.781536 -0.096369 1.000000 
-0.169347 -0.304696 0.198590 0.809641 -1.821161 0.198503 0.780792 -0.089654 1.000000 
-0.171728 -0.290531 0.205010 0.795240 -1.819570 0.199299 0.780099 -0.083698 1.000000 
-0.173995 -0.276250 0.211313 0.780419 -1.817974 0.199633 0.779451 -0.078397 1.000000 
-0.176148 -0.261866 0.217496 0.765190 -1.816377 0.199503 0.778843 -0.073668 1.000000 
-0.178185 -0.247388 0.223555 0.749567 -1.814783 0.198913 0.778271 -0.069435 1.000000 
-0.180106 -0.232825 0.229488 0.733563 -1.813196 0.197865 0.777731 -0.065639 1.000000 
-0.181910 -0.218187 0.235291 0.717191 -1.811618 0.196364 0.777220 -0.062226 1.000000 
-0.183597 -0.203484 0.240962 0.700465 -1.810055 0.194413 0.776735 -0.059152 1.000000 
-0.185165 -0.188725 0.246498 0.683397 -1.808509 0.192020 0.776273 -0.056377 1.000000 
-0.186616 -0.173918 0.251896 0.666001 -1.806984 0.189191 0.775832 -0.053870 1.000000 
-0.187948 -0.159072 0.257153 0.648288 -1.805483 0.185933 0.775410 -0.051602 1.000000 
-0.189161 -0.144196 0.262267 0.630271 -1.804010 0.182255 0.775006 -0.049546 1.000000 
-0.190255 -0.129297 0.267236 0.611963 -1.802568 0.178167 0.774617 -0.047683 1.000000 
-0.191230 -0.114384 0.272058 0.593375 -1.801160 0.173678 0.774242 -0.045994 1.000000 
-0.192085 -0.099464 0.276730 0.574520 -1.799790 0.168801 0.773881 -0.044461 1.000000 
-0.192821 -0.084545 0.281250 0.555407 -1.798461 0.163546 0.773531 -0.043071 1.000000 
-0.193438 -0.069633 0.285616 0.536049 -1.797174 0.157927 0.773191 -0.041812 1.000000 
-0.193935 -0.054735 0.289826 0.516456 -1.795935 0.151957 0.772861 -0.040671 1.000000 
-0.194314 -0.039859 0.293878 0.496640 -1.794744 0.145649 0.772540 -0.039640 1.000000 
-0.194573 -0.025010 0.297771 0.476609 -1.793605 0.139020 0.772227 -0.038711 1.000000 
-0.194714 -0.010195 0.301503 0.456376 -1.792520 0.132083 0.771921 -0.037875 1.000000 
-0.194736 0.004580 0.305073 0.435948 -1.791493 0.124854 0.771621 -0.037126 1.000000 
-0.194641 0.019310 0.308478 0.415336 -1.790524 0.117352 0.771326 -0.036459 1.000000 
-0.194428 0.033989 0.311718 0.394550 -1.789616 0.109591 0.771037 -0.035869 1.000000 
-0.194097 0.048612 0.314791 0.373597 -1.788771 0.101590 0.770752 -0.035350 1.000000 
-0.193650 0.063173 0.317695 0.352487 -1.787991 0.093366 0.770471 -0.034900 1.000000 
-0.193087 0.077667 0.320430 0.331229 -1.787277 0.084939 0.770194 -0.034515 1.000000 
-0.192408 0.092089 0.322994 0.309831 -1.786632 0.076326 0.769919 -0.034193 1.000000 
-0.191613 0.106435 0.325387 0.288301 -1.786057 0.067546 0.769646 -0.033931 1.000000 
-0.190705 0.120699 0.327607 0.266646 -1.785552 0.058620 0.769376 -0.033727 1.000000 
-0.189682 0.134878 0.329653 0.244876 -1.785119 0.049566 0.769107 -0.033579 1.000000 
-0.188547 0.148966 0.331524 0.222996 -1.784759 0.040404 0.768838 -0.033487 1.000000 
-0.187299 0.162960 0.333221 0.201016 -1.784473 0.031154 0.768571 -0.033450 1.000000 
-0.185940 0.176854 0.334740 0.178942 -1.784261 0.021837 0.768303 -0.033466 1.000000 
-0.184470 0.190644 0.336083 0.156782 -1.784124 0.012472 0.768035 -0.033537 1.000000 
-0.182890 0.204326 0.337249 0.134543 -1.784061 0.003080 0.767766 -0.033662 1.000000 
-0.181201 0.217896 0.338236 0.112233 -1.784074 -0.006318 0.767496 -0.033841 1.000000 
-0.179404 0.231349 0.339044 0.089858 -1.784162 -0.015703 0.767225 -0.034076 1.000000 
-0.177500 0.244681 0.339673 0.067425 -1.784326 -0.025055 0.766951 -0.034367 1.000000 
-0.175489 0.257887 0.340123 0.044943 -1.784563 -0.034352 0.766675 -0.034715 1.000000 
-0.173374 0.270963 0.340392 0.022418 -1.784875 -0.043574 0.766395 -0.035124 1.000000 
-0.171154 0.283905 0.340482 -0.000142 -1.785260 -0.052703 0.766113 -0.035594 1.000000 
-0.168832 0.296707 0.340390 -0.022730 -1.785718 -0.061717 0.765826 -0.036129 1.000000 
-0.166407 0.309366 0.340118 -0.045339 -1.786247 -0.070598 0.765534 -0.036731 1.000000 
-0.163882 0.321876 0.339665 -0.067960 -1.786847 -0.079326 0.765238 -0.037403 1.000000 
-0.161258 0.334232 0.339030 -0.090585 -1.787516 -0.087883 0.764936 -0.038150 1.000000 
-0.158535 0.346430 0.338215 -0.113207 -1.788253 -0.096248 0.764627 -0.038977 1.000000 
-0.155715 0.358464 0.337219 -0.135818 -1.789055 -0.104405 0.764312 -0.039887 1.000000 
-0.152800 0.370330 0.336042 -0.158408 -1.789923 -0.112336 0.763989 -0.040887 1.000000 
-0.149790 0.382021 0.334685 -0.180969 -1.790852 -0.120022 0.763657 -0.041983 1.000000 
-0.146688 0.393533 0.333147 -0.203492 -1.791842 -0.127447 0.763317 -0.043183 1.000000 
-0.143494 0.404860 0.331429 -0.225969 -1.792891 -0.134595 0.762966 -0.044494 1.000000 
-0.140211 0.415995 0.329532 -0.248388 -1.793995 -0.141449 0.762605 -0.045926 1.000000 
-0.136839 0.426934 0.327455 -0.270742 -1.795153 -0.147995 0.762231 -0.047489 1.000000 
-0.133380 0.437671 0.325200 -0.293018 -1.796362 -0.154218 0.761844 -0.049194 1.000000 
-0.129837 0.448198 0.322767 -0.315208 -1.797619 -0.160103 0.761443 -0.051054 1.000000 
-0.126210 0.458511 0.320157 -0.337300 -1.798923 -0.165638 0.761027 -0.053084 1.000000 
-0.122501 0.468602 0.317370 -0.359284 -1.800269 -0.170809 0.760594 -0.055301 1.000000 
-0.118713 0.478466 0.314409 -0.381148 -1.801655 -0.175606 0.760142 -0.057723 1.000000 
-0.114846 0.488095 0.311272 -0.402880 -1.803077 -0.180017 0.759669 -0.060372 1.000000 
-0.110904 0.497483 0.307963 -0.424469 -1.804534 -0.184031 0.759175 -0.063271 1.000000 
-0.106887 0.506624 0.304481 -0.445902 -1.806021 -0.187640 0.758656 -0.066448 1.000000 
-0.102799 0.515510 0.300829 -0.467166 -1.807535 -0.190834 0.758111 -0.069934 1.000000 
-0.098640 0.524135 0.297007 -0.488250 -1.809073 -0.193607 0.757536 -0.073764 1.000000 
-0.094413 0.532492 0.293017 -0.509139 -1.810632 -0.195952 0.756930 -0.077980 1.000000 
-0.090121 0.540574 0.288861 -0.529821 -1.812207 -0.197862 0.756288 -0.082628 1.000000 
-0.085765 0.548374 0.284541 -0.550281 -1.813796 -0.199334 0.755606 -0.087761 1.000000 
-0.081348 0.555885 0.280058 -0.570506 -1.815395 -0.200364 0.754882 -0.093442 1.000000 
-0.076871 0.563101 0.275413 -0.590482 -1.817001 -0.200948 0.754110 -0.099742 1.000000 
-0.072339 0.570014 0.270611 -0.610195 -1.818609 -0.201085 0.753284 -0.106745 1.000000 
-0.067752 0.576619 0.265651 -0.629630 -1.820217 -0.200776 0.752400 -0.114547 1.000000 
-0.063114 0.582907 0.260537 -0.648773 -1.821820 -0.200019 0.751449 -0.123261 1.000000 
-0.058426 0.588873 0.255272 -0.667608 -1.823416 -0.198817 0.750425 -0.133020 1.000000 
-0.053693 0.594510 0.249856 -0.686122 -1.825000 -0.197172 0.749318 -0.143978 1.000000 
-0.048915 0.599813 0.244294 -0.704300 -1.826570 -0.195089 0.748117 -0.156319 1.000000 
-0.044097 0.604774 0.238588 -0.722127 -1.828121 -0.192571 0.746812 -0.170257 1.000000 
-0.039240 0.609389 0.232741 -0.739588 -1.829650 -0.189626 0.745388 -0.186049 1.000000 
-0.034347 0.613651 0.226756 -0.756669 -1.831154 -0.186260 0.743830 -0.203998 1.000000 
-0.029422 0.617556 0.220636 -0.773355 -1.832629 -0.182481 0.742118 -0.224466 1.000000 
-0.024467 0.621097 0.214384 -0.789632 -1.834072 -0.178300 0.740230 -0.247883 1.000000 
-0.019486 0.624271 0.208003 -0.805486 -1.835480 -0.173726 0.738142 -0.274767 1.000000 
-0.014480 0.627073 0.201497 -0.820904 -1.836851 -0.168771 0.735823 -0.305736 1.000000 
-0.009453 0.629500 0.194869 -0.835871 -1.838180 -0.163449 0.733238 -0.341530 1.000000 
-0.004409 0.631546 0.188124 -0.850374 -1.839465 -0.157773 0.730344 -0.383037 1.000000 
0.000650 0.633209 0.181265 -0.864402 -1.840703 -0.151758 0.727091 -0.431318 1.000000 
0.005721 0.634487 0.174295 -0.877941 -1.841892 -0.145421 0.723421 -0.487637 1.000000 
0.010801 0.635377 0.167219 -0.890981 -1.843029 -0.138780 0.719263 -0.553490 1.000000 
0.015886 0.635876 0.160041 -0.903510 -1.844112 -0.131852 0.714535 -0.630626 1.000000 
0.020974 0.635985 0.152764 -0.915517 -1.845138 -0.124658 0.709138 -0.721062 1.000000 
0.026061 0.635701 0.145394 -0.926994 -1.846106 -0.117218 0.702957 -0.827062 1.000000 
0.031144 0.635025 0.137934 -0.937930 -1.847013 -0.109555 0.695857 -0.951068 1.000000 
0.036220 0.633958 0.130388 -0.948320 -1.847858 -0.101692 0.687685 -1.095548 1.000000 
0.041286 0.632500 0.122762 -0.958154 -1.848640 -0.093654 0.678268 -1.262713 1.000000 
0.046339 0.630654 0.115059 -0.967428 -1.849356 -0.085466 0.667417 -1.454042 1.000000 
0.051376 0.628423 0.107285 -0.976136 -1.850007 -0.077156 0.654938 -1.669580 1.000000 
0.056393 0.625811 0.099443 -0.984274 -1.850590 -0.068752 0.640645 -1.906990 1.000000 
0.061388 0.622822 0.091538 -0.991841 -1.851107 -0.060284 0.624383 -2.160462 1.000000 
0.066357 0.619464 0.083575 -0.998833 -1.851555 -0.051784 0.606062 -2.419739 1.000000 
0.071298 0.615744 0.075558 -1.005252 -1.851935 -0.043284 0.585692 -2.669759 1.000000 
0.076208 0.611672 0.067492 -1.011098 -1.852248 -0.034820 0.563421 -2.891496 1.000000 
0.081084 0.607257 0.059382 -1.016376 -1.852492 -0.026423 0.539558 -3.064437 1.000000 
0.085923 0.602514 0.051232 -1.021089 -1.852671 -0.018126 0.514569 -3.170477 1.000000 
0.090724 0.597453 0.043046 -1.025245 -1.852783 -0.009956 0.489040 -3.198141 1.000000 
0.095482 0.592087 0.034829 -1.028852 -1.852830 -0.001936 0.463614 -3.145488 1.000000 
0.100196 0.586430 0.026586 -1.031919 -1.852814 0.005918 0.438906 -3.020428 1.000000 
0.104864 0.580493 0.018320 -1.034457 -1.852736 0.013597 0.415439 -2.838356 1.000000 
0.109483 0.574286 0.010036 -1.036476 -1.852597 0.021097 0.393594 -2.618272 1.000000 
0.114052 0.567820 0.001738 -1.037987 -1.852399 0.028419 0.373598 -2.378922 1.000000 
0.118568 0.561103 -0.006570 -1.038999 -1.852143 0.035566 0.355540 -2.136120 1.000000 
0.123029 0.554143 -0.014885 -1.039522 -1.851830 0.042541 0.339398 -1.901537 1.000000 
0.127433 0.546945 -0.023201 -1.039563 -1.851463 0.049347 0.325073 -1.682690 1.000000 
0.131779 0.539518 -0.031517 -1.039131 -1.851041 0.055988 0.312422 -1.483610 1.000000 
0.136065 0.531866 -0.039826 -1.038231 -1.850567 0.062465 0.301279 -1.305754 1.000000 
0.140289 0.523996 -0.048127 -1.036872 -1.850042 0.068780 0.291474 -1.148859 1.000000 
0.144448 0.515912 -0.056415 -1.035058 -1.849467 0.074930 0.282844 -1.011646 1.000000 
0.148543 0.507621 -0.064687 -1.032795 -1.848844 0.080914 0.275240 -0.892310 1.000000 
0.152570 0.499127 -0.072939 -1.030089 -1.848173 0.086730 0.268525 -0.788861 1.000000 
0.156528 0.490436 -0.081167 -1.026944 -1.847457 0.092375 0.262581 -0.699320 1.000000 
0.160416 0.481553 -0.089369 -1.023366 -1.846696 0.097844 0.257304 -0.621835 1.000000 
0.164233 0.472483 -0.097540 -1.019359 -1.845892 0.103134 0.252604 -0.554732 1.000000 
0.167976 0.463231 -0.105677 -1.014928 -1.845046 0.108239 0.248404 -0.496536 1.000000 
0.171644 0.453803 -0.113777 -1.010079 -1.844160 0.113155 0.244639 -0.445967 1.000000 
0.175236 0.444204 -0.121837 -1.004816 -1.843236 0.117876 0.241251 -0.401922 1.000000 
0.178751 0.434440 -0.129853 -0.999144 -1.842275 0.122399 0.238193 -0.363461 1.000000 
0.182187 0.424515 -0.137823 -0.993068 -1.841278 0.126718 0.235423 -0.329785 1.000000 
0.185543 0.414435 -0.145741 -0.986594 -1.840248 0.130828 0.232906 -0.300214 1.000000 
0.188817 0.404206 -0.153607 -0.979726 -1.839185 0.134725 0.230610 -0.274173 1.000000 
0.192009 0.393832 -0.161416 -0.972470 -1.838093 0.138404 0.228511 -0.251174 1.000000 
0.195118 0.383320 -0.169165 -0.964832 -1.836972 0.141861 0.226585 -0.230805 1.000000 
0.198142 0.372675 -0.176852 -0.956817 -1.835824 0.145092 0.224812 -0.212713 1.000000 
0.201081 0.361901 -0.184474 -0.948431 -1.834651 0.148092 0.223176 -0.196599 1.000000 
0.203932 0.351006 -0.192026 -0.939679 -1.833455 0.150860 0.221662 -0.182208 1.000000 
0.206696 0.339993 -0.199507 -0.930567 -1.832238 0.153390 0.220257 -0.169323 1.000000 
0.209372 0.328869 -0.206914 -0.921102 -1.831001 0.155681 0.218949 -0.157757 1.000000 
0.211958 0.317639 -0.214244 -0.911289 -1.829747 0.157729 0.217729 -0.147349 1.000000 
0.214454 0.306308 -0.221494 -0.901134 -1.828478 0.159533 0.216589 -0.137961 1.000000 
0.216859 0.294881 -0.228661 -0.890645 -1.827196 0.161090 0.215520 -0.129475 1.000000 
0.219172 0.283365 -0.235744 -0.879825 -1.825901 0.162399 0.214515 -0.121786 1.000000 
0.221392 0.271764 -0.242738 -0.868684 -1.824598 0.163459 0.213569 -0.114807 1.000000 
0.223520 0.260083 -0.249642 -0.857225 -1.823287 0.164268 0.212677 -0.108458 1.000000 
0.225553 0.248328 -0.256453 -0.845457 -1.821970 0.164826 0.211832 -0.102672 1.000000 
0.227493 0.236504 -0.263168 -0.833385 -1.820650 0.165133 0.211032 -0.097390 1.000000 
0.229337 0.224616 -0.269786 -0.821015 -1.819329 0.165189 0.210273 -0.092559 1.000000 
0.231086 0.212669 -0.276304 -0.808355 -1.818008 0.164995 0.209550 -0.088135 1.000000 
0.232740 0.200668 -0.282719 -0.795411 -1.816689 0.164551 0.208862 -0.084076 1.000000 
0.234297 0.188618 -0.289029 -0.782190 -1.815376 0.163858 0.208204 -0.080348 1.000000 
0.235758 0.176524 -0.295233 -0.768697 -1.814068 0.162918 0.207575 -0.076919 1.000000 
0.237121 0.164391 -0.301328 -0.754940 -1.812770 0.161734 0.206973 -0.073761 1.000000 
0.238388 0.152223 -0.307312 -0.740925 -1.811481 0.160306 0.206395 -0.070849 1.000000 
0.239557 0.140026 -0.313182 -0.726658 -1.810205 0.158639 0.205839 -0.068163 1.000000 
0.240628 0.127803 -0.318937 -0.712147 -1.808944 0.156734 0.205303 -0.065681 1.000000 
0.241602 0.115560 -0.324576 -0.697397 -1.807698 0.154596 0.204787 -0.063387 1.000000 
0.242477 0.103300 -0.330095 -0.682415 -1.806471 0.152227 0.204289 -0.061266 1.000000 
0.243254 0.091029 -0.335494 -0.667207 -1.805263 0.149631 0.203807 -0.059302 1.000000 
0.243933 0.078750 -0.340770 -0.651780 -1.804077 0.146813 0.203340 -0.057484 1.000000 
0.244514 0.066469 -0.345922 -0.636140 -1.802915 0.143778 0.202887 -0.055800 1.000000 
0.244997 0.054188 -0.350948 -0.620294 -1.801777 0.140530 0.202446 -0.054240 1.000000 
0.245381 0.041912 -0.355846 -0.604247 -1.800667 0.137074 0.202018 -0.052796 1.000000 
0.245668 0.029646 -0.360615 -0.588006 -1.799585 0.133415 0.201601 -0.051458 1.000000 
0.245856 0.017393 -0.365253 -0.571577 -1.798533 0.129560 0.201195 -0.050220 1.000000 
0.245946 0.005157 -0.369760 -0.554966 -1.797512 0.125515 0.200798 -0.049074 1.000000 
0.245938 -0.007059 -0.374132 -0.538179 -1.796525 0.121284 0.200409 -0.048016 1.000000 
0.245833 -0.019249 -0.378370 -0.521223 -1.795572 0.116876 0.200029 -0.047038 1.000000 
0.245630 -0.031411 -0.382472 -0.504102 -1.794655 0.112296 0.199657 -0.046137 1.000000 
0.245331 -0.043541 -0.386435 -0.486823 -1.793776 0.107552 0.199291 -0.045308 1.000000 
0.244934 -0.055635 -0.390260 -0.469392 -1.792935 0.102650 0.198931 -0.044547 1.000000 
0.244440 -0.067691 -0.393945 -0.451815 -1.792134 0.097599 0.198578 -0.043850 1.000000 
0.243851 -0.079703 -0.397489 -0.434096 -1.791374 0.092405 0.198230 -0.043215 1.000000 
0.243165 -0.091670 -0.400890 -0.416243 -1.790656 0.087076 0.197886 -0.042637 1.000000 
0.242384 -0.103588 -0.404149 -0.398259 -1.789981 0.081620 0.197547 -0.042115 1.000000 
0.241508 -0.115452 -0.407262 -0.380152 -1.789350 0.076045 0.197212 -0.041646 1.000000 
0.240537 -0.127261 -0.410231 -0.361926 -1.788765 0.070360 0.196881 -0.041228 1.000000 
0.239472 -0.139011 -0.413053 -0.343587 -1.788225 0.064573 0.196553 -0.040859 1.000000 
0.238313 -0.150699 -0.415728 -0.325140 -1.787732 0.058691 0.196227 -0.040538 1.000000 
0.237061 -0.162321 -0.418255 -0.306590 -1.787286 0.052725 0.195904 -0.040263 1.000000 
0.235716 -0.173875 -0.420633 -0.287944 -1.786888 0.046682 0.195583 -0.040033 1.000000 
0.234279 -0.185357 -0.422862 -0.269206 -1.786539 0.040571 0.195263 -0.039847 1.000000 
0.232751 -0.196765 -0.424940 -0.250381 -1.786239 0.034401 0.194945 -0.039704 1.000000 
0.000000 0.000000 0.000000 0.000000 0.000000 0.000000 0.000000 0.000000 0.000000 
