0.055454 0.341844 0.024018 0.155548 -1.659725 0.105628 1.443590 0.008137 1.000000 
0.058119 0.324447 0.025201 0.140243 -1.658886 0.103977 1.443620 -0.000433 1.000000 
0.060643 0.306323 0.026261 0.124708 -1.658065 0.101202 1.443588 -0.007159 1.000000 
0.063019 0.287538 0.027196 0.108993 -1.657270 0.097339 1.443509 -0.012578 1.000000 
0.065242 0.268154 0.028004 0.093143 -1.656510 0.092434 1.443389 -0.017064 1.000000 
0.067308 0.248228 0.028686 0.077199 -1.655794 0.086547 1.443237 -0.020889 1.000000 
0.069212 0.227816 0.029240 0.061202 -1.655128 0.079745 1.443056 -0.024252 1.000000 
0.070952 0.206970 0.029665 0.045186 -1.654520 0.072104 1.442850 -0.027307 1.000000 
0.072523 0.185738 0.029963 0.029183 -1.653976 0.063711 1.442620 -0.030173 1.000000 
0.073922 0.164165 0.030132 0.013224 -1.653502 0.054655 1.442367 -0.032947 1.000000 
0.075149 0.142291 0.030174 -0.002665 -1.653103 0.045034 1.442093 -0.035712 1.000000 
0.076198 0.120154 0.030090 -0.018460 -1.652783 0.034950 1.441796 -0.038541 1.000000 
0.077070 0.097790 0.029879 -0.034137 -1.652545 0.024509 1.441476 -0.041504 1.000000 
0.077763 0.075232 0.029544 -0.049673 -1.652392 0.013820 1.441131 -0.044667 1.000000 
0.078274 0.052512 0.029085 -0.065049 -1.652324 0.002992 1.440760 -0.048101 1.000000 
0.078602 0.029660 0.028504 -0.080243 -1.652344 -0.007863 1.440361 -0.051881 1.000000 
0.078748 0.006706 0.027802 -0.095234 -1.652450 -0.018635 1.439929 -0.056090 1.000000 
0.078710 -0.016319 0.026980 -0.110002 -1.652641 -0.029213 1.439462 -0.060825 1.000000 
0.078487 -0.039383 0.026042 -0.124523 -1.652916 -0.039491 1.438954 -0.066197 1.000000 
0.078079 -0.062454 0.024989 -0.138776 -1.653272 -0.049364 1.438401 -0.072341 1.000000 
0.077488 -0.085497 0.023823 -0.152733 -1.653705 -0.058731 1.437794 -0.079418 1.000000 
0.076712 -0.108474 0.022546 -0.166369 -1.654210 -0.067499 1.437127 -0.087629 1.000000 
0.075752 -0.131346 0.021162 -0.179655 -1.654783 -0.075576 1.436389 -0.097219 1.000000 
0.074610 -0.154070 0.019672 -0.192559 -1.655417 -0.082882 1.435567 -0.108501 1.000000 
0.073288 -0.176597 0.018082 -0.205049 -1.656107 -0.089342 1.434647 -0.121866 1.000000 
0.071786 -0.198879 0.016393 -0.217088 -1.656844 -0.094890 1.433610 -0.137817 1.000000 
0.070106 -0.220862 0.014610 -0.228640 -1.657623 -0.099470 1.432433 -0.157002 1.000000 
0.068253 -0.242488 0.012736 -0.239666 -1.658433 -0.103038 1.431087 -0.180266 1.000000 
0.066228 -0.263698 0.010777 -0.250124 -1.659268 -0.105558 1.429535 -0.208724 1.000000 
0.064035 -0.284431 0.008736 -0.259974 -1.660119 -0.107007 1.427730 -0.243854 1.000000 
0.061678 -0.304621 0.006619 -0.269171 -1.660978 -0.107376 1.425611 -0.287642 1.000000 
0.059162 -0.324205 0.004431 -0.277673 -1.661834 -0.106665 1.423098 -0.342774 1.000000 
0.056493 -0.343117 0.002178 -0.285437 -1.662681 -0.104888 1.420086 -0.412917 1.000000 
0.053675 -0.361293 -0.000134 -0.292419 -1.663510 -0.102073 1.416438 -0.503103 1.000000 
0.050714 -0.378672 -0.002499 -0.298578 -1.664312 -0.098258 1.411965 -0.620255 1.000000 
0.047618 -0.395193 -0.004909 -0.303872 -1.665080 -0.093491 1.406417 -0.773864 1.000000 
0.044394 -0.410800 -0.007358 -0.308264 -1.665805 -0.087832 1.399452 -0.976764 1.000000 
0.041048 -0.425440 -0.009839 -0.311717 -1.666483 -0.081352 1.390613 -1.245771 1.000000 
0.037589 -0.439066 -0.012343 -0.314201 -1.667105 -0.074130 1.379289 -1.601529 1.000000 
0.034026 -0.451630 -0.014863 -0.315693 -1.667667 -0.066266 1.364698 -2.066070 1.000000 
0.030366 -0.463087 -0.017391 -0.316182 -1.668164 -0.057883 1.345897 -2.655477 1.000000 
0.026619 -0.473396 -0.019920 -0.315682 -1.668592 -0.049151 1.321886 -3.364733 1.000000 
0.022795 -0.482521 -0.022440 -0.314235 -1.668950 -0.040300 1.291864 -4.145778 1.000000 
0.018902 -0.490446 -0.024945 -0.311925 -1.669237 -0.031614 1.255643 -4.891814 1.000000 
0.014951 -0.497189 -0.027429 -0.308866 -1.669457 -0.023386 1.214087 -5.453757 1.000000 
0.010950 -0.502809 -0.029885 -0.305194 -1.669613 -0.015843 1.169230 -5.701248 1.000000 
0.006909 -0.507401 -0.032310 -0.301031 -1.669713 -0.009089 1.123830 -5.591647 1.000000 
0.002834 -0.511073 -0.034701 -0.296479 -1.669761 -0.003107 1.080557 -5.186505 1.000000 
-0.001266 -0.513934 -0.037053 -0.291608 -1.669764 0.002200 1.041314 -4.605645 1.000000 
-0.005387 -0.516075 -0.039366 -0.286464 -1.669727 0.006952 1.007018 -3.966756 1.000000 
-0.009522 -0.517569 -0.041636 -0.281076 -1.669654 0.011264 0.977778 -3.351860 1.000000 
-0.013666 -0.518473 -0.043862 -0.275463 -1.669548 0.015226 0.953207 -2.803769 1.000000 
-0.017816 -0.518829 -0.046043 -0.269635 -1.669411 0.018904 0.932700 -2.336856 1.000000 
-0.021966 -0.518669 -0.048176 -0.263604 -1.669246 0.022347 0.915605 -1.949352 1.000000 
-0.026113 -0.518018 -0.050260 -0.257376 -1.669054 0.025585 0.901322 -1.632225 1.000000 
-0.030253 -0.516896 -0.052293 -0.250958 -1.668837 0.028642 0.889332 -1.374308 1.000000 
-0.034382 -0.515318 -0.054275 -0.244357 -1.668596 0.031530 0.879204 -1.164814 1.000000 
-0.038497 -0.513298 -0.056203 -0.237578 -1.668333 0.034258 0.870591 -0.994331 1.000000 
-0.042594 -0.510847 -0.058076 -0.230629 -1.668049 0.036830 0.863212 -0.855061 1.000000 
-0.046670 -0.507976 -0.059892 -0.223514 -1.667744 0.039250 0.856844 -0.740713 1.000000 
-0.050721 -0.504692 -0.061651 -0.216241 -1.667421 0.041517 0.851308 -0.646292 1.000000 
-0.054744 -0.501005 -0.063352 -0.208816 -1.667080 0.043631 0.846461 -0.567855 1.000000 
-0.058736 -0.496921 -0.064992 -0.201245 -1.666723 0.045591 0.842188 -0.502295 1.000000 
-0.062693 -0.492450 -0.066571 -0.193536 -1.666351 0.047395 0.838396 -0.447167 1.000000 
-0.066614 -0.487598 -0.068088 -0.185693 -1.665966 0.049041 0.835010 -0.400536 1.000000 
-0.070494 -0.482373 -0.069542 -0.177725 -1.665567 0.050527 0.831969 -0.360867 1.000000 
-0.074331 -0.476782 -0.070932 -0.169638 -1.665158 0.051850 0.829221 -0.326937 1.000000 
-0.078121 -0.470831 -0.072256 -0.161438 -1.664738 0.053010 0.826725 -0.297766 1.000000 
-0.081863 -0.464530 -0.073514 -0.153133 -1.664310 0.054005 0.824446 -0.272565 1.000000 
-0.085553 -0.457883 -0.074706 -0.144729 -1.663874 0.054832 0.822355 -0.250692 1.000000 
-0.089188 -0.450900 -0.075830 -0.136233 -1.663433 0.055492 0.820428 -0.231629 1.000000 
-0.092767 -0.443588 -0.076885 -0.127651 -1.662987 0.055983 0.818643 -0.214947 1.000000 
-0.096285 -0.435953 -0.077872 -0.118991 -1.662538 0.056305 0.816983 -0.200296 1.000000 
-0.099741 -0.428005 -0.078789 -0.110259 -1.662086 0.056459 0.815434 -0.187385 1.000000 
-0.103132 -0.419749 -0.079636 -0.101461 -1.661635 0.056444 0.813981 -0.175973 1.000000 
-0.106456 -0.411195 -0.080412 -0.092606 -1.661184 0.056262 0.812615 -0.165858 1.000000 
-0.109710 -0.402349 -0.081118 -0.083698 -1.660735 0.055913 0.811324 -0.156869 1.000000 
-0.112893 -0.393221 -0.081751 -0.074745 -1.660290 0.055400 0.810102 -0.148866 1.000000 
-0.116001 -0.383817 -0.082313 -0.065754 -1.659849 0.054725 0.808940 -0.141727 1.000000 
-0.119033 -0.374146 -0.082803 -0.056730 -1.659414 0.053890 0.807832 -0.135349 1.000000 
-0.121987 -0.364216 -0.083221 -0.047681 -1.658987 0.052898 0.806773 -0.129646 1.000000 
-0.124860 -0.354035 -0.083566 -0.038612 -1.658569 0.051752 0.805756 -0.124541 1.000000 
-0.127651 -0.343612 -0.083839 -0.029531 -1.658160 0.050457 0.804779 -0.119973 1.000000 
-0.130357 -0.332953 -0.084039 -0.020442 -1.657762 0.049016 0.803836 -0.115885 1.000000 
-0.132978 -0.322069 -0.084166 -0.011353 -1.657376 0.047434 0.802923 -0.112230 1.000000 
-0.135510 -0.310966 -0.084220 -0.002269 -1.657003 0.045716 0.802039 -0.108967 1.000000 
-0.137952 -0.299653 -0.084202 0.006803 -1.656645 0.043867 0.801179 -0.106060 1.000000 
-0.140304 -0.288139 -0.084111 0.015857 -1.656301 0.041892 0.800341 -0.103481 1.000000 
-0.142562 -0.276432 -0.083948 0.024889 -1.655975 0.039798 0.799522 -0.101200 1.000000 
-0.144726 -0.264540 -0.083713 0.033890 -1.655665 0.037591 0.798721 -0.099197 1.000000 
-0.146794 -0.252472 -0.083406 0.042857 -1.655373 0.035276 0.797935 -0.097452 1.000000 
-0.148765 -0.240236 -0.083028 0.051784 -1.655101 0.032862 0.797161 -0.095946 1.000000 
-0.150638 -0.227839 -0.082578 0.060664 -1.654848 0.030354 0.796399 -0.094667 1.000000 
-0.152410 -0.215292 -0.082057 0.069492 -1.654615 0.027761 0.795646 -0.093601 1.000000 
-0.154082 -0.202601 -0.081466 0.078263 -1.654404 0.025089 0.794901 -0.092738 1.000000 
-0.155652 -0.189776 -0.080805 0.086971 -1.654214 0.022346 0.794162 -0.092070 1.000000 
-0.157118 -0.176824 -0.080075 0.095611 -1.654047 0.019540 0.793427 -0.091590 1.000000 
-0.158480 -0.163755 -0.079276 0.104179 -1.653902 0.016680 0.792696 -0.091292 1.000000 
-0.159738 -0.150576 -0.078408 0.112667 -1.653780 0.013772 0.791966 -0.091172 1.000000 
-0.160889 -0.137296 -0.077473 0.121072 -1.653681 0.010826 0.791236 -0.091228 1.000000 
-0.161934 -0.123923 -0.076471 0.129389 -1.653607 0.007849 0.790506 -0.091457 1.000000 
-0.162872 -0.110465 -0.075403 0.137611 -1.653556 0.004850 0.789773 -0.091860 1.000000 
-0.163702 -0.096932 -0.074270 0.145735 -1.653529 0.001838 0.789036 -0.092438 1.000000 
-0.164423 -0.083331 -0.073072 0.153756 -1.653527 -0.001180 0.788293 -0.093192 1.000000 
-0.165035 -0.069671 -0.071810 0.161668 -1.653548 -0.004194 0.787544 -0.094126 1.000000 
-0.165537 -0.055960 -0.070485 0.169467 -1.653594 -0.007197 0.786787 -0.095244 1.000000 
-0.165930 -0.042207 -0.069099 0.177147 -1.653663 -0.010180 0.786020 -0.096552 1.000000 
-0.166212 -0.028420 -0.067651 0.184706 -1.653756 -0.013135 0.785241 -0.098058 1.000000 
-0.166385 -0.014608 -0.066144 0.192137 -1.653873 -0.016053 0.784450 -0.099769 1.000000 
-0.166446 -0.000778 -0.064577 0.199436 -1.654013 -0.018927 0.783644 -0.101695 1.000000 
-0.166397 0.013059 -0.062953 0.206599 -1.654176 -0.021749 0.782822 -0.103849 1.000000 
-0.166237 0.026896 -0.061272 0.213620 -1.654361 -0.024511 0.781982 -0.106243 1.000000 
-0.165967 0.040724 -0.059536 0.220497 -1.654568 -0.027205 0.781122 -0.108893 1.000000 
-0.165586 0.054535 -0.057745 0.227224 -1.654796 -0.029824 0.780239 -0.111815 1.000000 
-0.165094 0.068320 -0.055901 0.233797 -1.655045 -0.032361 0.779332 -0.115030 1.000000 
-0.164493 0.082070 -0.054004 0.240211 -1.655314 -0.034809 0.778398 -0.118559 1.000000 
-0.163781 0.095777 -0.052058 0.246463 -1.655602 -0.037162 0.777434 -0.122427 1.000000 
-0.162960 0.109431 -0.050061 0.252548 -1.655908 -0.039412 0.776438 -0.126662 1.000000 
-0.162030 0.123024 -0.048017 0.258462 -1.656232 -0.041554 0.775407 -0.131296 1.000000 
-0.160992 0.136548 -0.045926 0.264202 -1.656572 -0.043582 0.774336 -0.136364 1.000000 
-0.159846 0.149993 -0.043791 0.269763 -1.656929 -0.045490 0.773223 -0.141907 1.000000 
-0.158592 0.163352 -0.041611 0.275141 -1.657300 -0.047274 0.772064 -0.147968 1.000000 
-0.157233 0.176614 -0.039389 0.280333 -1.657685 -0.048929 0.770854 -0.154600 1.000000 
-0.155767 0.189771 -0.037126 0.285334 -1.658082 -0.050450 0.769589 -0.161860 1.000000 
-0.154196 0.202815 -0.034824 0.290142 -1.658492 -0.051834 0.768263 -0.169811 1.000000 
-0.152522 0.215736 -0.032484 0.294752 -1.658911 -0.053076 0.766870 -0.178529 1.000000 
-0.150745 0.228527 -0.030108 0.299162 -1.659341 -0.054175 0.765404 -0.188095 1.000000 
-0.148866 0.241177 -0.027698 0.303367 -1.659778 -0.055126 0.763858 -0.198603 1.000000 
-0.146887 0.253679 -0.025255 0.307365 -1.660222 -0.055928 0.762224 -0.210161 1.000000 
-0.144808 0.266024 -0.022781 0.311153 -1.660672 -0.056579 0.760492 -0.222890 1.000000 
-0.142631 0.278203 -0.020277 0.314727 -1.661127 -0.057077 0.758654 -0.236927 1.000000 
-0.140357 0.290207 -0.017746 0.318085 -1.661585 -0.057422 0.756698 -0.252429 1.000000 
-0.137988 0.302029 -0.015188 0.321224 -1.662045 -0.057613 0.754611 -0.269575 1.000000 
-0.135525 0.313660 -0.012607 0.324141 -1.662507 -0.057650 0.752379 -0.288569 1.000000 
-0.132970 0.325091 -0.010003 0.326835 -1.662967 -0.057534 0.749988 -0.309643 1.000000 
-0.130324 0.336315 -0.007378 0.329302 -1.663427 -0.057265 0.747419 -0.333061 1.000000 
-0.127589 0.347323 -0.004735 0.331540 -1.663883 -0.056844 0.744652 -0.359125 1.000000 
-0.124767 0.358109 -0.002074 0.333549 -1.664336 -0.056275 0.741665 -0.388179 1.000000 
-0.121860 0.368663 0.000602 0.335325 -1.664783 -0.055558 0.738432 -0.420613 1.000000 
-0.118870 0.378979 0.003291 0.336868 -1.665224 -0.054697 0.734925 -0.456869 1.000000 
-0.115797 0.389049 0.005991 0.338176 -1.665658 -0.053696 0.731111 -0.497445 1.000000 
-0.112645 0.398866 0.008701 0.339248 -1.666083 -0.052557 0.726953 -0.542903 1.000000 
-0.109416 0.408424 0.011418 0.340083 -1.666499 -0.051285 0.722410 -0.593866 1.000000 
-0.106111 0.417716 0.014141 0.340681 -1.666903 -0.049885 0.717434 -0.651024 1.000000 
-0.102733 0.426735 0.016868 0.341040 -1.667296 -0.048361 0.711975 -0.715126 1.000000 
-0.099284 0.435477 0.019597 0.341161 -1.667677 -0.046720 0.705972 -0.786974 1.000000 
-0.095766 0.443934 0.022326 0.341044 -1.668044 -0.044967 0.699360 -0.867397 1.000000 
-0.092182 0.452103 0.025054 0.340689 -1.668396 -0.043107 0.692068 -0.957229 1.000000 
-0.088534 0.459977 0.027777 0.340097 -1.668733 -0.041149 0.684017 -1.057250 1.000000 
-0.084823 0.467552 0.030494 0.339269 -1.669054 -0.039100 0.675123 -1.168118 1.000000 
-0.081054 0.474825 0.033204 0.338205 -1.669358 -0.036965 0.665297 -1.290272 1.000000 
-0.077227 0.481791 0.035905 0.336908 -1.669645 -0.034755 0.654449 -1.423795 1.000000 
-0.073346 0.488447 0.038594 0.335380 -1.669914 -0.032476 0.642487 -1.568260 1.000000 
-0.069413 0.494789 0.041271 0.333623 -1.670165 -0.030138 0.629330 -1.722541 1.000000 
-0.065430 0.500817 0.043932 0.331640 -1.670396 -0.027749 0.614906 -1.884623 1.000000 
-0.061400 0.506527 0.046576 0.329436 -1.670609 -0.025320 0.599164 -2.051443 1.000000 
-0.057326 0.511917 0.049202 0.327013 -1.670801 -0.022860 0.582081 -2.218785 1.000000 
-0.053211 0.516988 0.051808 0.324377 -1.670974 -0.020379 0.563676 -2.381319 1.000000 
-0.049055 0.521740 0.054392 0.321534 -1.671127 -0.017887 0.544010 -2.532804 1.000000 
-0.044864 0.526171 0.056952 0.318489 -1.671261 -0.015396 0.523198 -2.666508 1.000000 
-0.040638 0.530284 0.059487 0.315249 -1.671374 -0.012915 0.501411 -2.775808 1.000000 
-0.036380 0.534081 0.061995 0.311820 -1.671467 -0.010454 0.478866 -2.854920 1.000000 
-0.032093 0.537564 0.064476 0.308211 -1.671541 -0.008021 0.455824 -2.899606 1.000000 
-0.027780 0.540736 0.066926 0.304428 -1.671596 -0.005625 0.432570 -2.907729 1.000000 
-0.023442 0.543601 0.069346 0.300479 -1.671631 -0.003272 0.409397 -2.879504 1.000000 
-0.019083 0.546165 0.071733 0.296371 -1.671648 -0.000967 0.386588 -2.817414 1.000000 
-0.014704 0.548431 0.074088 0.292112 -1.671647 0.001286 0.364398 -2.725800 1.000000 
-0.010309 0.550404 0.076407 0.287706 -1.671628 0.003485 0.343039 -2.610252 1.000000 
-0.005899 0.552091 0.078690 0.283162 -1.671591 0.005628 0.322681 -2.476927 1.000000 
-0.001476 0.553494 0.080937 0.278484 -1.671538 0.007714 0.303440 -2.331928 1.000000 
0.002957 0.554620 0.083146 0.273677 -1.671468 0.009743 0.285386 -2.180832 1.000000 
0.007397 0.555473 0.085316 0.268747 -1.671382 0.011715 0.268550 -2.028392 1.000000 
0.011843 0.556058 0.087445 0.263698 -1.671281 0.013630 0.252925 -1.878404 1.000000 
0.016293 0.556379 0.089534 0.258535 -1.671164 0.015489 0.238481 -1.733707 1.000000 
0.020745 0.556439 0.091582 0.253260 -1.671033 0.017292 0.225167 -1.596271 1.000000 
0.025196 0.556242 0.093586 0.247879 -1.670888 0.019040 0.212918 -1.467330 1.000000 
0.029644 0.555793 0.095548 0.242393 -1.670729 0.020732 0.201665 -1.347525 1.000000 
0.034088 0.555093 0.097464 0.236808 -1.670556 0.022367 0.191333 -1.237048 1.000000 
0.038525 0.554147 0.099336 0.231126 -1.670371 0.023947 0.181848 -1.135768 1.000000 
0.042953 0.552957 0.101162 0.225350 -1.670173 0.025470 0.173137 -1.043330 1.000000 
0.047371 0.551525 0.102942 0.219483 -1.669963 0.026937 0.165132 -0.959239 1.000000 
0.051777 0.549856 0.104674 0.213529 -1.669742 0.028345 0.157768 -0.882923 1.000000 
0.056169 0.547950 0.106358 0.207490 -1.669510 0.029695 0.150986 -0.813771 1.000000 
0.060544 0.545812 0.107993 0.201370 -1.669267 0.030986 0.144731 -0.751171 1.000000 
0.064901 0.543443 0.109579 0.195171 -1.669014 0.032217 0.138952 -0.694529 1.000000 
0.069238 0.540845 0.111116 0.188896 -1.668752 0.033387 0.133604 -0.643280 1.000000 
0.073554 0.538022 0.112602 0.182549 -1.668480 0.034495 0.128646 -0.596897 1.000000 
0.077846 0.534976 0.114036 0.176131 -1.668200 0.035541 0.124042 -0.554896 1.000000 
0.082113 0.531709 0.115420 0.169647 -1.667912 0.036523 0.119757 -0.516833 1.000000 
0.086353 0.528223 0.116751 0.163099 -1.667616 0.037440 0.115763 -0.482308 1.000000 
0.090564 0.524522 0.118029 0.156490 -1.667313 0.038293 0.112032 -0.450960 1.000000 
0.094745 0.520607 0.119254 0.149823 -1.667004 0.039079 0.108540 -0.422464 1.000000 
0.098893 0.516481 0.120426 0.143100 -1.666688 0.039799 0.105266 -0.396529 1.000000 
0.103008 0.512147 0.121544 0.136325 -1.666367 0.040451 0.102189 -0.372897 1.000000 
0.107087 0.507607 0.122607 0.129501 -1.666041 0.041036 0.099294 -0.351334 1.000000 
0.111129 0.502864 0.123616 0.122630 -1.665711 0.041553 0.096563 -0.331634 1.000000 
0.115132 0.497920 0.124569 0.115715 -1.665376 0.042000 0.093983 -0.313615 1.000000 
0.119095 0.492779 0.125467 0.108759 -1.665039 0.042379 0.091541 -0.297110 1.000000 
0.123016 0.487443 0.126309 0.101766 -1.664698 0.042688 0.089226 -0.281974 1.000000 
0.126894 0.481914 0.127095 0.094737 -1.664356 0.042927 0.087026 -0.268077 1.000000 
0.130726 0.476196 0.127825 0.087677 -1.664012 0.043097 0.084934 -0.255302 1.000000 
0.134512 0.470291 0.128498 0.080587 -1.663667 0.043197 0.082939 -0.243546 1.000000 
0.138250 0.464202 0.129114 0.073470 -1.663321 0.043228 0.081034 -0.232715 1.000000 
0.141939 0.457932 0.129673 0.066331 -1.662975 0.043189 0.079213 -0.222725 1.000000 
0.145577 0.451485 0.130175 0.059170 -1.662630 0.043082 0.077469 -0.213504 1.000000 
0.149162 0.444862 0.130620 0.051992 -1.662286 0.042905 0.075795 -0.204984 1.000000 
0.152694 0.438068 0.131007 0.044798 -1.661944 0.042660 0.074187 -0.197105 1.000000 
0.156171 0.431105 0.131337 0.037592 -1.661604 0.042348 0.072640 -0.189813 1.000000 
0.159591 0.423976 0.131609 0.030377 -1.661266 0.041968 0.071149 -0.183061 1.000000 
0.162954 0.416685 0.131823 0.023156 -1.660932 0.041523 0.069710 -0.176803 1.000000 
0.166258 0.409234 0.131979 0.015930 -1.660602 0.041011 0.068319 -0.171002 1.000000 
0.169501 0.401628 0.132078 0.008703 -1.660276 0.040436 0.066973 -0.165622 1.000000 
0.172684 0.393869 0.132118 0.001478 -1.659955 0.039796 0.065668 -0.160631 1.000000 
0.175803 0.385960 0.132101 -0.005742 -1.659640 0.039095 0.064401 -0.156000 1.000000 
0.178858 0.377904 0.132026 -0.012956 -1.659330 0.038332 0.063171 -0.151703 1.000000 
0.181849 0.369706 0.131894 -0.020160 -1.659027 0.037509 0.061973 -0.147716 1.000000 
0.184773 0.361369 0.131704 -0.027351 -1.658730 0.036628 0.060807 -0.144017 1.000000 
0.187631 0.352895 0.131456 -0.034527 -1.658441 0.035690 0.059668 -0.140588 1.000000 
0.190419 0.344289 0.131152 -0.041685 -1.658159 0.034696 0.058557 -0.137411 1.000000 
0.193139 0.335553 0.130790 -0.048823 -1.657886 0.033648 0.057469 -0.134470 1.000000 
0.195788 0.326692 0.130370 -0.055938 -1.657621 0.032548 0.056404 -0.131749 1.000000 
0.198366 0.317709 0.129895 -0.063027 -1.657365 0.031398 0.055361 -0.129237 1.000000 
0.200871 0.308606 0.129362 -0.070088 -1.657119 0.030199 0.054336 -0.126921 1.000000 
0.203303 0.299389 0.128773 -0.077118 -1.656882 0.028954 0.053329 -0.124791 1.000000 
0.205661 0.290060 0.128128 -0.084115 -1.656655 0.027663 0.052339 -0.122836 1.000000 
0.207944 0.280623 0.127428 -0.091076 -1.656439 0.026331 0.051364 -0.121048 1.000000 
0.210151 0.271081 0.126671 -0.097999 -1.656234 0.024957 0.050402 -0.119418 1.000000 
0.212281 0.261439 0.125860 -0.104882 -1.656040 0.023545 0.049453 -0.117941 1.000000 
0.214333 0.251700 0.124993 -0.111721 -1.655858 0.022097 0.048514 -0.116608 1.000000 
0.216308 0.241867 0.124072 -0.118514 -1.655687 0.020615 0.047586 -0.115414 1.000000 
0.218203 0.231944 0.123097 -0.125260 -1.655528 0.019101 0.046667 -0.114354 1.000000 
0.220018 0.221935 0.122068 -0.131955 -1.655381 0.017558 0.045756 -0.113424 1.000000 
0.221754 0.211843 0.120986 -0.138598 -1.655247 0.015987 0.044852 -0.112619 1.000000 
0.223408 0.201673 0.119851 -0.145185 -1.655125 0.014393 0.043954 -0.111936 1.000000 
0.224980 0.191428 0.118663 -0.151716 -1.655017 0.012776 0.043061 -0.111372 1.000000 
0.226470 0.181111 0.117424 -0.158186 -1.654921 0.011140 0.042172 -0.110924 1.000000 
0.227878 0.170727 0.116132 -0.164595 -1.654839 0.009486 0.041286 -0.110589 1.000000 
0.229202 0.160279 0.114790 -0.170940 -1.654769 0.007818 0.040402 -0.110367 1.000000 
0.230442 0.149771 0.113397 -0.177219 -1.654714 0.006138 0.039520 -0.110257 1.000000 
0.231598 0.139207 0.111955 -0.183429 -1.654671 0.004449 0.038638 -0.110256 1.000000 
0.232669 0.128591 0.110463 -0.189568 -1.654642 0.002753 0.037755 -0.110364 1.000000 
0.233655 0.117926 0.108922 -0.195635 -1.654627 0.001052 0.036872 -0.110582 1.000000 
0.234556 0.107216 0.107333 -0.201627 -1.654626 -0.000650 0.035986 -0.110909 1.000000 
0.235371 0.096465 0.105696 -0.207542 -1.654638 -0.002351 0.035097 -0.111347 1.000000 
0.236099 0.085677 0.104012 -0.213378 -1.654663 -0.004049 0.034204 -0.111896 1.000000 
0.236741 0.074855 0.102282 -0.219133 -1.654702 -0.005741 0.033306 -0.112557 1.000000 
0.237297 0.064005 0.100506 -0.224805 -1.654755 -0.007425 0.032403 -0.113333 1.000000 
0.237765 0.053128 0.098686 -0.230392 -1.654821 -0.009097 0.031493 -0.114225 1.000000 
0.238147 0.042230 0.096820 -0.235892 -1.654901 -0.010756 0.030575 -0.115236 1.000000 
0.238441 0.031314 0.094912 -0.241303 -1.654993 -0.012398 0.029648 -0.116369 1.000000 
0.238648 0.020384 0.092960 -0.246623 -1.655099 -0.014022 0.028713 -0.117627 1.000000 
0.238767 0.009443 0.090966 -0.251851 -1.655217 -0.015625 0.027766 -0.119015 1.000000 
0.238799 -0.001503 0.088930 -0.256984 -1.655349 -0.017205 0.026808 -0.120536 1.000000 
0.238743 -0.012452 0.086854 -0.262021 -1.655493 -0.018759 0.025837 -0.122195 1.000000 
0.238600 -0.023400 0.084738 -0.266959 -1.655649 -0.020284 0.024852 -0.123999 1.000000 
0.238369 -0.034342 0.082583 -0.271798 -1.655817 -0.021780 0.023853 -0.125952 1.000000 
0.238050 -0.045274 0.080390 -0.276535 -1.655997 -0.023242 0.022837 -0.128061 1.000000 
0.237644 -0.056194 0.078159 -0.281169 -1.656189 -0.024670 0.021803 -0.130334 1.000000 
0.237151 -0.067096 0.075891 -0.285697 -1.656392 -0.026061 0.020751 -0.132779 1.000000 
0.236571 -0.077977 0.073588 -0.290120 -1.656606 -0.027413 0.019678 -0.135403 1.000000 
0.235904 -0.088834 0.071250 -0.294433 -1.656830 -0.028725 0.018584 -0.138217 1.000000 
0.235150 -0.099662 0.068877 -0.298637 -1.657065 -0.029993 0.017466 -0.141230 1.000000 
0.234309 -0.110457 0.066472 -0.302730 -1.657310 -0.031217 0.016324 -0.144454 1.000000 
0.233382 -0.121215 0.064034 -0.306710 -1.657565 -0.032394 0.015155 -0.147902 1.000000 
0.232370 -0.131933 0.061565 -0.310575 -1.657828 -0.033522 0.013957 -0.151585 1.000000 
0.231272 -0.142606 0.059065 -0.314325 -1.658101 -0.034601 0.012729 -0.155519 1.000000 
0.230088 -0.153232 0.056536 -0.317958 -1.658382 -0.035629 0.011468 -0.159719 1.000000 
0.228820 -0.163805 0.053978 -0.321472 -1.658671 -0.036603 0.010172 -0.164202 1.000000 
0.227468 -0.174322 0.051393 -0.324866 -1.658967 -0.037523 0.008840 -0.168986 1.000000 
0.226031 -0.184780 0.048781 -0.328139 -1.659271 -0.038387 0.007468 -0.174093 1.000000 
0.224511 -0.195174 0.046143 -0.331289 -1.659581 -0.039195 0.006053 -0.179543 1.000000 
0.222909 -0.205500 0.043480 -0.334316 -1.659898 -0.039944 0.004594 -0.185360 1.000000 
0.221223 -0.215756 0.040794 -0.337218 -1.660220 -0.040634 0.003087 -0.191571 1.000000 
0.219457 -0.225936 0.038085 -0.339994 -1.660548 -0.041265 0.001528 -0.198203 1.000000 
0.217605 -0.237123 0.035356 -0.341874 -1.660852 -0.034772 0.001540 0.204450 -1.000000 
0.215666 -0.247452 0.032618 -0.342543 -1.661132 -0.035289 0.003199 0.210264 -1.000000 
0.213646 -0.257693 0.029875 -0.343082 -1.661417 -0.035752 0.004906 0.216484 -1.000000 
0.211543 -0.267843 0.027129 -0.343491 -1.661704 -0.036160 0.006664 0.223137 -1.000000 
0.209360 -0.277897 0.024380 -0.343770 -1.661995 -0.036513 0.008477 0.230254 -1.000000 
0.207097 -0.287851 0.021629 -0.343918 -1.662288 -0.036811 0.010349 0.237868 -1.000000 
0.204755 -0.297702 0.018878 -0.343934 -1.662584 -0.037051 0.012284 0.246017 -1.000000 
0.202334 -0.307446 0.016127 -0.343819 -1.662881 -0.037235 0.014287 0.254741 -1.000000 
0.199836 -0.317078 0.013377 -0.343572 -1.663179 -0.037361 0.016362 0.264082 -1.000000 
0.197261 -0.326594 0.010630 -0.343193 -1.663479 -0.037429 0.018514 0.274088 -1.000000 
0.194611 -0.335992 0.007886 -0.342681 -1.663778 -0.037440 0.020749 0.284810 -1.000000 
0.191886 -0.345266 0.005147 -0.342037 -1.664077 -0.037391 0.023073 0.296303 -1.000000 
0.189087 -0.354414 0.002414 -0.341260 -1.664376 -0.037284 0.025492 0.308629 -1.000000 
0.186216 -0.363430 -0.000313 -0.340350 -1.664674 -0.037119 0.028013 0.321853 -1.000000 
0.183273 -0.372312 -0.003031 -0.339307 -1.664970 -0.036895 0.030644 0.336047 -1.000000 
0.180259 -0.381056 -0.005741 -0.338131 -1.665264 -0.036612 0.033393 0.351286 -1.000000 
0.177176 -0.389656 -0.008441 -0.336822 -1.665556 -0.036270 0.036268 0.367656 -1.000000 
0.174025 -0.398111 -0.011130 -0.335380 -1.665844 -0.035871 0.039279 0.385245 -1.000000 
0.170807 -0.406416 -0.013807 -0.333806 -1.666129 -0.035413 0.042435 0.404150 -1.000000 
0.167523 -0.414567 -0.016471 -0.332099 -1.666411 -0.034898 0.045749 0.424475 -1.000000 
0.164174 -0.422561 -0.019120 -0.330259 -1.666688 -0.034326 0.049231 0.446330 -1.000000 
0.160762 -0.430393 -0.021754 -0.328286 -1.666960 -0.033697 0.052895 0.469832 -1.000000 
0.157288 -0.438061 -0.024372 -0.326182 -1.667227 -0.033011 0.056753 0.495106 -1.000000 
0.153754 -0.445560 -0.026973 -0.323946 -1.667488 -0.032270 0.060821 0.522281 -1.000000 
0.150160 -0.452887 -0.029555 -0.321578 -1.667743 -0.031474 0.065115 0.551491 -1.000000 
0.146508 -0.460037 -0.032118 -0.319079 -1.667991 -0.030624 0.069651 0.582875 -1.000000 
0.142800 -0.467008 -0.034660 -0.316449 -1.668233 -0.029720 0.074447 0.616570 -1.000000 
0.139036 -0.473796 -0.037181 -0.313688 -1.668467 -0.028763 0.079523 0.652715 -1.000000 
0.135219 -0.480397 -0.039679 -0.310798 -1.668693 -0.027754 0.084898 0.691441 -1.000000 
0.131350 -0.486807 -0.042153 -0.307777 -1.668911 -0.026694 0.090593 0.732868 -1.000000 
0.127431 -0.493022 -0.044603 -0.304628 -1.669120 -0.025584 0.096631 0.777099 -1.000000 
0.123463 -0.499040 -0.047027 -0.301350 -1.669320 -0.024425 0.103034 0.824212 -1.000000 
0.119447 -0.504856 -0.049424 -0.297943 -1.669510 -0.023217 0.109826 0.874251 -1.000000 
0.115385 -0.510466 -0.051793 -0.294409 -1.669691 -0.021962 0.117030 0.927212 -1.000000 
0.111280 -0.515868 -0.054134 -0.290748 -1.669862 -0.020660 0.124669 0.983031 -1.000000 
0.107132 -0.521056 -0.056445 -0.286960 -1.670022 -0.019313 0.132766 1.041571 -1.000000 
0.102944 -0.526027 -0.058725 -0.283046 -1.670170 -0.017922 0.141341 1.102600 -1.000000 
0.098716 -0.530778 -0.060973 -0.279007 -1.670308 -0.016487 0.150413 1.165779 -1.000000 
0.094452 -0.535304 -0.063189 -0.274843 -1.670434 -0.015010 0.159998 1.230643 -1.000000 
0.090152 -0.539601 -0.065371 -0.270555 -1.670548 -0.013492 0.170106 1.296583 -1.000000 
0.085819 -0.543666 -0.067518 -0.266144 -1.670650 -0.011934 0.180744 1.362840 -1.000000 
0.081454 -0.547494 -0.069629 -0.261610 -1.670739 -0.010338 0.191910 1.428497 -1.000000 
0.077060 -0.551080 -0.071703 -0.256955 -1.670815 -0.008704 0.203596 1.492484 -1.000000 
0.072637 -0.554421 -0.073740 -0.252179 -1.670878 -0.007035 0.215782 1.553590 -1.000000 
0.068189 -0.557512 -0.075737 -0.247283 -1.670928 -0.005333 0.228442 1.610501 -1.000000 
0.063718 -0.560349 -0.077696 -0.242270 -1.670963 -0.003598 0.241535 1.661835 -1.000000 
0.059225 -0.562928 -0.079613 -0.237139 -1.670985 -0.001833 0.255013 1.706211 -1.000000 
0.054712 -0.565243 -0.081490 -0.231892 -1.670993 -0.000041 0.268813 1.742311 -1.000000 
0.050181 -0.567290 -0.083323 -0.226531 -1.670986 0.001775 0.282864 1.768967 -1.000000 
0.045636 -0.569065 -0.085114 -0.221057 -1.670964 0.003614 0.297088 1.785232 -1.000000 
0.041077 -0.570564 -0.086860 -0.215473 -1.670928 0.005470 0.311399 1.790457 -1.000000 
0.036508 -0.571782 -0.088561 -0.209781 -1.670877 0.007342 0.325705 1.784336 -1.000000 
0.031929 -0.572715 -0.090216 -0.203983 -1.670810 0.009223 0.339918 1.766942 -1.000000 
0.027345 -0.573360 -0.091825 -0.198081 -1.670729 0.011111 0.353948 1.738720 -1.000000 
0.022756 -0.573712 -0.093385 -0.192078 -1.670633 0.013001 0.367711 1.700464 -1.000000 
0.018166 -0.573769 -0.094898 -0.185977 -1.670521 0.014887 0.381131 1.653255 -1.000000 
0.013577 -0.573527 -0.096361 -0.179781 -1.670394 0.016766 0.394142 1.598397 -1.000000 
0.008991 -0.572984 -0.097774 -0.173493 -1.670253 0.018631 0.406689 1.537325 -1.000000 
0.004410 -0.572137 -0.099136 -0.167116 -1.670096 0.020477 0.418727 1.471528 -1.000000 
-0.000163 -0.570985 -0.100447 -0.160654 -1.669925 0.022300 0.430225 1.402469 -1.000000 
-0.004725 -0.569525 -0.101707 -0.154111 -1.669740 0.024093 0.441161 1.331523 -1.000000 
-0.009274 -0.567757 -0.102913 -0.147489 -1.669540 0.025852 0.451527 1.259929 -1.000000 
-0.013808 -0.565679 -0.104066 -0.140792 -1.669326 0.027572 0.461321 1.188763 -1.000000 
-0.018324 -0.563292 -0.105166 -0.134025 -1.669099 0.029248 0.470551 1.118920 -1.000000 
-0.022820 -0.560594 -0.106210 -0.127190 -1.668858 0.030874 0.479230 1.051119 -1.000000 
-0.027293 -0.557587 -0.107200 -0.120293 -1.668605 0.032447 0.487376 0.985905 -1.000000 
-0.031741 -0.554270 -0.108135 -0.113335 -1.668339 0.033960 0.495012 0.923671 -1.000000 
-0.036161 -0.550645 -0.109014 -0.106323 -1.668062 0.035411 0.502163 0.864675 -1.000000 
-0.040550 -0.546713 -0.109836 -0.099259 -1.667773 0.036794 0.508856 0.809061 -1.000000 
-0.044907 -0.542475 -0.110602 -0.092147 -1.667473 0.038106 0.515117 0.756882 -1.000000 
-0.049229 -0.537933 -0.111310 -0.084992 -1.667163 0.039343 0.520975 0.708116 -1.000000 
-0.053513 -0.533088 -0.111961 -0.077798 -1.666844 0.040500 0.526456 0.662687 -1.000000 
-0.057758 -0.527944 -0.112555 -0.070568 -1.666516 0.041576 0.531587 0.620478 -1.000000 
-0.061960 -0.522503 -0.113090 -0.063307 -1.666179 0.042565 0.536392 0.581344 -1.000000 
-0.066117 -0.516767 -0.113568 -0.056020 -1.665835 0.043467 0.540896 0.545122 -1.000000 
-0.070227 -0.510740 -0.113987 -0.048709 -1.665484 0.044277 0.545121 0.511638 -1.000000 
-0.074288 -0.504425 -0.114347 -0.041380 -1.665127 0.044993 0.549089 0.480715 -1.000000 
-0.078297 -0.497826 -0.114649 -0.034037 -1.664764 0.045613 0.552819 0.452177 -1.000000 
-0.082252 -0.490945 -0.114892 -0.026684 -1.664397 0.046135 0.556330 0.425853 -1.000000 
-0.086152 -0.483788 -0.115076 -0.019325 -1.664026 0.046557 0.559638 0.401576 -1.000000 
-0.089992 -0.476358 -0.115201 -0.011965 -1.663652 0.046878 0.562760 0.379190 -1.000000 
-0.093773 -0.468660 -0.115267 -0.004607 -1.663277 0.047096 0.565710 0.358546 -1.000000 
-0.097490 -0.460698 -0.115275 0.002744 -1.662899 0.047211 0.568501 0.339506 -1.000000 
-0.101143 -0.452476 -0.115223 0.010084 -1.662521 0.047222 0.571146 0.321942 -1.000000 
-0.104729 -0.444000 -0.115113 0.017409 -1.662144 0.047128 0.573656 0.305734 -1.000000 
-0.108246 -0.435275 -0.114945 0.024714 -1.661768 0.046930 0.576041 0.290772 -1.000000 
-0.111693 -0.426305 -0.114718 0.031995 -1.661393 0.046626 0.578311 0.276956 -1.000000 
-0.115067 -0.417096 -0.114433 0.039249 -1.661022 0.046219 0.580475 0.264192 -1.000000 
-0.118366 -0.407654 -0.114090 0.046471 -1.660654 0.045707 0.582541 0.252397 -1.000000 
-0.121588 -0.397983 -0.113689 0.053658 -1.660291 0.045093 0.584516 0.241492 -1.000000 
-0.124733 -0.388090 -0.113232 0.060804 -1.659933 0.044377 0.586407 0.231407 -1.000000 
-0.127797 -0.377980 -0.112717 0.067906 -1.659581 0.043561 0.588220 0.222078 -1.000000 
-0.130780 -0.367658 -0.112145 0.074961 -1.659236 0.042646 0.589962 0.213446 -1.000000 
-0.133679 -0.357132 -0.111517 0.081963 -1.658899 0.041635 0.591637 0.205458 -1.000000 
-0.136494 -0.346407 -0.110834 0.088910 -1.658570 0.040528 0.593251 0.198065 -1.000000 
-0.139221 -0.335489 -0.110095 0.095798 -1.658251 0.039330 0.594808 0.191223 -1.000000 
-0.141861 -0.324384 -0.109301 0.102623 -1.657941 0.038042 0.596312 0.184892 -1.000000 
-0.144411 -0.313099 -0.108453 0.109380 -1.657642 0.036667 0.597767 0.179035 -1.000000 
-0.146870 -0.301640 -0.107551 0.116067 -1.657355 0.035208 0.599177 0.173621 -1.000000 
-0.149237 -0.290013 -0.106596 0.122679 -1.657079 0.033668 0.600546 0.168617 -1.000000 
-0.151510 -0.278225 -0.105589 0.129214 -1.656816 0.032051 0.601876 0.163998 -1.000000 
-0.153688 -0.266282 -0.104529 0.135667 -1.656567 0.030361 0.603171 0.159739 -1.000000 
-0.155770 -0.254192 -0.103418 0.142036 -1.656331 0.028601 0.604433 0.155817 -1.000000 
-0.157755 -0.241960 -0.102257 0.148316 -1.656109 0.026775 0.605665 0.152212 -1.000000 
-0.159641 -0.229593 -0.101045 0.154504 -1.655903 0.024887 0.606869 0.148907 -1.000000 
-0.161428 -0.217098 -0.099785 0.160597 -1.655711 0.022942 0.608048 0.145883 -1.000000 
-0.163114 -0.204482 -0.098476 0.166592 -1.655536 0.020944 0.609204 0.143128 -1.000000 
-0.164699 -0.191752 -0.097120 0.172486 -1.655376 0.018898 0.610339 0.140628 -1.000000 
-0.166182 -0.178914 -0.095717 0.178274 -1.655233 0.016808 0.611455 0.138371 -1.000000 
-0.167562 -0.165975 -0.094268 0.183955 -1.655107 0.014679 0.612554 0.136347 -1.000000 
-0.168837 -0.152943 -0.092774 0.189525 -1.654999 0.012517 0.613637 0.134546 -1.000000 
-0.170008 -0.139824 -0.091236 0.194981 -1.654907 0.010325 0.614707 0.132962 -1.000000 
-0.171074 -0.126626 -0.089654 0.200320 -1.654833 0.008110 0.615765 0.131586 -1.000000 
-0.172034 -0.113354 -0.088031 0.205539 -1.654777 0.005876 0.616813 0.130415 -1.000000 
-0.172888 -0.100018 -0.086366 0.210635 -1.654739 0.003629 0.617852 0.129442 -1.000000 
-0.173634 -0.086623 -0.084661 0.215606 -1.654719 0.001373 0.618884 0.128665 -1.000000 
-0.174274 -0.073176 -0.082917 0.220448 -1.654717 -0.000885 0.619911 0.128080 -1.000000 
-0.174805 -0.059686 -0.081134 0.225159 -1.654734 -0.003141 0.620934 0.127688 -1.000000 
-0.175228 -0.046159 -0.079315 0.229737 -1.654768 -0.005390 0.621955 0.127485 -1.000000 
-0.175544 -0.032602 -0.077459 0.234178 -1.654820 -0.007625 0.622974 0.127474 -1.000000 
-0.175750 -0.019023 -0.075568 0.238480 -1.654890 -0.009842 0.623995 0.127656 -1.000000 
-0.175848 -0.005428 -0.073643 0.242640 -1.654977 -0.012036 0.625017 0.128032 -1.000000 
-0.175837 0.008173 -0.071686 0.246657 -1.655082 -0.014200 0.626044 0.128607 -1.000000 
-0.175717 0.021775 -0.069697 0.250527 -1.655204 -0.016331 0.627076 0.129385 -1.000000 
-0.175488 0.035370 -0.067678 0.254248 -1.655343 -0.018423 0.628115 0.130371 -1.000000 
0.000000 0.000000 0.000000 0.000000 0.000000 0.000000 0.000000 0.000000 0.000000 
