-0.100573 1.589688 -0.816086 1.146030 -1.630422 -1.466523 0.864059 -0.032590 -1.000000 
-0.087815 1.599563 -0.806638 1.216092 -1.642202 -1.478117 0.863791 -0.034490 -1.000000 
-0.074982 1.608551 -0.796626 1.287062 -1.654064 -1.486971 0.863506 -0.036571 -1.000000 
-0.062081 1.616592 -0.786043 1.358853 -1.665986 -1.493019 0.863205 -0.038855 -1.000000 
-0.049119 1.623622 -0.774883 1.431373 -1.677945 -1.496199 0.862884 -0.041366 -1.000000 
-0.036106 1.629581 -0.763139 1.504520 -1.689918 -1.496453 0.862542 -0.044131 -1.000000 
-0.023049 1.634407 -0.750809 1.578187 -1.701880 -1.493733 0.862177 -0.047182 -1.000000 
-0.009958 1.638039 -0.737887 1.652256 -1.713809 -1.487992 0.861787 -0.050554 -1.000000 
0.003156 1.640417 -0.724372 1.726606 -1.725680 -1.479193 0.861367 -0.054288 -1.000000 
0.016285 1.641481 -0.710261 1.801105 -1.737468 -1.467307 0.860917 -0.058433 -1.000000 
0.029417 1.641176 -0.695554 1.875616 -1.749149 -1.452311 0.860431 -0.063041 -1.000000 
0.042540 1.639446 -0.680252 1.949997 -1.760697 -1.434192 0.859907 -0.068175 -1.000000 
0.055644 1.636238 -0.664355 2.024098 -1.772087 -1.412945 0.859339 -0.073908 -1.000000 
0.068716 1.631503 -0.647867 2.097767 -1.783296 -1.388574 0.858723 -0.080320 -1.000000 
0.081744 1.625195 -0.630793 2.170844 -1.794296 -1.361094 0.858052 -0.087506 -1.000000 
0.094715 1.617272 -0.613136 2.243167 -1.805065 -1.330530 0.857320 -0.095574 -1.000000 
0.107616 1.607694 -0.594904 2.314572 -1.815577 -1.296917 0.856520 -0.104647 -1.000000 
0.120433 1.596429 -0.576106 2.384891 -1.825808 -1.260301 0.855643 -0.114865 -1.000000 
0.133154 1.583447 -0.556749 2.453954 -1.835734 -1.220739 0.854679 -0.126385 -1.000000 
0.145764 1.568724 -0.536846 2.521592 -1.845332 -1.178299 0.853617 -0.139384 -1.000000 
0.158249 1.552242 -0.516408 2.587635 -1.854579 -1.133062 0.852444 -0.154056 -1.000000 
0.170595 1.533990 -0.495449 2.651915 -1.863453 -1.085119 0.851147 -0.170612 -1.000000 
0.182788 1.513959 -0.473983 2.714265 -1.871934 -1.034572 0.849709 -0.189273 -1.000000 
0.194813 1.492152 -0.452026 2.774523 -1.880000 -0.981535 0.848112 -0.210264 -1.000000 
0.206657 1.468574 -0.429596 2.832528 -1.887632 -0.926134 0.846338 -0.233799 -1.000000 
0.218306 1.443239 -0.406712 2.888127 -1.894812 -0.868505 0.844364 -0.260061 -1.000000 
0.229745 1.416168 -0.383393 2.941173 -1.901523 -0.808795 0.842169 -0.289169 -1.000000 
0.240960 1.387389 -0.359660 2.991524 -1.907748 -0.747161 0.839730 -0.321138 -1.000000 
0.251938 1.356936 -0.335536 3.039049 -1.913473 -0.683770 0.837023 -0.355829 -1.000000 
0.262667 1.324852 -0.311044 3.083624 -1.918684 -0.618798 0.834030 -0.392882 -1.000000 
0.273132 1.291184 -0.286206 3.125137 -1.923370 -0.552429 0.830733 -0.431659 -1.000000 
0.283322 1.255989 -0.261050 3.163487 -1.927520 -0.484852 0.827121 -0.471181 -1.000000 
0.293224 1.219328 -0.235599 3.198583 -1.931125 -0.416264 0.823195 -0.510110 -1.000000 
0.302827 1.181270 -0.209881 3.230349 -1.934178 -0.346865 0.818966 -0.546770 -1.000000 
0.312121 1.141887 -0.183923 3.258722 -1.936673 -0.276856 0.814458 -0.579248 -1.000000 
0.321094 1.101258 -0.157751 3.283652 -1.938606 -0.206439 0.809714 -0.605569 -1.000000 
0.329738 1.059463 -0.131394 3.305104 -1.939975 -0.135815 0.804790 -0.623946 -1.000000 
0.338042 1.016588 -0.104879 3.323055 -1.940779 -0.065177 0.799756 -0.633039 -1.000000 
0.346000 0.972718 -0.078234 3.337496 -1.941019 0.005285 0.794688 -0.632182 -1.000000 
0.353604 0.927941 -0.051488 3.348431 -1.940696 0.075389 0.789667 -0.621494 -1.000000 
0.360845 0.882343 -0.024669 3.355876 -1.939814 0.144964 0.784768 -0.601856 -1.000000 
0.367719 0.836012 0.002197 3.359856 -1.938378 0.213846 0.780058 -0.574748 -1.000000 
0.374220 0.789032 0.029080 3.360407 -1.936394 0.281880 0.775587 -0.542013 -1.000000 
0.380342 0.741489 0.055954 3.357572 -1.933871 0.348921 0.771395 -0.505589 -1.000000 
0.386082 0.693466 0.082792 3.351404 -1.930815 0.414829 0.767503 -0.467298 -1.000000 
0.391436 0.645046 0.109568 3.341962 -1.927237 0.479472 0.763919 -0.428692 -1.000000 
0.396402 0.596310 0.136255 3.329311 -1.923147 0.542725 0.760641 -0.390986 -1.000000 
0.400977 0.547338 0.162829 3.313523 -1.918557 0.604466 0.757659 -0.355049 -1.000000 
0.405159 0.498212 0.189263 3.294677 -1.913480 0.664580 0.754954 -0.321438 -1.000000 
0.408948 0.449009 0.215535 3.272856 -1.907928 0.722956 0.752509 -0.290456 -1.000000 
0.412343 0.399806 0.241621 3.248150 -1.901917 0.779489 0.750300 -0.262214 -1.000000 
0.415345 0.350680 0.267498 3.220653 -1.895462 0.834077 0.748306 -0.236682 -1.000000 
0.417955 0.301706 0.293145 3.190465 -1.888578 0.886626 0.746506 -0.213742 -1.000000 
0.420173 0.252955 0.318539 3.157690 -1.881281 0.937047 0.744880 -0.193221 -1.000000 
0.422003 0.204500 0.343661 3.122436 -1.873591 0.985256 0.743409 -0.174916 -1.000000 
0.423446 0.156408 0.368492 3.084816 -1.865524 1.031175 0.742076 -0.158619 -1.000000 
0.424506 0.108746 0.393012 3.044945 -1.857098 1.074734 0.740866 -0.144123 -1.000000 
0.425187 0.061577 0.417205 3.002943 -1.848334 1.115870 0.739765 -0.131231 -1.000000 
0.425493 0.014962 0.441054 2.958928 -1.839251 1.154524 0.738762 -0.119762 -1.000000 
0.425428 -0.031041 0.464543 2.913026 -1.829869 1.190648 0.737846 -0.109551 -1.000000 
0.424998 -0.076377 0.487658 2.865359 -1.820207 1.224196 0.737007 -0.100450 -1.000000 
0.424208 -0.120997 0.510384 2.816054 -1.810288 1.255135 0.736236 -0.092327 -1.000000 
0.423064 -0.164851 0.532710 2.765235 -1.800132 1.283434 0.735527 -0.085065 -1.000000 
0.421573 -0.207896 0.554624 2.713028 -1.789761 1.309071 0.734873 -0.078563 -1.000000 
0.419740 -0.250091 0.576115 2.659557 -1.779194 1.332031 0.734268 -0.072730 -1.000000 
0.417574 -0.291399 0.597174 2.604947 -1.768455 1.352306 0.733708 -0.067487 -1.000000 
0.415080 -0.331787 0.617792 2.549320 -1.757565 1.369894 0.733187 -0.062767 -1.000000 
0.412268 -0.371225 0.637961 2.492795 -1.746544 1.384798 0.732702 -0.058507 -1.000000 
0.409143 -0.409688 0.657675 2.435490 -1.735415 1.397029 0.732250 -0.054657 -1.000000 
0.405715 -0.447152 0.676927 2.377520 -1.724199 1.406605 0.731827 -0.051170 -1.000000 
0.401991 -0.483600 0.695713 2.318996 -1.712916 1.413545 0.731430 -0.048007 -1.000000 
0.397980 -0.519016 0.714030 2.260027 -1.701589 1.417878 0.731058 -0.045131 -1.000000 
0.393690 -0.553388 0.731873 2.200716 -1.690237 1.419636 0.730707 -0.042511 -1.000000 
0.389129 -0.586708 0.749241 2.141164 -1.678882 1.418855 0.730377 -0.040122 -1.000000 
0.384306 -0.618970 0.766131 2.081465 -1.667542 1.415577 0.730065 -0.037939 -1.000000 
0.379228 -0.650173 0.782544 2.021712 -1.656239 1.409846 0.729770 -0.035941 -1.000000 
0.373906 -0.680316 0.798479 1.961989 -1.644991 1.401712 0.729489 -0.034109 -1.000000 
0.368346 -0.709404 0.813936 1.902378 -1.633818 1.391226 0.729223 -0.032428 -1.000000 
0.362558 -0.737442 0.828917 1.842955 -1.622738 1.378444 0.728970 -0.030882 -1.000000 
0.356550 -0.764440 0.843424 1.783791 -1.611769 1.363424 0.728729 -0.029460 -1.000000 
0.350330 -0.790408 0.857459 1.724950 -1.600929 1.346226 0.728499 -0.028149 -1.000000 
0.343906 -0.815359 0.871024 1.666493 -1.590235 1.326913 0.728278 -0.026939 -1.000000 
0.337287 -0.839308 0.884124 1.608474 -1.579703 1.305549 0.728067 -0.025822 -1.000000 
0.330480 -0.862273 0.896761 1.550942 -1.569351 1.282200 0.727865 -0.024789 -1.000000 
0.323493 -0.884271 0.908940 1.493941 -1.559193 1.256932 0.727670 -0.023834 -1.000000 
0.316334 -0.905324 0.920666 1.437510 -1.549245 1.229816 0.727483 -0.022949 -1.000000 
0.309010 -0.925451 0.931942 1.381681 -1.539521 1.200918 0.727303 -0.022130 -1.000000 
0.301529 -0.944676 0.942774 1.326482 -1.530035 1.170309 0.727129 -0.021370 -1.000000 
0.293898 -0.963022 0.953167 1.271935 -1.520800 1.138059 0.726961 -0.020666 -1.000000 
0.286123 -0.980513 0.963127 1.218058 -1.511830 1.104238 0.726798 -0.020014 -1.000000 
0.278212 -0.997173 0.972658 1.164865 -1.503137 1.068916 0.726641 -0.019408 -1.000000 
0.270170 -1.013028 0.981767 1.112362 -1.494731 1.032163 0.726488 -0.018847 -1.000000 
0.262005 -1.028103 0.990458 1.060553 -1.486626 0.994048 0.726339 -0.018327 -1.000000 
0.253723 -1.042424 0.998737 1.009436 -1.478830 0.954642 0.726194 -0.017846 -1.000000 
0.245328 -1.056016 1.006611 0.959007 -1.471355 0.914012 0.726053 -0.017400 -1.000000 
0.236828 -1.068905 1.014083 0.909255 -1.464209 0.872227 0.725916 -0.016988 -1.000000 
0.228228 -1.081117 1.021160 0.860166 -1.457402 0.829355 0.725782 -0.016608 -1.000000 
0.219532 -1.092676 1.027848 0.811724 -1.450942 0.785461 0.725650 -0.016258 -1.000000 
0.210747 -1.103606 1.034150 0.763907 -1.444837 0.740613 0.725521 -0.015937 -1.000000 
0.201876 -1.113931 1.040072 0.716691 -1.439095 0.694875 0.725395 -0.015642 -1.000000 
0.192925 -1.123675 1.045618 0.670047 -1.433721 0.648311 0.725271 -0.015373 -1.000000 
0.183899 -1.132859 1.050794 0.623946 -1.428724 0.600986 0.725149 -0.015128 -1.000000 
0.174801 -1.141504 1.055603 0.578354 -1.424107 0.552961 0.725029 -0.014907 -1.000000 
0.165636 -1.149632 1.060049 0.533235 -1.419878 0.504298 0.724910 -0.014709 -1.000000 
0.156408 -1.157260 1.064136 0.488550 -1.416040 0.455060 0.724793 -0.014532 -1.000000 
0.147121 -1.164408 1.067867 0.444259 -1.412598 0.405305 0.724678 -0.014376 -1.000000 
0.137779 -1.171091 1.071245 0.400320 -1.409556 0.355094 0.724563 -0.014241 -1.000000 
0.128385 -1.177326 1.074273 0.356687 -1.406918 0.304485 0.724450 -0.014125 -1.000000 
0.118943 -1.183126 1.076952 0.313316 -1.404686 0.253538 0.724337 -0.014029 -1.000000 
0.109456 -1.188504 1.079286 0.270158 -1.402862 0.202310 0.724225 -0.013952 -1.000000 
0.099928 -1.193472 1.081275 0.227166 -1.401449 0.150858 0.724114 -0.013893 -1.000000 
0.090362 -1.198039 1.082921 0.184290 -1.400449 0.099240 0.724003 -0.013853 -1.000000 
0.080760 -1.202213 1.084224 0.141480 -1.399862 0.047512 0.723892 -0.013832 -1.000000 
0.071127 -1.206001 1.085185 0.098686 -1.399689 -0.004268 0.723782 -0.013829 -1.000000 
0.061465 -1.209409 1.085803 0.055856 -1.399930 -0.056044 0.723671 -0.013844 -1.000000 
0.051778 -1.212438 1.086078 0.012940 -1.400585 -0.107760 0.723560 -0.013878 -1.000000 
0.042067 -1.215093 1.086010 -0.030112 -1.401654 -0.159359 0.723449 -0.013930 -1.000000 
0.032337 -1.217371 1.085596 -0.073353 -1.403135 -0.210784 0.723337 -0.014000 -1.000000 
0.022590 -1.219273 1.084836 -0.116830 -1.405026 -0.261978 0.723225 -0.014090 -1.000000 
0.012830 -1.220796 1.083726 -0.160595 -1.407325 -0.312884 0.723112 -0.014199 -1.000000 
0.003059 -1.221933 1.082265 -0.204694 -1.410031 -0.363444 0.722998 -0.014328 -1.000000 
-0.006720 -1.222680 1.080450 -0.249176 -1.413139 -0.413599 0.722882 -0.014477 -1.000000 
-0.016503 -1.223029 1.078277 -0.294085 -1.416647 -0.463291 0.722766 -0.014646 -1.000000 
-0.026287 -1.222969 1.075743 -0.339467 -1.420551 -0.512462 0.722648 -0.014838 -1.000000 
-0.036070 -1.222491 1.072844 -0.385363 -1.424845 -0.561050 0.722529 -0.015051 -1.000000 
-0.045846 -1.221582 1.069576 -0.431814 -1.429526 -0.608995 0.722407 -0.015288 -1.000000 
-0.055614 -1.220228 1.065934 -0.478857 -1.434587 -0.656236 0.722284 -0.015549 -1.000000 
-0.065369 -1.218413 1.061913 -0.526529 -1.440024 -0.702710 0.722158 -0.015835 -1.000000 
-0.075107 -1.216122 1.057507 -0.574863 -1.445828 -0.748356 0.722030 -0.016148 -1.000000 
-0.084825 -1.213336 1.052713 -0.623889 -1.451995 -0.793108 0.721900 -0.016489 -1.000000 
-0.094519 -1.210037 1.047523 -0.673633 -1.458516 -0.836904 0.721767 -0.016859 -1.000000 
-0.104184 -1.206204 1.041933 -0.724120 -1.465383 -0.879677 0.721630 -0.017260 -1.000000 
-0.113817 -1.201816 1.035935 -0.775370 -1.472587 -0.921362 0.721490 -0.017694 -1.000000 
-0.123412 -1.196851 1.029525 -0.827401 -1.480121 -0.961893 0.721347 -0.018163 -1.000000 
-0.132965 -1.191286 1.022695 -0.880223 -1.487975 -1.001203 0.721200 -0.018670 -1.000000 
-0.142471 -1.185098 1.015439 -0.933848 -1.496137 -1.039223 0.721048 -0.019216 -1.000000 
-0.151925 -1.178261 1.007751 -0.988278 -1.504598 -1.075887 0.720892 -0.019806 -1.000000 
-0.161321 -1.170751 0.999625 -1.043515 -1.513347 -1.111126 0.720731 -0.020441 -1.000000 
-0.170655 -1.162542 0.991053 -1.099553 -1.522373 -1.144872 0.720565 -0.021126 -1.000000 
-0.179920 -1.153610 0.982030 -1.156384 -1.531661 -1.177055 0.720393 -0.021864 -1.000000 
-0.189111 -1.143927 0.972549 -1.213993 -1.541201 -1.207609 0.720215 -0.022659 -1.000000 
-0.198221 -1.133468 0.962604 -1.272362 -1.550979 -1.236466 0.720030 -0.023517 -1.000000 
-0.207244 -1.122208 0.952189 -1.331466 -1.560980 -1.263557 0.719838 -0.024442 -1.000000 
-0.216174 -1.110121 0.941298 -1.391275 -1.571191 -1.288816 0.719639 -0.025441 -1.000000 
-0.225004 -1.097182 0.929927 -1.451756 -1.581596 -1.312177 0.719431 -0.026519 -1.000000 
-0.233726 -1.083367 0.918069 -1.512867 -1.592180 -1.333577 0.719214 -0.027685 -1.000000 
-0.242335 -1.068651 0.905719 -1.574564 -1.602928 -1.352951 0.718988 -0.028946 -1.000000 
-0.250822 -1.053013 0.892874 -1.636794 -1.613822 -1.370239 0.718751 -0.030312 -1.000000 
-0.259181 -1.036431 0.879529 -1.699502 -1.624846 -1.385380 0.718503 -0.031792 -1.000000 
-0.267403 -1.018885 0.865681 -1.762626 -1.635982 -1.398319 0.718242 -0.033398 -1.000000 
-0.275480 -1.000355 0.851326 -1.826097 -1.647213 -1.408999 0.717968 -0.035143 -1.000000 
-0.283406 -0.980824 0.836463 -1.889843 -1.658520 -1.417371 0.717679 -0.037041 -1.000000 
-0.291171 -0.960278 0.821088 -1.953786 -1.669884 -1.423384 0.717375 -0.039108 -1.000000 
-0.298767 -0.938701 0.805202 -2.017843 -1.681288 -1.426995 0.717053 -0.041362 -1.000000 
-0.306187 -0.916084 0.788803 -2.081925 -1.692710 -1.428162 0.716712 -0.043823 -1.000000 
-0.313422 -0.892416 0.771891 -2.145940 -1.704132 -1.426849 0.716351 -0.046516 -1.000000 
-0.320463 -0.867692 0.754468 -2.209790 -1.715533 -1.423023 0.715967 -0.049465 -1.000000 
-0.327302 -0.841907 0.736535 -2.273373 -1.726893 -1.416656 0.715559 -0.052700 -1.000000 
-0.333931 -0.815059 0.718095 -2.336583 -1.738192 -1.407727 0.715123 -0.056255 -1.000000 
-0.340340 -0.787151 0.699151 -2.399311 -1.749410 -1.396218 0.714658 -0.060167 -1.000000 
-0.346522 -0.758187 0.679708 -2.461443 -1.760525 -1.382120 0.714160 -0.064479 -1.000000 
-0.352469 -0.728174 0.659770 -2.522864 -1.771517 -1.365426 0.713625 -0.069238 -1.000000 
-0.358170 -0.697123 0.639344 -2.583454 -1.782365 -1.346138 0.713051 -0.074501 -1.000000 
-0.363620 -0.665049 0.618437 -2.643094 -1.793048 -1.324264 0.712432 -0.080327 -1.000000 
-0.368809 -0.631969 0.597057 -2.701660 -1.803546 -1.299819 0.711764 -0.086788 -1.000000 
-0.373729 -0.597904 0.575214 -2.759029 -1.813838 -1.272826 0.711041 -0.093960 -1.000000 
-0.378372 -0.562879 0.552917 -2.815076 -1.823905 -1.243313 0.710258 -0.101933 -1.000000 
-0.382732 -0.526921 0.530177 -2.869678 -1.833725 -1.211317 0.709408 -0.110804 -1.000000 
-0.386801 -0.490061 0.507006 -2.922709 -1.843279 -1.176883 0.708483 -0.120681 -1.000000 
-0.390571 -0.452336 0.483418 -2.974048 -1.852549 -1.140062 0.707474 -0.131685 -1.000000 
-0.394036 -0.413783 0.459426 -3.023571 -1.861514 -1.100914 0.706372 -0.143945 -1.000000 
-0.397189 -0.374444 0.435046 -3.071160 -1.870157 -1.059506 0.705167 -0.157598 -1.000000 
-0.400025 -0.334365 0.410293 -3.116699 -1.878460 -1.015915 0.703847 -0.172790 -1.000000 
-0.402537 -0.293593 0.385184 -3.160074 -1.886406 -0.970223 0.702398 -0.189665 -1.000000 
-0.404721 -0.252181 0.359738 -3.201176 -1.893979 -0.922520 0.700807 -0.208364 -1.000000 
-0.406571 -0.210182 0.333972 -3.239900 -1.901161 -0.872905 0.699059 -0.229008 -1.000000 
-0.408082 -0.167654 0.307906 -3.276149 -1.907940 -0.821483 0.697137 -0.251690 -1.000000 
-0.409252 -0.124657 0.281560 -3.309827 -1.914301 -0.768366 0.695026 -0.276450 -1.000000 
-0.410076 -0.081254 0.254956 -3.340850 -1.920230 -0.713675 0.692709 -0.303252 -1.000000 
-0.410551 -0.037508 0.228114 -3.369137 -1.925716 -0.657534 0.690169 -0.331955 -1.000000 
-0.410675 0.006513 0.201057 -3.394617 -1.930747 -0.600076 0.687393 -0.362279 -1.000000 
-0.410446 0.050743 0.173808 -3.417226 -1.935314 -0.541436 0.684370 -0.393770 -1.000000 
-0.409863 0.095111 0.146389 -3.436908 -1.939407 -0.481757 0.681092 -0.425777 -1.000000 
-0.408924 0.139548 0.118825 -3.453618 -1.943019 -0.421183 0.677558 -0.457437 -1.000000 
-0.407630 0.183983 0.091139 -3.467319 -1.946144 -0.359864 0.673776 -0.487689 -1.000000 
-0.405981 0.228346 0.063356 -3.477983 -1.948776 -0.297948 0.669762 -0.515317 -1.000000 
-0.403977 0.272567 0.035500 -3.485594 -1.950910 -0.235587 0.665542 -0.539033 -1.000000 
-0.401620 0.316577 0.007595 -3.490143 -1.952544 -0.172931 0.661151 -0.557599 -1.000000 
-0.398912 0.360309 -0.020334 -3.491631 -1.953677 -0.110128 0.656637 -0.569960 -1.000000 
-0.395856 0.403697 -0.048263 -3.490069 -1.954306 -0.047325 0.652050 -0.575380 -1.000000 
-0.392454 0.446678 -0.076167 -3.485476 -1.954434 0.015336 0.647450 -0.573544 -1.000000 
-0.388711 0.489192 -0.104023 -3.477879 -1.954062 0.077719 0.642893 -0.564598 -1.000000 
-0.384629 0.531180 -0.131805 -3.467313 -1.953192 0.139690 0.638434 -0.549130 -1.000000 
-0.380213 0.572589 -0.159492 -3.453818 -1.951828 0.201123 0.634122 -0.528082 -1.000000 
-0.375469 0.613365 -0.187059 -3.437443 -1.949975 0.261897 0.629996 -0.502624 -1.000000 
-0.370401 0.653462 -0.214483 -3.418240 -1.947640 0.321896 0.626088 -0.474019 -1.000000 
-0.365016 0.692831 -0.241743 -3.396268 -1.944828 0.381008 0.622417 -0.443499 -1.000000 
-0.359318 0.731430 -0.268817 -3.371590 -1.941546 0.439125 0.618994 -0.412170 -1.000000 
-0.353315 0.769217 -0.295682 -3.344274 -1.937804 0.496147 0.615822 -0.380956 -1.000000 
-0.347013 0.806155 -0.322318 -3.314392 -1.933611 0.551974 0.612897 -0.350580 -1.000000 
-0.340419 0.842208 -0.348705 -3.282019 -1.928976 0.606512 0.610209 -0.321563 -1.000000 
-0.333540 0.877341 -0.374824 -3.247236 -1.923911 0.659669 0.607747 -0.294253 -1.000000 
-0.326384 0.911524 -0.400655 -3.210126 -1.918425 0.711358 0.605496 -0.268846 -1.000000 
-0.318958 0.944728 -0.426180 -3.170775 -1.912533 0.761495 0.603440 -0.245428 -1.000000 
-0.311271 0.976926 -0.451382 -3.129275 -1.906246 0.810001 0.601564 -0.223995 -1.000000 
-0.303330 1.008095 -0.476243 -3.085717 -1.899578 0.856801 0.599851 -0.204485 -1.000000 
-0.295144 1.038214 -0.500748 -3.040198 -1.892542 0.901822 0.598287 -0.186798 -1.000000 
-0.286722 1.067264 -0.524881 -2.992814 -1.885153 0.944998 0.596858 -0.170811 -1.000000 
-0.278071 1.095230 -0.548628 -2.943666 -1.877427 0.986267 0.595550 -0.156389 -1.000000 
-0.269201 1.122097 -0.571975 -2.892855 -1.869378 1.025570 0.594352 -0.143395 -1.000000 
-0.260120 1.147855 -0.594910 -2.840484 -1.861023 1.062856 0.593252 -0.131695 -1.000000 
-0.250838 1.172496 -0.617419 -2.786655 -1.852378 1.098075 0.592242 -0.121163 -1.000000 
-0.241363 1.196015 -0.639493 -2.731474 -1.843460 1.131186 0.591311 -0.111678 -1.000000 
-0.231705 1.218408 -0.661119 -2.675044 -1.834285 1.162151 0.590452 -0.103133 -1.000000 
-0.221872 1.239675 -0.682290 -2.617471 -1.824871 1.190936 0.589658 -0.095427 -1.000000 
-0.211873 1.259818 -0.702996 -2.558857 -1.815236 1.217514 0.588923 -0.088471 -1.000000 
-0.201718 1.278841 -0.723229 -2.499306 -1.805397 1.241863 0.588241 -0.082185 -1.000000 
-0.191415 1.296752 -0.742983 -2.438919 -1.795372 1.263966 0.587607 -0.076497 -1.000000 
-0.180973 1.313559 -0.762250 -2.377798 -1.785179 1.283809 0.587016 -0.071342 -1.000000 
-0.170401 1.329272 -0.781026 -2.316040 -1.774837 1.301384 0.586464 -0.066664 -1.000000 
-0.159707 1.343906 -0.799305 -2.253742 -1.764363 1.316690 0.585948 -0.062413 -1.000000 
-0.148901 1.357475 -0.817085 -2.190999 -1.753776 1.329728 0.585464 -0.058544 -1.000000 
-0.137990 1.369996 -0.834360 -2.127902 -1.743094 1.340503 0.585010 -0.055017 -1.000000 
-0.126984 1.381486 -0.851130 -2.064539 -1.732334 1.349026 0.584583 -0.051797 -1.000000 
-0.115889 1.391966 -0.867393 -2.000998 -1.721515 1.355312 0.584181 -0.048853 -1.000000 
-0.104715 1.401457 -0.883146 -1.937359 -1.710655 1.359379 0.583801 -0.046157 -1.000000 
-0.093468 1.409981 -0.898390 -1.873703 -1.699771 1.361249 0.583442 -0.043685 -1.000000 
-0.082158 1.417563 -0.913125 -1.810105 -1.688881 1.360948 0.583102 -0.041415 -1.000000 
-0.070790 1.424225 -0.927352 -1.746637 -1.678002 1.358505 0.582779 -0.039328 -1.000000 
-0.059372 1.429994 -0.941072 -1.683366 -1.667150 1.353953 0.582472 -0.037406 -1.000000 
-0.047912 1.434895 -0.954287 -1.620357 -1.656344 1.347326 0.582180 -0.035635 -1.000000 
-0.036416 1.438955 -0.966999 -1.557670 -1.645599 1.338663 0.581901 -0.034000 -1.000000 
-0.024891 1.442202 -0.979211 -1.495360 -1.634931 1.328004 0.581635 -0.032489 -1.000000 
-0.013343 1.444661 -0.990926 -1.433480 -1.624356 1.315391 0.581381 -0.031091 -1.000000 
-0.001779 1.446360 -1.002148 -1.372077 -1.613889 1.300869 0.581138 -0.029797 -1.000000 
0.009797 1.447328 -1.012880 -1.311194 -1.603547 1.284486 0.580904 -0.028597 -1.000000 
0.021377 1.447590 -1.023128 -1.250871 -1.593342 1.266289 0.580680 -0.027484 -1.000000 
0.032956 1.447175 -1.032896 -1.191143 -1.583291 1.246328 0.580464 -0.026451 -1.000000 
0.044530 1.446108 -1.042188 -1.132041 -1.573406 1.224655 0.580257 -0.025491 -1.000000 
0.056092 1.444417 -1.051010 -1.073592 -1.563701 1.201322 0.580056 -0.024599 -1.000000 
0.067639 1.442126 -1.059367 -1.015819 -1.554189 1.176382 0.579863 -0.023769 -1.000000 
0.079165 1.439262 -1.067265 -0.958741 -1.544883 1.149890 0.579676 -0.022997 -1.000000 
0.090666 1.435848 -1.074709 -0.902373 -1.535795 1.121899 0.579495 -0.022278 -1.000000 
0.102137 1.431908 -1.081705 -0.846727 -1.526936 1.092467 0.579319 -0.021609 -1.000000 
0.113575 1.427465 -1.088259 -0.791811 -1.518319 1.061648 0.579149 -0.020986 -1.000000 
0.124975 1.422541 -1.094376 -0.737630 -1.509953 1.029499 0.578983 -0.020406 -1.000000 
0.136334 1.417157 -1.100063 -0.684183 -1.501850 0.996076 0.578822 -0.019866 -1.000000 
0.147648 1.411332 -1.105325 -0.631469 -1.494019 0.961434 0.578665 -0.019363 -1.000000 
0.158914 1.405084 -1.110168 -0.579482 -1.486470 0.925631 0.578512 -0.018896 -1.000000 
0.170129 1.398432 -1.114598 -0.528214 -1.479212 0.888723 0.578363 -0.018463 -1.000000 
0.181288 1.391390 -1.118621 -0.477654 -1.472254 0.850765 0.578217 -0.018060 -1.000000 
0.192390 1.383975 -1.122243 -0.427787 -1.465603 0.811813 0.578074 -0.017687 -1.000000 
0.203431 1.376200 -1.125468 -0.378597 -1.459267 0.771923 0.577934 -0.017342 -1.000000 
0.214408 1.368076 -1.128302 -0.330064 -1.453254 0.731150 0.577796 -0.017023 -1.000000 
0.225319 1.359614 -1.130751 -0.282168 -1.447571 0.689548 0.577661 -0.016729 -1.000000 
0.236161 1.350825 -1.132818 -0.234886 -1.442224 0.647172 0.577529 -0.016460 -1.000000 
0.246932 1.341716 -1.134510 -0.188191 -1.437218 0.604076 0.577398 -0.016213 -1.000000 
0.257628 1.332293 -1.135831 -0.142057 -1.432560 0.560313 0.577269 -0.015988 -1.000000 
0.268247 1.322561 -1.136785 -0.096454 -1.428255 0.515937 0.577142 -0.015785 -1.000000 
0.278788 1.312526 -1.137376 -0.051353 -1.424307 0.470999 0.577017 -0.015602 -1.000000 
0.289247 1.302188 -1.137608 -0.006722 -1.420720 0.425553 0.576892 -0.015438 -1.000000 
0.299622 1.291548 -1.137484 0.037472 -1.417499 0.379650 0.576769 -0.015294 -1.000000 
0.309911 1.280607 -1.137009 0.081262 -1.414647 0.333342 0.576648 -0.015168 -1.000000 
0.320111 1.269362 -1.136185 0.124683 -1.412167 0.286680 0.576527 -0.015060 -1.000000 
0.330220 1.257810 -1.135015 0.167772 -1.410061 0.239714 0.576407 -0.014970 -1.000000 
0.340235 1.245946 -1.133502 0.210562 -1.408332 0.192496 0.576287 -0.014898 -1.000000 
0.350154 1.233765 -1.131647 0.253091 -1.406981 0.145074 0.576168 -0.014843 -1.000000 
0.359975 1.221259 -1.129453 0.295395 -1.406011 0.097501 0.576050 -0.014804 -1.000000 
0.369693 1.208421 -1.126921 0.337510 -1.405422 0.049825 0.575931 -0.014783 -1.000000 
0.379308 1.195239 -1.124053 0.379474 -1.405214 0.002096 0.575813 -0.014778 -1.000000 
0.388816 1.181704 -1.120850 0.421322 -1.405388 -0.045635 0.575695 -0.014790 -1.000000 
0.398215 1.167803 -1.117312 0.463090 -1.405944 -0.093320 0.575576 -0.014819 -1.000000 
0.407500 1.153523 -1.113440 0.504814 -1.406881 -0.140908 0.575458 -0.014865 -1.000000 
0.416670 1.138851 -1.109235 0.546528 -1.408198 -0.188350 0.575338 -0.014928 -1.000000 
0.425721 1.123771 -1.104696 0.588266 -1.409894 -0.235595 0.575219 -0.015009 -1.000000 
0.434649 1.108268 -1.099823 0.630062 -1.411967 -0.282594 0.575098 -0.015107 -1.000000 
0.443452 1.092325 -1.094615 0.671947 -1.414415 -0.329296 0.574977 -0.015222 -1.000000 
0.452125 1.075923 -1.089071 0.713951 -1.417235 -0.375650 0.574855 -0.015357 -1.000000 
0.460665 1.059046 -1.083191 0.756105 -1.420424 -0.421606 0.574731 -0.015510 -1.000000 
0.469069 1.041674 -1.076973 0.798435 -1.423979 -0.467113 0.574606 -0.015682 -1.000000 
0.477331 1.023787 -1.070415 0.840968 -1.427897 -0.512119 0.574480 -0.015874 -1.000000 
0.485448 1.005367 -1.063517 0.883729 -1.432172 -0.556573 0.574352 -0.016087 -1.000000 
0.493415 0.986392 -1.056275 0.926740 -1.436800 -0.600421 0.574223 -0.016322 -1.000000 
0.501228 0.966843 -1.048688 0.970021 -1.441777 -0.643613 0.574091 -0.016579 -1.000000 
0.508883 0.946698 -1.040754 1.013591 -1.447096 -0.686094 0.573957 -0.016859 -1.000000 
0.516374 0.925936 -1.032470 1.057466 -1.452752 -0.727811 0.573821 -0.017163 -1.000000 
0.523696 0.904538 -1.023834 1.101659 -1.458739 -0.768712 0.573683 -0.017494 -1.000000 
0.530845 0.882481 -1.014843 1.146183 -1.465049 -0.808741 0.573541 -0.017851 -1.000000 
0.537814 0.859747 -1.005494 1.191044 -1.471676 -0.847845 0.573397 -0.018236 -1.000000 
0.544599 0.836313 -0.995785 1.236250 -1.478612 -0.885968 0.573250 -0.018652 -1.000000 
0.551193 0.812162 -0.985713 1.281803 -1.485849 -0.923057 0.573099 -0.019100 -1.000000 
0.557592 0.787273 -0.975275 1.327703 -1.493378 -0.959056 0.572944 -0.019581 -1.000000 
0.563788 0.761628 -0.964469 1.373948 -1.501191 -0.993910 0.572785 -0.020098 -1.000000 
0.569776 0.735209 -0.953291 1.420531 -1.509277 -1.027564 0.572622 -0.020654 -1.000000 
0.575549 0.707999 -0.941739 1.467444 -1.517628 -1.059962 0.572455 -0.021250 -1.000000 
0.581101 0.679983 -0.929811 1.514673 -1.526233 -1.091050 0.572282 -0.021890 -1.000000 
0.586426 0.651145 -0.917504 1.562204 -1.535082 -1.120773 0.572104 -0.022577 -1.000000 
0.591517 0.621473 -0.904815 1.610018 -1.544162 -1.149076 0.571921 -0.023315 -1.000000 
0.596368 0.590953 -0.891743 1.658091 -1.553463 -1.175906 0.571731 -0.024106 -1.000000 
0.600970 0.559576 -0.878285 1.706398 -1.562972 -1.201209 0.571535 -0.024957 -1.000000 
0.605319 0.527333 -0.864440 1.754910 -1.572678 -1.224932 0.571332 -0.025870 -1.000000 
0.609405 0.494215 -0.850206 1.803594 -1.582567 -1.247024 0.571121 -0.026851 -1.000000 
0.613224 0.460218 -0.835582 1.852414 -1.592626 -1.267433 0.570902 -0.027906 -1.000000 
0.616767 0.425338 -0.820567 1.901330 -1.602841 -1.286111 0.570674 -0.029041 -1.000000 
0.620027 0.389575 -0.805161 1.950299 -1.613199 -1.303009 0.570437 -0.030263 -1.000000 
0.622997 0.352928 -0.789362 1.999275 -1.623685 -1.318081 0.570190 -0.031580 -1.000000 
0.625671 0.315401 -0.773172 2.048207 -1.634283 -1.331282 0.569931 -0.033001 -1.000000 
0.628042 0.277000 -0.756591 2.097044 -1.644980 -1.342568 0.569661 -0.034534 -1.000000 
0.630101 0.237732 -0.739620 2.145728 -1.655759 -1.351900 0.569378 -0.036190 -1.000000 
0.631843 0.197609 -0.722260 2.194201 -1.666605 -1.359238 0.569082 -0.037982 -1.000000 
0.633260 0.156643 -0.704514 2.242400 -1.677502 -1.364548 0.568770 -0.039921 -1.000000 
0.634347 0.114850 -0.686383 2.290260 -1.688432 -1.367795 0.568443 -0.042024 -1.000000 
0.635096 0.072249 -0.667871 2.337714 -1.699381 -1.368951 0.568098 -0.044305 -1.000000 
0.635501 0.028862 -0.648981 2.384691 -1.710330 -1.367988 0.567733 -0.046784 -1.000000 
0.635556 -0.015287 -0.629717 2.431120 -1.721263 -1.364882 0.567348 -0.049480 -1.000000 
0.635254 -0.060170 -0.610084 2.476924 -1.732162 -1.359615 0.566941 -0.052416 -1.000000 
0.634591 -0.105758 -0.590088 2.522028 -1.743011 -1.352170 0.566509 -0.055617 -1.000000 
0.633560 -0.152017 -0.569734 2.566354 -1.753791 -1.342535 0.566050 -0.059113 -1.000000 
0.632157 -0.198912 -0.549029 2.609822 -1.764486 -1.330703 0.565562 -0.062934 -1.000000 
0.630376 -0.246402 -0.527979 2.652352 -1.775076 -1.316670 0.565042 -0.067116 -1.000000 
0.628213 -0.294447 -0.506594 2.693861 -1.785546 -1.300438 0.564487 -0.071699 -1.000000 
0.625664 -0.343002 -0.484880 2.734267 -1.795878 -1.282013 0.563894 -0.076728 -1.000000 
0.622724 -0.392019 -0.462849 2.773488 -1.806053 -1.261405 0.563258 -0.082250 -1.000000 
0.619390 -0.441449 -0.440508 2.811442 -1.816054 -1.238632 0.562577 -0.088322 -1.000000 
0.615660 -0.491239 -0.417869 2.848045 -1.825865 -1.213713 0.561844 -0.095004 -1.000000 
0.611530 -0.541334 -0.394943 2.883218 -1.835468 -1.186676 0.561055 -0.102364 -1.000000 
0.606998 -0.591677 -0.371742 2.916879 -1.844846 -1.157552 0.560204 -0.110474 -1.000000 
0.602062 -0.642208 -0.348277 2.948949 -1.853983 -1.126380 0.559285 -0.119416 -1.000000 
0.596722 -0.692866 -0.324563 2.979350 -1.862863 -1.093201 0.558291 -0.129276 -1.000000 
0.590976 -0.743587 -0.300612 3.008008 -1.871469 -1.058063 0.557214 -0.140146 -1.000000 
0.584825 -0.794307 -0.276440 3.034850 -1.879787 -1.021022 0.556045 -0.152122 -1.000000 
0.578268 -0.844959 -0.252060 3.059805 -1.887801 -0.982137 0.554777 -0.165305 -1.000000 
0.571306 -0.895475 -0.227488 3.082807 -1.895496 -0.941471 0.553397 -0.179790 -1.000000 
0.563941 -0.945786 -0.202740 3.103793 -1.902860 -0.899097 0.551896 -0.195672 -1.000000 
0.556174 -0.995823 -0.177833 3.122701 -1.909878 -0.855089 0.550262 -0.213028 -1.000000 
0.548008 -1.045517 -0.152783 3.139478 -1.916537 -0.809528 0.548484 -0.231918 -1.000000 
0.539447 -1.094795 -0.127607 3.154072 -1.922826 -0.762500 0.546548 -0.252367 -1.000000 
0.530493 -1.143588 -0.102323 3.166438 -1.928733 -0.714096 0.544442 -0.274356 -1.000000 
0.521151 -1.191827 -0.076950 3.176533 -1.934248 -0.664411 0.542154 -0.297799 -1.000000 
0.511425 -1.239440 -0.051505 3.184323 -1.939361 -0.613546 0.539673 -0.322532 -1.000000 
0.501322 -1.286361 -0.026007 3.189778 -1.944062 -0.561602 0.536991 -0.348290 -1.000000 
0.490846 -1.332520 -0.000475 3.192873 -1.948344 -0.508688 0.534099 -0.374689 -1.000000 
0.480003 -1.377853 0.025072 3.193590 -1.952199 -0.454914 0.530995 -0.401218 -1.000000 
0.468802 -1.422296 0.050616 3.191918 -1.955621 -0.400392 0.527681 -0.427237 -1.000000 
0.457249 -1.465785 0.076137 3.187850 -1.958604 -0.345238 0.524163 -0.451989 -1.000000 
0.445352 -1.508263 0.101615 3.181387 -1.961143 -0.289566 0.520455 -0.474630 -1.000000 
0.433120 -1.549672 0.127033 3.172536 -1.963235 -0.233495 0.516577 -0.494282 -1.000000 
0.420561 -1.589958 0.152370 3.161308 -1.964878 -0.177139 0.512557 -0.510099 -1.000000 
0.407684 -1.629072 0.177607 3.147723 -1.966069 -0.120617 0.508427 -0.521346 -1.000000 
0.394499 -1.666966 0.202727 3.131804 -1.966808 -0.064040 0.504229 -0.527472 -1.000000 
0.381016 -1.703597 0.227710 3.113581 -1.967094 -0.007522 0.500002 -0.528177 -1.000000 
0.367245 -1.738926 0.252538 3.093088 -1.966929 0.048828 0.495792 -0.523441 -1.000000 
0.353196 -1.772918 0.277193 3.070364 -1.966314 0.104904 0.491641 -0.513530 -1.000000 
0.338882 -1.805539 0.301658 3.045451 -1.965251 0.160602 0.487588 -0.498960 -1.000000 
0.324312 -1.836762 0.325915 3.018395 -1.963745 0.215824 0.483668 -0.480439 -1.000000 
0.309497 -1.866562 0.349947 2.989248 -1.961800 0.270473 0.479910 -0.458793 -1.000000 
0.294450 -1.894917 0.373737 2.958062 -1.959419 0.324457 0.476334 -0.434886 -1.000000 
0.279183 -1.921809 0.397271 2.924893 -1.956610 0.377686 0.472955 -0.409555 -1.000000 
0.263705 -1.947224 0.420531 2.889801 -1.953379 0.430075 0.469783 -0.383558 -1.000000 
0.248031 -1.971149 0.443502 2.852846 -1.949732 0.481539 0.466818 -0.357544 -1.000000 
0.232171 -1.993574 0.466171 2.814093 -1.945677 0.531999 0.464061 -0.332035 -1.000000 
0.216138 -2.014495 0.488523 2.773608 -1.941222 0.581377 0.461503 -0.307428 -1.000000 
0.199943 -2.033907 0.510545 2.731458 -1.936378 0.629599 0.459139 -0.284006 -1.000000 
0.183599 -2.051809 0.532222 2.687715 -1.931152 0.676592 0.456956 -0.261951 -1.000000 
0.167118 -2.068204 0.553544 2.642450 -1.925556 0.722287 0.454943 -0.241363 -1.000000 
0.150512 -2.083097 0.574498 2.595736 -1.919599 0.766619 0.453090 -0.222278 -1.000000 
0.133793 -2.096494 0.595072 2.547648 -1.913294 0.809525 0.451383 -0.204683 -1.000000 
0.116972 -2.108405 0.615257 2.498262 -1.906651 0.850944 0.449811 -0.188532 -1.000000 
0.100062 -2.118843 0.635041 2.447656 -1.899683 0.890821 0.448363 -0.173755 -1.000000 
0.083074 -2.127823 0.654416 2.395907 -1.892402 0.929102 0.447028 -0.160268 -1.000000 
0.066021 -2.135361 0.673373 2.343093 -1.884821 0.965737 0.445795 -0.147980 -1.000000 
0.048912 -2.141477 0.691903 2.289294 -1.876955 1.000681 0.444657 -0.136798 -1.000000 
0.031761 -2.146192 0.709999 2.234589 -1.868815 1.033891 0.443604 -0.126628 -1.000000 
0.014577 -2.149531 0.727654 2.179055 -1.860417 1.065328 0.442628 -0.117383 -1.000000 
-0.002628 -2.151518 0.744862 2.122772 -1.851775 1.094958 0.441723 -0.108977 -1.000000 
-0.019844 -2.152181 0.761617 2.065818 -1.842903 1.122749 0.440883 -0.101332 -1.000000 
-0.037059 -2.151550 0.777913 2.008270 -1.833816 1.148674 0.440100 -0.094376 -1.000000 
-0.054265 -2.149656 0.793748 1.950203 -1.824529 1.172710 0.439371 -0.088042 -1.000000 
-0.071451 -2.146530 0.809116 1.891694 -1.815057 1.194837 0.438690 -0.082269 -1.000000 
-0.088606 -2.142206 0.824014 1.832816 -1.805417 1.215039 0.438053 -0.077002 -1.000000 
-0.105723 -2.136719 0.838440 1.773640 -1.795622 1.233304 0.437457 -0.072193 -1.000000 
-0.122791 -2.130106 0.852391 1.714238 -1.785689 1.249623 0.436897 -0.067796 -1.000000 
-0.139802 -2.122403 0.865867 1.654678 -1.775633 1.263992 0.436371 -0.063772 -1.000000 
-0.156747 -2.113647 0.878866 1.595026 -1.765470 1.276409 0.435876 -0.060084 -1.000000 
-0.173617 -2.103877 0.891388 1.535347 -1.755216 1.286876 0.435409 -0.056701 -1.000000 
-0.190406 -2.093132 0.903432 1.475703 -1.744886 1.295399 0.434968 -0.053593 -1.000000 
-0.207105 -2.081450 0.914999 1.416153 -1.734495 1.301986 0.434551 -0.050734 -1.000000 
-0.223707 -2.068871 0.926091 1.356755 -1.724059 1.306648 0.434156 -0.048102 -1.000000 
-0.240205 -2.055434 0.936708 1.297563 -1.713593 1.309401 0.433781 -0.045676 -1.000000 
-0.256592 -2.041178 0.946852 1.238628 -1.703114 1.310261 0.433424 -0.043436 -1.000000 
-0.272861 -2.026143 0.956527 1.180000 -1.692634 1.309249 0.433085 -0.041367 -1.000000 
-0.289008 -2.010366 0.965733 1.121725 -1.682170 1.306388 0.432762 -0.039453 -1.000000 
-0.305025 -1.993887 0.974475 1.063847 -1.671737 1.301702 0.432454 -0.037680 -1.000000 
-0.320908 -1.976743 0.982756 1.006404 -1.661348 1.295219 0.432159 -0.036036 -1.000000 
-0.336652 -1.958970 0.990579 0.949436 -1.651018 1.286968 0.431877 -0.034512 -1.000000 
-0.352250 -1.940605 0.997948 0.892977 -1.640761 1.276982 0.431606 -0.033095 -1.000000 
-0.367700 -1.921684 1.004868 0.837057 -1.630591 1.265292 0.431347 -0.031779 -1.000000 
-0.382996 -1.902240 1.011343 0.781707 -1.620521 1.251935 0.431098 -0.030554 -1.000000 
-0.398134 -1.882307 1.017377 0.726951 -1.610564 1.236948 0.430858 -0.029413 -1.000000 
0.000000 0.000000 0.000000 0.000000 0.000000 0.000000 0.000000 0.000000 0.000000 
