0.037305 0.046126 -0.367623 2.624198 -1.584287 -0.728240 0.253390 -0.060594 -1.000000 
0.037668 0.044610 -0.346505 2.655147 -1.589968 -0.691766 0.252858 -0.072927 -1.000000 
0.038018 0.043050 -0.325145 2.684492 -1.595351 -0.653919 0.252214 -0.088868 -1.000000 
0.038356 0.041448 -0.303557 2.712173 -1.600427 -0.614774 0.251423 -0.109835 -1.000000 
0.038681 0.039805 -0.281755 2.738131 -1.605185 -0.574409 0.250438 -0.137968 -1.000000 
0.038993 0.038122 -0.259752 2.762311 -1.609615 -0.532910 0.249188 -0.176591 -1.000000 
0.039291 0.036401 -0.237563 2.784662 -1.613708 -0.490366 0.247570 -0.231053 -1.000000 
0.039575 0.034643 -0.215202 2.805137 -1.617458 -0.446877 0.245425 -0.310309 -1.000000 
0.039845 0.032850 -0.192686 2.823693 -1.620856 -0.402549 0.242498 -0.430062 -1.000000 
0.040101 0.031022 -0.170029 2.840291 -1.623897 -0.357501 0.238361 -0.619435 -1.000000 
0.040342 0.029161 -0.147246 2.854899 -1.626575 -0.311870 0.232253 -0.936160 -1.000000 
0.040567 0.027267 -0.124356 2.867490 -1.628886 -0.265821 0.222725 -1.504343 -1.000000 
0.040778 0.025338 -0.101372 2.878046 -1.630827 -0.219563 0.206765 -2.618334 -1.000000 
0.040973 0.023371 -0.078312 2.886559 -1.632399 -0.173384 0.177403 -5.062077 -1.000000 
0.041152 0.021354 -0.055192 2.893042 -1.633603 -0.127681 0.116359 -11.181071 -1.000000 
0.041314 0.019262 -0.032029 2.897535 -1.634444 -0.082972 -0.029305 -28.027719 1.000000 
0.041441 0.013649 -0.008838 2.898759 -1.634473 0.023165 0.265857 43.264162 1.000000 
0.041531 0.008748 0.014343 2.895914 -1.634025 0.091374 0.576955 29.944784 1.000000 
0.041580 0.003703 0.037485 2.888906 -1.632986 0.169028 0.737811 12.243085 1.000000 
0.041590 -0.001191 0.060554 2.877391 -1.631314 0.249332 0.801947 5.010261 1.000000 
0.041562 -0.005970 0.083511 2.861232 -1.628994 0.330685 0.829744 2.351709 1.000000 
0.041495 -0.010669 0.106321 2.840396 -1.626023 0.412044 0.843574 1.252579 1.000000 
0.041391 -0.015295 0.128945 2.814935 -1.622404 0.492583 0.851290 0.735717 1.000000 
0.041251 -0.019847 0.151348 2.784955 -1.618146 0.571676 0.855987 0.465505 1.000000 
0.041074 -0.024319 0.173493 2.750601 -1.613262 0.648827 0.859043 0.311940 1.000000 
0.040862 -0.028700 0.195346 2.712042 -1.607771 0.723624 0.861137 0.218711 1.000000 
0.040615 -0.032981 0.216875 2.669477 -1.601691 0.795712 0.862631 0.159032 1.000000 
0.040334 -0.037153 0.238048 2.623122 -1.595047 0.864781 0.863733 0.119141 1.000000 
0.040021 -0.041206 0.258835 2.573211 -1.587864 0.930558 0.864570 0.091505 1.000000 
0.039675 -0.045133 0.279210 2.519994 -1.580168 0.992800 0.865218 0.071773 1.000000 
0.039299 -0.048925 0.299147 2.463732 -1.571989 1.051294 0.865732 0.057319 1.000000 
0.038893 -0.052576 0.318623 2.404696 -1.563358 1.105856 0.866145 0.046496 1.000000 
0.038458 -0.056079 0.337616 2.343163 -1.554306 1.156329 0.866483 0.038234 1.000000 
0.037996 -0.059430 0.356107 2.279416 -1.544868 1.202581 0.866762 0.031821 1.000000 
0.037508 -0.062625 0.374081 2.213739 -1.535076 1.244509 0.866995 0.026769 1.000000 
0.036994 -0.065661 0.391523 2.146417 -1.524967 1.282032 0.867193 0.022735 1.000000 
0.036458 -0.068535 0.408420 2.077732 -1.514576 1.315096 0.867361 0.019477 1.000000 
0.035898 -0.071246 0.424764 2.007960 -1.503938 1.343668 0.867506 0.016818 1.000000 
0.035318 -0.073794 0.440545 1.937374 -1.493089 1.367739 0.867632 0.014626 1.000000 
0.034718 -0.076180 0.455760 1.866236 -1.482066 1.387321 0.867741 0.012803 1.000000 
0.034100 -0.078404 0.470404 1.794799 -1.470904 1.402444 0.867837 0.011276 1.000000 
0.033464 -0.080470 0.484477 1.723305 -1.459638 1.413159 0.867922 0.009987 1.000000 
0.032813 -0.082379 0.497978 1.651984 -1.448305 1.419532 0.867998 0.008892 1.000000 
0.032146 -0.084136 0.510910 1.581052 -1.436937 1.421645 0.868065 0.007956 1.000000 
0.031467 -0.085743 0.523276 1.510709 -1.425570 1.419595 0.868125 0.007151 1.000000 
0.030775 -0.087207 0.535083 1.441143 -1.414235 1.413490 0.868180 0.006456 1.000000 
0.030072 -0.088531 0.546337 1.372523 -1.402964 1.403449 0.868229 0.005852 1.000000 
0.029359 -0.089722 0.557046 1.305004 -1.391790 1.389602 0.868273 0.005326 1.000000 
0.028637 -0.090784 0.567220 1.238724 -1.380740 1.372084 0.868314 0.004865 1.000000 
0.027906 -0.091725 0.576869 1.173804 -1.369846 1.351040 0.868351 0.004460 1.000000 
0.027169 -0.092549 0.586005 1.110350 -1.359133 1.326617 0.868386 0.004103 1.000000 
0.026426 -0.093263 0.594639 1.048448 -1.348628 1.298967 0.868417 0.003787 1.000000 
0.025677 -0.093873 0.602785 0.988174 -1.338358 1.268244 0.868446 0.003507 1.000000 
0.024924 -0.094387 0.610454 0.929581 -1.328344 1.234606 0.868473 0.003258 1.000000 
0.024167 -0.094809 0.617663 0.872714 -1.318611 1.198208 0.868498 0.003036 1.000000 
0.023408 -0.095146 0.624423 0.817597 -1.309180 1.159206 0.868522 0.002837 1.000000 
0.022645 -0.095404 0.630749 0.764245 -1.300070 1.117756 0.868544 0.002660 1.000000 
0.021881 -0.095590 0.636655 0.712655 -1.291302 1.074010 0.868565 0.002500 1.000000 
0.021116 -0.095707 0.642156 0.662814 -1.282892 1.028118 0.868584 0.002357 1.000000 
0.020350 -0.095763 0.647265 0.614696 -1.274857 0.980228 0.868602 0.002229 1.000000 
0.019584 -0.095762 0.651996 0.568263 -1.267213 0.930484 0.868620 0.002113 1.000000 
0.018818 -0.095708 0.656361 0.523467 -1.259974 0.879024 0.868636 0.002009 1.000000 
0.018053 -0.095606 0.660375 0.480249 -1.253153 0.825986 0.868652 0.001915 1.000000 
0.017289 -0.095460 0.664049 0.438543 -1.246762 0.771499 0.868667 0.001831 1.000000 
0.016526 -0.095273 0.667396 0.398271 -1.240813 0.715692 0.868681 0.001755 1.000000 
0.015764 -0.095050 0.670425 0.359349 -1.235314 0.658688 0.868695 0.001687 1.000000 
0.015005 -0.094792 0.673149 0.321687 -1.230277 0.600604 0.868708 0.001626 1.000000 
0.014248 -0.094501 0.675575 0.285186 -1.225707 0.541556 0.868721 0.001571 1.000000 
0.013493 -0.094181 0.677714 0.249743 -1.221614 0.481654 0.868733 0.001523 1.000000 
0.012741 -0.093831 0.679574 0.215250 -1.218003 0.421006 0.868745 0.001479 1.000000 
0.011992 -0.093454 0.681161 0.181592 -1.214880 0.359715 0.868757 0.001441 1.000000 
0.011246 -0.093050 0.682481 0.148653 -1.212249 0.297881 0.868768 0.001408 1.000000 
0.010503 -0.092618 0.683541 0.116313 -1.210115 0.235604 0.868780 0.001379 1.000000 
0.009764 -0.092159 0.684344 0.084449 -1.208480 0.172979 0.868790 0.001354 1.000000 
0.009028 -0.091671 0.684893 0.052935 -1.207348 0.110101 0.868801 0.001333 1.000000 
0.008297 -0.091153 0.685191 0.021645 -1.206719 0.047062 0.868812 0.001316 1.000000 
0.007570 -0.090604 0.685239 -0.009550 -1.206595 -0.016046 0.868822 0.001302 1.000000 
0.006848 -0.090021 0.685038 -0.040776 -1.206976 -0.079130 0.868833 0.001291 1.000000 
0.006130 -0.089402 0.684587 -0.072162 -1.207861 -0.142099 0.868843 0.001284 1.000000 
0.005417 -0.088744 0.683883 -0.103835 -1.209249 -0.204860 0.868853 0.001280 1.000000 
0.004710 -0.088043 0.682924 -0.135921 -1.211138 -0.267320 0.868863 0.001278 1.000000 
0.004009 -0.087295 0.681707 -0.168545 -1.213525 -0.329383 0.868874 0.001280 1.000000 
0.003314 -0.086497 0.680226 -0.201828 -1.216406 -0.390953 0.868884 0.001284 1.000000 
0.002625 -0.085643 0.678475 -0.235889 -1.219778 -0.451929 0.868894 0.001292 1.000000 
0.001943 -0.084729 0.676449 -0.270842 -1.223635 -0.512210 0.868905 0.001302 1.000000 
0.001269 -0.083749 0.674139 -0.306800 -1.227972 -0.571690 0.868915 0.001314 1.000000 
0.000604 -0.082699 0.671537 -0.343868 -1.232780 -0.630259 0.868926 0.001330 1.000000 
-0.000054 -0.081572 0.668634 -0.382147 -1.238053 -0.687805 0.868936 0.001347 1.000000 
-0.000701 -0.080363 0.665419 -0.421732 -1.243782 -0.744211 0.868947 0.001368 1.000000 
-0.001339 -0.079064 0.661883 -0.462710 -1.249957 -0.799357 0.868958 0.001391 1.000000 
-0.001966 -0.077671 0.658012 -0.505162 -1.256568 -0.853116 0.868969 0.001418 1.000000 
-0.002582 -0.076177 0.653796 -0.549159 -1.263603 -0.905359 0.868981 0.001447 1.000000 
-0.003185 -0.074575 0.649221 -0.594765 -1.271049 -0.955953 0.868993 0.001478 1.000000 
-0.003774 -0.072858 0.644275 -0.642033 -1.278893 -1.004758 0.869005 0.001513 1.000000 
-0.004350 -0.071021 0.638944 -0.691006 -1.287120 -1.051633 0.869017 0.001551 1.000000 
-0.004910 -0.069057 0.633215 -0.741716 -1.295714 -1.096431 0.869029 0.001592 1.000000 
-0.005455 -0.066959 0.627072 -0.794183 -1.304657 -1.139004 0.869042 0.001636 1.000000 
-0.005981 -0.064723 0.620503 -0.848413 -1.313932 -1.179200 0.869056 0.001684 1.000000 
-0.006490 -0.062341 0.613493 -0.904401 -1.323518 -1.216862 0.869069 0.001736 1.000000 
-0.006979 -0.059809 0.606028 -0.962128 -1.333394 -1.251837 0.869083 0.001792 1.000000 
-0.007446 -0.057122 0.598094 -1.021558 -1.343539 -1.283965 0.869098 0.001852 1.000000 
-0.007892 -0.054274 0.589678 -1.082643 -1.353930 -1.313090 0.869113 0.001917 1.000000 
-0.008314 -0.051263 0.580768 -1.145317 -1.364540 -1.339056 0.869129 0.001987 1.000000 
-0.008712 -0.048084 0.571349 -1.209500 -1.375346 -1.361708 0.869145 0.002062 1.000000 
-0.009083 -0.044736 0.561412 -1.275094 -1.386318 -1.380895 0.869162 0.002144 1.000000 
-0.009427 -0.041215 0.550944 -1.341985 -1.397430 -1.396470 0.869179 0.002233 1.000000 
-0.009742 -0.037521 0.539937 -1.410043 -1.408652 -1.408293 0.869197 0.002329 1.000000 
-0.010027 -0.033654 0.528381 -1.479122 -1.419953 -1.416229 0.869216 0.002434 1.000000 
-0.010280 -0.029614 0.516269 -1.549059 -1.431301 -1.420152 0.869236 0.002548 1.000000 
-0.010500 -0.025402 0.503594 -1.619673 -1.442664 -1.419948 0.869257 0.002674 1.000000 
-0.010686 -0.021022 0.490353 -1.690770 -1.454009 -1.415512 0.869279 0.002813 1.000000 
-0.010836 -0.016477 0.476541 -1.762141 -1.465301 -1.406754 0.869302 0.002966 1.000000 
-0.010949 -0.011772 0.462158 -1.833561 -1.476505 -1.393598 0.869327 0.003136 1.000000 
-0.011024 -0.006913 0.447205 -1.904793 -1.487586 -1.375983 0.869353 0.003327 1.000000 
-0.011060 -0.001907 0.431683 -1.975589 -1.498509 -1.353867 0.869380 0.003543 1.000000 
-0.011054 0.003238 0.415597 -2.045689 -1.509236 -1.327226 0.869409 0.003787 1.000000 
-0.011007 0.008512 0.398954 -2.114824 -1.519732 -1.296058 0.869441 0.004068 1.000000 
-0.010918 0.013904 0.381763 -2.182718 -1.529961 -1.260379 0.869475 0.004392 1.000000 
-0.010785 0.019402 0.364035 -2.249090 -1.539887 -1.220230 0.869511 0.004772 1.000000 
-0.010607 0.024995 0.345783 -2.313654 -1.549473 -1.175675 0.869551 0.005222 1.000000 
-0.010385 0.030667 0.327022 -2.376124 -1.558686 -1.126801 0.869595 0.005763 1.000000 
-0.010116 0.036404 0.307771 -2.436214 -1.567491 -1.073718 0.869644 0.006425 1.000000 
-0.009802 0.042191 0.288050 -2.493642 -1.575854 -1.016565 0.869698 0.007250 1.000000 
-0.009441 0.048010 0.267881 -2.548130 -1.583745 -0.955500 0.869760 0.008302 1.000000 
-0.009034 0.053845 0.247288 -2.599409 -1.591133 -0.890708 0.869832 0.009680 1.000000 
-0.008580 0.059677 0.226299 -2.647221 -1.597987 -0.822397 0.869916 0.011544 1.000000 
-0.008079 0.065489 0.204943 -2.691319 -1.604282 -0.750798 0.870019 0.014164 1.000000 
-0.007532 0.071262 0.183249 -2.731471 -1.609992 -0.676163 0.870146 0.018024 1.000000 
-0.006939 0.076978 0.161250 -2.767464 -1.615093 -0.598762 0.870313 0.024058 1.000000 
-0.006300 0.082618 0.138981 -2.799102 -1.619565 -0.518886 0.870542 0.034232 1.000000 
-0.005617 0.088164 0.116477 -2.826212 -1.623390 -0.436835 0.870883 0.053212 1.000000 
-0.004890 0.093599 0.093774 -2.848642 -1.626550 -0.352918 0.871449 0.093991 1.000000 
-0.004120 0.098909 0.070911 -2.866265 -1.629032 -0.267434 0.872557 0.202444 1.000000 
-0.003308 0.104084 0.047927 -2.878976 -1.630825 -0.180614 0.875421 0.617967 1.000000 
-0.002455 0.109152 0.024861 -2.886690 -1.631918 -0.092230 0.888856 4.168526 1.000000 
-0.002006 -0.108137 0.012840 2.652677 -1.632203 0.040600 0.936983 -24.880758 1.000000 
-0.002852 -0.103408 0.034047 2.648211 -1.631566 0.117574 0.882273 -1.515429 1.000000 
-0.003661 -0.098704 0.055200 2.639467 -1.630328 0.191637 0.876103 -0.375479 1.000000 
-0.004431 -0.093885 0.076267 2.626525 -1.628502 0.264557 0.874182 -0.151542 1.000000 
-0.005163 -0.088949 0.097214 2.609459 -1.626098 0.336273 0.873306 -0.078738 1.000000 
-0.005854 -0.083905 0.118008 2.588362 -1.623126 0.406564 0.872815 -0.047778 1.000000 
-0.006505 -0.078766 0.138617 2.563343 -1.619598 0.475181 0.872502 -0.032186 1.000000 
-0.007114 -0.073547 0.159011 2.534531 -1.615528 0.541874 0.872283 -0.023358 1.000000 
-0.007682 -0.068263 0.179160 2.502071 -1.610933 0.606398 0.872119 -0.017911 1.000000 
-0.008206 -0.062930 0.199035 2.466124 -1.605832 0.668520 0.871991 -0.014320 1.000000 
-0.008688 -0.057564 0.218609 2.426867 -1.600244 0.728020 0.871887 -0.011826 1.000000 
-0.009127 -0.052180 0.237856 2.384489 -1.594191 0.784695 0.871800 -0.010019 1.000000 
-0.009523 -0.046794 0.256753 2.339188 -1.587697 0.838359 0.871726 -0.008664 1.000000 
-0.009876 -0.041421 0.275276 2.291176 -1.580786 0.888842 0.871661 -0.007618 1.000000 
-0.010186 -0.036075 0.293405 2.240669 -1.573484 0.935996 0.871603 -0.006790 1.000000 
-0.010453 -0.030771 0.311121 2.187890 -1.565819 0.979688 0.871552 -0.006121 1.000000 
-0.010679 -0.025521 0.328406 2.133066 -1.557819 1.019807 0.871505 -0.005571 1.000000 
-0.010862 -0.020338 0.345245 2.076427 -1.549512 1.056262 0.871462 -0.005111 1.000000 
-0.011004 -0.015235 0.361625 2.018202 -1.540929 1.088977 0.871423 -0.004722 1.000000 
-0.011106 -0.010221 0.377533 1.958621 -1.532099 1.117899 0.871387 -0.004388 1.000000 
-0.011168 -0.005308 0.392960 1.897908 -1.523052 1.142993 0.871353 -0.004100 1.000000 
-0.011191 -0.000503 0.407897 1.836284 -1.513821 1.164238 0.871321 -0.003848 1.000000 
-0.011176 0.004183 0.422338 1.773967 -1.504435 1.181635 0.871291 -0.003626 1.000000 
-0.011125 0.008745 0.436279 1.711163 -1.494925 1.195198 0.871263 -0.003429 1.000000 
-0.011037 0.013176 0.449716 1.648073 -1.485322 1.204957 0.871236 -0.003253 1.000000 
-0.010914 0.017471 0.462648 1.584887 -1.475656 1.210957 0.871211 -0.003096 1.000000 
-0.010758 0.021624 0.475074 1.521786 -1.465956 1.213255 0.871187 -0.002954 1.000000 
-0.010568 0.025634 0.486997 1.458939 -1.456253 1.211921 0.871164 -0.002825 1.000000 
-0.010348 0.029496 0.498419 1.396504 -1.446575 1.207035 0.871141 -0.002708 1.000000 
-0.010097 0.033211 0.509343 1.334626 -1.436950 1.198688 0.871120 -0.002601 1.000000 
-0.009817 0.036775 0.519774 1.273437 -1.427405 1.186979 0.871100 -0.002504 1.000000 
-0.009509 0.040191 0.529720 1.213057 -1.417967 1.172013 0.871080 -0.002414 1.000000 
-0.009174 0.043458 0.539186 1.153591 -1.408661 1.153905 0.871061 -0.002332 1.000000 
-0.008814 0.046577 0.548180 1.095134 -1.399513 1.132773 0.871043 -0.002257 1.000000 
-0.008429 0.049551 0.556711 1.037764 -1.390545 1.108739 0.871025 -0.002187 1.000000 
-0.008022 0.052382 0.564787 0.981548 -1.381780 1.081929 0.871008 -0.002123 1.000000 
-0.007592 0.055073 0.572419 0.926541 -1.373241 1.052473 0.870991 -0.002065 1.000000 
-0.007141 0.057629 0.579615 0.872783 -1.364947 1.020500 0.870975 -0.002010 1.000000 
-0.006670 0.060052 0.586387 0.820302 -1.356919 0.986143 0.870959 -0.001961 1.000000 
-0.006180 0.062347 0.592744 0.769117 -1.349175 0.949532 0.870943 -0.001915 1.000000 
-0.005673 0.064519 0.598696 0.719231 -1.341732 0.910800 0.870928 -0.001874 1.000000 
-0.005148 0.066572 0.604255 0.670641 -1.334608 0.870077 0.870913 -0.001836 1.000000 
-0.004608 0.068513 0.609430 0.623329 -1.327816 0.827492 0.870899 -0.001802 1.000000 
-0.004052 0.070345 0.614231 0.577271 -1.321372 0.783173 0.870885 -0.001771 1.000000 
-0.003483 0.072074 0.618669 0.532430 -1.315290 0.737245 0.870870 -0.001743 1.000000 
-0.002899 0.073706 0.622753 0.488764 -1.309580 0.689832 0.870857 -0.001719 1.000000 
-0.002304 0.075246 0.626493 0.446219 -1.304256 0.641056 0.870843 -0.001698 1.000000 
-0.001696 0.076699 0.629896 0.404737 -1.299327 0.591034 0.870829 -0.001680 1.000000 
-0.001077 0.078070 0.632971 0.364252 -1.294802 0.539883 0.870816 -0.001665 1.000000 
-0.000447 0.079365 0.635726 0.324690 -1.290691 0.487716 0.870803 -0.001654 1.000000 
0.000193 0.080588 0.638168 0.285973 -1.287001 0.434645 0.870790 -0.001645 1.000000 
0.000842 0.081745 0.640304 0.248018 -1.283739 0.380778 0.870776 -0.001640 1.000000 
0.001501 0.082840 0.642138 0.210736 -1.280911 0.326222 0.870763 -0.001638 1.000000 
0.002168 0.083877 0.643677 0.174037 -1.278521 0.271082 0.870750 -0.001639 1.000000 
0.002843 0.084860 0.644924 0.137824 -1.276575 0.215461 0.870737 -0.001644 1.000000 
0.003525 0.085793 0.645883 0.102000 -1.275075 0.159460 0.870724 -0.001652 1.000000 
0.004215 0.086680 0.646557 0.066465 -1.274024 0.103180 0.870711 -0.001664 1.000000 
0.004912 0.087524 0.646947 0.031117 -1.273424 0.046719 0.870697 -0.001680 1.000000 
0.005616 0.088327 0.647055 -0.004147 -1.273277 -0.009823 0.870684 -0.001699 1.000000 
0.006325 0.089091 0.646881 -0.039430 -1.273582 -0.066348 0.870670 -0.001723 1.000000 
0.007041 0.089820 0.646424 -0.074834 -1.274338 -0.122757 0.870656 -0.001751 1.000000 
0.007762 0.090515 0.645683 -0.110463 -1.275545 -0.178952 0.870642 -0.001784 1.000000 
0.008489 0.091176 0.644656 -0.146417 -1.277201 -0.234832 0.870628 -0.001821 1.000000 
0.009221 0.091805 0.643339 -0.182796 -1.279301 -0.290298 0.870613 -0.001864 1.000000 
0.009958 0.092403 0.641730 -0.219697 -1.281844 -0.345247 0.870598 -0.001913 1.000000 
0.010699 0.092968 0.639822 -0.257213 -1.284824 -0.399577 0.870582 -0.001968 1.000000 
0.011445 0.093502 0.637612 -0.295436 -1.288235 -0.453180 0.870566 -0.002029 1.000000 
0.012195 0.094003 0.635093 -0.334452 -1.292072 -0.505952 0.870550 -0.002098 1.000000 
0.012949 0.094470 0.632259 -0.374343 -1.296328 -0.557781 0.870533 -0.002174 1.000000 
0.013707 0.094901 0.629101 -0.415185 -1.300994 -0.608556 0.870515 -0.002260 1.000000 
0.014468 0.095295 0.625613 -0.457048 -1.306062 -0.658164 0.870497 -0.002354 1.000000 
0.015231 0.095649 0.621786 -0.499997 -1.311521 -0.706486 0.870477 -0.002460 1.000000 
0.015998 0.095960 0.617610 -0.544089 -1.317362 -0.753405 0.870457 -0.002576 1.000000 
0.016767 0.096226 0.613077 -0.589373 -1.323572 -0.798798 0.870436 -0.002706 1.000000 
0.017537 0.096442 0.608177 -0.635890 -1.330138 -0.842541 0.870414 -0.002850 1.000000 
0.018309 0.096604 0.602899 -0.683672 -1.337048 -0.884509 0.870390 -0.003009 1.000000 
0.019083 0.096710 0.597235 -0.732741 -1.344285 -0.924574 0.870366 -0.003187 1.000000 
0.019857 0.096754 0.591172 -0.783109 -1.351835 -0.962606 0.870339 -0.003385 1.000000 
0.020631 0.096731 0.584701 -0.834780 -1.359681 -0.998475 0.870311 -0.003606 1.000000 
0.021404 0.096637 0.577812 -0.887743 -1.367805 -1.032050 0.870282 -0.003852 1.000000 
0.022177 0.096467 0.570494 -0.941977 -1.376187 -1.063200 0.870250 -0.004128 1.000000 
0.022947 0.096214 0.562737 -0.997451 -1.384809 -1.091794 0.870215 -0.004438 1.000000 
0.023716 0.095875 0.554532 -1.054118 -1.393649 -1.117703 0.870179 -0.004786 1.000000 
0.024481 0.095443 0.545868 -1.111920 -1.402685 -1.140800 0.870139 -0.005178 1.000000 
0.025243 0.094912 0.536738 -1.170788 -1.411894 -1.160961 0.870096 -0.005622 1.000000 
0.025999 0.094278 0.527133 -1.230636 -1.421252 -1.178065 0.870049 -0.006126 1.000000 
0.026751 0.093535 0.517046 -1.291368 -1.430735 -1.191996 0.869997 -0.006700 1.000000 
0.027496 0.092677 0.506469 -1.352873 -1.440315 -1.202645 0.869941 -0.007355 1.000000 
0.028233 0.091699 0.495398 -1.415028 -1.449968 -1.209909 0.869879 -0.008108 1.000000 
0.028963 0.090596 0.483827 -1.477696 -1.459665 -1.213692 0.869811 -0.008975 1.000000 
0.029683 0.089364 0.471754 -1.540729 -1.469377 -1.213909 0.869735 -0.009980 1.000000 
0.030392 0.087999 0.459175 -1.603965 -1.479077 -1.210485 0.869651 -0.011151 1.000000 
0.031090 0.086495 0.446090 -1.667233 -1.488735 -1.203354 0.869557 -0.012522 1.000000 
0.031776 0.084850 0.432500 -1.730349 -1.498321 -1.192466 0.869450 -0.014139 1.000000 
0.032447 0.083061 0.418406 -1.793119 -1.507805 -1.177783 0.869330 -0.016057 1.000000 
0.033104 0.081125 0.403811 -1.855343 -1.517155 -1.159281 0.869192 -0.018350 1.000000 
0.033745 0.079040 0.388722 -1.916809 -1.526343 -1.136954 0.869035 -0.021114 1.000000 
0.034368 0.076805 0.373145 -1.977303 -1.535336 -1.110811 0.868853 -0.024476 1.000000 
0.034973 0.074420 0.357088 -2.036600 -1.544106 -1.080879 0.868641 -0.028604 1.000000 
0.035559 0.071884 0.340563 -2.094478 -1.552621 -1.047203 0.868392 -0.033731 1.000000 
0.036123 0.069199 0.323581 -2.150707 -1.560851 -1.009849 0.868098 -0.040174 1.000000 
0.036666 0.066367 0.306157 -2.205060 -1.568769 -0.968901 0.867745 -0.048384 1.000000 
0.037185 0.063389 0.288306 -2.257309 -1.576344 -0.924465 0.867317 -0.059005 1.000000 
0.037679 0.060269 0.270046 -2.307232 -1.583551 -0.876666 0.866792 -0.072988 1.000000 
0.038149 0.057012 0.251397 -2.354608 -1.590362 -0.825653 0.866137 -0.091767 1.000000 
0.038591 0.053621 0.232380 -2.399227 -1.596753 -0.771594 0.865305 -0.117568 1.000000 
0.039006 0.050103 0.213017 -2.440885 -1.602700 -0.714684 0.864228 -0.153978 1.000000 
0.039393 0.046463 0.193334 -2.479390 -1.608181 -0.655140 0.862797 -0.206994 1.000000 
0.039749 0.042709 0.173356 -2.514562 -1.613176 -0.593207 0.860844 -0.287125 1.000000 
0.040076 0.038845 0.153110 -2.546238 -1.617667 -0.529163 0.858081 -0.413817 1.000000 
0.040371 0.034880 0.132626 -2.574271 -1.621638 -0.463326 0.854000 -0.625476 1.000000 
0.040633 0.030819 0.111932 -2.598538 -1.625076 -0.396070 0.847637 -1.004070 1.000000 
0.040863 0.026663 0.091059 -2.618940 -1.627973 -0.327852 0.837002 -1.741394 1.000000 
0.041060 0.022409 0.070039 -2.635414 -1.630321 -0.259248 0.817562 -3.334590 1.000000 
0.041222 0.018039 0.048903 -2.647951 -1.632121 -0.190987 0.777831 -7.185561 1.000000 
0.041348 0.013513 0.027683 -2.656613 -1.633380 -0.123940 0.687085 -16.931509 1.000000 
0.041437 0.008859 0.006407 -2.661542 -1.634113 -0.060236 0.483317 -34.451273 1.000000 
0.041490 0.004466 -0.014893 -2.663181 -1.634372 -0.007030 0.176005 -37.599796 1.000000 
0.041508 -0.000288 -0.036195 -2.661046 -1.634158 0.085020 0.029588 21.222926 -1.000000 
0.041498 -0.002308 -0.057466 -2.656471 -1.633325 0.123343 0.143962 9.231071 -1.000000 
0.041471 -0.004276 -0.078694 -2.650144 -1.632182 0.162359 0.196107 4.498568 -1.000000 
0.041429 -0.006211 -0.099864 -2.642036 -1.630726 0.201688 0.222863 2.452544 -1.000000 
0.041372 -0.008121 -0.120962 -2.632141 -1.628955 0.241030 0.238085 1.462921 -1.000000 
0.041300 -0.010012 -0.141973 -2.620463 -1.626870 0.280161 0.247475 0.935778 -1.000000 
0.041212 -0.011884 -0.162884 -2.607020 -1.624474 0.318911 0.253643 0.632231 -1.000000 
0.041109 -0.013737 -0.183681 -2.591832 -1.621769 0.357142 0.257900 0.446153 -1.000000 
0.040992 -0.015570 -0.204349 -2.574928 -1.618761 0.394740 0.260956 0.326147 -1.000000 
0.040860 -0.017381 -0.224875 -2.556339 -1.615455 0.431604 0.263222 0.245455 -1.000000 
0.040714 -0.019170 -0.245246 -2.536102 -1.611858 0.467644 0.264948 0.189278 -1.000000 
0.040554 -0.020935 -0.265449 -2.514255 -1.607975 0.502775 0.266292 0.149004 -1.000000 
0.040379 -0.022675 -0.285470 -2.490842 -1.603816 0.536921 0.267360 0.119396 -1.000000 
0.040191 -0.024387 -0.305298 -2.465907 -1.599387 0.570010 0.268222 0.097154 -1.000000 
0.039989 -0.026071 -0.324921 -2.439500 -1.594699 0.601974 0.268928 0.080127 -1.000000 
0.039774 -0.027724 -0.344326 -2.411671 -1.589759 0.632750 0.269514 0.066874 -1.000000 
0.039546 -0.029346 -0.363504 -2.382472 -1.584578 0.662279 0.270006 0.056407 -1.000000 
0.039305 -0.030936 -0.382442 -2.351958 -1.579166 0.690507 0.270422 0.048031 -1.000000 
0.039051 -0.032491 -0.401132 -2.320185 -1.573534 0.717383 0.270779 0.041248 -1.000000 
0.038785 -0.034012 -0.419562 -2.287212 -1.567692 0.742859 0.271086 0.035699 -1.000000 
0.038507 -0.035496 -0.437724 -2.253096 -1.561652 0.766895 0.271352 0.031114 -1.000000 
0.038217 -0.036943 -0.455609 -2.217898 -1.555425 0.789449 0.271586 0.027294 -1.000000 
0.037916 -0.038352 -0.473208 -2.181679 -1.549025 0.810488 0.271791 0.024084 -1.000000 
0.037603 -0.039723 -0.490513 -2.144499 -1.542462 0.829980 0.271972 0.021369 -1.000000 
0.037280 -0.041054 -0.507517 -2.106419 -1.535749 0.847899 0.272134 0.019055 -1.000000 
0.036947 -0.042346 -0.524213 -2.067501 -1.528899 0.864221 0.272278 0.017072 -1.000000 
0.036603 -0.043597 -0.540595 -2.027805 -1.521926 0.878927 0.272408 0.015363 -1.000000 
0.036249 -0.044807 -0.556656 -1.987393 -1.514841 0.892001 0.272524 0.013882 -1.000000 
0.035886 -0.045977 -0.572392 -1.946323 -1.507658 0.903431 0.272630 0.012591 -1.000000 
0.035514 -0.047105 -0.587796 -1.904656 -1.500391 0.913209 0.272726 0.011463 -1.000000 
0.035132 -0.048191 -0.602865 -1.862449 -1.493051 0.921330 0.272814 0.010471 -1.000000 
0.034743 -0.049237 -0.617594 -1.819760 -1.485654 0.927792 0.272894 0.009595 -1.000000 
0.034345 -0.050241 -0.631980 -1.776642 -1.478211 0.932599 0.272968 0.008820 -1.000000 
0.033939 -0.051204 -0.646019 -1.733152 -1.470736 0.935754 0.273035 0.008131 -1.000000 
0.033526 -0.052126 -0.659709 -1.689341 -1.463243 0.937266 0.273098 0.007517 -1.000000 
0.033105 -0.053007 -0.673048 -1.645259 -1.455745 0.937147 0.273156 0.006968 -1.000000 
0.032678 -0.053848 -0.686033 -1.600956 -1.448253 0.935410 0.273210 0.006475 -1.000000 
0.032244 -0.054649 -0.698663 -1.556478 -1.440782 0.932074 0.273260 0.006031 -1.000000 
0.031803 -0.055410 -0.710936 -1.511869 -1.433344 0.927158 0.273306 0.005631 -1.000000 
0.031357 -0.056132 -0.722852 -1.467171 -1.425952 0.920683 0.273350 0.005269 -1.000000 
0.030905 -0.056816 -0.734411 -1.422425 -1.418617 0.912675 0.273391 0.004942 -1.000000 
0.030448 -0.057462 -0.745611 -1.377669 -1.411353 0.903160 0.273429 0.004644 -1.000000 
0.029986 -0.058071 -0.756454 -1.332936 -1.404171 0.892168 0.273465 0.004373 -1.000000 
0.029519 -0.058644 -0.766938 -1.288261 -1.397082 0.879729 0.273499 0.004126 -1.000000 
0.029048 -0.059180 -0.777066 -1.243673 -1.390099 0.865875 0.273531 0.003900 -1.000000 
0.028572 -0.059682 -0.786837 -1.199200 -1.383232 0.850643 0.273561 0.003693 -1.000000 
0.028093 -0.060149 -0.796254 -1.154866 -1.376492 0.834066 0.273590 0.003504 -1.000000 
0.027610 -0.060582 -0.805316 -1.110696 -1.369890 0.816184 0.273618 0.003330 -1.000000 
0.027124 -0.060983 -0.814025 -1.066709 -1.363437 0.797035 0.273644 0.003170 -1.000000 
0.026634 -0.061351 -0.822384 -1.022922 -1.357141 0.776659 0.273668 0.003022 -1.000000 
0.026142 -0.061688 -0.830393 -0.979350 -1.351013 0.755097 0.273692 0.002887 -1.000000 
0.025648 -0.061995 -0.838054 -0.936008 -1.345063 0.732392 0.273714 0.002761 -1.000000 
0.025150 -0.062272 -0.845369 -0.892903 -1.339298 0.708587 0.273736 0.002646 -1.000000 
0.024651 -0.062519 -0.852341 -0.850046 -1.333728 0.683725 0.273757 0.002539 -1.000000 
0.024150 -0.062739 -0.858971 -0.807441 -1.328361 0.657853 0.273777 0.002440 -1.000000 
0.023648 -0.062931 -0.865261 -0.765092 -1.323205 0.631014 0.273796 0.002348 -1.000000 
0.023143 -0.063095 -0.871213 -0.723000 -1.318267 0.603256 0.273814 0.002263 -1.000000 
0.022638 -0.063234 -0.876829 -0.681165 -1.313555 0.574624 0.273832 0.002184 -1.000000 
0.022132 -0.063347 -0.882112 -0.639583 -1.309076 0.545165 0.273849 0.002111 -1.000000 
0.021625 -0.063435 -0.887063 -0.598251 -1.304835 0.514928 0.273866 0.002043 -1.000000 
0.021117 -0.063499 -0.891685 -0.557161 -1.300839 0.483959 0.273882 0.001979 -1.000000 
0.020609 -0.063538 -0.895979 -0.516306 -1.297093 0.452306 0.273898 0.001921 -1.000000 
0.020100 -0.063555 -0.899946 -0.475676 -1.293603 0.420018 0.273913 0.001866 -1.000000 
0.019592 -0.063548 -0.903590 -0.435259 -1.290374 0.387143 0.273927 0.001816 -1.000000 
0.019084 -0.063519 -0.906911 -0.395044 -1.287411 0.353729 0.273942 0.001769 -1.000000 
0.018576 -0.063467 -0.909911 -0.355015 -1.284716 0.319825 0.273956 0.001726 -1.000000 
0.018068 -0.063394 -0.912592 -0.315157 -1.282295 0.285480 0.273969 0.001685 -1.000000 
0.017561 -0.063300 -0.914954 -0.275455 -1.280149 0.250743 0.273983 0.001648 -1.000000 
0.017055 -0.063183 -0.916999 -0.235892 -1.278284 0.215661 0.273996 0.001613 -1.000000 
0.016550 -0.063046 -0.918729 -0.196448 -1.276700 0.180285 0.274009 0.001581 -1.000000 
0.016047 -0.062888 -0.920143 -0.157105 -1.275400 0.144663 0.274021 0.001552 -1.000000 
0.015544 -0.062709 -0.921243 -0.117845 -1.274386 0.108844 0.274033 0.001525 -1.000000 
0.015043 -0.062509 -0.922028 -0.078646 -1.273659 0.072878 0.274045 0.001500 -1.000000 
0.014544 -0.062288 -0.922501 -0.039489 -1.273220 0.036812 0.274057 0.001477 -1.000000 
0.014047 -0.062046 -0.922660 -0.000354 -1.273070 0.000696 0.274069 0.001456 -1.000000 
0.013552 -0.061784 -0.922507 0.038781 -1.273209 -0.035420 0.274081 0.001437 -1.000000 
0.013058 -0.061499 -0.922040 0.077937 -1.273636 -0.071489 0.274092 0.001420 -1.000000 
0.012568 -0.061194 -0.921260 0.117133 -1.274352 -0.107460 0.274103 0.001404 -1.000000 
0.012079 -0.060867 -0.920166 0.156389 -1.275355 -0.143285 0.274115 0.001391 -1.000000 
0.011594 -0.060518 -0.918757 0.195727 -1.276644 -0.178916 0.274126 0.001378 -1.000000 
0.011111 -0.060146 -0.917034 0.235165 -1.278217 -0.214302 0.274137 0.001368 -1.000000 
0.010632 -0.059752 -0.914994 0.274722 -1.280072 -0.249396 0.274148 0.001359 -1.000000 
0.010155 -0.059335 -0.912638 0.314416 -1.282207 -0.284147 0.274158 0.001351 -1.000000 
0.009682 -0.058894 -0.909963 0.354265 -1.284618 -0.318508 0.274169 0.001345 -1.000000 
0.009213 -0.058430 -0.906969 0.394285 -1.287302 -0.352430 0.274180 0.001340 -1.000000 
0.008747 -0.057941 -0.903654 0.434490 -1.290255 -0.385863 0.274191 0.001337 -1.000000 
0.008286 -0.057426 -0.900017 0.474896 -1.293474 -0.418759 0.274201 0.001335 -1.000000 
0.007829 -0.056886 -0.896055 0.515515 -1.296954 -0.451069 0.274212 0.001334 -1.000000 
0.007376 -0.056320 -0.891768 0.556358 -1.300689 -0.482746 0.274223 0.001335 -1.000000 
0.006928 -0.055727 -0.887153 0.597434 -1.304676 -0.513741 0.274233 0.001337 -1.000000 
0.006484 -0.055106 -0.882208 0.638754 -1.308907 -0.544006 0.274244 0.001340 -1.000000 
0.006046 -0.054457 -0.876932 0.680321 -1.313378 -0.573493 0.274255 0.001345 -1.000000 
0.005613 -0.053779 -0.871322 0.722143 -1.318081 -0.602155 0.274266 0.001351 -1.000000 
0.005186 -0.053071 -0.865377 0.764220 -1.323010 -0.629945 0.274276 0.001358 -1.000000 
0.004764 -0.052334 -0.859094 0.806555 -1.328158 -0.656816 0.274287 0.001367 -1.000000 
0.004348 -0.051565 -0.852472 0.849145 -1.333516 -0.682722 0.274298 0.001377 -1.000000 
0.003939 -0.050765 -0.845507 0.891988 -1.339079 -0.707618 0.274309 0.001388 -1.000000 
0.003536 -0.049933 -0.838199 0.935078 -1.344836 -0.731459 0.274321 0.001401 -1.000000 
0.003140 -0.049068 -0.830545 0.978407 -1.350779 -0.754201 0.274332 0.001416 -1.000000 
0.002751 -0.048169 -0.822544 1.021964 -1.356900 -0.775800 0.274343 0.001432 -1.000000 
0.002370 -0.047236 -0.814193 1.065737 -1.363189 -0.796214 0.274355 0.001450 -1.000000 
0.001996 -0.046269 -0.805492 1.109711 -1.369636 -0.815402 0.274366 0.001469 -1.000000 
0.001629 -0.045266 -0.796437 1.153868 -1.376232 -0.833323 0.274378 0.001491 -1.000000 
0.001271 -0.044228 -0.787029 1.198189 -1.382966 -0.849938 0.274390 0.001514 -1.000000 
0.000922 -0.043153 -0.777266 1.242651 -1.389827 -0.865210 0.274402 0.001539 -1.000000 
0.000581 -0.042042 -0.767147 1.287228 -1.396805 -0.879102 0.274415 0.001566 -1.000000 
0.000249 -0.040894 -0.756670 1.331893 -1.403889 -0.891579 0.274428 0.001596 -1.000000 
-0.000073 -0.039708 -0.745836 1.376615 -1.411067 -0.902610 0.274440 0.001628 -1.000000 
-0.000386 -0.038485 -0.734644 1.421363 -1.418327 -0.912161 0.274454 0.001663 -1.000000 
-0.000689 -0.037225 -0.723094 1.466102 -1.425657 -0.920206 0.274467 0.001701 -1.000000 
-0.000981 -0.035926 -0.711187 1.510792 -1.433046 -0.926715 0.274481 0.001741 -1.000000 
-0.001264 -0.034590 -0.698922 1.555395 -1.440480 -0.931665 0.274495 0.001785 -1.000000 
-0.001535 -0.033216 -0.686301 1.599869 -1.447948 -0.935033 0.274509 0.001833 -1.000000 
-0.001795 -0.031804 -0.673324 1.644168 -1.455437 -0.936799 0.274524 0.001885 -1.000000 
-0.002044 -0.030354 -0.659995 1.688247 -1.462933 -0.936946 0.274540 0.001941 -1.000000 
-0.002281 -0.028868 -0.646313 1.732056 -1.470424 -0.935459 0.274555 0.002003 -1.000000 
-0.002505 -0.027344 -0.632283 1.775545 -1.477896 -0.932326 0.274572 0.002070 -1.000000 
-0.002718 -0.025784 -0.617906 1.818661 -1.485336 -0.927538 0.274588 0.002143 -1.000000 
-0.002918 -0.024189 -0.603185 1.861352 -1.492732 -0.921091 0.274606 0.002223 -1.000000 
-0.003105 -0.022558 -0.588125 1.903560 -1.500069 -0.912982 0.274624 0.002310 -1.000000 
-0.003279 -0.020892 -0.572730 1.945229 -1.507335 -0.903211 0.274643 0.002407 -1.000000 
-0.003439 -0.019193 -0.557003 1.986300 -1.514516 -0.891783 0.274663 0.002514 -1.000000 
-0.003586 -0.017462 -0.540951 2.026715 -1.521599 -0.878706 0.274683 0.002633 -1.000000 
-0.003718 -0.015699 -0.524578 2.066413 -1.528571 -0.863991 0.274705 0.002765 -1.000000 
-0.003837 -0.013906 -0.507890 2.105334 -1.535419 -0.847653 0.274727 0.002914 -1.000000 
-0.003941 -0.012084 -0.490894 2.143417 -1.542129 -0.829711 0.274751 0.003081 -1.000000 
-0.004030 -0.010234 -0.473598 2.180599 -1.548690 -0.810188 0.274777 0.003270 -1.000000 
-0.004104 -0.008358 -0.456007 2.216820 -1.555088 -0.789110 0.274804 0.003486 -1.000000 
-0.004164 -0.006457 -0.438131 2.252018 -1.561312 -0.766507 0.274833 0.003734 -1.000000 
-0.004208 -0.004533 -0.419978 2.286132 -1.567348 -0.742413 0.274864 0.004020 -1.000000 
-0.004236 -0.002588 -0.401556 2.319103 -1.573186 -0.716865 0.274897 0.004356 -1.000000 
-0.004249 -0.000623 -0.382876 2.350871 -1.578814 -0.689905 0.274933 0.004751 -1.000000 
-0.004246 0.001359 -0.363946 2.381377 -1.584221 -0.661578 0.274973 0.005223 -1.000000 
-0.004227 0.003357 -0.344777 2.410566 -1.589396 -0.631932 0.275017 0.005792 -1.000000 
-0.004192 0.005368 -0.325380 2.438381 -1.594329 -0.601020 0.275066 0.006490 -1.000000 
-0.004141 0.007390 -0.305767 2.464769 -1.599009 -0.568897 0.275122 0.007359 -1.000000 
-0.004074 0.009422 -0.285948 2.489679 -1.603428 -0.535622 0.275185 0.008461 -1.000000 
-0.003991 0.011460 -0.265936 2.513062 -1.607576 -0.501257 0.275258 0.009887 -1.000000 
-0.003891 0.013504 -0.245743 2.534871 -1.611446 -0.465868 0.275344 0.011779 -1.000000 
-0.003774 0.015549 -0.225382 2.555061 -1.615028 -0.429523 0.275448 0.014361 -1.000000 
-0.003642 0.017594 -0.204867 2.573591 -1.618316 -0.392291 0.275577 0.018007 -1.000000 
-0.003493 0.019637 -0.184209 2.590424 -1.621302 -0.354246 0.275741 0.023369 -1.000000 
-0.003328 0.021675 -0.163425 2.605524 -1.623981 -0.315463 0.275958 0.031657 -1.000000 
-0.003146 0.023706 -0.142526 2.618858 -1.626348 -0.276018 0.276261 0.045300 -1.000000 
-0.002948 0.025727 -0.121528 2.630400 -1.628396 -0.235987 0.276711 0.069661 -1.000000 
-0.002735 0.027737 -0.100444 2.640124 -1.630122 -0.195447 0.277439 0.118229 -1.000000 
-0.002505 0.029734 -0.079290 2.648008 -1.631522 -0.154469 0.278768 0.231662 -1.000000 
-0.002259 0.031717 -0.058081 2.654034 -1.632593 -0.113105 0.281705 0.571376 -1.000000 
-0.001997 0.033690 -0.036831 2.658186 -1.633331 -0.071333 0.290831 2.176709 -1.000000 
-0.001720 0.035691 -0.015555 2.660443 -1.633732 -0.028448 0.357451 26.772644 -1.000000 
-0.001761 -0.036778 -0.018037 -2.615010 -1.633702 0.033101 0.338260 -17.159413 -1.000000 
-0.002047 -0.034808 -0.038948 -2.612574 -1.633272 0.074309 0.290515 -1.807600 -1.000000 
-0.002318 -0.032852 -0.059833 -2.608297 -1.632516 0.114661 0.282656 -0.513145 -1.000000 
-0.002573 -0.030885 -0.080676 -2.602199 -1.631438 0.154627 0.279971 -0.216065 -1.000000 
-0.002812 -0.028904 -0.101463 -2.594295 -1.630042 0.194215 0.278717 -0.112759 -1.000000 
-0.003035 -0.026908 -0.122180 -2.584603 -1.628332 0.233370 0.278018 -0.067425 -1.000000 
-0.003243 -0.024900 -0.142812 -2.573144 -1.626310 0.272024 0.277581 -0.044307 -1.000000 
-0.003434 -0.022882 -0.163346 -2.559942 -1.623981 0.310104 0.277283 -0.031205 -1.000000 
-0.003609 -0.020856 -0.183767 -2.545026 -1.621350 0.347535 0.277068 -0.023173 -1.000000 
-0.003768 -0.018824 -0.204062 -2.528425 -1.618422 0.384243 0.276905 -0.017940 -1.000000 
-0.003910 -0.016789 -0.224217 -2.510175 -1.615204 0.420158 0.276777 -0.014361 -1.000000 
-0.004036 -0.014753 -0.244220 -2.490311 -1.611702 0.455208 0.276673 -0.011815 -1.000000 
-0.004146 -0.012719 -0.264058 -2.468874 -1.607923 0.489326 0.276586 -0.009942 -1.000000 
-0.004240 -0.010688 -0.283718 -2.445907 -1.603876 0.522447 0.276512 -0.008526 -1.000000 
-0.004317 -0.008663 -0.303189 -2.421454 -1.599567 0.554507 0.276449 -0.007429 -1.000000 
-0.004378 -0.006646 -0.322458 -2.395562 -1.595006 0.585447 0.276393 -0.006562 -1.000000 
-0.004423 -0.004639 -0.341514 -2.368282 -1.590203 0.615211 0.276343 -0.005864 -1.000000 
-0.004453 -0.002645 -0.360347 -2.339665 -1.585166 0.643745 0.276299 -0.005294 -1.000000 
-0.004466 -0.000665 -0.378945 -2.309764 -1.579906 0.670999 0.276258 -0.004820 -1.000000 
-0.004463 0.001298 -0.397300 -2.278634 -1.574434 0.696925 0.276221 -0.004423 -1.000000 
-0.004445 0.003243 -0.415400 -2.246330 -1.568759 0.721481 0.276187 -0.004086 -1.000000 
-0.004411 0.005168 -0.433238 -2.212910 -1.562894 0.744627 0.276156 -0.003797 -1.000000 
-0.004362 0.007071 -0.450804 -2.178431 -1.556849 0.766326 0.276127 -0.003548 -1.000000 
-0.004298 0.008951 -0.468090 -2.142952 -1.550637 0.786547 0.276099 -0.003330 -1.000000 
-0.004219 0.010805 -0.485089 -2.106531 -1.544268 0.805259 0.276073 -0.003139 -1.000000 
-0.004126 0.012633 -0.501792 -2.069228 -1.537757 0.822439 0.276049 -0.002971 -1.000000 
-0.004017 0.014433 -0.518194 -2.031102 -1.531114 0.838064 0.276026 -0.002821 -1.000000 
-0.003895 0.016204 -0.534288 -1.992211 -1.524352 0.852115 0.276004 -0.002687 -1.000000 
-0.003758 0.017945 -0.550068 -1.952614 -1.517484 0.864579 0.275983 -0.002567 -1.000000 
-0.003608 0.019654 -0.565528 -1.912368 -1.510523 0.875445 0.275963 -0.002459 -1.000000 
-0.003444 0.021331 -0.580664 -1.871531 -1.503481 0.884705 0.275943 -0.002361 -1.000000 
-0.003266 0.022974 -0.595471 -1.830158 -1.496372 0.892354 0.275925 -0.002272 -1.000000 
-0.003076 0.024584 -0.609945 -1.788304 -1.489208 0.898392 0.275907 -0.002192 -1.000000 
-0.002873 0.026158 -0.624083 -1.746022 -1.482002 0.902821 0.275890 -0.002118 -1.000000 
-0.002658 0.027698 -0.637880 -1.703364 -1.474767 0.905646 0.275873 -0.002050 -1.000000 
-0.002430 0.029201 -0.651336 -1.660382 -1.467516 0.906876 0.275857 -0.001988 -1.000000 
-0.002191 0.030668 -0.664446 -1.617123 -1.460261 0.906522 0.275841 -0.001932 -1.000000 
-0.001940 0.032099 -0.677209 -1.573633 -1.453016 0.904599 0.275826 -0.001879 -1.000000 
-0.001677 0.033493 -0.689623 -1.529959 -1.445792 0.901122 0.275811 -0.001831 -1.000000 
-0.001404 0.034850 -0.701688 -1.486143 -1.438602 0.896112 0.275797 -0.001786 -1.000000 
-0.001120 0.036169 -0.713402 -1.442225 -1.431458 0.889589 0.275782 -0.001745 -1.000000 
-0.000825 0.037452 -0.724763 -1.398244 -1.424372 0.881579 0.275769 -0.001708 -1.000000 
-0.000520 0.038698 -0.735773 -1.354236 -1.417357 0.872106 0.275755 -0.001673 -1.000000 
-0.000206 0.039907 -0.746431 -1.310235 -1.410422 0.861200 0.275742 -0.001640 -1.000000 
0.000118 0.041080 -0.756737 -1.266272 -1.403581 0.848890 0.275729 -0.001610 -1.000000 
0.000451 0.042216 -0.766692 -1.222377 -1.396844 0.835209 0.275716 -0.001583 -1.000000 
0.000793 0.043316 -0.776295 -1.178576 -1.390221 0.820189 0.275704 -0.001558 -1.000000 
0.001144 0.044381 -0.785549 -1.134894 -1.383724 0.803867 0.275691 -0.001534 -1.000000 
0.001503 0.045410 -0.794454 -1.091352 -1.377363 0.786279 0.275679 -0.001513 -1.000000 
0.001871 0.046405 -0.803011 -1.047970 -1.371147 0.767462 0.275667 -0.001494 -1.000000 
0.002246 0.047365 -0.811222 -1.004764 -1.365087 0.747456 0.275655 -0.001476 -1.000000 
0.002628 0.048292 -0.819088 -0.961751 -1.359191 0.726301 0.275643 -0.001460 -1.000000 
0.003018 0.049185 -0.826611 -0.918941 -1.353469 0.704038 0.275632 -0.001446 -1.000000 
0.003415 0.050046 -0.833792 -0.876346 -1.347929 0.680711 0.275620 -0.001433 -1.000000 
0.003819 0.050876 -0.840633 -0.833973 -1.342580 0.656360 0.275609 -0.001422 -1.000000 
0.004229 0.051673 -0.847136 -0.791827 -1.337430 0.631031 0.275597 -0.001412 -1.000000 
0.004646 0.052440 -0.853303 -0.749913 -1.332486 0.604768 0.275586 -0.001404 -1.000000 
0.005068 0.053178 -0.859135 -0.708231 -1.327756 0.577615 0.275575 -0.001397 -1.000000 
0.005496 0.053885 -0.864635 -0.666782 -1.323247 0.549619 0.275564 -0.001391 -1.000000 
0.005930 0.054564 -0.869804 -0.625562 -1.318964 0.520825 0.275553 -0.001387 -1.000000 
0.006369 0.055215 -0.874645 -0.584569 -1.314915 0.491279 0.275542 -0.001385 -1.000000 
0.006814 0.055838 -0.879158 -0.543795 -1.311106 0.461029 0.275531 -0.001383 -1.000000 
0.007263 0.056435 -0.883346 -0.503234 -1.307541 0.430121 0.275520 -0.001383 -1.000000 
0.007716 0.057005 -0.887210 -0.462876 -1.304225 0.398602 0.275508 -0.001385 -1.000000 
0.008175 0.057550 -0.890752 -0.422711 -1.301164 0.366520 0.275497 -0.001387 -1.000000 
0.008637 0.058069 -0.893974 -0.382726 -1.298362 0.333923 0.275486 -0.001392 -1.000000 
0.009104 0.058564 -0.896876 -0.342910 -1.295823 0.300858 0.275475 -0.001397 -1.000000 
0.009574 0.059034 -0.899461 -0.303248 -1.293550 0.267373 0.275464 -0.001404 -1.000000 
0.010048 0.059481 -0.901729 -0.263724 -1.291546 0.233516 0.275453 -0.001413 -1.000000 
0.010526 0.059905 -0.903681 -0.224323 -1.289814 0.199336 0.275441 -0.001423 -1.000000 
0.011007 0.060306 -0.905318 -0.185027 -1.288357 0.164880 0.275430 -0.001435 -1.000000 
0.011491 0.060685 -0.906642 -0.145820 -1.287177 0.130196 0.275418 -0.001448 -1.000000 
0.011977 0.061041 -0.907652 -0.106682 -1.286275 0.095333 0.275407 -0.001463 -1.000000 
0.012467 0.061376 -0.908349 -0.067596 -1.285652 0.060338 0.275395 -0.001480 -1.000000 
0.012959 0.061689 -0.908733 -0.028543 -1.285310 0.025261 0.275383 -0.001498 -1.000000 
0.013454 0.061980 -0.908805 0.010497 -1.285248 -0.009851 0.275371 -0.001519 -1.000000 
0.013951 0.062251 -0.908565 0.049542 -1.285467 -0.044949 0.275359 -0.001542 -1.000000 
0.014450 0.062500 -0.908013 0.088612 -1.285967 -0.079986 0.275346 -0.001566 -1.000000 
0.014951 0.062728 -0.907147 0.127725 -1.286747 -0.114912 0.275334 -0.001593 -1.000000 
0.015454 0.062935 -0.905969 0.166901 -1.287805 -0.149681 0.275321 -0.001622 -1.000000 
0.015958 0.063121 -0.904477 0.206157 -1.289141 -0.184243 0.275308 -0.001654 -1.000000 
0.016464 0.063286 -0.902670 0.245511 -1.290752 -0.218550 0.275294 -0.001688 -1.000000 
0.016970 0.063430 -0.900548 0.284981 -1.292637 -0.252555 0.275281 -0.001725 -1.000000 
0.017478 0.063552 -0.898110 0.324583 -1.294792 -0.286210 0.275267 -0.001765 -1.000000 
0.017987 0.063652 -0.895355 0.364333 -1.297215 -0.319465 0.275252 -0.001808 -1.000000 
0.018497 0.063730 -0.892280 0.404245 -1.299902 -0.352274 0.275238 -0.001855 -1.000000 
0.019007 0.063786 -0.888886 0.444332 -1.302850 -0.384588 0.275223 -0.001905 -1.000000 
0.019517 0.063820 -0.885170 0.484608 -1.306054 -0.416361 0.275207 -0.001959 -1.000000 
0.020028 0.063830 -0.881132 0.525082 -1.309510 -0.447544 0.275191 -0.002017 -1.000000 
0.020539 0.063816 -0.876769 0.565766 -1.313213 -0.478090 0.275175 -0.002080 -1.000000 
0.021049 0.063779 -0.872079 0.606666 -1.317158 -0.507952 0.275158 -0.002147 -1.000000 
0.021559 0.063717 -0.867061 0.647790 -1.321339 -0.537084 0.275141 -0.002220 -1.000000 
0.022068 0.063630 -0.861714 0.689143 -1.325749 -0.565439 0.275123 -0.002298 -1.000000 
0.022577 0.063517 -0.856034 0.730728 -1.330384 -0.592970 0.275104 -0.002382 -1.000000 
0.023085 0.063378 -0.850022 0.772545 -1.335235 -0.619633 0.275084 -0.002473 -1.000000 
0.023591 0.063212 -0.843673 0.814595 -1.340295 -0.645381 0.275064 -0.002571 -1.000000 
0.024096 0.063018 -0.836987 0.856875 -1.345558 -0.670171 0.275043 -0.002677 -1.000000 
0.024599 0.062796 -0.829963 0.899380 -1.351015 -0.693959 0.275021 -0.002791 -1.000000 
0.025101 0.062545 -0.822597 0.942103 -1.356659 -0.716700 0.274999 -0.002915 -1.000000 
0.025600 0.062264 -0.814888 0.985035 -1.362480 -0.738353 0.274975 -0.003048 -1.000000 
0.026097 0.061953 -0.806836 1.028164 -1.368469 -0.758876 0.274950 -0.003194 -1.000000 
0.026591 0.061610 -0.798437 1.071478 -1.374619 -0.778229 0.274924 -0.003351 -1.000000 
0.027082 0.061236 -0.789692 1.114959 -1.380918 -0.796371 0.274896 -0.003522 -1.000000 
0.027571 0.060828 -0.780597 1.158590 -1.387357 -0.813265 0.274867 -0.003708 -1.000000 
0.028055 0.060387 -0.771154 1.202350 -1.393927 -0.828874 0.274837 -0.003911 -1.000000 
0.028537 0.059912 -0.761360 1.246216 -1.400616 -0.843161 0.274805 -0.004133 -1.000000 
0.029014 0.059402 -0.751214 1.290161 -1.407413 -0.856092 0.274771 -0.004375 -1.000000 
0.029487 0.058856 -0.740717 1.334159 -1.414309 -0.867636 0.274734 -0.004640 -1.000000 
0.029956 0.058273 -0.729867 1.378178 -1.421292 -0.877760 0.274696 -0.004931 -1.000000 
0.030419 0.057654 -0.718666 1.422185 -1.428350 -0.886437 0.274656 -0.005251 -1.000000 
0.030878 0.056997 -0.707113 1.466147 -1.435471 -0.893639 0.274612 -0.005603 -1.000000 
0.031331 0.056302 -0.695208 1.510024 -1.442644 -0.899342 0.274566 -0.005993 -1.000000 
0.031779 0.055567 -0.682953 1.553778 -1.449856 -0.903522 0.274516 -0.006423 -1.000000 
0.032220 0.054794 -0.670348 1.597368 -1.457096 -0.906160 0.274463 -0.006901 -1.000000 
0.032655 0.053981 -0.657395 1.640748 -1.464351 -0.907238 0.274406 -0.007433 -1.000000 
0.033084 0.053128 -0.644097 1.683873 -1.471608 -0.906741 0.274344 -0.008027 -1.000000 
0.033505 0.052234 -0.630454 1.726696 -1.478854 -0.904656 0.274277 -0.008691 -1.000000 
0.033919 0.051299 -0.616470 1.769166 -1.486078 -0.900974 0.274204 -0.009437 -1.000000 
0.034326 0.050324 -0.602149 1.811233 -1.493266 -0.895689 0.274126 -0.010277 -1.000000 
0.034724 0.049307 -0.587492 1.852845 -1.500405 -0.888797 0.274040 -0.011228 -1.000000 
0.035115 0.048250 -0.572504 1.893946 -1.507482 -0.880299 0.273946 -0.012306 -1.000000 
0.035496 0.047151 -0.557190 1.934482 -1.514485 -0.870196 0.273842 -0.013535 -1.000000 
0.035869 0.046011 -0.541554 1.974397 -1.521401 -0.858495 0.273729 -0.014943 -1.000000 
0.036232 0.044830 -0.525602 2.013633 -1.528217 -0.845207 0.273603 -0.016562 -1.000000 
0.036586 0.043609 -0.509338 2.052132 -1.534920 -0.830345 0.273463 -0.018433 -1.000000 
0.036930 0.042348 -0.492770 2.089836 -1.541498 -0.813925 0.273307 -0.020609 -1.000000 
0.037264 0.041046 -0.475903 2.126686 -1.547939 -0.795968 0.273132 -0.023153 -1.000000 
0.037587 0.039706 -0.458745 2.162624 -1.554230 -0.776500 0.272935 -0.026148 -1.000000 
0.037899 0.038327 -0.441304 2.197591 -1.560359 -0.755547 0.272712 -0.029696 -1.000000 
0.038200 0.036910 -0.423586 2.231529 -1.566315 -0.733141 0.272458 -0.033932 -1.000000 
0.038489 0.035456 -0.405602 2.264379 -1.572085 -0.709319 0.272167 -0.039032 -1.000000 
0.038767 0.033966 -0.387359 2.296084 -1.577660 -0.684119 0.271831 -0.045227 -1.000000 
0.039033 0.032441 -0.368868 2.326590 -1.583028 -0.657584 0.271440 -0.052828 -1.000000 
0.039286 0.030882 -0.350137 2.355840 -1.588178 -0.629763 0.270981 -0.062257 -1.000000 
0.039527 0.029290 -0.331178 2.383782 -1.593101 -0.600705 0.270437 -0.074096 -1.000000 
0.039755 0.027667 -0.312000 2.410364 -1.597786 -0.570465 0.269787 -0.089166 -1.000000 
0.039969 0.026013 -0.292616 2.435536 -1.602225 -0.539102 0.268999 -0.108646 -1.000000 
0.040171 0.024330 -0.273036 2.459250 -1.606409 -0.506679 0.268032 -0.134268 -1.000000 
0.040358 0.022620 -0.253272 2.481463 -1.610329 -0.473262 0.266827 -0.168645 -1.000000 
0.040532 0.020883 -0.233337 2.502130 -1.613979 -0.438924 0.265300 -0.215833 -1.000000 
0.040693 0.019122 -0.213242 2.521213 -1.617350 -0.403742 0.263323 -0.282351 -1.000000 
0.040838 0.017338 -0.193001 2.538675 -1.620436 -0.367800 0.260702 -0.379089 -1.000000 
0.040970 0.015531 -0.172628 2.554484 -1.623233 -0.331188 0.257127 -0.525097 -1.000000 
0.041087 0.013704 -0.152134 2.568610 -1.625734 -0.294010 0.252078 -0.755548 -1.000000 
0.041189 0.011856 -0.131534 2.581029 -1.627936 -0.256386 0.244635 -1.139696 -1.000000 
0.041276 0.009988 -0.110842 2.591724 -1.629835 -0.218457 0.233056 -1.824755 -1.000000 
0.041349 0.008096 -0.090072 2.600681 -1.631431 -0.180409 0.213765 -3.153183 -1.000000 
0.041406 0.006176 -0.069236 2.607902 -1.632722 -0.142485 0.178665 -6.004850 -1.000000 
0.041448 0.004214 -0.048350 2.613401 -1.633712 -0.105004 0.107448 -12.826240 -1.000000 
0.041470 0.000467 -0.027425 2.617672 -1.634304 -0.017761 0.052451 27.948277 1.000000 
0.041458 -0.003667 -0.006483 2.617497 -1.634277 0.026484 0.328187 38.357133 1.000000 
0.041410 -0.008301 0.014448 2.614642 -1.633843 0.084034 0.600199 26.561131 1.000000 
0.041325 -0.013005 0.035342 2.608257 -1.632914 0.148638 0.748503 11.908536 1.000000 
0.041202 -0.017546 0.056170 2.598086 -1.631459 0.215317 0.812998 5.231256 1.000000 
0.041044 -0.021948 0.076901 2.584021 -1.629467 0.282816 0.842612 2.560032 1.000000 
0.040852 -0.026244 0.097504 2.566030 -1.626934 0.350342 0.857852 1.398056 1.000000 
0.040625 -0.030444 0.117947 2.544145 -1.623863 0.417234 0.866532 0.834422 1.000000 
0.040365 -0.034551 0.138200 2.518446 -1.620262 0.482967 0.871889 0.533781 1.000000 
0.040072 -0.038559 0.158233 2.489042 -1.616140 0.547121 0.875407 0.360554 1.000000 
0.039748 -0.042463 0.178015 2.456067 -1.611513 0.609344 0.877834 0.254340 1.000000 
0.039393 -0.046256 0.197521 2.419678 -1.606397 0.669334 0.879576 0.185841 1.000000 
0.039008 -0.049932 0.216721 2.380045 -1.600810 0.726827 0.880866 0.139790 1.000000 
0.038595 -0.053482 0.235593 2.337355 -1.594775 0.781587 0.881849 0.107737 1.000000 
0.038153 -0.056903 0.254112 2.291806 -1.588313 0.833408 0.882614 0.084766 1.000000 
0.037684 -0.060186 0.272255 2.243607 -1.581448 0.882105 0.883222 0.067886 1.000000 
0.037190 -0.063329 0.290003 2.192975 -1.574208 0.927520 0.883712 0.055211 1.000000 
0.036672 -0.066327 0.307337 2.140131 -1.566617 0.969513 0.884113 0.045513 1.000000 
0.036129 -0.069177 0.324240 2.085304 -1.558705 1.007969 0.884446 0.037969 1.000000 
0.035565 -0.071877 0.340697 2.028720 -1.550499 1.042792 0.884725 0.032015 1.000000 
0.034980 -0.074425 0.356695 1.970610 -1.542030 1.073907 0.884961 0.027253 1.000000 
0.034375 -0.076820 0.372223 1.911200 -1.533327 1.101260 0.885163 0.023402 1.000000 
0.033751 -0.079062 0.387271 1.850716 -1.524420 1.124815 0.885337 0.020253 1.000000 
0.033110 -0.081153 0.401832 1.789377 -1.515340 1.144554 0.885489 0.017654 1.000000 
0.032453 -0.083093 0.415900 1.727397 -1.506117 1.160477 0.885621 0.015490 1.000000 
0.031781 -0.084885 0.429469 1.664982 -1.496783 1.172600 0.885737 0.013675 1.000000 
0.031095 -0.086531 0.442539 1.602330 -1.487366 1.180956 0.885840 0.012142 1.000000 
0.030397 -0.088034 0.455107 1.539629 -1.477897 1.185590 0.885932 0.010838 1.000000 
0.029687 -0.089399 0.467173 1.477056 -1.468406 1.186563 0.886014 0.009721 1.000000 
0.028967 -0.090629 0.478740 1.414777 -1.458922 1.183945 0.886088 0.008761 1.000000 
0.028237 -0.091730 0.489811 1.352946 -1.449472 1.177819 0.886155 0.007931 1.000000 
0.027500 -0.092705 0.500389 1.291705 -1.440086 1.168278 0.886215 0.007209 1.000000 
0.026754 -0.093560 0.510480 1.231183 -1.430789 1.155422 0.886270 0.006580 1.000000 
0.026003 -0.094301 0.520090 1.171494 -1.421608 1.139359 0.886321 0.006028 1.000000 
0.025246 -0.094933 0.529226 1.112740 -1.412567 1.120204 0.886367 0.005543 1.000000 
0.024484 -0.095461 0.537897 1.055010 -1.403692 1.098076 0.886410 0.005115 1.000000 
0.023719 -0.095891 0.546109 0.998379 -1.395006 1.073100 0.886449 0.004736 1.000000 
0.022950 -0.096229 0.553874 0.942909 -1.386530 1.045403 0.886486 0.004399 1.000000 
0.022179 -0.096480 0.561199 0.888649 -1.378286 1.015114 0.886520 0.004100 1.000000 
0.021407 -0.096650 0.568096 0.835635 -1.370295 0.982365 0.886551 0.003833 1.000000 
0.020633 -0.096743 0.574573 0.783892 -1.362575 0.947288 0.886581 0.003595 1.000000 
0.019859 -0.096766 0.580641 0.733430 -1.355144 0.910015 0.886609 0.003381 1.000000 
0.019085 -0.096723 0.586311 0.684252 -1.348020 0.870678 0.886635 0.003189 1.000000 
0.018312 -0.096618 0.591593 0.636347 -1.341218 0.829407 0.886660 0.003017 1.000000 
0.017539 -0.096456 0.596496 0.589694 -1.334754 0.786333 0.886683 0.002862 1.000000 
0.016769 -0.096241 0.601031 0.544262 -1.328641 0.741584 0.886706 0.002723 1.000000 
0.016000 -0.095977 0.605207 0.500014 -1.322893 0.695285 0.886727 0.002598 1.000000 
0.015233 -0.095666 0.609034 0.456899 -1.317521 0.647559 0.886747 0.002485 1.000000 
0.014469 -0.095313 0.612521 0.414863 -1.312535 0.598529 0.886767 0.002384 1.000000 
0.013708 -0.094919 0.615675 0.373842 -1.307947 0.548312 0.886786 0.002293 1.000000 
0.012951 -0.094486 0.618505 0.333766 -1.303765 0.497026 0.886804 0.002211 1.000000 
0.012196 -0.094017 0.621017 0.294558 -1.299998 0.444785 0.886821 0.002137 1.000000 
0.011446 -0.093513 0.623220 0.256138 -1.296651 0.391699 0.886838 0.002072 1.000000 
0.010700 -0.092974 0.625117 0.218418 -1.293732 0.337880 0.886854 0.002013 1.000000 
0.009959 -0.092401 0.626716 0.181308 -1.291247 0.283433 0.886870 0.001961 1.000000 
0.009222 -0.091794 0.628020 0.144714 -1.289199 0.228466 0.886885 0.001915 1.000000 
0.008490 -0.091153 0.629032 0.108538 -1.287592 0.173082 0.886901 0.001875 1.000000 
0.007764 -0.090477 0.629757 0.072681 -1.286430 0.117384 0.886916 0.001841 1.000000 
0.007043 -0.089765 0.630196 0.037041 -1.285715 0.061473 0.886930 0.001811 1.000000 
0.006328 -0.089015 0.630350 0.001516 -1.285447 0.005453 0.886944 0.001786 1.000000 
0.005619 -0.088225 0.630220 -0.033999 -1.285628 -0.050578 0.886959 0.001765 1.000000 
0.004916 -0.087392 0.629806 -0.069606 -1.286256 -0.106518 0.886973 0.001748 1.000000 
0.004220 -0.086515 0.629106 -0.105408 -1.287331 -0.162265 0.886987 0.001736 1.000000 
0.003532 -0.085589 0.628119 -0.141508 -1.288851 -0.217718 0.887001 0.001727 1.000000 
0.002851 -0.084611 0.626841 -0.178005 -1.290814 -0.272775 0.887014 0.001722 1.000000 
0.002178 -0.083578 0.625269 -0.214998 -1.293215 -0.327330 0.887028 0.001721 1.000000 
0.001514 -0.082486 0.623399 -0.252581 -1.296049 -0.381279 0.887042 0.001723 1.000000 
0.000859 -0.081329 0.621226 -0.290845 -1.299313 -0.434515 0.887056 0.001729 1.000000 
0.000213 -0.080103 0.618744 -0.329879 -1.302999 -0.486927 0.887070 0.001738 1.000000 
-0.000423 -0.078804 0.615946 -0.369764 -1.307101 -0.538405 0.887083 0.001750 1.000000 
-0.001048 -0.077427 0.612825 -0.410578 -1.311611 -0.588835 0.887098 0.001766 1.000000 
-0.001661 -0.075965 0.609374 -0.452392 -1.316520 -0.638101 0.887112 0.001785 1.000000 
-0.002263 -0.074415 0.605584 -0.495271 -1.321817 -0.686083 0.887126 0.001808 1.000000 
-0.002852 -0.072770 0.601447 -0.539273 -1.327493 -0.732662 0.887141 0.001834 1.000000 
-0.003427 -0.071025 0.596952 -0.584446 -1.333536 -0.777713 0.887155 0.001863 1.000000 
-0.003988 -0.069174 0.592092 -0.630833 -1.339932 -0.821110 0.887171 0.001896 1.000000 
-0.004533 -0.067213 0.586856 -0.678466 -1.346669 -0.862725 0.887186 0.001933 1.000000 
-0.005063 -0.065136 0.581233 -0.727366 -1.353731 -0.902430 0.887201 0.001974 1.000000 
-0.005575 -0.062938 0.575215 -0.777546 -1.361102 -0.940092 0.887217 0.002018 1.000000 
-0.006070 -0.060614 0.568789 -0.829008 -1.368766 -0.975580 0.887234 0.002067 1.000000 
-0.006545 -0.058159 0.561947 -0.881741 -1.376705 -1.008760 0.887251 0.002121 1.000000 
-0.007000 -0.055570 0.554678 -0.935723 -1.384900 -1.039500 0.887268 0.002179 1.000000 
-0.007434 -0.052841 0.546972 -0.990922 -1.393331 -1.067667 0.887285 0.002243 1.000000 
-0.007845 -0.049970 0.538820 -1.047289 -1.401976 -1.093131 0.887304 0.002312 1.000000 
-0.008233 -0.046953 0.530213 -1.104765 -1.410813 -1.115763 0.887322 0.002387 1.000000 
-0.008596 -0.043788 0.521141 -1.163277 -1.419820 -1.135438 0.887342 0.002468 1.000000 
-0.008933 -0.040474 0.511598 -1.222740 -1.428972 -1.152034 0.887362 0.002558 1.000000 
-0.009243 -0.037008 0.501575 -1.283053 -1.438244 -1.165434 0.887383 0.002655 1.000000 
-0.009525 -0.033391 0.491067 -1.344103 -1.447610 -1.175528 0.887404 0.002761 1.000000 
-0.009777 -0.029623 0.480068 -1.405764 -1.457043 -1.182212 0.887427 0.002878 1.000000 
-0.009998 -0.025705 0.468573 -1.467895 -1.466516 -1.185392 0.887450 0.003006 1.000000 
-0.010188 -0.021639 0.456581 -1.530346 -1.476000 -1.184980 0.887475 0.003147 1.000000 
-0.010344 -0.017427 0.444087 -1.592951 -1.485466 -1.180903 0.887501 0.003304 1.000000 
-0.010466 -0.013075 0.431093 -1.655534 -1.494884 -1.173097 0.887528 0.003479 1.000000 
-0.010553 -0.008585 0.417599 -1.717908 -1.504225 -1.161510 0.887557 0.003674 1.000000 
-0.010603 -0.003965 0.403608 -1.779877 -1.513458 -1.146108 0.887587 0.003894 1.000000 
-0.010616 0.000779 0.389123 -1.841234 -1.522553 -1.126867 0.887619 0.004143 1.000000 
-0.010590 0.005639 0.374150 -1.901767 -1.531478 -1.103783 0.887653 0.004427 1.000000 
-0.010525 0.010607 0.358698 -1.961254 -1.540203 -1.076867 0.887690 0.004755 1.000000 
-0.010420 0.015672 0.342774 -2.019471 -1.548698 -1.046149 0.887729 0.005137 1.000000 
-0.010274 0.020825 0.326390 -2.076190 -1.556932 -1.011675 0.887772 0.005586 1.000000 
-0.010087 0.026054 0.309559 -2.131179 -1.564875 -0.973512 0.887819 0.006122 1.000000 
-0.009857 0.031345 0.292296 -2.184208 -1.572498 -0.931746 0.887871 0.006770 1.000000 
-0.009585 0.036687 0.274618 -2.235048 -1.579773 -0.886483 0.887928 0.007568 1.000000 
-0.009270 0.042066 0.256542 -2.283473 -1.586673 -0.837848 0.887992 0.008571 1.000000 
-0.008912 0.047466 0.238089 -2.329262 -1.593170 -0.785985 0.888066 0.009862 1.000000 
-0.008511 0.052873 0.219281 -2.372203 -1.599240 -0.731057 0.888151 0.011568 1.000000 
-0.008066 0.058271 0.200142 -2.412089 -1.604860 -0.673246 0.888252 0.013900 1.000000 
-0.007579 0.063645 0.180697 -2.448729 -1.610005 -0.612751 0.888376 0.017219 1.000000 
-0.007048 0.068978 0.160972 -2.481941 -1.614657 -0.549789 0.888532 0.022182 1.000000 
-0.006475 0.074256 0.140995 -2.511558 -1.618796 -0.484589 0.888739 0.030081 1.000000 
-0.005860 0.079461 0.120797 -2.537428 -1.622405 -0.417394 0.889029 0.043709 1.000000 
-0.005204 0.084579 0.100407 -2.559419 -1.625470 -0.348455 0.889471 0.069908 1.000000 
-0.004507 0.089596 0.079857 -2.577413 -1.627976 -0.278025 0.890230 0.128665 1.000000 
-0.003771 0.094501 0.059179 -2.591314 -1.629915 -0.206334 0.891799 0.295833 1.000000 
-0.002995 0.099291 0.038407 -2.601041 -1.631275 -0.133510 0.896272 1.022814 1.000000 
-0.002182 0.104034 0.017574 -2.606521 -1.632046 -0.058810 0.923427 9.850225 1.000000 
-0.002203 -0.109254 0.016605 2.363899 -1.632065 0.050645 0.932294 -10.106812 1.000000 
-0.003059 -0.104847 0.035499 2.359223 -1.631410 0.112811 0.903556 -1.124985 1.000000 
-0.003880 -0.100392 0.054343 2.350973 -1.630264 0.173303 0.898589 -0.331866 1.000000 
-0.004665 -0.095823 0.073106 2.339211 -1.628639 0.232831 0.896822 -0.145514 1.000000 
-0.005413 -0.091140 0.091761 2.324001 -1.626542 0.291313 0.895961 -0.079345 1.000000 
-0.006123 -0.086352 0.110281 2.305419 -1.623981 0.348569 0.895459 -0.049678 1.000000 
-0.006795 -0.081470 0.128639 2.283557 -1.620969 0.404395 0.895130 -0.034199 1.000000 
-0.007427 -0.076508 0.146809 2.258517 -1.617516 0.458588 0.894895 -0.025213 1.000000 
-0.008019 -0.071480 0.164767 2.230417 -1.613636 0.510950 0.894717 -0.019562 1.000000 
-0.008570 -0.066399 0.182488 2.199387 -1.609346 0.561292 0.894577 -0.015784 1.000000 
-0.009081 -0.061280 0.199950 2.165569 -1.604661 0.609435 0.894462 -0.013130 1.000000 
-0.009551 -0.056136 0.217130 2.129111 -1.599601 0.655214 0.894365 -0.011191 1.000000 
-0.009979 -0.050981 0.234009 2.090175 -1.594185 0.698476 0.894282 -0.009726 1.000000 
-0.010366 -0.045829 0.250567 2.048927 -1.588433 0.739084 0.894208 -0.008589 1.000000 
-0.010712 -0.040693 0.266786 2.005538 -1.582367 0.776912 0.894143 -0.007685 1.000000 
-0.011017 -0.035585 0.282650 1.960187 -1.576010 0.811854 0.894085 -0.006953 1.000000 
-0.011282 -0.030518 0.298144 1.913054 -1.569385 0.843815 0.894032 -0.006349 1.000000 
-0.011506 -0.025503 0.313255 1.864320 -1.562517 0.872718 0.893983 -0.005844 1.000000 
-0.011690 -0.020551 0.327969 1.814168 -1.555430 0.898500 0.893938 -0.005415 1.000000 
-0.011835 -0.015672 0.342278 1.762779 -1.548149 0.921113 0.893896 -0.005048 1.000000 
-0.011941 -0.010875 0.356171 1.710332 -1.540700 0.940525 0.893857 -0.004731 1.000000 
-0.012009 -0.006169 0.369641 1.657004 -1.533109 0.956716 0.893821 -0.004453 1.000000 
-0.012040 -0.001561 0.382681 1.602964 -1.525402 0.969682 0.893786 -0.004209 1.000000 
-0.012034 0.002940 0.395287 1.548379 -1.517603 0.979430 0.893753 -0.003993 1.000000 
-0.011993 0.007331 0.407454 1.493408 -1.509739 0.985983 0.893722 -0.003801 1.000000 
-0.011917 0.011604 0.419181 1.438203 -1.501836 0.989371 0.893692 -0.003629 1.000000 
-0.011808 0.015756 0.430465 1.382907 -1.493918 0.989638 0.893664 -0.003474 1.000000 
-0.011666 0.019783 0.441307 1.327655 -1.486010 0.986838 0.893637 -0.003335 1.000000 
-0.011492 0.023683 0.451708 1.272574 -1.478136 0.981033 0.893610 -0.003209 1.000000 
-0.011287 0.027452 0.461669 1.217779 -1.470321 0.972295 0.893585 -0.003094 1.000000 
-0.011053 0.031091 0.471194 1.163376 -1.462587 0.960702 0.893561 -0.002990 1.000000 
-0.010790 0.034599 0.480285 1.109461 -1.454957 0.946339 0.893537 -0.002895 1.000000 
-0.010500 0.037975 0.488947 1.056118 -1.447453 0.929299 0.893515 -0.002809 1.000000 
-0.010183 0.041220 0.497184 1.003423 -1.440095 0.909676 0.893492 -0.002730 1.000000 
-0.009840 0.044335 0.505003 0.951440 -1.432905 0.887573 0.893471 -0.002658 1.000000 
-0.009474 0.047323 0.512409 0.900221 -1.425900 0.863093 0.893450 -0.002593 1.000000 
-0.009084 0.050186 0.519409 0.849810 -1.419101 0.836343 0.893429 -0.002534 1.000000 
-0.008671 0.052926 0.526009 0.800239 -1.412525 0.807434 0.893409 -0.002480 1.000000 
-0.008237 0.055547 0.532215 0.751532 -1.406188 0.776477 0.893390 -0.002432 1.000000 
-0.007783 0.058052 0.538036 0.703702 -1.400106 0.743584 0.893370 -0.002388 1.000000 
-0.007309 0.060445 0.543477 0.656753 -1.394295 0.708868 0.893351 -0.002349 1.000000 
-0.006816 0.062730 0.548546 0.610681 -1.388769 0.672443 0.893333 -0.002315 1.000000 
-0.006305 0.064910 0.553250 0.565471 -1.383540 0.634422 0.893314 -0.002285 1.000000 
-0.005777 0.066991 0.557596 0.521103 -1.378622 0.594919 0.893296 -0.002260 1.000000 
-0.005234 0.068977 0.561590 0.477547 -1.374025 0.554046 0.893278 -0.002238 1.000000 
-0.004674 0.070873 0.565239 0.434769 -1.369761 0.511915 0.893260 -0.002221 1.000000 
-0.004100 0.072682 0.568548 0.392726 -1.365838 0.468636 0.893243 -0.002208 1.000000 
-0.003511 0.074409 0.571524 0.351369 -1.362265 0.424320 0.893225 -0.002199 1.000000 
-0.002909 0.076060 0.574172 0.310645 -1.359051 0.379074 0.893208 -0.002194 1.000000 
-0.002295 0.077637 0.576496 0.270494 -1.356202 0.333007 0.893190 -0.002193 1.000000 
-0.001667 0.079146 0.578501 0.230855 -1.353725 0.286224 0.893172 -0.002197 1.000000 
-0.001028 0.080591 0.580191 0.191659 -1.351624 0.238832 0.893155 -0.002204 1.000000 
-0.000378 0.081975 0.581568 0.152837 -1.349905 0.190934 0.893137 -0.002217 1.000000 
0.000283 0.083301 0.582637 0.114315 -1.348570 0.142634 0.893119 -0.002234 1.000000 
0.000955 0.084574 0.583398 0.076020 -1.347624 0.094036 0.893101 -0.002256 1.000000 
0.001636 0.085797 0.583854 0.037873 -1.347066 0.045241 0.893083 -0.002282 1.000000 
0.002327 0.086972 0.584004 -0.000203 -1.346900 -0.003648 0.893065 -0.002315 1.000000 
0.003027 0.088101 0.583850 -0.038286 -1.347125 -0.052530 0.893046 -0.002352 1.000000 
0.003737 0.089188 0.583391 -0.076455 -1.347740 -0.101302 0.893027 -0.002396 1.000000 
0.004454 0.090233 0.582627 -0.114786 -1.348745 -0.149862 0.893008 -0.002446 1.000000 
0.005180 0.091239 0.581554 -0.153358 -1.350137 -0.198109 0.892988 -0.002503 1.000000 
0.005914 0.092206 0.580172 -0.192244 -1.351914 -0.245938 0.892968 -0.002567 1.000000 
0.006655 0.093135 0.578477 -0.231517 -1.354071 -0.293247 0.892947 -0.002640 1.000000 
0.007404 0.094027 0.576467 -0.271246 -1.356604 -0.339930 0.892926 -0.002720 1.000000 
0.008160 0.094881 0.574136 -0.311500 -1.359508 -0.385883 0.892903 -0.002811 1.000000 
0.008922 0.095698 0.571481 -0.352339 -1.362776 -0.430999 0.892881 -0.002911 1.000000 
0.009691 0.096475 0.568497 -0.393821 -1.366401 -0.475171 0.892857 -0.003023 1.000000 
0.010466 0.097213 0.565178 -0.436001 -1.370376 -0.518290 0.892832 -0.003146 1.000000 
0.011246 0.097909 0.561519 -0.478925 -1.374691 -0.560246 0.892806 -0.003284 1.000000 
0.012032 0.098561 0.557513 -0.522635 -1.379336 -0.600929 0.892780 -0.003436 1.000000 
0.012823 0.099167 0.553154 -0.567166 -1.384302 -0.640228 0.892751 -0.003606 1.000000 
0.013619 0.099724 0.548436 -0.612545 -1.389576 -0.678029 0.892722 -0.003794 1.000000 
0.014418 0.100230 0.543351 -0.658793 -1.395146 -0.714221 0.892691 -0.004002 1.000000 
0.015222 0.100680 0.537893 -0.705921 -1.400999 -0.748690 0.892658 -0.004235 1.000000 
0.016029 0.101071 0.532054 -0.753934 -1.407120 -0.781323 0.892623 -0.004493 1.000000 
0.016839 0.101400 0.525828 -0.802827 -1.413495 -0.812007 0.892586 -0.004782 1.000000 
0.017651 0.101660 0.519207 -0.852584 -1.420107 -0.840632 0.892546 -0.005105 1.000000 
0.018465 0.101849 0.512184 -0.903181 -1.426939 -0.867085 0.892504 -0.005466 1.000000 
0.019281 0.101961 0.504754 -0.954585 -1.433974 -0.891259 0.892459 -0.005871 1.000000 
0.020097 0.101992 0.496909 -1.006750 -1.441193 -0.913048 0.892410 -0.006328 1.000000 
0.020912 0.101936 0.488644 -1.059623 -1.448576 -0.932348 0.892357 -0.006843 1.000000 
0.021727 0.101788 0.479953 -1.113138 -1.456104 -0.949060 0.892300 -0.007426 1.000000 
0.022541 0.101543 0.470832 -1.167220 -1.463754 -0.963089 0.892238 -0.008089 1.000000 
0.023352 0.101196 0.461276 -1.221782 -1.471506 -0.974346 0.892171 -0.008845 1.000000 
0.024160 0.100741 0.451283 -1.276727 -1.479336 -0.982747 0.892096 -0.009710 1.000000 
0.024963 0.100174 0.440848 -1.331949 -1.487222 -0.988215 0.892015 -0.010704 1.000000 
0.025762 0.099489 0.429971 -1.387330 -1.495139 -0.990683 0.891925 -0.011853 1.000000 
0.026555 0.098682 0.418651 -1.442745 -1.503065 -0.990089 0.891825 -0.013186 1.000000 
0.027341 0.097748 0.406887 -1.498057 -1.510973 -0.986383 0.891713 -0.014743 1.000000 
0.028118 0.096682 0.394682 -1.553122 -1.518838 -0.979525 0.891588 -0.016571 1.000000 
0.028887 0.095482 0.382038 -1.607789 -1.526636 -0.969487 0.891447 -0.018731 1.000000 
0.029646 0.094143 0.368959 -1.661898 -1.534342 -0.956250 0.891287 -0.021303 1.000000 
0.030393 0.092663 0.355450 -1.715283 -1.541928 -0.939810 0.891105 -0.024389 1.000000 
0.031128 0.091038 0.341517 -1.767774 -1.549370 -0.920178 0.890895 -0.028121 1.000000 
0.031849 0.089268 0.327168 -1.819195 -1.556642 -0.897375 0.890653 -0.032680 1.000000 
0.032556 0.087349 0.312413 -1.869369 -1.563720 -0.871441 0.890370 -0.038305 1.000000 
0.033247 0.085282 0.297262 -1.918115 -1.570577 -0.842428 0.890036 -0.045326 1.000000 
0.033920 0.083066 0.281728 -1.965252 -1.577190 -0.810407 0.889639 -0.054202 1.000000 
0.034575 0.080701 0.265823 -2.010601 -1.583536 -0.775463 0.889162 -0.065586 1.000000 
0.035211 0.078189 0.249563 -2.053984 -1.589590 -0.737698 0.888581 -0.080423 1.000000 
0.035826 0.075532 0.232965 -2.095226 -1.595332 -0.697233 0.887863 -0.100122 1.000000 
0.036419 0.072731 0.216046 -2.134158 -1.600739 -0.654204 0.886960 -0.126830 1.000000 
0.036989 0.069790 0.198825 -2.170618 -1.605793 -0.608767 0.885806 -0.163933 1.000000 
0.037535 0.066713 0.181323 -2.204452 -1.610474 -0.561099 0.884295 -0.216959 1.000000 
0.038056 0.063503 0.163561 -2.235515 -1.614765 -0.511396 0.882268 -0.295310 1.000000 
0.038551 0.060165 0.145563 -2.263674 -1.618651 -0.459882 0.879459 -0.415775 1.000000 
0.039019 0.056702 0.127351 -2.288812 -1.622119 -0.406809 0.875421 -0.610058 1.000000 
0.039458 0.053119 0.108950 -2.310825 -1.625157 -0.352472 0.869337 -0.942119 1.000000 
0.039868 0.049415 0.090386 -2.329633 -1.627756 -0.297219 0.859623 -1.551186 1.000000 
0.040248 0.045588 0.071685 -2.345178 -1.629911 -0.241478 0.842942 -2.766354 1.000000 
0.040597 0.041623 0.052872 -2.357442 -1.631620 -0.185767 0.811629 -5.420659 1.000000 
0.040914 0.037493 0.033974 -2.366456 -1.632885 -0.130681 0.747099 -11.554300 1.000000 
0.041197 0.033181 0.015017 -2.372302 -1.633715 -0.077193 0.609506 -23.867279 1.000000 
0.041445 0.028868 -0.003975 -2.375169 -1.634133 -0.028894 0.367657 -34.507627 1.000000 
0.041659 0.024901 -0.022979 -2.375665 -1.634205 0.009346 0.107915 -27.890760 1.000000 
0.041842 0.020649 -0.041979 -2.373137 -1.633921 0.081963 0.002696 15.422603 -1.000000 
0.042000 0.018845 -0.060947 -2.368760 -1.633148 0.111280 0.089897 7.485017 -1.000000 
0.042144 0.017068 -0.079875 -2.363006 -1.632139 0.140988 0.134017 3.995403 -1.000000 
0.042273 0.015306 -0.098752 -2.355859 -1.630892 0.170853 0.158558 2.330031 -1.000000 
0.042389 0.013551 -0.117565 -2.347313 -1.629406 0.200686 0.173372 1.460690 -1.000000 
0.042490 0.011800 -0.136305 -2.337373 -1.627681 0.230338 0.182921 0.970068 -1.000000 
0.042578 0.010053 -0.154960 -2.326048 -1.625721 0.259695 0.189406 0.674723 -1.000000 
0.042651 0.008309 -0.173518 -2.313355 -1.623527 0.288659 0.194000 0.487249 -1.000000 
0.042711 0.006568 -0.191970 -2.299310 -1.621104 0.317150 0.197369 0.362917 -1.000000 
0.042756 0.004833 -0.210304 -2.283935 -1.618454 0.345095 0.199910 0.277387 -1.000000 
0.042788 0.003104 -0.228509 -2.267254 -1.615584 0.372428 0.201873 0.216703 -1.000000 
0.042806 0.001382 -0.246576 -2.249293 -1.612497 0.399090 0.203421 0.172495 -1.000000 
0.042810 -0.000332 -0.264494 -2.230081 -1.609200 0.425024 0.204663 0.139551 -1.000000 
0.042801 -0.002035 -0.282254 -2.209648 -1.605699 0.450179 0.205674 0.114508 -1.000000 
0.042777 -0.003727 -0.299846 -2.188027 -1.602000 0.474504 0.206510 0.095139 -1.000000 
0.000000 0.000000 0.000000 0.000000 0.000000 0.000000 0.000000 0.000000 0.000000 
