0.409369 -0.249584 -0.348364 -1.161060 -1.800164 0.278789 0.790872 -0.073074 1.000000 
0.407255 -0.278850 -0.357558 -1.137598 -1.797967 0.270344 0.790295 -0.071283 1.000000 
0.404909 -0.307795 -0.366564 -1.113640 -1.795840 0.261352 0.789732 -0.069620 1.000000 
0.402332 -0.336410 -0.375375 -1.089203 -1.793787 0.251834 0.789181 -0.068078 1.000000 
0.399527 -0.364690 -0.383990 -1.064302 -1.791812 0.241810 0.788642 -0.066649 1.000000 
0.396497 -0.392625 -0.392403 -1.038950 -1.789919 0.231302 0.788114 -0.065328 1.000000 
0.393246 -0.420209 -0.400612 -1.013163 -1.788112 0.220334 0.787597 -0.064109 1.000000 
0.389775 -0.447437 -0.408613 -0.986954 -1.786395 0.208927 0.787088 -0.062987 1.000000 
0.386088 -0.474303 -0.416402 -0.960335 -1.784771 0.197106 0.786589 -0.061958 1.000000 
0.382187 -0.500801 -0.423977 -0.933319 -1.783242 0.184896 0.786097 -0.061017 1.000000 
0.378076 -0.526927 -0.431334 -0.905918 -1.781813 0.172321 0.785612 -0.060161 1.000000 
0.373757 -0.552677 -0.438471 -0.878142 -1.780486 0.159408 0.785134 -0.059386 1.000000 
0.369234 -0.578046 -0.445383 -0.850002 -1.779264 0.146181 0.784662 -0.058690 1.000000 
0.364510 -0.603031 -0.452070 -0.821507 -1.778148 0.132668 0.784195 -0.058068 1.000000 
0.359587 -0.627628 -0.458527 -0.792668 -1.777142 0.118896 0.783732 -0.057520 1.000000 
0.354469 -0.651833 -0.464751 -0.763493 -1.776246 0.104891 0.783274 -0.057043 1.000000 
0.349159 -0.675644 -0.470742 -0.733989 -1.775464 0.090681 0.782819 -0.056634 1.000000 
0.343659 -0.699057 -0.476494 -0.704167 -1.774796 0.076294 0.782368 -0.056293 1.000000 
0.337975 -0.722069 -0.482007 -0.674031 -1.774243 0.061757 0.781919 -0.056018 1.000000 
0.332107 -0.744677 -0.487278 -0.643591 -1.773808 0.047100 0.781471 -0.055808 1.000000 
0.326061 -0.766877 -0.492304 -0.612853 -1.773490 0.032350 0.781026 -0.055662 1.000000 
0.319838 -0.788667 -0.497083 -0.581822 -1.773291 0.017535 0.780581 -0.055579 1.000000 
0.313443 -0.810042 -0.501612 -0.550507 -1.773210 0.002684 0.780136 -0.055559 1.000000 
0.306879 -0.831000 -0.505890 -0.518912 -1.773248 -0.012175 0.779691 -0.055602 1.000000 
0.300148 -0.851536 -0.509914 -0.487043 -1.773404 -0.027013 0.779246 -0.055708 1.000000 
0.293255 -0.871646 -0.513682 -0.454907 -1.773680 -0.041802 0.778800 -0.055877 1.000000 
0.286203 -0.891327 -0.517192 -0.422509 -1.774073 -0.056513 0.778352 -0.056110 1.000000 
0.278995 -0.910574 -0.520442 -0.389856 -1.774584 -0.071119 0.777902 -0.056407 1.000000 
0.271635 -0.929382 -0.523429 -0.356952 -1.775211 -0.085592 0.777449 -0.056770 1.000000 
0.264126 -0.947745 -0.526152 -0.323805 -1.775953 -0.099904 0.776994 -0.057199 1.000000 
0.256473 -0.965659 -0.528609 -0.290419 -1.776809 -0.114027 0.776534 -0.057696 1.000000 
0.248677 -0.983118 -0.530798 -0.256802 -1.777777 -0.127934 0.776070 -0.058262 1.000000 
0.240744 -1.000115 -0.532718 -0.222961 -1.778855 -0.141600 0.775602 -0.058901 1.000000 
0.232677 -1.016644 -0.534365 -0.188901 -1.780041 -0.154996 0.775128 -0.059613 1.000000 
0.224479 -1.032698 -0.535739 -0.154631 -1.781334 -0.168098 0.774648 -0.060401 1.000000 
0.216155 -1.048270 -0.536839 -0.120158 -1.782730 -0.180879 0.774161 -0.061269 1.000000 
0.207708 -1.063352 -0.537661 -0.085490 -1.784227 -0.193315 0.773667 -0.062218 1.000000 
0.199142 -1.077935 -0.538206 -0.050636 -1.785822 -0.205381 0.773165 -0.063253 1.000000 
0.190462 -1.092013 -0.538471 -0.015606 -1.787512 -0.217053 0.772655 -0.064378 1.000000 
0.181672 -1.105575 -0.538455 0.019591 -1.789294 -0.228309 0.772135 -0.065595 1.000000 
0.172774 -1.118613 -0.538157 0.054945 -1.791164 -0.239125 0.771605 -0.066911 1.000000 
0.163775 -1.131118 -0.537576 0.090443 -1.793119 -0.249480 0.771064 -0.068329 1.000000 
0.154678 -1.143079 -0.536710 0.126075 -1.795154 -0.259353 0.770511 -0.069854 1.000000 
0.145487 -1.154486 -0.535558 0.161828 -1.797267 -0.268723 0.769946 -0.071494 1.000000 
0.136208 -1.165329 -0.534120 0.197687 -1.799453 -0.277572 0.769367 -0.073253 1.000000 
0.126844 -1.175598 -0.532395 0.233640 -1.801707 -0.285880 0.768774 -0.075138 1.000000 
0.117400 -1.185281 -0.530382 0.269671 -1.804025 -0.293630 0.768165 -0.077157 1.000000 
0.107881 -1.194368 -0.528080 0.305763 -1.806403 -0.300806 0.767539 -0.079317 1.000000 
0.098291 -1.202848 -0.525490 0.341901 -1.808836 -0.307393 0.766895 -0.081626 1.000000 
0.088637 -1.210709 -0.522610 0.378067 -1.811320 -0.313375 0.766232 -0.084093 1.000000 
0.078922 -1.217941 -0.519440 0.414243 -1.813849 -0.318740 0.765549 -0.086728 1.000000 
0.069151 -1.224532 -0.515982 0.450408 -1.816418 -0.323475 0.764844 -0.089541 1.000000 
0.059331 -1.230470 -0.512234 0.486544 -1.819023 -0.327570 0.764116 -0.092541 1.000000 
0.049466 -1.235746 -0.508197 0.522628 -1.821657 -0.331015 0.763363 -0.095742 1.000000 
0.039561 -1.240347 -0.503872 0.558639 -1.824317 -0.333802 0.762584 -0.099154 1.000000 
0.029622 -1.244263 -0.499259 0.594555 -1.826997 -0.335923 0.761776 -0.102790 1.000000 
0.019655 -1.247484 -0.494360 0.630352 -1.829690 -0.337373 0.760938 -0.106663 1.000000 
0.009664 -1.249999 -0.489174 0.666005 -1.832393 -0.338148 0.760069 -0.110787 1.000000 
-0.000344 -1.251798 -0.483704 0.701490 -1.835099 -0.338245 0.759165 -0.115176 1.000000 
-0.010363 -1.252872 -0.477951 0.736781 -1.837803 -0.337662 0.758225 -0.119845 1.000000 
-0.020388 -1.253212 -0.471916 0.771851 -1.840500 -0.336400 0.757247 -0.124809 1.000000 
-0.030412 -1.252809 -0.465602 0.806674 -1.843183 -0.334460 0.756227 -0.130082 1.000000 
-0.040430 -1.251656 -0.459010 0.841222 -1.845849 -0.331844 0.755165 -0.135679 1.000000 
-0.050437 -1.249745 -0.452143 0.875467 -1.848491 -0.328558 0.754056 -0.141615 1.000000 
-0.060424 -1.247069 -0.445003 0.909381 -1.851104 -0.324607 0.752898 -0.147904 1.000000 
-0.070388 -1.243623 -0.437594 0.942934 -1.853683 -0.320000 0.751688 -0.154558 1.000000 
-0.080320 -1.239401 -0.429917 0.976097 -1.856222 -0.314744 0.750424 -0.161589 1.000000 
-0.090216 -1.234399 -0.421977 1.008842 -1.858717 -0.308852 0.749102 -0.169006 1.000000 
-0.100069 -1.228614 -0.413777 1.041137 -1.861162 -0.302334 0.747719 -0.176814 1.000000 
-0.109872 -1.222044 -0.405321 1.072955 -1.863553 -0.295204 0.746272 -0.185017 1.000000 
-0.119619 -1.214686 -0.396611 1.104264 -1.865884 -0.287479 0.744757 -0.193613 1.000000 
-0.129305 -1.206541 -0.387654 1.135036 -1.868151 -0.279173 0.743173 -0.202596 1.000000 
-0.138922 -1.197608 -0.378452 1.165240 -1.870349 -0.270305 0.741515 -0.211951 1.000000 
-0.148464 -1.187889 -0.369011 1.194848 -1.872475 -0.260895 0.739781 -0.221657 1.000000 
-0.157926 -1.177388 -0.359336 1.223831 -1.874522 -0.250963 0.737968 -0.231687 1.000000 
-0.167300 -1.166107 -0.349432 1.252160 -1.876489 -0.240530 0.736073 -0.242000 1.000000 
-0.176581 -1.154052 -0.339304 1.279808 -1.878370 -0.229621 0.734095 -0.252546 1.000000 
-0.185763 -1.141228 -0.328957 1.306746 -1.880161 -0.218260 0.732032 -0.263264 1.000000 
-0.194839 -1.127644 -0.318398 1.332949 -1.881861 -0.206471 0.729882 -0.274081 1.000000 
-0.203803 -1.113307 -0.307632 1.358389 -1.883464 -0.194282 0.727646 -0.284909 1.000000 
-0.212650 -1.098226 -0.296665 1.383044 -1.884968 -0.181720 0.725324 -0.295650 1.000000 
-0.221373 -1.082413 -0.285505 1.406887 -1.886370 -0.168813 0.722917 -0.306194 1.000000 
-0.229967 -1.065879 -0.274158 1.429896 -1.887668 -0.155590 0.720426 -0.316418 1.000000 
-0.238425 -1.048637 -0.262629 1.452050 -1.888859 -0.142081 0.717855 -0.326195 1.000000 
-0.246743 -1.030700 -0.250927 1.473326 -1.889941 -0.128317 0.715208 -0.335388 1.000000 
-0.254915 -1.012084 -0.239058 1.493706 -1.890912 -0.114327 0.712491 -0.343862 1.000000 
-0.262935 -0.992805 -0.227030 1.513171 -1.891770 -0.100143 0.709709 -0.351481 1.000000 
-0.270798 -0.972879 -0.214850 1.531704 -1.892513 -0.085797 0.706870 -0.358117 1.000000 
-0.278499 -0.952324 -0.202525 1.549289 -1.893142 -0.071320 0.703982 -0.363653 1.000000 
-0.286033 -0.931159 -0.190064 1.565912 -1.893654 -0.056744 0.701054 -0.367989 1.000000 
-0.293396 -0.909403 -0.177473 1.581559 -1.894050 -0.042099 0.698097 -0.371043 1.000000 
-0.300582 -0.887075 -0.164762 1.596219 -1.894328 -0.027417 0.695121 -0.372760 1.000000 
-0.307588 -0.864197 -0.151937 1.609882 -1.894488 -0.012730 0.692137 -0.373108 1.000000 
-0.314408 -0.840790 -0.139006 1.622540 -1.894532 0.001932 0.689155 -0.372084 1.000000 
-0.321039 -0.816876 -0.125979 1.634184 -1.894458 0.016539 0.686187 -0.369714 1.000000 
-0.327477 -0.792476 -0.112862 1.644809 -1.894267 0.031061 0.683243 -0.366048 1.000000 
-0.333717 -0.767614 -0.099664 1.654410 -1.893961 0.045469 0.680334 -0.361163 1.000000 
-0.339757 -0.742312 -0.086394 1.662985 -1.893540 0.059734 0.677468 -0.355153 1.000000 
-0.345593 -0.716594 -0.073059 1.670530 -1.893006 0.073829 0.674654 -0.348132 1.000000 
-0.351222 -0.690483 -0.059668 1.677047 -1.892359 0.087726 0.671900 -0.340222 1.000000 
-0.356640 -0.664002 -0.046229 1.682534 -1.891603 0.101399 0.669212 -0.331555 1.000000 
-0.361845 -0.637176 -0.032751 1.686995 -1.890738 0.114821 0.666597 -0.322265 1.000000 
-0.366834 -0.610028 -0.019240 1.690432 -1.889766 0.127970 0.664057 -0.312485 1.000000 
-0.371605 -0.582582 -0.005706 1.692850 -1.888691 0.140819 0.661598 -0.302343 1.000000 
-0.376155 -0.554862 0.007843 1.694254 -1.887514 0.153347 0.659221 -0.291957 1.000000 
-0.380482 -0.526891 0.021399 1.694650 -1.886238 0.165530 0.656927 -0.281440 1.000000 
-0.384584 -0.498693 0.034954 1.694046 -1.884866 0.177348 0.654718 -0.270890 1.000000 
-0.388460 -0.470292 0.048501 1.692450 -1.883402 0.188780 0.652593 -0.260394 1.000000 
-0.392108 -0.441711 0.062031 1.689872 -1.881847 0.199806 0.650551 -0.250029 1.000000 
-0.395527 -0.412972 0.075536 1.686322 -1.880206 0.210408 0.648592 -0.239858 1.000000 
-0.398716 -0.384100 0.089010 1.681810 -1.878482 0.220569 0.646713 -0.229933 1.000000 
-0.401673 -0.355117 0.102443 1.676350 -1.876678 0.230270 0.644912 -0.220295 1.000000 
-0.404397 -0.326044 0.115829 1.669954 -1.874799 0.239497 0.643187 -0.210977 1.000000 
-0.406889 -0.296904 0.129160 1.662634 -1.872847 0.248235 0.641535 -0.202003 1.000000 
-0.409148 -0.267718 0.142428 1.654406 -1.870828 0.256470 0.639954 -0.193389 1.000000 
-0.411172 -0.238508 0.155628 1.645284 -1.868745 0.264189 0.638440 -0.185144 1.000000 
-0.412964 -0.209295 0.168751 1.635283 -1.866603 0.271382 0.636991 -0.177273 1.000000 
-0.414521 -0.180098 0.181790 1.624419 -1.864405 0.278036 0.635603 -0.169775 1.000000 
-0.415845 -0.150937 0.194739 1.612709 -1.862155 0.284143 0.634273 -0.162648 1.000000 
-0.416936 -0.121833 0.207591 1.600169 -1.859860 0.289694 0.633000 -0.155883 1.000000 
-0.417795 -0.092803 0.220340 1.586817 -1.857522 0.294682 0.631778 -0.149471 1.000000 
-0.418421 -0.063866 0.232978 1.572670 -1.855146 0.299101 0.630607 -0.143403 1.000000 
-0.418817 -0.035039 0.245500 1.557746 -1.852738 0.302945 0.629483 -0.137665 1.000000 
-0.418982 -0.006341 0.257900 1.542062 -1.850301 0.306209 0.628404 -0.132245 1.000000 
-0.418919 0.022213 0.270171 1.525638 -1.847840 0.308892 0.627366 -0.127130 1.000000 
-0.418627 0.050607 0.282308 1.508492 -1.845360 0.310990 0.626369 -0.122305 1.000000 
-0.418110 0.078825 0.294305 1.490642 -1.842866 0.312504 0.625409 -0.117756 1.000000 
-0.417367 0.106853 0.306157 1.472106 -1.840362 0.313432 0.624484 -0.113470 1.000000 
-0.416401 0.134675 0.317857 1.452904 -1.837852 0.313776 0.623592 -0.109434 1.000000 
-0.415213 0.162279 0.329401 1.433054 -1.835343 0.313538 0.622732 -0.105634 1.000000 
-0.413805 0.189652 0.340784 1.412574 -1.832837 0.312721 0.621902 -0.102057 1.000000 
-0.412179 0.216782 0.352001 1.391483 -1.830341 0.311329 0.621099 -0.098693 1.000000 
-0.410337 0.243656 0.363046 1.369798 -1.827858 0.309368 0.620322 -0.095528 1.000000 
-0.408281 0.270263 0.373916 1.347539 -1.825392 0.306842 0.619570 -0.092553 1.000000 
-0.406013 0.296594 0.384606 1.324723 -1.822950 0.303761 0.618841 -0.089755 1.000000 
-0.403536 0.322637 0.395110 1.301367 -1.820534 0.300130 0.618133 -0.087127 1.000000 
-0.400852 0.348384 0.405426 1.277489 -1.818149 0.295959 0.617446 -0.084658 1.000000 
-0.397963 0.373826 0.415549 1.253105 -1.815800 0.291257 0.616778 -0.082339 1.000000 
-0.394872 0.398954 0.425474 1.228233 -1.813490 0.286035 0.616129 -0.080163 1.000000 
-0.391580 0.423761 0.435199 1.202888 -1.811225 0.280304 0.615495 -0.078121 1.000000 
-0.388092 0.448239 0.444719 1.177087 -1.809007 0.274076 0.614878 -0.076206 1.000000 
-0.384410 0.472381 0.454031 1.150845 -1.806841 0.267364 0.614276 -0.074412 1.000000 
-0.380535 0.496181 0.463132 1.124177 -1.804730 0.260181 0.613687 -0.072732 1.000000 
-0.376472 0.519634 0.472017 1.097097 -1.802679 0.252541 0.613112 -0.071161 1.000000 
-0.372222 0.542733 0.480684 1.069621 -1.800691 0.244460 0.612549 -0.069693 1.000000 
-0.367789 0.565474 0.489130 1.041761 -1.798769 0.235952 0.611997 -0.068322 1.000000 
-0.363175 0.587852 0.497352 1.013532 -1.796916 0.227033 0.611455 -0.067045 1.000000 
-0.358384 0.609862 0.505346 0.984945 -1.795137 0.217721 0.610924 -0.065857 1.000000 
-0.353418 0.631500 0.513110 0.956014 -1.793434 0.208032 0.610401 -0.064753 1.000000 
-0.348281 0.652763 0.520641 0.926750 -1.791810 0.197984 0.609887 -0.063731 1.000000 
-0.342975 0.673647 0.527937 0.897166 -1.790267 0.187596 0.609381 -0.062786 1.000000 
-0.337504 0.694149 0.534995 0.867271 -1.788809 0.176885 0.608883 -0.061916 1.000000 
-0.331870 0.714266 0.541812 0.837078 -1.787438 0.165871 0.608390 -0.061118 1.000000 
-0.326077 0.733994 0.548387 0.806595 -1.786156 0.154573 0.607904 -0.060388 1.000000 
-0.320127 0.753331 0.554717 0.775834 -1.784965 0.143011 0.607424 -0.059726 1.000000 
-0.314024 0.772275 0.560800 0.744803 -1.783868 0.131205 0.606949 -0.059128 1.000000 
-0.307772 0.790822 0.566633 0.713512 -1.782867 0.119176 0.606478 -0.058593 1.000000 
-0.301372 0.808972 0.572215 0.681969 -1.781962 0.106943 0.606011 -0.058118 1.000000 
-0.294829 0.826720 0.577544 0.650183 -1.781156 0.094529 0.605548 -0.057704 1.000000 
-0.288146 0.844065 0.582618 0.618162 -1.780450 0.081954 0.605088 -0.057347 1.000000 
-0.281325 0.861005 0.587434 0.585914 -1.779845 0.069239 0.604630 -0.057047 1.000000 
-0.274371 0.877538 0.591992 0.553447 -1.779342 0.056407 0.604175 -0.056803 1.000000 
-0.267286 0.893660 0.596289 0.520768 -1.778943 0.043478 0.603721 -0.056614 1.000000 
-0.260073 0.909370 0.600324 0.487884 -1.778647 0.030474 0.603269 -0.056479 1.000000 
-0.252737 0.924665 0.604094 0.454803 -1.778455 0.017417 0.602817 -0.056399 1.000000 
-0.245280 0.939543 0.607600 0.421531 -1.778368 0.004329 0.602366 -0.056372 1.000000 
-0.237705 0.954001 0.610838 0.388075 -1.778386 -0.008769 0.601915 -0.056399 1.000000 
-0.230017 0.968036 0.613809 0.354442 -1.778509 -0.021853 0.601464 -0.056479 1.000000 
-0.222218 0.981645 0.616509 0.320638 -1.778736 -0.034904 0.601011 -0.056613 1.000000 
-0.214312 0.994826 0.618938 0.286671 -1.779067 -0.047898 0.600558 -0.056801 1.000000 
-0.206302 1.007575 0.621095 0.252547 -1.779502 -0.060815 0.600102 -0.057043 1.000000 
-0.198192 1.019890 0.622979 0.218272 -1.780040 -0.073633 0.599645 -0.057341 1.000000 
-0.189985 1.031765 0.624587 0.183855 -1.780680 -0.086330 0.599185 -0.057695 1.000000 
-0.181685 1.043199 0.625920 0.149301 -1.781421 -0.098886 0.598722 -0.058105 1.000000 
-0.173295 1.054186 0.626976 0.114619 -1.782261 -0.111278 0.598255 -0.058573 1.000000 
-0.164819 1.064724 0.627754 0.079814 -1.783201 -0.123488 0.597784 -0.059101 1.000000 
-0.156260 1.074807 0.628253 0.044896 -1.784237 -0.135493 0.597309 -0.059690 1.000000 
-0.147623 1.084431 0.628472 0.009872 -1.785368 -0.147275 0.596829 -0.060341 1.000000 
-0.138911 1.093592 0.628410 -0.025249 -1.786592 -0.158812 0.596344 -0.061057 1.000000 
-0.130127 1.102286 0.628067 -0.060461 -1.787908 -0.170086 0.595852 -0.061839 1.000000 
-0.121275 1.110506 0.627443 -0.095752 -1.789313 -0.181078 0.595354 -0.062690 1.000000 
-0.112360 1.118249 0.626535 -0.131115 -1.790805 -0.191768 0.594849 -0.063612 1.000000 
-0.103385 1.125509 0.625345 -0.166539 -1.792381 -0.202138 0.594336 -0.064609 1.000000 
-0.094353 1.132280 0.623870 -0.202015 -1.794038 -0.212171 0.593815 -0.065682 1.000000 
-0.085270 1.138557 0.622112 -0.237532 -1.795774 -0.221849 0.593285 -0.066835 1.000000 
-0.076138 1.144335 0.620070 -0.273079 -1.797587 -0.231156 0.592745 -0.068072 1.000000 
-0.066962 1.149608 0.617743 -0.308645 -1.799472 -0.240074 0.592195 -0.069396 1.000000 
-0.057745 1.154370 0.615132 -0.344217 -1.801427 -0.248589 0.591635 -0.070811 1.000000 
-0.048493 1.158615 0.612235 -0.379783 -1.803448 -0.256685 0.591062 -0.072323 1.000000 
-0.039209 1.162337 0.609055 -0.415330 -1.805533 -0.264348 0.590477 -0.073934 1.000000 
-0.029897 1.165531 0.605590 -0.450845 -1.807676 -0.271565 0.589879 -0.075650 1.000000 
-0.020562 1.168191 0.601842 -0.486313 -1.809876 -0.278321 0.589267 -0.077477 1.000000 
-0.011207 1.170310 0.597809 -0.521719 -1.812128 -0.284605 0.588639 -0.079420 1.000000 
-0.001838 1.171884 0.593494 -0.557049 -1.814429 -0.290405 0.587995 -0.081485 1.000000 
0.007541 1.172905 0.588897 -0.592286 -1.816774 -0.295711 0.587335 -0.083678 1.000000 
0.016927 1.173370 0.584018 -0.627415 -1.819159 -0.300512 0.586656 -0.086007 1.000000 
0.026314 1.173271 0.578859 -0.662418 -1.821580 -0.304799 0.585958 -0.088477 1.000000 
0.035697 1.172605 0.573420 -0.697277 -1.824034 -0.308564 0.585240 -0.091097 1.000000 
0.045074 1.171365 0.567703 -0.731975 -1.826516 -0.311799 0.584500 -0.093874 1.000000 
0.054438 1.169547 0.561709 -0.766493 -1.829021 -0.314498 0.583738 -0.096816 1.000000 
0.063785 1.167145 0.555439 -0.800813 -1.831546 -0.316655 0.582951 -0.099933 1.000000 
0.073111 1.164157 0.548896 -0.834914 -1.834087 -0.318266 0.582138 -0.103232 1.000000 
0.082410 1.160577 0.542081 -0.868776 -1.836637 -0.319327 0.581299 -0.106723 1.000000 
0.091678 1.156403 0.534996 -0.902380 -1.839194 -0.319835 0.580430 -0.110416 1.000000 
0.100911 1.151629 0.527644 -0.935703 -1.841753 -0.319789 0.579532 -0.114320 1.000000 
0.110103 1.146254 0.520026 -0.968726 -1.844309 -0.319187 0.578601 -0.118445 1.000000 
0.119249 1.140275 0.512145 -1.001426 -1.846859 -0.318031 0.577636 -0.122801 1.000000 
0.128345 1.133690 0.504004 -1.033782 -1.849396 -0.316321 0.576635 -0.127396 1.000000 
0.137387 1.126497 0.495606 -1.065771 -1.851918 -0.314060 0.575597 -0.132242 1.000000 
0.146368 1.118695 0.486953 -1.097370 -1.854420 -0.311252 0.574519 -0.137346 1.000000 
0.155284 1.110284 0.478049 -1.128558 -1.856897 -0.307900 0.573399 -0.142718 1.000000 
0.164131 1.101263 0.468897 -1.159312 -1.859345 -0.304011 0.572234 -0.148364 1.000000 
0.172903 1.091633 0.459501 -1.189608 -1.861760 -0.299591 0.571024 -0.154292 1.000000 
0.181595 1.081395 0.449865 -1.219424 -1.864137 -0.294648 0.569765 -0.160505 1.000000 
0.190203 1.070551 0.439992 -1.248736 -1.866473 -0.289190 0.568455 -0.167009 1.000000 
0.198722 1.059103 0.429886 -1.277523 -1.868763 -0.283228 0.567092 -0.173803 1.000000 
0.207147 1.047055 0.419553 -1.305760 -1.871003 -0.276772 0.565673 -0.180885 1.000000 
0.215474 1.034410 0.408996 -1.333426 -1.873190 -0.269834 0.564197 -0.188251 1.000000 
0.223696 1.021173 0.398220 -1.360499 -1.875319 -0.262427 0.562661 -0.195891 1.000000 
0.231811 1.007349 0.387229 -1.386955 -1.877387 -0.254564 0.561062 -0.203793 1.000000 
0.239812 0.992943 0.376030 -1.412773 -1.879391 -0.246260 0.559399 -0.211938 1.000000 
0.247696 0.977962 0.364627 -1.437933 -1.881326 -0.237532 0.557671 -0.220303 1.000000 
0.255458 0.962414 0.353025 -1.462412 -1.883190 -0.228394 0.555874 -0.228857 1.000000 
0.263094 0.946307 0.341230 -1.486190 -1.884980 -0.218865 0.554008 -0.237564 1.000000 
0.270598 0.929648 0.329248 -1.509248 -1.886691 -0.208963 0.552073 -0.246381 1.000000 
0.277966 0.912448 0.317084 -1.531566 -1.888322 -0.198706 0.550066 -0.255257 1.000000 
0.285195 0.894716 0.304745 -1.553125 -1.889870 -0.188115 0.547989 -0.264133 1.000000 
0.292281 0.876464 0.292236 -1.573907 -1.891331 -0.177209 0.545840 -0.272944 1.000000 
0.299218 0.857702 0.279564 -1.593895 -1.892704 -0.166010 0.543622 -0.281617 1.000000 
0.306002 0.838444 0.266736 -1.613073 -1.893987 -0.154538 0.541335 -0.290072 1.000000 
0.312631 0.818700 0.253757 -1.631425 -1.895176 -0.142817 0.538982 -0.298227 1.000000 
0.319100 0.798486 0.240635 -1.648936 -1.896271 -0.130867 0.536564 -0.305993 1.000000 
0.325406 0.777814 0.227377 -1.665592 -1.897269 -0.118713 0.534087 -0.313280 1.000000 
0.331544 0.756700 0.213988 -1.681381 -1.898170 -0.106377 0.531553 -0.319998 1.000000 
0.337512 0.735158 0.200477 -1.696290 -1.898971 -0.093883 0.528969 -0.326060 1.000000 
0.343306 0.713203 0.186850 -1.710309 -1.899672 -0.081253 0.526338 -0.331381 1.000000 
0.348922 0.690852 0.173114 -1.723427 -1.900271 -0.068513 0.523669 -0.335887 1.000000 
0.354358 0.668120 0.159277 -1.735637 -1.900768 -0.055685 0.520967 -0.339510 1.000000 
0.359611 0.645025 0.145347 -1.746929 -1.901162 -0.042793 0.518239 -0.342196 1.000000 
0.364678 0.621584 0.131329 -1.757297 -1.901452 -0.029861 0.515494 -0.343906 1.000000 
0.369556 0.597813 0.117232 -1.766736 -1.901639 -0.016912 0.512739 -0.344612 1.000000 
0.374242 0.573731 0.103064 -1.775240 -1.901723 -0.003970 0.509983 -0.344308 1.000000 
0.378734 0.549356 0.088831 -1.782806 -1.901703 0.008941 0.507233 -0.342999 1.000000 
0.383031 0.524705 0.074541 -1.789432 -1.901580 0.021801 0.504498 -0.340710 1.000000 
0.387129 0.499796 0.060203 -1.795115 -1.901354 0.034584 0.501784 -0.337479 1.000000 
0.391027 0.474648 0.045822 -1.799855 -1.901027 0.047271 0.499100 -0.333359 1.000000 
0.394723 0.449279 0.031407 -1.803653 -1.900598 0.059838 0.496453 -0.328415 1.000000 
0.398215 0.423708 0.016966 -1.806510 -1.900070 0.072264 0.493848 -0.322720 1.000000 
0.401502 0.397953 0.002506 -1.808427 -1.899442 0.084529 0.491291 -0.316356 1.000000 
0.404582 0.372033 -0.011966 -1.809409 -1.898718 0.096613 0.488787 -0.309409 1.000000 
0.407454 0.345965 -0.026442 -1.809458 -1.897897 0.108494 0.486342 -0.301967 1.000000 
0.410117 0.319768 -0.040915 -1.808581 -1.896982 0.120155 0.483957 -0.294118 1.000000 
0.412570 0.293461 -0.055377 -1.806783 -1.895975 0.131577 0.481637 -0.285950 1.000000 
0.414812 0.267061 -0.069821 -1.804070 -1.894878 0.142740 0.479383 -0.277544 1.000000 
0.416843 0.240586 -0.084240 -1.800449 -1.893692 0.153628 0.477196 -0.268978 1.000000 
0.418661 0.214054 -0.098626 -1.795930 -1.892421 0.164224 0.475079 -0.260325 1.000000 
0.420267 0.187482 -0.112972 -1.790520 -1.891066 0.174511 0.473031 -0.251649 1.000000 
0.421661 0.160889 -0.127272 -1.784228 -1.889629 0.184474 0.471053 -0.243009 1.000000 
0.422842 0.134290 -0.141518 -1.777066 -1.888115 0.194097 0.469143 -0.234457 1.000000 
0.423810 0.107704 -0.155703 -1.769044 -1.886525 0.203367 0.467301 -0.226034 1.000000 
0.424565 0.081145 -0.169820 -1.760173 -1.884862 0.212269 0.465526 -0.217780 1.000000 
0.425108 0.054632 -0.183863 -1.750464 -1.883129 0.220791 0.463816 -0.209725 1.000000 
0.425439 0.028179 -0.197825 -1.739932 -1.881330 0.228920 0.462170 -0.201892 1.000000 
0.425559 0.001802 -0.211700 -1.728587 -1.879468 0.236645 0.460585 -0.194302 1.000000 
0.425468 -0.024482 -0.225481 -1.716444 -1.877545 0.243955 0.459060 -0.186969 1.000000 
0.425168 -0.050661 -0.239161 -1.703517 -1.875566 0.250840 0.457593 -0.179903 1.000000 
0.424658 -0.076718 -0.252735 -1.689819 -1.873533 0.257290 0.456181 -0.173110 1.000000 
0.423940 -0.102639 -0.266196 -1.675366 -1.871450 0.263297 0.454822 -0.166594 1.000000 
0.423016 -0.128412 -0.279539 -1.660172 -1.869321 0.268854 0.453515 -0.160354 1.000000 
0.421886 -0.154021 -0.292757 -1.644252 -1.867150 0.273952 0.452256 -0.154389 1.000000 
0.420552 -0.179455 -0.305845 -1.627622 -1.864939 0.278586 0.451044 -0.148695 1.000000 
0.419016 -0.204700 -0.318797 -1.610297 -1.862694 0.282751 0.449876 -0.143266 1.000000 
0.417278 -0.229745 -0.331608 -1.592294 -1.860417 0.286441 0.448751 -0.138097 1.000000 
0.415340 -0.254577 -0.344272 -1.573628 -1.858112 0.289653 0.447666 -0.133179 1.000000 
0.413205 -0.279186 -0.356784 -1.554315 -1.855783 0.292383 0.446619 -0.128504 1.000000 
0.410874 -0.303560 -0.369139 -1.534372 -1.853435 0.294629 0.445609 -0.124064 1.000000 
0.408349 -0.327689 -0.381332 -1.513815 -1.851071 0.296390 0.444634 -0.119850 1.000000 
0.405632 -0.351563 -0.393359 -1.492661 -1.848694 0.297665 0.443691 -0.115853 1.000000 
0.402724 -0.375173 -0.405213 -1.470924 -1.846309 0.298453 0.442779 -0.112064 1.000000 
0.399629 -0.398508 -0.416892 -1.448623 -1.843920 0.298755 0.441897 -0.108473 1.000000 
0.396349 -0.421561 -0.428390 -1.425773 -1.841530 0.298573 0.441043 -0.105071 1.000000 
0.392885 -0.444323 -0.439703 -1.402390 -1.839144 0.297908 0.440216 -0.101851 1.000000 
0.389241 -0.466786 -0.450827 -1.378490 -1.836765 0.296764 0.439413 -0.098803 1.000000 
0.385418 -0.488943 -0.461757 -1.354089 -1.834397 0.295145 0.438635 -0.095919 1.000000 
0.381418 -0.510787 -0.472491 -1.329203 -1.832044 0.293054 0.437878 -0.093191 1.000000 
0.377246 -0.532310 -0.483023 -1.303848 -1.829710 0.290497 0.437143 -0.090613 1.000000 
0.372902 -0.553508 -0.493351 -1.278039 -1.827397 0.287478 0.436428 -0.088175 1.000000 
0.368391 -0.574373 -0.503471 -1.251790 -1.825111 0.284006 0.435732 -0.085872 1.000000 
0.363713 -0.594900 -0.513379 -1.225117 -1.822855 0.280086 0.435054 -0.083697 1.000000 
0.358873 -0.615084 -0.523072 -1.198034 -1.820631 0.275725 0.434392 -0.081643 1.000000 
0.353873 -0.634921 -0.532546 -1.170556 -1.818444 0.270934 0.433747 -0.079706 1.000000 
0.348715 -0.654405 -0.541800 -1.142697 -1.816297 0.265719 0.433117 -0.077878 1.000000 
0.343403 -0.673533 -0.550828 -1.114471 -1.814194 0.260091 0.432501 -0.076156 1.000000 
0.337940 -0.692301 -0.559630 -1.085890 -1.812137 0.254059 0.431898 -0.074533 1.000000 
0.332327 -0.710704 -0.568202 -1.056969 -1.810130 0.247634 0.431308 -0.073006 1.000000 
0.326569 -0.728740 -0.576541 -1.027719 -1.808176 0.240827 0.430730 -0.071569 1.000000 
0.320669 -0.746405 -0.584644 -0.998154 -1.806278 0.233649 0.430163 -0.070220 1.000000 
0.314628 -0.763697 -0.592510 -0.968286 -1.804438 0.226112 0.429606 -0.068953 1.000000 
0.308450 -0.780613 -0.600136 -0.938126 -1.802661 0.218230 0.429059 -0.067766 1.000000 
0.302139 -0.797151 -0.607520 -0.907686 -1.800948 0.210013 0.428522 -0.066655 1.000000 
0.295697 -0.813308 -0.614659 -0.876977 -1.799301 0.201477 0.427993 -0.065617 1.000000 
0.289127 -0.829081 -0.621551 -0.846010 -1.797725 0.192634 0.427472 -0.064649 1.000000 
0.282433 -0.844471 -0.628194 -0.814796 -1.796220 0.183498 0.426958 -0.063749 1.000000 
0.275617 -0.859473 -0.634587 -0.783344 -1.794789 0.174085 0.426451 -0.062913 1.000000 
0.268682 -0.874088 -0.640727 -0.751665 -1.793435 0.164408 0.425951 -0.062140 1.000000 
0.261632 -0.888312 -0.646613 -0.719768 -1.792160 0.154483 0.425457 -0.061427 1.000000 
0.254470 -0.902146 -0.652243 -0.687663 -1.790964 0.144324 0.424968 -0.060773 1.000000 
0.247199 -0.915586 -0.657615 -0.655359 -1.789851 0.133949 0.424484 -0.060175 1.000000 
0.239822 -0.928633 -0.662728 -0.622863 -1.788822 0.123371 0.424005 -0.059633 1.000000 
0.232342 -0.941284 -0.667580 -0.590186 -1.787878 0.112608 0.423530 -0.059144 1.000000 
0.224762 -0.953539 -0.672170 -0.557335 -1.787020 0.101676 0.423059 -0.058708 1.000000 
0.217086 -0.965396 -0.676497 -0.524318 -1.786251 0.090592 0.422591 -0.058322 1.000000 
0.209317 -0.976854 -0.680559 -0.491143 -1.785571 0.079371 0.422126 -0.057987 1.000000 
0.201458 -0.987912 -0.684355 -0.457818 -1.784982 0.068031 0.421663 -0.057701 1.000000 
0.193512 -0.998569 -0.687884 -0.424350 -1.784483 0.056588 0.421202 -0.057463 1.000000 
0.185482 -1.008823 -0.691144 -0.390747 -1.784076 0.045060 0.420743 -0.057273 1.000000 
0.177372 -1.018672 -0.694135 -0.357016 -1.783762 0.033464 0.420286 -0.057131 1.000000 
0.169184 -1.028116 -0.696856 -0.323164 -1.783541 0.021816 0.419829 -0.057035 1.000000 
0.160923 -1.037154 -0.699306 -0.289198 -1.783413 0.010135 0.419373 -0.056985 1.000000 
0.152591 -1.045783 -0.701483 -0.255125 -1.783379 -0.001563 0.418917 -0.056982 1.000000 
0.144191 -1.054002 -0.703387 -0.220953 -1.783438 -0.013261 0.418461 -0.057025 1.000000 
0.135728 -1.061810 -0.705018 -0.186687 -1.783591 -0.024941 0.418005 -0.057114 1.000000 
0.127203 -1.069205 -0.706374 -0.152335 -1.783837 -0.036585 0.417547 -0.057250 1.000000 
0.118622 -1.076185 -0.707455 -0.117905 -1.784176 -0.048178 0.417089 -0.057433 1.000000 
0.109986 -1.082749 -0.708261 -0.083402 -1.784608 -0.059702 0.416628 -0.057662 1.000000 
0.101299 -1.088894 -0.708789 -0.048834 -1.785131 -0.071140 0.416166 -0.057940 1.000000 
0.092564 -1.094618 -0.709042 -0.014208 -1.785746 -0.082474 0.415701 -0.058265 1.000000 
0.083786 -1.099919 -0.709017 0.020468 -1.786451 -0.093689 0.415233 -0.058640 1.000000 
0.074967 -1.104796 -0.708714 0.055188 -1.787244 -0.104768 0.414763 -0.059065 1.000000 
0.066110 -1.109245 -0.708134 0.089943 -1.788126 -0.115695 0.414288 -0.059540 1.000000 
0.057220 -1.113265 -0.707275 0.124726 -1.789095 -0.126453 0.413810 -0.060068 1.000000 
0.048299 -1.116853 -0.706138 0.159529 -1.790149 -0.137026 0.413327 -0.060649 1.000000 
0.039352 -1.120006 -0.704722 0.194344 -1.791287 -0.147399 0.412839 -0.061284 1.000000 
0.030380 -1.122723 -0.703028 0.229163 -1.792507 -0.157556 0.412346 -0.061976 1.000000 
0.021389 -1.125000 -0.701056 0.263976 -1.793807 -0.167482 0.411848 -0.062726 1.000000 
0.012382 -1.126835 -0.698805 0.298775 -1.795186 -0.177162 0.411343 -0.063535 1.000000 
0.003361 -1.128225 -0.696275 0.333551 -1.796641 -0.186582 0.410831 -0.064407 1.000000 
-0.005669 -1.129167 -0.693468 0.368294 -1.798171 -0.195727 0.410312 -0.065342 1.000000 
-0.014704 -1.129658 -0.690383 0.402994 -1.799772 -0.204584 0.409785 -0.066344 1.000000 
-0.023742 -1.129697 -0.687020 0.437642 -1.801443 -0.213139 0.409250 -0.067414 1.000000 
-0.032778 -1.129280 -0.683381 0.472227 -1.803181 -0.221379 0.408706 -0.068556 1.000000 
-0.041809 -1.128403 -0.679465 0.506738 -1.804984 -0.229291 0.408153 -0.069772 1.000000 
-0.050832 -1.127066 -0.675273 0.541164 -1.806849 -0.236863 0.407590 -0.071065 1.000000 
-0.059841 -1.125264 -0.670807 0.575494 -1.808773 -0.244084 0.407016 -0.072439 1.000000 
-0.068835 -1.122996 -0.666066 0.609715 -1.810754 -0.250942 0.406431 -0.073897 1.000000 
-0.077808 -1.120259 -0.661051 0.643815 -1.812787 -0.257426 0.405833 -0.075443 1.000000 
-0.086757 -1.117049 -0.655765 0.677783 -1.814871 -0.263527 0.405223 -0.077081 1.000000 
-0.095679 -1.113366 -0.650207 0.711604 -1.817003 -0.269233 0.404600 -0.078814 1.000000 
-0.104570 -1.109207 -0.644380 0.745266 -1.819178 -0.274538 0.403962 -0.080648 1.000000 
-0.113425 -1.104569 -0.638283 0.778755 -1.821394 -0.279430 0.403309 -0.082586 1.000000 
-0.122242 -1.099450 -0.631920 0.812057 -1.823648 -0.283904 0.402640 -0.084634 1.000000 
-0.131015 -1.093850 -0.625291 0.845157 -1.825936 -0.287951 0.401955 -0.086797 1.000000 
-0.139742 -1.087766 -0.618398 0.878041 -1.828254 -0.291564 0.401251 -0.089079 1.000000 
-0.148418 -1.081197 -0.611243 0.910693 -1.830599 -0.294738 0.400529 -0.091487 1.000000 
-0.157040 -1.074141 -0.603828 0.943098 -1.832968 -0.297467 0.399787 -0.094027 1.000000 
-0.165603 -1.066599 -0.596154 0.975241 -1.835358 -0.299747 0.399024 -0.096703 1.000000 
-0.174104 -1.058568 -0.588225 1.007105 -1.837763 -0.301572 0.398239 -0.099523 1.000000 
-0.182539 -1.050050 -0.580041 1.038674 -1.840182 -0.302940 0.397431 -0.102493 1.000000 
-0.190904 -1.041043 -0.571607 1.069932 -1.842609 -0.303849 0.396599 -0.105619 1.000000 
-0.199194 -1.031548 -0.562923 1.100861 -1.845042 -0.304295 0.395741 -0.108908 1.000000 
-0.207407 -1.021566 -0.553994 1.131444 -1.847477 -0.304279 0.394856 -0.112367 1.000000 
-0.215538 -1.011097 -0.544821 1.161665 -1.849909 -0.303798 0.393943 -0.116002 1.000000 
-0.223584 -1.000143 -0.535408 1.191506 -1.852336 -0.302855 0.393000 -0.119819 1.000000 
-0.231539 -0.988705 -0.525758 1.220949 -1.854754 -0.301449 0.392025 -0.123827 1.000000 
-0.239402 -0.976785 -0.515874 1.249976 -1.857158 -0.299583 0.391018 -0.128030 1.000000 
-0.247167 -0.964386 -0.505760 1.278571 -1.859546 -0.297259 0.389976 -0.132434 1.000000 
-0.254830 -0.951510 -0.495418 1.306714 -1.861913 -0.294480 0.388898 -0.137046 1.000000 
-0.262389 -0.938161 -0.484853 1.334389 -1.864256 -0.291250 0.387783 -0.141869 1.000000 
-0.269840 -0.924342 -0.474069 1.361576 -1.866572 -0.287575 0.386628 -0.146909 1.000000 
-0.277178 -0.910058 -0.463070 1.388259 -1.868856 -0.283459 0.385432 -0.152168 1.000000 
-0.284399 -0.895312 -0.451858 1.414420 -1.871106 -0.278910 0.384193 -0.157647 1.000000 
-0.291501 -0.880111 -0.440440 1.440040 -1.873318 -0.273933 0.382909 -0.163348 1.000000 
-0.298480 -0.864458 -0.428819 1.465103 -1.875488 -0.268538 0.381578 -0.169269 1.000000 
-0.305332 -0.848362 -0.417000 1.489591 -1.877613 -0.262732 0.380200 -0.175407 1.000000 
-0.312053 -0.831826 -0.404987 1.513488 -1.879690 -0.256525 0.378771 -0.181756 1.000000 
-0.318640 -0.814860 -0.392786 1.536775 -1.881716 -0.249927 0.377291 -0.188307 1.000000 
-0.325089 -0.797469 -0.380401 1.559436 -1.883688 -0.242949 0.375758 -0.195050 1.000000 
-0.331398 -0.779662 -0.367837 1.581456 -1.885603 -0.235601 0.374170 -0.201969 1.000000 
-0.337563 -0.761446 -0.355099 1.602818 -1.887457 -0.227896 0.372526 -0.209047 1.000000 
-0.343580 -0.742832 -0.342193 1.623507 -1.889248 -0.219847 0.370825 -0.216261 1.000000 
-0.349447 -0.723827 -0.329125 1.643507 -1.890974 -0.211467 0.369066 -0.223584 1.000000 
-0.355160 -0.704441 -0.315899 1.662805 -1.892631 -0.202770 0.367247 -0.230986 1.000000 
-0.360717 -0.684685 -0.302522 1.681386 -1.894217 -0.193769 0.365370 -0.238431 1.000000 
-0.366114 -0.664568 -0.288999 1.699236 -1.895730 -0.184481 0.363432 -0.245879 1.000000 
-0.371349 -0.644103 -0.275336 1.716342 -1.897168 -0.174920 0.361436 -0.253285 1.000000 
-0.376419 -0.623299 -0.261540 1.732693 -1.898528 -0.165103 0.359380 -0.260599 1.000000 
-0.381321 -0.602169 -0.247615 1.748275 -1.899809 -0.155045 0.357267 -0.267768 1.000000 
-0.386053 -0.580725 -0.233569 1.763079 -1.901008 -0.144764 0.355096 -0.274736 1.000000 
-0.390612 -0.558979 -0.219408 1.777093 -1.902125 -0.134276 0.352871 -0.281442 1.000000 
-0.394996 -0.536943 -0.205138 1.790308 -1.903156 -0.123599 0.350594 -0.287825 1.000000 
-0.399202 -0.514632 -0.190765 1.802714 -1.904102 -0.112751 0.348267 -0.293823 1.000000 
-0.403229 -0.492058 -0.176297 1.814304 -1.904960 -0.101749 0.345894 -0.299374 1.000000 
-0.407075 -0.469234 -0.161739 1.825070 -1.905729 -0.090612 0.343479 -0.304417 1.000000 
-0.410736 -0.446175 -0.147098 1.835005 -1.906409 -0.079357 0.341025 -0.308894 1.000000 
-0.414213 -0.422894 -0.132381 1.844102 -1.906999 -0.068004 0.338538 -0.312754 1.000000 
-0.417502 -0.399407 -0.117594 1.852358 -1.907497 -0.056570 0.336023 -0.315949 1.000000 
-0.420603 -0.375726 -0.102745 1.859766 -1.907904 -0.045075 0.333485 -0.318440 1.000000 
-0.423513 -0.351867 -0.087840 1.866325 -1.908218 -0.033536 0.330930 -0.320196 1.000000 
-0.426232 -0.327845 -0.072886 1.872029 -1.908440 -0.021972 0.328364 -0.321194 1.000000 
-0.428758 -0.303674 -0.057890 1.876879 -1.908570 -0.010401 0.325793 -0.321423 1.000000 
-0.431091 -0.279368 -0.042859 1.880871 -1.908607 0.001158 0.323223 -0.320882 1.000000 
-0.433228 -0.254944 -0.027798 1.884007 -1.908551 0.012688 0.320660 -0.319579 1.000000 
-0.435169 -0.230415 -0.012717 1.886285 -1.908404 0.024170 0.318112 -0.317533 1.000000 
-0.436914 -0.205796 0.002380 1.887706 -1.908165 0.035588 0.315582 -0.314772 1.000000 
-0.438462 -0.181103 0.017484 1.888274 -1.907835 0.046923 0.313077 -0.311334 1.000000 
-0.439812 -0.156349 0.032590 1.887989 -1.907414 0.058159 0.310602 -0.307262 1.000000 
-0.440963 -0.131551 0.047690 1.886855 -1.906905 0.069278 0.308162 -0.302607 1.000000 
-0.441917 -0.106722 0.062777 1.884876 -1.906306 0.080265 0.305762 -0.297425 1.000000 
-0.442671 -0.081877 0.077846 1.882056 -1.905621 0.091102 0.303405 -0.291773 1.000000 
-0.443227 -0.057030 0.092888 1.878400 -1.904849 0.101776 0.301095 -0.285714 1.000000 
-0.443583 -0.032196 0.107898 1.873915 -1.903993 0.112269 0.298834 -0.279307 1.000000 
-0.443742 -0.007389 0.122868 1.868606 -1.903053 0.122566 0.296626 -0.272614 1.000000 
-0.443702 0.017378 0.137793 1.862480 -1.902032 0.132655 0.294473 -0.265695 1.000000 
-0.443464 0.042090 0.152666 1.855546 -1.900931 0.142519 0.292376 -0.258605 1.000000 
-0.443029 0.066734 0.167480 1.847810 -1.899753 0.152145 0.290336 -0.251399 1.000000 
-0.442396 0.091298 0.182229 1.839283 -1.898498 0.161521 0.288354 -0.244126 1.000000 
-0.441568 0.115766 0.196906 1.829972 -1.897169 0.170633 0.286430 -0.236831 1.000000 
-0.440544 0.140128 0.211506 1.819887 -1.895768 0.179468 0.284564 -0.229556 1.000000 
-0.439326 0.164370 0.226023 1.809039 -1.894298 0.188016 0.282757 -0.222337 1.000000 
-0.437915 0.188479 0.240449 1.797438 -1.892761 0.196264 0.281007 -0.215207 1.000000 
-0.436311 0.212445 0.254780 1.785095 -1.891159 0.204201 0.279313 -0.208192 1.000000 
-0.434516 0.236254 0.269009 1.772021 -1.889495 0.211818 0.277675 -0.201317 1.000000 
-0.432531 0.259895 0.283130 1.758228 -1.887771 0.219104 0.276092 -0.194601 1.000000 
-0.430358 0.283358 0.297138 1.743728 -1.885990 0.226051 0.274561 -0.188060 1.000000 
-0.427998 0.306631 0.311028 1.728533 -1.884155 0.232648 0.273082 -0.181707 1.000000 
-0.425453 0.329703 0.324793 1.712657 -1.882268 0.238889 0.271653 -0.175552 1.000000 
-0.422724 0.352565 0.338429 1.696111 -1.880334 0.244765 0.270273 -0.169600 1.000000 
-0.419812 0.375205 0.351929 1.678908 -1.878353 0.250270 0.268939 -0.163857 1.000000 
-0.416721 0.397616 0.365289 1.661064 -1.876330 0.255396 0.267650 -0.158326 1.000000 
-0.413451 0.419786 0.378504 1.642590 -1.874268 0.260138 0.266405 -0.153006 1.000000 
-0.410005 0.441708 0.391569 1.623501 -1.872169 0.264490 0.265202 -0.147898 1.000000 
-0.406384 0.463372 0.404479 1.603810 -1.870037 0.268449 0.264038 -0.142999 1.000000 
-0.402592 0.484770 0.417229 1.583532 -1.867875 0.272008 0.262913 -0.138306 1.000000 
-0.398629 0.505894 0.429814 1.562681 -1.865686 0.275165 0.261825 -0.133814 1.000000 
-0.394498 0.526737 0.442230 1.541271 -1.863473 0.277917 0.260772 -0.129520 1.000000 
-0.390202 0.547290 0.454473 1.519316 -1.861240 0.280261 0.259752 -0.125418 1.000000 
-0.385742 0.567548 0.466538 1.496831 -1.858990 0.282196 0.258765 -0.121502 1.000000 
-0.381122 0.587503 0.478421 1.473830 -1.856726 0.283719 0.257808 -0.117766 1.000000 
-0.376343 0.607149 0.490118 1.450326 -1.854452 0.284830 0.256880 -0.114205 1.000000 
-0.371408 0.626480 0.501625 1.426336 -1.852170 0.285530 0.255980 -0.110811 1.000000 
-0.366320 0.645489 0.512938 1.401872 -1.849885 0.285818 0.255106 -0.107579 1.000000 
-0.361081 0.664173 0.524053 1.376949 -1.847598 0.285696 0.254258 -0.104502 1.000000 
-0.355694 0.682525 0.534968 1.351580 -1.845314 0.285164 0.253434 -0.101574 1.000000 
-0.350162 0.700541 0.545677 1.325781 -1.843037 0.284226 0.252633 -0.098789 1.000000 
-0.344487 0.718216 0.556179 1.299565 -1.840768 0.282883 0.251853 -0.096141 1.000000 
-0.338671 0.735547 0.566469 1.272945 -1.838512 0.281139 0.251094 -0.093625 1.000000 
-0.332719 0.752528 0.576545 1.245935 -1.836271 0.278997 0.250355 -0.091234 1.000000 
-0.326632 0.769157 0.586403 1.218548 -1.834049 0.276462 0.249634 -0.088963 1.000000 
-0.320413 0.785430 0.596041 1.190798 -1.831848 0.273539 0.248931 -0.086807 1.000000 
-0.314066 0.801344 0.605455 1.162698 -1.829673 0.270232 0.248245 -0.084761 1.000000 
-0.307593 0.816895 0.614643 1.134261 -1.827526 0.266547 0.247574 -0.082820 1.000000 
-0.300997 0.832082 0.623602 1.105498 -1.825409 0.262491 0.246919 -0.080979 1.000000 
-0.294280 0.846902 0.632330 1.076424 -1.823327 0.258070 0.246279 -0.079235 1.000000 
-0.287447 0.861352 0.640824 1.047049 -1.821281 0.253291 0.245651 -0.077582 1.000000 
-0.280500 0.875431 0.649082 1.017385 -1.819275 0.248161 0.245037 -0.076018 1.000000 
-0.273441 0.889136 0.657102 0.987445 -1.817311 0.242689 0.244435 -0.074538 1.000000 
-0.266275 0.902467 0.664881 0.957240 -1.815393 0.236883 0.243844 -0.073139 1.000000 
-0.259003 0.915420 0.672417 0.926781 -1.813522 0.230752 0.243264 -0.071817 1.000000 
-0.251629 0.927996 0.679709 0.896079 -1.811702 0.224304 0.242695 -0.070569 1.000000 
-0.244156 0.940193 0.686754 0.865145 -1.809934 0.217550 0.242135 -0.069393 1.000000 
-0.236587 0.952010 0.693550 0.833989 -1.808222 0.210498 0.241584 -0.068285 1.000000 
-0.228925 0.963445 0.700097 0.802622 -1.806567 0.203160 0.241042 -0.067244 1.000000 
-0.221173 0.974499 0.706392 0.771052 -1.804972 0.195546 0.240508 -0.066265 1.000000 
-0.213334 0.985170 0.712433 0.739291 -1.803439 0.187667 0.239982 -0.065348 1.000000 
-0.205411 0.995458 0.718220 0.707348 -1.801970 0.179533 0.239463 -0.064489 1.000000 
-0.197407 1.005361 0.723750 0.675232 -1.800567 0.171157 0.238950 -0.063688 1.000000 
-0.189326 1.014881 0.729023 0.642951 -1.799232 0.162549 0.238444 -0.062942 1.000000 
-0.181170 1.024016 0.734037 0.610515 -1.797967 0.153722 0.237943 -0.062249 1.000000 
-0.172943 1.032766 0.738791 0.577933 -1.796773 0.144688 0.237447 -0.061607 1.000000 
-0.164647 1.041130 0.743284 0.545212 -1.795652 0.135460 0.236957 -0.061016 1.000000 
-0.156286 1.049109 0.747514 0.512361 -1.794606 0.126049 0.236471 -0.060474 1.000000 
-0.147862 1.056702 0.751481 0.479389 -1.793636 0.116469 0.235989 -0.059980 1.000000 
-0.139380 1.063909 0.755184 0.446301 -1.792743 0.106733 0.235511 -0.059532 1.000000 
-0.130841 1.070729 0.758622 0.413108 -1.791929 0.096853 0.235037 -0.059129 1.000000 
-0.122249 1.077163 0.761793 0.379815 -1.791194 0.086844 0.234565 -0.058771 1.000000 
-0.113607 1.083210 0.764698 0.346431 -1.790539 0.076718 0.234096 -0.058457 1.000000 
-0.104919 1.088870 0.767336 0.312962 -1.789967 0.066489 0.233630 -0.058185 1.000000 
-0.096186 1.094142 0.769706 0.279416 -1.789476 0.056171 0.233165 -0.057956 1.000000 
-0.087413 1.099027 0.771807 0.245800 -1.789068 0.045777 0.232702 -0.057769 1.000000 
-0.078603 1.103524 0.773638 0.212120 -1.788744 0.035321 0.232241 -0.057623 1.000000 
-0.069758 1.107633 0.775200 0.178384 -1.788503 0.024817 0.231780 -0.057518 1.000000 
-0.060882 1.111354 0.776492 0.144598 -1.788347 0.014279 0.231320 -0.057454 1.000000 
-0.051978 1.114685 0.777514 0.110769 -1.788275 0.003720 0.230861 -0.057430 1.000000 
-0.043048 1.117627 0.778265 0.076905 -1.788287 -0.006844 0.230401 -0.057447 1.000000 
-0.034097 1.120180 0.778744 0.043011 -1.788384 -0.017402 0.229941 -0.057504 1.000000 
-0.025126 1.122342 0.778953 0.009094 -1.788565 -0.027938 0.229481 -0.057602 1.000000 
-0.016140 1.124113 0.778890 -0.024839 -1.788831 -0.038439 0.229020 -0.057741 1.000000 
-0.007141 1.125492 0.778555 -0.058781 -1.789180 -0.048891 0.228557 -0.057920 1.000000 
0.001867 1.126480 0.777949 -0.092725 -1.789613 -0.059280 0.228093 -0.058141 1.000000 
0.010881 1.127074 0.777072 -0.126664 -1.790129 -0.069592 0.227627 -0.058403 1.000000 
0.019899 1.127275 0.775923 -0.160592 -1.790726 -0.079815 0.227158 -0.058708 1.000000 
0.028917 1.127082 0.774502 -0.194501 -1.791405 -0.089934 0.226687 -0.059055 1.000000 
0.037931 1.126494 0.772811 -0.228385 -1.792165 -0.099936 0.226213 -0.059446 1.000000 
0.046939 1.125510 0.770848 -0.262235 -1.793004 -0.109809 0.225736 -0.059881 1.000000 
0.055938 1.124130 0.768615 -0.296045 -1.793922 -0.119538 0.225255 -0.060362 1.000000 
0.064924 1.122352 0.766112 -0.329807 -1.794916 -0.129112 0.224770 -0.060889 1.000000 
0.073895 1.120175 0.763338 -0.363513 -1.795987 -0.138517 0.224281 -0.061463 1.000000 
0.082846 1.117600 0.760295 -0.397156 -1.797132 -0.147741 0.223787 -0.062085 1.000000 
0.091775 1.114624 0.756984 -0.430727 -1.798350 -0.156772 0.223287 -0.062757 1.000000 
0.100679 1.111248 0.753404 -0.464218 -1.799640 -0.165597 0.222782 -0.063480 1.000000 
0.109554 1.107470 0.749557 -0.497621 -1.800999 -0.174205 0.222271 -0.064256 1.000000 
0.118398 1.103289 0.745442 -0.530926 -1.802427 -0.182585 0.221754 -0.065086 1.000000 
0.127206 1.098705 0.741062 -0.564126 -1.803920 -0.190724 0.221230 -0.065973 1.000000 
0.135976 1.093717 0.736417 -0.597212 -1.805477 -0.198613 0.220698 -0.066917 1.000000 
0.144704 1.088325 0.731507 -0.630172 -1.807097 -0.206239 0.220159 -0.067921 1.000000 
0.153388 1.082526 0.726334 -0.663000 -1.808777 -0.213594 0.219612 -0.068987 1.000000 
0.162024 1.076322 0.720899 -0.695683 -1.810514 -0.220667 0.219055 -0.070117 1.000000 
0.170608 1.069712 0.715204 -0.728214 -1.812306 -0.227447 0.218489 -0.071314 1.000000 
0.179138 1.062694 0.709248 -0.760580 -1.814152 -0.233927 0.217914 -0.072580 1.000000 
0.187610 1.055270 0.703035 -0.792772 -1.816048 -0.240097 0.217328 -0.073918 1.000000 
0.196021 1.047438 0.696565 -0.824780 -1.817993 -0.245948 0.216731 -0.075331 1.000000 
0.204368 1.039198 0.689839 -0.856591 -1.819983 -0.251472 0.216122 -0.076822 1.000000 
0.212647 1.030552 0.682860 -0.888195 -1.822015 -0.256661 0.215502 -0.078393 1.000000 
0.220856 1.021498 0.675628 -0.919581 -1.824088 -0.261508 0.214868 -0.080049 1.000000 
0.228990 1.012037 0.668147 -0.950736 -1.826199 -0.266007 0.214221 -0.081792 1.000000 
0.237047 1.002170 0.660417 -0.981649 -1.828344 -0.270150 0.213559 -0.083627 1.000000 
0.245024 0.991897 0.652441 -1.012307 -1.830520 -0.273932 0.212882 -0.085557 1.000000 
0.252916 0.981219 0.644221 -1.042699 -1.832725 -0.277347 0.212190 -0.087585 1.000000 
0.260722 0.970137 0.635759 -1.072811 -1.834957 -0.280390 0.211481 -0.089717 1.000000 
0.268438 0.958653 0.627057 -1.102631 -1.837211 -0.283056 0.210754 -0.091956 1.000000 
0.276059 0.946768 0.618118 -1.132146 -1.839485 -0.285342 0.210009 -0.094306 1.000000 
0.283585 0.934484 0.608943 -1.161343 -1.841775 -0.287244 0.209245 -0.096773 1.000000 
0.291010 0.921803 0.599537 -1.190208 -1.844079 -0.288759 0.208460 -0.099360 1.000000 
0.298333 0.908726 0.589901 -1.218728 -1.846394 -0.289884 0.207655 -0.102073 1.000000 
0.305549 0.895257 0.580038 -1.246890 -1.848717 -0.290618 0.206827 -0.104916 1.000000 
0.312656 0.881398 0.569952 -1.274679 -1.851043 -0.290959 0.205976 -0.107893 1.000000 
0.319650 0.867151 0.559644 -1.302082 -1.853371 -0.290907 0.205100 -0.111010 1.000000 
0.326529 0.852522 0.549120 -1.329084 -1.855697 -0.290460 0.204199 -0.114271 1.000000 
0.333289 0.837512 0.538380 -1.355673 -1.858017 -0.289620 0.203272 -0.117682 1.000000 
0.339928 0.822126 0.527430 -1.381834 -1.860329 -0.288387 0.202316 -0.121245 1.000000 
0.346442 0.806367 0.516272 -1.407553 -1.862630 -0.286762 0.201331 -0.124967 1.000000 
0.352829 0.790242 0.504910 -1.432815 -1.864917 -0.284748 0.200316 -0.128850 1.000000 
0.359085 0.773753 0.493348 -1.457607 -1.867185 -0.282347 0.199269 -0.132898 1.000000 
0.365208 0.756907 0.481590 -1.481915 -1.869433 -0.279563 0.198189 -0.137114 1.000000 
0.371195 0.739708 0.469639 -1.505726 -1.871657 -0.276398 0.197075 -0.141501 1.000000 
0.377043 0.722163 0.457500 -1.529024 -1.873855 -0.272858 0.195925 -0.146061 1.000000 
0.382749 0.704278 0.445176 -1.551796 -1.876022 -0.268946 0.194737 -0.150794 1.000000 
0.388310 0.686058 0.432672 -1.574029 -1.878157 -0.264669 0.193512 -0.155701 1.000000 
0.393725 0.667512 0.419993 -1.595709 -1.880256 -0.260032 0.192246 -0.160780 1.000000 
0.398989 0.648644 0.407142 -1.616823 -1.882316 -0.255043 0.190939 -0.166029 1.000000 
0.404102 0.629464 0.394125 -1.637358 -1.884335 -0.249707 0.189589 -0.171443 1.000000 
0.409060 0.609979 0.380946 -1.657301 -1.886311 -0.244033 0.188195 -0.177016 1.000000 
0.413861 0.590196 0.367610 -1.676640 -1.888239 -0.238028 0.186756 -0.182741 1.000000 
0.418502 0.570125 0.354122 -1.695362 -1.890118 -0.231701 0.185271 -0.188608 1.000000 
0.422982 0.549773 0.340486 -1.713454 -1.891946 -0.225062 0.183738 -0.194604 1.000000 
0.427298 0.529150 0.326708 -1.730907 -1.893718 -0.218120 0.182157 -0.200715 1.000000 
0.431448 0.508265 0.312793 -1.747707 -1.895435 -0.210884 0.180526 -0.206922 1.000000 
0.435430 0.487127 0.298747 -1.763845 -1.897092 -0.203366 0.178846 -0.213206 1.000000 
0.439241 0.465747 0.284574 -1.779310 -1.898688 -0.195577 0.177115 -0.219542 1.000000 
0.442881 0.444133 0.270279 -1.794091 -1.900220 -0.187527 0.175333 -0.225905 1.000000 
0.446347 0.422297 0.255870 -1.808179 -1.901688 -0.179229 0.173501 -0.232265 1.000000 
0.449637 0.400250 0.241350 -1.821564 -1.903087 -0.170695 0.171617 -0.238589 1.000000 
0.452750 0.378001 0.226727 -1.834239 -1.904418 -0.161937 0.169683 -0.244842 1.000000 
0.455685 0.355562 0.212005 -1.846194 -1.905678 -0.152968 0.167700 -0.250985 1.000000 
0.458439 0.332945 0.197190 -1.857423 -1.906865 -0.143801 0.165668 -0.256979 1.000000 
0.461011 0.310160 0.182288 -1.867917 -1.907978 -0.134450 0.163589 -0.262780 1.000000 
0.463401 0.287219 0.167305 -1.877670 -1.909016 -0.124928 0.161464 -0.268345 1.000000 
0.465606 0.264135 0.152247 -1.886677 -1.909977 -0.115249 0.159296 -0.273629 1.000000 
0.467627 0.240918 0.137120 -1.894931 -1.910859 -0.105428 0.157087 -0.278587 1.000000 
0.469461 0.217581 0.121930 -1.902428 -1.911663 -0.095478 0.154840 -0.283175 1.000000 
0.471108 0.194136 0.106683 -1.909163 -1.912387 -0.085414 0.152557 -0.287351 1.000000 
0.472567 0.170595 0.091386 -1.915132 -1.913029 -0.075251 0.150243 -0.291073 1.000000 
0.473837 0.146971 0.076043 -1.920333 -1.913591 -0.065003 0.147901 -0.294306 1.000000 
0.474918 0.123276 0.060662 -1.924763 -1.914069 -0.054685 0.145536 -0.297015 1.000000 
0.475809 0.099522 0.045249 -1.928419 -1.914465 -0.044311 0.143151 -0.299173 1.000000 
0.476510 0.075722 0.029810 -1.931301 -1.914778 -0.033897 0.140750 -0.300757 1.000000 
0.477021 0.051889 0.014350 -1.933408 -1.915008 -0.023457 0.138340 -0.301749 1.000000 
0.477341 0.028034 -0.001123 -1.934739 -1.915153 -0.013005 0.135924 -0.302141 1.000000 
0.477469 0.004170 -0.016603 -1.935295 -1.915216 -0.002557 0.133507 -0.301928 1.000000 
0.477407 -0.019691 -0.032085 -1.935077 -1.915194 0.007873 0.131095 -0.301114 1.000000 
0.477154 -0.043535 -0.047563 -1.934087 -1.915090 0.018271 0.128691 -0.299709 1.000000 
0.476711 -0.067352 -0.063029 -1.932326 -1.914902 0.028623 0.126301 -0.297729 1.000000 
0.476077 -0.091129 -0.078478 -1.929798 -1.914632 0.038914 0.123929 -0.295198 1.000000 
0.475253 -0.114854 -0.093904 -1.926505 -1.914280 0.049131 0.121579 -0.292143 1.000000 
0.474239 -0.138514 -0.109300 -1.922452 -1.913846 0.059259 0.119256 -0.288598 1.000000 
0.473037 -0.162099 -0.124661 -1.917643 -1.913332 0.069286 0.116963 -0.284598 1.000000 
0.471646 -0.185596 -0.139980 -1.912082 -1.912738 0.079198 0.114703 -0.280183 1.000000 
0.470068 -0.208994 -0.155252 -1.905775 -1.912065 0.088982 0.112481 -0.275397 1.000000 
0.468302 -0.232282 -0.170471 -1.898728 -1.911315 0.098625 0.110298 -0.270282 1.000000 
0.466351 -0.255448 -0.185630 -1.890947 -1.910487 0.108116 0.108157 -0.264882 1.000000 
0.464216 -0.278482 -0.200724 -1.882439 -1.909585 0.117441 0.106061 -0.259242 1.000000 
0.461896 -0.301373 -0.215747 -1.873210 -1.908609 0.126588 0.104010 -0.253404 1.000000 
0.459394 -0.324110 -0.230693 -1.863269 -1.907560 0.135547 0.102006 -0.247411 1.000000 
0.456711 -0.346683 -0.245557 -1.852623 -1.906441 0.144306 0.100052 -0.241301 1.000000 
0.453848 -0.369082 -0.260333 -1.841281 -1.905252 0.152854 0.098146 -0.235113 1.000000 
0.450806 -0.391296 -0.275016 -1.829252 -1.903996 0.161181 0.096290 -0.228882 1.000000 
0.447587 -0.413316 -0.289600 -1.816544 -1.902674 0.169275 0.094484 -0.222639 1.000000 
0.444193 -0.435133 -0.304079 -1.803167 -1.901288 0.177128 0.092728 -0.216414 1.000000 
0.440626 -0.456737 -0.318448 -1.789131 -1.899840 0.184730 0.091021 -0.210234 1.000000 
0.436886 -0.478120 -0.332703 -1.774446 -1.898333 0.192072 0.089364 -0.204120 1.000000 
0.432976 -0.499272 -0.346838 -1.759123 -1.896768 0.199145 0.087755 -0.198095 1.000000 
0.428898 -0.520185 -0.360847 -1.743171 -1.895147 0.205941 0.086194 -0.192174 1.000000 
0.424654 -0.540851 -0.374727 -1.726602 -1.893474 0.212451 0.084680 -0.186374 1.000000 
0.420246 -0.561262 -0.388472 -1.709427 -1.891749 0.218669 0.083212 -0.180707 1.000000 
0.415675 -0.581411 -0.402076 -1.691657 -1.889976 0.224587 0.081788 -0.175183 1.000000 
0.410944 -0.601289 -0.415536 -1.673304 -1.888156 0.230198 0.080408 -0.169810 1.000000 
0.406055 -0.620890 -0.428848 -1.654379 -1.886293 0.235497 0.079071 -0.164594 1.000000 
0.401010 -0.640207 -0.442005 -1.634895 -1.884389 0.240477 0.077774 -0.159540 1.000000 
0.395812 -0.659233 -0.455004 -1.614863 -1.882447 0.245133 0.076518 -0.154650 1.000000 
0.390463 -0.677962 -0.467841 -1.594295 -1.880468 0.249460 0.075299 -0.149927 1.000000 
0.384966 -0.696388 -0.480512 -1.573204 -1.878456 0.253453 0.074118 -0.145371 1.000000 
0.379322 -0.714505 -0.493011 -1.551603 -1.876414 0.257109 0.072973 -0.140982 1.000000 
0.373534 -0.732308 -0.505336 -1.529502 -1.874343 0.260424 0.071862 -0.136757 1.000000 
0.367606 -0.749790 -0.517482 -1.506916 -1.872248 0.263395 0.070785 -0.132695 1.000000 
0.361539 -0.766948 -0.529445 -1.483857 -1.870130 0.266018 0.069739 -0.128793 1.000000 
0.355335 -0.783777 -0.541223 -1.460336 -1.867992 0.268292 0.068723 -0.125048 1.000000 
0.348999 -0.800271 -0.552810 -1.436368 -1.865838 0.270215 0.067737 -0.121457 1.000000 
0.342532 -0.816427 -0.564203 -1.411963 -1.863670 0.271786 0.066780 -0.118015 1.000000 
0.335937 -0.832241 -0.575400 -1.387136 -1.861490 0.273003 0.065849 -0.114718 1.000000 
0.329217 -0.847710 -0.586396 -1.361897 -1.859303 0.273866 0.064944 -0.111563 1.000000 
0.322375 -0.862829 -0.597189 -1.336261 -1.857110 0.274374 0.064063 -0.108544 1.000000 
0.315413 -0.877595 -0.607775 -1.310239 -1.854914 0.274530 0.063207 -0.105657 1.000000 
0.308334 -0.892006 -0.618152 -1.283843 -1.852718 0.274332 0.062373 -0.102897 1.000000 
0.301142 -0.906059 -0.628316 -1.257086 -1.850525 0.273783 0.061560 -0.100261 1.000000 
0.293838 -0.919751 -0.638264 -1.229980 -1.848338 0.272883 0.060768 -0.097743 1.000000 
0.286427 -0.933080 -0.647995 -1.202538 -1.846160 0.271636 0.059996 -0.095340 1.000000 
0.278910 -0.946043 -0.657504 -1.174770 -1.843993 0.270044 0.059242 -0.093046 1.000000 
0.271291 -0.958639 -0.666790 -1.146688 -1.841840 0.268109 0.058507 -0.090859 1.000000 
0.263573 -0.970867 -0.675850 -1.118306 -1.839704 0.265836 0.057788 -0.088772 1.000000 
0.255758 -0.982723 -0.684682 -1.089633 -1.837588 0.263227 0.057086 -0.086784 1.000000 
0.247850 -0.994208 -0.693284 -1.060681 -1.835494 0.260286 0.056400 -0.084889 1.000000 
0.239852 -1.005320 -0.701653 -1.031462 -1.833424 0.257019 0.055728 -0.083085 1.000000 
0.231766 -1.016058 -0.709787 -1.001986 -1.831382 0.253430 0.055070 -0.081367 1.000000 
0.223596 -1.026421 -0.717684 -0.972264 -1.829370 0.249524 0.054426 -0.079732 1.000000 
0.215344 -1.036408 -0.725342 -0.942308 -1.827391 0.245307 0.053794 -0.078178 1.000000 
0.207014 -1.046019 -0.732760 -0.912127 -1.825446 0.240785 0.053175 -0.076700 1.000000 
0.198609 -1.055254 -0.739936 -0.881732 -1.823539 0.235965 0.052567 -0.075296 1.000000 
0.190131 -1.064111 -0.746867 -0.851132 -1.821671 0.230851 0.051970 -0.073963 1.000000 
0.181584 -1.072591 -0.753553 -0.820339 -1.819846 0.225453 0.051383 -0.072698 1.000000 
0.172971 -1.080694 -0.759992 -0.789361 -1.818065 0.219776 0.050806 -0.071500 1.000000 
0.164294 -1.088420 -0.766182 -0.758208 -1.816330 0.213828 0.050239 -0.070364 1.000000 
0.155557 -1.095768 -0.772123 -0.726889 -1.814644 0.207618 0.049680 -0.069290 1.000000 
0.146763 -1.102739 -0.777812 -0.695414 -1.813009 0.201153 0.049130 -0.068274 1.000000 
0.137914 -1.109333 -0.783249 -0.663792 -1.811427 0.194442 0.048588 -0.067316 1.000000 
0.129014 -1.115551 -0.788433 -0.632031 -1.809899 0.187492 0.048053 -0.066412 1.000000 
0.120066 -1.121392 -0.793361 -0.600140 -1.808427 0.180314 0.047525 -0.065562 1.000000 
0.111073 -1.126858 -0.798035 -0.568127 -1.807014 0.172916 0.047004 -0.064763 1.000000 
0.102038 -1.131948 -0.802451 -0.536001 -1.805661 0.165307 0.046489 -0.064013 1.000000 
0.092963 -1.136664 -0.806610 -0.503770 -1.804370 0.157497 0.045979 -0.063312 1.000000 
0.083852 -1.141006 -0.810511 -0.471441 -1.803142 0.149496 0.045476 -0.062658 1.000000 
0.074708 -1.144973 -0.814153 -0.439023 -1.801978 0.141313 0.044977 -0.062050 1.000000 
0.065533 -1.148568 -0.817535 -0.406522 -1.800881 0.132959 0.044483 -0.061486 1.000000 
0.056332 -1.151790 -0.820657 -0.373947 -1.799851 0.124444 0.043993 -0.060965 1.000000 
0.047106 -1.154641 -0.823518 -0.341305 -1.798890 0.115779 0.043507 -0.060486 1.000000 
0.037858 -1.157120 -0.826118 -0.308603 -1.797999 0.106973 0.043025 -0.060049 1.000000 
0.028593 -1.159229 -0.828456 -0.275847 -1.797179 0.098038 0.042546 -0.059652 1.000000 
0.019312 -1.160968 -0.830531 -0.243045 -1.796431 0.088984 0.042071 -0.059294 1.000000 
0.010018 -1.162338 -0.832344 -0.210205 -1.795756 0.079823 0.041597 -0.058976 1.000000 
0.000715 -1.163339 -0.833895 -0.177331 -1.795154 0.070565 0.041127 -0.058696 1.000000 
-0.008594 -1.163972 -0.835182 -0.144432 -1.794627 0.061222 0.040658 -0.058453 1.000000 
-0.017907 -1.164238 -0.836205 -0.111513 -1.794175 0.051805 0.040191 -0.058248 1.000000 
-0.027221 -1.164137 -0.836966 -0.078581 -1.793798 0.042324 0.039726 -0.058079 1.000000 
-0.036532 -1.163669 -0.837463 -0.045643 -1.793498 0.032792 0.039262 -0.057947 1.000000 
-0.045839 -1.162836 -0.837696 -0.012705 -1.793274 0.023219 0.038799 -0.057852 1.000000 
-0.055137 -1.161638 -0.837666 0.020226 -1.793126 0.013618 0.038336 -0.057792 1.000000 
-0.064424 -1.160075 -0.837373 0.053145 -1.793056 0.003999 0.037874 -0.057768 1.000000 
-0.073697 -1.158148 -0.836816 0.086045 -1.793062 -0.005626 0.037412 -0.057779 1.000000 
-0.082953 -1.155857 -0.835996 0.118920 -1.793146 -0.015245 0.036950 -0.057827 1.000000 
-0.092190 -1.153203 -0.834913 0.151763 -1.793306 -0.024848 0.036487 -0.057910 1.000000 
-0.101404 -1.150186 -0.833568 0.184568 -1.793543 -0.034422 0.036023 -0.058029 1.000000 
-0.110592 -1.146807 -0.831960 0.217329 -1.793857 -0.043958 0.035558 -0.058184 1.000000 
-0.119752 -1.143066 -0.830091 0.250039 -1.794247 -0.053442 0.035092 -0.058375 1.000000 
-0.128880 -1.138963 -0.827960 0.282692 -1.794712 -0.062864 0.034624 -0.058603 1.000000 
-0.137974 -1.134499 -0.825568 0.315282 -1.795252 -0.072213 0.034154 -0.058868 1.000000 
-0.147031 -1.129674 -0.822915 0.347802 -1.795867 -0.081478 0.033682 -0.059171 1.000000 
-0.156048 -1.124489 -0.820003 0.380244 -1.796556 -0.090647 0.033207 -0.059512 1.000000 
-0.165022 -1.118944 -0.816832 0.412604 -1.797317 -0.099710 0.032730 -0.059891 1.000000 
-0.173950 -1.113039 -0.813402 0.444873 -1.798151 -0.108656 0.032249 -0.060309 1.000000 
-0.182829 -1.106775 -0.809714 0.477045 -1.799055 -0.117475 0.031765 -0.060768 1.000000 
-0.191657 -1.100151 -0.805769 0.509113 -1.800030 -0.126155 0.031277 -0.061267 1.000000 
-0.200431 -1.093170 -0.801568 0.541070 -1.801073 -0.134687 0.030784 -0.061808 1.000000 
-0.209147 -1.085830 -0.797112 0.572908 -1.802184 -0.143060 0.030287 -0.062392 1.000000 
-0.217803 -1.078133 -0.792402 0.604621 -1.803362 -0.151264 0.029786 -0.063019 1.000000 
-0.226396 -1.070078 -0.787439 0.636201 -1.804604 -0.159290 0.029279 -0.063692 1.000000 
-0.234924 -1.061668 -0.782223 0.667639 -1.805910 -0.167127 0.028767 -0.064410 1.000000 
-0.243382 -1.052901 -0.776757 0.698930 -1.807278 -0.174767 0.028248 -0.065176 1.000000 
-0.251769 -1.043779 -0.771041 0.730063 -1.808706 -0.182199 0.027724 -0.065990 1.000000 
-0.260082 -1.034303 -0.765076 0.761032 -1.810192 -0.189416 0.027192 -0.066855 1.000000 
-0.268317 -1.024473 -0.758865 0.791829 -1.811736 -0.196408 0.026654 -0.067771 1.000000 
-0.276472 -1.014290 -0.752408 0.822444 -1.813334 -0.203166 0.026108 -0.068741 1.000000 
-0.284545 -1.003756 -0.745706 0.852869 -1.814986 -0.209683 0.025554 -0.069766 1.000000 
-0.292531 -0.992871 -0.738762 0.883096 -1.816688 -0.215950 0.024991 -0.070849 1.000000 
-0.300430 -0.981636 -0.731577 0.913116 -1.818440 -0.221960 0.024420 -0.071990 1.000000 
-0.308237 -0.970053 -0.724153 0.942920 -1.820239 -0.227705 0.023839 -0.073192 1.000000 
-0.315950 -0.958123 -0.716491 0.972498 -1.822083 -0.233178 0.023249 -0.074458 1.000000 
-0.323566 -0.945847 -0.708594 1.001842 -1.823969 -0.238373 0.022648 -0.075789 1.000000 
-0.331082 -0.933227 -0.700462 1.030941 -1.825896 -0.243282 0.022036 -0.077188 1.000000 
-0.338496 -0.920266 -0.692099 1.059787 -1.827861 -0.247899 0.021413 -0.078658 1.000000 
-0.345806 -0.906964 -0.683506 1.088368 -1.829862 -0.252219 0.020777 -0.080200 1.000000 
-0.353007 -0.893324 -0.674686 1.116677 -1.831896 -0.256237 0.020129 -0.081819 1.000000 
-0.360098 -0.879348 -0.665640 1.144701 -1.833961 -0.259946 0.019468 -0.083516 1.000000 
-0.367076 -0.865038 -0.656372 1.172432 -1.836054 -0.263343 0.018793 -0.085294 1.000000 
-0.373938 -0.850397 -0.646882 1.199859 -1.838173 -0.266422 0.018103 -0.087157 1.000000 
-0.380681 -0.835428 -0.637175 1.226971 -1.840316 -0.269180 0.017398 -0.089108 1.000000 
-0.387304 -0.820134 -0.627252 1.253758 -1.842479 -0.271613 0.016677 -0.091149 1.000000 
-0.393802 -0.804517 -0.617116 1.280208 -1.844661 -0.273718 0.015940 -0.093285 1.000000 
-0.400175 -0.788582 -0.606769 1.306313 -1.846858 -0.275491 0.015184 -0.095518 1.000000 
-0.406419 -0.772330 -0.596215 1.332060 -1.849068 -0.276931 0.014411 -0.097852 1.000000 
-0.412531 -0.755767 -0.585457 1.357438 -1.851288 -0.278036 0.013618 -0.100290 1.000000 
-0.418510 -0.738896 -0.574497 1.382437 -1.853515 -0.278803 0.012806 -0.102837 1.000000 
-0.424353 -0.721722 -0.563339 1.407046 -1.855748 -0.279232 0.011973 -0.105495 1.000000 
-0.430057 -0.704248 -0.551986 1.431253 -1.857982 -0.279321 0.011118 -0.108267 1.000000 
-0.435620 -0.686479 -0.540440 1.455048 -1.860216 -0.279071 0.010240 -0.111158 1.000000 
-0.441040 -0.668420 -0.528706 1.478419 -1.862446 -0.278481 0.009339 -0.114171 1.000000 
-0.446314 -0.650076 -0.516787 1.501355 -1.864671 -0.277552 0.008413 -0.117308 1.000000 
-0.451440 -0.631452 -0.504686 1.523845 -1.866886 -0.276285 0.007462 -0.120574 1.000000 
-0.456417 -0.612554 -0.492407 1.545879 -1.869090 -0.274681 0.006484 -0.123970 1.000000 
-0.461241 -0.593388 -0.479953 1.567444 -1.871280 -0.272743 0.005478 -0.127499 1.000000 
-0.465910 -0.573959 -0.467329 1.588531 -1.873453 -0.270471 0.004443 -0.131164 1.000000 
-0.470423 -0.554274 -0.454538 1.609129 -1.875607 -0.267870 0.003379 -0.134966 1.000000 
-0.474778 -0.534339 -0.441584 1.629225 -1.877739 -0.264941 0.002283 -0.138906 1.000000 
-0.478972 -0.514162 -0.428471 1.648811 -1.879845 -0.261689 0.001156 -0.142986 1.000000 
-0.482955 -0.485211 -0.415167 1.673688 -1.881744 -0.228092 0.001742 0.146976 -1.000000 
-0.486750 -0.463415 -0.401708 1.690903 -1.883554 -0.224235 0.002934 0.151009 -1.000000 
-0.490369 -0.441400 -0.388114 1.707568 -1.885331 -0.220088 0.004158 0.155159 -1.000000 
-0.493812 -0.419174 -0.374388 1.723673 -1.887075 -0.215658 0.005417 0.159423 -1.000000 
-0.497075 -0.396745 -0.360536 1.739207 -1.888781 -0.210948 0.006709 0.163796 -1.000000 
-0.500159 -0.374121 -0.346562 1.754161 -1.890449 -0.205963 0.008038 0.168272 -1.000000 
-0.503061 -0.351311 -0.332471 1.768526 -1.892076 -0.200710 0.009402 0.172846 -1.000000 
-0.505780 -0.328323 -0.318268 1.782293 -1.893660 -0.195193 0.010803 0.177510 -1.000000 
-0.508314 -0.305165 -0.303956 1.795451 -1.895198 -0.189419 0.012242 0.182253 -1.000000 
-0.510662 -0.281848 -0.289542 1.807994 -1.896690 -0.183394 0.013720 0.187066 -1.000000 
-0.512823 -0.258379 -0.275030 1.819911 -1.898132 -0.177125 0.015236 0.191936 -1.000000 
-0.514795 -0.234770 -0.260425 1.831195 -1.899523 -0.170620 0.016791 0.196850 -1.000000 
-0.516579 -0.211028 -0.245733 1.841838 -1.900861 -0.163885 0.018385 0.201790 -1.000000 
-0.518172 -0.187164 -0.230957 1.851832 -1.902145 -0.156928 0.020019 0.206740 -1.000000 
-0.519573 -0.163188 -0.216105 1.861169 -1.903372 -0.149759 0.021693 0.211680 -1.000000 
-0.520782 -0.139110 -0.201181 1.869844 -1.904540 -0.142384 0.023406 0.216589 -1.000000 
-0.521799 -0.114941 -0.186189 1.877847 -1.905649 -0.134813 0.025158 0.221446 -1.000000 
-0.522621 -0.090690 -0.171137 1.885174 -1.906697 -0.127054 0.026949 0.226224 -1.000000 
-0.523249 -0.066369 -0.156028 1.891819 -1.907682 -0.119118 0.028778 0.230900 -1.000000 
-0.523683 -0.041989 -0.140870 1.897774 -1.908602 -0.111014 0.030643 0.235445 -1.000000 
-0.523921 -0.017559 -0.125666 1.903036 -1.909457 -0.102751 0.032544 0.239833 -1.000000 
-0.523964 0.006908 -0.110423 1.907599 -1.910246 -0.094339 0.034480 0.244036 -1.000000 
-0.523810 0.031403 -0.095146 1.911459 -1.910966 -0.085790 0.036448 0.248023 -1.000000 
-0.523461 0.055912 -0.079841 1.914611 -1.911618 -0.077114 0.038448 0.251767 -1.000000 
-0.522916 0.080425 -0.064514 1.917052 -1.912200 -0.068321 0.040476 0.255239 -1.000000 
-0.522174 0.104931 -0.049170 1.918778 -1.912711 -0.059422 0.042531 0.258413 -1.000000 
-0.521237 0.129418 -0.033816 1.919786 -1.913150 -0.050429 0.044610 0.261261 -1.000000 
-0.520104 0.153875 -0.018456 1.920075 -1.913518 -0.041354 0.046710 0.263761 -1.000000 
-0.518775 0.178289 -0.003096 1.919642 -1.913812 -0.032207 0.048829 0.265890 -1.000000 
-0.517251 0.202649 0.012257 1.918486 -1.914033 -0.023001 0.050963 0.267630 -1.000000 
-0.515533 0.226944 0.027597 1.916605 -1.914180 -0.013747 0.053110 0.268963 -1.000000 
-0.513620 0.251161 0.042920 1.914000 -1.914253 -0.004458 0.055266 0.269878 -1.000000 
-0.511515 0.275290 0.058219 1.910669 -1.914251 0.004855 0.057427 0.270364 -1.000000 
-0.509216 0.299318 0.073489 1.906615 -1.914175 0.014178 0.059590 0.270419 -1.000000 
-0.506726 0.323233 0.088723 1.901837 -1.914024 0.023500 0.061752 0.270039 -1.000000 
-0.504045 0.347024 0.103917 1.896337 -1.913799 0.032808 0.063910 0.269228 -1.000000 
-0.501174 0.370680 0.119063 1.890117 -1.913499 0.042091 0.066059 0.267993 -1.000000 
-0.498114 0.394188 0.134157 1.883179 -1.913126 0.051334 0.068196 0.266344 -1.000000 
-0.494867 0.417538 0.149192 1.875527 -1.912678 0.060527 0.070319 0.264296 -1.000000 
-0.491434 0.440718 0.164163 1.867164 -1.912157 0.069656 0.072424 0.261867 -1.000000 
-0.487816 0.463716 0.179065 1.858094 -1.911564 0.078709 0.074508 0.259077 -1.000000 
-0.484015 0.486523 0.193891 1.848322 -1.910898 0.087673 0.076569 0.255949 -1.000000 
-0.480032 0.509126 0.208636 1.837851 -1.910161 0.096538 0.078603 0.252508 -1.000000 
-0.475870 0.531515 0.223294 1.826688 -1.909354 0.105289 0.080608 0.248781 -1.000000 
-0.471529 0.553679 0.237861 1.814839 -1.908477 0.113916 0.082582 0.244797 -1.000000 
-0.467011 0.575608 0.252330 1.802310 -1.907532 0.122406 0.084524 0.240585 -1.000000 
-0.462320 0.597292 0.266696 1.789108 -1.906519 0.130748 0.086431 0.236172 -1.000000 
-0.457455 0.618720 0.280954 1.775241 -1.905440 0.138930 0.088302 0.231590 -1.000000 
-0.452421 0.639882 0.295098 1.760715 -1.904297 0.146941 0.090136 0.226865 -1.000000 
-0.447218 0.660770 0.309124 1.745539 -1.903090 0.154769 0.091932 0.222027 -1.000000 
-0.441849 0.681373 0.323025 1.729722 -1.901821 0.162405 0.093688 0.217101 -1.000000 
-0.436317 0.701683 0.336798 1.713272 -1.900492 0.169837 0.095405 0.212113 -1.000000 
-0.430623 0.721690 0.350436 1.696200 -1.899104 0.177054 0.097082 0.207087 -1.000000 
-0.424771 0.741386 0.363935 1.678514 -1.897659 0.184048 0.098719 0.202045 -1.000000 
-0.418762 0.760762 0.377291 1.660225 -1.896160 0.190808 0.100315 0.197008 -1.000000 
-0.412599 0.779811 0.390497 1.641343 -1.894607 0.197326 0.101871 0.191994 -1.000000 
-0.406286 0.798525 0.403550 1.621879 -1.893003 0.203591 0.103387 0.187021 -1.000000 
-0.399824 0.816896 0.416446 1.601844 -1.891350 0.209595 0.104863 0.182103 -1.000000 
-0.393216 0.834917 0.429178 1.581249 -1.889650 0.215331 0.106301 0.177254 -1.000000 
-0.386466 0.852581 0.441744 1.560105 -1.887906 0.220790 0.107700 0.172486 -1.000000 
-0.379576 0.869881 0.454139 1.538425 -1.886119 0.225965 0.109061 0.167809 -1.000000 
-0.372549 0.886812 0.466358 1.516220 -1.884291 0.230849 0.110385 0.163231 -1.000000 
-0.365388 0.903366 0.478397 1.493503 -1.882426 0.235435 0.111673 0.158760 -1.000000 
-0.358096 0.919540 0.490252 1.470286 -1.880525 0.239717 0.112925 0.154400 -1.000000 
-0.350676 0.935326 0.501920 1.446581 -1.878591 0.243689 0.114143 0.150158 -1.000000 
-0.343132 0.950720 0.513396 1.422402 -1.876627 0.247346 0.115328 0.146036 -1.000000 
-0.335466 0.965718 0.524677 1.397760 -1.874634 0.250683 0.116480 0.142038 -1.000000 
-0.327682 0.980315 0.535759 1.372669 -1.872617 0.253695 0.117601 0.138163 -1.000000 
-0.319782 0.994506 0.546639 1.347142 -1.870576 0.256380 0.118691 0.134415 -1.000000 
-0.311771 1.008287 0.557313 1.321192 -1.868516 0.258732 0.119752 0.130792 -1.000000 
-0.303651 1.021656 0.567777 1.294831 -1.866437 0.260750 0.120784 0.127294 -1.000000 
-0.295425 1.034609 0.578029 1.268073 -1.864344 0.262431 0.121789 0.123921 -1.000000 
-0.287098 1.047143 0.588065 1.240932 -1.862239 0.263772 0.122767 0.120670 -1.000000 
-0.278672 1.059255 0.597883 1.213419 -1.860125 0.264772 0.123720 0.117541 -1.000000 
-0.270151 1.070943 0.607479 1.185548 -1.858004 0.265430 0.124648 0.114530 -1.000000 
-0.261538 1.082204 0.616851 1.157333 -1.855879 0.265745 0.125553 0.111636 -1.000000 
-0.252837 1.093037 0.625995 1.128785 -1.853753 0.265718 0.126435 0.108856 -1.000000 
-0.244051 1.103439 0.634910 1.099919 -1.851628 0.265347 0.127295 0.106188 -1.000000 
-0.235183 1.113410 0.643593 1.070746 -1.849508 0.264635 0.128134 0.103628 -1.000000 
-0.226237 1.122949 0.652041 1.041280 -1.847395 0.263581 0.128953 0.101173 -1.000000 
-0.217217 1.132053 0.660253 1.011533 -1.845292 0.262189 0.129753 0.098822 -1.000000 
-0.208126 1.140723 0.668225 0.981517 -1.843201 0.260460 0.130535 0.096569 -1.000000 
-0.198967 1.148958 0.675956 0.951245 -1.841125 0.258396 0.131298 0.094414 -1.000000 
-0.189743 1.156758 0.683444 0.920728 -1.839068 0.256000 0.132045 0.092351 -1.000000 
-0.180460 1.164122 0.690687 0.889980 -1.837030 0.253276 0.132776 0.090380 -1.000000 
-0.171119 1.171050 0.697684 0.859012 -1.835016 0.250228 0.133492 0.088496 -1.000000 
-0.161724 1.177543 0.704431 0.827835 -1.833028 0.246860 0.134193 0.086696 -1.000000 
0.000000 0.000000 0.000000 0.000000 0.000000 0.000000 0.000000 0.000000 0.000000 
