-0.190072 -0.129901 0.392968 1.159281 -1.698649 0.393443 0.458296 0.050491 -1.000000 
-0.191067 -0.119014 0.402140 1.133651 -1.695502 0.393112 0.458687 0.047297 -1.000000 
-0.191976 -0.108142 0.411105 1.107626 -1.692361 0.392055 0.459054 0.044413 -1.000000 
-0.192798 -0.097290 0.419861 1.081225 -1.689231 0.390278 0.459399 0.041804 -1.000000 
-0.193533 -0.086464 0.428404 1.054469 -1.686119 0.387786 0.459724 0.039438 -1.000000 
-0.194181 -0.075669 0.436732 1.027376 -1.683029 0.384585 0.460030 0.037289 -1.000000 
-0.194743 -0.064912 0.444841 0.999966 -1.679967 0.380683 0.460321 0.035332 -1.000000 
-0.195220 -0.054196 0.452730 0.972257 -1.676940 0.376090 0.460596 0.033548 -1.000000 
-0.195611 -0.043527 0.460397 0.944267 -1.673952 0.370817 0.460858 0.031918 -1.000000 
-0.195916 -0.032908 0.467838 0.916012 -1.671008 0.364874 0.461107 0.030426 -1.000000 
-0.196137 -0.022345 0.475052 0.887509 -1.668115 0.358276 0.461345 0.029060 -1.000000 
-0.196274 -0.011841 0.482037 0.858773 -1.665278 0.351035 0.461572 0.027807 -1.000000 
-0.196327 -0.001400 0.488792 0.829821 -1.662501 0.343167 0.461790 0.026656 -1.000000 
-0.196297 0.008975 0.495314 0.800666 -1.659789 0.334688 0.461999 0.025598 -1.000000 
-0.196184 0.019281 0.501602 0.771322 -1.657147 0.325615 0.462200 0.024625 -1.000000 
-0.195988 0.029514 0.507655 0.741802 -1.654580 0.315965 0.462393 0.023729 -1.000000 
-0.195712 0.039672 0.513470 0.712120 -1.652093 0.305757 0.462580 0.022903 -1.000000 
-0.195354 0.049753 0.519048 0.682286 -1.649690 0.295011 0.462760 0.022143 -1.000000 
-0.194916 0.059753 0.524387 0.652311 -1.647374 0.283748 0.462934 0.021441 -1.000000 
-0.194398 0.069672 0.529485 0.622207 -1.645151 0.271987 0.463103 0.020795 -1.000000 
-0.193801 0.079507 0.534342 0.591982 -1.643024 0.259752 0.463267 0.020199 -1.000000 
-0.193126 0.089256 0.538956 0.561647 -1.640996 0.247064 0.463426 0.019651 -1.000000 
-0.192373 0.098918 0.543328 0.531210 -1.639072 0.233947 0.463582 0.019146 -1.000000 
-0.191544 0.108492 0.547455 0.500678 -1.637254 0.220424 0.463733 0.018681 -1.000000 
-0.190638 0.117975 0.551338 0.470059 -1.635546 0.206520 0.463881 0.018255 -1.000000 
-0.189656 0.127368 0.554976 0.439359 -1.633951 0.192260 0.464025 0.017864 -1.000000 
-0.188600 0.136669 0.558368 0.408586 -1.632471 0.177668 0.464167 0.017506 -1.000000 
-0.187470 0.145877 0.561513 0.377745 -1.631109 0.162770 0.464305 0.017180 -1.000000 
-0.186266 0.154991 0.564412 0.346841 -1.629867 0.147593 0.464442 0.016884 -1.000000 
-0.184990 0.164011 0.567062 0.315879 -1.628748 0.132163 0.464575 0.016615 -1.000000 
-0.183642 0.172935 0.569465 0.284864 -1.627753 0.116507 0.464707 0.016374 -1.000000 
-0.182224 0.181764 0.571620 0.253800 -1.626885 0.100651 0.464838 0.016159 -1.000000 
-0.180734 0.190496 0.573526 0.222690 -1.626143 0.084623 0.464966 0.015968 -1.000000 
-0.179176 0.199132 0.575183 0.191539 -1.625531 0.068450 0.465093 0.015800 -1.000000 
-0.177549 0.207669 0.576591 0.160349 -1.625048 0.052161 0.465219 0.015656 -1.000000 
-0.175853 0.216109 0.577749 0.129124 -1.624697 0.035782 0.465344 0.015534 -1.000000 
-0.174091 0.224449 0.578657 0.097866 -1.624476 0.019343 0.465468 0.015434 -1.000000 
-0.172263 0.232690 0.579314 0.066579 -1.624387 0.002871 0.465591 0.015355 -1.000000 
-0.170368 0.240831 0.579722 0.035265 -1.624430 -0.013606 0.465713 0.015297 -1.000000 
-0.168409 0.248871 0.579879 0.003928 -1.624605 -0.030060 0.465835 0.015260 -1.000000 
-0.166387 0.256809 0.579785 -0.027431 -1.624911 -0.046463 0.465957 0.015244 -1.000000 
-0.164301 0.264645 0.579440 -0.058808 -1.625348 -0.062786 0.466079 0.015248 -1.000000 
-0.162153 0.272376 0.578844 -0.090200 -1.625915 -0.079002 0.466201 0.015273 -1.000000 
-0.159943 0.280004 0.577996 -0.121605 -1.626612 -0.095083 0.466324 0.015319 -1.000000 
-0.157673 0.287525 0.576898 -0.153018 -1.627436 -0.111001 0.466447 0.015387 -1.000000 
-0.155343 0.294938 0.575548 -0.184437 -1.628387 -0.126728 0.466570 0.015475 -1.000000 
-0.152954 0.302243 0.573947 -0.215857 -1.629463 -0.142239 0.466694 0.015587 -1.000000 
-0.150507 0.309438 0.572094 -0.247275 -1.630662 -0.157504 0.466820 0.015721 -1.000000 
-0.148003 0.316521 0.569991 -0.278685 -1.631983 -0.172499 0.466946 0.015878 -1.000000 
-0.145443 0.323490 0.567635 -0.310084 -1.633422 -0.187196 0.467074 0.016060 -1.000000 
-0.142828 0.330343 0.565029 -0.341464 -1.634977 -0.201570 0.467203 0.016268 -1.000000 
-0.140158 0.337078 0.562172 -0.372822 -1.636646 -0.215594 0.467334 0.016503 -1.000000 
-0.137435 0.343692 0.559064 -0.404150 -1.638425 -0.229244 0.467467 0.016766 -1.000000 
-0.134659 0.350184 0.555706 -0.435441 -1.640313 -0.242496 0.467602 0.017058 -1.000000 
-0.131832 0.356550 0.552097 -0.466689 -1.642304 -0.255324 0.467740 0.017383 -1.000000 
-0.128955 0.362788 0.548239 -0.497884 -1.644397 -0.267705 0.467881 0.017741 -1.000000 
-0.126028 0.368894 0.544131 -0.529019 -1.646586 -0.279618 0.468024 0.018135 -1.000000 
-0.123053 0.374866 0.539775 -0.560084 -1.648869 -0.291038 0.468171 0.018568 -1.000000 
-0.120031 0.380700 0.535170 -0.591069 -1.651241 -0.301944 0.468321 0.019042 -1.000000 
-0.116962 0.386393 0.530318 -0.621964 -1.653699 -0.312316 0.468476 0.019561 -1.000000 
-0.113849 0.391942 0.525219 -0.652756 -1.656237 -0.322134 0.468634 0.020129 -1.000000 
-0.110692 0.397342 0.519874 -0.683435 -1.658851 -0.331377 0.468798 0.020750 -1.000000 
-0.107492 0.402589 0.514284 -0.713987 -1.661537 -0.340028 0.468966 0.021428 -1.000000 
-0.104250 0.407680 0.508451 -0.744398 -1.664290 -0.348068 0.469141 0.022170 -1.000000 
-0.100969 0.412611 0.502374 -0.774656 -1.667105 -0.355482 0.469321 0.022980 -1.000000 
-0.097649 0.417377 0.496057 -0.804744 -1.669976 -0.362253 0.469509 0.023866 -1.000000 
-0.094292 0.421973 0.489499 -0.834647 -1.672899 -0.368367 0.469703 0.024837 -1.000000 
-0.090898 0.426397 0.482703 -0.864348 -1.675868 -0.373810 0.469906 0.025900 -1.000000 
-0.087470 0.430642 0.475670 -0.893831 -1.678878 -0.378569 0.470118 0.027066 -1.000000 
-0.084008 0.434704 0.468402 -0.923079 -1.681924 -0.382633 0.470340 0.028347 -1.000000 
-0.080515 0.438579 0.460901 -0.952071 -1.684999 -0.385992 0.470572 0.029757 -1.000000 
-0.076992 0.442261 0.453170 -0.980790 -1.688098 -0.388637 0.470816 0.031310 -1.000000 
-0.073439 0.445747 0.445210 -1.009216 -1.691215 -0.390559 0.471073 0.033026 -1.000000 
-0.069860 0.449031 0.437023 -1.037328 -1.694345 -0.391752 0.471345 0.034924 -1.000000 
-0.066255 0.452109 0.428613 -1.065106 -1.697481 -0.392211 0.471633 0.037028 -1.000000 
-0.062627 0.454976 0.419982 -1.092529 -1.700618 -0.391932 0.471938 0.039369 -1.000000 
-0.058976 0.457626 0.411134 -1.119574 -1.703750 -0.390913 0.472263 0.041978 -1.000000 
-0.055306 0.460056 0.402070 -1.146220 -1.706871 -0.389151 0.472611 0.044894 -1.000000 
-0.051616 0.462261 0.392795 -1.172443 -1.709974 -0.386647 0.472983 0.048165 -1.000000 
-0.047910 0.464236 0.383312 -1.198222 -1.713055 -0.383403 0.473382 0.051846 -1.000000 
-0.044189 0.465976 0.373625 -1.223531 -1.716107 -0.379421 0.473813 0.056002 -1.000000 
-0.040455 0.467478 0.363737 -1.248349 -1.719124 -0.374706 0.474280 0.060712 -1.000000 
-0.036710 0.468737 0.353653 -1.272652 -1.722100 -0.369264 0.474787 0.066073 -1.000000 
-0.032956 0.469750 0.343376 -1.296415 -1.725030 -0.363101 0.475339 0.072202 -1.000000 
-0.029195 0.470511 0.332912 -1.319614 -1.727908 -0.356227 0.475944 0.079239 -1.000000 
-0.025428 0.471018 0.322264 -1.342227 -1.730728 -0.348651 0.476610 0.087362 -1.000000 
-0.021659 0.471266 0.311438 -1.364228 -1.733484 -0.340384 0.477345 0.096788 -1.000000 
-0.017889 0.471253 0.300438 -1.385595 -1.736172 -0.331440 0.478163 0.107788 -1.000000 
-0.014120 0.470976 0.289270 -1.406304 -1.738786 -0.321831 0.479075 0.120706 -1.000000 
-0.010354 0.470430 0.277939 -1.426330 -1.741320 -0.311574 0.480100 0.135976 -1.000000 
-0.006594 0.469614 0.266450 -1.445652 -1.743769 -0.300684 0.481259 0.154157 -1.000000 
-0.002841 0.468526 0.254810 -1.464247 -1.746129 -0.289179 0.482576 0.175971 -1.000000 
0.000902 0.467162 0.243025 -1.482092 -1.748394 -0.277076 0.484086 0.202361 -1.000000 
0.004633 0.465520 0.231099 -1.499165 -1.750561 -0.264395 0.485830 0.234574 -1.000000 
0.008350 0.463600 0.219040 -1.515445 -1.752623 -0.251155 0.487859 0.274278 -1.000000 
0.012050 0.461398 0.206854 -1.530911 -1.754578 -0.237376 0.490244 0.323725 -1.000000 
0.015731 0.458913 0.194548 -1.545543 -1.756420 -0.223076 0.493073 0.385997 -1.000000 
0.019392 0.456144 0.182128 -1.559320 -1.758146 -0.208275 0.496465 0.465365 -1.000000 
0.023029 0.453089 0.169601 -1.572224 -1.759751 -0.192989 0.500580 0.567810 -1.000000 
0.026640 0.449746 0.156974 -1.584235 -1.761232 -0.177233 0.505634 0.701808 -1.000000 
0.030224 0.446113 0.144256 -1.595335 -1.762586 -0.161017 0.511925 0.879457 -1.000000 
0.033777 0.442185 0.131452 -1.605504 -1.763807 -0.144342 0.519867 1.118086 -1.000000 
0.037298 0.437960 0.118570 -1.614724 -1.764894 -0.127203 0.530042 1.442354 -1.000000 
0.040784 0.433430 0.105619 -1.622974 -1.765841 -0.109572 0.543264 1.886449 -1.000000 
0.044232 0.428585 0.092605 -1.630231 -1.766645 -0.091397 0.560662 2.494750 -1.000000 
0.047640 0.423410 0.079538 -1.636468 -1.767302 -0.072584 0.583749 3.315901 -1.000000 
0.051006 0.417883 0.066424 -1.641647 -1.767805 -0.052977 0.614368 4.378592 -1.000000 
0.054326 0.411970 0.053274 -1.645716 -1.768147 -0.032343 0.654328 5.631069 -1.000000 
0.057596 0.405632 0.040096 -1.648598 -1.768319 -0.010380 0.704389 6.847034 -1.000000 
0.060814 0.398825 0.026900 -1.650177 -1.768309 0.013199 0.762641 7.598053 -1.000000 
0.063976 0.391524 0.013697 -1.650307 -1.768103 0.038494 0.823606 7.483065 -1.000000 
0.067078 0.383738 0.000499 -1.648830 -1.767689 0.065285 0.880055 6.516303 -1.000000 
0.070115 0.375501 -0.012680 -1.645620 -1.767056 0.093117 0.926774 5.139264 -1.000000 
0.073084 0.366852 -0.025826 -1.640594 -1.766197 0.121521 0.962440 3.811585 -1.000000 
0.075983 0.357817 -0.038924 -1.633709 -1.765111 0.150133 0.988490 2.750972 -1.000000 
0.078809 0.348414 -0.051960 -1.624946 -1.763795 0.178685 1.007229 1.978035 -1.000000 
0.081557 0.338657 -0.064918 -1.614305 -1.762252 0.206959 1.020754 1.435950 -1.000000 
0.084226 0.328560 -0.077784 -1.601799 -1.760485 0.234769 1.030644 1.059239 -1.000000 
0.086813 0.318139 -0.090542 -1.587453 -1.758498 0.261945 1.038003 0.795866 -1.000000 
0.089316 0.307413 -0.103178 -1.571304 -1.756296 0.288335 1.043581 0.609248 -1.000000 
0.091731 0.296404 -0.115678 -1.553397 -1.753887 0.313801 1.047889 0.474814 -1.000000 
0.094057 0.285133 -0.128028 -1.533784 -1.751278 0.338216 1.051274 0.376271 -1.000000 
0.096293 0.273625 -0.140214 -1.512524 -1.748479 0.361467 1.053976 0.302790 -1.000000 
0.098435 0.261903 -0.152224 -1.489682 -1.745498 0.383451 1.056165 0.247097 -1.000000 
0.100482 0.249994 -0.164045 -1.465326 -1.742347 0.404077 1.057964 0.204239 -1.000000 
0.102434 0.237922 -0.175666 -1.439531 -1.739037 0.423262 1.059458 0.170789 -1.000000 
0.104289 0.225713 -0.187074 -1.412373 -1.735579 0.440932 1.060715 0.144341 -1.000000 
0.106045 0.213392 -0.198260 -1.383931 -1.731986 0.457023 1.061782 0.123180 -1.000000 
0.107703 0.200983 -0.209214 -1.354287 -1.728271 0.471481 1.062696 0.106062 -1.000000 
0.109261 0.188513 -0.219926 -1.323522 -1.724447 0.484257 1.063487 0.092075 -1.000000 
0.110719 0.176003 -0.230387 -1.291720 -1.720527 0.495315 1.064176 0.080542 -1.000000 
0.112077 0.163476 -0.240591 -1.258963 -1.716526 0.504622 1.064781 0.070950 -1.000000 
0.113335 0.150955 -0.250528 -1.225333 -1.712458 0.512158 1.065315 0.062910 -1.000000 
0.114492 0.138461 -0.260194 -1.190912 -1.708337 0.517907 1.065791 0.056123 -1.000000 
0.115550 0.126013 -0.269581 -1.155780 -1.704176 0.521863 1.066216 0.050356 -1.000000 
0.116509 0.113629 -0.278685 -1.120013 -1.699992 0.524024 1.066599 0.045425 -1.000000 
0.117368 0.101327 -0.287500 -1.083688 -1.695797 0.524397 1.066945 0.041185 -1.000000 
0.118130 0.089123 -0.296022 -1.046875 -1.691606 0.522997 1.067259 0.037520 -1.000000 
0.118795 0.077032 -0.304249 -1.009645 -1.687433 0.519842 1.067546 0.034337 -1.000000 
0.119363 0.065065 -0.312176 -0.972061 -1.683293 0.514958 1.067810 0.031561 -1.000000 
0.119836 0.053237 -0.319801 -0.934186 -1.679199 0.508376 1.068052 0.029128 -1.000000 
0.120215 0.041556 -0.327122 -0.896078 -1.675163 0.500133 1.068277 0.026990 -1.000000 
0.120501 0.030032 -0.334138 -0.857789 -1.671201 0.490270 1.068485 0.025104 -1.000000 
0.120696 0.018673 -0.340846 -0.819368 -1.667323 0.478832 1.068679 0.023434 -1.000000 
0.120801 0.007486 -0.347247 -0.780859 -1.663544 0.465871 1.068860 0.021953 -1.000000 
0.120816 -0.003526 -0.353340 -0.742303 -1.659873 0.451439 1.069030 0.020634 -1.000000 
0.120745 -0.014357 -0.359124 -0.703734 -1.656324 0.435595 1.069191 0.019459 -1.000000 
0.120587 -0.025005 -0.364600 -0.665184 -1.652907 0.418399 1.069342 0.018409 -1.000000 
0.120345 -0.035467 -0.369767 -0.626677 -1.649633 0.399915 1.069486 0.017470 -1.000000 
0.120020 -0.045745 -0.374627 -0.588236 -1.646512 0.380210 1.069622 0.016629 -1.000000 
0.119614 -0.055837 -0.379179 -0.549879 -1.643553 0.359353 1.069752 0.015875 -1.000000 
0.119127 -0.065745 -0.383425 -0.511617 -1.640765 0.337415 1.069876 0.015198 -1.000000 
0.118562 -0.075470 -0.387365 -0.473460 -1.638157 0.314468 1.069995 0.014592 -1.000000 
0.117920 -0.085017 -0.391001 -0.435413 -1.635736 0.290588 1.070110 0.014048 -1.000000 
0.117202 -0.094386 -0.394332 -0.397478 -1.633510 0.265850 1.070220 0.013561 -1.000000 
0.116410 -0.103583 -0.397361 -0.359653 -1.631485 0.240332 1.070327 0.013126 -1.000000 
0.115546 -0.112612 -0.400087 -0.321932 -1.629667 0.214112 1.070430 0.012739 -1.000000 
0.114609 -0.121477 -0.402512 -0.284308 -1.628061 0.187270 1.070531 0.012395 -1.000000 
0.113602 -0.130183 -0.404636 -0.246769 -1.626672 0.159886 1.070629 0.012091 -1.000000 
0.112527 -0.138736 -0.406460 -0.209304 -1.625504 0.132041 1.070724 0.011824 -1.000000 
0.111383 -0.147139 -0.407985 -0.171897 -1.624560 0.103815 1.070818 0.011592 -1.000000 
0.110173 -0.155398 -0.409211 -0.134531 -1.623843 0.075292 1.070910 0.011394 -1.000000 
0.108897 -0.163519 -0.410138 -0.097190 -1.623356 0.046554 1.071000 0.011226 -1.000000 
0.107557 -0.171505 -0.410766 -0.059853 -1.623099 0.017682 1.071090 0.011088 -1.000000 
0.106153 -0.179362 -0.411095 -0.022502 -1.623073 -0.011241 1.071178 0.010978 -1.000000 
0.104687 -0.187094 -0.411126 0.014884 -1.623279 -0.040131 1.071265 0.010896 -1.000000 
0.103160 -0.194704 -0.410857 0.052324 -1.623715 -0.068906 1.071352 0.010841 -1.000000 
0.101572 -0.202195 -0.410289 0.089837 -1.624381 -0.097484 1.071439 0.010813 -1.000000 
0.099925 -0.209571 -0.409420 0.127443 -1.625274 -0.125782 1.071525 0.010811 -1.000000 
0.098220 -0.216834 -0.408249 0.165158 -1.626392 -0.153717 1.071612 0.010836 -1.000000 
0.096456 -0.223985 -0.406777 0.202999 -1.627732 -0.181209 1.071699 0.010887 -1.000000 
0.094636 -0.231024 -0.405001 0.240981 -1.629290 -0.208175 1.071786 0.010966 -1.000000 
0.092760 -0.237953 -0.402921 0.279115 -1.631061 -0.234534 1.071874 0.011074 -1.000000 
0.090829 -0.244769 -0.400535 0.317412 -1.633041 -0.260207 1.071963 0.011210 -1.000000 
0.088844 -0.251472 -0.397842 0.355878 -1.635223 -0.285114 1.072054 0.011378 -1.000000 
0.086806 -0.258058 -0.394840 0.394518 -1.637600 -0.309177 1.072146 0.011578 -1.000000 
0.084716 -0.264525 -0.391529 0.433332 -1.640167 -0.332319 1.072239 0.011814 -1.000000 
0.082574 -0.270868 -0.387906 0.472318 -1.642915 -0.354464 1.072335 0.012087 -1.000000 
0.080382 -0.277082 -0.383971 0.511469 -1.645836 -0.375537 1.072433 0.012400 -1.000000 
0.078141 -0.283160 -0.379722 0.550776 -1.648920 -0.395466 1.072533 0.012758 -1.000000 
0.075852 -0.289096 -0.375158 0.590222 -1.652160 -0.414181 1.072637 0.013165 -1.000000 
0.073516 -0.294881 -0.370278 0.629789 -1.655544 -0.431613 1.072744 0.013625 -1.000000 
0.071134 -0.300507 -0.365082 0.669454 -1.659062 -0.447697 1.072855 0.014146 -1.000000 
0.068708 -0.305964 -0.359567 0.709188 -1.662703 -0.462369 1.072971 0.014735 -1.000000 
0.066239 -0.311241 -0.353734 0.748957 -1.666456 -0.475571 1.073091 0.015400 -1.000000 
0.063729 -0.316328 -0.347584 0.788725 -1.670308 -0.487244 1.073217 0.016152 -1.000000 
0.061178 -0.321211 -0.341115 0.828449 -1.674248 -0.497337 1.073350 0.017003 -1.000000 
0.058590 -0.325879 -0.334329 0.868081 -1.678261 -0.505802 1.073490 0.017968 -1.000000 
0.055965 -0.330318 -0.327226 0.907569 -1.682336 -0.512593 1.073638 0.019065 -1.000000 
0.053306 -0.334515 -0.319808 0.946856 -1.686458 -0.517671 1.073795 0.020316 -1.000000 
0.050613 -0.338454 -0.312077 0.985882 -1.690614 -0.521002 1.073963 0.021748 -1.000000 
0.047891 -0.342122 -0.304035 1.024581 -1.694790 -0.522556 1.074143 0.023394 -1.000000 
0.045140 -0.345505 -0.295685 1.062884 -1.698970 -0.522311 1.074338 0.025294 -1.000000 
0.042364 -0.348586 -0.287030 1.100718 -1.703142 -0.520247 1.074549 0.027499 -1.000000 
0.039564 -0.351351 -0.278075 1.138005 -1.707289 -0.516355 1.074779 0.030074 -1.000000 
0.036743 -0.353786 -0.268824 1.174666 -1.711399 -0.510630 1.075031 0.033100 -1.000000 
0.033904 -0.355875 -0.259282 1.210619 -1.715455 -0.503073 1.075310 0.036681 -1.000000 
0.031050 -0.357604 -0.249456 1.245778 -1.719443 -0.493693 1.075620 0.040955 -1.000000 
0.028183 -0.358960 -0.239352 1.280058 -1.723349 -0.482505 1.075968 0.046100 -1.000000 
0.025308 -0.359928 -0.228978 1.313370 -1.727158 -0.469534 1.076361 0.052354 -1.000000 
0.022426 -0.360496 -0.218341 1.345625 -1.730857 -0.454809 1.076809 0.060041 -1.000000 
0.019541 -0.360652 -0.207451 1.376735 -1.734431 -0.438367 1.077326 0.069604 -1.000000 
0.016656 -0.360384 -0.196316 1.406610 -1.737866 -0.420252 1.077929 0.081665 -1.000000 
0.013776 -0.359682 -0.184948 1.435163 -1.741150 -0.400515 1.078642 0.097111 -1.000000 
0.010903 -0.358537 -0.173358 1.462306 -1.744270 -0.379211 1.079496 0.117236 -1.000000 
0.008040 -0.356940 -0.161555 1.487955 -1.747214 -0.356403 1.080535 0.143980 -1.000000 
0.005193 -0.354882 -0.149554 1.512027 -1.749969 -0.332158 1.081825 0.180332 -1.000000 
0.002364 -0.352357 -0.137367 1.534443 -1.752524 -0.306543 1.083459 0.231045 -1.000000 
-0.000444 -0.349358 -0.125008 1.555126 -1.754870 -0.279626 1.085580 0.303975 -1.000000 
-0.003225 -0.345877 -0.112490 1.574003 -1.756995 -0.251470 1.088417 0.412663 -1.000000 
-0.005976 -0.341907 -0.099829 1.591005 -1.758890 -0.222126 1.092342 0.581638 -1.000000 
-0.008694 -0.337434 -0.087039 1.606065 -1.760546 -0.191610 1.098005 0.857927 -1.000000 
-0.011374 -0.332438 -0.074137 1.619120 -1.761953 -0.159874 1.106602 1.337616 -1.000000 
-0.014012 -0.326878 -0.061139 1.630101 -1.763100 -0.126713 1.120486 2.230384 -1.000000 
-0.016602 -0.320662 -0.048061 1.638931 -1.763975 -0.091516 1.144618 4.015825 -1.000000 
-0.019140 -0.313558 -0.034922 1.645478 -1.764555 -0.052451 1.189815 7.725234 -1.000000 
-0.021615 -0.304850 -0.021741 1.649339 -1.764789 -0.003455 1.276450 14.330628 -1.000000 
-0.024008 -0.292352 -0.008545 1.648455 -1.764536 0.073685 1.412308 17.910939 -1.000000 
-0.026275 -0.273575 0.004602 1.635304 -1.763481 0.196341 1.529270 10.293270 -1.000000 
-0.028378 -0.252068 0.017568 1.603072 -1.761353 0.335389 1.582686 3.946698 -1.000000 
-0.030308 -0.230521 0.030202 1.552401 -1.758132 0.468588 1.603176 1.586043 -1.000000 
-0.032065 -0.208482 0.042361 1.484646 -1.753879 0.592947 1.611924 0.734075 -1.000000 
-0.033642 -0.185631 0.053915 1.401594 -1.748676 0.705834 1.616206 0.383425 -1.000000 
-0.035033 -0.162100 0.064753 1.305804 -1.742624 0.804364 1.618540 0.219220 -1.000000 
-0.036235 -0.138256 0.074782 1.200334 -1.735850 0.886325 1.619919 0.133966 -1.000000 
-0.037245 -0.114548 0.083941 1.088453 -1.728491 0.950396 1.620781 0.086019 -1.000000 
-0.038069 -0.091435 0.092189 0.973414 -1.720693 0.996096 1.621345 0.057327 -1.000000 
-0.038711 -0.069331 0.099515 0.858280 -1.712602 1.023673 1.621727 0.039300 -1.000000 
-0.039182 -0.048586 0.105929 0.745790 -1.704360 1.033969 1.621991 0.027528 -1.000000 
-0.039493 -0.029469 0.111461 0.638272 -1.696101 1.028276 1.622177 0.019602 -1.000000 
-0.039658 -0.012164 0.116159 0.537597 -1.687946 1.008194 1.622311 0.014131 -1.000000 
-0.039693 0.003223 0.120085 0.445164 -1.680004 0.975499 1.622408 0.010281 -1.000000 
-0.039612 0.016660 0.123307 0.361916 -1.672367 0.932033 1.622478 0.007528 -1.000000 
-0.039431 0.028179 0.125901 0.288380 -1.665115 0.879606 1.622530 0.005533 -1.000000 
-0.039166 0.037861 0.127947 0.224709 -1.658313 0.819923 1.622568 0.004072 -1.000000 
-0.038830 0.045830 0.129523 0.170747 -1.652011 0.754531 1.622596 0.002990 -1.000000 
-0.038437 0.052234 0.130704 0.126079 -1.646252 0.684793 1.622617 0.002182 -1.000000 
-0.037998 0.057242 0.131563 0.090092 -1.641063 0.611862 1.622632 0.001572 -1.000000 
-0.037524 0.061032 0.132166 0.062021 -1.636468 0.536689 1.622642 0.001108 -1.000000 
-0.037024 0.063784 0.132574 0.040993 -1.632480 0.460022 1.622650 0.000752 -1.000000 
-0.036506 0.065679 0.132839 0.026059 -1.629110 0.382429 1.622655 0.000478 -1.000000 
-0.035951 0.065212 0.132915 0.021651 -1.628919 0.304332 1.622658 0.000453 -1.000000 
-0.035404 0.064917 0.132973 0.018058 -1.629075 0.226181 1.622662 0.000456 -1.000000 
-0.034865 0.064956 0.133027 0.014335 -1.629231 0.147994 1.622666 0.000462 -1.000000 
-0.034332 0.065225 0.133079 0.010465 -1.629388 0.069774 1.622670 0.000468 -1.000000 
-0.033804 0.065623 0.133127 0.006432 -1.629544 -0.008478 1.622674 0.000475 -1.000000 
-0.033277 0.066069 0.133162 0.002085 -1.629928 -0.086737 1.622677 0.000497 -1.000000 
-0.032746 0.066612 0.133157 -0.003432 -1.630934 -0.164908 1.622682 0.000561 -1.000000 
-0.032210 0.067343 0.133101 -0.011171 -1.632566 -0.242880 1.622687 0.000662 -1.000000 
-0.031668 0.068341 0.132970 -0.022179 -1.634820 -0.320479 1.622692 0.000796 -1.000000 
-0.031116 0.069668 0.132734 -0.037491 -1.637692 -0.397446 1.622699 0.000956 -1.000000 
-0.030552 0.071374 0.132356 -0.058115 -1.641176 -0.473404 1.622708 0.001131 -1.000000 
-0.029973 0.073494 0.131788 -0.085017 -1.645262 -0.547836 1.622717 0.001304 -1.000000 
-0.029375 0.076042 0.130976 -0.119098 -1.649936 -0.620063 1.622728 0.001454 -1.000000 
-0.028755 0.079018 0.129861 -0.161161 -1.655175 -0.689222 1.622741 0.001551 -1.000000 
-0.028110 0.082398 0.128375 -0.211874 -1.660952 -0.754261 1.622753 0.001556 -1.000000 
-0.027436 0.086136 0.126447 -0.271724 -1.667229 -0.813933 1.622765 0.001411 -1.000000 
-0.026731 0.090162 0.124002 -0.340966 -1.673957 -0.866808 1.622775 0.001036 -1.000000 
-0.025993 0.094383 0.120966 -0.419567 -1.681075 -0.911299 1.622781 0.000315 -1.000000 
-0.025221 0.098677 0.117265 -0.507151 -1.688511 -0.945702 1.622779 -0.000929 -1.000000 
-0.024414 0.102903 0.112830 -0.602948 -1.696175 -0.968262 1.622764 -0.002968 -1.000000 
-0.023575 0.106896 0.107599 -0.705753 -1.703967 -0.977253 1.622728 -0.006244 -1.000000 
-0.022705 0.110479 0.101523 -0.813906 -1.711771 -0.971083 1.622659 -0.011498 -1.000000 
-0.021809 0.113465 0.094568 -0.925289 -1.719460 -0.948410 1.622535 -0.020039 -1.000000 
-0.020891 0.115676 0.086717 -1.037361 -1.726899 -0.908274 1.622323 -0.034307 -1.000000 
-0.019960 0.116949 0.077976 -1.147227 -1.733945 -0.850234 1.621959 -0.059185 -1.000000 
-0.019023 0.117165 0.068375 -1.251743 -1.740455 -0.774502 1.621320 -0.105312 -1.000000 
-0.018089 0.116281 0.057971 -1.347670 -1.746292 -0.682075 1.620151 -0.198675 -1.000000 
-0.017165 0.114382 0.046844 -1.431863 -1.751329 -0.574862 1.617831 -0.413260 -1.000000 
-0.016260 0.111813 0.035100 -1.501533 -1.755458 -0.455733 1.612576 -1.011559 -1.000000 
-0.015376 0.109496 0.022864 -1.554676 -1.758597 -0.327691 1.597581 -3.294780 -1.000000 
-0.014502 0.109792 0.010271 -1.590668 -1.760668 -0.186394 1.532002 -17.879875 -1.000000 
-0.013605 0.114745 -0.002532 -1.605981 -1.761547 -0.043371 1.081549 -113.623428 -1.000000 
-0.012674 0.117352 -0.015387 -1.607129 -1.761670 0.000600 0.104583 -92.769876 -1.000000 
-0.011733 0.117655 -0.028238 -1.605468 -1.761473 0.037358 0.196939 24.249701 1.000000 
-0.010793 0.117174 -0.041072 -1.602923 -1.761116 0.051781 0.312989 8.362584 1.000000 
-0.009858 0.116571 -0.053883 -1.599533 -1.760644 0.066381 0.358302 3.762587 1.000000 
-0.008928 0.115877 -0.066663 -1.595284 -1.760054 0.081063 0.380337 1.992402 1.000000 
-0.008004 0.115103 -0.079405 -1.590171 -1.759347 0.095723 0.392633 1.175942 1.000000 
-0.007087 0.114258 -0.092103 -1.584193 -1.758523 0.110286 0.400166 0.749622 1.000000 
-0.006176 0.113345 -0.104750 -1.577354 -1.757583 0.124695 0.405105 0.506054 1.000000 
-0.005273 0.112366 -0.117338 -1.569660 -1.756528 0.138903 0.408512 0.357082 1.000000 
-0.004379 0.111325 -0.129862 -1.561117 -1.755361 0.152871 0.410958 0.260975 1.000000 
-0.003492 0.110223 -0.142314 -1.551736 -1.754083 0.166564 0.412770 0.196256 1.000000 
-0.002615 0.109062 -0.154688 -1.541526 -1.752697 0.179950 0.414149 0.151111 1.000000 
-0.001748 0.107842 -0.166976 -1.530499 -1.751205 0.193001 0.415222 0.118681 1.000000 
-0.000890 0.106566 -0.179173 -1.518666 -1.749610 0.205687 0.416071 0.094796 1.000000 
-0.000043 0.105235 -0.191273 -1.506043 -1.747915 0.217984 0.416754 0.076824 1.000000 
0.000794 0.103851 -0.203268 -1.492642 -1.746123 0.229866 0.417311 0.063048 1.000000 
0.001619 0.102414 -0.215153 -1.478479 -1.744238 0.241311 0.417771 0.052314 1.000000 
0.002432 0.100927 -0.226922 -1.463570 -1.742263 0.252295 0.418154 0.043830 1.000000 
0.003234 0.099392 -0.238568 -1.447930 -1.740202 0.262798 0.418477 0.037038 1.000000 
0.004022 0.097809 -0.250087 -1.431579 -1.738060 0.272800 0.418750 0.031538 1.000000 
0.004798 0.096180 -0.261472 -1.414532 -1.735839 0.282283 0.418984 0.027038 1.000000 
0.005561 0.094507 -0.272717 -1.396808 -1.733545 0.291229 0.419185 0.023321 1.000000 
0.006310 0.092791 -0.283819 -1.378425 -1.731181 0.299622 0.419359 0.020225 1.000000 
0.007046 0.091034 -0.294770 -1.359404 -1.728752 0.307448 0.419510 0.017627 1.000000 
0.007767 0.089238 -0.305568 -1.339762 -1.726263 0.314693 0.419642 0.015430 1.000000 
0.008473 0.087405 -0.316205 -1.319519 -1.723719 0.321344 0.419758 0.013560 1.000000 
0.009165 0.085535 -0.326678 -1.298696 -1.721123 0.327390 0.419860 0.011960 1.000000 
0.009842 0.083631 -0.336983 -1.277312 -1.718482 0.332823 0.419950 0.010581 1.000000 
0.010503 0.081694 -0.347114 -1.255387 -1.715800 0.337632 0.420029 0.009388 1.000000 
0.011149 0.079726 -0.357068 -1.232940 -1.713082 0.341812 0.420100 0.008350 1.000000 
0.011779 0.077729 -0.366840 -1.209994 -1.710333 0.345355 0.420163 0.007443 1.000000 
0.012392 0.075703 -0.376426 -1.186566 -1.707558 0.348257 0.420220 0.006647 1.000000 
0.012990 0.073651 -0.385823 -1.162678 -1.704762 0.350516 0.420270 0.005945 1.000000 
0.013571 0.071574 -0.395028 -1.138348 -1.701951 0.352128 0.420315 0.005324 1.000000 
0.014135 0.069474 -0.404036 -1.113597 -1.699130 0.353092 0.420355 0.004772 1.000000 
0.014682 0.067352 -0.412844 -1.088444 -1.696303 0.353409 0.420392 0.004280 1.000000 
0.015213 0.065210 -0.421450 -1.062907 -1.693477 0.353081 0.420424 0.003840 1.000000 
0.015726 0.063049 -0.429850 -1.037007 -1.690656 0.352110 0.420453 0.003446 1.000000 
0.016221 0.060870 -0.438041 -1.010760 -1.687845 0.350499 0.420479 0.003090 1.000000 
0.016700 0.058675 -0.446021 -0.984185 -1.685050 0.348254 0.420503 0.002769 1.000000 
0.017160 0.056466 -0.453787 -0.957300 -1.682275 0.345381 0.420524 0.002478 1.000000 
0.017603 0.054242 -0.461337 -0.930121 -1.679525 0.341886 0.420542 0.002214 1.000000 
0.018028 0.052007 -0.468668 -0.902666 -1.676806 0.337779 0.420559 0.001973 1.000000 
0.018435 0.049760 -0.475779 -0.874951 -1.674122 0.333069 0.420574 0.001752 1.000000 
0.018824 0.047504 -0.482667 -0.846991 -1.671479 0.327765 0.420587 0.001550 1.000000 
0.019195 0.045238 -0.489330 -0.818802 -1.668880 0.321879 0.420599 0.001365 1.000000 
0.019548 0.042965 -0.495767 -0.790398 -1.666330 0.315423 0.420609 0.001193 1.000000 
0.019882 0.040685 -0.501976 -0.761793 -1.663834 0.308410 0.420618 0.001035 1.000000 
0.020199 0.038399 -0.507955 -0.733001 -1.661397 0.300855 0.420626 0.000888 1.000000 
0.020497 0.036109 -0.513704 -0.704034 -1.659022 0.292772 0.420632 0.000751 1.000000 
0.020777 0.033814 -0.519220 -0.674906 -1.656714 0.284176 0.420638 0.000623 1.000000 
0.021038 0.031517 -0.524502 -0.645628 -1.654477 0.275084 0.420642 0.000503 1.000000 
0.021281 0.029217 -0.529549 -0.616212 -1.652314 0.265514 0.420646 0.000390 1.000000 
0.021505 0.026915 -0.534361 -0.586668 -1.650230 0.255483 0.420648 0.000284 1.000000 
0.021711 0.024613 -0.538936 -0.557005 -1.648227 0.245009 0.420650 0.000183 1.000000 
0.021899 0.022310 -0.543273 -0.527235 -1.646311 0.234113 0.420651 0.000088 1.000000 
0.022068 0.020008 -0.547371 -0.497366 -1.644483 0.222812 0.420652 -0.000004 1.000000 
0.022219 0.017707 -0.551230 -0.467407 -1.642747 0.211129 0.420651 -0.000091 1.000000 
0.022352 0.015408 -0.554849 -0.437366 -1.641105 0.199083 0.420650 -0.000175 1.000000 
0.022466 0.013110 -0.558228 -0.407250 -1.639562 0.186697 0.420649 -0.000256 1.000000 
0.022562 0.010816 -0.561365 -0.377067 -1.638119 0.173991 0.420646 -0.000334 1.000000 
0.022639 0.008524 -0.564261 -0.346823 -1.636779 0.160989 0.420643 -0.000411 1.000000 
0.022698 0.006236 -0.566914 -0.316525 -1.635544 0.147712 0.420640 -0.000485 1.000000 
0.022739 0.003952 -0.569325 -0.286180 -1.634416 0.134184 0.420635 -0.000559 1.000000 
0.022761 0.001672 -0.571493 -0.255791 -1.633398 0.120428 0.420631 -0.000631 1.000000 
0.022765 -0.000603 -0.573418 -0.225366 -1.632490 0.106468 0.420625 -0.000702 1.000000 
0.022752 -0.002873 -0.575099 -0.194909 -1.631695 0.092327 0.420619 -0.000773 1.000000 
0.022719 -0.005138 -0.576536 -0.164425 -1.631013 0.078030 0.420613 -0.000844 1.000000 
0.022669 -0.007397 -0.577730 -0.133917 -1.630447 0.063601 0.420606 -0.000915 1.000000 
0.022601 -0.009650 -0.578679 -0.103392 -1.629996 0.049065 0.420598 -0.000986 1.000000 
0.022515 -0.011897 -0.579384 -0.072853 -1.629662 0.034446 0.420590 -0.001059 1.000000 
0.022411 -0.014137 -0.579844 -0.042303 -1.629445 0.019768 0.420581 -0.001132 1.000000 
0.022289 -0.016371 -0.580061 -0.011748 -1.629346 0.005058 0.420572 -0.001206 1.000000 
0.022149 -0.018597 -0.580032 0.018809 -1.629364 -0.009662 0.420562 -0.001282 1.000000 
0.021991 -0.020816 -0.579760 0.049364 -1.629500 -0.024365 0.420552 -0.001360 1.000000 
0.021816 -0.023027 -0.579243 0.079913 -1.629754 -0.039026 0.420540 -0.001440 1.000000 
0.021623 -0.025230 -0.578481 0.110451 -1.630124 -0.053622 0.420528 -0.001522 1.000000 
0.021412 -0.027425 -0.577475 0.140976 -1.630611 -0.068128 0.420516 -0.001608 1.000000 
0.021184 -0.029611 -0.576226 0.171482 -1.631214 -0.082518 0.420503 -0.001696 1.000000 
0.020938 -0.031788 -0.574732 0.201965 -1.631931 -0.096768 0.420489 -0.001788 1.000000 
0.020675 -0.033956 -0.572994 0.232420 -1.632762 -0.110855 0.420474 -0.001885 1.000000 
0.020395 -0.036113 -0.571013 0.262843 -1.633705 -0.124754 0.420459 -0.001985 1.000000 
0.020098 -0.038261 -0.568789 0.293228 -1.634757 -0.138441 0.420442 -0.002091 1.000000 
0.019783 -0.040399 -0.566322 0.323570 -1.635919 -0.151894 0.420425 -0.002201 1.000000 
0.019451 -0.042525 -0.563612 0.353864 -1.637187 -0.165087 0.420407 -0.002318 1.000000 
0.019103 -0.044639 -0.560660 0.384102 -1.638560 -0.178000 0.420388 -0.002441 1.000000 
0.018737 -0.046742 -0.557466 0.414279 -1.640034 -0.190608 0.420368 -0.002572 1.000000 
0.018355 -0.048832 -0.554032 0.444388 -1.641608 -0.202891 0.420347 -0.002710 1.000000 
0.017956 -0.050909 -0.550356 0.474420 -1.643280 -0.214826 0.420325 -0.002857 1.000000 
0.017540 -0.052973 -0.546441 0.504370 -1.645045 -0.226393 0.420301 -0.003013 1.000000 
0.017108 -0.055022 -0.542287 0.534227 -1.646901 -0.237570 0.420276 -0.003179 1.000000 
0.016660 -0.057056 -0.537894 0.563984 -1.648845 -0.248337 0.420250 -0.003357 1.000000 
0.016195 -0.059074 -0.533263 0.593631 -1.650873 -0.258675 0.420223 -0.003548 1.000000 
0.015715 -0.061076 -0.528396 0.623159 -1.652982 -0.268566 0.420193 -0.003752 1.000000 
0.015218 -0.063060 -0.523293 0.652556 -1.655169 -0.277990 0.420163 -0.003971 1.000000 
0.014706 -0.065027 -0.517955 0.681813 -1.657429 -0.286930 0.420130 -0.004207 1.000000 
0.014178 -0.066974 -0.512384 0.710917 -1.659758 -0.295369 0.420095 -0.004462 1.000000 
0.013634 -0.068902 -0.506581 0.739857 -1.662153 -0.303291 0.420058 -0.004737 1.000000 
0.013076 -0.070809 -0.500547 0.768620 -1.664610 -0.310681 0.420019 -0.005035 1.000000 
0.012502 -0.072694 -0.494284 0.797193 -1.667123 -0.317524 0.419978 -0.005358 1.000000 
0.011913 -0.074556 -0.487793 0.825561 -1.669689 -0.323806 0.419934 -0.005709 1.000000 
0.011309 -0.076394 -0.481075 0.853712 -1.672302 -0.329515 0.419886 -0.006091 1.000000 
0.010690 -0.078208 -0.474134 0.881630 -1.674959 -0.334639 0.419836 -0.006508 1.000000 
0.010057 -0.079995 -0.466970 0.909300 -1.677655 -0.339166 0.419782 -0.006965 1.000000 
0.009410 -0.081755 -0.459586 0.936706 -1.680384 -0.343088 0.419724 -0.007465 1.000000 
0.008749 -0.083487 -0.451983 0.963831 -1.683143 -0.346394 0.419663 -0.008015 1.000000 
0.008075 -0.085190 -0.444165 0.990659 -1.685925 -0.349078 0.419596 -0.008620 1.000000 
0.007386 -0.086861 -0.436134 1.017173 -1.688726 -0.351132 0.419525 -0.009289 1.000000 
0.006685 -0.088501 -0.427891 1.043354 -1.691541 -0.352551 0.419447 -0.010029 1.000000 
0.005971 -0.090107 -0.419441 1.069185 -1.694365 -0.353330 0.419364 -0.010851 1.000000 
0.005243 -0.091679 -0.410785 1.094648 -1.697193 -0.353465 0.419273 -0.011767 1.000000 
0.004504 -0.093214 -0.401928 1.119722 -1.700019 -0.352955 0.419175 -0.012789 1.000000 
0.003752 -0.094713 -0.392871 1.144390 -1.702838 -0.351799 0.419068 -0.013935 1.000000 
0.002988 -0.096173 -0.383619 1.168632 -1.705646 -0.349996 0.418952 -0.015224 1.000000 
0.002213 -0.097592 -0.374174 1.192428 -1.708437 -0.347548 0.418824 -0.016678 1.000000 
0.001427 -0.098971 -0.364541 1.215759 -1.711205 -0.344458 0.418685 -0.018326 1.000000 
0.000630 -0.100307 -0.354723 1.238604 -1.713946 -0.340730 0.418531 -0.020200 1.000000 
-0.000178 -0.101599 -0.344725 1.260944 -1.716655 -0.336368 0.418361 -0.022342 1.000000 
-0.000995 -0.102846 -0.334549 1.282758 -1.719327 -0.331380 0.418172 -0.024800 1.000000 
-0.001823 -0.104046 -0.324202 1.304027 -1.721956 -0.325773 0.417963 -0.027635 1.000000 
-0.002660 -0.105198 -0.313687 1.324730 -1.724537 -0.319556 0.417729 -0.030923 1.000000 
-0.003506 -0.106301 -0.303008 1.344848 -1.727067 -0.312740 0.417467 -0.034757 1.000000 
-0.004361 -0.107354 -0.292171 1.364362 -1.729540 -0.305335 0.417171 -0.039257 1.000000 
-0.005224 -0.108354 -0.281180 1.383251 -1.731951 -0.297356 0.416836 -0.044573 1.000000 
-0.006094 -0.109302 -0.270040 1.401497 -1.734296 -0.288815 0.416455 -0.050899 1.000000 
-0.006972 -0.110195 -0.258757 1.419080 -1.736570 -0.279729 0.416019 -0.058487 1.000000 
0.000000 0.000000 0.000000 0.000000 0.000000 0.000000 0.000000 0.000000 0.000000 
