0.957235 -0.500964 -0.009485 0.530050 -1.669843 -0.529997 0.775373 0.010250 1.000000 
0.953055 -0.543930 -0.005247 0.529482 -1.674236 -0.568152 0.775455 0.010419 1.000000 
0.948531 -0.587294 -0.001014 0.528712 -1.678931 -0.605541 0.775539 0.010605 1.000000 
0.943658 -0.631072 0.003212 0.527735 -1.683923 -0.642106 0.775625 0.010809 1.000000 
0.938433 -0.675280 0.007429 0.526546 -1.689203 -0.677791 0.775712 0.011033 1.000000 
0.932852 -0.719931 0.011636 0.525136 -1.694765 -0.712539 0.775802 0.011278 1.000000 
0.926912 -0.765035 0.015831 0.523499 -1.700601 -0.746293 0.775893 0.011545 1.000000 
0.920610 -0.810599 0.020011 0.521627 -1.706703 -0.778996 0.775986 0.011835 1.000000 
0.913942 -0.856628 0.024176 0.519514 -1.713062 -0.810593 0.776082 0.012151 1.000000 
0.906903 -0.903124 0.028323 0.517150 -1.719669 -0.841025 0.776181 0.012494 1.000000 
0.899490 -0.950086 0.032450 0.514529 -1.726515 -0.870238 0.776282 0.012866 1.000000 
0.891700 -0.997509 0.036555 0.511641 -1.733589 -0.898175 0.776387 0.013270 1.000000 
0.883529 -1.045386 0.040635 0.508478 -1.740882 -0.924781 0.776495 0.013708 1.000000 
0.874973 -1.093706 0.044690 0.505031 -1.748382 -0.950003 0.776606 0.014184 1.000000 
0.866029 -1.142453 0.048715 0.501293 -1.756078 -0.973786 0.776722 0.014700 1.000000 
0.856693 -1.191611 0.052709 0.497253 -1.763959 -0.996077 0.776842 0.015261 1.000000 
0.846962 -1.241158 0.056670 0.492904 -1.772011 -1.016825 0.776966 0.015872 1.000000 
0.836833 -1.291068 0.060595 0.488237 -1.780224 -1.035979 0.777096 0.016536 1.000000 
0.826304 -1.341313 0.064481 0.483244 -1.788583 -1.053490 0.777231 0.017259 1.000000 
0.815371 -1.391861 0.068326 0.477916 -1.797075 -1.069311 0.777372 0.018048 1.000000 
0.804033 -1.442676 0.072127 0.472246 -1.805687 -1.083396 0.777520 0.018909 1.000000 
0.792288 -1.493717 0.075881 0.466226 -1.814405 -1.095701 0.777675 0.019852 1.000000 
0.780133 -1.544941 0.079586 0.459848 -1.823213 -1.106183 0.777838 0.020885 1.000000 
0.767568 -1.596301 0.083238 0.453106 -1.832099 -1.114804 0.778009 0.022018 1.000000 
0.754592 -1.647747 0.086834 0.445993 -1.841045 -1.121527 0.778190 0.023265 1.000000 
0.741204 -1.699224 0.090373 0.438503 -1.850038 -1.126318 0.778382 0.024639 1.000000 
0.727405 -1.750676 0.093849 0.430631 -1.859061 -1.129144 0.778585 0.026156 1.000000 
0.713194 -1.802040 0.097262 0.422373 -1.868099 -1.129978 0.778801 0.027837 1.000000 
0.698573 -1.853253 0.100606 0.413723 -1.877135 -1.128795 0.779031 0.029702 1.000000 
0.683542 -1.904248 0.103880 0.404680 -1.886154 -1.125573 0.779277 0.031778 1.000000 
0.668105 -1.954955 0.107080 0.395239 -1.895139 -1.120295 0.779540 0.034096 1.000000 
0.652264 -2.005301 0.110203 0.385400 -1.904073 -1.112947 0.779823 0.036692 1.000000 
0.636022 -2.055211 0.113245 0.375161 -1.912941 -1.103519 0.780128 0.039608 1.000000 
0.619382 -2.104607 0.116204 0.364523 -1.921724 -1.092006 0.780458 0.042896 1.000000 
0.602350 -2.153410 0.119077 0.353487 -1.930407 -1.078405 0.780815 0.046617 1.000000 
0.584929 -2.201538 0.121859 0.342054 -1.938973 -1.062721 0.781205 0.050844 1.000000 
0.567127 -2.248909 0.124549 0.330227 -1.947405 -1.044961 0.781630 0.055666 1.000000 
0.548949 -2.295438 0.127142 0.318010 -1.955687 -1.025138 0.782097 0.061191 1.000000 
0.530402 -2.341040 0.129636 0.305409 -1.963802 -1.003269 0.782612 0.067551 1.000000 
0.511495 -2.385628 0.132027 0.292428 -1.971734 -0.979376 0.783181 0.074909 1.000000 
0.492235 -2.429117 0.134314 0.279076 -1.979467 -0.953487 0.783813 0.083466 1.000000 
0.472632 -2.471420 0.136492 0.265360 -1.986984 -0.925633 0.784520 0.093474 1.000000 
0.452696 -2.512451 0.138558 0.251290 -1.994272 -0.895851 0.785314 0.105248 1.000000 
0.432437 -2.552124 0.140511 0.236875 -2.001313 -0.864182 0.786210 0.119186 1.000000 
0.411866 -2.590355 0.142348 0.222126 -2.008094 -0.830671 0.787228 0.135796 1.000000 
0.390995 -2.627060 0.144064 0.207057 -2.014599 -0.795369 0.788391 0.155727 1.000000 
0.369837 -2.662157 0.145660 0.191679 -2.020815 -0.758329 0.789730 0.179820 1.000000 
0.348405 -2.695566 0.147131 0.176006 -2.026728 -0.719609 0.791282 0.209164 1.000000 
0.326713 -2.727210 0.148475 0.160053 -2.032324 -0.679269 0.793095 0.245187 1.000000 
0.304775 -2.757012 0.149691 0.143835 -2.037592 -0.637371 0.795228 0.289760 1.000000 
0.282606 -2.784900 0.150776 0.127367 -2.042518 -0.593979 0.797760 0.345349 1.000000 
0.260222 -2.810804 0.151728 0.110664 -2.047092 -0.549156 0.800792 0.415195 1.000000 
0.237638 -2.834654 0.152546 0.093742 -2.051301 -0.502963 0.804453 0.503533 1.000000 
0.214873 -2.856386 0.153227 0.076616 -2.055136 -0.455459 0.808912 0.615805 1.000000 
0.191942 -2.875938 0.153771 0.059300 -2.058585 -0.406693 0.814387 0.758777 1.000000 
0.168864 -2.893247 0.154176 0.041807 -2.061639 -0.356704 0.821155 0.940319 1.000000 
0.145656 -2.908251 0.154440 0.024146 -2.064289 -0.305515 0.829557 1.168392 1.000000 
0.122338 -2.920889 0.154562 0.006327 -2.066525 -0.253131 0.839989 1.448391 1.000000 
0.098928 -2.931092 0.154540 -0.011647 -2.068336 -0.199529 0.852864 1.777804 1.000000 
0.075447 -2.938786 0.154375 -0.029772 -2.069714 -0.144668 0.868517 2.137829 1.000000 
0.051915 -2.943884 0.154064 -0.048044 -2.070647 -0.088496 0.887037 2.484852 1.000000 
0.028352 -2.946288 0.153606 -0.066456 -2.071126 -0.030984 0.908059 2.750799 1.000000 
0.004782 -2.945888 0.153000 -0.084985 -2.071139 0.027836 0.930639 2.863725 1.000000 
-0.018774 -2.942574 0.152246 -0.103595 -2.070677 0.087831 0.953363 2.785431 1.000000 
-0.042291 -2.936249 0.151342 -0.122234 -2.069732 0.148765 0.974748 2.537179 1.000000 
-0.065746 -2.926838 0.150290 -0.140840 -2.068296 0.210327 0.993685 2.186735 1.000000 
-0.089112 -2.914295 0.149089 -0.159349 -2.066366 0.272176 1.009667 1.809649 1.000000 
-0.112366 -2.898603 0.147741 -0.177702 -2.063941 0.333976 1.022714 1.459507 1.000000 
-0.135482 -2.879768 0.146247 -0.195844 -2.061023 0.395410 1.033160 1.161570 1.000000 
-0.158434 -2.857821 0.144608 -0.213727 -2.057616 0.456185 1.041452 0.920671 1.000000 
-0.181199 -2.832811 0.142828 -0.231308 -2.053727 0.516030 1.048028 0.731252 1.000000 
-0.203751 -2.804806 0.140908 -0.248545 -2.049363 0.574699 1.053265 0.584254 1.000000 
-0.226068 -2.773888 0.138852 -0.265402 -2.044535 0.631965 1.057465 0.470607 1.000000 
-0.248126 -2.740152 0.136663 -0.281847 -2.039256 0.687619 1.060863 0.382574 1.000000 
-0.269903 -2.703704 0.134344 -0.297849 -2.033538 0.741471 1.063638 0.314013 1.000000 
-0.291378 -2.664663 0.131898 -0.313381 -2.027397 0.793344 1.065927 0.260224 1.000000 
-0.312531 -2.623153 0.129331 -0.328419 -2.020850 0.843081 1.067832 0.217671 1.000000 
-0.333342 -2.579308 0.126645 -0.342942 -2.013914 0.890534 1.069432 0.183709 1.000000 
-0.353794 -2.533268 0.123845 -0.356929 -2.006608 0.935574 1.070789 0.156364 1.000000 
-0.373869 -2.485178 0.120936 -0.370367 -1.998952 0.978082 1.071948 0.134154 1.000000 
-0.393552 -2.435188 0.117921 -0.383240 -1.990966 1.017954 1.072946 0.115965 1.000000 
-0.412828 -2.383449 0.114805 -0.395538 -1.982672 1.055099 1.073812 0.100948 1.000000 
-0.431683 -2.330117 0.111594 -0.407253 -1.974092 1.089437 1.074568 0.088456 1.000000 
-0.450106 -2.275348 0.108291 -0.418379 -1.965248 1.120901 1.075232 0.077989 1.000000 
-0.468085 -2.219297 0.104901 -0.428912 -1.956165 1.149439 1.075820 0.069159 1.000000 
-0.485611 -2.162120 0.101430 -0.438851 -1.946865 1.175006 1.076342 0.061663 1.000000 
-0.502676 -2.103970 0.097881 -0.448198 -1.937373 1.197572 1.076809 0.055261 1.000000 
-0.519273 -2.045001 0.094260 -0.456954 -1.927712 1.217117 1.077229 0.049763 1.000000 
-0.535395 -1.985359 0.090572 -0.465126 -1.917907 1.233629 1.077608 0.045015 1.000000 
-0.551037 -1.925190 0.086820 -0.472720 -1.907982 1.247111 1.077951 0.040896 1.000000 
-0.566197 -1.864634 0.083010 -0.479745 -1.897961 1.257571 1.078263 0.037304 1.000000 
-0.580871 -1.803826 0.079145 -0.486211 -1.887869 1.265029 1.078549 0.034160 1.000000 
-0.595057 -1.742895 0.075232 -0.492130 -1.877729 1.269512 1.078811 0.031395 1.000000 
-0.608757 -1.681966 0.071273 -0.497515 -1.867565 1.271056 1.079052 0.028954 1.000000 
-0.621969 -1.621155 0.067273 -0.502380 -1.857400 1.269704 1.079275 0.026793 1.000000 
-0.634696 -1.560573 0.063236 -0.506740 -1.847257 1.265506 1.079481 0.024872 1.000000 
-0.646939 -1.500322 0.059166 -0.510612 -1.837159 1.258517 1.079673 0.023158 1.000000 
-0.658702 -1.440498 0.055067 -0.514012 -1.827128 1.248801 1.079852 0.021626 1.000000 
-0.669989 -1.381189 0.050943 -0.516958 -1.817185 1.236424 1.080020 0.020253 1.000000 
-0.680803 -1.322475 0.046797 -0.519468 -1.807352 1.221457 1.080177 0.019017 1.000000 
-0.691150 -1.264428 0.042633 -0.521560 -1.797649 1.203977 1.080324 0.017904 1.000000 
-0.701036 -1.207113 0.038453 -0.523252 -1.788095 1.184063 1.080464 0.016899 1.000000 
-0.710466 -1.150586 0.034262 -0.524563 -1.778710 1.161796 1.080595 0.015989 1.000000 
-0.719447 -1.094897 0.030061 -0.525512 -1.769512 1.137262 1.080720 0.015164 1.000000 
-0.727987 -1.040085 0.025855 -0.526116 -1.760520 1.110548 1.080838 0.014415 1.000000 
-0.736091 -0.986184 0.021644 -0.526393 -1.751749 1.081741 1.080950 0.013734 1.000000 
-0.743768 -0.933220 0.017433 -0.526361 -1.743217 1.050933 1.081058 0.013114 1.000000 
-0.751025 -0.881212 0.013223 -0.526037 -1.734939 1.018212 1.081160 0.012548 1.000000 
-0.757870 -0.830170 0.009017 -0.525438 -1.726931 0.983670 1.081259 0.012033 1.000000 
-0.764310 -0.780099 0.004817 -0.524578 -1.719205 0.947399 1.081353 0.011562 1.000000 
-0.770354 -0.730997 0.000625 -0.523473 -1.711777 0.909489 1.081444 0.011133 1.000000 
-0.776009 -0.682856 -0.003558 -0.522137 -1.704657 0.870032 1.081531 0.010741 1.000000 
-0.781282 -0.635660 -0.007729 -0.520583 -1.697860 0.829118 1.081616 0.010383 1.000000 
-0.786182 -0.589391 -0.011887 -0.518823 -1.691395 0.786836 1.081697 0.010056 1.000000 
-0.790715 -0.544020 -0.016030 -0.516869 -1.685274 0.743276 1.081777 0.009759 1.000000 
-0.794889 -0.499519 -0.020156 -0.514730 -1.679506 0.698525 1.081854 0.009489 1.000000 
-0.798710 -0.455851 -0.024265 -0.512416 -1.674101 0.652670 1.081929 0.009243 1.000000 
-0.802184 -0.412975 -0.028354 -0.509934 -1.669066 0.605796 1.082002 0.009021 1.000000 
-0.805319 -0.370847 -0.032423 -0.507292 -1.664410 0.557989 1.082073 0.008821 1.000000 
-0.808120 -0.329420 -0.036471 -0.504494 -1.660140 0.509332 1.082143 0.008641 1.000000 
-0.810592 -0.288641 -0.040495 -0.501545 -1.656263 0.459907 1.082211 0.008480 1.000000 
-0.812740 -0.248455 -0.044495 -0.498449 -1.652784 0.409795 1.082279 0.008338 1.000000 
-0.814568 -0.208805 -0.048470 -0.495206 -1.649708 0.359076 1.082345 0.008213 1.000000 
-0.816082 -0.169629 -0.052418 -0.491819 -1.647040 0.307830 1.082410 0.008104 1.000000 
-0.817283 -0.130867 -0.056338 -0.488285 -1.644784 0.256136 1.082474 0.008012 1.000000 
-0.818177 -0.092454 -0.060230 -0.484604 -1.642943 0.204069 1.082538 0.007935 1.000000 
-0.818763 -0.054323 -0.064092 -0.480772 -1.641520 0.151708 1.082601 0.007873 1.000000 
-0.819046 -0.016409 -0.067922 -0.476785 -1.640516 0.099130 1.082664 0.007826 1.000000 
-0.819026 0.021357 -0.071720 -0.472638 -1.639934 0.046409 1.082727 0.007793 1.000000 
-0.818705 0.059043 -0.075484 -0.468324 -1.639774 -0.006379 1.082789 0.007774 1.000000 
-0.818082 0.096718 -0.079212 -0.463837 -1.640036 -0.059157 1.082851 0.007770 1.000000 
-0.817157 0.134449 -0.082905 -0.459166 -1.640720 -0.111850 1.082913 0.007779 1.000000 
-0.815930 0.172304 -0.086559 -0.454304 -1.641825 -0.164383 1.082976 0.007802 1.000000 
-0.814400 0.210351 -0.090173 -0.449238 -1.643349 -0.216678 1.083038 0.007839 1.000000 
-0.812564 0.248655 -0.093746 -0.443957 -1.645291 -0.268660 1.083101 0.007891 1.000000 
-0.810420 0.287280 -0.097276 -0.438449 -1.647647 -0.320251 1.083165 0.007957 1.000000 
-0.807966 0.326290 -0.100760 -0.432701 -1.650414 -0.371373 1.083228 0.008038 1.000000 
-0.805199 0.365745 -0.104198 -0.426699 -1.653587 -0.421948 1.083293 0.008134 1.000000 
-0.802113 0.405704 -0.107587 -0.420427 -1.657163 -0.471894 1.083359 0.008246 1.000000 
-0.798706 0.446220 -0.110924 -0.413871 -1.661136 -0.521133 1.083425 0.008375 1.000000 
-0.794972 0.487348 -0.114208 -0.407015 -1.665499 -0.569581 1.083493 0.008521 1.000000 
-0.790907 0.529135 -0.117436 -0.399842 -1.670247 -0.617156 1.083562 0.008685 1.000000 
-0.786504 0.571627 -0.120605 -0.392335 -1.675371 -0.663773 1.083632 0.008869 1.000000 
-0.781759 0.614865 -0.123712 -0.384478 -1.680864 -0.709347 1.083703 0.009072 1.000000 
-0.776664 0.658886 -0.126755 -0.376254 -1.686718 -0.753791 1.083777 0.009298 1.000000 
-0.771214 0.703721 -0.129731 -0.367645 -1.692922 -0.797017 1.083852 0.009546 1.000000 
-0.765402 0.749398 -0.132636 -0.358634 -1.699467 -0.838937 1.083930 0.009820 1.000000 
-0.759221 0.795938 -0.135468 -0.349204 -1.706341 -0.879459 1.084009 0.010120 1.000000 
-0.752665 0.843356 -0.138223 -0.339338 -1.713534 -0.918494 1.084092 0.010449 1.000000 
-0.745725 0.891664 -0.140896 -0.329020 -1.721033 -0.955949 1.084177 0.010811 1.000000 
-0.738396 0.940865 -0.143486 -0.318235 -1.728825 -0.991733 1.084265 0.011206 1.000000 
-0.730669 0.990956 -0.145987 -0.306967 -1.736896 -1.025753 1.084356 0.011640 1.000000 
-0.722538 1.041928 -0.148396 -0.295201 -1.745232 -1.057916 1.084451 0.012115 1.000000 
-0.713996 1.093764 -0.150709 -0.282925 -1.753817 -1.088129 1.084550 0.012637 1.000000 
-0.705036 1.146440 -0.152921 -0.270125 -1.762636 -1.116302 1.084653 0.013209 1.000000 
-0.695651 1.199926 -0.155029 -0.256792 -1.771672 -1.142341 1.084762 0.013838 1.000000 
-0.685835 1.254184 -0.157028 -0.242914 -1.780908 -1.166158 1.084875 0.014530 1.000000 
-0.675582 1.309166 -0.158914 -0.228484 -1.790325 -1.187665 1.084994 0.015293 1.000000 
-0.664886 1.364820 -0.160683 -0.213495 -1.799904 -1.206774 1.085120 0.016136 1.000000 
-0.653743 1.421083 -0.162329 -0.197942 -1.809627 -1.223402 1.085253 0.017069 1.000000 
-0.642148 1.477886 -0.163848 -0.181822 -1.819472 -1.237468 1.085393 0.018103 1.000000 
-0.630096 1.535151 -0.165236 -0.165134 -1.829419 -1.248895 1.085543 0.019254 1.000000 
-0.617584 1.592794 -0.166489 -0.147879 -1.839447 -1.257610 1.085702 0.020537 1.000000 
-0.604610 1.650722 -0.167601 -0.130060 -1.849533 -1.263543 1.085872 0.021972 1.000000 
-0.591172 1.708835 -0.168568 -0.111684 -1.859656 -1.266632 1.086054 0.023582 1.000000 
-0.577269 1.767025 -0.169386 -0.092759 -1.869792 -1.266818 1.086250 0.025395 1.000000 
-0.562900 1.825178 -0.170051 -0.073295 -1.879917 -1.264050 1.086461 0.027444 1.000000 
-0.548066 1.883174 -0.170558 -0.053306 -1.890009 -1.258283 1.086689 0.029769 1.000000 
-0.532770 1.940885 -0.170903 -0.032807 -1.900042 -1.249480 1.086938 0.032419 1.000000 
-0.517013 1.998179 -0.171081 -0.011818 -1.909992 -1.237610 1.087209 0.035453 1.000000 
-0.500801 2.054918 -0.171090 0.009640 -1.919835 -1.222653 1.087506 0.038943 1.000000 
-0.484137 2.110959 -0.170926 0.031543 -1.929546 -1.204596 1.087834 0.042981 1.000000 
-0.467027 2.166155 -0.170585 0.053864 -1.939100 -1.183435 1.088196 0.047677 1.000000 
-0.449481 2.220355 -0.170063 0.076573 -1.948473 -1.159178 1.088599 0.053174 1.000000 
-0.431505 2.273408 -0.169358 0.099639 -1.957639 -1.131840 1.089049 0.059651 1.000000 
-0.413110 2.325158 -0.168468 0.123026 -1.966574 -1.101447 1.089556 0.067335 1.000000 
-0.394306 2.375449 -0.167389 0.146697 -1.975254 -1.068038 1.090131 0.076523 1.000000 
-0.375107 2.424124 -0.166120 0.170614 -1.983655 -1.031658 1.090786 0.087599 1.000000 
-0.355525 2.471028 -0.164659 0.194734 -1.991753 -0.992365 1.091539 0.101071 1.000000 
-0.335575 2.516005 -0.163004 0.219014 -1.999525 -0.950226 1.092411 0.117616 1.000000 
-0.315274 2.558904 -0.161154 0.243410 -2.006949 -0.905318 1.093431 0.138145 1.000000 
-0.294639 2.599574 -0.159109 0.267875 -2.014003 -0.857727 1.094635 0.163905 1.000000 
-0.273688 2.637869 -0.156868 0.292361 -2.020666 -0.807546 1.096072 0.196620 1.000000 
-0.252440 2.673649 -0.154432 0.316821 -2.026917 -0.754875 1.097806 0.238707 1.000000 
-0.230916 2.706776 -0.151799 0.341207 -2.032738 -0.699818 1.099925 0.293592 1.000000 
-0.209139 2.737121 -0.148973 0.365471 -2.038108 -0.642479 1.102551 0.366191 1.000000 
-0.187130 2.764556 -0.145952 0.389566 -2.043011 -0.582961 1.105850 0.463605 1.000000 
-0.164914 2.788964 -0.142740 0.413449 -2.047430 -0.521356 1.110061 0.596105 1.000000 
-0.142515 2.810227 -0.139338 0.437080 -2.051348 -0.457734 1.115520 0.778371 1.000000 
-0.119959 2.828233 -0.135748 0.460424 -2.054748 -0.392131 1.122701 1.030623 1.000000 
-0.097272 2.842865 -0.131972 0.483454 -2.057616 -0.324528 1.132264 1.378176 1.000000 
-0.074482 2.853998 -0.128013 0.506155 -2.059935 -0.254816 1.145073 1.845392 1.000000 
-0.051618 2.861478 -0.123874 0.528522 -2.061687 -0.182770 1.162124 2.435610 1.000000 
-0.028709 2.865113 -0.119558 0.550559 -2.062852 -0.108044 1.184221 3.088778 1.000000 
-0.005787 2.864641 -0.115066 0.572252 -2.063408 -0.030253 1.211271 3.636488 1.000000 
0.017113 2.859740 -0.110403 0.593540 -2.063328 0.050800 1.241480 3.841250 1.000000 
0.039956 2.850075 -0.105571 0.614278 -2.062587 0.134855 1.271463 3.580050 1.000000 
0.062701 2.835373 -0.100576 0.634255 -2.061164 0.221169 1.297844 2.979630 1.000000 
0.085308 2.815469 -0.095426 0.653261 -2.059045 0.308770 1.318907 2.289855 1.000000 
0.107735 2.790305 -0.090127 0.671120 -2.056223 0.396714 1.334723 1.685947 1.000000 
0.129939 2.759906 -0.084691 0.687703 -2.052699 0.484178 1.346265 1.223439 1.000000 
0.151879 2.724363 -0.079128 0.702917 -2.048479 0.570450 1.354645 0.890538 1.000000 
0.173515 2.683824 -0.073448 0.716695 -2.043576 0.654904 1.360777 0.656286 1.000000 
0.194808 2.638486 -0.067664 0.728991 -2.038007 0.736993 1.365330 0.491705 1.000000 
0.215719 2.588583 -0.061788 0.739776 -2.031792 0.816228 1.368771 0.375003 1.000000 
0.236214 2.534383 -0.055832 0.749035 -2.024956 0.892180 1.371417 0.291065 1.000000 
0.256258 2.476182 -0.049808 0.756768 -2.017527 0.964469 1.373488 0.229704 1.000000 
0.275823 2.414297 -0.043728 0.762987 -2.009535 1.032764 1.375134 0.184098 1.000000 
0.294878 2.349062 -0.037604 0.767712 -2.001014 1.096776 1.376463 0.149651 1.000000 
0.313400 2.280827 -0.031448 0.770978 -1.991999 1.156259 1.377550 0.123233 1.000000 
0.331364 2.209948 -0.025272 0.772826 -1.982527 1.211007 1.378451 0.102682 1.000000 
0.348753 2.136788 -0.019087 0.773304 -1.972636 1.260853 1.379205 0.086482 1.000000 
0.365548 2.061710 -0.012903 0.772471 -1.962366 1.305666 1.379843 0.073557 1.000000 
0.381736 1.985077 -0.006731 0.770390 -1.951759 1.345353 1.380388 0.063128 1.000000 
0.397306 1.907245 -0.000580 0.767128 -1.940855 1.379854 1.380858 0.054627 1.000000 
0.412250 1.828562 0.005540 0.762759 -1.929695 1.409139 1.381266 0.047630 1.000000 
0.426562 1.749368 0.011622 0.757360 -1.918322 1.433212 1.381623 0.041820 1.000000 
0.440239 1.669985 0.017656 0.751010 -1.906778 1.452104 1.381938 0.036958 1.000000 
0.453282 1.590723 0.023635 0.743790 -1.895102 1.465872 1.382217 0.032858 1.000000 
0.465692 1.511873 0.029554 0.735782 -1.883337 1.474596 1.382465 0.029377 1.000000 
0.477474 1.433709 0.035406 0.727068 -1.871522 1.478379 1.382688 0.026402 1.000000 
0.488634 1.356482 0.041186 0.717730 -1.859696 1.477345 1.382889 0.023845 1.000000 
0.499180 1.280425 0.046888 0.707848 -1.847897 1.471631 1.383071 0.021635 1.000000 
0.509124 1.205746 0.052510 0.697499 -1.836162 1.461391 1.383236 0.019714 1.000000 
0.518476 1.132632 0.058047 0.686761 -1.824526 1.446791 1.383387 0.018038 1.000000 
0.527251 1.061248 0.063497 0.675705 -1.813024 1.428008 1.383525 0.016568 1.000000 
0.535461 0.991737 0.068858 0.664401 -1.801689 1.405226 1.383652 0.015275 1.000000 
0.543124 0.924218 0.074127 0.652913 -1.790551 1.378633 1.383770 0.014132 1.000000 
0.550254 0.858788 0.079304 0.641304 -1.779640 1.348425 1.383879 0.013118 1.000000 
0.556870 0.795525 0.084388 0.629629 -1.768985 1.314797 1.383980 0.012217 1.000000 
0.562989 0.734484 0.089378 0.617941 -1.758612 1.277947 1.384074 0.011414 1.000000 
0.568628 0.675701 0.094275 0.606285 -1.748546 1.238070 1.384163 0.010696 1.000000 
0.573806 0.619193 0.099079 0.594705 -1.738811 1.195360 1.384246 0.010053 1.000000 
0.578541 0.564958 0.103791 0.583235 -1.729427 1.150009 1.384324 0.009476 1.000000 
0.582851 0.512980 0.108411 0.571908 -1.720417 1.102202 1.384398 0.008957 1.000000 
0.586755 0.463223 0.112942 0.560750 -1.711798 1.052122 1.384467 0.008491 1.000000 
0.590269 0.415640 0.117384 0.549781 -1.703589 0.999944 1.384533 0.008072 1.000000 
0.593411 0.370166 0.121739 0.539018 -1.695804 0.945839 1.384597 0.007694 1.000000 
0.596197 0.326728 0.126008 0.528470 -1.688460 0.889970 1.384657 0.007355 1.000000 
0.598643 0.285238 0.130195 0.518144 -1.681569 0.832493 1.384714 0.007050 1.000000 
0.600766 0.245600 0.134299 0.508041 -1.675144 0.773559 1.384770 0.006777 1.000000 
0.602578 0.207705 0.138324 0.498155 -1.669196 0.713311 1.384823 0.006533 1.000000 
0.604093 0.171439 0.142270 0.488479 -1.663734 0.651885 1.384874 0.006316 1.000000 
0.605325 0.136679 0.146140 0.479000 -1.658768 0.589412 1.384924 0.006123 1.000000 
0.606284 0.103295 0.149935 0.469699 -1.654306 0.526014 1.384972 0.005954 1.000000 
0.606981 0.071151 0.153656 0.460555 -1.650354 0.461812 1.385019 0.005807 1.000000 
0.607425 0.040109 0.157304 0.451543 -1.646919 0.396916 1.385065 0.005681 1.000000 
0.607625 0.010022 0.160881 0.442632 -1.644005 0.331437 1.385110 0.005574 1.000000 
0.607588 -0.019255 0.164386 0.433790 -1.641617 0.265478 1.385154 0.005486 1.000000 
0.607319 -0.047875 0.167821 0.424979 -1.639758 0.199139 1.385198 0.005417 1.000000 
0.606823 -0.075988 0.171186 0.416159 -1.638432 0.132519 1.385241 0.005365 1.000000 
0.606104 -0.103749 0.174480 0.407287 -1.637639 0.065712 1.385284 0.005330 1.000000 
0.605164 -0.131310 0.177702 0.398317 -1.637380 -0.001186 1.385326 0.005312 1.000000 
0.604003 -0.158827 0.180853 0.389199 -1.637658 -0.068082 1.385369 0.005311 1.000000 
0.602622 -0.186451 0.183929 0.379881 -1.638470 -0.134883 1.385411 0.005326 1.000000 
0.601019 -0.214335 0.186930 0.370310 -1.639815 -0.201494 1.385454 0.005358 1.000000 
0.599192 -0.242628 0.189853 0.360430 -1.641693 -0.267820 1.385497 0.005407 1.000000 
0.597136 -0.271476 0.192696 0.350182 -1.644099 -0.333761 1.385541 0.005472 1.000000 
0.594846 -0.301023 0.195455 0.339506 -1.647032 -0.399218 1.385585 0.005555 1.000000 
0.592317 -0.331409 0.198127 0.328342 -1.650485 -0.464085 1.385630 0.005656 1.000000 
0.589541 -0.362767 0.200707 0.316626 -1.654455 -0.528253 1.385675 0.005775 1.000000 
0.586510 -0.395226 0.203191 0.304298 -1.658935 -0.591609 1.385722 0.005913 1.000000 
0.583214 -0.428910 0.205574 0.291292 -1.663918 -0.654032 1.385770 0.006071 1.000000 
0.579644 -0.463933 0.207850 0.277546 -1.669397 -0.715398 1.385819 0.006250 1.000000 
0.575787 -0.500403 0.210012 0.262997 -1.675362 -0.775576 1.385870 0.006451 1.000000 
0.571633 -0.538420 0.212055 0.247582 -1.681802 -0.834426 1.385923 0.006676 1.000000 
0.567168 -0.578072 0.213971 0.231242 -1.688708 -0.891804 1.385977 0.006927 1.000000 
0.562379 -0.619439 0.215753 0.213916 -1.696067 -0.947558 1.386034 0.007205 1.000000 
0.557252 -0.662586 0.217391 0.195548 -1.703865 -1.001528 1.386092 0.007514 1.000000 
0.551773 -0.707571 0.218878 0.176084 -1.712086 -1.053549 1.386154 0.007855 1.000000 
0.545926 -0.754433 0.220205 0.155473 -1.720716 -1.103448 1.386218 0.008232 1.000000 
0.539697 -0.803200 0.221363 0.133669 -1.729735 -1.151045 1.386286 0.008649 1.000000 
0.533070 -0.853884 0.222341 0.110629 -1.739126 -1.196155 1.386357 0.009111 1.000000 
0.526030 -0.906481 0.223130 0.086317 -1.748867 -1.238587 1.386432 0.009623 1.000000 
0.518561 -0.960971 0.223718 0.060702 -1.758936 -1.278147 1.386511 0.010191 1.000000 
0.510649 -1.017312 0.224097 0.033760 -1.769309 -1.314637 1.386595 0.010823 1.000000 
0.502279 -1.075449 0.224255 0.005474 -1.779961 -1.347853 1.386684 0.011527 1.000000 
0.493438 -1.135304 0.224181 -0.024166 -1.790865 -1.377596 1.386779 0.012315 1.000000 
0.484110 -1.196779 0.223865 -0.055160 -1.801993 -1.403663 1.386881 0.013198 1.000000 
0.474285 -1.259758 0.223295 -0.087499 -1.813313 -1.425854 1.386991 0.014193 1.000000 
0.463951 -1.324102 0.222461 -0.121164 -1.824796 -1.443972 1.387109 0.015317 1.000000 
0.453096 -1.389652 0.221353 -0.156129 -1.836406 -1.457828 1.387236 0.016593 1.000000 
0.441713 -1.456230 0.219960 -0.192352 -1.848109 -1.467238 1.387375 0.018049 1.000000 
0.429794 -1.523633 0.218272 -0.229783 -1.859869 -1.472029 1.387526 0.019719 1.000000 
0.417334 -1.591642 0.216280 -0.268361 -1.871649 -1.472040 1.387691 0.021645 1.000000 
0.404327 -1.660016 0.213975 -0.308011 -1.883409 -1.467123 1.387873 0.023880 1.000000 
0.390773 -1.728497 0.211349 -0.348649 -1.895109 -1.457147 1.388074 0.026492 1.000000 
0.376672 -1.796810 0.208395 -0.390177 -1.906709 -1.442001 1.388298 0.029566 1.000000 
0.362025 -1.864661 0.205105 -0.432486 -1.918167 -1.421594 1.388549 0.033213 1.000000 
0.346839 -1.931746 0.201473 -0.475456 -1.929440 -1.395857 1.388831 0.037578 1.000000 
0.331120 -1.997745 0.197496 -0.518956 -1.940486 -1.364749 1.389152 0.042851 1.000000 
0.314879 -2.062330 0.193169 -0.562846 -1.951262 -1.328253 1.389520 0.049287 1.000000 
0.298128 -2.125166 0.188490 -0.606973 -1.961724 -1.286381 1.389945 0.057233 1.000000 
0.280882 -2.185911 0.183457 -0.651179 -1.971830 -1.239176 1.390441 0.067168 1.000000 
0.263160 -2.244222 0.178071 -0.695298 -1.981537 -1.186709 1.391027 0.079761 1.000000 
0.244982 -2.299757 0.172333 -0.739156 -1.990804 -1.129082 1.391727 0.095973 1.000000 
0.226372 -2.352177 0.166246 -0.782576 -1.999589 -1.066427 1.392576 0.117205 1.000000 
0.207356 -2.401150 0.159813 -0.825378 -2.007853 -0.998903 1.393621 0.145551 1.000000 
0.187963 -2.446354 0.153042 -0.867381 -2.015559 -0.926694 1.394932 0.184224 1.000000 
0.168225 -2.487479 0.145938 -0.908405 -2.022669 -0.850000 1.396609 0.238281 1.000000 
0.148175 -2.524229 0.138510 -0.948273 -2.029147 -0.769035 1.398807 0.315929 1.000000 
0.127850 -2.556322 0.130769 -0.986818 -2.034962 -0.684004 1.401763 0.430895 1.000000 
0.107287 -2.583493 0.122725 -1.023883 -2.040081 -0.595077 1.405862 0.606795 1.000000 
0.086528 -2.605481 0.114391 -1.059332 -2.044473 -0.502342 1.411742 0.885101 1.000000 
0.065614 -2.622024 0.105781 -1.093057 -2.048108 -0.405699 1.420486 1.338311 1.000000 
0.044591 -2.632819 0.096907 -1.125003 -2.050953 -0.304674 1.433931 2.083789 1.000000 
0.023506 -2.637435 0.087785 -1.155182 -2.052968 -0.198038 1.454980 3.256699 1.000000 
0.002410 -2.635131 0.078429 -1.183675 -2.054100 -0.083301 1.487055 4.784619 1.000000 
-0.018635 -2.624559 0.068851 -1.210416 -2.054270 0.043068 1.530414 5.868240 1.000000 
-0.039555 -2.603842 0.059069 -1.234655 -2.053375 0.182623 1.576561 5.378864 1.000000 
-0.060265 -2.571513 0.049107 -1.254864 -2.051322 0.331773 1.613393 3.764075 1.000000 
-0.080667 -2.527072 0.039005 -1.269693 -2.048056 0.484922 1.637288 2.295318 1.000000 
-0.100666 -2.470585 0.028808 -1.278461 -2.043564 0.637937 1.651596 1.364907 1.000000 
-0.120166 -2.402441 0.018567 -1.280918 -2.037858 0.787899 1.660191 0.834162 1.000000 
-0.139076 -2.323314 0.008331 -1.277050 -2.030972 0.932479 1.665546 0.532259 1.000000 
-0.157312 -2.234114 -0.001850 -1.267001 -2.022957 1.069750 1.669035 0.354817 1.000000 
-0.174798 -2.135929 -0.011926 -1.251040 -2.013880 1.198130 1.671404 0.246065 1.000000 
-0.191466 -2.029976 -0.021851 -1.229539 -2.003814 1.316345 1.673075 0.176593 1.000000 
-0.207260 -1.917554 -0.031585 -1.202948 -1.992848 1.423402 1.674292 0.130503 1.000000 
-0.222133 -1.800007 -0.041086 -1.171781 -1.981072 1.518561 1.675202 0.098880 1.000000 
-0.236050 -1.678694 -0.050322 -1.136600 -1.968584 1.601324 1.675898 0.076534 1.000000 
-0.248986 -1.554955 -0.059263 -1.097997 -1.955484 1.671412 1.676442 0.060328 1.000000 
-0.260926 -1.430087 -0.067883 -1.056579 -1.941875 1.728751 1.676875 0.048302 1.000000 
-0.271867 -1.305320 -0.076162 -1.012959 -1.927858 1.773450 1.677223 0.039195 1.000000 
-0.281815 -1.181801 -0.084086 -0.967738 -1.913533 1.805781 1.677507 0.032171 1.000000 
-0.290782 -1.060576 -0.091643 -0.921498 -1.898998 1.826156 1.677742 0.026664 1.000000 
-0.298793 -0.942580 -0.098829 -0.874794 -1.884345 1.835109 1.677937 0.022280 1.000000 
-0.305874 -0.828633 -0.105640 -0.828141 -1.869665 1.833266 1.678101 0.018742 1.000000 
-0.312063 -0.719434 -0.112080 -0.782015 -1.855040 1.821330 1.678239 0.015849 1.000000 
-0.317400 -0.615560 -0.118155 -0.736843 -1.840548 1.800055 1.678355 0.013456 1.000000 
-0.321928 -0.517471 -0.123873 -0.693006 -1.826262 1.770230 1.678455 0.011452 1.000000 
-0.325695 -0.425513 -0.129248 -0.650834 -1.812245 1.732657 1.678539 0.009757 1.000000 
-0.328753 -0.339926 -0.134292 -0.610605 -1.798558 1.688137 1.678612 0.008307 1.000000 
-0.331152 -0.260852 -0.139023 -0.572550 -1.785251 1.637459 1.678673 0.007055 1.000000 
-0.332944 -0.188340 -0.143459 -0.536851 -1.772373 1.581381 1.678725 0.005964 1.000000 
-0.334183 -0.122362 -0.147619 -0.503648 -1.759962 1.520629 1.678769 0.005004 1.000000 
-0.334919 -0.062817 -0.151524 -0.473036 -1.748053 1.455882 1.678805 0.004152 1.000000 
-0.335204 -0.009546 -0.155195 -0.445073 -1.736677 1.387772 1.678835 0.003390 1.000000 
-0.335088 0.037665 -0.158653 -0.419781 -1.725856 1.316876 1.678860 0.002705 1.000000 
-0.334617 0.079071 -0.161919 -0.397152 -1.715613 1.243718 1.678879 0.002084 1.000000 
-0.333837 0.114962 -0.165014 -0.377147 -1.705962 1.168763 1.678893 0.001519 1.000000 
-0.332792 0.145657 -0.167960 -0.359705 -1.696916 1.092422 1.678903 0.001003 1.000000 
-0.331301 0.154260 -0.170663 -0.353081 -1.695507 1.014834 1.678911 0.000919 1.000000 
-0.329733 0.158833 -0.173305 -0.348592 -1.695662 0.937087 1.678919 0.000923 1.000000 
-0.328151 0.163505 -0.175920 -0.344221 -1.695817 0.859307 1.678927 0.000927 1.000000 
-0.326554 0.168274 -0.178511 -0.339952 -1.695972 0.781496 1.678934 0.000932 1.000000 
-0.324943 0.173138 -0.181079 -0.335769 -1.696127 0.703652 1.678942 0.000938 1.000000 
-0.323317 0.178094 -0.183624 -0.331658 -1.696283 0.625778 1.678950 0.000944 1.000000 
-0.321675 0.183138 -0.186148 -0.327602 -1.696438 0.547872 1.678958 0.000950 1.000000 
-0.320017 0.188267 -0.188652 -0.323588 -1.696594 0.469937 1.678966 0.000956 1.000000 
-0.318343 0.193476 -0.191137 -0.319601 -1.696750 0.391971 1.678974 0.000963 1.000000 
-0.316651 0.198760 -0.193604 -0.315625 -1.696905 0.313976 1.678982 0.000971 1.000000 
-0.314943 0.204113 -0.196053 -0.311647 -1.697061 0.235952 1.678990 0.000978 1.000000 
-0.313217 0.209529 -0.198485 -0.307653 -1.697217 0.157898 1.678997 0.000986 1.000000 
-0.311472 0.215002 -0.200901 -0.303629 -1.697373 0.079815 1.679005 0.000994 1.000000 
-0.309710 0.220523 -0.203300 -0.299561 -1.697530 0.001703 1.679013 0.001002 1.000000 
-0.307923 0.226109 -0.205680 -0.295411 -1.697851 -0.076426 1.679022 0.001020 1.000000 
-0.306091 0.231971 -0.208026 -0.290983 -1.698775 -0.154525 1.679030 0.001070 1.000000 
-0.304210 0.238418 -0.210334 -0.286030 -1.700324 -0.232555 1.679039 0.001154 1.000000 
-0.302274 0.245754 -0.212600 -0.280301 -1.702496 -0.310474 1.679048 0.001273 1.000000 
-0.300275 0.254273 -0.214816 -0.273535 -1.705291 -0.388224 1.679059 0.001426 1.000000 
-0.298201 0.264265 -0.216973 -0.265467 -1.708707 -0.465733 1.679071 0.001613 1.000000 
-0.296042 0.276009 -0.219059 -0.255826 -1.712742 -0.542910 1.679085 0.001835 1.000000 
-0.293780 0.289775 -0.221061 -0.244338 -1.717392 -0.619639 1.679101 0.002093 1.000000 
-0.291399 0.305820 -0.222963 -0.230724 -1.722654 -0.695777 1.679119 0.002387 1.000000 
-0.288880 0.324389 -0.224747 -0.214706 -1.728523 -0.771151 1.679139 0.002718 1.000000 
-0.286202 0.345712 -0.226391 -0.196005 -1.734990 -0.845553 1.679162 0.003087 1.000000 
-0.283341 0.369999 -0.227875 -0.174348 -1.742048 -0.918737 1.679189 0.003497 1.000000 
-0.280273 0.397440 -0.229172 -0.149466 -1.749686 -0.990418 1.679218 0.003949 1.000000 
-0.276973 0.428199 -0.230257 -0.121103 -1.757890 -1.060269 1.679252 0.004448 1.000000 
-0.273413 0.462414 -0.231100 -0.089014 -1.766644 -1.127918 1.679290 0.004996 1.000000 
-0.269565 0.500188 -0.231671 -0.052974 -1.775930 -1.192952 1.679332 0.005600 1.000000 
-0.265400 0.541588 -0.231937 -0.012783 -1.785723 -1.254910 1.679379 0.006266 1.000000 
-0.260890 0.586639 -0.231864 0.031731 -1.795999 -1.313290 1.679432 0.007004 1.000000 
-0.256004 0.635321 -0.231417 0.080704 -1.806725 -1.367548 1.679492 0.007824 1.000000 
-0.250715 0.687560 -0.230560 0.134233 -1.817867 -1.417103 1.679558 0.008741 1.000000 
-0.244994 0.743230 -0.229257 0.192362 -1.829385 -1.461341 1.679632 0.009773 1.000000 
-0.238815 0.802140 -0.227470 0.255084 -1.841233 -1.499625 1.679715 0.010944 1.000000 
-0.232152 0.864040 -0.225164 0.322330 -1.853361 -1.531296 1.679807 0.012285 1.000000 
-0.224983 0.928608 -0.222301 0.393964 -1.865714 -1.555691 1.679912 0.013835 1.000000 
-0.217288 0.995456 -0.218849 0.469775 -1.878231 -1.572149 1.680029 0.015647 1.000000 
-0.209051 1.064126 -0.214774 0.549476 -1.890845 -1.580027 1.680163 0.017791 1.000000 
-0.200259 1.134088 -0.210048 0.632700 -1.903487 -1.578712 1.680315 0.020362 1.000000 
-0.190903 1.204745 -0.204643 0.718995 -1.916079 -1.567638 1.680490 0.023491 1.000000 
-0.180983 1.275438 -0.198537 0.807827 -1.928542 -1.546301 1.680693 0.027361 1.000000 
-0.170498 1.345448 -0.191713 0.898577 -1.940791 -1.514278 1.680931 0.032232 1.000000 
-0.159459 1.414009 -0.184157 0.990552 -1.952741 -1.471239 1.681212 0.038487 1.000000 
-0.147880 1.480313 -0.175863 1.082986 -1.964301 -1.416965 1.681552 0.046699 1.000000 
-0.135782 1.543524 -0.166830 1.175048 -1.975382 -1.351361 1.681967 0.057757 1.000000 
-0.123194 1.602792 -0.157065 1.265860 -1.985893 -1.274464 1.682487 0.073083 1.000000 
-0.110151 1.657268 -0.146582 1.354503 -1.995744 -1.186449 1.683154 0.095056 1.000000 
-0.096693 1.706118 -0.135401 1.440040 -2.004847 -1.087627 1.684036 0.127836 1.000000 
-0.082870 1.748535 -0.123552 1.521532 -2.013118 -0.978430 1.685248 0.179129 1.000000 
-0.068736 1.783755 -0.111070 1.598064 -2.020476 -0.859375 1.686991 0.264207 1.000000 
-0.054351 1.811057 -0.097999 1.668769 -2.026843 -0.730979 1.689650 0.415883 1.000000 
-0.039782 1.829743 -0.084387 1.732870 -2.032147 -0.593564 1.694020 0.711807 1.000000 
-0.025100 1.839061 -0.070292 1.789751 -2.036315 -0.446694 1.701939 1.356581 1.000000 
-0.010385 1.837867 -0.055772 1.839135 -2.039262 -0.287277 1.718129 2.933927 1.000000 
0.004270 1.822979 -0.040885 1.881548 -2.040844 -0.101361 1.755029 6.794708 1.000000 
0.018711 1.779832 -0.025684 1.916901 -2.040670 0.167383 1.829088 10.758768 1.000000 
0.032566 1.670530 -0.010298 1.919019 -2.037744 0.582767 1.898225 5.581386 1.000000 
0.045257 1.492643 0.004806 1.842979 -2.031275 1.030267 1.924593 1.725469 1.000000 
0.056304 1.260823 0.018972 1.685813 -2.021375 1.435312 1.932981 0.598432 1.000000 
0.065315 0.985966 0.031594 1.459598 -2.008495 1.771020 1.936105 0.243291 1.000000 
0.072010 0.684986 0.042190 1.182552 -1.993276 2.018123 1.937432 0.108081 1.000000 
0.076255 0.376749 0.050436 0.875690 -1.976465 2.168375 1.938027 0.048059 1.000000 
0.078064 0.078389 0.056176 0.559441 -1.958835 2.223873 1.938279 0.018147 1.000000 
0.077572 -0.196708 0.059409 0.251246 -1.941110 2.194344 1.938353 0.001843 1.000000 
0.075861 -0.179026 0.060907 0.164778 -1.938962 2.125551 1.938366 0.000303 1.000000 
0.074573 -0.121433 0.061954 0.116167 -1.939096 2.054370 1.938376 0.000256 1.000000 
0.073724 -0.065946 0.062623 0.073266 -1.939239 1.980442 1.938382 0.000180 1.000000 
0.073294 -0.013643 0.062955 0.034979 -1.939389 1.904107 1.938386 0.000076 1.000000 
0.073253 0.034688 0.062984 0.000353 -1.939545 1.825710 1.938386 -0.000056 1.000000 
0.073568 0.078505 0.062737 -0.031393 -1.939707 1.745597 1.938384 -0.000212 1.000000 
0.074202 0.117477 0.062237 -0.060873 -1.939872 1.664099 1.938378 -0.000389 1.000000 
0.075116 0.151442 0.061502 -0.088534 -1.940041 1.581526 1.938370 -0.000583 1.000000 
0.076271 0.180382 0.060546 -0.114685 -1.940212 1.498163 1.938360 -0.000789 1.000000 
0.077627 0.204394 0.059384 -0.139514 -1.940385 1.414265 1.938348 -0.001003 1.000000 
0.079148 0.223663 0.058027 -0.163122 -1.940559 1.330053 1.938333 -0.001219 1.000000 
0.080798 0.238442 0.056488 -0.185540 -1.940734 1.245719 1.938316 -0.001436 1.000000 
0.082545 0.249037 0.054778 -0.206758 -1.940908 1.161421 1.938298 -0.001649 1.000000 
0.084358 0.255783 0.052908 -0.226745 -1.941082 1.077292 1.938278 -0.001855 1.000000 
0.086209 0.259041 0.050891 -0.245458 -1.941255 0.993435 1.938257 -0.002053 1.000000 
0.088076 0.259174 0.048738 -0.262864 -1.941428 0.909932 1.938234 -0.002241 1.000000 
0.089936 0.256545 0.046460 -0.278939 -1.941599 0.826845 1.938211 -0.002418 1.000000 
0.091771 0.251507 0.044070 -0.293681 -1.941769 0.744216 1.938186 -0.002583 1.000000 
0.093567 0.244395 0.041579 -0.307106 -1.941937 0.662076 1.938161 -0.002737 1.000000 
0.095309 0.235521 0.038996 -0.319255 -1.942104 0.580442 1.938134 -0.002880 1.000000 
0.096989 0.225171 0.036333 -0.330190 -1.942269 0.499322 1.938108 -0.003012 1.000000 
0.098597 0.213603 0.033599 -0.339991 -1.942433 0.418718 1.938080 -0.003135 1.000000 
0.100127 0.201045 0.030802 -0.348758 -1.942596 0.338623 1.938052 -0.003250 1.000000 
0.101574 0.187693 0.027948 -0.356606 -1.942757 0.259031 1.938024 -0.003357 1.000000 
0.102935 0.173716 0.025044 -0.363660 -1.942916 0.179929 1.937996 -0.003459 1.000000 
0.104209 0.159247 0.022096 -0.370057 -1.943075 0.101305 1.937967 -0.003556 1.000000 
0.105392 0.144396 0.019105 -0.375937 -1.943231 0.023146 1.937937 -0.003652 1.000000 
0.106482 0.129205 0.016075 -0.381443 -1.943450 -0.054598 1.937908 -0.003789 1.000000 
0.107452 0.113020 0.013002 -0.386772 -1.944197 -0.132165 1.937876 -0.004290 1.000000 
0.108285 0.094597 0.009886 -0.392223 -1.945564 -0.209428 1.937838 -0.005217 1.000000 
0.108957 0.072686 0.006725 -0.397992 -1.947546 -0.286125 1.937791 -0.006577 1.000000 
0.109435 0.046052 0.003517 -0.404153 -1.950139 -0.361881 1.937731 -0.008392 1.000000 
0.109678 0.013509 0.000258 -0.410658 -1.953333 -0.436178 1.937655 -0.010705 1.000000 
0.109632 -0.026051 -0.003054 -0.417334 -1.957112 -0.508316 1.937559 -0.013587 1.000000 
0.109239 -0.073612 -0.006419 -0.423885 -1.961458 -0.577397 1.937436 -0.017151 1.000000 
0.108431 -0.129984 -0.009835 -0.429899 -1.966340 -0.642309 1.937282 -0.021566 1.000000 
0.107135 -0.195738 -0.013295 -0.434850 -1.971720 -0.701728 1.937088 -0.027079 1.000000 
0.105274 -0.271145 -0.016788 -0.438115 -1.977549 -0.754139 1.936845 -0.034051 1.000000 
0.102771 -0.356099 -0.020298 -0.438990 -1.983763 -0.797871 1.936538 -0.043006 1.000000 
0.099552 -0.450058 -0.023803 -0.436721 -1.990287 -0.831164 1.936149 -0.054711 1.000000 
0.095549 -0.551986 -0.027275 -0.430537 -1.997029 -0.852260 1.935652 -0.070309 1.000000 
0.090703 -0.660321 -0.030679 -0.419696 -2.003886 -0.859511 1.935010 -0.091523 1.000000 
0.084972 -0.772978 -0.033976 -0.403538 -2.010741 -0.851515 1.934166 -0.121003 1.000000 
0.078331 -0.887385 -0.037120 -0.381534 -2.017467 -0.827263 1.933041 -0.162882 1.000000 
0.070777 -1.000577 -0.040064 -0.353344 -2.023932 -0.786275 1.931510 -0.223672 1.000000 
0.062333 -1.109334 -0.042757 -0.318859 -2.030003 -0.728733 1.929385 -0.313620 1.000000 
0.053048 -1.210368 -0.045149 -0.278241 -2.035550 -0.655568 1.926373 -0.448340 1.000000 
0.042996 -1.300540 -0.047194 -0.231948 -2.040455 -0.568515 1.922034 -0.649397 1.000000 
0.032276 -1.377076 -0.048848 -0.180777 -2.044616 -0.470144 1.915745 -0.938819 1.000000 
0.021005 -1.437795 -0.050076 -0.125948 -2.047956 -0.363968 1.906773 -1.316231 1.000000 
0.009317 -1.481388 -0.050858 -0.069250 -2.050431 -0.254628 1.894625 -1.713046 1.000000 
-0.002651 -1.507872 -0.051186 -0.012969 -2.052037 -0.147654 1.879726 -1.974582 1.000000 
-0.014767 -1.518855 -0.051072 0.040768 -2.052813 -0.047929 1.863766 -1.966971 1.000000 
-0.026918 -1.516959 -0.050543 0.090835 -2.052829 0.042226 1.848908 -1.718342 1.000000 
-0.039011 -1.504710 -0.049629 0.137165 -2.052162 0.123072 1.836530 -1.372024 1.000000 
-0.050971 -1.483959 -0.048357 0.180163 -2.050881 0.195931 1.826896 -1.045454 1.000000 
-0.062735 -1.455955 -0.046754 0.220237 -2.049046 0.262008 1.819624 -0.784486 1.000000 
-0.074249 -1.421599 -0.044841 0.257655 -2.046705 0.322051 1.814164 -0.590631 1.000000 
-0.085466 -1.381621 -0.042638 0.292555 -2.043908 0.376419 1.810030 -0.450489 1.000000 
-0.096342 -1.336685 -0.040166 0.324995 -2.040698 0.425232 1.806852 -0.349567 1.000000 
-0.106841 -1.287426 -0.037445 0.354992 -2.037119 0.468480 1.804364 -0.276326 1.000000 
-0.116931 -1.234468 -0.034493 0.382549 -2.033217 0.506108 1.802379 -0.222468 1.000000 
-0.126585 -1.178423 -0.031330 0.407674 -2.029036 0.538053 1.800768 -0.182252 1.000000 
-0.135779 -1.119892 -0.027977 0.430383 -2.024623 0.564276 1.799437 -0.151742 1.000000 
-0.144498 -1.059454 -0.024451 0.450710 -2.020023 0.584774 1.798321 -0.128237 1.000000 
-0.152727 -0.997661 -0.020771 0.468706 -2.015282 0.599589 1.797372 -0.109864 1.000000 
-0.160458 -0.935032 -0.016957 0.484441 -2.010445 0.608805 1.796554 -0.095307 1.000000 
-0.167686 -0.872046 -0.013026 0.498001 -2.005556 0.612553 1.795839 -0.083631 1.000000 
-0.174411 -0.809134 -0.008995 0.509485 -2.000658 0.611002 1.795210 -0.074161 1.000000 
-0.180634 -0.746682 -0.004880 0.519005 -1.995793 0.604359 1.794648 -0.066404 1.000000 
-0.186360 -0.685020 -0.000696 0.526682 -1.991001 0.592861 1.794143 -0.059996 1.000000 
-0.191597 -0.624429 0.003543 0.532639 -1.986320 0.576770 1.793686 -0.054661 1.000000 
-0.196354 -0.565133 0.007822 0.537006 -1.981784 0.556368 1.793267 -0.050193 1.000000 
-0.200643 -0.507306 0.012131 0.539909 -1.977429 0.531952 1.792881 -0.046434 1.000000 
-0.204475 -0.451068 0.016457 0.541474 -1.973283 0.503829 1.792522 -0.043260 1.000000 
-0.207865 -0.396492 0.020791 0.541818 -1.969376 0.472310 1.792187 -0.040575 1.000000 
-0.210824 -0.343605 0.025123 0.541053 -1.965734 0.437710 1.791872 -0.038307 1.000000 
-0.213367 -0.292392 0.029445 0.539280 -1.962380 0.400341 1.791573 -0.036394 1.000000 
-0.215506 -0.242798 0.033749 0.536589 -1.959335 0.360512 1.791289 -0.034792 1.000000 
-0.217256 -0.194735 0.038029 0.533056 -1.956618 0.318527 1.791016 -0.033463 1.000000 
-0.218626 -0.148085 0.042276 0.528746 -1.954244 0.274683 1.790753 -0.032380 1.000000 
-0.219628 -0.102704 0.046486 0.523708 -1.952227 0.229272 1.790497 -0.031519 1.000000 
-0.220272 -0.058425 0.050654 0.517976 -1.950579 0.182576 1.790248 -0.030864 1.000000 
-0.220566 -0.015068 0.054772 0.511570 -1.949309 0.134874 1.790003 -0.030403 1.000000 
-0.220515 0.027562 0.058837 0.504494 -1.948423 0.086436 1.789761 -0.030128 1.000000 
-0.220126 0.069668 0.062842 0.496739 -1.947927 0.037530 1.789520 -0.030033 1.000000 
-0.219401 0.111456 0.066783 0.488281 -1.947823 -0.011582 1.789280 -0.030118 1.000000 
-0.218343 0.153132 0.070653 0.479081 -1.948112 -0.060638 1.789038 -0.030383 1.000000 
-0.216951 0.194898 0.074446 0.469090 -1.948792 -0.109378 1.788793 -0.030835 1.000000 
-0.215224 0.236946 0.078156 0.458245 -1.949861 -0.157540 1.788544 -0.031482 1.000000 
-0.213159 0.279457 0.081776 0.446476 -1.951311 -0.204861 1.788289 -0.032336 1.000000 
-0.210751 0.322595 0.085297 0.433701 -1.953135 -0.251075 1.788026 -0.033414 1.000000 
-0.207995 0.366505 0.088712 0.419834 -1.955324 -0.295912 1.787754 -0.034736 1.000000 
-0.204884 0.411307 0.092011 0.404782 -1.957866 -0.339098 1.787470 -0.036330 1.000000 
-0.201412 0.457094 0.095185 0.388449 -1.960745 -0.380356 1.787172 -0.038229 1.000000 
-0.197568 0.503930 0.098223 0.370741 -1.963945 -0.419404 1.786857 -0.040475 1.000000 
-0.193346 0.551845 0.101113 0.351564 -1.967449 -0.455958 1.786523 -0.043118 1.000000 
-0.188736 0.600831 0.103844 0.330828 -1.971233 -0.489734 1.786166 -0.046221 1.000000 
-0.183730 0.650845 0.106402 0.308450 -1.975276 -0.520446 1.785782 -0.049864 1.000000 
-0.178320 0.701799 0.108774 0.284360 -1.979552 -0.547818 1.785366 -0.054141 1.000000 
-0.172499 0.753569 0.110947 0.258499 -1.984032 -0.571576 1.784914 -0.059175 1.000000 
-0.166261 0.805983 0.112905 0.230823 -1.988686 -0.591461 1.784417 -0.065114 1.000000 
-0.159602 0.858831 0.114635 0.201307 -1.993484 -0.607230 1.783869 -0.072147 1.000000 
-0.152519 0.911859 0.116121 0.169949 -1.998391 -0.618659 1.783259 -0.080510 1.000000 
-0.145012 0.964775 0.117349 0.136770 -2.003371 -0.625555 1.782576 -0.090504 1.000000 
-0.137084 1.017249 0.118305 0.101815 -2.008387 -0.627754 1.781806 -0.102510 1.000000 
-0.128739 1.068920 0.118974 0.065157 -2.013402 -0.625133 1.780930 -0.117011 1.000000 
-0.119984 1.119400 0.119343 0.026900 -2.018376 -0.617611 1.779925 -0.134630 1.000000 
-0.110832 1.168275 0.119400 -0.012826 -2.023270 -0.605159 1.778765 -0.156157 1.000000 
-0.101297 1.215123 0.119134 -0.053861 -2.028045 -0.587803 1.777414 -0.182604 1.000000 
-0.091397 1.259510 0.118536 -0.096018 -2.032662 -0.565628 1.775827 -0.215246 1.000000 
-0.081153 1.301009 0.117596 -0.139082 -2.037083 -0.538782 1.773949 -0.255674 1.000000 
-0.070590 1.339203 0.116309 -0.182815 -2.041271 -0.507481 1.771710 -0.305812 1.000000 
-0.059736 1.373698 0.114670 -0.226958 -2.045192 -0.472006 1.769024 -0.367875 1.000000 
-0.048621 1.404133 0.112677 -0.271235 -2.048813 -0.432709 1.765786 -0.444180 1.000000 
-0.037281 1.430191 0.110330 -0.315358 -2.052106 -0.390006 1.761874 -0.536685 1.000000 
-0.025751 1.451610 0.107632 -0.359031 -2.055045 -0.344380 1.757154 -0.646103 1.000000 
-0.014068 1.468190 0.104588 -0.401952 -2.057610 -0.296374 1.751496 -0.770471 1.000000 
-0.002273 1.479808 0.101204 -0.443823 -2.059782 -0.246586 1.744803 -0.903356 1.000000 
0.009595 1.486424 0.097490 -0.484352 -2.061552 -0.195659 1.737052 -1.032511 1.000000 
0.021497 1.488084 0.093459 -0.523268 -2.062912 -0.144260 1.728339 -1.140520 1.000000 
0.033392 1.484926 0.089123 -0.560328 -2.063861 -0.093045 1.718910 -1.208842 1.000000 
0.045243 1.477166 0.084499 -0.595339 -2.064402 -0.042613 1.709139 -1.224502 1.000000 
0.057015 1.465072 0.079603 -0.628169 -2.064546 0.006545 1.699464 -1.185679 1.000000 
0.068674 1.448939 0.074454 -0.658746 -2.064302 0.054072 1.690288 -1.102189 1.000000 
0.080188 1.429061 0.069069 -0.687048 -2.063686 0.099731 1.681904 -0.990664 1.000000 
0.091529 1.405716 0.063467 -0.713090 -2.062712 0.143379 1.674466 -0.868143 1.000000 
0.102671 1.379158 0.057666 -0.736902 -2.061397 0.184925 1.668008 -0.747748 1.000000 
0.113588 1.349624 0.051683 -0.758522 -2.059759 0.224301 1.662475 -0.637436 1.000000 
0.124258 1.317339 0.045535 -0.777990 -2.057814 0.261442 1.657772 -0.540791 1.000000 
0.134659 1.282516 0.039241 -0.795345 -2.055582 0.296279 1.653784 -0.458478 1.000000 
0.144772 1.245367 0.032815 -0.810625 -2.053080 0.328736 1.650401 -0.389556 1.000000 
0.154579 1.206100 0.026276 -0.823871 -2.050329 0.358738 1.647520 -0.332385 1.000000 
0.164064 1.164922 0.019639 -0.835127 -2.047347 0.386207 1.645056 -0.285160 1.000000 
0.173213 1.122040 0.012919 -0.844439 -2.044156 0.411074 1.642935 -0.246176 1.000000 
0.182013 1.077657 0.006133 -0.851858 -2.040777 0.433273 1.641099 -0.213941 1.000000 
0.190452 1.031974 -0.000706 -0.857441 -2.037231 0.452752 1.639498 -0.187200 1.000000 
0.198521 0.985189 -0.007582 -0.861250 -2.033540 0.469468 1.638092 -0.164925 1.000000 
0.206213 0.937493 -0.014481 -0.863349 -2.029727 0.483392 1.636849 -0.146282 1.000000 
0.213519 0.889070 -0.021391 -0.863808 -2.025814 0.494510 1.635744 -0.130601 1.000000 
0.220436 0.840097 -0.028298 -0.862700 -2.021822 0.502820 1.634753 -0.117346 1.000000 
0.226960 0.790742 -0.035190 -0.860100 -2.017776 0.508336 1.633861 -0.106084 1.000000 
0.233088 0.741161 -0.042056 -0.856087 -2.013696 0.511083 1.633052 -0.096471 1.000000 
0.238818 0.691500 -0.048884 -0.850739 -2.009606 0.511101 1.632314 -0.088227 1.000000 
0.244152 0.641894 -0.055664 -0.844135 -2.005526 0.508442 1.631637 -0.081127 1.000000 
0.249089 0.592465 -0.062387 -0.836352 -2.001478 0.503170 1.631013 -0.074989 1.000000 
0.253632 0.543321 -0.069043 -0.827469 -1.997482 0.495359 1.630435 -0.069664 1.000000 
0.257783 0.494559 -0.075624 -0.817558 -1.993559 0.485093 1.629896 -0.065030 1.000000 
0.261546 0.446261 -0.082121 -0.806693 -1.989727 0.472465 1.629393 -0.060987 1.000000 
0.264925 0.398499 -0.088528 -0.794941 -1.986005 0.457576 1.628919 -0.057452 1.000000 
0.267924 0.351329 -0.094838 -0.782366 -1.982411 0.440532 1.628472 -0.054358 1.000000 
0.270548 0.304796 -0.101044 -0.769027 -1.978962 0.421448 1.628049 -0.051647 1.000000 
0.272802 0.258934 -0.107141 -0.754980 -1.975673 0.400443 1.627645 -0.049273 1.000000 
0.274692 0.213765 -0.113122 -0.740272 -1.972560 0.377639 1.627259 -0.047194 1.000000 
0.276224 0.169300 -0.118983 -0.724948 -1.969636 0.353162 1.626889 -0.045380 1.000000 
0.277403 0.125541 -0.124720 -0.709043 -1.966913 0.327143 1.626533 -0.043801 1.000000 
0.278235 0.082481 -0.130327 -0.692591 -1.964405 0.299712 1.626188 -0.042436 1.000000 
0.278725 0.040103 -0.135800 -0.675615 -1.962121 0.271004 1.625853 -0.041263 1.000000 
0.278878 -0.001615 -0.141135 -0.658134 -1.960072 0.241153 1.625527 -0.040268 1.000000 
0.278701 -0.042702 -0.146329 -0.640163 -1.958266 0.210295 1.625209 -0.039437 1.000000 
0.278197 -0.083193 -0.151376 -0.621708 -1.956710 0.178566 1.624896 -0.038760 1.000000 
0.277371 -0.123126 -0.156275 -0.602771 -1.955410 0.146103 1.624588 -0.038227 1.000000 
0.276228 -0.162545 -0.161019 -0.583348 -1.954374 0.113043 1.624284 -0.037832 1.000000 
0.274771 -0.201492 -0.165607 -0.563431 -1.953603 0.079523 1.623982 -0.037570 1.000000 
0.273005 -0.240014 -0.170033 -0.543005 -1.953102 0.045679 1.623682 -0.037438 1.000000 
0.270932 -0.278157 -0.174294 -0.522054 -1.952873 0.011649 1.623383 -0.037434 1.000000 
0.268556 -0.315966 -0.178384 -0.500555 -1.952916 -0.022432 1.623083 -0.037557 1.000000 
0.265878 -0.353486 -0.182301 -0.478485 -1.953231 -0.056427 1.622782 -0.037808 1.000000 
0.262900 -0.390758 -0.186039 -0.455816 -1.953818 -0.090200 1.622478 -0.038191 1.000000 
0.259626 -0.427819 -0.189592 -0.432518 -1.954674 -0.123616 1.622170 -0.038710 1.000000 
0.256056 -0.464704 -0.192957 -0.408560 -1.955795 -0.156541 1.621858 -0.039369 1.000000 
0.252191 -0.501441 -0.196127 -0.383910 -1.957177 -0.188839 1.621540 -0.040177 1.000000 
0.248033 -0.538053 -0.199098 -0.358537 -1.958814 -0.220377 1.621215 -0.041143 1.000000 
0.243583 -0.574557 -0.201862 -0.332409 -1.960700 -0.251023 1.620881 -0.042277 1.000000 
0.238840 -0.610962 -0.204414 -0.305495 -1.962828 -0.280646 1.620538 -0.043595 1.000000 
0.233807 -0.647269 -0.206748 -0.277768 -1.965187 -0.309114 1.620183 -0.045111 1.000000 
0.228484 -0.683473 -0.208856 -0.249202 -1.967770 -0.336300 1.619816 -0.046846 1.000000 
0.222872 -0.719556 -0.210733 -0.219774 -1.970565 -0.362077 1.619433 -0.048822 1.000000 
0.216972 -0.755496 -0.212370 -0.189467 -1.973559 -0.386323 1.619034 -0.051066 1.000000 
0.210785 -0.791257 -0.213762 -0.158267 -1.976741 -0.408918 1.618615 -0.053608 1.000000 
0.204312 -0.826797 -0.214900 -0.126168 -1.980097 -0.429745 1.618175 -0.056486 1.000000 
0.197557 -0.862062 -0.215778 -0.093168 -1.983612 -0.448692 1.617710 -0.059744 1.000000 
0.190520 -0.896991 -0.216388 -0.059274 -1.987271 -0.465655 1.617218 -0.063431 1.000000 
0.183206 -0.931512 -0.216724 -0.024497 -1.991057 -0.480533 1.616694 -0.067608 1.000000 
0.175617 -0.965543 -0.216778 0.011141 -1.994954 -0.493233 1.616135 -0.072346 1.000000 
0.167759 -0.998996 -0.216544 0.047609 -1.998943 -0.503671 1.615535 -0.077727 1.000000 
0.159635 -1.031772 -0.216014 0.084870 -2.003006 -0.511771 1.614889 -0.083851 1.000000 
0.151253 -1.063767 -0.215184 0.122876 -2.007125 -0.517469 1.614191 -0.090833 1.000000 
0.142617 -1.094869 -0.214046 0.161571 -2.011279 -0.520709 1.613433 -0.098813 1.000000 
0.133737 -1.124961 -0.212597 0.200887 -2.015449 -0.521450 1.612607 -0.107954 1.000000 
0.124621 -1.153921 -0.210831 0.240750 -2.019616 -0.519663 1.611702 -0.118451 1.000000 
0.115278 -1.181623 -0.208744 0.281075 -2.023757 -0.515332 1.610707 -0.130532 1.000000 
0.105719 -1.207940 -0.206333 0.321769 -2.027854 -0.508457 1.609609 -0.144471 1.000000 
0.095955 -1.232744 -0.203595 0.362729 -2.031886 -0.499053 1.608390 -0.160587 1.000000 
0.085999 -1.255907 -0.200528 0.403848 -2.035832 -0.487154 1.607033 -0.179250 1.000000 
0.075865 -1.277305 -0.197133 0.445007 -2.039674 -0.472806 1.605514 -0.200892 1.000000 
0.065567 -1.296815 -0.193409 0.486085 -2.043391 -0.456078 1.603809 -0.225998 1.000000 
0.055121 -1.314322 -0.189356 0.526952 -2.046965 -0.437053 1.601888 -0.255107 1.000000 
0.044544 -1.329718 -0.184978 0.567479 -2.050378 -0.415833 1.599715 -0.288791 1.000000 
0.033852 -1.342903 -0.180278 0.607528 -2.053613 -0.392537 1.597253 -0.327618 1.000000 
0.023064 -1.353790 -0.175259 0.646965 -2.056653 -0.367304 1.594458 -0.372092 1.000000 
0.012198 -1.362300 -0.169928 0.685652 -2.059485 -0.340287 1.591284 -0.422547 1.000000 
0.001273 -1.368373 -0.164291 0.723455 -2.062094 -0.311658 1.587681 -0.479003 1.000000 
-0.009690 -1.371960 -0.158356 0.760240 -2.064467 -0.281600 1.583605 -0.540967 1.000000 
-0.020671 -1.373030 -0.152131 0.795881 -2.066596 -0.250315 1.579015 -0.607201 1.000000 
-0.031651 -1.371572 -0.145625 0.830255 -2.068470 -0.218013 1.573884 -0.675505 1.000000 
-0.042610 -1.367590 -0.138850 0.863249 -2.070082 -0.184913 1.568210 -0.742600 1.000000 
-0.053526 -1.361108 -0.131817 0.894758 -2.071427 -0.151242 1.562017 -0.804220 1.000000 
-0.064381 -1.352169 -0.124538 0.924689 -2.072501 -0.117226 1.555370 -0.855523 1.000000 
-0.075155 -1.340832 -0.117026 0.952964 -2.073302 -0.083088 1.548369 -0.891831 1.000000 
-0.085828 -1.327172 -0.109295 0.979515 -2.073831 -0.049041 1.541150 -0.909553 1.000000 
-0.096383 -1.311276 -0.101359 1.004293 -2.074088 -0.015281 1.533870 -0.906997 1.000000 
-0.106803 -1.293239 -0.093232 1.027264 -2.074076 0.018015 1.526691 -0.884768 1.000000 
-0.117070 -1.273161 -0.084928 1.048405 -2.073801 0.050692 1.519759 -0.845562 1.000000 
-0.127168 -1.251145 -0.076462 1.067707 -2.073267 0.082618 1.513196 -0.793498 1.000000 
-0.137083 -1.227295 -0.067849 1.085171 -2.072481 0.113679 1.507085 -0.733218 1.000000 
-0.146800 -1.201710 -0.059104 1.100805 -2.071451 0.143778 1.501475 -0.669108 1.000000 
-0.156306 -1.174493 -0.050241 1.114624 -2.070184 0.172828 1.496380 -0.604784 1.000000 
-0.165588 -1.145742 -0.041275 1.126646 -2.068689 0.200752 1.491792 -0.542887 1.000000 
-0.174634 -1.115555 -0.032220 1.136892 -2.066975 0.227477 1.487683 -0.485116 1.000000 
-0.183433 -1.084029 -0.023089 1.145390 -2.065052 0.252936 1.484016 -0.432384 1.000000 
-0.191975 -1.051261 -0.013898 1.152166 -2.062931 0.277065 1.480750 -0.385022 1.000000 
-0.200251 -1.017348 -0.004659 1.157252 -2.060623 0.299805 1.477842 -0.342970 1.000000 
-0.208250 -0.982384 0.004614 1.160681 -2.058138 0.321097 1.475249 -0.305927 1.000000 
-0.215966 -0.946467 0.013907 1.162491 -2.055490 0.340889 1.472935 -0.273464 1.000000 
-0.223391 -0.909690 0.023209 1.162720 -2.052688 0.359134 1.470863 -0.245105 1.000000 
-0.230519 -0.872148 0.032507 1.161411 -2.049748 0.375786 1.469003 -0.220368 1.000000 
-0.237344 -0.833933 0.041788 1.158609 -2.046680 0.390809 1.467329 -0.198800 1.000000 
-0.243861 -0.795135 0.051041 1.154360 -2.043499 0.404169 1.465815 -0.179985 1.000000 
-0.250065 -0.755843 0.060254 1.148713 -2.040218 0.415840 1.464443 -0.163552 1.000000 
-0.255953 -0.716143 0.069417 1.141718 -2.036850 0.425801 1.463193 -0.149177 1.000000 
-0.261522 -0.676118 0.078518 1.133428 -2.033410 0.434038 1.462051 -0.136579 1.000000 
-0.266770 -0.635848 0.087548 1.123896 -2.029910 0.440544 1.461004 -0.125514 1.000000 
-0.271695 -0.595409 0.096497 1.113176 -2.026366 0.445316 1.460039 -0.115773 1.000000 
-0.276296 -0.554875 0.105356 1.101322 -2.022790 0.448359 1.459148 -0.107179 1.000000 
-0.280573 -0.514312 0.114115 1.088389 -2.019196 0.449683 1.458322 -0.099579 1.000000 
-0.284526 -0.473786 0.122767 1.074430 -2.015599 0.449304 1.457553 -0.092844 1.000000 
-0.288154 -0.433356 0.131304 1.059498 -2.012012 0.447246 1.456834 -0.086862 1.000000 
-0.291460 -0.393079 0.139717 1.043648 -2.008448 0.443534 1.456161 -0.081539 1.000000 
-0.294444 -0.353003 0.148000 1.026928 -2.004920 0.438202 1.455528 -0.076793 1.000000 
-0.297108 -0.313176 0.156146 1.009390 -2.001441 0.431287 1.454931 -0.072556 1.000000 
-0.299455 -0.273639 0.164148 0.991080 -1.998023 0.422832 1.454366 -0.068767 1.000000 
-0.301487 -0.234429 0.172001 0.972045 -1.994680 0.412882 1.453830 -0.065375 1.000000 
-0.303207 -0.195577 0.179699 0.952326 -1.991421 0.401488 1.453319 -0.062336 1.000000 
-0.304618 -0.157112 0.187236 0.931966 -1.988259 0.388704 1.452831 -0.059612 1.000000 
-0.305722 -0.119058 0.194609 0.911002 -1.985205 0.374588 1.452364 -0.057170 1.000000 
-0.306524 -0.081432 0.201811 0.889470 -1.982269 0.359200 1.451916 -0.054981 1.000000 
-0.307026 -0.044252 0.208839 0.867401 -1.979461 0.342604 1.451484 -0.053022 1.000000 
-0.307233 -0.007529 0.215688 0.844824 -1.976791 0.324865 1.451067 -0.051270 1.000000 
-0.307148 0.028730 0.222355 0.821767 -1.974266 0.306052 1.450663 -0.049708 1.000000 
-0.306775 0.064518 0.228835 0.798252 -1.971897 0.286234 1.450271 -0.048320 1.000000 
-0.306117 0.099835 0.235126 0.774299 -1.969689 0.265484 1.449890 -0.047090 1.000000 
-0.305179 0.134681 0.241223 0.749926 -1.967651 0.243876 1.449517 -0.046009 1.000000 
-0.303963 0.169058 0.247123 0.725145 -1.965789 0.221484 1.449153 -0.045064 1.000000 
-0.302475 0.202972 0.252824 0.699969 -1.964109 0.198385 1.448796 -0.044249 1.000000 
-0.300717 0.236430 0.258322 0.674406 -1.962617 0.174655 1.448445 -0.043554 1.000000 
-0.298693 0.269439 0.263613 0.648462 -1.961316 0.150373 1.448099 -0.042975 1.000000 
-0.296407 0.302010 0.268696 0.622139 -1.960212 0.125617 1.447757 -0.042505 1.000000 
-0.293862 0.334153 0.273567 0.595439 -1.959308 0.100466 1.447419 -0.042141 1.000000 
-0.291062 0.365878 0.278222 0.568361 -1.958605 0.075000 1.447083 -0.041879 1.000000 
-0.288009 0.397196 0.282659 0.540900 -1.958108 0.049299 1.446748 -0.041717 1.000000 
-0.284708 0.428118 0.286876 0.513053 -1.957817 0.023442 1.446415 -0.041654 1.000000 
-0.281160 0.458654 0.290867 0.484812 -1.957733 -0.002490 1.446082 -0.041689 1.000000 
-0.277370 0.488815 0.294631 0.456171 -1.957857 -0.028416 1.445748 -0.041821 1.000000 
-0.273340 0.518607 0.298165 0.427120 -1.958188 -0.054258 1.445412 -0.042052 1.000000 
-0.269073 0.548040 0.301464 0.397650 -1.958725 -0.079935 1.445074 -0.042384 1.000000 
-0.264573 0.577118 0.304526 0.367752 -1.959466 -0.105368 1.444734 -0.042818 1.000000 
-0.259840 0.605846 0.307347 0.337416 -1.960410 -0.130479 1.444389 -0.043358 1.000000 
-0.254880 0.634226 0.309924 0.306631 -1.961553 -0.155188 1.444040 -0.044008 1.000000 
-0.249694 0.662258 0.312252 0.275389 -1.962891 -0.179418 1.443685 -0.044773 1.000000 
-0.244285 0.689938 0.314329 0.243681 -1.964422 -0.203093 1.443323 -0.045659 1.000000 
-0.238656 0.717264 0.316150 0.211499 -1.966139 -0.226137 1.442954 -0.046674 1.000000 
-0.232810 0.744225 0.317711 0.178839 -1.968038 -0.248475 1.442576 -0.047825 1.000000 
-0.226749 0.770813 0.319010 0.145694 -1.970113 -0.270033 1.442188 -0.049123 1.000000 
-0.220478 0.797013 0.320041 0.112063 -1.972356 -0.290740 1.441789 -0.050579 1.000000 
-0.213998 0.822810 0.320801 0.077945 -1.974762 -0.310526 1.441378 -0.052205 1.000000 
-0.207314 0.848183 0.321287 0.043343 -1.977322 -0.329323 1.440954 -0.054016 1.000000 
-0.200428 0.873111 0.321494 0.008261 -1.980028 -0.347064 1.440514 -0.056030 1.000000 
-0.193345 0.897567 0.321418 -0.027293 -1.982872 -0.363685 1.440057 -0.058264 1.000000 
-0.186069 0.921524 0.321056 -0.063307 -1.985844 -0.379126 1.439581 -0.060741 1.000000 
-0.178602 0.944949 0.320404 -0.099768 -1.988935 -0.393328 1.439084 -0.063486 1.000000 
-0.170951 0.967809 0.319458 -0.136656 -1.992134 -0.406236 1.438564 -0.066527 1.000000 
-0.163119 0.990066 0.318216 -0.173950 -1.995431 -0.417799 1.438019 -0.069896 1.000000 
-0.155111 1.011681 0.316674 -0.211624 -1.998815 -0.427968 1.437445 -0.073631 1.000000 
-0.146934 1.032611 0.314829 -0.249649 -2.002275 -0.436699 1.436840 -0.077773 1.000000 
-0.138592 1.052814 0.312679 -0.287990 -2.005798 -0.443954 1.436199 -0.082371 1.000000 
-0.130091 1.072242 0.310221 -0.326609 -2.009374 -0.449696 1.435520 -0.087478 1.000000 
-0.121438 1.090849 0.307453 -0.365464 -2.012989 -0.453898 1.434798 -0.093158 1.000000 
-0.112640 1.108584 0.304373 -0.404510 -2.016632 -0.456533 1.434028 -0.099482 1.000000 
-0.103703 1.125399 0.300980 -0.443694 -2.020290 -0.457583 1.433204 -0.106531 1.000000 
-0.094636 1.141243 0.297273 -0.482964 -2.023949 -0.457034 1.432321 -0.114397 1.000000 
-0.085446 1.156065 0.293252 -0.522261 -2.027598 -0.454880 1.431372 -0.123186 1.000000 
-0.076142 1.169813 0.288917 -0.561524 -2.031223 -0.451121 1.430348 -0.133015 1.000000 
-0.066732 1.182439 0.284268 -0.600687 -2.034812 -0.445761 1.429240 -0.144020 1.000000 
-0.057226 1.193893 0.279307 -0.639683 -2.038351 -0.438814 1.428040 -0.156349 1.000000 
-0.047633 1.204127 0.274034 -0.678440 -2.041828 -0.430300 1.426735 -0.170169 1.000000 
-0.037963 1.213095 0.268453 -0.716886 -2.045232 -0.420245 1.425313 -0.185663 1.000000 
-0.028227 1.220754 0.262565 -0.754945 -2.048548 -0.408684 1.423759 -0.203027 1.000000 
-0.018435 1.227063 0.256375 -0.792540 -2.051767 -0.395658 1.422059 -0.222471 1.000000 
-0.008598 1.231985 0.249886 -0.829593 -2.054875 -0.381215 1.420193 -0.244207 1.000000 
0.001273 1.235485 0.243103 -0.866025 -2.057863 -0.365411 1.418145 -0.268442 1.000000 
0.011166 1.237534 0.236031 -0.901758 -2.060718 -0.348310 1.415891 -0.295362 1.000000 
0.021070 1.238107 0.228677 -0.936713 -2.063432 -0.329980 1.413411 -0.325110 1.000000 
0.030972 1.237182 0.221046 -0.970812 -2.065995 -0.310500 1.410682 -0.357754 1.000000 
0.040861 1.234746 0.213146 -1.003979 -2.068397 -0.289950 1.407680 -0.393249 1.000000 
0.050724 1.230787 0.204985 -1.036141 -2.070631 -0.268422 1.404383 -0.431390 1.000000 
0.060549 1.225303 0.196571 -1.067226 -2.072690 -0.246009 1.400771 -0.471758 1.000000 
0.070325 1.218295 0.187913 -1.097167 -2.074566 -0.222810 1.396830 -0.513669 1.000000 
0.080038 1.209771 0.179019 -1.125899 -2.076253 -0.198931 1.392551 -0.556134 1.000000 
0.089677 1.199747 0.169902 -1.153363 -2.077747 -0.174477 1.387934 -0.597847 1.000000 
0.099230 1.188242 0.160569 -1.179503 -2.079043 -0.149558 1.382992 -0.637215 1.000000 
0.108685 1.175284 0.151033 -1.204272 -2.080139 -0.124285 1.377750 -0.672445 1.000000 
0.118031 1.160904 0.141305 -1.227625 -2.081031 -0.098769 1.372249 -0.701697 1.000000 
0.127256 1.145141 0.131395 -1.249526 -2.081719 -0.073120 1.366543 -0.723278 1.000000 
0.136349 1.128036 0.121316 -1.269943 -2.082201 -0.047442 1.360700 -0.735864 1.000000 
0.145301 1.109635 0.111080 -1.288852 -2.082478 -0.021838 1.354795 -0.738684 1.000000 
0.154100 1.089987 0.100699 -1.306235 -2.082551 0.003594 1.348908 -0.731637 1.000000 
0.162738 1.069143 0.090184 -1.322080 -2.082421 0.028766 1.343114 -0.715294 1.000000 
0.171204 1.047157 0.079549 -1.336381 -2.082092 0.053592 1.337485 -0.690810 1.000000 
0.179489 1.024081 0.068806 -1.349134 -2.081565 0.077995 1.332079 -0.659743 1.000000 
0.187586 0.999971 0.057967 -1.360345 -2.080845 0.101905 1.326942 -0.623848 1.000000 
0.195486 0.974880 0.047045 -1.370018 -2.079936 0.125254 1.322105 -0.584882 1.000000 
0.203182 0.948863 0.036051 -1.378164 -2.078843 0.147983 1.317588 -0.544446 1.000000 
0.210666 0.921975 0.024998 -1.384796 -2.077570 0.170033 1.313394 -0.503890 1.000000 
0.217931 0.894268 0.013898 -1.389931 -2.076124 0.191352 1.309523 -0.464274 1.000000 
0.224972 0.865798 0.002763 -1.393585 -2.074510 0.211889 1.305962 -0.426365 1.000000 
0.231782 0.836618 -0.008395 -1.395779 -2.072736 0.231597 1.302695 -0.390674 1.000000 
0.238356 0.806782 -0.019565 -1.396536 -2.070807 0.250431 1.299704 -0.357494 1.000000 
0.244689 0.776343 -0.030736 -1.395880 -2.068732 0.268348 1.296968 -0.326951 1.000000 
0.250776 0.745353 -0.041896 -1.393837 -2.066516 0.285309 1.294466 -0.299048 1.000000 
0.256613 0.713866 -0.053034 -1.390436 -2.064169 0.301277 1.292176 -0.273701 1.000000 
0.262197 0.681934 -0.064139 -1.385707 -2.061699 0.316217 1.290080 -0.250774 1.000000 
0.267523 0.649607 -0.075201 -1.379681 -2.059113 0.330098 1.288158 -0.230099 1.000000 
0.272589 0.616937 -0.086211 -1.372392 -2.056420 0.342891 1.286393 -0.211491 1.000000 
0.277393 0.583972 -0.097156 -1.363873 -2.053629 0.354571 1.284769 -0.194767 1.000000 
0.281932 0.550762 -0.108029 -1.354160 -2.050750 0.365115 1.283272 -0.179744 1.000000 
0.286205 0.517354 -0.118820 -1.343289 -2.047791 0.374505 1.281889 -0.166251 1.000000 
0.290210 0.483794 -0.129519 -1.331300 -2.044761 0.382724 1.280609 -0.154129 1.000000 
0.293945 0.450127 -0.140118 -1.318228 -2.041670 0.389760 1.279420 -0.143234 1.000000 
0.297411 0.416395 -0.150608 -1.304115 -2.038528 0.395604 1.278314 -0.133432 1.000000 
0.300608 0.382639 -0.160981 -1.288997 -2.035344 0.400251 1.277282 -0.124607 1.000000 
0.303534 0.348900 -0.171229 -1.272916 -2.032127 0.403698 1.276318 -0.116652 1.000000 
0.306190 0.315215 -0.181345 -1.255910 -2.028888 0.405946 1.275414 -0.109473 1.000000 
0.308577 0.281619 -0.191321 -1.238018 -2.025635 0.406999 1.274564 -0.102988 1.000000 
0.310696 0.248147 -0.201151 -1.219280 -2.022379 0.406865 1.273764 -0.097121 1.000000 
0.312548 0.214830 -0.210828 -1.199733 -2.019128 0.405555 1.273009 -0.091809 1.000000 
0.314134 0.181697 -0.220345 -1.179415 -2.015893 0.403081 1.272294 -0.086992 1.000000 
0.315456 0.148777 -0.229696 -1.158363 -2.012682 0.399462 1.271616 -0.082622 1.000000 
0.316515 0.116095 -0.238877 -1.136613 -2.009505 0.394715 1.270971 -0.078652 1.000000 
0.317314 0.083674 -0.247881 -1.114200 -2.006370 0.388864 1.270357 -0.075042 1.000000 
0.317855 0.051535 -0.256702 -1.091157 -2.003286 0.381932 1.269770 -0.071758 1.000000 
0.318139 0.019699 -0.265337 -1.067517 -2.000262 0.373947 1.269208 -0.068770 1.000000 
0.318171 -0.011818 -0.273781 -1.043310 -1.997305 0.364939 1.268669 -0.066048 1.000000 
0.317951 -0.043000 -0.282029 -1.018566 -1.994425 0.354938 1.268150 -0.063570 1.000000 
0.317484 -0.073833 -0.290077 -0.993313 -1.991629 0.343980 1.267651 -0.061313 1.000000 
0.316771 -0.104305 -0.297921 -0.967576 -1.988924 0.332099 1.267169 -0.059259 1.000000 
0.315816 -0.134407 -0.305557 -0.941381 -1.986318 0.319334 1.266702 -0.057390 1.000000 
0.314621 -0.164129 -0.312982 -0.914750 -1.983817 0.305722 1.266250 -0.055692 1.000000 
0.313191 -0.193464 -0.320192 -0.887705 -1.981428 0.291306 1.265811 -0.054152 1.000000 
0.311527 -0.222407 -0.327184 -0.860264 -1.979158 0.276128 1.265383 -0.052758 1.000000 
0.309633 -0.250953 -0.333955 -0.832446 -1.977012 0.260230 1.264966 -0.051499 1.000000 
0.307513 -0.279098 -0.340502 -0.804266 -1.974996 0.243659 1.264559 -0.050366 1.000000 
0.305169 -0.306841 -0.346822 -0.775739 -1.973115 0.226459 1.264160 -0.049351 1.000000 
0.302605 -0.334180 -0.352913 -0.746878 -1.971374 0.208678 1.263769 -0.048448 1.000000 
0.299823 -0.361114 -0.358771 -0.717694 -1.969778 0.190363 1.263385 -0.047650 1.000000 
0.296828 -0.387644 -0.364395 -0.688196 -1.968330 0.171564 1.263006 -0.046950 1.000000 
0.293622 -0.413770 -0.369782 -0.658393 -1.967034 0.152329 1.262633 -0.046346 1.000000 
0.290209 -0.439494 -0.374929 -0.628292 -1.965894 0.132708 1.262264 -0.045833 1.000000 
0.286591 -0.464816 -0.379834 -0.597898 -1.964912 0.112753 1.261900 -0.045406 1.000000 
0.282773 -0.489739 -0.384494 -0.567216 -1.964090 0.092512 1.261538 -0.045065 1.000000 
0.278756 -0.514264 -0.388908 -0.536249 -1.963432 0.072039 1.261178 -0.044805 1.000000 
0.274545 -0.538392 -0.393074 -0.505000 -1.962938 0.051384 1.260821 -0.044626 1.000000 
0.270143 -0.562126 -0.396988 -0.473470 -1.962610 0.030600 1.260464 -0.044527 1.000000 
0.265552 -0.585466 -0.400648 -0.441661 -1.962449 0.009737 1.260108 -0.044505 1.000000 
0.260777 -0.608414 -0.404053 -0.409572 -1.962454 -0.011152 1.259752 -0.044563 1.000000 
0.255819 -0.630969 -0.407201 -0.377204 -1.962627 -0.032016 1.259395 -0.044698 1.000000 
0.250682 -0.653131 -0.410088 -0.344557 -1.962966 -0.052802 1.259036 -0.044913 1.000000 
0.245370 -0.674900 -0.412713 -0.311629 -1.963472 -0.073459 1.258676 -0.045208 1.000000 
0.239885 -0.696273 -0.415073 -0.278421 -1.964141 -0.093937 1.258313 -0.045584 1.000000 
0.234230 -0.717249 -0.417167 -0.244932 -1.964974 -0.114183 1.257946 -0.046045 1.000000 
0.228410 -0.737823 -0.418991 -0.211162 -1.965967 -0.134147 1.257576 -0.046592 1.000000 
0.222426 -0.757992 -0.420545 -0.177112 -1.967119 -0.153780 1.257201 -0.047228 1.000000 
0.216283 -0.777751 -0.421825 -0.142781 -1.968427 -0.173031 1.256820 -0.047958 1.000000 
0.209983 -0.797092 -0.422829 -0.108173 -1.969887 -0.191853 1.256433 -0.048786 1.000000 
0.203531 -0.816009 -0.423555 -0.073288 -1.971495 -0.210196 1.256039 -0.049716 1.000000 
0.196928 -0.834492 -0.424000 -0.038132 -1.973249 -0.228014 1.255637 -0.050755 1.000000 
0.190180 -0.852533 -0.424164 -0.002708 -1.975142 -0.245260 1.255227 -0.051909 1.000000 
0.183289 -0.870120 -0.424043 0.032978 -1.977171 -0.261890 1.254807 -0.053185 1.000000 
0.176259 -0.887240 -0.423636 0.068918 -1.979330 -0.277858 1.254375 -0.054591 1.000000 
0.169095 -0.903882 -0.422940 0.105105 -1.981615 -0.293122 1.253933 -0.056137 1.000000 
0.161799 -0.920030 -0.421953 0.141526 -1.984018 -0.307641 1.253477 -0.057833 1.000000 
0.000000 0.000000 0.000000 0.000000 0.000000 0.000000 0.000000 0.000000 0.000000 
