-0.227417 2.121272 -0.107826 1.634694 -1.688467 -0.451524 0.254854 0.257227 -1.000000 
-0.210372 2.139736 -0.094721 1.641446 -1.691927 -0.413496 0.257199 0.333284 -1.000000 
-0.193184 2.156898 -0.081566 1.647157 -1.695080 -0.374588 0.260275 0.442764 -1.000000 
-0.175865 2.172728 -0.068369 1.651809 -1.697919 -0.334842 0.264424 0.605796 -1.000000 
-0.158424 2.187197 -0.055140 1.655382 -1.700436 -0.294284 0.270204 0.858423 -1.000000 
-0.140874 2.200278 -0.041886 1.657856 -1.702625 -0.252913 0.278573 1.268502 -1.000000 
-0.123224 2.211947 -0.028617 1.659210 -1.704480 -0.210676 0.291267 1.970743 -1.000000 
-0.105486 2.222182 -0.015342 1.659411 -1.705993 -0.167401 0.311605 3.245369 -1.000000 
-0.087673 2.230963 -0.002070 1.658405 -1.707154 -0.122654 0.346241 5.681258 -1.000000 
-0.069795 2.238266 0.011189 1.656086 -1.707949 -0.075336 0.408449 10.348720 -1.000000 
-0.051864 2.244029 0.024424 1.652193 -1.708346 -0.022728 0.519602 17.729621 -1.000000 
-0.033895 2.247952 0.037619 1.646151 -1.708285 0.040230 0.684909 22.127173 -1.000000 
-0.015905 2.249134 0.050754 1.637259 -1.707668 0.115745 0.843330 16.106529 -1.000000 
0.002081 2.246536 0.063807 1.625356 -1.706414 0.198291 0.938700 8.259395 -1.000000 
0.020029 2.239710 0.076752 1.610483 -1.704489 0.283349 0.985670 4.022473 -1.000000 
0.037905 2.228535 0.089566 1.592598 -1.701879 0.369189 1.009150 2.096912 -1.000000 
0.055674 2.213000 0.102226 1.571698 -1.698582 0.454712 1.021872 1.190392 -1.000000 
0.073301 2.193166 0.114706 1.547841 -1.694606 0.539043 1.029355 0.728471 -1.000000 
0.090753 2.169144 0.126983 1.521128 -1.689963 0.621475 1.034070 0.474027 -1.000000 
0.107997 2.141083 0.139036 1.491693 -1.684669 0.701432 1.037213 0.324142 -1.000000 
0.125000 2.109160 0.150844 1.459691 -1.678748 0.778430 1.039405 0.230770 -1.000000 
0.141734 2.073582 0.162385 1.425296 -1.672224 0.852052 1.040991 0.169835 -1.000000 
0.158168 2.034574 0.173642 1.388694 -1.665125 0.921937 1.042174 0.128494 -1.000000 
0.174278 1.992380 0.184599 1.350084 -1.657483 0.987773 1.043080 0.099511 -1.000000 
0.190039 1.947261 0.195239 1.309672 -1.649332 1.049290 1.043788 0.078618 -1.000000 
0.205427 1.899485 0.205549 1.267670 -1.640707 1.106261 1.044352 0.063190 -1.000000 
0.220424 1.849334 0.215518 1.224296 -1.631645 1.158494 1.044809 0.051559 -1.000000 
0.235011 1.797092 0.225135 1.179765 -1.622184 1.205837 1.045184 0.042628 -1.000000 
0.249173 1.743045 0.234392 1.134294 -1.612365 1.248175 1.045496 0.035660 -1.000000 
0.262896 1.687483 0.243282 1.088097 -1.602227 1.285423 1.045759 0.030145 -1.000000 
0.276169 1.630688 0.251800 1.041384 -1.591812 1.317533 1.045982 0.025725 -1.000000 
0.288984 1.572941 0.259943 0.994357 -1.581160 1.344488 1.046173 0.022141 -1.000000 
0.301334 1.514512 0.267709 0.947211 -1.570313 1.366298 1.046338 0.019206 -1.000000 
0.313215 1.455665 0.275099 0.900131 -1.559313 1.383003 1.046481 0.016779 -1.000000 
0.324625 1.396650 0.282112 0.853295 -1.548199 1.394667 1.046607 0.014756 -1.000000 
0.335562 1.337704 0.288752 0.806865 -1.537011 1.401377 1.046718 0.013056 -1.000000 
0.346029 1.279052 0.295023 0.760994 -1.525790 1.403241 1.046817 0.011617 -1.000000 
0.356028 1.220900 0.300930 0.715821 -1.514572 1.400388 1.046905 0.010392 -1.000000 
0.365565 1.163440 0.306479 0.671473 -1.503396 1.392958 1.046984 0.009342 -1.000000 
0.374645 1.106847 0.311676 0.628062 -1.492297 1.381110 1.047055 0.008438 -1.000000 
0.383277 1.051277 0.316531 0.585686 -1.481309 1.365011 1.047119 0.007655 -1.000000 
0.391469 0.996868 0.321050 0.544432 -1.470467 1.344839 1.047177 0.006975 -1.000000 
0.399230 0.943743 0.325245 0.504371 -1.459802 1.320779 1.047231 0.006380 -1.000000 
0.406573 0.892002 0.329124 0.465562 -1.449345 1.293021 1.047280 0.005859 -1.000000 
0.413506 0.841732 0.332697 0.428049 -1.439123 1.261759 1.047325 0.005401 -1.000000 
0.420044 0.793001 0.335976 0.391867 -1.429165 1.227188 1.047366 0.004997 -1.000000 
0.426199 0.745858 0.338971 0.357035 -1.419497 1.189504 1.047405 0.004639 -1.000000 
0.431982 0.700340 0.341692 0.323563 -1.410141 1.148902 1.047440 0.004321 -1.000000 
0.437409 0.656464 0.344151 0.291450 -1.401121 1.105573 1.047474 0.004039 -1.000000 
0.442490 0.614234 0.346359 0.260683 -1.392459 1.059706 1.047505 0.003787 -1.000000 
0.447241 0.573642 0.348326 0.231242 -1.384172 1.011485 1.047535 0.003563 -1.000000 
0.451673 0.534662 0.350062 0.203095 -1.376281 0.961090 1.047562 0.003362 -1.000000 
0.455799 0.497258 0.351579 0.176204 -1.368800 0.908694 1.047588 0.003183 -1.000000 
0.459633 0.461384 0.352885 0.150523 -1.361746 0.854465 1.047613 0.003023 -1.000000 
0.463185 0.426979 0.353990 0.125999 -1.355133 0.798565 1.047637 0.002880 -1.000000 
0.466468 0.393974 0.354904 0.102572 -1.348973 0.741148 1.047659 0.002753 -1.000000 
0.469493 0.362293 0.355634 0.080178 -1.343279 0.682362 1.047681 0.002639 -1.000000 
0.472268 0.331847 0.356189 0.058746 -1.338059 0.622350 1.047702 0.002538 -1.000000 
0.474805 0.302543 0.356576 0.038202 -1.333324 0.561248 1.047722 0.002448 -1.000000 
0.477112 0.274280 0.356802 0.018468 -1.329082 0.499186 1.047741 0.002370 -1.000000 
0.479196 0.246950 0.356874 -0.000536 -1.325339 0.436287 1.047759 0.002301 -1.000000 
0.481065 0.220439 0.356796 -0.018897 -1.322103 0.372672 1.047778 0.002241 -1.000000 
0.482725 0.194632 0.356573 -0.036698 -1.319378 0.308455 1.047795 0.002189 -1.000000 
0.484181 0.169405 0.356210 -0.054030 -1.317169 0.243748 1.047813 0.002146 -1.000000 
0.485437 0.144634 0.355709 -0.070980 -1.315479 0.178658 1.047830 0.002110 -1.000000 
0.486496 0.120191 0.355075 -0.087638 -1.314311 0.113289 1.047846 0.002081 -1.000000 
0.487360 0.095946 0.354308 -0.104096 -1.313667 0.047745 1.047863 0.002059 -1.000000 
0.488031 0.071767 0.353409 -0.120443 -1.313547 -0.017873 1.047879 0.002044 -1.000000 
0.488508 0.047522 0.352381 -0.136770 -1.313953 -0.083463 1.047896 0.002035 -1.000000 
0.488791 0.023076 0.351221 -0.153165 -1.314882 -0.148924 1.047912 0.002032 -1.000000 
0.488877 -0.001702 0.349930 -0.169717 -1.316335 -0.214154 1.047928 0.002035 -1.000000 
0.488763 -0.026944 0.348505 -0.186510 -1.318308 -0.279049 1.047945 0.002044 -1.000000 
0.488444 -0.052782 0.346945 -0.203630 -1.320799 -0.343502 1.047961 0.002059 -1.000000 
0.487916 -0.079343 0.345246 -0.221157 -1.323803 -0.407404 1.047978 0.002080 -1.000000 
0.487172 -0.106753 0.343405 -0.239171 -1.327315 -0.470641 1.047994 0.002107 -1.000000 
0.486205 -0.135135 0.341417 -0.257746 -1.331331 -0.533097 1.048011 0.002140 -1.000000 
0.485007 -0.164606 0.339279 -0.276953 -1.335842 -0.594648 1.048029 0.002178 -1.000000 
0.483569 -0.195280 0.336984 -0.296860 -1.340842 -0.655167 1.048046 0.002223 -1.000000 
0.481879 -0.227264 0.334527 -0.317529 -1.346322 -0.714521 1.048064 0.002275 -1.000000 
0.479929 -0.260659 0.331902 -0.339017 -1.352271 -0.772569 1.048083 0.002333 -1.000000 
0.477705 -0.295558 0.329101 -0.361376 -1.358679 -0.829166 1.048101 0.002398 -1.000000 
0.475195 -0.332047 0.326117 -0.384649 -1.365534 -0.884158 1.048121 0.002470 -1.000000 
0.472388 -0.370202 0.322944 -0.408877 -1.372821 -0.937387 1.048141 0.002550 -1.000000 
0.469268 -0.410089 0.319573 -0.434089 -1.380527 -0.988688 1.048162 0.002639 -1.000000 
0.465821 -0.451763 0.315996 -0.460309 -1.388634 -1.037887 1.048183 0.002736 -1.000000 
0.462034 -0.495267 0.312205 -0.487551 -1.397127 -1.084808 1.048206 0.002843 -1.000000 
0.457892 -0.540632 0.308192 -0.515822 -1.405985 -1.129267 1.048229 0.002960 -1.000000 
0.453379 -0.587873 0.303949 -0.545117 -1.415188 -1.171076 1.048253 0.003089 -1.000000 
0.448481 -0.636993 0.299468 -0.575423 -1.424714 -1.210042 1.048278 0.003231 -1.000000 
0.443182 -0.687977 0.294740 -0.606717 -1.434541 -1.245971 1.048305 0.003387 -1.000000 
0.437469 -0.740796 0.289758 -0.638964 -1.444641 -1.278666 1.048332 0.003559 -1.000000 
0.431325 -0.795400 0.284514 -0.672117 -1.454990 -1.307929 1.048362 0.003749 -1.000000 
0.424738 -0.851725 0.279001 -0.706121 -1.465559 -1.333564 1.048393 0.003960 -1.000000 
0.417693 -0.909686 0.273214 -0.740907 -1.476317 -1.355375 1.048425 0.004194 -1.000000 
0.410179 -0.969180 0.267145 -0.776394 -1.487234 -1.373174 1.048460 0.004455 -1.000000 
0.402182 -1.030083 0.260790 -0.812490 -1.498277 -1.386777 1.048496 0.004748 -1.000000 
0.393694 -1.092254 0.254144 -0.849091 -1.509411 -1.396008 1.048536 0.005079 -1.000000 
0.384703 -1.155531 0.247203 -0.886082 -1.520601 -1.400703 1.048578 0.005453 -1.000000 
0.375203 -1.219732 0.239966 -0.923336 -1.531809 -1.400707 1.048623 0.005879 -1.000000 
0.365186 -1.284657 0.232430 -0.960717 -1.542999 -1.395885 1.048672 0.006368 -1.000000 
0.354647 -1.350089 0.224594 -0.998077 -1.554130 -1.386116 1.048725 0.006934 -1.000000 
0.343584 -1.415791 0.216461 -1.035258 -1.565163 -1.371298 1.048783 0.007593 -1.000000 
0.331994 -1.481512 0.208031 -1.072097 -1.576057 -1.351352 1.048847 0.008369 -1.000000 
0.319880 -1.546985 0.199309 -1.108420 -1.586771 -1.326223 1.048918 0.009290 -1.000000 
0.307244 -1.611930 0.190298 -1.144049 -1.597263 -1.295883 1.048996 0.010396 -1.000000 
0.294091 -1.676056 0.181006 -1.178800 -1.607491 -1.260328 1.049085 0.011742 -1.000000 
0.280430 -1.739062 0.171440 -1.212485 -1.617414 -1.219588 1.049185 0.013401 -1.000000 
0.266270 -1.800641 0.161610 -1.244915 -1.626991 -1.173721 1.049300 0.015478 -1.000000 
0.251624 -1.860482 0.151526 -1.275903 -1.636181 -1.122818 1.049434 0.018124 -1.000000 
0.236508 -1.918272 0.141200 -1.305259 -1.644943 -1.067002 1.049592 0.021561 -1.000000 
0.220938 -1.973699 0.130646 -1.332800 -1.653240 -1.006430 1.049782 0.026129 -1.000000 
0.204936 -2.026457 0.119880 -1.358346 -1.661034 -0.941291 1.050015 0.032361 -1.000000 
0.188523 -2.076245 0.108918 -1.381727 -1.668289 -0.871805 1.050307 0.041130 -1.000000 
0.171725 -2.122775 0.097779 -1.402778 -1.674972 -0.798223 1.050683 0.053927 -1.000000 
0.154568 -2.165772 0.086481 -1.421349 -1.681050 -0.720823 1.051187 0.073454 -1.000000 
0.137082 -2.204977 0.075044 -1.437296 -1.686496 -0.639903 1.051890 0.104937 -1.000000 
0.119299 -2.240151 0.063491 -1.450494 -1.691280 -0.555776 1.052926 0.159386 -1.000000 
0.101251 -2.271078 0.051844 -1.460827 -1.695380 -0.468749 1.054567 0.262687 -1.000000 
0.082974 -2.297569 0.040126 -1.468189 -1.698773 -0.379084 1.057436 0.485411 -1.000000 
0.064502 -2.319466 0.028361 -1.472476 -1.701439 -0.286876 1.063234 1.065218 -1.000000 
0.045875 -2.336660 0.016575 -1.473544 -1.703355 -0.191552 1.078040 3.111028 -1.000000 
0.027128 -2.349219 0.004794 -1.470913 -1.704484 -0.087989 1.136357 15.565387 -1.000000 
0.010654 -2.357371 -0.005472 -1.456013 -1.704600 0.119375 1.450793 83.946930 -1.000000 
0.010654 -2.357371 -0.005472 -1.456013 -1.704600 0.119372 1.450793 83.948634 -1.000000 
0.010654 -2.357371 -0.005472 -1.456013 -1.704600 0.119372 1.450793 83.948634 -1.000000 
0.010654 -2.357371 -0.005472 -1.456013 -1.704600 0.119372 1.450793 83.948634 -1.000000 
0.010654 -2.357371 -0.005472 -1.456013 -1.704600 0.119372 1.450793 83.948634 -1.000000 
0.010654 -2.357371 -0.005472 -1.456013 -1.704600 0.119372 1.450793 83.948634 -1.000000 
0.010654 -2.357371 -0.005472 -1.456013 -1.704600 0.119372 1.450793 83.948634 -1.000000 
0.010654 -2.357371 -0.005472 -1.456013 -1.704600 0.119372 1.450793 83.948634 -1.000000 
0.010654 -2.357371 -0.005472 -1.456013 -1.704600 0.119372 1.450793 83.948634 -1.000000 
0.010654 -2.357371 -0.005472 -1.456013 -1.704600 0.119372 1.450793 83.948634 -1.000000 
0.010654 -2.357371 -0.005472 -1.456013 -1.704600 0.119372 1.450793 83.948634 -1.000000 
0.010654 -2.357371 -0.005472 -1.456013 -1.704600 0.119372 1.450793 83.948634 -1.000000 
0.010654 -2.357371 -0.005472 -1.456013 -1.704600 0.119372 1.450793 83.948634 -1.000000 
0.010654 -2.357371 -0.005472 -1.456013 -1.704600 0.119372 1.450793 83.948634 -1.000000 
0.010654 -2.357371 -0.005472 -1.456013 -1.704600 0.119372 1.450793 83.948634 -1.000000 
0.010654 -2.357371 -0.005472 -1.456013 -1.704600 0.119372 1.450793 83.948634 -1.000000 
0.010654 -2.357371 -0.005472 -1.456013 -1.704600 0.119372 1.450793 83.948634 -1.000000 
0.010654 -2.357371 -0.005472 -1.456013 -1.704600 0.119372 1.450793 83.948634 -1.000000 
0.010654 -2.357371 -0.005472 -1.456013 -1.704600 0.119372 1.450793 83.948634 -1.000000 
0.010654 -2.357371 -0.005472 -1.456013 -1.704600 0.119372 1.450793 83.948634 -1.000000 
0.010654 -2.357371 -0.005472 -1.456013 -1.704600 0.119372 1.450793 83.948634 -1.000000 
0.010654 -2.357371 -0.005472 -1.456013 -1.704600 0.119372 1.450793 83.948634 -1.000000 
0.010654 -2.357371 -0.005472 -1.456013 -1.704600 0.119372 1.450793 83.948634 -1.000000 
0.010654 -2.357371 -0.005472 -1.456013 -1.704600 0.119372 1.450793 83.948634 -1.000000 
0.010654 -2.357371 -0.005472 -1.456013 -1.704600 0.119372 1.450793 83.948634 -1.000000 
0.010654 -2.357371 -0.005472 -1.456013 -1.704600 0.119372 1.450793 83.948634 -1.000000 
0.010654 -2.357371 -0.005472 -1.456013 -1.704600 0.119372 1.450793 83.948634 -1.000000 
0.010654 -2.357371 -0.005472 -1.456013 -1.704600 0.119372 1.450793 83.948634 -1.000000 
0.010654 -2.357371 -0.005472 -1.456013 -1.704600 0.119372 1.450793 83.948634 -1.000000 
0.010654 -2.357371 -0.005472 -1.456013 -1.704600 0.119372 1.450793 83.948634 -1.000000 
0.010654 -2.357371 -0.005472 -1.456013 -1.704600 0.119372 1.450793 83.948634 -1.000000 
0.010654 -2.357371 -0.005472 -1.456013 -1.704600 0.119372 1.450793 83.948634 -1.000000 
0.010654 -2.357371 -0.005472 -1.456013 -1.704600 0.119372 1.450793 83.948634 -1.000000 
0.010654 -2.357371 -0.005472 -1.456013 -1.704600 0.119372 1.450793 83.948634 -1.000000 
0.010654 -2.357371 -0.005472 -1.456013 -1.704600 0.119372 1.450793 83.948634 -1.000000 
0.010654 -2.357371 -0.005472 -1.456013 -1.704600 0.119372 1.450793 83.948634 -1.000000 
0.010654 -2.357371 -0.005472 -1.456013 -1.704600 0.119372 1.450793 83.948634 -1.000000 
0.010654 -2.357371 -0.005472 -1.456013 -1.704600 0.119372 1.450793 83.948634 -1.000000 
0.010654 -2.357371 -0.005472 -1.456013 -1.704600 0.119372 1.450793 83.948634 -1.000000 
0.010654 -2.357371 -0.005472 -1.456013 -1.704600 0.119372 1.450793 83.948634 -1.000000 
0.010654 -2.357371 -0.005472 -1.456013 -1.704600 0.119372 1.450793 83.948634 -1.000000 
0.010654 -2.357371 -0.005472 -1.456013 -1.704600 0.119372 1.450793 83.948634 -1.000000 
0.010654 -2.357371 -0.005472 -1.456013 -1.704600 0.119372 1.450793 83.948634 -1.000000 
0.010654 -2.357371 -0.005472 -1.456013 -1.704600 0.119372 1.450793 83.948634 -1.000000 
0.010654 -2.357371 -0.005472 -1.456013 -1.704600 0.119372 1.450793 83.948634 -1.000000 
0.010654 -2.357371 -0.005472 -1.456013 -1.704600 0.119372 1.450793 83.948634 -1.000000 
0.010654 -2.357371 -0.005472 -1.456013 -1.704600 0.119372 1.450793 83.948634 -1.000000 
0.010654 -2.357371 -0.005472 -1.456013 -1.704600 0.119372 1.450793 83.948634 -1.000000 
0.010654 -2.357371 -0.005472 -1.456013 -1.704600 0.119372 1.450793 83.948634 -1.000000 
0.010654 -2.357371 -0.005472 -1.456013 -1.704600 0.119372 1.450793 83.948634 -1.000000 
0.010654 -2.357371 -0.005472 -1.456013 -1.704600 0.119372 1.450793 83.948634 -1.000000 
0.010654 -2.357371 -0.005472 -1.456013 -1.704600 0.119372 1.450793 83.948634 -1.000000 
0.010654 -2.357371 -0.005472 -1.456013 -1.704600 0.119372 1.450793 83.948634 -1.000000 
0.010654 -2.357371 -0.005472 -1.456013 -1.704600 0.119372 1.450793 83.948634 -1.000000 
0.010654 -2.357371 -0.005472 -1.456013 -1.704600 0.119372 1.450793 83.948634 -1.000000 
0.010654 -2.357371 -0.005472 -1.456013 -1.704600 0.119372 1.450793 83.948634 -1.000000 
0.010654 -2.357371 -0.005472 -1.456013 -1.704600 0.119372 1.450793 83.948634 -1.000000 
0.010654 -2.357371 -0.005472 -1.456013 -1.704600 0.119372 1.450793 83.948634 -1.000000 
0.010654 -2.357371 -0.005472 -1.456013 -1.704600 0.119372 1.450793 83.948634 -1.000000 
0.010654 -2.357371 -0.005472 -1.456013 -1.704600 0.119372 1.450793 83.948634 -1.000000 
0.010654 -2.357371 -0.005472 -1.456013 -1.704600 0.119372 1.450793 83.948634 -1.000000 
0.010654 -2.357371 -0.005472 -1.456013 -1.704600 0.119372 1.450793 83.948634 -1.000000 
0.010654 -2.357371 -0.005472 -1.456013 -1.704600 0.119372 1.450793 83.948634 -1.000000 
0.010654 -2.357371 -0.005472 -1.456013 -1.704600 0.119372 1.450793 83.948634 -1.000000 
0.010654 -2.357371 -0.005472 -1.456013 -1.704600 0.119372 1.450793 83.948634 -1.000000 
0.010654 -2.357371 -0.005472 -1.456013 -1.704600 0.119372 1.450793 83.948634 -1.000000 
0.010654 -2.357371 -0.005472 -1.456013 -1.704600 0.119372 1.450793 83.948634 -1.000000 
0.010654 -2.357371 -0.005472 -1.456013 -1.704600 0.119372 1.450793 83.948634 -1.000000 
0.010654 -2.357371 -0.005472 -1.456013 -1.704600 0.119372 1.450793 83.948634 -1.000000 
0.010654 -2.357371 -0.005472 -1.456013 -1.704600 0.119372 1.450793 83.948634 -1.000000 
0.010654 -2.357371 -0.005472 -1.456013 -1.704600 0.119372 1.450793 83.948634 -1.000000 
0.010654 -2.357371 -0.005472 -1.456013 -1.704600 0.119372 1.450793 83.948634 -1.000000 
0.010654 -2.357371 -0.005472 -1.456013 -1.704600 0.119372 1.450793 83.948634 -1.000000 
0.010654 -2.357371 -0.005472 -1.456013 -1.704600 0.119372 1.450793 83.948634 -1.000000 
0.010654 -2.357371 -0.005472 -1.456013 -1.704600 0.119372 1.450793 83.948634 -1.000000 
0.010654 -2.357371 -0.005472 -1.456013 -1.704600 0.119372 1.450793 83.948634 -1.000000 
0.010654 -2.357371 -0.005472 -1.456013 -1.704600 0.119372 1.450793 83.948634 -1.000000 
0.010654 -2.357371 -0.005472 -1.456013 -1.704600 0.119372 1.450793 83.948634 -1.000000 
0.010654 -2.357371 -0.005472 -1.456013 -1.704600 0.119372 1.450793 83.948634 -1.000000 
0.010654 -2.357371 -0.005472 -1.456013 -1.704600 0.119372 1.450793 83.948634 -1.000000 
0.010654 -2.357371 -0.005472 -1.456013 -1.704600 0.119372 1.450793 83.948634 -1.000000 
0.010654 -2.357371 -0.005472 -1.456013 -1.704600 0.119372 1.450793 83.948634 -1.000000 
0.010654 -2.357371 -0.005472 -1.456013 -1.704600 0.119372 1.450793 83.948634 -1.000000 
0.010654 -2.357371 -0.005472 -1.456013 -1.704600 0.119372 1.450793 83.948634 -1.000000 
0.010654 -2.357371 -0.005472 -1.456013 -1.704600 0.119372 1.450793 83.948634 -1.000000 
0.010654 -2.357371 -0.005472 -1.456013 -1.704600 0.119372 1.450793 83.948634 -1.000000 
0.010654 -2.357371 -0.005472 -1.456013 -1.704600 0.119372 1.450793 83.948634 -1.000000 
0.010654 -2.357371 -0.005472 -1.456013 -1.704600 0.119372 1.450793 83.948634 -1.000000 
0.010654 -2.357371 -0.005472 -1.456013 -1.704600 0.119372 1.450793 83.948634 -1.000000 
0.010654 -2.357371 -0.005472 -1.456013 -1.704600 0.119372 1.450793 83.948634 -1.000000 
0.010654 -2.357371 -0.005472 -1.456013 -1.704600 0.119372 1.450793 83.948634 -1.000000 
0.010654 -2.357371 -0.005472 -1.456013 -1.704600 0.119372 1.450793 83.948634 -1.000000 
0.010654 -2.357371 -0.005472 -1.456013 -1.704600 0.119372 1.450793 83.948634 -1.000000 
0.010654 -2.357371 -0.005472 -1.456013 -1.704600 0.119372 1.450793 83.948634 -1.000000 
0.010654 -2.357371 -0.005472 -1.456013 -1.704600 0.119372 1.450793 83.948634 -1.000000 
0.010654 -2.357371 -0.005472 -1.456013 -1.704600 0.119372 1.450793 83.948634 -1.000000 
0.010654 -2.357371 -0.005472 -1.456013 -1.704600 0.119372 1.450793 83.948634 -1.000000 
0.010654 -2.357371 -0.005472 -1.456013 -1.704600 0.119372 1.450793 83.948634 -1.000000 
0.010654 -2.357371 -0.005472 -1.456013 -1.704600 0.119372 1.450793 83.948634 -1.000000 
0.010654 -2.357371 -0.005472 -1.456013 -1.704600 0.119372 1.450793 83.948634 -1.000000 
0.010654 -2.357371 -0.005472 -1.456013 -1.704600 0.119372 1.450793 83.948634 -1.000000 
0.010654 -2.357371 -0.005472 -1.456013 -1.704600 0.119372 1.450793 83.948634 -1.000000 
0.010654 -2.357371 -0.005472 -1.456013 -1.704600 0.119372 1.450793 83.948634 -1.000000 
0.010654 -2.357371 -0.005472 -1.456013 -1.704600 0.119372 1.450793 83.948634 -1.000000 
0.010654 -2.357371 -0.005472 -1.456013 -1.704600 0.119372 1.450793 83.948634 -1.000000 
0.010654 -2.357371 -0.005472 -1.456013 -1.704600 0.119372 1.450793 83.948634 -1.000000 
0.010654 -2.357371 -0.005472 -1.456013 -1.704600 0.119372 1.450793 83.948634 -1.000000 
0.010654 -2.357371 -0.005472 -1.456013 -1.704600 0.119372 1.450793 83.948634 -1.000000 
0.010654 -2.357371 -0.005472 -1.456013 -1.704600 0.119372 1.450793 83.948634 -1.000000 
0.010654 -2.357371 -0.005472 -1.456013 -1.704600 0.119372 1.450793 83.948634 -1.000000 
0.010654 -2.357371 -0.005472 -1.456013 -1.704600 0.119372 1.450793 83.948634 -1.000000 
0.010654 -2.357371 -0.005472 -1.456013 -1.704600 0.119372 1.450793 83.948634 -1.000000 
0.010654 -2.357371 -0.005472 -1.456013 -1.704600 0.119372 1.450793 83.948634 -1.000000 
0.010654 -2.357371 -0.005472 -1.456013 -1.704600 0.119372 1.450793 83.948634 -1.000000 
0.010654 -2.357371 -0.005472 -1.456013 -1.704600 0.119372 1.450793 83.948634 -1.000000 
0.010654 -2.357371 -0.005472 -1.456013 -1.704600 0.119372 1.450793 83.948634 -1.000000 
0.010654 -2.357371 -0.005472 -1.456013 -1.704600 0.119372 1.450793 83.948634 -1.000000 
0.010654 -2.357371 -0.005472 -1.456013 -1.704600 0.119372 1.450793 83.948634 -1.000000 
0.010654 -2.357371 -0.005472 -1.456013 -1.704600 0.119372 1.450793 83.948634 -1.000000 
0.010654 -2.357371 -0.005472 -1.456013 -1.704600 0.119372 1.450793 83.948634 -1.000000 
0.010654 -2.357371 -0.005472 -1.456013 -1.704600 0.119372 1.450793 83.948634 -1.000000 
0.010654 -2.357371 -0.005472 -1.456013 -1.704600 0.119372 1.450793 83.948634 -1.000000 
0.010654 -2.357371 -0.005472 -1.456013 -1.704600 0.119372 1.450793 83.948634 -1.000000 
0.010654 -2.357371 -0.005472 -1.456013 -1.704600 0.119372 1.450793 83.948634 -1.000000 
0.010654 -2.357371 -0.005472 -1.456013 -1.704600 0.119372 1.450793 83.948634 -1.000000 
0.010654 -2.357371 -0.005472 -1.456013 -1.704600 0.119372 1.450793 83.948634 -1.000000 
0.010654 -2.357371 -0.005472 -1.456013 -1.704600 0.119372 1.450793 83.948634 -1.000000 
0.010654 -2.357371 -0.005472 -1.456013 -1.704600 0.119372 1.450793 83.948634 -1.000000 
0.010654 -2.357371 -0.005472 -1.456013 -1.704600 0.119372 1.450793 83.948634 -1.000000 
0.010654 -2.357371 -0.005472 -1.456013 -1.704600 0.119372 1.450793 83.948634 -1.000000 
0.010654 -2.357371 -0.005472 -1.456013 -1.704600 0.119372 1.450793 83.948634 -1.000000 
0.010654 -2.357371 -0.005472 -1.456013 -1.704600 0.119372 1.450793 83.948634 -1.000000 
0.010654 -2.357371 -0.005472 -1.456013 -1.704600 0.119372 1.450793 83.948634 -1.000000 
0.010654 -2.357371 -0.005472 -1.456013 -1.704600 0.119372 1.450793 83.948634 -1.000000 
0.010654 -2.357371 -0.005472 -1.456013 -1.704600 0.119372 1.450793 83.948634 -1.000000 
0.010654 -2.357371 -0.005472 -1.456013 -1.704600 0.119372 1.450793 83.948634 -1.000000 
0.010654 -2.357371 -0.005472 -1.456013 -1.704600 0.119372 1.450793 83.948634 -1.000000 
0.010654 -2.357371 -0.005472 -1.456013 -1.704600 0.119372 1.450793 83.948634 -1.000000 
0.010654 -2.357371 -0.005472 -1.456013 -1.704600 0.119372 1.450793 83.948634 -1.000000 
0.010654 -2.357371 -0.005472 -1.456013 -1.704600 0.119372 1.450793 83.948634 -1.000000 
0.010654 -2.357371 -0.005472 -1.456013 -1.704600 0.119372 1.450793 83.948634 -1.000000 
0.010654 -2.357371 -0.005472 -1.456013 -1.704600 0.119372 1.450793 83.948634 -1.000000 
0.010654 -2.357371 -0.005472 -1.456013 -1.704600 0.119372 1.450793 83.948634 -1.000000 
0.010654 -2.357371 -0.005472 -1.456013 -1.704600 0.119372 1.450793 83.948634 -1.000000 
0.010654 -2.357371 -0.005472 -1.456013 -1.704600 0.119372 1.450793 83.948634 -1.000000 
0.010654 -2.357371 -0.005472 -1.456013 -1.704600 0.119372 1.450793 83.948634 -1.000000 
0.010654 -2.357371 -0.005472 -1.456013 -1.704600 0.119372 1.450793 83.948634 -1.000000 
0.010654 -2.357371 -0.005472 -1.456013 -1.704600 0.119372 1.450793 83.948634 -1.000000 
0.010654 -2.357371 -0.005472 -1.456013 -1.704600 0.119372 1.450793 83.948634 -1.000000 
0.010654 -2.357371 -0.005472 -1.456013 -1.704600 0.119372 1.450793 83.948634 -1.000000 
0.010654 -2.357371 -0.005472 -1.456013 -1.704600 0.119372 1.450793 83.948634 -1.000000 
0.010654 -2.357371 -0.005472 -1.456013 -1.704600 0.119372 1.450793 83.948634 -1.000000 
0.010654 -2.357371 -0.005472 -1.456013 -1.704600 0.119372 1.450793 83.948634 -1.000000 
0.010654 -2.357371 -0.005472 -1.456013 -1.704600 0.119372 1.450793 83.948634 -1.000000 
0.010654 -2.357371 -0.005472 -1.456013 -1.704600 0.119372 1.450793 83.948634 -1.000000 
0.010654 -2.357371 -0.005472 -1.456013 -1.704600 0.119372 1.450793 83.948634 -1.000000 
0.010654 -2.357371 -0.005472 -1.456013 -1.704600 0.119372 1.450793 83.948634 -1.000000 
0.010654 -2.357371 -0.005472 -1.456013 -1.704600 0.119372 1.450793 83.948634 -1.000000 
0.010654 -2.357371 -0.005472 -1.456013 -1.704600 0.119372 1.450793 83.948634 -1.000000 
0.010654 -2.357371 -0.005472 -1.456013 -1.704600 0.119372 1.450793 83.948634 -1.000000 
0.010654 -2.357371 -0.005472 -1.456013 -1.704600 0.119372 1.450793 83.948634 -1.000000 
0.010654 -2.357371 -0.005472 -1.456013 -1.704600 0.119372 1.450793 83.948634 -1.000000 
0.010654 -2.357371 -0.005472 -1.456013 -1.704600 0.119372 1.450793 83.948634 -1.000000 
0.010654 -2.357371 -0.005472 -1.456013 -1.704600 0.119372 1.450793 83.948634 -1.000000 
0.010654 -2.357371 -0.005472 -1.456013 -1.704600 0.119372 1.450793 83.948634 -1.000000 
0.010654 -2.357371 -0.005472 -1.456013 -1.704600 0.119372 1.450793 83.948634 -1.000000 
0.010654 -2.357371 -0.005472 -1.456013 -1.704600 0.119372 1.450793 83.948634 -1.000000 
0.010654 -2.357371 -0.005472 -1.456013 -1.704600 0.119372 1.450793 83.948634 -1.000000 
0.010654 -2.357371 -0.005472 -1.456013 -1.704600 0.119372 1.450793 83.948634 -1.000000 
0.010654 -2.357371 -0.005472 -1.456013 -1.704600 0.119372 1.450793 83.948634 -1.000000 
0.010654 -2.357371 -0.005472 -1.456013 -1.704600 0.119372 1.450793 83.948634 -1.000000 
0.010654 -2.357371 -0.005472 -1.456013 -1.704600 0.119372 1.450793 83.948634 -1.000000 
0.010654 -2.357371 -0.005472 -1.456013 -1.704600 0.119372 1.450793 83.948634 -1.000000 
0.010654 -2.357371 -0.005472 -1.456013 -1.704600 0.119372 1.450793 83.948634 -1.000000 
0.010654 -2.357371 -0.005472 -1.456013 -1.704600 0.119372 1.450793 83.948634 -1.000000 
0.010654 -2.357371 -0.005472 -1.456013 -1.704600 0.119372 1.450793 83.948634 -1.000000 
0.010654 -2.357371 -0.005472 -1.456013 -1.704600 0.119372 1.450793 83.948634 -1.000000 
0.010654 -2.357371 -0.005472 -1.456013 -1.704600 0.119372 1.450793 83.948634 -1.000000 
0.010654 -2.357371 -0.005472 -1.456013 -1.704600 0.119372 1.450793 83.948634 -1.000000 
0.010654 -2.357371 -0.005472 -1.456013 -1.704600 0.119372 1.450793 83.948634 -1.000000 
0.010654 -2.357371 -0.005472 -1.456013 -1.704600 0.119372 1.450793 83.948634 -1.000000 
0.010654 -2.357371 -0.005472 -1.456013 -1.704600 0.119372 1.450793 83.948634 -1.000000 
0.010654 -2.357371 -0.005472 -1.456013 -1.704600 0.119372 1.450793 83.948634 -1.000000 
0.010654 -2.357371 -0.005472 -1.456013 -1.704600 0.119372 1.450793 83.948634 -1.000000 
0.010654 -2.357371 -0.005472 -1.456013 -1.704600 0.119372 1.450793 83.948634 -1.000000 
0.010654 -2.357371 -0.005472 -1.456013 -1.704600 0.119372 1.450793 83.948634 -1.000000 
0.010654 -2.357371 -0.005472 -1.456013 -1.704600 0.119372 1.450793 83.948634 -1.000000 
0.010654 -2.357371 -0.005472 -1.456013 -1.704600 0.119372 1.450793 83.948634 -1.000000 
0.010654 -2.357371 -0.005472 -1.456013 -1.704600 0.119372 1.450793 83.948634 -1.000000 
0.010654 -2.357371 -0.005472 -1.456013 -1.704600 0.119372 1.450793 83.948634 -1.000000 
0.010654 -2.357371 -0.005472 -1.456013 -1.704600 0.119372 1.450793 83.948634 -1.000000 
0.010654 -2.357371 -0.005472 -1.456013 -1.704600 0.119372 1.450793 83.948634 -1.000000 
0.010654 -2.357371 -0.005472 -1.456013 -1.704600 0.119372 1.450793 83.948634 -1.000000 
0.010654 -2.357371 -0.005472 -1.456013 -1.704600 0.119372 1.450793 83.948634 -1.000000 
0.010654 -2.357371 -0.005472 -1.456013 -1.704600 0.119372 1.450793 83.948634 -1.000000 
0.010654 -2.357371 -0.005472 -1.456013 -1.704600 0.119372 1.450793 83.948634 -1.000000 
0.010654 -2.357371 -0.005472 -1.456013 -1.704600 0.119372 1.450793 83.948634 -1.000000 
0.010654 -2.357371 -0.005472 -1.456013 -1.704600 0.119372 1.450793 83.948634 -1.000000 
0.010654 -2.357371 -0.005472 -1.456013 -1.704600 0.119372 1.450793 83.948634 -1.000000 
0.010654 -2.357371 -0.005472 -1.456013 -1.704600 0.119372 1.450793 83.948634 -1.000000 
0.010654 -2.357371 -0.005472 -1.456013 -1.704600 0.119372 1.450793 83.948634 -1.000000 
0.010654 -2.357371 -0.005472 -1.456013 -1.704600 0.119372 1.450793 83.948634 -1.000000 
0.010654 -2.357371 -0.005472 -1.456013 -1.704600 0.119372 1.450793 83.948634 -1.000000 
0.010654 -2.357371 -0.005472 -1.456013 -1.704600 0.119372 1.450793 83.948634 -1.000000 
0.010654 -2.357371 -0.005472 -1.456013 -1.704600 0.119372 1.450793 83.948634 -1.000000 
0.010654 -2.357371 -0.005472 -1.456013 -1.704600 0.119372 1.450793 83.948634 -1.000000 
0.010654 -2.357371 -0.005472 -1.456013 -1.704600 0.119372 1.450793 83.948634 -1.000000 
0.010654 -2.357371 -0.005472 -1.456013 -1.704600 0.119372 1.450793 83.948634 -1.000000 
0.010654 -2.357371 -0.005472 -1.456013 -1.704600 0.119372 1.450793 83.948634 -1.000000 
0.010654 -2.357371 -0.005472 -1.456013 -1.704600 0.119372 1.450793 83.948634 -1.000000 
0.010654 -2.357371 -0.005472 -1.456013 -1.704600 0.119372 1.450793 83.948634 -1.000000 
0.010654 -2.357371 -0.005472 -1.456013 -1.704600 0.119372 1.450793 83.948634 -1.000000 
0.010654 -2.357371 -0.005472 -1.456013 -1.704600 0.119372 1.450793 83.948634 -1.000000 
0.010654 -2.357371 -0.005472 -1.456013 -1.704600 0.119372 1.450793 83.948634 -1.000000 
0.010654 -2.357371 -0.005472 -1.456013 -1.704600 0.119372 1.450793 83.948634 -1.000000 
0.010654 -2.357371 -0.005472 -1.456013 -1.704600 0.119372 1.450793 83.948634 -1.000000 
0.010654 -2.357371 -0.005472 -1.456013 -1.704600 0.119372 1.450793 83.948634 -1.000000 
0.010654 -2.357371 -0.005472 -1.456013 -1.704600 0.119372 1.450793 83.948634 -1.000000 
0.010654 -2.357371 -0.005472 -1.456013 -1.704600 0.119372 1.450793 83.948634 -1.000000 
0.010654 -2.357371 -0.005472 -1.456013 -1.704600 0.119372 1.450793 83.948634 -1.000000 
0.010654 -2.357371 -0.005472 -1.456013 -1.704600 0.119372 1.450793 83.948634 -1.000000 
0.010654 -2.357371 -0.005472 -1.456013 -1.704600 0.119372 1.450793 83.948634 -1.000000 
0.010654 -2.357371 -0.005472 -1.456013 -1.704600 0.119372 1.450793 83.948634 -1.000000 
0.010654 -2.357371 -0.005472 -1.456013 -1.704600 0.119372 1.450793 83.948634 -1.000000 
0.010654 -2.357371 -0.005472 -1.456013 -1.704600 0.119372 1.450793 83.948634 -1.000000 
0.010654 -2.357371 -0.005472 -1.456013 -1.704600 0.119372 1.450793 83.948634 -1.000000 
0.010654 -2.357371 -0.005472 -1.456013 -1.704600 0.119372 1.450793 83.948634 -1.000000 
0.010654 -2.357371 -0.005472 -1.456013 -1.704600 0.119372 1.450793 83.948634 -1.000000 
0.010654 -2.357371 -0.005472 -1.456013 -1.704600 0.119372 1.450793 83.948634 -1.000000 
0.010654 -2.357371 -0.005472 -1.456013 -1.704600 0.119372 1.450793 83.948634 -1.000000 
0.010654 -2.357371 -0.005472 -1.456013 -1.704600 0.119372 1.450793 83.948634 -1.000000 
0.010654 -2.357371 -0.005472 -1.456013 -1.704600 0.119372 1.450793 83.948634 -1.000000 
0.010654 -2.357371 -0.005472 -1.456013 -1.704600 0.119372 1.450793 83.948634 -1.000000 
0.010654 -2.357371 -0.005472 -1.456013 -1.704600 0.119372 1.450793 83.948634 -1.000000 
0.010654 -2.357371 -0.005472 -1.456013 -1.704600 0.119372 1.450793 83.948634 -1.000000 
0.010654 -2.357371 -0.005472 -1.456013 -1.704600 0.119372 1.450793 83.948634 -1.000000 
0.010654 -2.357371 -0.005472 -1.456013 -1.704600 0.119372 1.450793 83.948634 -1.000000 
0.010654 -2.357371 -0.005472 -1.456013 -1.704600 0.119372 1.450793 83.948634 -1.000000 
0.010654 -2.357371 -0.005472 -1.456013 -1.704600 0.119372 1.450793 83.948634 -1.000000 
0.010654 -2.357371 -0.005472 -1.456013 -1.704600 0.119372 1.450793 83.948634 -1.000000 
0.010654 -2.357371 -0.005472 -1.456013 -1.704600 0.119372 1.450793 83.948634 -1.000000 
0.010654 -2.357371 -0.005472 -1.456013 -1.704600 0.119372 1.450793 83.948634 -1.000000 
0.010654 -2.357371 -0.005472 -1.456013 -1.704600 0.119372 1.450793 83.948634 -1.000000 
0.010654 -2.357371 -0.005472 -1.456013 -1.704600 0.119372 1.450793 83.948634 -1.000000 
0.010654 -2.357371 -0.005472 -1.456013 -1.704600 0.119372 1.450793 83.948634 -1.000000 
0.010654 -2.357371 -0.005472 -1.456013 -1.704600 0.119372 1.450793 83.948634 -1.000000 
0.010654 -2.357371 -0.005472 -1.456013 -1.704600 0.119372 1.450793 83.948634 -1.000000 
0.010654 -2.357371 -0.005472 -1.456013 -1.704600 0.119372 1.450793 83.948634 -1.000000 
0.010654 -2.357371 -0.005472 -1.456013 -1.704600 0.119372 1.450793 83.948634 -1.000000 
0.010654 -2.357371 -0.005472 -1.456013 -1.704600 0.119372 1.450793 83.948634 -1.000000 
0.010654 -2.357371 -0.005472 -1.456013 -1.704600 0.119372 1.450793 83.948634 -1.000000 
0.010654 -2.357371 -0.005472 -1.456013 -1.704600 0.119372 1.450793 83.948634 -1.000000 
0.010654 -2.357371 -0.005472 -1.456013 -1.704600 0.119372 1.450793 83.948634 -1.000000 
0.010654 -2.357371 -0.005472 -1.456013 -1.704600 0.119372 1.450793 83.948634 -1.000000 
0.010654 -2.357371 -0.005472 -1.456013 -1.704600 0.119372 1.450793 83.948634 -1.000000 
0.010654 -2.357371 -0.005472 -1.456013 -1.704600 0.119372 1.450793 83.948634 -1.000000 
0.010654 -2.357371 -0.005472 -1.456013 -1.704600 0.119372 1.450793 83.948634 -1.000000 
0.010654 -2.357371 -0.005472 -1.456013 -1.704600 0.119372 1.450793 83.948634 -1.000000 
0.010654 -2.357371 -0.005472 -1.456013 -1.704600 0.119372 1.450793 83.948634 -1.000000 
0.010654 -2.357371 -0.005472 -1.456013 -1.704600 0.119372 1.450793 83.948634 -1.000000 
0.010654 -2.357371 -0.005472 -1.456013 -1.704600 0.119372 1.450793 83.948634 -1.000000 
0.010654 -2.357371 -0.005472 -1.456013 -1.704600 0.119372 1.450793 83.948634 -1.000000 
0.010654 -2.357371 -0.005472 -1.456013 -1.704600 0.119372 1.450793 83.948634 -1.000000 
0.010654 -2.357371 -0.005472 -1.456013 -1.704600 0.119372 1.450793 83.948634 -1.000000 
0.010654 -2.357371 -0.005472 -1.456013 -1.704600 0.119372 1.450793 83.948634 -1.000000 
0.010654 -2.357371 -0.005472 -1.456013 -1.704600 0.119372 1.450793 83.948634 -1.000000 
0.010654 -2.357371 -0.005472 -1.456013 -1.704600 0.119372 1.450793 83.948634 -1.000000 
0.010654 -2.357371 -0.005472 -1.456013 -1.704600 0.119372 1.450793 83.948634 -1.000000 
0.010654 -2.357371 -0.005472 -1.456013 -1.704600 0.119372 1.450793 83.948634 -1.000000 
0.010654 -2.357371 -0.005472 -1.456013 -1.704600 0.119372 1.450793 83.948634 -1.000000 
0.010654 -2.357371 -0.005472 -1.456013 -1.704600 0.119372 1.450793 83.948634 -1.000000 
0.010654 -2.357371 -0.005472 -1.456013 -1.704600 0.119372 1.450793 83.948634 -1.000000 
0.010654 -2.357371 -0.005472 -1.456013 -1.704600 0.119372 1.450793 83.948634 -1.000000 
0.010654 -2.357371 -0.005472 -1.456013 -1.704600 0.119372 1.450793 83.948634 -1.000000 
0.010654 -2.357371 -0.005472 -1.456013 -1.704600 0.119372 1.450793 83.948634 -1.000000 
0.010654 -2.357371 -0.005472 -1.456013 -1.704600 0.119372 1.450793 83.948634 -1.000000 
0.010654 -2.357371 -0.005472 -1.456013 -1.704600 0.119372 1.450793 83.948634 -1.000000 
0.010654 -2.357371 -0.005472 -1.456013 -1.704600 0.119372 1.450793 83.948634 -1.000000 
0.010654 -2.357371 -0.005472 -1.456013 -1.704600 0.119372 1.450793 83.948634 -1.000000 
0.010654 -2.357371 -0.005472 -1.456013 -1.704600 0.119372 1.450793 83.948634 -1.000000 
0.010654 -2.357371 -0.005472 -1.456013 -1.704600 0.119372 1.450793 83.948634 -1.000000 
0.010654 -2.357371 -0.005472 -1.456013 -1.704600 0.119372 1.450793 83.948634 -1.000000 
0.010654 -2.357371 -0.005472 -1.456013 -1.704600 0.119372 1.450793 83.948634 -1.000000 
0.010654 -2.357371 -0.005472 -1.456013 -1.704600 0.119372 1.450793 83.948634 -1.000000 
0.010654 -2.357371 -0.005472 -1.456013 -1.704600 0.119372 1.450793 83.948634 -1.000000 
0.010654 -2.357371 -0.005472 -1.456013 -1.704600 0.119372 1.450793 83.948634 -1.000000 
0.010654 -2.357371 -0.005472 -1.456013 -1.704600 0.119372 1.450793 83.948634 -1.000000 
0.010654 -2.357371 -0.005472 -1.456013 -1.704600 0.119372 1.450793 83.948634 -1.000000 
0.010654 -2.357371 -0.005472 -1.456013 -1.704600 0.119372 1.450793 83.948634 -1.000000 
0.010654 -2.357371 -0.005472 -1.456013 -1.704600 0.119372 1.450793 83.948634 -1.000000 
0.010654 -2.357371 -0.005472 -1.456013 -1.704600 0.119372 1.450793 83.948634 -1.000000 
0.010654 -2.357371 -0.005472 -1.456013 -1.704600 0.119372 1.450793 83.948634 -1.000000 
0.010654 -2.357371 -0.005472 -1.456013 -1.704600 0.119372 1.450793 83.948634 -1.000000 
0.010654 -2.357371 -0.005472 -1.456013 -1.704600 0.119372 1.450793 83.948634 -1.000000 
0.010654 -2.357371 -0.005472 -1.456013 -1.704600 0.119372 1.450793 83.948634 -1.000000 
0.010654 -2.357371 -0.005472 -1.456013 -1.704600 0.119372 1.450793 83.948634 -1.000000 
0.010654 -2.357371 -0.005472 -1.456013 -1.704600 0.119372 1.450793 83.948634 -1.000000 
0.010654 -2.357371 -0.005472 -1.456013 -1.704600 0.119372 1.450793 83.948634 -1.000000 
0.010654 -2.357371 -0.005472 -1.456013 -1.704600 0.119372 1.450793 83.948634 -1.000000 
0.010654 -2.357371 -0.005472 -1.456013 -1.704600 0.119372 1.450793 83.948634 -1.000000 
0.010654 -2.357371 -0.005472 -1.456013 -1.704600 0.119372 1.450793 83.948634 -1.000000 
0.010654 -2.357371 -0.005472 -1.456013 -1.704600 0.119372 1.450793 83.948634 -1.000000 
0.010654 -2.357371 -0.005472 -1.456013 -1.704600 0.119372 1.450793 83.948634 -1.000000 
0.010654 -2.357371 -0.005472 -1.456013 -1.704600 0.119372 1.450793 83.948634 -1.000000 
0.010654 -2.357371 -0.005472 -1.456013 -1.704600 0.119372 1.450793 83.948634 -1.000000 
0.010654 -2.357371 -0.005472 -1.456013 -1.704600 0.119372 1.450793 83.948634 -1.000000 
0.010654 -2.357371 -0.005472 -1.456013 -1.704600 0.119372 1.450793 83.948634 -1.000000 
0.010654 -2.357371 -0.005472 -1.456013 -1.704600 0.119372 1.450793 83.948634 -1.000000 
0.010654 -2.357371 -0.005472 -1.456013 -1.704600 0.119372 1.450793 83.948634 -1.000000 
0.010654 -2.357371 -0.005472 -1.456013 -1.704600 0.119372 1.450793 83.948634 -1.000000 
0.010654 -2.357371 -0.005472 -1.456013 -1.704600 0.119372 1.450793 83.948634 -1.000000 
0.010654 -2.357371 -0.005472 -1.456013 -1.704600 0.119372 1.450793 83.948634 -1.000000 
0.010654 -2.357371 -0.005472 -1.456013 -1.704600 0.119372 1.450793 83.948634 -1.000000 
0.010654 -2.357371 -0.005472 -1.456013 -1.704600 0.119372 1.450793 83.948634 -1.000000 
0.010654 -2.357371 -0.005472 -1.456013 -1.704600 0.119372 1.450793 83.948634 -1.000000 
0.010654 -2.357371 -0.005472 -1.456013 -1.704600 0.119372 1.450793 83.948634 -1.000000 
0.010654 -2.357371 -0.005472 -1.456013 -1.704600 0.119372 1.450793 83.948634 -1.000000 
0.010654 -2.357371 -0.005472 -1.456013 -1.704600 0.119372 1.450793 83.948634 -1.000000 
0.010654 -2.357371 -0.005472 -1.456013 -1.704600 0.119372 1.450793 83.948634 -1.000000 
0.010654 -2.357371 -0.005472 -1.456013 -1.704600 0.119372 1.450793 83.948634 -1.000000 
0.010654 -2.357371 -0.005472 -1.456013 -1.704600 0.119372 1.450793 83.948634 -1.000000 
0.010654 -2.357371 -0.005472 -1.456013 -1.704600 0.119372 1.450793 83.948634 -1.000000 
0.010654 -2.357371 -0.005472 -1.456013 -1.704600 0.119372 1.450793 83.948634 -1.000000 
0.010654 -2.357371 -0.005472 -1.456013 -1.704600 0.119372 1.450793 83.948634 -1.000000 
0.010654 -2.357371 -0.005472 -1.456013 -1.704600 0.119372 1.450793 83.948634 -1.000000 
0.010654 -2.357371 -0.005472 -1.456013 -1.704600 0.119372 1.450793 83.948634 -1.000000 
0.010654 -2.357371 -0.005472 -1.456013 -1.704600 0.119372 1.450793 83.948634 -1.000000 
0.010654 -2.357371 -0.005472 -1.456013 -1.704600 0.119372 1.450793 83.948634 -1.000000 
0.010654 -2.357371 -0.005472 -1.456013 -1.704600 0.119372 1.450793 83.948634 -1.000000 
0.010654 -2.357371 -0.005472 -1.456013 -1.704600 0.119372 1.450793 83.948634 -1.000000 
0.010654 -2.357371 -0.005472 -1.456013 -1.704600 0.119372 1.450793 83.948634 -1.000000 
0.010654 -2.357371 -0.005472 -1.456013 -1.704600 0.119372 1.450793 83.948634 -1.000000 
0.010654 -2.357371 -0.005472 -1.456013 -1.704600 0.119372 1.450793 83.948634 -1.000000 
0.010654 -2.357371 -0.005472 -1.456013 -1.704600 0.119372 1.450793 83.948634 -1.000000 
0.010654 -2.357371 -0.005472 -1.456013 -1.704600 0.119372 1.450793 83.948634 -1.000000 
0.010654 -2.357371 -0.005472 -1.456013 -1.704600 0.119372 1.450793 83.948634 -1.000000 
0.010654 -2.357371 -0.005472 -1.456013 -1.704600 0.119372 1.450793 83.948634 -1.000000 
0.010654 -2.357371 -0.005472 -1.456013 -1.704600 0.119372 1.450793 83.948634 -1.000000 
0.010654 -2.357371 -0.005472 -1.456013 -1.704600 0.119372 1.450793 83.948634 -1.000000 
0.010654 -2.357371 -0.005472 -1.456013 -1.704600 0.119372 1.450793 83.948634 -1.000000 
0.010654 -2.357371 -0.005472 -1.456013 -1.704600 0.119372 1.450793 83.948634 -1.000000 
0.010654 -2.357371 -0.005472 -1.456013 -1.704600 0.119372 1.450793 83.948634 -1.000000 
0.010654 -2.357371 -0.005472 -1.456013 -1.704600 0.119372 1.450793 83.948634 -1.000000 
0.010654 -2.357371 -0.005472 -1.456013 -1.704600 0.119372 1.450793 83.948634 -1.000000 
0.010654 -2.357371 -0.005472 -1.456013 -1.704600 0.119372 1.450793 83.948634 -1.000000 
0.010654 -2.357371 -0.005472 -1.456013 -1.704600 0.119372 1.450793 83.948634 -1.000000 
0.010654 -2.357371 -0.005472 -1.456013 -1.704600 0.119372 1.450793 83.948634 -1.000000 
0.010654 -2.357371 -0.005472 -1.456013 -1.704600 0.119372 1.450793 83.948634 -1.000000 
0.010654 -2.357371 -0.005472 -1.456013 -1.704600 0.119372 1.450793 83.948634 -1.000000 
0.010654 -2.357371 -0.005472 -1.456013 -1.704600 0.119372 1.450793 83.948634 -1.000000 
0.010654 -2.357371 -0.005472 -1.456013 -1.704600 0.119372 1.450793 83.948634 -1.000000 
0.010654 -2.357371 -0.005472 -1.456013 -1.704600 0.119372 1.450793 83.948634 -1.000000 
0.010654 -2.357371 -0.005472 -1.456013 -1.704600 0.119372 1.450793 83.948634 -1.000000 
0.010654 -2.357371 -0.005472 -1.456013 -1.704600 0.119372 1.450793 83.948634 -1.000000 
0.010654 -2.357371 -0.005472 -1.456013 -1.704600 0.119372 1.450793 83.948634 -1.000000 
0.010654 -2.357371 -0.005472 -1.456013 -1.704600 0.119372 1.450793 83.948634 -1.000000 
0.010654 -2.357371 -0.005472 -1.456013 -1.704600 0.119372 1.450793 83.948634 -1.000000 
0.010654 -2.357371 -0.005472 -1.456013 -1.704600 0.119372 1.450793 83.948634 -1.000000 
0.010654 -2.357371 -0.005472 -1.456013 -1.704600 0.119372 1.450793 83.948634 -1.000000 
0.010654 -2.357371 -0.005472 -1.456013 -1.704600 0.119372 1.450793 83.948634 -1.000000 
0.010654 -2.357371 -0.005472 -1.456013 -1.704600 0.119372 1.450793 83.948634 -1.000000 
0.010654 -2.357371 -0.005472 -1.456013 -1.704600 0.119372 1.450793 83.948634 -1.000000 
0.010654 -2.357371 -0.005472 -1.456013 -1.704600 0.119372 1.450793 83.948634 -1.000000 
0.010654 -2.357371 -0.005472 -1.456013 -1.704600 0.119372 1.450793 83.948634 -1.000000 
0.010654 -2.357371 -0.005472 -1.456013 -1.704600 0.119372 1.450793 83.948634 -1.000000 
0.010654 -2.357371 -0.005472 -1.456013 -1.704600 0.119372 1.450793 83.948634 -1.000000 
0.010654 -2.357371 -0.005472 -1.456013 -1.704600 0.119372 1.450793 83.948634 -1.000000 
0.010654 -2.357371 -0.005472 -1.456013 -1.704600 0.119372 1.450793 83.948634 -1.000000 
0.010654 -2.357371 -0.005472 -1.456013 -1.704600 0.119372 1.450793 83.948634 -1.000000 
0.010654 -2.357371 -0.005472 -1.456013 -1.704600 0.119372 1.450793 83.948634 -1.000000 
0.010654 -2.357371 -0.005472 -1.456013 -1.704600 0.119372 1.450793 83.948634 -1.000000 
0.010654 -2.357371 -0.005472 -1.456013 -1.704600 0.119372 1.450793 83.948634 -1.000000 
0.010654 -2.357371 -0.005472 -1.456013 -1.704600 0.119372 1.450793 83.948634 -1.000000 
0.010654 -2.357371 -0.005472 -1.456013 -1.704600 0.119372 1.450793 83.948634 -1.000000 
0.010654 -2.357371 -0.005472 -1.456013 -1.704600 0.119372 1.450793 83.948634 -1.000000 
0.010654 -2.357371 -0.005472 -1.456013 -1.704600 0.119372 1.450793 83.948634 -1.000000 
0.010654 -2.357371 -0.005472 -1.456013 -1.704600 0.119372 1.450793 83.948634 -1.000000 
0.010654 -2.357371 -0.005472 -1.456013 -1.704600 0.119372 1.450793 83.948634 -1.000000 
0.010654 -2.357371 -0.005472 -1.456013 -1.704600 0.119372 1.450793 83.948634 -1.000000 
0.010654 -2.357371 -0.005472 -1.456013 -1.704600 0.119372 1.450793 83.948634 -1.000000 
0.010654 -2.357371 -0.005472 -1.456013 -1.704600 0.119372 1.450793 83.948634 -1.000000 
0.010654 -2.357371 -0.005472 -1.456013 -1.704600 0.119372 1.450793 83.948634 -1.000000 
0.010654 -2.357371 -0.005472 -1.456013 -1.704600 0.119372 1.450793 83.948634 -1.000000 
0.010654 -2.357371 -0.005472 -1.456013 -1.704600 0.119372 1.450793 83.948634 -1.000000 
0.010654 -2.357371 -0.005472 -1.456013 -1.704600 0.119372 1.450793 83.948634 -1.000000 
0.010654 -2.357371 -0.005472 -1.456013 -1.704600 0.119372 1.450793 83.948634 -1.000000 
0.010654 -2.357371 -0.005472 -1.456013 -1.704600 0.119372 1.450793 83.948634 -1.000000 
0.010654 -2.357371 -0.005472 -1.456013 -1.704600 0.119372 1.450793 83.948634 -1.000000 
0.010654 -2.357371 -0.005472 -1.456013 -1.704600 0.119372 1.450793 83.948634 -1.000000 
0.010654 -2.357371 -0.005472 -1.456013 -1.704600 0.119372 1.450793 83.948634 -1.000000 
0.010654 -2.357371 -0.005472 -1.456013 -1.704600 0.119372 1.450793 83.948634 -1.000000 
0.010654 -2.357371 -0.005472 -1.456013 -1.704600 0.119372 1.450793 83.948634 -1.000000 
0.010654 -2.357371 -0.005472 -1.456013 -1.704600 0.119372 1.450793 83.948634 -1.000000 
0.010654 -2.357371 -0.005472 -1.456013 -1.704600 0.119372 1.450793 83.948634 -1.000000 
0.010654 -2.357371 -0.005472 -1.456013 -1.704600 0.119372 1.450793 83.948634 -1.000000 
0.010654 -2.357371 -0.005472 -1.456013 -1.704600 0.119372 1.450793 83.948634 -1.000000 
0.010654 -2.357371 -0.005472 -1.456013 -1.704600 0.119372 1.450793 83.948634 -1.000000 
0.010654 -2.357371 -0.005472 -1.456013 -1.704600 0.119372 1.450793 83.948634 -1.000000 
0.010654 -2.357371 -0.005472 -1.456013 -1.704600 0.119372 1.450793 83.948634 -1.000000 
0.010654 -2.357371 -0.005472 -1.456013 -1.704600 0.119372 1.450793 83.948634 -1.000000 
0.010654 -2.357371 -0.005472 -1.456013 -1.704600 0.119372 1.450793 83.948634 -1.000000 
0.010654 -2.357371 -0.005472 -1.456013 -1.704600 0.119372 1.450793 83.948634 -1.000000 
0.010654 -2.357371 -0.005472 -1.456013 -1.704600 0.119372 1.450793 83.948634 -1.000000 
0.010654 -2.357371 -0.005472 -1.456013 -1.704600 0.119372 1.450793 83.948634 -1.000000 
0.010654 -2.357371 -0.005472 -1.456013 -1.704600 0.119372 1.450793 83.948634 -1.000000 
0.010654 -2.357371 -0.005472 -1.456013 -1.704600 0.119372 1.450793 83.948634 -1.000000 
0.010654 -2.357371 -0.005472 -1.456013 -1.704600 0.119372 1.450793 83.948634 -1.000000 
0.010654 -2.357371 -0.005472 -1.456013 -1.704600 0.119372 1.450793 83.948634 -1.000000 
0.010654 -2.357371 -0.005472 -1.456013 -1.704600 0.119372 1.450793 83.948634 -1.000000 
0.010654 -2.357371 -0.005472 -1.456013 -1.704600 0.119372 1.450793 83.948634 -1.000000 
0.010654 -2.357371 -0.005472 -1.456013 -1.704600 0.119372 1.450793 83.948634 -1.000000 
0.010654 -2.357371 -0.005472 -1.456013 -1.704600 0.119372 1.450793 83.948634 -1.000000 
0.010654 -2.357371 -0.005472 -1.456013 -1.704600 0.119372 1.450793 83.948634 -1.000000 
0.010654 -2.357371 -0.005472 -1.456013 -1.704600 0.119372 1.450793 83.948634 -1.000000 
0.010654 -2.357371 -0.005472 -1.456013 -1.704600 0.119372 1.450793 83.948634 -1.000000 
0.010654 -2.357371 -0.005472 -1.456013 -1.704600 0.119372 1.450793 83.948634 -1.000000 
0.010654 -2.357371 -0.005472 -1.456013 -1.704600 0.119372 1.450793 83.948634 -1.000000 
0.010654 -2.357371 -0.005472 -1.456013 -1.704600 0.119372 1.450793 83.948634 -1.000000 
0.010654 -2.357371 -0.005472 -1.456013 -1.704600 0.119372 1.450793 83.948634 -1.000000 
0.010654 -2.357371 -0.005472 -1.456013 -1.704600 0.119372 1.450793 83.948634 -1.000000 
0.010654 -2.357371 -0.005472 -1.456013 -1.704600 0.119372 1.450793 83.948634 -1.000000 
0.010654 -2.357371 -0.005472 -1.456013 -1.704600 0.119372 1.450793 83.948634 -1.000000 
0.010654 -2.357371 -0.005472 -1.456013 -1.704600 0.119372 1.450793 83.948634 -1.000000 
0.010654 -2.357371 -0.005472 -1.456013 -1.704600 0.119372 1.450793 83.948634 -1.000000 
0.010654 -2.357371 -0.005472 -1.456013 -1.704600 0.119372 1.450793 83.948634 -1.000000 
0.010654 -2.357371 -0.005472 -1.456013 -1.704600 0.119372 1.450793 83.948634 -1.000000 
0.010654 -2.357371 -0.005472 -1.456013 -1.704600 0.119372 1.450793 83.948634 -1.000000 
0.010654 -2.357371 -0.005472 -1.456013 -1.704600 0.119372 1.450793 83.948634 -1.000000 
0.010654 -2.357371 -0.005472 -1.456013 -1.704600 0.119372 1.450793 83.948634 -1.000000 
0.010654 -2.357371 -0.005472 -1.456013 -1.704600 0.119372 1.450793 83.948634 -1.000000 
0.010654 -2.357371 -0.005472 -1.456013 -1.704600 0.119372 1.450793 83.948634 -1.000000 
0.010654 -2.357371 -0.005472 -1.456013 -1.704600 0.119372 1.450793 83.948634 -1.000000 
0.010654 -2.357371 -0.005472 -1.456013 -1.704600 0.119372 1.450793 83.948634 -1.000000 
0.010654 -2.357371 -0.005472 -1.456013 -1.704600 0.119372 1.450793 83.948634 -1.000000 
0.010654 -2.357371 -0.005472 -1.456013 -1.704600 0.119372 1.450793 83.948634 -1.000000 
0.010654 -2.357371 -0.005472 -1.456013 -1.704600 0.119372 1.450793 83.948634 -1.000000 
0.010654 -2.357371 -0.005472 -1.456013 -1.704600 0.119372 1.450793 83.948634 -1.000000 
0.010654 -2.357371 -0.005472 -1.456013 -1.704600 0.119372 1.450793 83.948634 -1.000000 
0.010654 -2.357371 -0.005472 -1.456013 -1.704600 0.119372 1.450793 83.948634 -1.000000 
0.010654 -2.357371 -0.005472 -1.456013 -1.704600 0.119372 1.450793 83.948634 -1.000000 
0.010654 -2.357371 -0.005472 -1.456013 -1.704600 0.119372 1.450793 83.948634 -1.000000 
0.010654 -2.357371 -0.005472 -1.456013 -1.704600 0.119372 1.450793 83.948634 -1.000000 
0.010654 -2.357371 -0.005472 -1.456013 -1.704600 0.119372 1.450793 83.948634 -1.000000 
0.010654 -2.357371 -0.005472 -1.456013 -1.704600 0.119372 1.450793 83.948634 -1.000000 
0.010654 -2.357371 -0.005472 -1.456013 -1.704600 0.119372 1.450793 83.948634 -1.000000 
0.010654 -2.357371 -0.005472 -1.456013 -1.704600 0.119372 1.450793 83.948634 -1.000000 
0.010654 -2.357371 -0.005472 -1.456013 -1.704600 0.119372 1.450793 83.948634 -1.000000 
0.010654 -2.357371 -0.005472 -1.456013 -1.704600 0.119372 1.450793 83.948634 -1.000000 
0.010654 -2.357371 -0.005472 -1.456013 -1.704600 0.119372 1.450793 83.948634 -1.000000 
0.010654 -2.357371 -0.005472 -1.456013 -1.704600 0.119372 1.450793 83.948634 -1.000000 
0.010654 -2.357371 -0.005472 -1.456013 -1.704600 0.119372 1.450793 83.948634 -1.000000 
0.010654 -2.357371 -0.005472 -1.456013 -1.704600 0.119372 1.450793 83.948634 -1.000000 
0.010654 -2.357371 -0.005472 -1.456013 -1.704600 0.119372 1.450793 83.948634 -1.000000 
0.010654 -2.357371 -0.005472 -1.456013 -1.704600 0.119372 1.450793 83.948634 -1.000000 
0.010654 -2.357371 -0.005472 -1.456013 -1.704600 0.119372 1.450793 83.948634 -1.000000 
0.010654 -2.357371 -0.005472 -1.456013 -1.704600 0.119372 1.450793 83.948634 -1.000000 
0.010654 -2.357371 -0.005472 -1.456013 -1.704600 0.119372 1.450793 83.948634 -1.000000 
0.010654 -2.357371 -0.005472 -1.456013 -1.704600 0.119372 1.450793 83.948634 -1.000000 
0.010654 -2.357371 -0.005472 -1.456013 -1.704600 0.119372 1.450793 83.948634 -1.000000 
0.010654 -2.357371 -0.005472 -1.456013 -1.704600 0.119372 1.450793 83.948634 -1.000000 
0.010654 -2.357371 -0.005472 -1.456013 -1.704600 0.119372 1.450793 83.948634 -1.000000 
0.010654 -2.357371 -0.005472 -1.456013 -1.704600 0.119372 1.450793 83.948634 -1.000000 
0.010654 -2.357371 -0.005472 -1.456013 -1.704600 0.119372 1.450793 83.948634 -1.000000 
0.010654 -2.357371 -0.005472 -1.456013 -1.704600 0.119372 1.450793 83.948634 -1.000000 
0.010654 -2.357371 -0.005472 -1.456013 -1.704600 0.119372 1.450793 83.948634 -1.000000 
0.010654 -2.357371 -0.005472 -1.456013 -1.704600 0.119372 1.450793 83.948634 -1.000000 
0.010654 -2.357371 -0.005472 -1.456013 -1.704600 0.119372 1.450793 83.948634 -1.000000 
0.010654 -2.357371 -0.005472 -1.456013 -1.704600 0.119372 1.450793 83.948634 -1.000000 
0.010654 -2.357371 -0.005472 -1.456013 -1.704600 0.119372 1.450793 83.948634 -1.000000 
0.010654 -2.357371 -0.005472 -1.456013 -1.704600 0.119372 1.450793 83.948634 -1.000000 
0.010654 -2.357371 -0.005472 -1.456013 -1.704600 0.119372 1.450793 83.948634 -1.000000 
0.010654 -2.357371 -0.005472 -1.456013 -1.704600 0.119372 1.450793 83.948634 -1.000000 
0.010654 -2.357371 -0.005472 -1.456013 -1.704600 0.119372 1.450793 83.948634 -1.000000 
0.010654 -2.357371 -0.005472 -1.456013 -1.704600 0.119372 1.450793 83.948634 -1.000000 
0.010654 -2.357371 -0.005472 -1.456013 -1.704600 0.119372 1.450793 83.948634 -1.000000 
0.010654 -2.357371 -0.005472 -1.456013 -1.704600 0.119372 1.450793 83.948634 -1.000000 
0.010654 -2.357371 -0.005472 -1.456013 -1.704600 0.119372 1.450793 83.948634 -1.000000 
0.010654 -2.357371 -0.005472 -1.456013 -1.704600 0.119372 1.450793 83.948634 -1.000000 
0.010654 -2.357371 -0.005472 -1.456013 -1.704600 0.119372 1.450793 83.948634 -1.000000 
0.010654 -2.357371 -0.005472 -1.456013 -1.704600 0.119372 1.450793 83.948634 -1.000000 
0.010654 -2.357371 -0.005472 -1.456013 -1.704600 0.119372 1.450793 83.948634 -1.000000 
0.010654 -2.357371 -0.005472 -1.456013 -1.704600 0.119372 1.450793 83.948634 -1.000000 
0.010654 -2.357371 -0.005472 -1.456013 -1.704600 0.119372 1.450793 83.948634 -1.000000 
0.010654 -2.357371 -0.005472 -1.456013 -1.704600 0.119372 1.450793 83.948634 -1.000000 
0.010654 -2.357371 -0.005472 -1.456013 -1.704600 0.119372 1.450793 83.948634 -1.000000 
0.010654 -2.357371 -0.005472 -1.456013 -1.704600 0.119372 1.450793 83.948634 -1.000000 
0.010654 -2.357371 -0.005472 -1.456013 -1.704600 0.119372 1.450793 83.948634 -1.000000 
0.010654 -2.357371 -0.005472 -1.456013 -1.704600 0.119372 1.450793 83.948634 -1.000000 
0.010654 -2.357371 -0.005472 -1.456013 -1.704600 0.119372 1.450793 83.948634 -1.000000 
0.010654 -2.357371 -0.005472 -1.456013 -1.704600 0.119372 1.450793 83.948634 -1.000000 
0.010654 -2.357371 -0.005472 -1.456013 -1.704600 0.119372 1.450793 83.948634 -1.000000 
0.010654 -2.357371 -0.005472 -1.456013 -1.704600 0.119372 1.450793 83.948634 -1.000000 
0.010654 -2.357371 -0.005472 -1.456013 -1.704600 0.119372 1.450793 83.948634 -1.000000 
0.010654 -2.357371 -0.005472 -1.456013 -1.704600 0.119372 1.450793 83.948634 -1.000000 
0.010654 -2.357371 -0.005472 -1.456013 -1.704600 0.119372 1.450793 83.948634 -1.000000 
0.010654 -2.357371 -0.005472 -1.456013 -1.704600 0.119372 1.450793 83.948634 -1.000000 
0.010654 -2.357371 -0.005472 -1.456013 -1.704600 0.119372 1.450793 83.948634 -1.000000 
0.010654 -2.357371 -0.005472 -1.456013 -1.704600 0.119372 1.450793 83.948634 -1.000000 
0.010654 -2.357371 -0.005472 -1.456013 -1.704600 0.119372 1.450793 83.948634 -1.000000 
0.010654 -2.357371 -0.005472 -1.456013 -1.704600 0.119372 1.450793 83.948634 -1.000000 
0.010654 -2.357371 -0.005472 -1.456013 -1.704600 0.119372 1.450793 83.948634 -1.000000 
0.010654 -2.357371 -0.005472 -1.456013 -1.704600 0.119372 1.450793 83.948634 -1.000000 
0.010654 -2.357371 -0.005472 -1.456013 -1.704600 0.119372 1.450793 83.948634 -1.000000 
0.010654 -2.357371 -0.005472 -1.456013 -1.704600 0.119372 1.450793 83.948634 -1.000000 
0.010654 -2.357371 -0.005472 -1.456013 -1.704600 0.119372 1.450793 83.948634 -1.000000 
0.010654 -2.357371 -0.005472 -1.456013 -1.704600 0.119372 1.450793 83.948634 -1.000000 
0.010654 -2.357371 -0.005472 -1.456013 -1.704600 0.119372 1.450793 83.948634 -1.000000 
0.010654 -2.357371 -0.005472 -1.456013 -1.704600 0.119372 1.450793 83.948634 -1.000000 
0.010654 -2.357371 -0.005472 -1.456013 -1.704600 0.119372 1.450793 83.948634 -1.000000 
0.010654 -2.357371 -0.005472 -1.456013 -1.704600 0.119372 1.450793 83.948634 -1.000000 
0.010654 -2.357371 -0.005472 -1.456013 -1.704600 0.119372 1.450793 83.948634 -1.000000 
0.010654 -2.357371 -0.005472 -1.456013 -1.704600 0.119372 1.450793 83.948634 -1.000000 
0.010654 -2.357371 -0.005472 -1.456013 -1.704600 0.119372 1.450793 83.948634 -1.000000 
0.010654 -2.357371 -0.005472 -1.456013 -1.704600 0.119372 1.450793 83.948634 -1.000000 
0.010654 -2.357371 -0.005472 -1.456013 -1.704600 0.119372 1.450793 83.948634 -1.000000 
0.010654 -2.357371 -0.005472 -1.456013 -1.704600 0.119372 1.450793 83.948634 -1.000000 
0.010654 -2.357371 -0.005472 -1.456013 -1.704600 0.119372 1.450793 83.948634 -1.000000 
0.010654 -2.357371 -0.005472 -1.456013 -1.704600 0.119372 1.450793 83.948634 -1.000000 
0.010654 -2.357371 -0.005472 -1.456013 -1.704600 0.119372 1.450793 83.948634 -1.000000 
0.010654 -2.357371 -0.005472 -1.456013 -1.704600 0.119372 1.450793 83.948634 -1.000000 
0.010654 -2.357371 -0.005472 -1.456013 -1.704600 0.119372 1.450793 83.948634 -1.000000 
0.010654 -2.357371 -0.005472 -1.456013 -1.704600 0.119372 1.450793 83.948634 -1.000000 
0.010654 -2.357371 -0.005472 -1.456013 -1.704600 0.119372 1.450793 83.948634 -1.000000 
0.010654 -2.357371 -0.005472 -1.456013 -1.704600 0.119372 1.450793 83.948634 -1.000000 
0.010654 -2.357371 -0.005472 -1.456013 -1.704600 0.119372 1.450793 83.948634 -1.000000 
0.010654 -2.357371 -0.005472 -1.456013 -1.704600 0.119372 1.450793 83.948634 -1.000000 
0.010654 -2.357371 -0.005472 -1.456013 -1.704600 0.119372 1.450793 83.948634 -1.000000 
0.010654 -2.357371 -0.005472 -1.456013 -1.704600 0.119372 1.450793 83.948634 -1.000000 
0.010654 -2.357371 -0.005472 -1.456013 -1.704600 0.119372 1.450793 83.948634 -1.000000 
0.010654 -2.357371 -0.005472 -1.456013 -1.704600 0.119372 1.450793 83.948634 -1.000000 
0.010654 -2.357371 -0.005472 -1.456013 -1.704600 0.119372 1.450793 83.948634 -1.000000 
0.010654 -2.357371 -0.005472 -1.456013 -1.704600 0.119372 1.450793 83.948634 -1.000000 
0.010654 -2.357371 -0.005472 -1.456013 -1.704600 0.119372 1.450793 83.948634 -1.000000 
0.010654 -2.357371 -0.005472 -1.456013 -1.704600 0.119372 1.450793 83.948634 -1.000000 
0.010654 -2.357371 -0.005472 -1.456013 -1.704600 0.119372 1.450793 83.948634 -1.000000 
0.010654 -2.357371 -0.005472 -1.456013 -1.704600 0.119372 1.450793 83.948634 -1.000000 
0.010654 -2.357371 -0.005472 -1.456013 -1.704600 0.119372 1.450793 83.948634 -1.000000 
0.010654 -2.357371 -0.005472 -1.456013 -1.704600 0.119372 1.450793 83.948634 -1.000000 
0.010654 -2.357371 -0.005472 -1.456013 -1.704600 0.119372 1.450793 83.948634 -1.000000 
0.010654 -2.357371 -0.005472 -1.456013 -1.704600 0.119372 1.450793 83.948634 -1.000000 
0.010654 -2.357371 -0.005472 -1.456013 -1.704600 0.119372 1.450793 83.948634 -1.000000 
0.010654 -2.357371 -0.005472 -1.456013 -1.704600 0.119372 1.450793 83.948634 -1.000000 
0.010654 -2.357371 -0.005472 -1.456013 -1.704600 0.119372 1.450793 83.948634 -1.000000 
0.010654 -2.357371 -0.005472 -1.456013 -1.704600 0.119372 1.450793 83.948634 -1.000000 
0.010654 -2.357371 -0.005472 -1.456013 -1.704600 0.119372 1.450793 83.948634 -1.000000 
0.010654 -2.357371 -0.005472 -1.456013 -1.704600 0.119372 1.450793 83.948634 -1.000000 
0.010654 -2.357371 -0.005472 -1.456013 -1.704600 0.119372 1.450793 83.948634 -1.000000 
0.010654 -2.357371 -0.005472 -1.456013 -1.704600 0.119372 1.450793 83.948634 -1.000000 
0.010654 -2.357371 -0.005472 -1.456013 -1.704600 0.119372 1.450793 83.948634 -1.000000 
0.010654 -2.357371 -0.005472 -1.456013 -1.704600 0.119372 1.450793 83.948634 -1.000000 
0.010654 -2.357371 -0.005472 -1.456013 -1.704600 0.119372 1.450793 83.948634 -1.000000 
0.010654 -2.357371 -0.005472 -1.456013 -1.704600 0.119372 1.450793 83.948634 -1.000000 
0.010654 -2.357371 -0.005472 -1.456013 -1.704600 0.119372 1.450793 83.948634 -1.000000 
0.010654 -2.357371 -0.005472 -1.456013 -1.704600 0.119372 1.450793 83.948634 -1.000000 
0.010654 -2.357371 -0.005472 -1.456013 -1.704600 0.119372 1.450793 83.948634 -1.000000 
0.010654 -2.357371 -0.005472 -1.456013 -1.704600 0.119372 1.450793 83.948634 -1.000000 
0.010654 -2.357371 -0.005472 -1.456013 -1.704600 0.119372 1.450793 83.948634 -1.000000 
0.010654 -2.357371 -0.005472 -1.456013 -1.704600 0.119372 1.450793 83.948634 -1.000000 
0.010654 -2.357371 -0.005472 -1.456013 -1.704600 0.119372 1.450793 83.948634 -1.000000 
0.010654 -2.357371 -0.005472 -1.456013 -1.704600 0.119372 1.450793 83.948634 -1.000000 
0.010654 -2.357371 -0.005472 -1.456013 -1.704600 0.119372 1.450793 83.948634 -1.000000 
0.010654 -2.357371 -0.005472 -1.456013 -1.704600 0.119372 1.450793 83.948634 -1.000000 
0.010654 -2.357371 -0.005472 -1.456013 -1.704600 0.119372 1.450793 83.948634 -1.000000 
0.010654 -2.357371 -0.005472 -1.456013 -1.704600 0.119372 1.450793 83.948634 -1.000000 
0.010654 -2.357371 -0.005472 -1.456013 -1.704600 0.119372 1.450793 83.948634 -1.000000 
0.010654 -2.357371 -0.005472 -1.456013 -1.704600 0.119372 1.450793 83.948634 -1.000000 
0.010654 -2.357371 -0.005472 -1.456013 -1.704600 0.119372 1.450793 83.948634 -1.000000 
0.010654 -2.357371 -0.005472 -1.456013 -1.704600 0.119372 1.450793 83.948634 -1.000000 
0.010654 -2.357371 -0.005472 -1.456013 -1.704600 0.119372 1.450793 83.948634 -1.000000 
0.010654 -2.357371 -0.005472 -1.456013 -1.704600 0.119372 1.450793 83.948634 -1.000000 
0.010654 -2.357371 -0.005472 -1.456013 -1.704600 0.119372 1.450793 83.948634 -1.000000 
0.010654 -2.357371 -0.005472 -1.456013 -1.704600 0.119372 1.450793 83.948634 -1.000000 
0.010654 -2.357371 -0.005472 -1.456013 -1.704600 0.119372 1.450793 83.948634 -1.000000 
0.010654 -2.357371 -0.005472 -1.456013 -1.704600 0.119372 1.450793 83.948634 -1.000000 
0.010654 -2.357371 -0.005472 -1.456013 -1.704600 0.119372 1.450793 83.948634 -1.000000 
0.010654 -2.357371 -0.005472 -1.456013 -1.704600 0.119372 1.450793 83.948634 -1.000000 
0.010654 -2.357371 -0.005472 -1.456013 -1.704600 0.119372 1.450793 83.948634 -1.000000 
0.010654 -2.357371 -0.005472 -1.456013 -1.704600 0.119372 1.450793 83.948634 -1.000000 
0.010654 -2.357371 -0.005472 -1.456013 -1.704600 0.119372 1.450793 83.948634 -1.000000 
0.010654 -2.357371 -0.005472 -1.456013 -1.704600 0.119372 1.450793 83.948634 -1.000000 
0.010654 -2.357371 -0.005472 -1.456013 -1.704600 0.119372 1.450793 83.948634 -1.000000 
0.010654 -2.357371 -0.005472 -1.456013 -1.704600 0.119372 1.450793 83.948634 -1.000000 
0.010654 -2.357371 -0.005472 -1.456013 -1.704600 0.119372 1.450793 83.948634 -1.000000 
0.010654 -2.357371 -0.005472 -1.456013 -1.704600 0.119372 1.450793 83.948634 -1.000000 
0.010654 -2.357371 -0.005472 -1.456013 -1.704600 0.119372 1.450793 83.948634 -1.000000 
0.010654 -2.357371 -0.005472 -1.456013 -1.704600 0.119372 1.450793 83.948634 -1.000000 
0.010654 -2.357371 -0.005472 -1.456013 -1.704600 0.119372 1.450793 83.948634 -1.000000 
0.010654 -2.357371 -0.005472 -1.456013 -1.704600 0.119372 1.450793 83.948634 -1.000000 
0.010654 -2.357371 -0.005472 -1.456013 -1.704600 0.119372 1.450793 83.948634 -1.000000 
0.010654 -2.357371 -0.005472 -1.456013 -1.704600 0.119372 1.450793 83.948634 -1.000000 
0.010654 -2.357371 -0.005472 -1.456013 -1.704600 0.119372 1.450793 83.948634 -1.000000 
0.010654 -2.357371 -0.005472 -1.456013 -1.704600 0.119372 1.450793 83.948634 -1.000000 
0.010654 -2.357371 -0.005472 -1.456013 -1.704600 0.119372 1.450793 83.948634 -1.000000 
0.010654 -2.357371 -0.005472 -1.456013 -1.704600 0.119372 1.450793 83.948634 -1.000000 
0.010654 -2.357371 -0.005472 -1.456013 -1.704600 0.119372 1.450793 83.948634 -1.000000 
0.010654 -2.357371 -0.005472 -1.456013 -1.704600 0.119372 1.450793 83.948634 -1.000000 
0.010654 -2.357371 -0.005472 -1.456013 -1.704600 0.119372 1.450793 83.948634 -1.000000 
0.010654 -2.357371 -0.005472 -1.456013 -1.704600 0.119372 1.450793 83.948634 -1.000000 
0.010654 -2.357371 -0.005472 -1.456013 -1.704600 0.119372 1.450793 83.948634 -1.000000 
0.010654 -2.357371 -0.005472 -1.456013 -1.704600 0.119372 1.450793 83.948634 -1.000000 
0.010654 -2.357371 -0.005472 -1.456013 -1.704600 0.119372 1.450793 83.948634 -1.000000 
0.010654 -2.357371 -0.005472 -1.456013 -1.704600 0.119372 1.450793 83.948634 -1.000000 
0.010654 -2.357371 -0.005472 -1.456013 -1.704600 0.119372 1.450793 83.948634 -1.000000 
0.010654 -2.357371 -0.005472 -1.456013 -1.704600 0.119372 1.450793 83.948634 -1.000000 
0.010654 -2.357371 -0.005472 -1.456013 -1.704600 0.119372 1.450793 83.948634 -1.000000 
0.010654 -2.357371 -0.005472 -1.456013 -1.704600 0.119372 1.450793 83.948634 -1.000000 
0.010654 -2.357371 -0.005472 -1.456013 -1.704600 0.119372 1.450793 83.948634 -1.000000 
0.010654 -2.357371 -0.005472 -1.456013 -1.704600 0.119372 1.450793 83.948634 -1.000000 
0.010654 -2.357371 -0.005472 -1.456013 -1.704600 0.119372 1.450793 83.948634 -1.000000 
0.010654 -2.357371 -0.005472 -1.456013 -1.704600 0.119372 1.450793 83.948634 -1.000000 
0.010654 -2.357371 -0.005472 -1.456013 -1.704600 0.119372 1.450793 83.948634 -1.000000 
0.010654 -2.357371 -0.005472 -1.456013 -1.704600 0.119372 1.450793 83.948634 -1.000000 
0.010654 -2.357371 -0.005472 -1.456013 -1.704600 0.119372 1.450793 83.948634 -1.000000 
0.010654 -2.357371 -0.005472 -1.456013 -1.704600 0.119372 1.450793 83.948634 -1.000000 
0.010654 -2.357371 -0.005472 -1.456013 -1.704600 0.119372 1.450793 83.948634 -1.000000 
0.010654 -2.357371 -0.005472 -1.456013 -1.704600 0.119372 1.450793 83.948634 -1.000000 
0.010654 -2.357371 -0.005472 -1.456013 -1.704600 0.119372 1.450793 83.948634 -1.000000 
0.010654 -2.357371 -0.005472 -1.456013 -1.704600 0.119372 1.450793 83.948634 -1.000000 
0.010654 -2.357371 -0.005472 -1.456013 -1.704600 0.119372 1.450793 83.948634 -1.000000 
0.010654 -2.357371 -0.005472 -1.456013 -1.704600 0.119372 1.450793 83.948634 -1.000000 
0.010654 -2.357371 -0.005472 -1.456013 -1.704600 0.119372 1.450793 83.948634 -1.000000 
0.010654 -2.357371 -0.005472 -1.456013 -1.704600 0.119372 1.450793 83.948634 -1.000000 
0.010654 -2.357371 -0.005472 -1.456013 -1.704600 0.119372 1.450793 83.948634 -1.000000 
0.010654 -2.357371 -0.005472 -1.456013 -1.704600 0.119372 1.450793 83.948634 -1.000000 
0.010654 -2.357371 -0.005472 -1.456013 -1.704600 0.119372 1.450793 83.948634 -1.000000 
0.010654 -2.357371 -0.005472 -1.456013 -1.704600 0.119372 1.450793 83.948634 -1.000000 
0.010654 -2.357371 -0.005472 -1.456013 -1.704600 0.119372 1.450793 83.948634 -1.000000 
0.010654 -2.357371 -0.005472 -1.456013 -1.704600 0.119372 1.450793 83.948634 -1.000000 
0.010654 -2.357371 -0.005472 -1.456013 -1.704600 0.119372 1.450793 83.948634 -1.000000 
0.010654 -2.357371 -0.005472 -1.456013 -1.704600 0.119372 1.450793 83.948634 -1.000000 
0.010654 -2.357371 -0.005472 -1.456013 -1.704600 0.119372 1.450793 83.948634 -1.000000 
0.010654 -2.357371 -0.005472 -1.456013 -1.704600 0.119372 1.450793 83.948634 -1.000000 
0.010654 -2.357371 -0.005472 -1.456013 -1.704600 0.119372 1.450793 83.948634 -1.000000 
0.010654 -2.357371 -0.005472 -1.456013 -1.704600 0.119372 1.450793 83.948634 -1.000000 
0.010654 -2.357371 -0.005472 -1.456013 -1.704600 0.119372 1.450793 83.948634 -1.000000 
0.010654 -2.357371 -0.005472 -1.456013 -1.704600 0.119372 1.450793 83.948634 -1.000000 
0.010654 -2.357371 -0.005472 -1.456013 -1.704600 0.119372 1.450793 83.948634 -1.000000 
0.010654 -2.357371 -0.005472 -1.456013 -1.704600 0.119372 1.450793 83.948634 -1.000000 
0.010654 -2.357371 -0.005472 -1.456013 -1.704600 0.119372 1.450793 83.948634 -1.000000 
0.010654 -2.357371 -0.005472 -1.456013 -1.704600 0.119372 1.450793 83.948634 -1.000000 
0.010654 -2.357371 -0.005472 -1.456013 -1.704600 0.119372 1.450793 83.948634 -1.000000 
0.010654 -2.357371 -0.005472 -1.456013 -1.704600 0.119372 1.450793 83.948634 -1.000000 
0.010654 -2.357371 -0.005472 -1.456013 -1.704600 0.119372 1.450793 83.948634 -1.000000 
0.010654 -2.357371 -0.005472 -1.456013 -1.704600 0.119372 1.450793 83.948634 -1.000000 
0.010654 -2.357371 -0.005472 -1.456013 -1.704600 0.119372 1.450793 83.948634 -1.000000 
0.010654 -2.357371 -0.005472 -1.456013 -1.704600 0.119372 1.450793 83.948634 -1.000000 
0.010654 -2.357371 -0.005472 -1.456013 -1.704600 0.119372 1.450793 83.948634 -1.000000 
0.010654 -2.357371 -0.005472 -1.456013 -1.704600 0.119372 1.450793 83.948634 -1.000000 
0.010654 -2.357371 -0.005472 -1.456013 -1.704600 0.119372 1.450793 83.948634 -1.000000 
0.010654 -2.357371 -0.005472 -1.456013 -1.704600 0.119372 1.450793 83.948634 -1.000000 
0.010654 -2.357371 -0.005472 -1.456013 -1.704600 0.119372 1.450793 83.948634 -1.000000 
0.010654 -2.357371 -0.005472 -1.456013 -1.704600 0.119372 1.450793 83.948634 -1.000000 
0.010654 -2.357371 -0.005472 -1.456013 -1.704600 0.119372 1.450793 83.948634 -1.000000 
0.010654 -2.357371 -0.005472 -1.456013 -1.704600 0.119372 1.450793 83.948634 -1.000000 
0.010654 -2.357371 -0.005472 -1.456013 -1.704600 0.119372 1.450793 83.948634 -1.000000 
0.010654 -2.357371 -0.005472 -1.456013 -1.704600 0.119372 1.450793 83.948634 -1.000000 
0.010654 -2.357371 -0.005472 -1.456013 -1.704600 0.119372 1.450793 83.948634 -1.000000 
0.010654 -2.357371 -0.005472 -1.456013 -1.704600 0.119372 1.450793 83.948634 -1.000000 
0.010654 -2.357371 -0.005472 -1.456013 -1.704600 0.119372 1.450793 83.948634 -1.000000 
0.010654 -2.357371 -0.005472 -1.456013 -1.704600 0.119372 1.450793 83.948634 -1.000000 
0.010654 -2.357371 -0.005472 -1.456013 -1.704600 0.119372 1.450793 83.948634 -1.000000 
0.010654 -2.357371 -0.005472 -1.456013 -1.704600 0.119372 1.450793 83.948634 -1.000000 
0.010654 -2.357371 -0.005472 -1.456013 -1.704600 0.119372 1.450793 83.948634 -1.000000 
0.010654 -2.357371 -0.005472 -1.456013 -1.704600 0.119372 1.450793 83.948634 -1.000000 
0.010654 -2.357371 -0.005472 -1.456013 -1.704600 0.119372 1.450793 83.948634 -1.000000 
0.010654 -2.357371 -0.005472 -1.456013 -1.704600 0.119372 1.450793 83.948634 -1.000000 
0.010654 -2.357371 -0.005472 -1.456013 -1.704600 0.119372 1.450793 83.948634 -1.000000 
0.010654 -2.357371 -0.005472 -1.456013 -1.704600 0.119372 1.450793 83.948634 -1.000000 
0.010654 -2.357371 -0.005472 -1.456013 -1.704600 0.119372 1.450793 83.948634 -1.000000 
0.010654 -2.357371 -0.005472 -1.456013 -1.704600 0.119372 1.450793 83.948634 -1.000000 
0.010654 -2.357371 -0.005472 -1.456013 -1.704600 0.119372 1.450793 83.948634 -1.000000 
0.010654 -2.357371 -0.005472 -1.456013 -1.704600 0.119372 1.450793 83.948634 -1.000000 
0.010654 -2.357371 -0.005472 -1.456013 -1.704600 0.119372 1.450793 83.948634 -1.000000 
0.010654 -2.357371 -0.005472 -1.456013 -1.704600 0.119372 1.450793 83.948634 -1.000000 
0.010654 -2.357371 -0.005472 -1.456013 -1.704600 0.119372 1.450793 83.948634 -1.000000 
0.010654 -2.357371 -0.005472 -1.456013 -1.704600 0.119372 1.450793 83.948634 -1.000000 
0.010654 -2.357371 -0.005472 -1.456013 -1.704600 0.119372 1.450793 83.948634 -1.000000 
0.000000 0.000000 0.000000 0.000000 0.000000 0.000000 0.000000 0.000000 0.000000 
