-0.097522 3.997159 2.416074 -2.107904 -1.634561 -3.727965 0.184847 0.019384 -1.000000 
-0.065531 4.000191 2.398737 -2.226623 -1.664412 -3.734242 0.185005 0.020234 -1.000000 
-0.033523 4.001670 2.380445 -2.346588 -1.694302 -3.737718 0.185171 0.021133 -1.000000 
-0.001509 4.001541 2.361188 -2.467720 -1.724208 -3.738336 0.185344 0.022081 -1.000000 
0.030497 3.999746 2.340958 -2.589938 -1.754107 -3.736043 0.185524 0.023084 -1.000000 
0.062482 3.996227 2.319746 -2.713154 -1.783976 -3.730786 0.185713 0.024146 -1.000000 
0.094432 3.990930 2.297545 -2.837274 -1.813792 -3.722515 0.185911 0.025270 -1.000000 
0.126332 3.983801 2.274348 -2.962203 -1.843529 -3.711185 0.186118 0.026461 -1.000000 
0.158168 3.974785 2.250148 -3.087839 -1.873162 -3.696750 0.186334 0.027725 -1.000000 
0.189924 3.963830 2.224941 -3.214076 -1.902668 -3.679170 0.186561 0.029066 -1.000000 
0.221584 3.950887 2.198722 -3.340805 -1.932021 -3.658406 0.186800 0.030491 -1.000000 
0.253133 3.935906 2.171487 -3.467910 -1.961194 -3.634425 0.187050 0.032005 -1.000000 
0.284553 3.918841 2.143234 -3.595273 -1.990163 -3.607196 0.187312 0.033616 -1.000000 
0.315828 3.899646 2.113962 -3.722772 -2.018900 -3.576693 0.187588 0.035330 -1.000000 
0.346942 3.878279 2.083670 -3.850281 -2.047381 -3.542891 0.187878 0.037156 -1.000000 
0.377875 3.854700 2.052358 -3.977669 -2.075578 -3.505774 0.188182 0.039102 -1.000000 
0.408611 3.828870 2.020028 -4.104804 -2.103465 -3.465328 0.188504 0.041178 -1.000000 
0.439131 3.800754 1.986682 -4.231548 -2.131014 -3.421541 0.188842 0.043392 -1.000000 
0.469417 3.770322 1.952325 -4.357762 -2.158200 -3.374411 0.189198 0.045755 -1.000000 
0.499450 3.737542 1.916960 -4.483304 -2.184996 -3.323937 0.189574 0.048278 -1.000000 
0.529211 3.702390 1.880594 -4.608029 -2.211374 -3.270125 0.189971 0.050973 -1.000000 
0.558681 3.664842 1.843234 -4.731790 -2.237309 -3.212986 0.190390 0.053852 -1.000000 
0.587842 3.624879 1.804888 -4.854438 -2.262773 -3.152534 0.190833 0.056928 -1.000000 
0.616673 3.582487 1.765566 -4.975822 -2.287741 -3.088792 0.191302 0.060215 -1.000000 
0.645155 3.537652 1.725279 -5.095791 -2.312185 -3.021786 0.191797 0.063726 -1.000000 
0.673269 3.490367 1.684038 -5.214191 -2.336081 -2.951548 0.192322 0.067476 -1.000000 
0.700995 3.440627 1.641856 -5.330869 -2.359401 -2.878117 0.192878 0.071479 -1.000000 
0.728312 3.388433 1.598749 -5.445671 -2.382122 -2.801537 0.193466 0.075750 -1.000000 
0.755203 3.333789 1.554731 -5.558443 -2.404218 -2.721856 0.194090 0.080302 -1.000000 
0.781647 3.276702 1.509820 -5.669031 -2.425664 -2.639130 0.194752 0.085148 -1.000000 
0.807624 3.217186 1.464033 -5.777284 -2.446436 -2.553421 0.195454 0.090301 -1.000000 
0.833115 3.155258 1.417390 -5.883048 -2.466511 -2.464794 0.196198 0.095770 -1.000000 
0.858101 3.090938 1.369911 -5.986175 -2.485865 -2.373322 0.196987 0.101563 -1.000000 
0.882564 3.024252 1.321618 -6.086517 -2.504476 -2.279083 0.197823 0.107682 -1.000000 
0.906483 2.955230 1.272535 -6.183927 -2.522323 -2.182161 0.198710 0.114128 -1.000000 
0.929841 2.883907 1.222684 -6.278261 -2.539384 -2.082644 0.199650 0.120894 -1.000000 
0.952620 2.810322 1.172091 -6.369381 -2.555639 -1.980628 0.200646 0.127967 -1.000000 
0.974801 2.734517 1.120783 -6.457150 -2.571068 -1.876210 0.201699 0.135325 -1.000000 
0.996366 2.656540 1.068786 -6.541433 -2.585652 -1.769498 0.202812 0.142938 -1.000000 
1.017300 2.576444 1.016129 -6.622103 -2.599374 -1.660599 0.203986 0.150762 -1.000000 
1.037584 2.494283 0.962842 -6.699035 -2.612216 -1.549628 0.205224 0.158744 -1.000000 
1.057203 2.410119 0.908955 -6.772109 -2.624163 -1.436705 0.206526 0.166816 -1.000000 
1.076141 2.324016 0.854499 -6.841211 -2.635199 -1.321953 0.207893 0.174898 -1.000000 
1.094382 2.236042 0.799507 -6.906232 -2.645309 -1.205500 0.209324 0.182894 -1.000000 
1.111912 2.146270 0.744011 -6.967068 -2.654482 -1.087477 0.210819 0.190697 -1.000000 
1.128718 2.054775 0.688045 -7.023624 -2.662705 -0.968022 0.212375 0.198188 -1.000000 
1.144784 1.961638 0.631644 -7.075807 -2.669967 -0.847271 0.213989 0.205241 -1.000000 
1.160100 1.866941 0.574844 -7.123534 -2.676259 -0.725370 0.215657 0.211724 -1.000000 
1.174652 1.770772 0.517680 -7.166729 -2.681571 -0.602462 0.217375 0.217504 -1.000000 
1.188428 1.673220 0.460188 -7.205320 -2.685896 -0.478699 0.219135 0.222456 -1.000000 
1.201420 1.574380 0.402407 -7.239246 -2.689228 -0.354229 0.220931 0.226465 -1.000000 
1.213615 1.474346 0.344373 -7.268452 -2.691562 -0.229209 0.222756 0.229431 -1.000000 
1.225006 1.373219 0.286125 -7.292891 -2.692894 -0.103793 0.224599 0.231280 -1.000000 
1.235584 1.271098 0.227700 -7.312525 -2.693222 0.021861 0.226453 0.231963 -1.000000 
1.245342 1.168089 0.169137 -7.327324 -2.692544 0.147594 0.228307 0.231460 -1.000000 
1.254272 1.064297 0.110475 -7.337266 -2.690861 0.273246 0.230153 0.229784 -1.000000 
1.262368 0.959830 0.051754 -7.342338 -2.688173 0.398656 0.231981 0.226977 -1.000000 
1.269627 0.854797 -0.006989 -7.342536 -2.684483 0.523664 0.233782 0.223108 -1.000000 
1.276044 0.749308 -0.065714 -7.337865 -2.679796 0.648110 0.235548 0.218272 -1.000000 
1.281615 0.643475 -0.124382 -7.328338 -2.674115 0.771834 0.237272 0.212581 -1.000000 
1.286339 0.537410 -0.182954 -7.313977 -2.667449 0.894677 0.238948 0.206159 -1.000000 
1.290214 0.431225 -0.241393 -7.294815 -2.659803 1.016482 0.240569 0.199139 -1.000000 
1.293239 0.325032 -0.299659 -7.270891 -2.651188 1.137096 0.242132 0.191653 -1.000000 
1.295414 0.218944 -0.357714 -7.242254 -2.641613 1.256365 0.243635 0.183831 -1.000000 
1.296742 0.113072 -0.415522 -7.208961 -2.631090 1.374140 0.245073 0.175795 -1.000000 
1.297224 0.007526 -0.473046 -7.171079 -2.619632 1.490276 0.246447 0.167656 -1.000000 
1.296864 -0.097586 -0.530248 -7.128680 -2.607251 1.604630 0.247756 0.159511 -1.000000 
1.295664 -0.202155 -0.587093 -7.081846 -2.593963 1.717065 0.248999 0.151445 -1.000000 
1.293631 -0.306076 -0.643546 -7.030667 -2.579783 1.827447 0.250179 0.143530 -1.000000 
1.290769 -0.409246 -0.699572 -6.975239 -2.564729 1.935647 0.251296 0.135822 -1.000000 
1.287085 -0.511565 -0.755138 -6.915665 -2.548819 2.041541 0.252353 0.128367 -1.000000 
1.282587 -0.612933 -0.810212 -6.852054 -2.532071 2.145012 0.253351 0.121197 -1.000000 
1.277281 -0.713257 -0.864761 -6.784524 -2.514505 2.245947 0.254293 0.114336 -1.000000 
1.271178 -0.812443 -0.918754 -6.713194 -2.496143 2.344240 0.255181 0.107799 -1.000000 
1.264285 -0.910403 -0.972162 -6.638194 -2.477005 2.439788 0.256019 0.101592 -1.000000 
1.256615 -1.007051 -1.024956 -6.559653 -2.457114 2.532499 0.256808 0.095718 -1.000000 
1.248176 -1.102307 -1.077107 -6.477709 -2.436493 2.622283 0.257551 0.090174 -1.000000 
1.238982 -1.196093 -1.128590 -6.392503 -2.415165 2.709058 0.258251 0.084951 -1.000000 
1.229043 -1.288334 -1.179379 -6.304177 -2.393156 2.792749 0.258911 0.080040 -1.000000 
1.218373 -1.378961 -1.229449 -6.212880 -2.370490 2.873287 0.259533 0.075430 -1.000000 
1.206984 -1.467909 -1.278778 -6.118760 -2.347192 2.950610 0.260119 0.071107 -1.000000 
1.194891 -1.555117 -1.327342 -6.021972 -2.323289 3.024661 0.260671 0.067057 -1.000000 
1.182107 -1.640527 -1.375122 -5.922667 -2.298806 3.095391 0.261192 0.063265 -1.000000 
1.168647 -1.724086 -1.422099 -5.821002 -2.273771 3.162758 0.261684 0.059717 -1.000000 
1.154527 -1.805748 -1.468253 -5.717133 -2.248211 3.226724 0.262148 0.056397 -1.000000 
1.139761 -1.885468 -1.513567 -5.611216 -2.222153 3.287261 0.262587 0.053292 -1.000000 
1.124365 -1.963206 -1.558027 -5.503410 -2.195624 3.344342 0.263002 0.050388 -1.000000 
1.108355 -2.038929 -1.601617 -5.393870 -2.168653 3.397952 0.263394 0.047671 -1.000000 
1.091747 -2.112604 -1.644325 -5.282753 -2.141266 3.448079 0.263765 0.045129 -1.000000 
1.074558 -2.184207 -1.686138 -5.170214 -2.113493 3.494716 0.264116 0.042750 -1.000000 
1.056805 -2.253715 -1.727045 -5.056406 -2.085360 3.537863 0.264449 0.040523 -1.000000 
1.038505 -2.321110 -1.767037 -4.941482 -2.056896 3.577526 0.264765 0.038436 -1.000000 
1.019673 -2.386378 -1.806106 -4.825591 -2.028129 3.613715 0.265065 0.036480 -1.000000 
1.000328 -2.449511 -1.844244 -4.708882 -1.999086 3.646447 0.265349 0.034646 -1.000000 
0.980487 -2.510502 -1.881446 -4.591499 -1.969795 3.675741 0.265619 0.032925 -1.000000 
0.960166 -2.569350 -1.917707 -4.473584 -1.940283 3.701624 0.265876 0.031310 -1.000000 
0.939383 -2.626057 -1.953023 -4.355276 -1.910578 3.724126 0.266120 0.029791 -1.000000 
0.918155 -2.680627 -1.987391 -4.236712 -1.880706 3.743281 0.266353 0.028364 -1.000000 
0.896499 -2.733070 -2.020810 -4.118021 -1.850694 3.759126 0.266574 0.027020 -1.000000 
0.874431 -2.783399 -2.053279 -3.999334 -1.820569 3.771706 0.266786 0.025755 -1.000000 
0.851970 -2.831628 -2.084799 -3.880773 -1.790356 3.781064 0.266987 0.024563 -1.000000 
0.829131 -2.877776 -2.115372 -3.762458 -1.760080 3.787251 0.267179 0.023438 -1.000000 
0.805931 -2.921865 -2.145000 -3.644506 -1.729768 3.790318 0.267362 0.022377 -1.000000 
0.782386 -2.963918 -2.173685 -3.527028 -1.699443 3.790320 0.267537 0.021374 -1.000000 
0.758514 -3.003962 -2.201434 -3.410129 -1.669131 3.787316 0.267704 0.020426 -1.000000 
0.734328 -3.042026 -2.228249 -3.293912 -1.638854 3.781364 0.267864 0.019528 -1.000000 
0.709846 -3.078142 -2.254138 -3.178475 -1.608637 3.772528 0.268017 0.018678 -1.000000 
0.685083 -3.112343 -2.279107 -3.063909 -1.578501 3.760872 0.268163 0.017873 -1.000000 
0.660054 -3.144664 -2.303163 -2.950303 -1.548470 3.746460 0.268303 0.017109 -1.000000 
0.634773 -3.175142 -2.326315 -2.837739 -1.518565 3.729362 0.268437 0.016383 -1.000000 
0.609256 -3.203816 -2.348570 -2.726295 -1.488807 3.709644 0.268565 0.015694 -1.000000 
0.583517 -3.230726 -2.369939 -2.616045 -1.459218 3.687376 0.268688 0.015039 -1.000000 
0.557569 -3.255914 -2.390430 -2.507056 -1.429816 3.662630 0.268806 0.014415 -1.000000 
0.531427 -3.279422 -2.410055 -2.399393 -1.400622 3.635476 0.268919 0.013821 -1.000000 
0.505103 -3.301293 -2.428824 -2.293114 -1.371655 3.605986 0.269027 0.013255 -1.000000 
0.478610 -3.321572 -2.446749 -2.188274 -1.342932 3.574231 0.269131 0.012715 -1.000000 
0.451962 -3.340305 -2.463841 -2.084920 -1.314473 3.540283 0.269230 0.012199 -1.000000 
0.425170 -3.357536 -2.480112 -1.983099 -1.286293 3.504215 0.269326 0.011707 -1.000000 
0.398245 -3.373312 -2.495574 -1.882851 -1.258411 3.466098 0.269418 0.011236 -1.000000 
0.371200 -3.387680 -2.510242 -1.784211 -1.230841 3.426003 0.269506 0.010786 -1.000000 
0.344046 -3.400685 -2.524126 -1.687211 -1.203600 3.384001 0.269590 0.010355 -1.000000 
0.316793 -3.412375 -2.537241 -1.591878 -1.176702 3.340163 0.269672 0.009942 -1.000000 
0.289451 -3.422797 -2.549601 -1.498236 -1.150162 3.294557 0.269749 0.009547 -1.000000 
0.262031 -3.431996 -2.561218 -1.406303 -1.123994 3.247253 0.269824 0.009168 -1.000000 
0.234543 -3.440018 -2.572106 -1.316095 -1.098210 3.198317 0.269896 0.008805 -1.000000 
0.206994 -3.446910 -2.582280 -1.227623 -1.072825 3.147817 0.269965 0.008456 -1.000000 
0.179395 -3.452717 -2.591753 -1.140894 -1.047849 3.095817 0.270032 0.008121 -1.000000 
0.151753 -3.457483 -2.600539 -1.055914 -1.023295 3.042383 0.270095 0.007799 -1.000000 
0.124078 -3.461252 -2.608652 -0.972683 -0.999175 2.987575 0.270156 0.007490 -1.000000 
0.096376 -3.464068 -2.616106 -0.891198 -0.975498 2.931457 0.270215 0.007193 -1.000000 
0.068655 -3.465973 -2.622916 -0.811454 -0.952275 2.874089 0.270271 0.006907 -1.000000 
0.040923 -3.467008 -2.629094 -0.733441 -0.929515 2.815527 0.270326 0.006632 -1.000000 
0.013185 -3.467214 -2.634655 -0.657149 -0.907229 2.755830 0.270378 0.006368 -1.000000 
-0.014551 -3.466631 -2.639613 -0.582563 -0.885425 2.695053 0.270428 0.006114 -1.000000 
-0.042279 -3.465296 -2.643981 -0.509666 -0.864111 2.633249 0.270475 0.005869 -1.000000 
-0.069993 -3.463248 -2.647772 -0.438439 -0.843296 2.570472 0.270521 0.005634 -1.000000 
-0.097689 -3.460522 -2.651000 -0.368859 -0.822986 2.506770 0.270566 0.005408 -1.000000 
-0.125360 -3.457153 -2.653678 -0.300902 -0.803190 2.442194 0.270608 0.005190 -1.000000 
-0.153002 -3.453174 -2.655819 -0.234542 -0.783913 2.376790 0.270649 0.004981 -1.000000 
-0.180609 -3.448619 -2.657435 -0.169751 -0.765163 2.310605 0.270688 0.004780 -1.000000 
-0.208178 -3.443516 -2.658539 -0.106497 -0.746945 2.243681 0.270725 0.004587 -1.000000 
-0.235704 -3.437897 -2.659143 -0.044750 -0.729266 2.176061 0.270761 0.004401 -1.000000 
-0.263183 -3.431789 -2.659259 0.015524 -0.712130 2.107786 0.270796 0.004223 -1.000000 
-0.290612 -3.425218 -2.658899 0.074362 -0.695543 2.038894 0.270829 0.004052 -1.000000 
-0.317986 -3.418209 -2.658073 0.131799 -0.679510 1.969424 0.270861 0.003889 -1.000000 
-0.345302 -3.410786 -2.656793 0.187874 -0.664034 1.899411 0.270891 0.003732 -1.000000 
-0.372557 -3.402972 -2.655071 0.242626 -0.649120 1.828889 0.270920 0.003582 -1.000000 
-0.399748 -3.394785 -2.652915 0.296096 -0.634773 1.757891 0.270948 0.003438 -1.000000 
-0.426873 -3.386246 -2.650336 0.348324 -0.620995 1.686449 0.270975 0.003301 -1.000000 
-0.453927 -3.377372 -2.647345 0.399355 -0.607791 1.614592 0.271001 0.003171 -1.000000 
-0.480910 -3.368178 -2.643950 0.449230 -0.595163 1.542350 0.271026 0.003047 -1.000000 
-0.507817 -3.358678 -2.640160 0.497994 -0.583114 1.469749 0.271050 0.002929 -1.000000 
-0.534648 -3.348885 -2.635985 0.545693 -0.571648 1.396815 0.271073 0.002817 -1.000000 
-0.561399 -3.338811 -2.631432 0.592371 -0.560766 1.323573 0.271095 0.002712 -1.000000 
-0.588068 -3.328464 -2.626509 0.638074 -0.550471 1.250046 0.271116 0.002613 -1.000000 
-0.614654 -3.317852 -2.621225 0.682848 -0.540766 1.176258 0.271137 0.002519 -1.000000 
-0.641153 -3.306982 -2.615586 0.726741 -0.531652 1.102228 0.271157 0.002432 -1.000000 
-0.667565 -3.295857 -2.609599 0.769800 -0.523131 1.027978 0.271176 0.002350 -1.000000 
-0.693886 -3.284482 -2.603271 0.812071 -0.515205 0.953527 0.271194 0.002274 -1.000000 
-0.720116 -3.272857 -2.596608 0.853603 -0.507875 0.878893 0.271212 0.002205 -1.000000 
-0.746251 -3.260982 -2.589616 0.894443 -0.501143 0.804094 0.271230 0.002141 -1.000000 
-0.772291 -3.248856 -2.582299 0.934638 -0.495010 0.729147 0.271246 0.002082 -1.000000 
-0.798232 -3.236475 -2.574663 0.974236 -0.489477 0.654068 0.271263 0.002030 -1.000000 
-0.824074 -3.223835 -2.566713 1.013284 -0.484545 0.578872 0.271279 0.001983 -1.000000 
-0.849813 -3.210929 -2.558452 1.051830 -0.480215 0.503574 0.271295 0.001943 -1.000000 
-0.875448 -3.197749 -2.549885 1.089922 -0.476488 0.428189 0.271310 0.001907 -1.000000 
-0.900976 -3.184285 -2.541014 1.127605 -0.473364 0.352730 0.271325 0.001878 -1.000000 
-0.926396 -3.170528 -2.531844 1.164927 -0.470845 0.277212 0.271340 0.001854 -1.000000 
-0.951704 -3.156463 -2.522376 1.201934 -0.468929 0.201646 0.271355 0.001836 -1.000000 
-0.976898 -3.142078 -2.512614 1.238671 -0.467618 0.126047 0.271369 0.001824 -1.000000 
-1.001976 -3.127357 -2.502558 1.275184 -0.466912 0.050427 0.271384 0.001817 -1.000000 
-1.026935 -3.112283 -2.492211 1.311518 -0.466811 -0.025201 0.271399 0.001817 -1.000000 
-1.051772 -3.096837 -2.481574 1.347718 -0.467316 -0.100825 0.271413 0.001821 -1.000000 
-1.076483 -3.081001 -2.470648 1.383826 -0.468425 -0.176432 0.271428 0.001832 -1.000000 
-1.101067 -3.064752 -2.459433 1.419887 -0.470138 -0.252009 0.271442 0.001848 -1.000000 
-1.125518 -3.048069 -2.447930 1.455942 -0.472457 -0.327543 0.271457 0.001870 -1.000000 
-1.149834 -3.030928 -2.436138 1.492034 -0.475379 -0.403021 0.271472 0.001898 -1.000000 
-1.174012 -3.013303 -2.424057 1.528202 -0.478905 -0.478430 0.271488 0.001932 -1.000000 
-1.198046 -2.995168 -2.411686 1.564488 -0.483034 -0.553756 0.271503 0.001971 -1.000000 
-1.221933 -2.976495 -2.399025 1.600930 -0.487765 -0.628984 0.271519 0.002016 -1.000000 
-1.245668 -2.957256 -2.386071 1.637566 -0.493097 -0.704100 0.271536 0.002067 -1.000000 
-1.269247 -2.937420 -2.372823 1.674434 -0.499030 -0.779088 0.271552 0.002124 -1.000000 
-1.292665 -2.916956 -2.359279 1.711571 -0.505562 -0.853932 0.271570 0.002186 -1.000000 
-1.315917 -2.895831 -2.345437 1.749010 -0.512692 -0.928617 0.271587 0.002254 -1.000000 
-1.338997 -2.874012 -2.331294 1.786787 -0.520419 -1.003123 0.271606 0.002329 -1.000000 
-1.361899 -2.851464 -2.316848 1.824934 -0.528742 -1.077433 0.271625 0.002409 -1.000000 
-1.384618 -2.828151 -2.302094 1.863482 -0.537658 -1.151529 0.271644 0.002495 -1.000000 
-1.407147 -2.804037 -2.287031 1.902463 -0.547166 -1.225389 0.271665 0.002587 -1.000000 
-1.429481 -2.779084 -2.271654 1.941906 -0.557263 -1.298992 0.271686 0.002685 -1.000000 
-1.451610 -2.753253 -2.255959 1.981837 -0.567949 -1.372317 0.271708 0.002789 -1.000000 
-1.473530 -2.726505 -2.239943 2.022283 -0.579220 -1.445340 0.271730 0.002899 -1.000000 
-1.495232 -2.698800 -2.223601 2.063270 -0.591073 -1.518036 0.271754 0.003016 -1.000000 
-1.516708 -2.670097 -2.206929 2.104819 -0.603507 -1.590380 0.271779 0.003139 -1.000000 
-1.537951 -2.640354 -2.189922 2.146954 -0.616518 -1.662344 0.271804 0.003268 -1.000000 
-1.558951 -2.609530 -2.172576 2.189693 -0.630104 -1.733900 0.271831 0.003404 -1.000000 
-1.579700 -2.577581 -2.154886 2.233055 -0.644260 -1.805019 0.271859 0.003546 -1.000000 
-1.600189 -2.544464 -2.136846 2.277057 -0.658983 -1.875669 0.271888 0.003695 -1.000000 
-1.620408 -2.510136 -2.118451 2.321712 -0.674269 -1.945818 0.271918 0.003851 -1.000000 
-1.640348 -2.474552 -2.099696 2.367035 -0.690114 -2.015431 0.271949 0.004014 -1.000000 
-1.659998 -2.437669 -2.080577 2.413035 -0.706514 -2.084472 0.271982 0.004184 -1.000000 
-1.679347 -2.399442 -2.061086 2.459722 -0.723464 -2.152904 0.272016 0.004361 -1.000000 
-1.698385 -2.359827 -2.041219 2.507101 -0.740959 -2.220688 0.272052 0.004545 -1.000000 
-1.717101 -2.318779 -2.020970 2.555179 -0.758993 -2.287784 0.272089 0.004738 -1.000000 
-1.735482 -2.276255 -2.000334 2.603956 -0.777562 -2.354149 0.272128 0.004938 -1.000000 
-1.753517 -2.232210 -1.979305 2.653433 -0.796658 -2.419739 0.272168 0.005146 -1.000000 
-1.771193 -2.186601 -1.957878 2.703608 -0.816275 -2.484508 0.272210 0.005363 -1.000000 
-1.788498 -2.139384 -1.936046 2.754476 -0.836408 -2.548410 0.272254 0.005588 -1.000000 
-1.805419 -2.090518 -1.913804 2.806030 -0.857047 -2.611395 0.272299 0.005822 -1.000000 
-1.821942 -2.039959 -1.891147 2.858260 -0.878187 -2.673412 0.272347 0.006066 -1.000000 
-1.838053 -1.987667 -1.868070 2.911154 -0.899819 -2.734409 0.272397 0.006319 -1.000000 
-1.853740 -1.933602 -1.844567 2.964698 -0.921935 -2.794333 0.272448 0.006582 -1.000000 
-1.868986 -1.877724 -1.820633 3.018874 -0.944526 -2.853126 0.272502 0.006856 -1.000000 
-1.883778 -1.819996 -1.796264 3.073661 -0.967582 -2.910732 0.272558 0.007141 -1.000000 
-1.898101 -1.760381 -1.771453 3.129037 -0.991094 -2.967091 0.272616 0.007437 -1.000000 
-1.911939 -1.698844 -1.746198 3.184976 -1.015052 -3.022144 0.272677 0.007745 -1.000000 
-1.925277 -1.635351 -1.720492 3.241450 -1.039445 -3.075827 0.272740 0.008066 -1.000000 
-1.938100 -1.569871 -1.694333 3.298426 -1.064261 -3.128079 0.272806 0.008399 -1.000000 
-1.950390 -1.502375 -1.667716 3.355870 -1.089490 -3.178833 0.272875 0.008747 -1.000000 
-1.962132 -1.432833 -1.640638 3.413745 -1.115118 -3.228023 0.272946 0.009110 -1.000000 
-1.973310 -1.361222 -1.613095 3.472011 -1.141134 -3.275582 0.273020 0.009487 -1.000000 
-1.983906 -1.287518 -1.585085 3.530623 -1.167523 -3.321442 0.273098 0.009881 -1.000000 
-1.993904 -1.211700 -1.556604 3.589536 -1.194272 -3.365533 0.273178 0.010293 -1.000000 
-2.003288 -1.133752 -1.527652 3.648700 -1.221367 -3.407784 0.273262 0.010722 -1.000000 
-2.012039 -1.053657 -1.498225 3.708062 -1.248792 -3.448123 0.273350 0.011171 -1.000000 
-2.020140 -0.971405 -1.468322 3.767567 -1.276531 -3.486480 0.273441 0.011640 -1.000000 
-2.027575 -0.886986 -1.437943 3.827156 -1.304570 -3.522780 0.273536 0.012131 -1.000000 
-2.034326 -0.800396 -1.407088 3.886767 -1.332890 -3.556950 0.273635 0.012645 -1.000000 
-2.040376 -0.711633 -1.375755 3.946336 -1.361475 -3.588918 0.273739 0.013183 -1.000000 
-2.045707 -0.620698 -1.343947 4.005796 -1.390307 -3.618609 0.273846 0.013748 -1.000000 
-2.050301 -0.527599 -1.311663 4.065076 -1.419367 -3.645950 0.273959 0.014341 -1.000000 
-2.054143 -0.432344 -1.278906 4.124102 -1.448636 -3.670868 0.274076 0.014963 -1.000000 
-2.057213 -0.334947 -1.245678 4.182799 -1.478094 -3.693289 0.274198 0.015617 -1.000000 
-2.059496 -0.235428 -1.211982 4.241089 -1.507721 -3.713141 0.274326 0.016305 -1.000000 
-2.060974 -0.133808 -1.177822 4.298889 -1.537497 -3.730352 0.274459 0.017030 -1.000000 
-2.061631 -0.030115 -1.143202 4.356116 -1.567400 -3.744851 0.274599 0.017793 -1.000000 
-2.061451 0.075619 -1.108126 4.412684 -1.597407 -3.756569 0.274744 0.018598 -1.000000 
-2.060416 0.183358 -1.072601 4.468504 -1.627497 -3.765438 0.274896 0.019447 -1.000000 
-2.058512 0.293060 -1.036632 4.523486 -1.657647 -3.771391 0.275055 0.020345 -1.000000 
-2.055722 0.404679 -1.000227 4.577537 -1.687832 -3.774364 0.275222 0.021293 -1.000000 
-2.052032 0.518163 -0.963394 4.630563 -1.718028 -3.774293 0.275396 0.022297 -1.000000 
-2.047427 0.633455 -0.926141 4.682467 -1.748212 -3.771118 0.275579 0.023361 -1.000000 
-2.041892 0.750493 -0.888478 4.733152 -1.778358 -3.764782 0.275770 0.024488 -1.000000 
-2.035414 0.869212 -0.850414 4.782519 -1.808440 -3.755230 0.275971 0.025684 -1.000000 
-2.027980 0.989537 -0.811962 4.830468 -1.838433 -3.742409 0.276181 0.026954 -1.000000 
-2.019578 1.111393 -0.773131 4.876897 -1.868310 -3.726272 0.276402 0.028303 -1.000000 
-2.010194 1.234695 -0.733936 4.921705 -1.898044 -3.706772 0.276634 0.029739 -1.000000 
-1.999819 1.359356 -0.694388 4.964789 -1.927609 -3.683868 0.276878 0.031267 -1.000000 
-1.988441 1.485284 -0.654504 5.006048 -1.956977 -3.657524 0.277135 0.032895 -1.000000 
-1.976051 1.612379 -0.614297 5.045378 -1.986120 -3.627706 0.277405 0.034630 -1.000000 
-1.962640 1.740537 -0.573783 5.082678 -2.015011 -3.594385 0.277689 0.036482 -1.000000 
-1.948200 1.869652 -0.532980 5.117846 -2.043621 -3.557538 0.277989 0.038459 -1.000000 
-1.932724 1.999609 -0.491904 5.150781 -2.071922 -3.517145 0.278305 0.040572 -1.000000 
-1.916204 2.130291 -0.450573 5.181383 -2.099886 -3.473193 0.278638 0.042830 -1.000000 
-1.898637 2.261576 -0.409008 5.209554 -2.127484 -3.425673 0.278991 0.045245 -1.000000 
-1.880018 2.393335 -0.367227 5.235197 -2.154687 -3.374581 0.279363 0.047830 -1.000000 
-1.860343 2.525438 -0.325252 5.258217 -2.181467 -3.319922 0.279756 0.050597 -1.000000 
-1.839610 2.657751 -0.283103 5.278522 -2.207796 -3.261703 0.280173 0.053560 -1.000000 
-1.817819 2.790133 -0.240803 5.296022 -2.233645 -3.199938 0.280614 0.056733 -1.000000 
-1.794968 2.922443 -0.198374 5.310629 -2.258986 -3.134649 0.281081 0.060132 -1.000000 
-1.771060 3.054535 -0.155841 5.322260 -2.283790 -3.065862 0.281577 0.063773 -1.000000 
-1.746097 3.186260 -0.113226 5.330833 -2.308030 -2.993610 0.282102 0.067672 -1.000000 
-1.720082 3.317466 -0.070556 5.336272 -2.331679 -2.917934 0.282660 0.071846 -1.000000 
-1.693019 3.448001 -0.027855 5.338503 -2.354708 -2.838879 0.283253 0.076311 -1.000000 
-1.664916 3.577708 0.014852 5.337457 -2.377092 -2.756498 0.283882 0.081083 -1.000000 
-1.635778 3.706429 0.057536 5.333071 -2.398804 -2.670851 0.284551 0.086178 -1.000000 
-1.605616 3.834007 0.100172 5.325284 -2.419817 -2.582002 0.285262 0.091611 -1.000000 
-1.574438 3.960280 0.142731 5.314041 -2.440107 -2.490025 0.286018 0.097393 -1.000000 
-1.542255 4.085090 0.185187 5.299294 -2.459649 -2.394999 0.286821 0.103534 -1.000000 
-1.509081 4.208275 0.227510 5.280998 -2.478419 -2.297008 0.287675 0.110038 -1.000000 
-1.474928 4.329674 0.269673 5.259115 -2.496394 -2.196144 0.288583 0.116906 -1.000000 
-1.439811 4.449130 0.311647 5.233612 -2.513550 -2.092506 0.289547 0.124132 -1.000000 
-1.403747 4.566481 0.353401 5.204463 -2.529867 -1.986197 0.290570 0.131700 -1.000000 
-1.366753 4.681572 0.394908 5.171647 -2.545323 -1.877326 0.291655 0.139586 -1.000000 
-1.328849 4.794247 0.436138 5.135150 -2.559897 -1.766011 0.292804 0.147754 -1.000000 
-1.290052 4.904353 0.477061 5.094964 -2.573572 -1.652372 0.294019 0.156155 -1.000000 
-1.250386 5.011739 0.517647 5.051089 -2.586330 -1.536536 0.295303 0.164725 -1.000000 
-1.209872 5.116257 0.557868 5.003529 -2.598152 -1.418635 0.296655 0.173385 -1.000000 
-1.168534 5.217763 0.597694 4.952297 -2.609023 -1.298807 0.298077 0.182038 -1.000000 
-1.126396 5.316117 0.637095 4.897413 -2.618928 -1.177194 0.299567 0.190572 -1.000000 
-1.083485 5.411183 0.676043 4.838901 -2.627853 -1.053941 0.301125 0.198860 -1.000000 
-1.039827 5.502829 0.714508 4.776795 -2.635787 -0.929201 0.302748 0.206761 -1.000000 
-0.995449 5.590928 0.752462 4.711135 -2.642717 -0.803127 0.304432 0.214127 -1.000000 
-0.950382 5.675359 0.789877 4.641966 -2.648634 -0.675880 0.306172 0.220805 -1.000000 
-0.904653 5.756007 0.826725 4.569344 -2.653528 -0.547622 0.307963 0.226643 -1.000000 
-0.858296 5.832761 0.862978 4.493326 -2.657393 -0.418517 0.309796 0.231501 -1.000000 
-0.811340 5.905518 0.898609 4.413983 -2.660223 -0.288736 0.311664 0.235254 -1.000000 
-0.763818 5.974181 0.933593 4.331386 -2.662012 -0.158448 0.313557 0.237799 -1.000000 
-0.715764 6.038662 0.967903 4.245617 -2.662757 -0.027828 0.315465 0.239067 -1.000000 
-0.667211 6.098877 1.001514 4.156763 -2.662457 0.102949 0.317378 0.239019 -1.000000 
-0.618194 6.154753 1.034403 4.064917 -2.661110 0.233708 0.319286 0.237656 -1.000000 
-0.568747 6.206223 1.066545 3.970180 -2.658718 0.364269 0.321177 0.235015 -1.000000 
-0.518906 6.253228 1.097918 3.872657 -2.655283 0.494457 0.323043 0.231167 -1.000000 
-0.468707 6.295720 1.128501 3.772460 -2.650808 0.624092 0.324873 0.226212 -1.000000 
-0.418187 6.333657 1.158271 3.669705 -2.645299 0.752998 0.326660 0.220278 -1.000000 
-0.367381 6.367007 1.187209 3.564513 -2.638762 0.880998 0.328395 0.213505 -1.000000 
-0.316327 6.395748 1.215297 3.457013 -2.631206 1.007920 0.330074 0.206045 -1.000000 
-0.265061 6.419866 1.242516 3.347334 -2.622639 1.133590 0.331691 0.198052 -1.000000 
-0.213621 6.439356 1.268849 3.235612 -2.613072 1.257840 0.333242 0.189677 -1.000000 
-0.162044 6.454223 1.294280 3.121985 -2.602518 1.380504 0.334725 0.181061 -1.000000 
-0.110366 6.464481 1.318796 3.006593 -2.590989 1.501420 0.336138 0.172331 -1.000000 
-0.058625 6.470153 1.342382 2.889582 -2.578500 1.620430 0.337482 0.163601 -1.000000 
-0.006856 6.471270 1.365025 2.771097 -2.565068 1.737382 0.338756 0.154967 -1.000000 
0.044904 6.467873 1.386716 2.651285 -2.550708 1.852128 0.339962 0.146511 -1.000000 
0.096618 6.460011 1.407443 2.530297 -2.535440 1.964525 0.341101 0.138295 -1.000000 
0.148252 6.447743 1.427198 2.408281 -2.519282 2.074438 0.342176 0.130368 -1.000000 
0.199771 6.431133 1.445973 2.285388 -2.502256 2.181736 0.343188 0.122767 -1.000000 
0.251139 6.410255 1.463762 2.161767 -2.484382 2.286296 0.344141 0.115516 -1.000000 
0.302323 6.385189 1.480560 2.037568 -2.465683 2.388000 0.345037 0.108629 -1.000000 
0.353291 6.356025 1.496362 1.912939 -2.446182 2.486739 0.345880 0.102112 -1.000000 
0.404009 6.322856 1.511166 1.788028 -2.425903 2.582411 0.346672 0.095964 -1.000000 
0.454446 6.285783 1.524970 1.662979 -2.404872 2.674918 0.347416 0.090179 -1.000000 
0.504572 6.244914 1.537774 1.537935 -2.383113 2.764174 0.348116 0.084749 -1.000000 
0.554355 6.200361 1.549577 1.413038 -2.360654 2.850097 0.348773 0.079659 -1.000000 
0.603768 6.152241 1.560383 1.288425 -2.337521 2.932614 0.349391 0.074896 -1.000000 
0.652782 6.100676 1.570193 1.164230 -2.313741 3.011660 0.349972 0.070443 -1.000000 
0.701370 6.045794 1.579012 1.040585 -2.289343 3.087175 0.350519 0.066284 -1.000000 
0.749506 5.987724 1.586844 0.917617 -2.264356 3.159110 0.351034 0.062401 -1.000000 
0.797165 5.926600 1.593696 0.795449 -2.238807 3.227421 0.351518 0.058778 -1.000000 
0.844324 5.862559 1.599574 0.674201 -2.212727 3.292072 0.351975 0.055397 -1.000000 
0.890959 5.795739 1.604486 0.553987 -2.186144 3.353034 0.352405 0.052244 -1.000000 
0.937049 5.726281 1.608441 0.434917 -2.159088 3.410285 0.352811 0.049301 -1.000000 
0.982573 5.654328 1.611448 0.317097 -2.131589 3.463811 0.353194 0.046555 -1.000000 
1.027512 5.580023 1.613518 0.200627 -2.103677 3.513604 0.353557 0.043991 -1.000000 
1.071847 5.503512 1.614662 0.085602 -2.075382 3.559663 0.353899 0.041597 -1.000000 
1.115562 5.424938 1.614892 -0.027888 -2.046733 3.601991 0.354222 0.039360 -1.000000 
1.158641 5.344447 1.614220 -0.139758 -2.017760 3.640602 0.354529 0.037268 -1.000000 
1.201069 5.262182 1.612660 -0.249928 -1.988493 3.675511 0.354819 0.035311 -1.000000 
1.242832 5.178288 1.610226 -0.358324 -1.958961 3.706742 0.355094 0.033479 -1.000000 
1.283917 5.092907 1.606932 -0.464878 -1.929195 3.734322 0.355355 0.031762 -1.000000 
1.324314 5.006179 1.602793 -0.569527 -1.899222 3.758286 0.355603 0.030153 -1.000000 
1.364013 4.918245 1.597825 -0.672212 -1.869072 3.778672 0.355838 0.028643 -1.000000 
1.403004 4.829240 1.592043 -0.772880 -1.838772 3.795523 0.356061 0.027225 -1.000000 
1.441278 4.739299 1.585464 -0.871485 -1.808353 3.808886 0.356274 0.025892 -1.000000 
1.478830 4.648556 1.578105 -0.967984 -1.777839 3.818812 0.356476 0.024638 -1.000000 
1.515653 4.557137 1.569982 -1.062341 -1.747261 3.825358 0.356668 0.023457 -1.000000 
1.551743 4.465171 1.561113 -1.154523 -1.716643 3.828581 0.356851 0.022345 -1.000000 
1.587095 4.372779 1.551516 -1.244504 -1.686012 3.828543 0.357026 0.021295 -1.000000 
1.621707 4.280081 1.541207 -1.332262 -1.655394 3.825311 0.357192 0.020304 -1.000000 
1.655576 4.187192 1.530205 -1.417779 -1.624815 3.818951 0.357351 0.019368 -1.000000 
1.688701 4.094223 1.518529 -1.501042 -1.594299 3.809533 0.357502 0.018482 -1.000000 
1.721083 4.001284 1.506195 -1.582044 -1.563871 3.797129 0.357647 0.017644 -1.000000 
1.752722 3.908476 1.493222 -1.660780 -1.533553 3.781814 0.357785 0.016850 -1.000000 
1.783620 3.815900 1.479628 -1.737250 -1.503369 3.763662 0.357916 0.016096 -1.000000 
1.813778 3.723651 1.465432 -1.811458 -1.473342 3.742752 0.358042 0.015381 -1.000000 
1.843199 3.631819 1.450651 -1.883412 -1.443492 3.719160 0.358162 0.014701 -1.000000 
1.871888 3.540491 1.435303 -1.953124 -1.413842 3.692965 0.358277 0.014055 -1.000000 
1.899849 3.449749 1.419407 -2.020607 -1.384412 3.664248 0.358387 0.013440 -1.000000 
1.927086 3.359671 1.402979 -2.085881 -1.355221 3.633087 0.358493 0.012854 -1.000000 
1.953605 3.270329 1.386039 -2.148966 -1.326289 3.599563 0.358593 0.012295 -1.000000 
1.979413 3.181791 1.368602 -2.209887 -1.297634 3.563756 0.358689 0.011762 -1.000000 
2.004516 3.094123 1.350686 -2.268669 -1.269274 3.525746 0.358781 0.011253 -1.000000 
2.028922 3.007383 1.332309 -2.325343 -1.241228 3.485612 0.358869 0.010767 -1.000000 
2.052637 2.921626 1.313486 -2.379940 -1.213510 3.443433 0.358954 0.010301 -1.000000 
2.075670 2.836904 1.294235 -2.432493 -1.186138 3.399288 0.359034 0.009856 -1.000000 
2.098030 2.753263 1.274572 -2.483038 -1.159126 3.353253 0.359111 0.009430 -1.000000 
2.119726 2.670745 1.254512 -2.531612 -1.132491 3.305405 0.359185 0.009021 -1.000000 
2.140765 2.589389 1.234071 -2.578255 -1.106245 3.255820 0.359256 0.008630 -1.000000 
2.161159 2.509227 1.213265 -2.623007 -1.080402 3.204571 0.359323 0.008254 -1.000000 
2.180916 2.430291 1.192108 -2.665910 -1.054976 3.151731 0.359388 0.007893 -1.000000 
2.200047 2.352605 1.170615 -2.707007 -1.029978 3.097372 0.359450 0.007547 -1.000000 
2.218561 2.276193 1.148800 -2.746342 -1.005422 3.041562 0.359509 0.007214 -1.000000 
2.236470 2.201073 1.126678 -2.783959 -0.981317 2.984371 0.359565 0.006894 -1.000000 
2.253782 2.127259 1.104262 -2.819903 -0.957675 2.925864 0.359619 0.006586 -1.000000 
2.270509 2.054762 1.081564 -2.854222 -0.934507 2.866107 0.359671 0.006290 -1.000000 
2.286662 1.983590 1.058598 -2.886960 -0.911821 2.805161 0.359720 0.006005 -1.000000 
2.302250 1.913748 1.035377 -2.918165 -0.889627 2.743089 0.359767 0.005731 -1.000000 
2.317285 1.845237 1.011912 -2.947883 -0.867934 2.679950 0.359811 0.005468 -1.000000 
2.331778 1.778055 0.988214 -2.976161 -0.846750 2.615800 0.359854 0.005214 -1.000000 
2.345738 1.712196 0.964297 -3.003046 -0.826084 2.550695 0.359895 0.004970 -1.000000 
2.359176 1.647653 0.940169 -3.028583 -0.805942 2.484689 0.359934 0.004735 -1.000000 
2.372104 1.584416 0.915843 -3.052820 -0.786331 2.417832 0.359971 0.004509 -1.000000 
2.384530 1.522471 0.891327 -3.075800 -0.767259 2.350176 0.360006 0.004291 -1.000000 
2.396467 1.461801 0.866633 -3.097570 -0.748730 2.281767 0.360039 0.004082 -1.000000 
2.407922 1.402390 0.841769 -3.118175 -0.730752 2.212651 0.360071 0.003881 -1.000000 
2.418908 1.344215 0.816745 -3.137657 -0.713330 2.142872 0.360101 0.003688 -1.000000 
2.429433 1.287255 0.791570 -3.156059 -0.696468 2.072472 0.360130 0.003503 -1.000000 
2.439507 1.231484 0.766251 -3.173425 -0.680172 2.001491 0.360158 0.003325 -1.000000 
2.449140 1.176874 0.740798 -3.189795 -0.664445 1.929968 0.360183 0.003155 -1.000000 
2.458340 1.123398 0.715217 -3.205208 -0.649294 1.857938 0.360208 0.002991 -1.000000 
2.467117 1.071023 0.689517 -3.219706 -0.634720 1.785437 0.360231 0.002835 -1.000000 
2.475480 1.019718 0.663704 -3.233324 -0.620728 1.712498 0.360253 0.002686 -1.000000 
2.483436 0.969447 0.637786 -3.246100 -0.607321 1.639152 0.360274 0.002544 -1.000000 
2.490993 0.920176 0.611769 -3.258070 -0.594502 1.565428 0.360294 0.002409 -1.000000 
2.498161 0.871866 0.585659 -3.269269 -0.582275 1.491357 0.360313 0.002280 -1.000000 
2.504946 0.824479 0.559462 -3.279728 -0.570641 1.416963 0.360331 0.002158 -1.000000 
2.511355 0.777975 0.533185 -3.289479 -0.559604 1.342273 0.360347 0.002043 -1.000000 
2.517396 0.732313 0.506832 -3.298553 -0.549166 1.267310 0.360363 0.001934 -1.000000 
2.523074 0.687450 0.480410 -3.306979 -0.539328 1.192098 0.360378 0.001832 -1.000000 
2.528397 0.643343 0.453922 -3.314783 -0.530093 1.116657 0.360393 0.001737 -1.000000 
2.533369 0.599947 0.427375 -3.321992 -0.521462 1.041008 0.360406 0.001647 -1.000000 
2.537998 0.557217 0.400772 -3.328629 -0.513437 0.965171 0.360419 0.001564 -1.000000 
2.542287 0.515106 0.374118 -3.334718 -0.506020 0.889162 0.360431 0.001488 -1.000000 
2.546241 0.473568 0.347418 -3.340279 -0.499211 0.813000 0.360443 0.001418 -1.000000 
2.549865 0.432555 0.320675 -3.345332 -0.493012 0.736701 0.360454 0.001354 -1.000000 
2.553148 0.392094 0.293892 -3.349865 -0.487729 0.660280 0.360465 0.001300 -1.000000 
2.555876 0.353105 0.267051 -3.353491 -0.487882 0.583802 0.360475 0.001301 -1.000000 
2.558322 0.314085 0.240188 -3.356749 -0.488035 0.507319 0.360486 0.001303 -1.000000 
2.560485 0.275035 0.213305 -3.359639 -0.488188 0.430831 0.360496 0.001304 -1.000000 
2.562366 0.235958 0.186404 -3.362162 -0.488341 0.354338 0.360506 0.001306 -1.000000 
2.563964 0.196855 0.159489 -3.364316 -0.488494 0.277841 0.360517 0.001307 -1.000000 
2.565279 0.157728 0.132561 -3.366100 -0.488647 0.201338 0.360527 0.001309 -1.000000 
2.566312 0.118578 0.105623 -3.367516 -0.488800 0.124831 0.360538 0.001310 -1.000000 
2.567062 0.079408 0.078677 -3.368561 -0.488953 0.048319 0.360548 0.001312 -1.000000 
2.567529 0.040219 0.051725 -3.369235 -0.489106 -0.028198 0.360559 0.001314 -1.000000 
2.567693 0.000997 0.024770 -3.369514 -0.489637 -0.104711 0.360569 0.001319 -1.000000 
2.567544 -0.038304 -0.002186 -3.369381 -0.490781 -0.181208 0.360580 0.001331 -1.000000 
2.567080 -0.077735 -0.029139 -3.368833 -0.492537 -0.257675 0.360591 0.001349 -1.000000 
2.566300 -0.117349 -0.056086 -3.367866 -0.494904 -0.334101 0.360602 0.001374 -1.000000 
2.565202 -0.157195 -0.083024 -3.366475 -0.497882 -0.410473 0.360613 0.001404 -1.000000 
2.563784 -0.197325 -0.109948 -3.364651 -0.501471 -0.486777 0.360624 0.001442 -1.000000 
2.562044 -0.237789 -0.136857 -3.362387 -0.505670 -0.563000 0.360636 0.001485 -1.000000 
2.559979 -0.278636 -0.163745 -3.359669 -0.510479 -0.639128 0.360648 0.001535 -1.000000 
2.557585 -0.319918 -0.190610 -3.356487 -0.515896 -0.715147 0.360660 0.001591 -1.000000 
2.554859 -0.361682 -0.217448 -3.352825 -0.521921 -0.791041 0.360673 0.001654 -1.000000 
2.551796 -0.403978 -0.244254 -3.348667 -0.528552 -0.866794 0.360687 0.001723 -1.000000 
2.548393 -0.446853 -0.271025 -3.343997 -0.535789 -0.942389 0.360701 0.001798 -1.000000 
2.544645 -0.490357 -0.297757 -3.338794 -0.543630 -1.017809 0.360716 0.001880 -1.000000 
2.540546 -0.534534 -0.324444 -3.333037 -0.552074 -1.093035 0.360731 0.001968 -1.000000 
2.536091 -0.579431 -0.351084 -3.326705 -0.561118 -1.168048 0.360747 0.002063 -1.000000 
2.531273 -0.625094 -0.377670 -3.319773 -0.570762 -1.242827 0.360764 0.002165 -1.000000 
2.526087 -0.671566 -0.404198 -3.312215 -0.581003 -1.317349 0.360782 0.002273 -1.000000 
2.520526 -0.718891 -0.430664 -3.304004 -0.591839 -1.391593 0.360800 0.002387 -1.000000 
2.514582 -0.767111 -0.457061 -3.295112 -0.603267 -1.465532 0.360820 0.002508 -1.000000 
2.508249 -0.816267 -0.483384 -3.285509 -0.615286 -1.539143 0.360841 0.002637 -1.000000 
2.501519 -0.866399 -0.509627 -3.275162 -0.627893 -1.612397 0.360862 0.002772 -1.000000 
2.494384 -0.917545 -0.535784 -3.264040 -0.641084 -1.685266 0.360885 0.002913 -1.000000 
2.486836 -0.969741 -0.561849 -3.252107 -0.654856 -1.757720 0.360909 0.003062 -1.000000 
2.478865 -1.023025 -0.587816 -3.239328 -0.669206 -1.829727 0.360934 0.003218 -1.000000 
2.470464 -1.077428 -0.613676 -3.225666 -0.684130 -1.901253 0.360960 0.003382 -1.000000 
2.461624 -1.132984 -0.639424 -3.211084 -0.699625 -1.972264 0.360988 0.003552 -1.000000 
2.452334 -1.189723 -0.665051 -3.195542 -0.715685 -2.042722 0.361017 0.003731 -1.000000 
2.442585 -1.247672 -0.690550 -3.178999 -0.732307 -2.112590 0.361048 0.003917 -1.000000 
2.432367 -1.306860 -0.715912 -3.161415 -0.749485 -2.181826 0.361080 0.004110 -1.000000 
2.421672 -1.367309 -0.741130 -3.142747 -0.767214 -2.250388 0.361114 0.004312 -1.000000 
2.410487 -1.429042 -0.766193 -3.122953 -0.785489 -2.318233 0.361149 0.004522 -1.000000 
2.398804 -1.492078 -0.791094 -3.101987 -0.804304 -2.385314 0.361186 0.004741 -1.000000 
2.386610 -1.556435 -0.815822 -3.079805 -0.823652 -2.451584 0.361225 0.004969 -1.000000 
2.373897 -1.622128 -0.840367 -3.056363 -0.843527 -2.516991 0.361266 0.005205 -1.000000 
2.360653 -1.689168 -0.864720 -3.031614 -0.863921 -2.581486 0.361308 0.005451 -1.000000 
2.346867 -1.757565 -0.888869 -3.005512 -0.884828 -2.645013 0.361353 0.005707 -1.000000 
2.332528 -1.827324 -0.912804 -2.978010 -0.906239 -2.707518 0.361399 0.005973 -1.000000 
2.317626 -1.898451 -0.936514 -2.949061 -0.928145 -2.768942 0.361448 0.006250 -1.000000 
2.302149 -1.970943 -0.959985 -2.918619 -0.950539 -2.829226 0.361499 0.006537 -1.000000 
2.286087 -2.044799 -0.983208 -2.886636 -0.973410 -2.888310 0.361553 0.006836 -1.000000 
2.269429 -2.120011 -1.006167 -2.853066 -0.996748 -2.946129 0.361609 0.007147 -1.000000 
2.252163 -2.196570 -1.028852 -2.817861 -1.020544 -3.002619 0.361667 0.007471 -1.000000 
2.234280 -2.274463 -1.051249 -2.780977 -1.044787 -3.057712 0.361728 0.007808 -1.000000 
2.215768 -2.353671 -1.073343 -2.742366 -1.069464 -3.111341 0.361792 0.008158 -1.000000 
2.196618 -2.434174 -1.095122 -2.701984 -1.094564 -3.163436 0.361859 0.008524 -1.000000 
2.176818 -2.515947 -1.116570 -2.659787 -1.120075 -3.213925 0.361929 0.008905 -1.000000 
2.156359 -2.598960 -1.137673 -2.615731 -1.145982 -3.262734 0.362002 0.009302 -1.000000 
2.135232 -2.683181 -1.158417 -2.569774 -1.172274 -3.309790 0.362078 0.009716 -1.000000 
2.113425 -2.768572 -1.178785 -2.521876 -1.198934 -3.355017 0.362157 0.010148 -1.000000 
2.090932 -2.855091 -1.198761 -2.471997 -1.225949 -3.398338 0.362240 0.010600 -1.000000 
2.067741 -2.942693 -1.218331 -2.420099 -1.253302 -3.439676 0.362327 0.011072 -1.000000 
2.043846 -3.031326 -1.237478 -2.366147 -1.280978 -3.478951 0.362417 0.011566 -1.000000 
2.019237 -3.120937 -1.256184 -2.310107 -1.308960 -3.516085 0.362512 0.012083 -1.000000 
1.993908 -3.211464 -1.274434 -2.251946 -1.337230 -3.550997 0.362611 0.012625 -1.000000 
1.967852 -3.302845 -1.292209 -2.191636 -1.365770 -3.583608 0.362714 0.013193 -1.000000 
1.941061 -3.395010 -1.309494 -2.129150 -1.394561 -3.613836 0.362822 0.013789 -1.000000 
1.913529 -3.487886 -1.326270 -2.064464 -1.423584 -3.641602 0.362935 0.014416 -1.000000 
1.885253 -3.581395 -1.342520 -1.997557 -1.452820 -3.666824 0.363053 0.015074 -1.000000 
1.856226 -3.675455 -1.358225 -1.928410 -1.482247 -3.689424 0.363176 0.015766 -1.000000 
1.826444 -3.769977 -1.373368 -1.857009 -1.511843 -3.709321 0.363305 0.016495 -1.000000 
1.795905 -3.864870 -1.387931 -1.783342 -1.541588 -3.726437 0.363440 0.017264 -1.000000 
1.764606 -3.960038 -1.401895 -1.707402 -1.571459 -3.740695 0.363581 0.018075 -1.000000 
1.732544 -4.055379 -1.415243 -1.629186 -1.601432 -3.752019 0.363729 0.018931 -1.000000 
1.699719 -4.150788 -1.427956 -1.548693 -1.631483 -3.760333 0.363884 0.019835 -1.000000 
1.666132 -4.246156 -1.440016 -1.465928 -1.661589 -3.765566 0.364047 0.020792 -1.000000 
1.631781 -4.341368 -1.451405 -1.380900 -1.691724 -3.767647 0.364217 0.021806 -1.000000 
1.596670 -4.436306 -1.462105 -1.293621 -1.721862 -3.766507 0.364396 0.022880 -1.000000 
1.560801 -4.530849 -1.472097 -1.204110 -1.751979 -3.762081 0.364583 0.024020 -1.000000 
1.524178 -4.624871 -1.481365 -1.112389 -1.782047 -3.754306 0.364780 0.025230 -1.000000 
1.486805 -4.718243 -1.489890 -1.018486 -1.812039 -3.743123 0.364987 0.026516 -1.000000 
1.448688 -4.810832 -1.497655 -0.922434 -1.841928 -3.728476 0.365205 0.027885 -1.000000 
1.409834 -4.902502 -1.504643 -0.824269 -1.871685 -3.710313 0.365434 0.029342 -1.000000 
1.370251 -4.993115 -1.510837 -0.724036 -1.901283 -3.688584 0.365675 0.030895 -1.000000 
1.329948 -5.082529 -1.516222 -0.621781 -1.930693 -3.663248 0.365928 0.032551 -1.000000 
1.288934 -5.170601 -1.520781 -0.517559 -1.959885 -3.634264 0.366196 0.034320 -1.000000 
1.247222 -5.257185 -1.524498 -0.411429 -1.988831 -3.601598 0.366478 0.036209 -1.000000 
1.204824 -5.342133 -1.527359 -0.303454 -2.017501 -3.565221 0.366775 0.038229 -1.000000 
1.161753 -5.425298 -1.529348 -0.193706 -2.045865 -3.525109 0.367090 0.040391 -1.000000 
1.118024 -5.506528 -1.530453 -0.082257 -2.073893 -3.481244 0.367422 0.042706 -1.000000 
1.073654 -5.585674 -1.530660 0.030809 -2.101555 -3.433614 0.367773 0.045186 -1.000000 
1.028659 -5.662584 -1.529956 0.145409 -2.128820 -3.382212 0.368145 0.047844 -1.000000 
0.983059 -5.737107 -1.528330 0.261449 -2.155660 -3.327040 0.368539 0.050695 -1.000000 
0.936872 -5.809094 -1.525770 0.378835 -2.182043 -3.268103 0.368957 0.053754 -1.000000 
0.890120 -5.878394 -1.522265 0.497465 -2.207940 -3.205416 0.369400 0.057037 -1.000000 
0.842826 -5.944859 -1.517807 0.617232 -2.233320 -3.138998 0.369870 0.060559 -1.000000 
0.795011 -6.008344 -1.512387 0.738024 -2.258154 -3.068877 0.370370 0.064340 -1.000000 
0.746700 -6.068702 -1.505996 0.859726 -2.282412 -2.995087 0.370901 0.068397 -1.000000 
0.697920 -6.125794 -1.498629 0.982218 -2.306065 -2.917670 0.371465 0.072748 -1.000000 
0.648697 -6.179480 -1.490279 1.105375 -2.329085 -2.836676 0.372065 0.077411 -1.000000 
0.599058 -6.229625 -1.480942 1.229069 -2.351443 -2.752159 0.372704 0.082406 -1.000000 
0.549033 -6.276097 -1.470613 1.353167 -2.373110 -2.664184 0.373385 0.087750 -1.000000 
0.498651 -6.318770 -1.459290 1.477533 -2.394061 -2.572822 0.374109 0.093457 -1.000000 
0.447943 -6.357522 -1.446972 1.602029 -2.414267 -2.478152 0.374881 0.099542 -1.000000 
0.396941 -6.392235 -1.433658 1.726512 -2.433703 -2.380259 0.375703 0.106014 -1.000000 
0.345678 -6.422799 -1.419348 1.850838 -2.452343 -2.279236 0.376578 0.112879 -1.000000 
0.294188 -6.449108 -1.404045 1.974862 -2.470162 -2.175183 0.377510 0.120137 -1.000000 
0.242504 -6.471062 -1.387752 2.098433 -2.487138 -2.068207 0.378502 0.127777 -1.000000 
0.190662 -6.488570 -1.370472 2.221403 -2.503246 -1.958423 0.379556 0.135784 -1.000000 
0.138699 -6.501546 -1.352211 2.343619 -2.518465 -1.845951 0.380675 0.144126 -1.000000 
0.086650 -6.509914 -1.332976 2.464931 -2.532774 -1.730918 0.381862 0.152761 -1.000000 
0.034553 -6.513601 -1.312775 2.585186 -2.546154 -1.613458 0.383120 0.161630 -1.000000 
-0.017555 -6.512548 -1.291617 2.704231 -2.558584 -1.493710 0.384449 0.170657 -1.000000 
-0.069635 -6.506699 -1.269511 2.821915 -2.570047 -1.371821 0.385850 0.179748 -1.000000 
-0.121649 -6.496010 -1.246470 2.938085 -2.580528 -1.247940 0.387325 0.188789 -1.000000 
-0.173558 -6.480445 -1.222506 3.052593 -2.590009 -1.122226 0.388871 0.197649 -1.000000 
-0.225323 -6.459976 -1.197633 3.165290 -2.598479 -0.994839 0.390486 0.206180 -1.000000 
-0.276905 -6.434585 -1.171867 3.276028 -2.605923 -0.865945 0.392168 0.214223 -1.000000 
-0.328264 -6.404264 -1.145222 3.384664 -2.612330 -0.735717 0.393912 0.221608 -1.000000 
-0.379360 -6.369012 -1.117718 3.491056 -2.617691 -0.604328 0.395712 0.228165 -1.000000 
-0.430155 -6.328843 -1.089372 3.595064 -2.621997 -0.471959 0.397560 0.233733 -1.000000 
-0.480608 -6.283774 -1.060204 3.696555 -2.625240 -0.338791 0.399448 0.238162 -1.000000 
-0.530682 -6.233838 -1.030234 3.795397 -2.627416 -0.205011 0.401367 0.241328 -1.000000 
-0.580337 -6.179074 -0.999485 3.891462 -2.628519 -0.070807 0.403306 0.243139 -1.000000 
-0.629535 -6.119534 -0.967978 3.984630 -2.628548 0.063631 0.405254 0.243540 -1.000000 
-0.678237 -6.055277 -0.935739 4.074782 -2.627501 0.198111 0.407199 0.242516 -1.000000 
-0.726407 -5.986375 -0.902790 4.161807 -2.625379 0.332437 0.409130 0.240096 -1.000000 
-0.774007 -5.912907 -0.869158 4.245600 -2.622183 0.466417 0.411037 0.236351 -1.000000 
-0.821001 -5.834964 -0.834870 4.326062 -2.617918 0.599855 0.412909 0.231384 -1.000000 
-0.867354 -5.752645 -0.799951 4.403101 -2.612587 0.732559 0.414736 0.225331 -1.000000 
-0.913032 -5.666060 -0.764429 4.476630 -2.606199 0.864335 0.416511 0.218347 -1.000000 
-0.958000 -5.575326 -0.728334 4.546572 -2.598761 0.994992 0.418228 0.210599 -1.000000 
-1.002227 -5.480570 -0.691694 4.612858 -2.590283 1.124343 0.419879 0.202258 -1.000000 
-1.045679 -5.381925 -0.654538 4.675424 -2.580776 1.252201 0.421463 0.193492 -1.000000 
-1.088327 -5.279535 -0.616897 4.734217 -2.570252 1.378386 0.422975 0.184459 -1.000000 
-1.130142 -5.173548 -0.578801 4.789191 -2.558726 1.502721 0.424414 0.175301 -1.000000 
-1.171095 -5.064120 -0.540280 4.840308 -2.546214 1.625032 0.425779 0.166144 -1.000000 
-1.211159 -4.951414 -0.501366 4.887539 -2.532732 1.745153 0.427072 0.157096 -1.000000 
-1.250309 -4.835597 -0.462090 4.930865 -2.518298 1.862922 0.428293 0.148244 -1.000000 
-1.288521 -4.716841 -0.422483 4.970272 -2.502932 1.978186 0.429445 0.139658 -1.000000 
-1.325771 -4.595324 -0.382576 5.005759 -2.486654 2.090795 0.430529 0.131391 -1.000000 
-1.362039 -4.471226 -0.342401 5.037328 -2.469486 2.200609 0.431548 0.123480 -1.000000 
-1.397305 -4.344731 -0.301989 5.064995 -2.451452 2.307494 0.432506 0.115951 -1.000000 
-1.431549 -4.216024 -0.261372 5.088778 -2.432574 2.411325 0.433404 0.108816 -1.000000 
-1.464756 -4.085295 -0.220579 5.108709 -2.412879 2.511981 0.434248 0.102082 -1.000000 
-1.496909 -3.952732 -0.179643 5.124822 -2.392392 2.609355 0.435039 0.095745 -1.000000 
-1.527995 -3.818525 -0.138592 5.137162 -2.371138 2.703344 0.435781 0.089798 -1.000000 
-1.558001 -3.682865 -0.097458 5.145780 -2.349147 2.793855 0.436476 0.084229 -1.000000 
-1.586917 -3.545941 -0.056270 5.150733 -2.326446 2.880803 0.437129 0.079023 -1.000000 
-1.614734 -3.407942 -0.015056 5.152086 -2.303064 2.964111 0.437742 0.074162 -1.000000 
-1.641442 -3.269056 0.026154 5.149910 -2.279030 3.043712 0.438317 0.069628 -1.000000 
-1.667037 -3.129466 0.067333 5.144280 -2.254375 3.119546 0.438857 0.065403 -1.000000 
-1.691512 -2.989356 0.108454 5.135277 -2.229128 3.191562 0.439364 0.061468 -1.000000 
-1.714865 -2.848905 0.149489 5.122990 -2.203320 3.259718 0.439841 0.057803 -1.000000 
-1.737094 -2.708290 0.190413 5.107508 -2.176983 3.323979 0.440289 0.054391 -1.000000 
-1.758198 -2.567682 0.231201 5.088927 -2.150147 3.384319 0.440712 0.051214 -1.000000 
-1.778178 -2.427250 0.271828 5.067348 -2.122844 3.440719 0.441109 0.048255 -1.000000 
-1.797035 -2.287157 0.312271 5.042873 -2.095106 3.493169 0.441484 0.045499 -1.000000 
-1.814773 -2.147561 0.352507 5.015607 -2.066964 3.541666 0.441838 0.042930 -1.000000 
-1.831398 -2.008617 0.392513 4.985661 -2.038450 3.586214 0.442172 0.040534 -1.000000 
-1.846913 -1.870471 0.432270 4.953145 -2.009595 3.626824 0.442487 0.038299 -1.000000 
-1.861328 -1.733265 0.471757 4.918172 -1.980431 3.663515 0.442785 0.036212 -1.000000 
-1.874649 -1.597137 0.510955 4.880856 -1.950989 3.696310 0.443067 0.034262 -1.000000 
-1.886885 -1.462215 0.549845 4.841315 -1.921300 3.725240 0.443333 0.032439 -1.000000 
-1.898048 -1.328623 0.588410 4.799664 -1.891396 3.750342 0.443586 0.030732 -1.000000 
-1.908147 -1.196479 0.626634 4.756021 -1.861305 3.771659 0.443825 0.029134 -1.000000 
-1.917195 -1.065893 0.664502 4.710503 -1.831059 3.789237 0.444052 0.027636 -1.000000 
-1.925206 -0.936970 0.701998 4.663227 -1.800687 3.803128 0.444268 0.026230 -1.000000 
-1.932192 -0.809807 0.739109 4.614310 -1.770219 3.813391 0.444472 0.024909 -1.000000 
-1.938168 -0.684495 0.775823 4.563868 -1.739682 3.820085 0.444667 0.023667 -1.000000 
-1.943149 -0.561118 0.812127 4.512015 -1.709107 3.823276 0.444851 0.022499 -1.000000 
-1.947151 -0.439753 0.848011 4.458865 -1.678519 3.823033 0.445027 0.021399 -1.000000 
-1.950190 -0.320472 0.883466 4.404531 -1.647947 3.819428 0.445194 0.020361 -1.000000 
-1.952284 -0.203340 0.918481 4.349121 -1.617417 3.812536 0.445353 0.019381 -1.000000 
-1.953450 -0.088413 0.953049 4.292743 -1.586955 3.802433 0.445504 0.018456 -1.000000 
-1.953705 0.024255 0.987163 4.235504 -1.556586 3.789201 0.445648 0.017581 -1.000000 
-1.953068 0.134620 1.020815 4.177506 -1.526336 3.772921 0.445785 0.016752 -1.000000 
-1.951557 0.242642 1.054001 4.118850 -1.496228 3.753677 0.445916 0.015967 -1.000000 
-1.949192 0.348288 1.086715 4.059633 -1.466285 3.731552 0.446041 0.015222 -1.000000 
-1.945991 0.451530 1.118954 3.999951 -1.436530 3.706634 0.446160 0.014515 -1.000000 
-1.941974 0.552345 1.150713 3.939894 -1.406986 3.679010 0.446273 0.013843 -1.000000 
-1.937160 0.650718 1.181991 3.879551 -1.377673 3.648766 0.446381 0.013204 -1.000000 
-1.931569 0.746636 1.212786 3.819008 -1.348612 3.615991 0.446485 0.012595 -1.000000 
-1.925220 0.840093 1.243095 3.758345 -1.319824 3.580773 0.446583 0.012015 -1.000000 
-1.918134 0.931089 1.272919 3.697640 -1.291326 3.543198 0.446677 0.011462 -1.000000 
-1.910329 1.019624 1.302257 3.636969 -1.263139 3.503356 0.446767 0.010934 -1.000000 
-1.901826 1.105708 1.331111 3.576403 -1.235278 3.461331 0.446852 0.010429 -1.000000 
-1.892645 1.189352 1.359480 3.516008 -1.207763 3.417212 0.446933 0.009946 -1.000000 
-1.882803 1.270570 1.387368 3.455850 -1.180608 3.371082 0.447011 0.009484 -1.000000 
-1.872322 1.349384 1.414775 3.395986 -1.153831 3.323026 0.447085 0.009042 -1.000000 
-1.861219 1.425815 1.441704 3.336475 -1.127445 3.273126 0.447156 0.008618 -1.000000 
-1.849515 1.499891 1.468159 3.277368 -1.101465 3.221465 0.447223 0.008212 -1.000000 
-1.837227 1.571639 1.494143 3.218716 -1.075906 3.168122 0.447287 0.007822 -1.000000 
-1.824375 1.641094 1.519660 3.160563 -1.050780 3.113174 0.447348 0.007447 -1.000000 
-1.810976 1.708288 1.544714 3.102951 -1.026099 3.056700 0.447407 0.007087 -1.000000 
-1.797048 1.773261 1.569309 3.045918 -1.001876 2.998774 0.447462 0.006741 -1.000000 
-1.782610 1.836052 1.593450 2.989500 -0.978123 2.939467 0.447514 0.006409 -1.000000 
-1.767677 1.896702 1.617143 2.933727 -0.954848 2.878853 0.447564 0.006089 -1.000000 
-1.752268 1.955255 1.640392 2.878628 -0.932064 2.816998 0.447612 0.005781 -1.000000 
-1.736399 2.011758 1.663203 2.824227 -0.909780 2.753970 0.447657 0.005485 -1.000000 
-1.720085 2.066255 1.685581 2.770545 -0.888004 2.689833 0.447700 0.005200 -1.000000 
-1.703344 2.118796 1.707533 2.717600 -0.866745 2.624650 0.447740 0.004926 -1.000000 
-1.686190 2.169431 1.729065 2.665407 -0.846012 2.558482 0.447779 0.004662 -1.000000 
-1.668638 2.218208 1.750182 2.613978 -0.825812 2.491385 0.447815 0.004408 -1.000000 
-1.650703 2.265180 1.770891 2.563322 -0.806152 2.423416 0.447849 0.004163 -1.000000 
-1.632400 2.310399 1.791197 2.513443 -0.787039 2.354629 0.447881 0.003928 -1.000000 
-1.613741 2.353916 1.811108 2.464345 -0.768480 2.285074 0.447912 0.003701 -1.000000 
-1.594741 2.395784 1.830629 2.416029 -0.750480 2.214801 0.447941 0.003483 -1.000000 
-1.575413 2.436057 1.849766 2.368491 -0.733045 2.143857 0.447968 0.003274 -1.000000 
-1.555768 2.474786 1.868527 2.321726 -0.716180 2.072288 0.447993 0.003073 -1.000000 
-1.535820 2.512026 1.886916 2.275726 -0.699890 2.000135 0.448017 0.002881 -1.000000 
-1.515580 2.547829 1.904940 2.230481 -0.684179 1.927439 0.448039 0.002696 -1.000000 
-1.495059 2.582247 1.922606 2.185979 -0.669052 1.854240 0.448060 0.002519 -1.000000 
-1.474268 2.615332 1.939918 2.142204 -0.654513 1.780573 0.448080 0.002350 -1.000000 
-1.453217 2.647137 1.956883 2.099139 -0.640564 1.706474 0.448098 0.002188 -1.000000 
-1.431917 2.677712 1.973506 2.056764 -0.627210 1.631975 0.448115 0.002034 -1.000000 
-1.410377 2.707108 1.989793 2.015058 -0.614454 1.557109 0.448130 0.001887 -1.000000 
-1.388606 2.735374 2.005749 1.973998 -0.602297 1.481903 0.448145 0.001747 -1.000000 
-1.366613 2.762560 2.021378 1.933557 -0.590744 1.406385 0.448158 0.001615 -1.000000 
-1.344408 2.788712 2.036687 1.893709 -0.579796 1.330583 0.448171 0.001490 -1.000000 
-1.321997 2.813878 2.051679 1.854423 -0.569455 1.254519 0.448182 0.001372 -1.000000 
-1.299181 2.835490 2.066030 1.818722 -0.567942 1.178199 0.448193 0.001354 -1.000000 
-1.276174 2.856186 2.080052 1.783488 -0.568094 1.101849 0.448204 0.001356 -1.000000 
-1.253022 2.876524 2.093814 1.748064 -0.568247 1.025493 0.448215 0.001357 -1.000000 
-1.229728 2.896504 2.107315 1.712453 -0.568399 0.949131 0.448226 0.001359 -1.000000 
-1.206294 2.916125 2.120554 1.676655 -0.568552 0.872762 0.448237 0.001360 -1.000000 
-1.182723 2.935386 2.133529 1.640673 -0.568705 0.796387 0.448248 0.001361 -1.000000 
-1.159016 2.954286 2.146241 1.604508 -0.568857 0.720007 0.448259 0.001363 -1.000000 
-1.135177 2.972823 2.158687 1.568162 -0.569010 0.643620 0.448270 0.001364 -1.000000 
-1.111208 2.990997 2.170866 1.531637 -0.569163 0.567228 0.448281 0.001366 -1.000000 
-1.087110 3.008807 2.182779 1.494935 -0.569316 0.490830 0.448292 0.001368 -1.000000 
-1.062887 3.026252 2.194423 1.458058 -0.569468 0.414426 0.448303 0.001369 -1.000000 
-1.038541 3.043329 2.205797 1.421006 -0.569621 0.338017 0.448314 0.001371 -1.000000 
-1.014074 3.060039 2.216901 1.383783 -0.569774 0.261602 0.448325 0.001373 -1.000000 
-0.989488 3.076380 2.227734 1.346389 -0.569927 0.185182 0.448336 0.001374 -1.000000 
-0.964786 3.092350 2.238294 1.308827 -0.570080 0.108757 0.448347 0.001376 -1.000000 
-0.939971 3.107949 2.248581 1.271098 -0.570232 0.032327 0.448358 0.001378 -1.000000 
-0.915043 3.123173 2.258592 1.233203 -0.570416 -0.044107 0.448369 0.001380 -1.000000 
-0.889998 3.138001 2.268305 1.195109 -0.571075 -0.120536 0.448380 0.001388 -1.000000 
-0.864836 3.152442 2.277713 1.156765 -0.572345 -0.196943 0.448391 0.001402 -1.000000 
-0.839560 3.166511 2.286813 1.118120 -0.574226 -0.273315 0.448402 0.001424 -1.000000 
-0.814173 3.180224 2.295602 1.079121 -0.576718 -0.349640 0.448414 0.001452 -1.000000 
-0.788678 3.193593 2.304078 1.039718 -0.579820 -0.425902 0.448426 0.001488 -1.000000 
-0.763076 3.206629 2.312236 0.999857 -0.583532 -0.502088 0.448438 0.001531 -1.000000 
-0.737372 3.219339 2.320074 0.959485 -0.587853 -0.578183 0.448450 0.001580 -1.000000 
-0.711568 3.231733 2.327586 0.918550 -0.592783 -0.654172 0.448463 0.001637 -1.000000 
-0.685665 3.243813 2.334769 0.876999 -0.598319 -0.730037 0.448476 0.001700 -1.000000 
-0.659668 3.255584 2.341617 0.834777 -0.604463 -0.805763 0.448490 0.001771 -1.000000 
-0.633577 3.267047 2.348124 0.791831 -0.611211 -0.881333 0.448505 0.001849 -1.000000 
-0.607396 3.278202 2.354284 0.748107 -0.618564 -0.956726 0.448520 0.001934 -1.000000 
-0.581127 3.289044 2.360091 0.703553 -0.626518 -1.031925 0.448536 0.002026 -1.000000 
-0.554772 3.299571 2.365538 0.658114 -0.635074 -1.106907 0.448552 0.002125 -1.000000 
-0.528334 3.309775 2.370618 0.611737 -0.644228 -1.181653 0.448570 0.002231 -1.000000 
-0.501816 3.319648 2.375324 0.564370 -0.653980 -1.256138 0.448588 0.002345 -1.000000 
-0.475221 3.329179 2.379646 0.515960 -0.664326 -1.330339 0.448607 0.002466 -1.000000 
-0.448550 3.338356 2.383576 0.466455 -0.675264 -1.404229 0.448627 0.002594 -1.000000 
-0.421808 3.347165 2.387106 0.415804 -0.686792 -1.477783 0.448649 0.002730 -1.000000 
-0.394997 3.355588 2.390226 0.363956 -0.698908 -1.550970 0.448671 0.002874 -1.000000 
-0.368120 3.363609 2.392926 0.310861 -0.711607 -1.623762 0.448695 0.003025 -1.000000 
-0.341180 3.371206 2.395196 0.256472 -0.724887 -1.696127 0.448719 0.003183 -1.000000 
-0.314182 3.378358 2.397026 0.200739 -0.738744 -1.768031 0.448746 0.003350 -1.000000 
-0.287128 3.385039 2.398404 0.143616 -0.753174 -1.839438 0.448773 0.003525 -1.000000 
-0.260022 3.391225 2.399320 0.085058 -0.768173 -1.910312 0.448802 0.003707 -1.000000 
-0.232870 3.396887 2.399761 0.025021 -0.783737 -1.980615 0.448832 0.003899 -1.000000 
-0.205674 3.401996 2.399716 -0.036537 -0.799862 -2.050304 0.448864 0.004098 -1.000000 
-0.178439 3.406519 2.399172 -0.099658 -0.816541 -2.119339 0.448898 0.004306 -1.000000 
-0.151171 3.410424 2.398117 -0.164381 -0.833769 -2.187673 0.448933 0.004523 -1.000000 
-0.123874 3.413675 2.396538 -0.230741 -0.851541 -2.255260 0.448970 0.004750 -1.000000 
-0.096554 3.416235 2.394421 -0.298775 -0.869851 -2.322052 0.449009 0.004985 -1.000000 
-0.069216 3.418066 2.391753 -0.368515 -0.888692 -2.387998 0.449050 0.005231 -1.000000 
-0.041867 3.419127 2.388520 -0.439991 -0.908057 -2.453045 0.449093 0.005486 -1.000000 
-0.014512 3.419376 2.384708 -0.513231 -0.927938 -2.517137 0.449138 0.005752 -1.000000 
0.012841 3.418771 2.380304 -0.588259 -0.948328 -2.580219 0.449185 0.006029 -1.000000 
0.040186 3.417266 2.375291 -0.665099 -0.969219 -2.642231 0.449234 0.006317 -1.000000 
0.067514 3.414815 2.369657 -0.743768 -0.990601 -2.703112 0.449286 0.006617 -1.000000 
0.094820 3.411370 2.363386 -0.824283 -1.012465 -2.762799 0.449340 0.006928 -1.000000 
0.122094 3.406883 2.356464 -0.906657 -1.034802 -2.821226 0.449397 0.007253 -1.000000 
0.149327 3.401304 2.348875 -0.990897 -1.057601 -2.878327 0.449456 0.007591 -1.000000 
0.176511 3.394582 2.340604 -1.077010 -1.080852 -2.934033 0.449519 0.007943 -1.000000 
0.203637 3.386665 2.331637 -1.164997 -1.104542 -2.988273 0.449584 0.008310 -1.000000 
0.230695 3.377500 2.321959 -1.254854 -1.128660 -3.040975 0.449652 0.008692 -1.000000 
0.257674 3.367033 2.311555 -1.346575 -1.153193 -3.092063 0.449723 0.009091 -1.000000 
0.284564 3.355211 2.300409 -1.440148 -1.178129 -3.141463 0.449797 0.009507 -1.000000 
0.311353 3.341979 2.288508 -1.535558 -1.203452 -3.189097 0.449875 0.009941 -1.000000 
0.338031 3.327282 2.275835 -1.632784 -1.229149 -3.234887 0.449956 0.010395 -1.000000 
0.364586 3.311065 2.262378 -1.731801 -1.255205 -3.278752 0.450041 0.010869 -1.000000 
0.391004 3.293274 2.248122 -1.832577 -1.281604 -3.320611 0.450130 0.011365 -1.000000 
0.417274 3.273852 2.233052 -1.935077 -1.308329 -3.360382 0.450223 0.011884 -1.000000 
0.443381 3.252745 2.217156 -2.039261 -1.335364 -3.397983 0.450320 0.012428 -1.000000 
0.469313 3.229899 2.200420 -2.145082 -1.362691 -3.433330 0.450422 0.012998 -1.000000 
0.495055 3.205260 2.182831 -2.252487 -1.390291 -3.466339 0.450528 0.013596 -1.000000 
0.520592 3.178775 2.164376 -2.361420 -1.418146 -3.496925 0.450640 0.014224 -1.000000 
0.545910 3.150393 2.145044 -2.471817 -1.446235 -3.525005 0.450756 0.014885 -1.000000 
0.570994 3.120063 2.124823 -2.583609 -1.474539 -3.550494 0.450878 0.015579 -1.000000 
0.595826 3.087735 2.103703 -2.696721 -1.503036 -3.573309 0.451005 0.016310 -1.000000 
0.620392 3.053362 2.081672 -2.811072 -1.531705 -3.593366 0.451139 0.017080 -1.000000 
0.644674 3.016898 2.058723 -2.926575 -1.560522 -3.610584 0.451279 0.017893 -1.000000 
0.668656 2.978299 2.034844 -3.043137 -1.589466 -3.624881 0.451425 0.018751 -1.000000 
0.692321 2.937523 2.010030 -3.160660 -1.618513 -3.636177 0.451579 0.019658 -1.000000 
0.715651 2.894531 1.984272 -3.279038 -1.647637 -3.644395 0.451740 0.020617 -1.000000 
0.738628 2.849286 1.957563 -3.398160 -1.676814 -3.649459 0.451909 0.021632 -1.000000 
0.761233 2.801755 1.929899 -3.517911 -1.706020 -3.651295 0.452086 0.022708 -1.000000 
0.783450 2.751907 1.901275 -3.638166 -1.735226 -3.649832 0.452273 0.023850 -1.000000 
0.805258 2.699714 1.871688 -3.758799 -1.764408 -3.645001 0.452468 0.025062 -1.000000 
0.826639 2.645154 1.841134 -3.879674 -1.793537 -3.636738 0.452674 0.026350 -1.000000 
0.847574 2.588205 1.809613 -4.000654 -1.822586 -3.624981 0.452890 0.027721 -1.000000 
0.868044 2.528851 1.777123 -4.121593 -1.851527 -3.609672 0.453118 0.029180 -1.000000 
0.888029 2.467081 1.743668 -4.242341 -1.880332 -3.590758 0.453357 0.030736 -1.000000 
0.907510 2.402886 1.709247 -4.362744 -1.908970 -3.568188 0.453610 0.032395 -1.000000 
0.926469 2.336263 1.673865 -4.482644 -1.937413 -3.541920 0.453876 0.034167 -1.000000 
0.944884 2.267214 1.637526 -4.601876 -1.965631 -3.511912 0.454157 0.036060 -1.000000 
0.962738 2.195745 1.600237 -4.720273 -1.993593 -3.478132 0.454453 0.038084 -1.000000 
0.980010 2.121866 1.562005 -4.837665 -2.021271 -3.440551 0.454766 0.040251 -1.000000 
0.996681 2.045594 1.522838 -4.953876 -2.048632 -3.399145 0.455097 0.042571 -1.000000 
1.012733 1.966951 1.482746 -5.068730 -2.075647 -3.353899 0.455448 0.045056 -1.000000 
1.028146 1.885963 1.441742 -5.182047 -2.102284 -3.304803 0.455819 0.047721 -1.000000 
1.042902 1.802663 1.399838 -5.293643 -2.128513 -3.251853 0.456212 0.050580 -1.000000 
1.056983 1.717089 1.357049 -5.403337 -2.154303 -3.195053 0.456629 0.053647 -1.000000 
1.070370 1.629283 1.313390 -5.510942 -2.179624 -3.134414 0.457071 0.056939 -1.000000 
1.083045 1.539294 1.268880 -5.616273 -2.204444 -3.069953 0.457540 0.060472 -1.000000 
1.094993 1.447179 1.223537 -5.719144 -2.228733 -3.001696 0.458039 0.064264 -1.000000 
1.106195 1.352995 1.177381 -5.819370 -2.252461 -2.929676 0.458569 0.068332 -1.000000 
1.116635 1.256811 1.130434 -5.916764 -2.275598 -2.853934 0.459133 0.072697 -1.000000 
1.126298 1.158696 1.082720 -6.011144 -2.298114 -2.774518 0.459733 0.077374 -1.000000 
1.135169 1.058728 1.034264 -6.102327 -2.319980 -2.691485 0.460372 0.082384 -1.000000 
1.143233 0.956989 0.985092 -6.190136 -2.341168 -2.604898 0.461052 0.087742 -1.000000 
1.150477 0.853567 0.935232 -6.274392 -2.361650 -2.514831 0.461777 0.093463 -1.000000 
1.156886 0.748555 0.884712 -6.354923 -2.381397 -2.421364 0.462549 0.099561 -1.000000 
1.162450 0.642050 0.833563 -6.431560 -2.400383 -2.324584 0.463371 0.106043 -1.000000 
1.167155 0.534155 0.781818 -6.504140 -2.418581 -2.224587 0.464246 0.112915 -1.000000 
1.170993 0.424978 0.729508 -6.572503 -2.435968 -2.121478 0.465179 0.120174 -1.000000 
1.173952 0.314630 0.676669 -6.636495 -2.452517 -2.015366 0.466170 0.127808 -1.000000 
1.176024 0.203227 0.623336 -6.695971 -2.468206 -1.906371 0.467224 0.135798 -1.000000 
1.177201 0.090889 0.569546 -6.750789 -2.483012 -1.794619 0.468344 0.144110 -1.000000 
1.177476 -0.022259 0.515337 -6.800816 -2.496913 -1.680242 0.469531 0.152698 -1.000000 
1.176843 -0.136092 0.460746 -6.845927 -2.509889 -1.563380 0.470788 0.161498 -1.000000 
1.175297 -0.250478 0.405815 -6.886005 -2.521921 -1.444180 0.472115 0.170432 -1.000000 
1.172834 -0.365284 0.350584 -6.920941 -2.532990 -1.322794 0.473515 0.179399 -1.000000 
1.169452 -0.480376 0.295094 -6.950635 -2.543080 -1.199380 0.474985 0.188281 -1.000000 
1.165148 -0.595614 0.239388 -6.974998 -2.552175 -1.074103 0.476527 0.196945 -1.000000 
1.159922 -0.710859 0.183509 -6.993948 -2.560261 -0.947134 0.478136 0.205238 -1.000000 
1.153774 -0.825970 0.127499 -7.007417 -2.567325 -0.818647 0.479809 0.212998 -1.000000 
1.146707 -0.940803 0.071405 -7.015343 -2.573356 -0.688822 0.481542 0.220056 -1.000000 
1.138723 -1.055216 0.015269 -7.017678 -2.578343 -0.557845 0.483328 0.226246 -1.000000 
1.129825 -1.169065 -0.040863 -7.014384 -2.582279 -0.425902 0.485159 0.231408 -1.000000 
1.120020 -1.282204 -0.096946 -7.005435 -2.585156 -0.293188 0.487027 0.235402 -1.000000 
1.109312 -1.394491 -0.152935 -6.990817 -2.586968 -0.159897 0.488922 0.238112 -1.000000 
1.097710 -1.505782 -0.208784 -6.970526 -2.587713 -0.026227 0.490833 0.239459 -1.000000 
1.085223 -1.615935 -0.264448 -6.944573 -2.587387 0.107620 0.492749 0.239398 -1.000000 
1.071859 -1.724809 -0.319882 -6.912978 -2.585991 0.241443 0.494660 0.237932 -1.000000 
1.057630 -1.832267 -0.375041 -6.875775 -2.583525 0.375038 0.496553 0.235101 -1.000000 
1.042547 -1.938172 -0.429880 -6.833011 -2.579992 0.508200 0.498418 0.230988 -1.000000 
1.026623 -2.042391 -0.484354 -6.784743 -2.575395 0.640728 0.500245 0.225707 -1.000000 
1.009873 -2.144796 -0.538421 -6.731043 -2.569742 0.772416 0.502026 0.219399 -1.000000 
0.992312 -2.245260 -0.592037 -6.671993 -2.563039 0.903066 0.503753 0.212226 -1.000000 
0.973955 -2.343662 -0.645159 -6.607687 -2.555296 1.032476 0.505420 0.204354 -1.000000 
0.954819 -2.439888 -0.697746 -6.538231 -2.546524 1.160452 0.507022 0.195954 -1.000000 
0.934923 -2.533824 -0.749757 -6.463742 -2.536734 1.286802 0.508555 0.187190 -1.000000 
0.914284 -2.625368 -0.801153 -6.384347 -2.525940 1.411336 0.510016 0.178214 -1.000000 
0.892923 -2.714418 -0.851894 -6.300184 -2.514157 1.533872 0.511406 0.169162 -1.000000 
0.870860 -2.800883 -0.901944 -6.211399 -2.501404 1.654233 0.512723 0.160152 -1.000000 
0.848116 -2.884675 -0.951265 -6.118150 -2.487696 1.772248 0.513969 0.151284 -1.000000 
0.824713 -2.965716 -0.999822 -6.020601 -2.473054 1.887750 0.515144 0.142638 -1.000000 
0.800672 -3.043932 -1.047583 -5.918924 -2.457499 2.000583 0.516252 0.134278 -1.000000 
0.776018 -3.119258 -1.094515 -5.813298 -2.441052 2.110597 0.517293 0.126249 -1.000000 
0.750772 -3.191636 -1.140586 -5.703911 -2.423737 2.217648 0.518272 0.118584 -1.000000 
0.724959 -3.261015 -1.185768 -5.590954 -2.405578 2.321603 0.519192 0.111303 -1.000000 
0.698604 -3.327352 -1.230032 -5.474623 -2.386600 2.422336 0.520054 0.104416 -1.000000 
0.671730 -3.390610 -1.273353 -5.355120 -2.366830 2.519729 0.520863 0.097926 -1.000000 
0.644363 -3.450761 -1.315706 -5.232649 -2.346294 2.613675 0.521622 0.091826 -1.000000 
0.616526 -3.507783 -1.357068 -5.107418 -2.325021 2.704074 0.522334 0.086108 -1.000000 
0.588246 -3.561663 -1.397418 -4.979637 -2.303038 2.790836 0.523001 0.080757 -1.000000 
0.559548 -3.612392 -1.436736 -4.849516 -2.280377 2.873880 0.523627 0.075760 -1.000000 
0.530456 -3.659972 -1.475005 -4.717269 -2.257066 2.953134 0.524214 0.071096 -1.000000 
0.500997 -3.704408 -1.512207 -4.583106 -2.233137 3.028536 0.524765 0.066750 -1.000000 
0.471194 -3.745714 -1.548330 -4.447239 -2.208620 3.100031 0.525283 0.062700 -1.000000 
0.441074 -3.783910 -1.583359 -4.309879 -2.183547 3.167576 0.525769 0.058930 -1.000000 
0.410660 -3.819022 -1.617285 -4.171235 -2.157950 3.231134 0.526226 0.055419 -1.000000 
0.379978 -3.851081 -1.650096 -4.031511 -2.131860 3.290678 0.526656 0.052151 -1.000000 
0.349051 -3.880124 -1.681786 -3.890912 -2.105310 3.346191 0.527061 0.049107 -1.000000 
0.317903 -3.906196 -1.712349 -3.749637 -2.078332 3.397661 0.527443 0.046273 -1.000000 
0.286559 -3.929343 -1.741779 -3.607882 -2.050958 3.445087 0.527802 0.043632 -1.000000 
0.255042 -3.949618 -1.770074 -3.465839 -2.023221 3.488474 0.528141 0.041171 -1.000000 
0.223373 -3.967079 -1.797232 -3.323694 -1.995153 3.527836 0.528461 0.038875 -1.000000 
0.191576 -3.981787 -1.823254 -3.181628 -1.966786 3.563192 0.528764 0.036732 -1.000000 
0.159672 -3.993807 -1.848139 -3.039818 -1.938153 3.594571 0.529049 0.034730 -1.000000 
0.127682 -4.003208 -1.871892 -2.898432 -1.909284 3.622007 0.529320 0.032859 -1.000000 
0.095627 -4.010062 -1.894516 -2.757636 -1.880211 3.645539 0.529576 0.031109 -1.000000 
0.063527 -4.014445 -1.916016 -2.617586 -1.850965 3.665214 0.529818 0.029470 -1.000000 
0.031402 -4.016432 -1.936399 -2.478432 -1.821578 3.681084 0.530047 0.027934 -1.000000 
-0.000729 -4.016105 -1.955674 -2.340319 -1.792078 3.693205 0.530265 0.026494 -1.000000 
-0.032849 -4.013544 -1.973848 -2.203382 -1.762496 3.701638 0.530471 0.025141 -1.000000 
-0.064940 -4.008833 -1.990931 -2.067752 -1.732861 3.706451 0.530667 0.023870 -1.000000 
-0.096985 -4.002056 -2.006936 -1.933551 -1.703202 3.707713 0.530854 0.022674 -1.000000 
-0.128968 -3.993299 -2.021872 -1.800893 -1.673547 3.705498 0.531030 0.021547 -1.000000 
-0.160873 -3.982649 -2.035754 -1.669886 -1.643923 3.699884 0.531199 0.020486 -1.000000 
-0.192685 -3.970192 -2.048595 -1.540631 -1.614358 3.690950 0.531358 0.019484 -1.000000 
-0.224391 -3.956015 -2.060409 -1.413220 -1.584877 3.678780 0.531510 0.018537 -1.000000 
-0.255977 -3.940204 -2.071212 -1.287739 -1.555506 3.663458 0.531655 0.017642 -1.000000 
-0.287431 -3.922847 -2.081018 -1.164266 -1.526270 3.645071 0.531793 0.016795 -1.000000 
-0.318739 -3.904030 -2.089846 -1.042873 -1.497193 3.623709 0.531924 0.015993 -1.000000 
-0.349891 -3.883837 -2.097710 -0.923623 -1.468298 3.599461 0.532049 0.015231 -1.000000 
-0.380877 -3.862353 -2.104629 -0.806573 -1.439609 3.572418 0.532168 0.014509 -1.000000 
-0.411686 -3.839661 -2.110621 -0.691775 -1.411147 3.542672 0.532281 0.013822 -1.000000 
-0.442309 -3.815842 -2.115704 -0.579272 -1.382933 3.510316 0.532389 0.013168 -1.000000 
-0.472736 -3.790978 -2.119896 -0.469100 -1.354988 3.475440 0.532492 0.012546 -1.000000 
0.000000 0.000000 0.000000 0.000000 0.000000 0.000000 0.000000 0.000000 0.000000 
