-0.392634 -0.070451 0.070426 -0.597778 -1.703355 -0.001628 0.216617 0.112275 1.000000 
-0.393118 -0.050447 0.065634 -0.600217 -1.703382 -0.005085 0.217516 0.112309 1.000000 
-0.393441 -0.030421 0.060823 -0.602413 -1.703436 -0.008533 0.218415 0.112432 1.000000 
-0.393604 -0.010380 0.055996 -0.604366 -1.703518 -0.011966 0.219315 0.112645 1.000000 
-0.393607 0.009670 0.051154 -0.606074 -1.703628 -0.015379 0.220217 0.112948 1.000000 
-0.393450 0.029722 0.046299 -0.607536 -1.703764 -0.018767 0.221122 0.113343 1.000000 
-0.393132 0.049767 0.041434 -0.608752 -1.703928 -0.022123 0.222031 0.113830 1.000000 
-0.392653 0.069800 0.036560 -0.609721 -1.704118 -0.025443 0.222944 0.114412 1.000000 
-0.392015 0.089813 0.031679 -0.610442 -1.704335 -0.028722 0.223862 0.115089 1.000000 
-0.391217 0.109799 0.026793 -0.610914 -1.704578 -0.031953 0.224785 0.115864 1.000000 
-0.390258 0.129750 0.021905 -0.611137 -1.704846 -0.035132 0.225716 0.116739 1.000000 
-0.389141 0.149661 0.017016 -0.611111 -1.705140 -0.038254 0.226654 0.117716 1.000000 
-0.387864 0.169522 0.012128 -0.610835 -1.705458 -0.041313 0.227600 0.118797 1.000000 
-0.386428 0.189328 0.007243 -0.610308 -1.705800 -0.044305 0.228555 0.119986 1.000000 
-0.384835 0.209070 0.002364 -0.609531 -1.706167 -0.047224 0.229520 0.121287 1.000000 
-0.383084 0.228742 -0.002509 -0.608502 -1.706556 -0.050066 0.230495 0.122701 1.000000 
-0.381175 0.248336 -0.007372 -0.607222 -1.706967 -0.052827 0.231483 0.124234 1.000000 
-0.379110 0.267844 -0.012224 -0.605692 -1.707401 -0.055500 0.232484 0.125889 1.000000 
-0.376890 0.287260 -0.017062 -0.603909 -1.707855 -0.058083 0.233498 0.127672 1.000000 
-0.374514 0.306576 -0.021885 -0.601876 -1.708330 -0.060571 0.234527 0.129586 1.000000 
-0.371985 0.325783 -0.026692 -0.599591 -1.708824 -0.062959 0.235571 0.131636 1.000000 
-0.369302 0.344876 -0.031478 -0.597055 -1.709337 -0.065244 0.236633 0.133830 1.000000 
-0.366467 0.363846 -0.036244 -0.594268 -1.709868 -0.067422 0.237713 0.136172 1.000000 
-0.363481 0.382685 -0.040986 -0.591230 -1.710415 -0.069488 0.238812 0.138668 1.000000 
-0.360345 0.401386 -0.045703 -0.587943 -1.710979 -0.071440 0.239932 0.141327 1.000000 
-0.357059 0.419942 -0.050392 -0.584406 -1.711558 -0.073273 0.241074 0.144154 1.000000 
-0.353626 0.438343 -0.055053 -0.580620 -1.712151 -0.074986 0.242239 0.147158 1.000000 
-0.350046 0.456584 -0.059682 -0.576585 -1.712758 -0.076573 0.243429 0.150347 1.000000 
-0.346321 0.474656 -0.064277 -0.572303 -1.713376 -0.078034 0.244645 0.153730 1.000000 
-0.342452 0.492551 -0.068838 -0.567774 -1.714006 -0.079365 0.245889 0.157315 1.000000 
-0.338441 0.510261 -0.073361 -0.563000 -1.714646 -0.080563 0.247163 0.161113 1.000000 
-0.334289 0.527779 -0.077845 -0.557981 -1.715294 -0.081626 0.248468 0.165134 1.000000 
-0.329997 0.545096 -0.082288 -0.552718 -1.715951 -0.082553 0.249806 0.169389 1.000000 
-0.325568 0.562206 -0.086688 -0.547213 -1.716615 -0.083341 0.251179 0.173888 1.000000 
-0.321002 0.579100 -0.091043 -0.541467 -1.717284 -0.083988 0.252589 0.178644 1.000000 
-0.316303 0.595769 -0.095351 -0.535482 -1.717958 -0.084494 0.254038 0.183668 1.000000 
-0.311470 0.612207 -0.099610 -0.529259 -1.718636 -0.084856 0.255528 0.188974 1.000000 
-0.306508 0.628406 -0.103818 -0.522800 -1.719316 -0.085074 0.257062 0.194575 1.000000 
-0.301417 0.644357 -0.107974 -0.516107 -1.719997 -0.085147 0.258642 0.200485 1.000000 
-0.296199 0.660053 -0.112075 -0.509182 -1.720678 -0.085075 0.260271 0.206716 1.000000 
-0.290857 0.675486 -0.116120 -0.502026 -1.721357 -0.084856 0.261950 0.213283 1.000000 
-0.285392 0.690648 -0.120107 -0.494642 -1.722035 -0.084492 0.263684 0.220200 1.000000 
-0.279807 0.705531 -0.124034 -0.487033 -1.722709 -0.083981 0.265475 0.227481 1.000000 
-0.274104 0.720128 -0.127899 -0.479200 -1.723378 -0.083325 0.267325 0.235140 1.000000 
-0.268286 0.734431 -0.131701 -0.471146 -1.724042 -0.082524 0.269238 0.243191 1.000000 
-0.262354 0.748432 -0.135437 -0.462874 -1.724698 -0.081578 0.271217 0.251645 1.000000 
-0.256312 0.762124 -0.139106 -0.454388 -1.725347 -0.080488 0.273265 0.260515 1.000000 
-0.250161 0.775498 -0.142706 -0.445688 -1.725986 -0.079256 0.275386 0.269810 1.000000 
-0.243904 0.788549 -0.146237 -0.436780 -1.726614 -0.077883 0.277583 0.279540 1.000000 
-0.237545 0.801267 -0.149694 -0.427666 -1.727231 -0.076371 0.279860 0.289711 1.000000 
-0.231085 0.813646 -0.153079 -0.418349 -1.727836 -0.074722 0.282220 0.300327 1.000000 
-0.224528 0.825679 -0.156387 -0.408832 -1.728427 -0.072937 0.284666 0.311388 1.000000 
-0.217875 0.837357 -0.159619 -0.399121 -1.729002 -0.071019 0.287203 0.322890 1.000000 
-0.211131 0.848675 -0.162773 -0.389217 -1.729562 -0.068971 0.289834 0.334825 1.000000 
-0.204297 0.859625 -0.165846 -0.379125 -1.730106 -0.066794 0.292562 0.347180 1.000000 
-0.197378 0.870200 -0.168838 -0.368850 -1.730631 -0.064493 0.295390 0.359935 1.000000 
-0.190375 0.880394 -0.171748 -0.358394 -1.731137 -0.062070 0.298322 0.373063 1.000000 
-0.183292 0.890199 -0.174572 -0.347763 -1.731624 -0.059529 0.301360 0.386529 1.000000 
-0.176133 0.899609 -0.177311 -0.336961 -1.732089 -0.056872 0.304507 0.400289 1.000000 
-0.168900 0.908618 -0.179963 -0.325993 -1.732533 -0.054104 0.307765 0.414291 1.000000 
-0.161596 0.917218 -0.182527 -0.314862 -1.732955 -0.051229 0.311136 0.428471 1.000000 
-0.154225 0.925405 -0.185001 -0.303575 -1.733353 -0.048251 0.314621 0.442755 1.000000 
-0.146791 0.933172 -0.187384 -0.292135 -1.733726 -0.045174 0.318220 0.457058 1.000000 
-0.139296 0.940513 -0.189674 -0.280549 -1.734075 -0.042003 0.321934 0.471284 1.000000 
-0.131744 0.947423 -0.191872 -0.268821 -1.734398 -0.038742 0.325760 0.485327 1.000000 
-0.124138 0.953895 -0.193975 -0.256956 -1.734695 -0.035397 0.329698 0.499069 1.000000 
-0.116483 0.959924 -0.195983 -0.244961 -1.734964 -0.031972 0.333744 0.512386 1.000000 
-0.108781 0.965506 -0.197894 -0.232841 -1.735206 -0.028473 0.337895 0.525144 1.000000 
-0.101036 0.970635 -0.199708 -0.220602 -1.735420 -0.024905 0.342145 0.537205 1.000000 
-0.093252 0.975306 -0.201423 -0.208249 -1.735605 -0.021274 0.346488 0.548430 1.000000 
-0.085432 0.979515 -0.203040 -0.195789 -1.735760 -0.017586 0.350917 0.558679 1.000000 
-0.077581 0.983258 -0.204556 -0.183228 -1.735886 -0.013847 0.355424 0.567815 1.000000 
-0.069701 0.986530 -0.205971 -0.170573 -1.735981 -0.010063 0.359999 0.575713 1.000000 
-0.061797 0.989327 -0.207285 -0.157830 -1.736047 -0.006241 0.364631 0.582255 1.000000 
-0.053873 0.991646 -0.208496 -0.145005 -1.736081 -0.002387 0.369311 0.587340 1.000000 
-0.045932 0.993484 -0.209605 -0.132105 -1.736085 0.001491 0.374025 0.590887 1.000000 
-0.037979 0.994838 -0.210610 -0.119138 -1.736057 0.005388 0.378761 0.592834 1.000000 
-0.030016 0.995704 -0.211511 -0.106110 -1.735999 0.009295 0.383506 0.593144 1.000000 
-0.022049 0.996082 -0.212307 -0.093029 -1.735909 0.013205 0.388247 0.591806 1.000000 
-0.014080 0.995967 -0.212999 -0.079901 -1.735787 0.017111 0.392970 0.588834 1.000000 
-0.006115 0.995360 -0.213586 -0.066735 -1.735635 0.021005 0.397664 0.584268 1.000000 
0.001844 0.994258 -0.214067 -0.053537 -1.735451 0.024881 0.402314 0.578170 1.000000 
0.009792 0.992661 -0.214442 -0.040314 -1.735237 0.028729 0.406911 0.570627 1.000000 
0.017725 0.990569 -0.214712 -0.027076 -1.734992 0.032542 0.411441 0.561743 1.000000 
0.025640 0.987980 -0.214875 -0.013828 -1.734716 0.036313 0.415895 0.551639 1.000000 
0.033532 0.984895 -0.214933 -0.000579 -1.734411 0.040034 0.420264 0.540446 1.000000 
0.041397 0.981315 -0.214885 0.012663 -1.734076 0.043697 0.424540 0.528305 1.000000 
0.049231 0.977241 -0.214730 0.025891 -1.733712 0.047293 0.428715 0.515360 1.000000 
0.057031 0.972675 -0.214470 0.039098 -1.733319 0.050817 0.432784 0.501757 1.000000 
0.064793 0.967617 -0.214105 0.052274 -1.732899 0.054259 0.436742 0.487638 1.000000 
0.072512 0.962071 -0.213634 0.065413 -1.732451 0.057613 0.440585 0.473139 1.000000 
0.080185 0.956039 -0.213058 0.078508 -1.731977 0.060871 0.444311 0.458391 1.000000 
0.087807 0.949524 -0.212378 0.091549 -1.731478 0.064026 0.447919 0.443513 1.000000 
0.095376 0.942529 -0.211594 0.104531 -1.730953 0.067071 0.451407 0.428614 1.000000 
0.102887 0.935058 -0.210706 0.117445 -1.730405 0.070000 0.454777 0.413792 1.000000 
0.110336 0.927116 -0.209715 0.130283 -1.729834 0.072806 0.458029 0.399132 1.000000 
0.117719 0.918706 -0.208622 0.143039 -1.729240 0.075482 0.461164 0.384709 1.000000 
0.125034 0.909834 -0.207426 0.155705 -1.728626 0.078022 0.464185 0.370586 1.000000 
0.132275 0.900505 -0.206130 0.168274 -1.727992 0.080422 0.467094 0.356814 1.000000 
0.139441 0.890724 -0.204734 0.180739 -1.727340 0.082674 0.469895 0.343436 1.000000 
0.146526 0.880498 -0.203239 0.193092 -1.726670 0.084775 0.472590 0.330483 1.000000 
0.153527 0.869832 -0.201645 0.205328 -1.725984 0.086719 0.475184 0.317981 1.000000 
0.160442 0.858732 -0.199954 0.217439 -1.725283 0.088502 0.477679 0.305946 1.000000 
0.167266 0.847206 -0.198167 0.229418 -1.724568 0.090120 0.480080 0.294389 1.000000 
0.173996 0.835261 -0.196284 0.241260 -1.723842 0.091569 0.482391 0.283316 1.000000 
0.180629 0.822903 -0.194307 0.252957 -1.723104 0.092845 0.484614 0.272726 1.000000 
0.187161 0.810140 -0.192237 0.264504 -1.722356 0.093945 0.486755 0.262616 1.000000 
0.193590 0.796980 -0.190075 0.275895 -1.721601 0.094868 0.488818 0.252979 1.000000 
0.199912 0.783430 -0.187823 0.287123 -1.720839 0.095609 0.490804 0.243806 1.000000 
0.206124 0.769499 -0.185482 0.298184 -1.720072 0.096168 0.492720 0.235086 1.000000 
0.212223 0.755195 -0.183052 0.309070 -1.719301 0.096543 0.494567 0.226804 1.000000 
0.218206 0.740526 -0.180537 0.319778 -1.718528 0.096732 0.496350 0.218948 1.000000 
0.224070 0.725500 -0.177937 0.330301 -1.717754 0.096736 0.498071 0.211503 1.000000 
0.229813 0.710127 -0.175253 0.340635 -1.716980 0.096553 0.499735 0.204451 1.000000 
0.235432 0.694415 -0.172487 0.350775 -1.716209 0.096184 0.501343 0.197779 1.000000 
0.240923 0.678374 -0.169641 0.360716 -1.715442 0.095629 0.502900 0.191470 1.000000 
0.246285 0.662011 -0.166716 0.370452 -1.714680 0.094888 0.504408 0.185508 1.000000 
0.251514 0.645336 -0.163714 0.379981 -1.713924 0.093964 0.505869 0.179879 1.000000 
0.256609 0.628359 -0.160637 0.389297 -1.713177 0.092857 0.507287 0.174566 1.000000 
0.261567 0.611088 -0.157486 0.398396 -1.712439 0.091569 0.508663 0.169556 1.000000 
0.266386 0.593533 -0.154263 0.407275 -1.711712 0.090104 0.510000 0.164834 1.000000 
0.271063 0.575703 -0.150970 0.415929 -1.710998 0.088463 0.511301 0.160387 1.000000 
0.275596 0.557608 -0.147609 0.424355 -1.710297 0.086650 0.512567 0.156202 1.000000 
0.279984 0.539256 -0.144181 0.432550 -1.709612 0.084668 0.513801 0.152266 1.000000 
0.284224 0.520658 -0.140689 0.440509 -1.708943 0.082520 0.515004 0.148568 1.000000 
0.288314 0.501822 -0.137134 0.448229 -1.708292 0.080212 0.516179 0.145097 1.000000 
0.292252 0.482758 -0.133518 0.455708 -1.707660 0.077747 0.517326 0.141843 1.000000 
0.296038 0.463476 -0.129843 0.462943 -1.707048 0.075129 0.518449 0.138795 1.000000 
0.299668 0.443984 -0.126111 0.469930 -1.706458 0.072365 0.519548 0.135945 1.000000 
0.303141 0.424293 -0.122325 0.476667 -1.705891 0.069460 0.520624 0.133283 1.000000 
0.306456 0.404412 -0.118485 0.483151 -1.705347 0.066419 0.521681 0.130803 1.000000 
0.309611 0.384349 -0.114595 0.489380 -1.704829 0.063248 0.522718 0.128495 1.000000 
0.312605 0.364115 -0.110656 0.495351 -1.704336 0.059953 0.523737 0.126354 1.000000 
0.315436 0.343719 -0.106670 0.501063 -1.703870 0.056540 0.524740 0.124373 1.000000 
0.318104 0.323170 -0.102640 0.506512 -1.703431 0.053018 0.525727 0.122546 1.000000 
0.320607 0.302477 -0.098566 0.511697 -1.703022 0.049391 0.526701 0.120867 1.000000 
0.322943 0.281650 -0.094453 0.516616 -1.702641 0.045668 0.527662 0.119332 1.000000 
0.325113 0.260697 -0.090301 0.521267 -1.702291 0.041856 0.528611 0.117937 1.000000 
0.327114 0.239629 -0.086114 0.525648 -1.701972 0.037962 0.529549 0.116676 1.000000 
0.328946 0.218454 -0.081892 0.529758 -1.701684 0.033994 0.530478 0.115547 1.000000 
0.330609 0.197182 -0.077638 0.533594 -1.701428 0.029960 0.531398 0.114546 1.000000 
0.332101 0.175821 -0.073355 0.537156 -1.701205 0.025867 0.532311 0.113671 1.000000 
0.333422 0.154382 -0.069044 0.540442 -1.701014 0.021725 0.533217 0.112918 1.000000 
0.334571 0.132872 -0.064709 0.543451 -1.700857 0.017540 0.534118 0.112287 1.000000 
0.335548 0.111302 -0.060350 0.546181 -1.700734 0.013323 0.535014 0.111775 1.000000 
0.336352 0.089680 -0.055970 0.548631 -1.700644 0.009079 0.535907 0.111381 1.000000 
0.336983 0.068016 -0.051573 0.550800 -1.700589 0.004820 0.536796 0.111105 1.000000 
0.337440 0.046319 -0.047158 0.552686 -1.700567 0.000552 0.537685 0.110945 1.000000 
0.337724 0.024598 -0.042730 0.554290 -1.700580 -0.003716 0.538572 0.110902 1.000000 
0.337833 0.002862 -0.038291 0.555610 -1.700627 -0.007975 0.539459 0.110976 1.000000 
0.337769 -0.018880 -0.033841 0.556645 -1.700707 -0.012216 0.540348 0.111167 1.000000 
0.337531 -0.040618 -0.029385 0.557394 -1.700822 -0.016431 0.541238 0.111476 1.000000 
0.337120 -0.062342 -0.024924 0.557856 -1.700970 -0.020612 0.542132 0.111906 1.000000 
0.336534 -0.084044 -0.020460 0.558032 -1.701152 -0.024750 0.543029 0.112457 1.000000 
0.335775 -0.105715 -0.015996 0.557920 -1.701366 -0.028836 0.543931 0.113132 1.000000 
0.334843 -0.127344 -0.011534 0.557520 -1.701613 -0.032863 0.544840 0.113934 1.000000 
0.333738 -0.148922 -0.007076 0.556831 -1.701892 -0.036821 0.545755 0.114866 1.000000 
0.332460 -0.170440 -0.002626 0.555853 -1.702202 -0.040704 0.546678 0.115930 1.000000 
0.331011 -0.191888 0.001816 0.554587 -1.702543 -0.044502 0.547610 0.117132 1.000000 
0.329390 -0.213256 0.006247 0.553030 -1.702914 -0.048209 0.548552 0.118476 1.000000 
0.327599 -0.234536 0.010664 0.551185 -1.703314 -0.051816 0.549506 0.119967 1.000000 
0.325638 -0.255716 0.015065 0.549049 -1.703742 -0.055315 0.550472 0.121610 1.000000 
0.323508 -0.276787 0.019448 0.546624 -1.704198 -0.058701 0.551452 0.123412 1.000000 
0.321209 -0.297739 0.023810 0.543910 -1.704681 -0.061964 0.552447 0.125379 1.000000 
0.318744 -0.318562 0.028150 0.540907 -1.705190 -0.065099 0.553459 0.127520 1.000000 
0.316113 -0.339246 0.032464 0.537615 -1.705722 -0.068099 0.554488 0.129842 1.000000 
0.313317 -0.359780 0.036751 0.534035 -1.706279 -0.070956 0.555537 0.132355 1.000000 
0.310357 -0.380155 0.041008 0.530167 -1.706857 -0.073666 0.556606 0.135067 1.000000 
0.307235 -0.400360 0.045233 0.526012 -1.707457 -0.076222 0.557698 0.137991 1.000000 
0.303952 -0.420385 0.049423 0.521571 -1.708076 -0.078618 0.558815 0.141136 1.000000 
0.300509 -0.440219 0.053577 0.516845 -1.708714 -0.080850 0.559957 0.144516 1.000000 
0.296909 -0.459852 0.057692 0.511835 -1.709370 -0.082911 0.561128 0.148145 1.000000 
0.293152 -0.479272 0.061766 0.506542 -1.710041 -0.084797 0.562328 0.152035 1.000000 
0.289241 -0.498470 0.065796 0.500967 -1.710726 -0.086505 0.563561 0.156204 1.000000 
0.285177 -0.517434 0.069781 0.495112 -1.711424 -0.088028 0.564828 0.160667 1.000000 
0.280963 -0.536154 0.073717 0.488978 -1.712134 -0.089365 0.566132 0.165443 1.000000 
0.276599 -0.554619 0.077604 0.482568 -1.712854 -0.090511 0.567476 0.170551 1.000000 
0.272089 -0.572818 0.081437 0.475883 -1.713582 -0.091463 0.568862 0.176011 1.000000 
0.267435 -0.590739 0.085217 0.468925 -1.714316 -0.092219 0.570293 0.181846 1.000000 
0.262638 -0.608373 0.088940 0.461697 -1.715057 -0.092777 0.571773 0.188077 1.000000 
0.257702 -0.625707 0.092603 0.454201 -1.715800 -0.093133 0.573304 0.194731 1.000000 
0.252628 -0.642731 0.096206 0.446440 -1.716546 -0.093288 0.574890 0.201831 1.000000 
0.247419 -0.659435 0.099746 0.438416 -1.717292 -0.093239 0.576534 0.209406 1.000000 
0.242078 -0.675805 0.103220 0.430133 -1.718037 -0.092985 0.578241 0.217484 1.000000 
0.236607 -0.691833 0.106627 0.421594 -1.718780 -0.092527 0.580015 0.226093 1.000000 
0.231009 -0.707506 0.109965 0.412801 -1.719517 -0.091865 0.581860 0.235263 1.000000 
0.225288 -0.722814 0.113231 0.403760 -1.720249 -0.090998 0.583781 0.245025 1.000000 
0.219445 -0.737746 0.116424 0.394472 -1.720973 -0.089927 0.585783 0.255409 1.000000 
0.213485 -0.752291 0.119542 0.384944 -1.721687 -0.088654 0.587869 0.266445 1.000000 
0.207410 -0.766437 0.122583 0.375177 -1.722391 -0.087180 0.590047 0.278162 1.000000 
0.201223 -0.780175 0.125544 0.365178 -1.723081 -0.085506 0.592322 0.290587 1.000000 
0.194928 -0.793493 0.128425 0.354950 -1.723758 -0.083636 0.594699 0.303744 1.000000 
0.188528 -0.806381 0.131223 0.344499 -1.724419 -0.081572 0.597184 0.317653 1.000000 
0.182027 -0.818829 0.133936 0.333828 -1.725063 -0.079317 0.599783 0.332330 1.000000 
0.175428 -0.830825 0.136564 0.322945 -1.725688 -0.076874 0.602503 0.347781 1.000000 
0.168735 -0.842361 0.139103 0.311853 -1.726292 -0.074247 0.605350 0.364006 1.000000 
0.161952 -0.853424 0.141553 0.300558 -1.726875 -0.071441 0.608329 0.380993 1.000000 
0.155082 -0.864006 0.143911 0.289068 -1.727435 -0.068459 0.611448 0.398717 1.000000 
0.148129 -0.874097 0.146177 0.277386 -1.727970 -0.065307 0.614711 0.417135 1.000000 
0.141097 -0.883687 0.148349 0.265520 -1.728479 -0.061989 0.618124 0.436188 1.000000 
0.133991 -0.892766 0.150425 0.253477 -1.728962 -0.058512 0.621691 0.455795 1.000000 
0.126815 -0.901325 0.152404 0.241262 -1.729415 -0.054881 0.625417 0.475850 1.000000 
0.119571 -0.909355 0.154285 0.228883 -1.729839 -0.051103 0.629306 0.496221 1.000000 
0.112266 -0.916847 0.156066 0.216348 -1.730232 -0.047183 0.633357 0.516749 1.000000 
0.104903 -0.923792 0.157746 0.203662 -1.730594 -0.043130 0.637573 0.537246 1.000000 
0.097487 -0.930182 0.159324 0.190835 -1.730922 -0.038950 0.641953 0.557494 1.000000 
0.090022 -0.936008 0.160799 0.177874 -1.731217 -0.034651 0.646492 0.577249 1.000000 
0.082512 -0.941263 0.162170 0.164787 -1.731476 -0.030242 0.651187 0.596242 1.000000 
0.074963 -0.945939 0.163435 0.151582 -1.731700 -0.025730 0.656029 0.614185 1.000000 
0.067379 -0.950028 0.164595 0.138268 -1.731888 -0.021125 0.661010 0.630780 1.000000 
0.059764 -0.953524 0.165647 0.124855 -1.732038 -0.016435 0.666117 0.645725 1.000000 
0.052124 -0.956419 0.166592 0.111350 -1.732151 -0.011672 0.671336 0.658725 1.000000 
0.044463 -0.958709 0.167429 0.097764 -1.732225 -0.006845 0.676651 0.669506 1.000000 
0.036787 -0.960386 0.168156 0.084106 -1.732260 -0.001964 0.682042 0.677824 1.000000 
0.029099 -0.961446 0.168774 0.070387 -1.732256 0.002959 0.687489 0.683481 1.000000 
0.021405 -0.961884 0.169282 0.056615 -1.732212 0.007912 0.692970 0.686330 1.000000 
0.013710 -0.961696 0.169680 0.042803 -1.732129 0.012884 0.698463 0.686287 1.000000 
0.006020 -0.960878 0.169967 0.028959 -1.732006 0.017863 0.703943 0.683336 1.000000 
-0.001662 -0.959427 0.170143 0.015096 -1.731843 0.022835 0.709388 0.677528 1.000000 
-0.009330 -0.957342 0.170209 0.001223 -1.731641 0.027788 0.714776 0.668978 1.000000 
-0.016978 -0.954620 0.170163 -0.012647 -1.731399 0.032708 0.720085 0.657865 1.000000 
-0.024602 -0.951260 0.170006 -0.026505 -1.731118 0.037583 0.725296 0.644416 1.000000 
-0.032196 -0.947264 0.169739 -0.040337 -1.730798 0.042398 0.730390 0.628901 1.000000 
-0.039756 -0.942631 0.169361 -0.054134 -1.730440 0.047140 0.735353 0.611614 1.000000 
-0.047277 -0.937363 0.168873 -0.067884 -1.730044 0.051795 0.740172 0.592869 1.000000 
-0.054752 -0.931462 0.168275 -0.081575 -1.729611 0.056351 0.744836 0.572980 1.000000 
-0.062178 -0.924931 0.167568 -0.095196 -1.729142 0.060792 0.749338 0.552255 1.000000 
-0.069550 -0.917775 0.166752 -0.108736 -1.728639 0.065107 0.753671 0.530984 1.000000 
-0.076861 -0.909998 0.165828 -0.122184 -1.728101 0.069282 0.757833 0.509437 1.000000 
-0.084108 -0.901605 0.164797 -0.135528 -1.727531 0.073304 0.761822 0.487854 1.000000 
-0.091285 -0.892602 0.163660 -0.148759 -1.726929 0.077162 0.765639 0.466445 1.000000 
-0.098388 -0.882997 0.162418 -0.161865 -1.726297 0.080844 0.769286 0.445387 1.000000 
-0.105412 -0.872796 0.161071 -0.174835 -1.725636 0.084338 0.772766 0.424830 1.000000 
-0.112351 -0.862008 0.159621 -0.187659 -1.724948 0.087633 0.776085 0.404890 1.000000 
-0.119202 -0.850643 0.158069 -0.200328 -1.724234 0.090719 0.779246 0.385658 1.000000 
-0.125960 -0.838708 0.156416 -0.212831 -1.723497 0.093587 0.782257 0.367200 1.000000 
-0.132620 -0.826215 0.154664 -0.225159 -1.722737 0.096227 0.785124 0.349562 1.000000 
-0.139178 -0.813173 0.152814 -0.237303 -1.721958 0.098632 0.787853 0.332771 1.000000 
-0.145629 -0.799595 0.150867 -0.249252 -1.721160 0.100792 0.790450 0.316837 1.000000 
-0.151970 -0.785490 0.148826 -0.261000 -1.720346 0.102703 0.792924 0.301759 1.000000 
-0.158196 -0.770872 0.146692 -0.272536 -1.719517 0.104356 0.795281 0.287527 1.000000 
-0.164303 -0.755753 0.144466 -0.283854 -1.718677 0.105747 0.797527 0.274120 1.000000 
-0.170287 -0.740145 0.142151 -0.294945 -1.717826 0.106871 0.799669 0.261515 1.000000 
-0.176144 -0.724061 0.139748 -0.305801 -1.716968 0.107725 0.801713 0.249681 1.000000 
-0.181870 -0.707515 0.137259 -0.316416 -1.716103 0.108304 0.803666 0.238587 1.000000 
-0.187463 -0.690520 0.134686 -0.326782 -1.715235 0.108607 0.805533 0.228198 1.000000 
-0.192917 -0.673089 0.132031 -0.336892 -1.714366 0.108631 0.807319 0.218480 1.000000 
-0.198231 -0.655238 0.129296 -0.346742 -1.713498 0.108377 0.809030 0.209397 1.000000 
-0.203400 -0.636979 0.126484 -0.356323 -1.712633 0.107845 0.810671 0.200914 1.000000 
-0.208422 -0.618328 0.123596 -0.365632 -1.711773 0.107034 0.812246 0.192997 1.000000 
-0.213292 -0.599298 0.120634 -0.374662 -1.710921 0.105947 0.813760 0.185613 1.000000 
-0.218009 -0.579903 0.117602 -0.383408 -1.710079 0.104586 0.815217 0.178732 1.000000 
-0.222570 -0.560159 0.114501 -0.391866 -1.709249 0.102954 0.816621 0.172322 1.000000 
-0.226971 -0.540079 0.111333 -0.400030 -1.708432 0.101056 0.817975 0.166356 1.000000 
-0.231210 -0.519679 0.108101 -0.407898 -1.707632 0.098895 0.819284 0.160806 1.000000 
-0.235285 -0.498971 0.104807 -0.415464 -1.706851 0.096477 0.820549 0.155648 1.000000 
-0.239193 -0.477972 0.101454 -0.422725 -1.706089 0.093809 0.821775 0.150857 1.000000 
-0.242932 -0.456694 0.098045 -0.429678 -1.705350 0.090896 0.822964 0.146413 1.000000 
-0.246499 -0.435153 0.094580 -0.436319 -1.704636 0.087747 0.824119 0.142294 1.000000 
-0.249894 -0.413362 0.091064 -0.442646 -1.703947 0.084369 0.825242 0.138482 1.000000 
-0.253113 -0.391336 0.087499 -0.448654 -1.703286 0.080772 0.826335 0.134960 1.000000 
-0.256154 -0.369088 0.083887 -0.454343 -1.702655 0.076964 0.827402 0.131711 1.000000 
-0.259018 -0.346632 0.080230 -0.459709 -1.702055 0.072956 0.828443 0.128721 1.000000 
-0.261700 -0.323982 0.076532 -0.464750 -1.701488 0.068757 0.829462 0.125977 1.000000 
-0.264201 -0.301151 0.072795 -0.469464 -1.700956 0.064379 0.830460 0.123466 1.000000 
-0.266518 -0.278154 0.069022 -0.473850 -1.700459 0.059833 0.831438 0.121177 1.000000 
-0.268651 -0.255003 0.065214 -0.477904 -1.699999 0.055131 0.832399 0.119100 1.000000 
-0.270598 -0.231712 0.061376 -0.481627 -1.699577 0.050286 0.833344 0.117227 1.000000 
-0.272358 -0.208294 0.057509 -0.485016 -1.699195 0.045310 0.834275 0.115548 1.000000 
-0.273930 -0.184762 0.053617 -0.488070 -1.698853 0.040215 0.835193 0.114058 1.000000 
-0.275314 -0.161128 0.049701 -0.490788 -1.698552 0.035017 0.836100 0.112750 1.000000 
-0.276508 -0.137407 0.045765 -0.493168 -1.698292 0.029727 0.836998 0.111618 1.000000 
-0.277512 -0.113610 0.041811 -0.495209 -1.698076 0.024361 0.837887 0.110658 1.000000 
-0.278326 -0.089751 0.037843 -0.496911 -1.697903 0.018932 0.838769 0.109867 1.000000 
-0.278948 -0.065842 0.033862 -0.498273 -1.697773 0.013455 0.839645 0.109241 1.000000 
-0.279379 -0.041897 0.029871 -0.499294 -1.697688 0.007943 0.840517 0.108778 1.000000 
-0.279618 -0.017927 0.025874 -0.499973 -1.697646 0.002413 0.841386 0.108476 1.000000 
-0.279666 0.006055 0.021872 -0.500309 -1.697649 -0.003121 0.842253 0.108336 1.000000 
-0.279521 0.030035 0.017870 -0.500302 -1.697696 -0.008646 0.843120 0.108357 1.000000 
-0.279185 0.054001 0.013869 -0.499952 -1.697787 -0.014145 0.843987 0.108539 1.000000 
-0.278657 0.077940 0.009872 -0.499258 -1.697922 -0.019604 0.844857 0.108886 1.000000 
-0.277938 0.101839 0.005881 -0.498219 -1.698101 -0.025008 0.845730 0.109398 1.000000 
-0.277028 0.125686 0.001901 -0.496837 -1.698322 -0.030343 0.846608 0.110079 1.000000 
-0.275927 0.149466 -0.002067 -0.495109 -1.698586 -0.035594 0.847492 0.110934 1.000000 
-0.274637 0.173168 -0.006020 -0.493037 -1.698892 -0.040747 0.848383 0.111967 1.000000 
-0.273157 0.196777 -0.009955 -0.490620 -1.699238 -0.045788 0.849284 0.113184 1.000000 
-0.271489 0.220280 -0.013869 -0.487859 -1.699624 -0.050703 0.850195 0.114592 1.000000 
-0.269633 0.243664 -0.017760 -0.484753 -1.700049 -0.055477 0.851118 0.116199 1.000000 
-0.267590 0.266914 -0.021624 -0.481303 -1.700511 -0.060099 0.852054 0.118015 1.000000 
-0.265363 0.290017 -0.025460 -0.477510 -1.701010 -0.064554 0.853006 0.120049 1.000000 
-0.262951 0.312959 -0.029263 -0.473373 -1.701543 -0.068831 0.853976 0.122313 1.000000 
-0.260356 0.335724 -0.033033 -0.468895 -1.702111 -0.072916 0.854964 0.124821 1.000000 
-0.257580 0.358300 -0.036765 -0.464075 -1.702710 -0.076799 0.855974 0.127587 1.000000 
-0.254624 0.380670 -0.040457 -0.458914 -1.703339 -0.080467 0.857006 0.130627 1.000000 
-0.251489 0.402821 -0.044106 -0.453415 -1.703996 -0.083911 0.858064 0.133959 1.000000 
-0.248179 0.424736 -0.047711 -0.447578 -1.704681 -0.087119 0.859150 0.137604 1.000000 
-0.244694 0.446400 -0.051267 -0.441405 -1.705390 -0.090083 0.860267 0.141584 1.000000 
-0.241037 0.467799 -0.054772 -0.434897 -1.706121 -0.092792 0.861417 0.145923 1.000000 
-0.237210 0.488915 -0.058224 -0.428057 -1.706874 -0.095239 0.862603 0.150649 1.000000 
-0.233215 0.509734 -0.061620 -0.420888 -1.707644 -0.097414 0.863828 0.155790 1.000000 
-0.229055 0.530238 -0.064958 -0.413391 -1.708432 -0.099312 0.865097 0.161381 1.000000 
-0.224733 0.550413 -0.068234 -0.405569 -1.709233 -0.100926 0.866412 0.167458 1.000000 
-0.220250 0.570240 -0.071446 -0.397425 -1.710046 -0.102249 0.867777 0.174059 1.000000 
-0.215610 0.589704 -0.074592 -0.388963 -1.710868 -0.103276 0.869198 0.181229 1.000000 
-0.210815 0.608787 -0.077668 -0.380186 -1.711697 -0.104004 0.870679 0.189014 1.000000 
-0.205870 0.627473 -0.080674 -0.371099 -1.712531 -0.104427 0.872224 0.197467 1.000000 
-0.200777 0.645745 -0.083605 -0.361704 -1.713367 -0.104544 0.873840 0.206644 1.000000 
-0.195539 0.663585 -0.086460 -0.352008 -1.714203 -0.104351 0.875532 0.216604 1.000000 
-0.190161 0.680976 -0.089236 -0.342015 -1.715036 -0.103848 0.877308 0.227414 1.000000 
-0.184645 0.697902 -0.091932 -0.331729 -1.715864 -0.103034 0.879173 0.239142 1.000000 
-0.178996 0.714345 -0.094543 -0.321157 -1.716684 -0.101908 0.881137 0.251863 1.000000 
-0.173217 0.730287 -0.097069 -0.310305 -1.717493 -0.100472 0.883206 0.265653 1.000000 
-0.167312 0.745711 -0.099508 -0.299178 -1.718290 -0.098727 0.885390 0.280594 1.000000 
-0.161287 0.760601 -0.101856 -0.287783 -1.719072 -0.096676 0.887699 0.296766 1.000000 
-0.155144 0.774938 -0.104111 -0.276128 -1.719836 -0.094321 0.890142 0.314253 1.000000 
-0.148889 0.788706 -0.106273 -0.264219 -1.720581 -0.091666 0.892731 0.333131 1.000000 
-0.142527 0.801889 -0.108338 -0.252065 -1.721302 -0.088715 0.895476 0.353475 1.000000 
-0.136061 0.814468 -0.110305 -0.239673 -1.721999 -0.085475 0.898390 0.375346 1.000000 
-0.129497 0.826427 -0.112172 -0.227051 -1.722669 -0.081951 0.901486 0.398791 1.000000 
-0.122840 0.837750 -0.113938 -0.214210 -1.723310 -0.078148 0.904775 0.423832 1.000000 
-0.116095 0.848420 -0.115599 -0.201157 -1.723919 -0.074076 0.908271 0.450461 1.000000 
-0.109267 0.858421 -0.117156 -0.187902 -1.724494 -0.069740 0.911987 0.478630 1.000000 
-0.102362 0.867737 -0.118605 -0.174456 -1.725034 -0.065151 0.915933 0.508236 1.000000 
-0.095385 0.876353 -0.119946 -0.160828 -1.725536 -0.060316 0.920122 0.539114 1.000000 
-0.088342 0.884251 -0.121178 -0.147030 -1.725998 -0.055247 0.924562 0.571021 1.000000 
-0.081239 0.891418 -0.122298 -0.133072 -1.726419 -0.049952 0.929260 0.603626 1.000000 
-0.074081 0.897837 -0.123307 -0.118966 -1.726797 -0.044445 0.934221 0.636502 1.000000 
-0.066875 0.903495 -0.124201 -0.104725 -1.727130 -0.038735 0.939443 0.669120 1.000000 
-0.059627 0.908376 -0.124982 -0.090361 -1.727416 -0.032838 0.944924 0.700852 1.000000 
-0.052343 0.912466 -0.125647 -0.075888 -1.727655 -0.026766 0.950653 0.730980 1.000000 
-0.045030 0.915752 -0.126196 -0.061318 -1.727844 -0.020534 0.956614 0.758723 1.000000 
-0.037694 0.918221 -0.126628 -0.046668 -1.727983 -0.014159 0.962784 0.783262 1.000000 
-0.030341 0.919860 -0.126942 -0.031951 -1.728070 -0.007657 0.969135 0.803792 1.000000 
-0.022978 0.920657 -0.127139 -0.017184 -1.728105 -0.001049 0.975632 0.819570 1.000000 
-0.015612 0.920602 -0.127217 -0.002383 -1.728087 0.005646 0.982234 0.829972 1.000000 
-0.008251 0.919686 -0.127177 0.012435 -1.728015 0.012406 0.988896 0.834545 1.000000 
-0.000900 0.917899 -0.127018 0.027252 -1.727888 0.019208 0.995570 0.833045 1.000000 
0.006433 0.915235 -0.126741 0.042050 -1.727707 0.026027 1.002208 0.825468 1.000000 
0.013742 0.911688 -0.126346 0.056810 -1.727472 0.032837 1.008762 0.812050 1.000000 
0.021018 0.907254 -0.125832 0.071513 -1.727182 0.039611 1.015187 0.793245 1.000000 
0.028255 0.901933 -0.125202 0.086140 -1.726838 0.046321 1.021441 0.769695 1.000000 
0.035447 0.895723 -0.124454 0.100670 -1.726441 0.052940 1.027491 0.742171 1.000000 
0.042585 0.888628 -0.123591 0.115085 -1.725992 0.059437 1.033308 0.711520 1.000000 
0.049662 0.880650 -0.122613 0.129365 -1.725491 0.065785 1.038870 0.678607 1.000000 
0.056673 0.871795 -0.121522 0.143491 -1.724940 0.071954 1.044162 0.644263 1.000000 
0.063609 0.862073 -0.120318 0.157445 -1.724340 0.077916 1.049176 0.609251 1.000000 
0.070463 0.851492 -0.119003 0.171206 -1.723694 0.083644 1.053910 0.574236 1.000000 
0.077230 0.840065 -0.117579 0.184758 -1.723002 0.089111 1.058365 0.539773 1.000000 
0.083902 0.827805 -0.116048 0.198084 -1.722269 0.094291 1.062549 0.506305 1.000000 
0.090473 0.814726 -0.114410 0.211165 -1.721495 0.099160 1.066470 0.474165 1.000000 
0.096936 0.800847 -0.112670 0.223987 -1.720683 0.103694 1.070140 0.443591 1.000000 
0.103284 0.786184 -0.110827 0.236533 -1.719836 0.107873 1.073572 0.414732 1.000000 
0.109513 0.770757 -0.108886 0.248789 -1.718958 0.111675 1.076780 0.387672 1.000000 
0.115615 0.754588 -0.106848 0.260740 -1.718051 0.115084 1.079779 0.362434 1.000000 
0.121584 0.737698 -0.104715 0.272373 -1.717118 0.118081 1.082584 0.339000 1.000000 
0.127416 0.720109 -0.102490 0.283677 -1.716162 0.120654 1.085208 0.317322 1.000000 
0.133104 0.701846 -0.100177 0.294638 -1.715188 0.122787 1.087666 0.297327 1.000000 
0.138644 0.682933 -0.097777 0.305246 -1.714199 0.124472 1.089969 0.278927 1.000000 
0.144029 0.663394 -0.095294 0.315490 -1.713198 0.125699 1.092132 0.262028 1.000000 
0.149256 0.643255 -0.092730 0.325363 -1.712189 0.126460 1.094166 0.246530 1.000000 
0.154320 0.622542 -0.090089 0.334853 -1.711176 0.126752 1.096080 0.232334 1.000000 
0.159216 0.601282 -0.087374 0.343955 -1.710162 0.126572 1.097886 0.219343 1.000000 
0.163939 0.579499 -0.084587 0.352660 -1.709152 0.125918 1.099593 0.207462 1.000000 
0.168486 0.557221 -0.081732 0.360962 -1.708149 0.124792 1.101208 0.196604 1.000000 
0.172853 0.534473 -0.078813 0.368855 -1.707157 0.123197 1.102741 0.186685 1.000000 
0.177037 0.511282 -0.075832 0.376334 -1.706179 0.121138 1.104198 0.177628 1.000000 
0.181033 0.487674 -0.072792 0.383396 -1.705220 0.118622 1.105585 0.169362 1.000000 
0.184838 0.463674 -0.069698 0.390034 -1.704282 0.115658 1.106909 0.161822 1.000000 
0.188451 0.439308 -0.066553 0.396247 -1.703370 0.112257 1.108176 0.154949 1.000000 
0.191866 0.414600 -0.063360 0.402032 -1.702487 0.108432 1.109390 0.148688 1.000000 
0.195083 0.389575 -0.060122 0.407385 -1.701636 0.104196 1.110557 0.142990 1.000000 
0.198099 0.364256 -0.056843 0.412305 -1.700821 0.099565 1.111679 0.137812 1.000000 
0.200911 0.338668 -0.053526 0.416791 -1.700044 0.094557 1.112763 0.133114 1.000000 
0.203517 0.312834 -0.050175 0.420841 -1.699309 0.089191 1.113810 0.128860 1.000000 
0.205915 0.286775 -0.046794 0.424454 -1.698618 0.083486 1.114826 0.125018 1.000000 
0.208105 0.260514 -0.043385 0.427630 -1.697974 0.077465 1.115812 0.121560 1.000000 
0.210083 0.234072 -0.039953 0.430368 -1.697380 0.071151 1.116772 0.118460 1.000000 
0.211849 0.207471 -0.036500 0.432667 -1.696837 0.064566 1.117708 0.115697 1.000000 
0.213402 0.180730 -0.033031 0.434529 -1.696347 0.057738 1.118624 0.113251 1.000000 
0.214741 0.153870 -0.029549 0.435953 -1.695913 0.050690 1.119521 0.111106 1.000000 
0.215864 0.126911 -0.026057 0.436939 -1.695537 0.043451 1.120402 0.109245 1.000000 
0.216771 0.099871 -0.022559 0.437487 -1.695219 0.036047 1.121269 0.107658 1.000000 
0.217462 0.072771 -0.019059 0.437599 -1.694960 0.028508 1.122125 0.106333 1.000000 
0.217935 0.045628 -0.015559 0.437274 -1.694763 0.020862 1.122971 0.105263 1.000000 
0.218192 0.018462 -0.012063 0.436512 -1.694627 0.013139 1.123810 0.104441 1.000000 
0.218231 -0.008710 -0.008576 0.435314 -1.694553 0.005367 1.124643 0.103863 1.000000 
0.218052 -0.035868 -0.005099 0.433682 -1.694541 -0.002422 1.125473 0.103525 1.000000 
0.217657 -0.062995 -0.001638 0.431614 -1.694591 -0.010198 1.126300 0.103428 1.000000 
0.217045 -0.090071 0.001805 0.429112 -1.694704 -0.017932 1.127128 0.103571 1.000000 
0.216216 -0.117079 0.005227 0.426176 -1.694878 -0.025593 1.127958 0.103958 1.000000 
0.215172 -0.143999 0.008623 0.422807 -1.695113 -0.033151 1.128792 0.104594 1.000000 
0.213912 -0.170812 0.011990 0.419005 -1.695408 -0.040575 1.129632 0.105485 1.000000 
0.212439 -0.197499 0.015326 0.414771 -1.695762 -0.047837 1.130480 0.106640 1.000000 
0.210753 -0.224039 0.018626 0.410106 -1.696173 -0.054908 1.131339 0.108071 1.000000 
0.208855 -0.250414 0.021886 0.405010 -1.696640 -0.061758 1.132210 0.109791 1.000000 
0.206747 -0.276601 0.025105 0.399485 -1.697160 -0.068359 1.133097 0.111817 1.000000 
0.204430 -0.302580 0.028277 0.393531 -1.697733 -0.074686 1.134000 0.114167 1.000000 
0.201906 -0.328328 0.031400 0.387150 -1.698355 -0.080710 1.134924 0.116866 1.000000 
0.199177 -0.353823 0.034470 0.380344 -1.699023 -0.086408 1.135871 0.119939 1.000000 
0.000000 0.000000 0.000000 0.000000 0.000000 0.000000 0.000000 0.000000 0.000000 
