-0.712708 -1.128974 0.077400 -0.437852 -1.746414 1.211127 1.119234 -0.013599 -1.000000 
-0.721513 -1.072612 0.073867 -0.445383 -1.736841 1.181712 1.119128 -0.012971 -1.000000 
-0.729872 -1.017351 0.070275 -0.452406 -1.727513 1.150046 1.119027 -0.012400 -1.000000 
-0.737794 -0.963216 0.066629 -0.458942 -1.718446 1.116235 1.118929 -0.011880 -1.000000 
-0.745287 -0.910226 0.062933 -0.465011 -1.709658 1.080385 1.118836 -0.011405 -1.000000 
-0.752360 -0.858388 0.059190 -0.470631 -1.701165 1.042602 1.118747 -0.010973 -1.000000 
-0.759024 -0.807705 0.055404 -0.475822 -1.692982 1.002989 1.118661 -0.010578 -1.000000 
-0.765287 -0.758169 0.051578 -0.480605 -1.685122 0.961651 1.118577 -0.010217 -1.000000 
-0.771158 -0.709767 0.047716 -0.484999 -1.677599 0.918690 1.118497 -0.009889 -1.000000 
-0.776646 -0.662476 0.043819 -0.489022 -1.670427 0.874208 1.118419 -0.009589 -1.000000 
-0.781760 -0.616271 0.039892 -0.492694 -1.663616 0.828305 1.118344 -0.009316 -1.000000 
-0.786509 -0.571115 0.035937 -0.496033 -1.657178 0.781079 1.118270 -0.009069 -1.000000 
-0.790901 -0.526969 0.031957 -0.499055 -1.651122 0.732627 1.118198 -0.008845 -1.000000 
-0.794943 -0.483788 0.027953 -0.501778 -1.645458 0.683042 1.118128 -0.008642 -1.000000 
-0.798644 -0.441521 0.023929 -0.504217 -1.640196 0.632418 1.118060 -0.008460 -1.000000 
-0.802010 -0.400112 0.019886 -0.506387 -1.635342 0.580847 1.117993 -0.008298 -1.000000 
-0.805048 -0.359501 0.015827 -0.508301 -1.630905 0.528415 1.117927 -0.008154 -1.000000 
-0.807764 -0.319625 0.011754 -0.509973 -1.626890 0.475213 1.117863 -0.008027 -1.000000 
-0.810164 -0.280417 0.007668 -0.511414 -1.623303 0.421324 1.117799 -0.007917 -1.000000 
-0.812252 -0.241805 0.003572 -0.512634 -1.620150 0.366833 1.117736 -0.007824 -1.000000 
-0.814034 -0.203718 -0.000533 -0.513642 -1.617435 0.311823 1.117674 -0.007746 -1.000000 
-0.815513 -0.166078 -0.004646 -0.514446 -1.615162 0.256374 1.117612 -0.007683 -1.000000 
-0.816692 -0.128810 -0.008764 -0.515053 -1.613334 0.200569 1.117551 -0.007635 -1.000000 
-0.817574 -0.091832 -0.012886 -0.515468 -1.611954 0.144485 1.117490 -0.007602 -1.000000 
-0.818162 -0.055065 -0.017011 -0.515695 -1.611023 0.088202 1.117429 -0.007583 -1.000000 
-0.818456 -0.018428 -0.021137 -0.515737 -1.610543 0.031797 1.117368 -0.007579 -1.000000 
-0.818457 0.018163 -0.025262 -0.515593 -1.610514 -0.024652 1.117308 -0.007590 -1.000000 
-0.818165 0.054788 -0.029386 -0.515265 -1.610937 -0.081067 1.117247 -0.007615 -1.000000 
-0.817580 0.091530 -0.033506 -0.514751 -1.611811 -0.137371 1.117186 -0.007654 -1.000000 
-0.816700 0.128470 -0.037621 -0.514047 -1.613135 -0.193485 1.117124 -0.007709 -1.000000 
-0.815524 0.165689 -0.041730 -0.513150 -1.614906 -0.249332 1.117062 -0.007779 -1.000000 
-0.814048 0.203266 -0.045831 -0.512053 -1.617123 -0.304832 1.117000 -0.007864 -1.000000 
-0.812270 0.241278 -0.049922 -0.510750 -1.619782 -0.359906 1.116937 -0.007966 -1.000000 
-0.810186 0.279801 -0.054002 -0.509232 -1.622880 -0.414471 1.116872 -0.008085 -1.000000 
-0.807792 0.318909 -0.058069 -0.507490 -1.626412 -0.468448 1.116807 -0.008221 -1.000000 
-0.805082 0.358671 -0.062122 -0.505514 -1.630374 -0.521750 1.116741 -0.008376 -1.000000 
-0.802051 0.399154 -0.066157 -0.503291 -1.634758 -0.574295 1.116673 -0.008550 -1.000000 
-0.798694 0.440423 -0.070174 -0.500809 -1.639560 -0.625995 1.116604 -0.008744 -1.000000 
-0.795002 0.482536 -0.074169 -0.498053 -1.644772 -0.676762 1.116533 -0.008961 -1.000000 
-0.790971 0.525550 -0.078142 -0.495009 -1.650386 -0.726505 1.116460 -0.009200 -1.000000 
-0.786591 0.569515 -0.082089 -0.491660 -1.656393 -0.775134 1.116386 -0.009465 -1.000000 
-0.781856 0.614476 -0.086007 -0.487991 -1.662784 -0.822555 1.116309 -0.009756 -1.000000 
-0.776757 0.660475 -0.089896 -0.483984 -1.669550 -0.868672 1.116230 -0.010076 -1.000000 
-0.771285 0.707544 -0.093750 -0.479620 -1.676679 -0.913389 1.116148 -0.010427 -1.000000 
-0.765433 0.755713 -0.097568 -0.474882 -1.684160 -0.956607 1.116063 -0.010813 -1.000000 
-0.759191 0.805001 -0.101347 -0.469750 -1.691981 -0.998226 1.115975 -0.011235 -1.000000 
-0.752550 0.855425 -0.105083 -0.464206 -1.700128 -1.038145 1.115883 -0.011699 -1.000000 
-0.745501 0.906992 -0.108773 -0.458229 -1.708586 -1.076262 1.115787 -0.012206 -1.000000 
-0.738035 0.959699 -0.112414 -0.451801 -1.717343 -1.112474 1.115687 -0.012763 -1.000000 
-0.730143 1.013540 -0.116001 -0.444902 -1.726381 -1.146678 1.115583 -0.013375 -1.000000 
-0.721815 1.068497 -0.119531 -0.437514 -1.735684 -1.178769 1.115473 -0.014047 -1.000000 
-0.713044 1.124545 -0.123000 -0.429616 -1.745235 -1.208645 1.115358 -0.014786 -1.000000 
-0.703820 1.181650 -0.126403 -0.421192 -1.755016 -1.236203 1.115236 -0.015601 -1.000000 
-0.694135 1.239769 -0.129737 -0.412224 -1.765008 -1.261341 1.115108 -0.016499 -1.000000 
-0.683981 1.298849 -0.132998 -0.402696 -1.775191 -1.283960 1.114972 -0.017493 -1.000000 
-0.673351 1.358829 -0.136179 -0.392592 -1.785544 -1.303962 1.114828 -0.018593 -1.000000 
-0.662237 1.419637 -0.139277 -0.381898 -1.796047 -1.321252 1.114674 -0.019815 -1.000000 
-0.650635 1.481194 -0.142288 -0.370601 -1.806677 -1.335740 1.114511 -0.021175 -1.000000 
-0.638537 1.543410 -0.145205 -0.358690 -1.817411 -1.347337 1.114335 -0.022692 -1.000000 
-0.625939 1.606185 -0.148025 -0.346155 -1.828226 -1.355961 1.114147 -0.024389 -1.000000 
-0.612836 1.669411 -0.150742 -0.332989 -1.839098 -1.361535 1.113944 -0.026294 -1.000000 
-0.599227 1.732971 -0.153351 -0.319187 -1.850002 -1.363988 1.113726 -0.028438 -1.000000 
-0.585108 1.796739 -0.155847 -0.304744 -1.860914 -1.363256 1.113489 -0.030861 -1.000000 
-0.570479 1.860581 -0.158226 -0.289661 -1.871806 -1.359284 1.113231 -0.033608 -1.000000 
-0.555339 1.924354 -0.160480 -0.273939 -1.882653 -1.352021 1.112950 -0.036735 -1.000000 
-0.539690 1.987909 -0.162607 -0.257581 -1.893429 -1.341431 1.112642 -0.040310 -1.000000 
-0.523534 2.051090 -0.164600 -0.240596 -1.904107 -1.327484 1.112304 -0.044414 -1.000000 
-0.506874 2.113734 -0.166455 -0.222992 -1.914660 -1.310160 1.111930 -0.049149 -1.000000 
-0.489716 2.175672 -0.168166 -0.204783 -1.925061 -1.289454 1.111515 -0.054638 -1.000000 
-0.472066 2.236733 -0.169730 -0.185984 -1.935282 -1.265368 1.111053 -0.061037 -1.000000 
-0.453931 2.296740 -0.171140 -0.166615 -1.945298 -1.237921 1.110536 -0.068539 -1.000000 
-0.435321 2.355514 -0.172394 -0.146697 -1.955080 -1.207142 1.109953 -0.077385 -1.000000 
-0.416246 2.412873 -0.173486 -0.126256 -1.964603 -1.173074 1.109293 -0.087887 -1.000000 
-0.396719 2.468636 -0.174413 -0.105319 -1.973841 -1.135775 1.108541 -0.100436 -1.000000 
-0.376753 2.522621 -0.175170 -0.083918 -1.982767 -1.095316 1.107679 -0.115542 -1.000000 
-0.356363 2.574648 -0.175754 -0.062087 -1.991358 -1.051785 1.106684 -0.133864 -1.000000 
-0.335564 2.624541 -0.176162 -0.039863 -1.999588 -1.005283 1.105527 -0.156262 -1.000000 
-0.314376 2.672125 -0.176391 -0.017286 -2.007435 -0.955927 1.104170 -0.183870 -1.000000 
-0.292817 2.717234 -0.176438 0.005600 -2.014875 -0.903852 1.102567 -0.218191 -1.000000 
-0.270907 2.759706 -0.176301 0.028751 -2.021889 -0.849206 1.100656 -0.261218 -1.000000 
-0.248669 2.799387 -0.175978 0.052119 -2.028456 -0.792156 1.098357 -0.315608 -1.000000 
-0.226125 2.836135 -0.175467 0.075654 -2.034558 -0.732887 1.095566 -0.384882 -1.000000 
-0.203299 2.869818 -0.174767 0.099302 -2.040177 -0.671599 1.092147 -0.473658 -1.000000 
-0.180216 2.900314 -0.173878 0.123011 -2.045299 -0.608514 1.087920 -0.587840 -1.000000 
-0.156903 2.927521 -0.172799 0.146721 -2.049909 -0.543874 1.082655 -0.734604 -1.000000 
-0.133385 2.951348 -0.171530 0.170377 -2.053997 -0.477940 1.076059 -0.921821 -1.000000 
-0.109691 2.971727 -0.170073 0.193916 -2.057554 -0.410998 1.067779 -1.156239 -1.000000 
-0.085847 2.988610 -0.168428 0.217275 -2.060571 -0.343359 1.057428 -1.439424 -1.000000 
-0.061882 3.001973 -0.166597 0.240390 -2.063046 -0.275358 1.044645 -1.760794 -1.000000 
-0.037825 3.011821 -0.164583 0.263193 -2.064977 -0.207354 1.029234 -2.089309 -1.000000 
-0.013702 3.018189 -0.162387 0.285616 -2.066365 -0.139718 1.011341 -2.370458 -1.000000 
0.010457 3.021145 -0.160014 0.307592 -2.067215 -0.072816 0.991609 -2.538884 -1.000000 
0.034627 3.020786 -0.157467 0.329064 -2.067533 -0.006964 0.971147 -2.548305 -1.000000 
0.058781 3.017229 -0.154750 0.349992 -2.067329 0.057611 0.951264 -2.398780 -1.000000 
0.082895 3.010601 -0.151869 0.370352 -2.066615 0.120787 0.933071 -2.135656 -1.000000 
0.106943 3.001019 -0.148826 0.390140 -2.065401 0.182534 0.917227 -1.821934 -1.000000 
0.130903 2.988591 -0.145628 0.409359 -2.063698 0.242870 0.903913 -1.510129 -1.000000 
0.154753 2.973412 -0.142278 0.428013 -2.061518 0.301827 0.892977 -1.230918 -1.000000 
0.178471 2.955565 -0.138781 0.446107 -2.058872 0.359424 0.884100 -0.995892 -1.000000 
0.202035 2.935128 -0.135142 0.463642 -2.055771 0.415658 0.876924 -0.805004 -1.000000 
0.225426 2.912179 -0.131364 0.480615 -2.052226 0.470503 0.871116 -0.652898 -1.000000 
0.248624 2.886792 -0.127453 0.497021 -2.048247 0.523917 0.866393 -0.532712 -1.000000 
0.271609 2.859046 -0.123414 0.512852 -2.043847 0.575843 0.862525 -0.437911 -1.000000 
0.294362 2.829022 -0.119249 0.528102 -2.039038 0.626215 0.859333 -0.362948 -1.000000 
0.316867 2.796802 -0.114966 0.542762 -2.033832 0.674961 0.856677 -0.303372 -1.000000 
0.339106 2.762473 -0.110567 0.556824 -2.028243 0.722008 0.854448 -0.255715 -1.000000 
0.361061 2.726126 -0.106058 0.570281 -2.022284 0.767281 0.852561 -0.217316 -1.000000 
0.382718 2.687853 -0.101444 0.583128 -2.015971 0.810707 0.850951 -0.186138 -1.000000 
0.404062 2.647750 -0.096730 0.595359 -2.009318 0.852216 0.849568 -0.160628 -1.000000 
0.425078 2.605916 -0.091920 0.606971 -2.002341 0.891741 0.848369 -0.139599 -1.000000 
0.445752 2.562451 -0.087020 0.617960 -1.995056 0.929219 0.847325 -0.122134 -1.000000 
0.466073 2.517457 -0.082034 0.628327 -1.987479 0.964594 0.846408 -0.107528 -1.000000 
0.486028 2.471037 -0.076968 0.638071 -1.979628 0.997811 0.845598 -0.095230 -1.000000 
0.505606 2.423297 -0.071827 0.647195 -1.971520 1.028824 0.844879 -0.084810 -1.000000 
0.524797 2.374340 -0.066615 0.655701 -1.963173 1.057593 0.844237 -0.075926 -1.000000 
0.543593 2.324271 -0.061337 0.663594 -1.954605 1.084081 0.843661 -0.068309 -1.000000 
0.561983 2.273196 -0.055999 0.670881 -1.945834 1.108260 0.843141 -0.061743 -1.000000 
0.579961 2.221217 -0.050605 0.677569 -1.936879 1.130105 0.842671 -0.056053 -1.000000 
0.597520 2.168438 -0.045159 0.683666 -1.927758 1.149600 0.842242 -0.051099 -1.000000 
0.614654 2.114958 -0.039667 0.689183 -1.918491 1.166732 0.841851 -0.046767 -1.000000 
0.631358 2.060877 -0.034134 0.694129 -1.909097 1.181497 0.841493 -0.042961 -1.000000 
0.647627 2.006292 -0.028563 0.698518 -1.899594 1.193892 0.841163 -0.039605 -1.000000 
0.663458 1.951296 -0.022959 0.702361 -1.890001 1.203924 0.840858 -0.036634 -1.000000 
0.678847 1.895981 -0.017326 0.705673 -1.880337 1.211603 0.840576 -0.033994 -1.000000 
0.693793 1.840435 -0.011670 0.708467 -1.870622 1.216943 0.840313 -0.031641 -1.000000 
0.708294 1.784742 -0.005992 0.710759 -1.860872 1.219966 0.840069 -0.029536 -1.000000 
0.722348 1.728983 -0.000299 0.712564 -1.851108 1.220695 0.839840 -0.027648 -1.000000 
0.735957 1.673235 0.005407 0.713898 -1.841347 1.219160 0.839626 -0.025949 -1.000000 
0.749120 1.617571 0.011122 0.714778 -1.831608 1.215393 0.839425 -0.024418 -1.000000 
0.761839 1.562060 0.016843 0.715221 -1.821907 1.209431 0.839235 -0.023033 -1.000000 
0.774114 1.506766 0.022565 0.715242 -1.812262 1.201314 0.839056 -0.021777 -1.000000 
0.785948 1.451749 0.028286 0.714860 -1.802691 1.191087 0.838886 -0.020637 -1.000000 
0.797343 1.397066 0.034002 0.714091 -1.793211 1.178795 0.838725 -0.019599 -1.000000 
0.808302 1.342765 0.039710 0.712951 -1.783836 1.164487 0.838572 -0.018653 -1.000000 
0.818828 1.288895 0.045408 0.711458 -1.774584 1.148215 0.838427 -0.017789 -1.000000 
0.828925 1.235497 0.051092 0.709628 -1.765470 1.130033 0.838287 -0.016999 -1.000000 
0.838598 1.182608 0.056761 0.707477 -1.756508 1.109996 0.838154 -0.016275 -1.000000 
0.847849 1.130261 0.062411 0.705021 -1.747715 1.088163 0.838027 -0.015611 -1.000000 
0.856683 1.078483 0.068041 0.702276 -1.739102 1.064592 0.837905 -0.015001 -1.000000 
0.865106 1.027299 0.073647 0.699255 -1.730686 1.039343 0.837787 -0.014441 -1.000000 
0.873122 0.976727 0.079228 0.695974 -1.722477 1.012478 0.837673 -0.013926 -1.000000 
0.880735 0.926782 0.084782 0.692445 -1.714490 0.984059 0.837564 -0.013452 -1.000000 
0.887952 0.877476 0.090306 0.688683 -1.706736 0.954150 0.837458 -0.013015 -1.000000 
0.894777 0.828814 0.095800 0.684699 -1.699228 0.922812 0.837356 -0.012614 -1.000000 
0.901215 0.780799 0.101261 0.680504 -1.691975 0.890111 0.837256 -0.012244 -1.000000 
0.907271 0.733431 0.106688 0.676110 -1.684989 0.856111 0.837160 -0.011903 -1.000000 
0.912951 0.686703 0.112078 0.671526 -1.678280 0.820876 0.837066 -0.011590 -1.000000 
0.918260 0.640609 0.117432 0.666761 -1.671858 0.784470 0.836974 -0.011303 -1.000000 
0.923203 0.595135 0.122746 0.661824 -1.665732 0.746958 0.836885 -0.011039 -1.000000 
0.927784 0.550267 0.128020 0.656721 -1.659910 0.708404 0.836797 -0.010798 -1.000000 
0.932008 0.505988 0.133253 0.651459 -1.654400 0.668871 0.836712 -0.010577 -1.000000 
0.935881 0.462275 0.138443 0.646045 -1.649210 0.628424 0.836628 -0.010376 -1.000000 
0.939406 0.419106 0.143590 0.640481 -1.644348 0.587125 0.836546 -0.010193 -1.000000 
0.942588 0.376454 0.148691 0.634771 -1.639818 0.545038 0.836465 -0.010029 -1.000000 
0.945431 0.334291 0.153745 0.628919 -1.635629 0.502226 0.836385 -0.009881 -1.000000 
0.947938 0.292587 0.158753 0.622926 -1.631785 0.458749 0.836307 -0.009748 -1.000000 
0.950113 0.251309 0.163712 0.616793 -1.628290 0.414671 0.836229 -0.009632 -1.000000 
0.951960 0.210422 0.168621 0.610519 -1.625151 0.370053 0.836153 -0.009530 -1.000000 
0.953481 0.169892 0.173480 0.604104 -1.622371 0.324955 0.836077 -0.009442 -1.000000 
0.954679 0.129680 0.178287 0.597545 -1.619953 0.279438 0.836002 -0.009369 -1.000000 
0.955557 0.089749 0.183040 0.590839 -1.617901 0.233562 0.835927 -0.009308 -1.000000 
0.956116 0.050059 0.187740 0.583984 -1.616217 0.187389 0.835853 -0.009262 -1.000000 
0.956358 0.010570 0.192383 0.576974 -1.614903 0.140976 0.835779 -0.009228 -1.000000 
0.956285 -0.028758 0.196971 0.569804 -1.613962 0.094385 0.835705 -0.009207 -1.000000 
0.955898 -0.067968 0.201500 0.562467 -1.613393 0.047674 0.835631 -0.009199 -1.000000 
0.955198 -0.107100 0.205970 0.554958 -1.613199 0.000902 0.835558 -0.009204 -1.000000 
0.954185 -0.146196 0.210379 0.547267 -1.613379 -0.045871 0.835484 -0.009222 -1.000000 
0.952859 -0.185297 0.214725 0.539388 -1.613933 -0.092586 0.835410 -0.009252 -1.000000 
0.951220 -0.224445 0.219008 0.531310 -1.614860 -0.139184 0.835336 -0.009296 -1.000000 
0.949268 -0.263679 0.223226 0.523024 -1.616159 -0.185605 0.835261 -0.009353 -1.000000 
0.947001 -0.303039 0.227376 0.514520 -1.617829 -0.231791 0.835186 -0.009424 -1.000000 
0.944419 -0.342565 0.231458 0.505787 -1.619867 -0.277681 0.835110 -0.009508 -1.000000 
0.941519 -0.382294 0.235468 0.496815 -1.622271 -0.323216 0.835034 -0.009607 -1.000000 
0.938301 -0.422262 0.239406 0.487590 -1.625038 -0.368335 0.834957 -0.009720 -1.000000 
0.934762 -0.462506 0.243269 0.478102 -1.628163 -0.412978 0.834878 -0.009849 -1.000000 
0.930900 -0.503057 0.247055 0.468339 -1.631644 -0.457084 0.834799 -0.009994 -1.000000 
0.926713 -0.543949 0.250762 0.458287 -1.635475 -0.500593 0.834719 -0.010156 -1.000000 
0.922196 -0.585211 0.254387 0.447933 -1.639652 -0.543443 0.834637 -0.010334 -1.000000 
0.917348 -0.626870 0.257928 0.437266 -1.644168 -0.585571 0.834553 -0.010532 -1.000000 
0.912165 -0.668951 0.261382 0.426271 -1.649019 -0.626917 0.834468 -0.010749 -1.000000 
0.906644 -0.711478 0.264747 0.414937 -1.654196 -0.667416 0.834381 -0.010986 -1.000000 
0.900780 -0.754470 0.268020 0.403250 -1.659695 -0.707008 0.834292 -0.011245 -1.000000 
0.894571 -0.797945 0.271198 0.391197 -1.665506 -0.745627 0.834201 -0.011528 -1.000000 
0.888012 -0.841916 0.274278 0.378766 -1.671622 -0.783212 0.834108 -0.011836 -1.000000 
0.881099 -0.886396 0.277257 0.365945 -1.678034 -0.819698 0.834012 -0.012170 -1.000000 
0.873828 -0.931392 0.280132 0.352722 -1.684734 -0.855023 0.833913 -0.012534 -1.000000 
0.866195 -0.976907 0.282900 0.339086 -1.691712 -0.889121 0.833811 -0.012928 -1.000000 
0.858196 -1.022944 0.285557 0.325026 -1.698957 -0.921930 0.833706 -0.013356 -1.000000 
0.849827 -1.069500 0.288099 0.310531 -1.706459 -0.953387 0.833597 -0.013821 -1.000000 
0.841083 -1.116566 0.290524 0.295592 -1.714207 -0.983428 0.833485 -0.014325 -1.000000 
0.831960 -1.164134 0.292827 0.280201 -1.722190 -1.011991 0.833368 -0.014872 -1.000000 
0.822455 -1.212189 0.295006 0.264349 -1.730395 -1.039013 0.833247 -0.015467 -1.000000 
0.812564 -1.260711 0.297056 0.248030 -1.738810 -1.064433 0.833120 -0.016113 -1.000000 
0.802283 -1.309678 0.298973 0.231238 -1.747421 -1.088192 0.832989 -0.016816 -1.000000 
0.791608 -1.359063 0.300754 0.213968 -1.756216 -1.110230 0.832851 -0.017582 -1.000000 
0.780537 -1.408834 0.302395 0.196217 -1.765180 -1.130489 0.832707 -0.018416 -1.000000 
0.769066 -1.458957 0.303892 0.177982 -1.774299 -1.148912 0.832556 -0.019327 -1.000000 
0.757193 -1.509390 0.305242 0.159263 -1.783558 -1.165446 0.832398 -0.020323 -1.000000 
0.744915 -1.560089 0.306439 0.140060 -1.792941 -1.180038 0.832231 -0.021413 -1.000000 
0.732231 -1.611007 0.307481 0.120375 -1.802433 -1.192638 0.832055 -0.022608 -1.000000 
0.719138 -1.662090 0.308364 0.100211 -1.812018 -1.203198 0.831869 -0.023921 -1.000000 
0.705637 -1.713282 0.309083 0.079575 -1.821679 -1.211674 0.831672 -0.025366 -1.000000 
0.691726 -1.764521 0.309636 0.058473 -1.831399 -1.218022 0.831463 -0.026960 -1.000000 
0.677405 -1.815742 0.310018 0.036913 -1.841161 -1.222206 0.831240 -0.028722 -1.000000 
0.662674 -1.866877 0.310225 0.014906 -1.850948 -1.224189 0.831002 -0.030673 -1.000000 
0.647535 -1.917852 0.310255 -0.007536 -1.860742 -1.223942 0.830749 -0.032840 -1.000000 
0.631989 -1.968593 0.310104 -0.030399 -1.870525 -1.221437 0.830476 -0.035253 -1.000000 
0.616038 -2.019020 0.309768 -0.053667 -1.880279 -1.216651 0.830184 -0.037947 -1.000000 
0.599686 -2.069051 0.309244 -0.077321 -1.889986 -1.209567 0.829868 -0.040964 -1.000000 
0.582935 -2.118600 0.308530 -0.101344 -1.899626 -1.200172 0.829527 -0.044353 -1.000000 
0.565790 -2.167580 0.307622 -0.125712 -1.909182 -1.188459 0.829158 -0.048171 -1.000000 
0.548255 -2.215900 0.306517 -0.150404 -1.918635 -1.174424 0.828755 -0.052489 -1.000000 
0.530337 -2.263470 0.305214 -0.175393 -1.927967 -1.158073 0.828316 -0.057390 -1.000000 
0.512042 -2.310196 0.303710 -0.200652 -1.937158 -1.139413 0.827835 -0.062971 -1.000000 
0.493377 -2.355983 0.302003 -0.226154 -1.946191 -1.118460 0.827306 -0.069355 -1.000000 
0.474349 -2.400737 0.300091 -0.251867 -1.955048 -1.095237 0.826723 -0.076687 -1.000000 
0.454968 -2.444360 0.297973 -0.277760 -1.963709 -1.069772 0.826077 -0.085144 -1.000000 
0.435243 -2.486757 0.295647 -0.303799 -1.972158 -1.042098 0.825357 -0.094944 -1.000000 
0.415183 -2.527834 0.293112 -0.329949 -1.980377 -1.012259 0.824553 -0.106355 -1.000000 
0.394801 -2.567495 0.290367 -0.356174 -1.988349 -0.980302 0.823650 -0.119707 -1.000000 
0.374107 -2.605647 0.287413 -0.382436 -1.996056 -0.946283 0.822632 -0.135411 -1.000000 
0.353115 -2.642200 0.284248 -0.408697 -2.003484 -0.910265 0.821476 -0.153980 -1.000000 
0.331837 -2.677063 0.280874 -0.434918 -2.010615 -0.872317 0.820159 -0.176054 -1.000000 
0.310287 -2.710151 0.277290 -0.461056 -2.017436 -0.832517 0.818648 -0.202437 -1.000000 
0.288479 -2.741381 0.273497 -0.487072 -2.023931 -0.790950 0.816905 -0.234137 -1.000000 
0.266430 -2.770673 0.269497 -0.512924 -2.030087 -0.747707 0.814884 -0.272419 -1.000000 
0.244154 -2.797952 0.265291 -0.538569 -2.035890 -0.702889 0.812525 -0.318862 -1.000000 
0.221668 -2.823150 0.260881 -0.563965 -2.041329 -0.656602 0.809755 -0.375418 -1.000000 
0.198989 -2.846200 0.256268 -0.589069 -2.046392 -0.608964 0.806485 -0.444463 -1.000000 
0.176135 -2.867046 0.251456 -0.613839 -2.051069 -0.560097 0.802603 -0.528799 -1.000000 
0.153122 -2.885635 0.246448 -0.638232 -2.055351 -0.510135 0.797975 -0.631573 -1.000000 
0.129971 -2.901922 0.241246 -0.662207 -2.059229 -0.459219 0.792440 -0.755995 -1.000000 
0.106698 -2.915872 0.235854 -0.685721 -2.062696 -0.407499 0.785814 -0.904727 -1.000000 
0.083323 -2.927458 0.230276 -0.708735 -2.065747 -0.355136 0.777897 -1.078753 -1.000000 
0.059865 -2.936663 0.224516 -0.731209 -2.068377 -0.302299 0.768493 -1.275608 -1.000000 
0.036343 -2.943480 0.218578 -0.753104 -2.070583 -0.249165 0.757447 -1.487111 -1.000000 
0.012776 -2.947914 0.212468 -0.774383 -2.072363 -0.195920 0.744701 -1.697389 -1.000000 
-0.010818 -2.949984 0.206190 -0.795013 -2.073718 -0.142749 0.730355 -1.882855 -1.000000 
-0.034418 -2.949719 0.199749 -0.814962 -2.074648 -0.089835 0.714716 -2.016028 -1.000000 
-0.058007 -2.947161 0.193152 -0.834204 -2.075156 -0.037349 0.698302 -2.073491 -1.000000 
-0.081567 -2.942361 0.186404 -0.852720 -2.075247 0.014567 0.681771 -2.044750 -1.000000 
-0.105079 -2.935374 0.179510 -0.870497 -2.074925 0.065801 0.665799 -1.936585 -1.000000 
-0.128527 -2.926258 0.172478 -0.887529 -2.074196 0.116275 0.650943 -1.769845 -1.000000 
-0.151894 -2.915071 0.165312 -0.903814 -2.073067 0.165941 0.637566 -1.571116 -1.000000 
-0.175163 -2.901866 0.158019 -0.919357 -2.071544 0.214768 0.625825 -1.364570 -1.000000 
-0.198318 -2.886693 0.150604 -0.934159 -2.069633 0.262737 0.615707 -1.167507 -1.000000 
-0.221345 -2.869602 0.143074 -0.948224 -2.067342 0.309825 0.607093 -0.989755 -1.000000 
-0.244227 -2.850638 0.135435 -0.961556 -2.064678 0.356009 0.599809 -0.835233 -1.000000 
-0.266950 -2.829847 0.127691 -0.974157 -2.061648 0.401257 0.593667 -0.704056 -1.000000 
-0.289500 -2.807277 0.119850 -0.986028 -2.058261 0.445533 0.588487 -0.594307 -1.000000 
-0.311862 -2.782975 0.111917 -0.997170 -2.054523 0.488795 0.584108 -0.503228 -1.000000 
-0.334023 -2.756988 0.103897 -1.007585 -2.050443 0.530997 0.580393 -0.427917 -1.000000 
-0.355969 -2.729369 0.095797 -1.017273 -2.046030 0.572089 0.577226 -0.365681 -1.000000 
-0.377688 -2.700167 0.087623 -1.026238 -2.041292 0.612022 0.574513 -0.314168 -1.000000 
-0.399168 -2.669439 0.079379 -1.034480 -2.036240 0.650745 0.572176 -0.271406 -1.000000 
-0.420395 -2.637238 0.071073 -1.042004 -2.030884 0.688205 0.570152 -0.235770 -1.000000 
-0.441360 -2.603622 0.062709 -1.048814 -2.025233 0.724354 0.568389 -0.205940 -1.000000 
-0.462050 -2.568650 0.054294 -1.054914 -2.019298 0.759143 0.566844 -0.180851 -1.000000 
-0.482455 -2.532382 0.045833 -1.060311 -2.013090 0.792524 0.565485 -0.159644 -1.000000 
-0.502565 -2.494878 0.037331 -1.065012 -2.006621 0.824453 0.564282 -0.141630 -1.000000 
-0.522370 -2.456202 0.028794 -1.069024 -1.999903 0.854889 0.563212 -0.126252 -1.000000 
-0.541861 -2.416416 0.020228 -1.072357 -1.992947 0.883792 0.562256 -0.113060 -1.000000 
-0.561030 -2.375584 0.011638 -1.075021 -1.985766 0.911127 0.561398 -0.101691 -1.000000 
-0.579868 -2.333770 0.003030 -1.077026 -1.978373 0.936859 0.560625 -0.091848 -1.000000 
-0.598367 -2.291038 -0.005592 -1.078384 -1.970781 0.960959 0.559925 -0.083288 -1.000000 
-0.616522 -2.247452 -0.014223 -1.079108 -1.963002 0.983400 0.559289 -0.075813 -1.000000 
-0.634325 -2.203078 -0.022857 -1.079212 -1.955051 1.004159 0.558709 -0.069259 -1.000000 
-0.651769 -2.157978 -0.031489 -1.078709 -1.946940 1.023217 0.558179 -0.063491 -1.000000 
-0.668850 -2.112217 -0.040114 -1.077614 -1.938684 1.040556 0.557692 -0.058395 -1.000000 
-0.685563 -2.065856 -0.048729 -1.075943 -1.930296 1.056163 0.557243 -0.053877 -1.000000 
-0.701903 -2.018957 -0.057328 -1.073712 -1.921790 1.070029 0.556828 -0.049859 -1.000000 
-0.717865 -1.971582 -0.065907 -1.070937 -1.913180 1.082147 0.556444 -0.046273 -1.000000 
-0.733447 -1.923789 -0.074461 -1.067634 -1.904481 1.092513 0.556087 -0.043063 -1.000000 
-0.748645 -1.875637 -0.082988 -1.063823 -1.895705 1.101127 0.555754 -0.040183 -1.000000 
-0.763456 -1.827181 -0.091481 -1.059519 -1.886867 1.107992 0.555443 -0.037590 -1.000000 
-0.777879 -1.778478 -0.099939 -1.054740 -1.877982 1.113114 0.555152 -0.035250 -1.000000 
-0.791911 -1.729579 -0.108356 -1.049505 -1.869062 1.116501 0.554879 -0.033133 -1.000000 
-0.805552 -1.680537 -0.116730 -1.043832 -1.860122 1.118165 0.554621 -0.031213 -1.000000 
-0.818800 -1.631400 -0.125056 -1.037737 -1.851176 1.118120 0.554379 -0.029469 -1.000000 
-0.831654 -1.582215 -0.133332 -1.031239 -1.842237 1.116382 0.554149 -0.027880 -1.000000 
-0.844115 -1.533028 -0.141555 -1.024356 -1.833318 1.112972 0.553932 -0.026431 -1.000000 
-0.856183 -1.483881 -0.149721 -1.017106 -1.824434 1.107910 0.553726 -0.025106 -1.000000 
-0.867857 -1.434814 -0.157828 -1.009505 -1.815596 1.101220 0.553530 -0.023892 -1.000000 
-0.879140 -1.385866 -0.165872 -1.001571 -1.806818 1.092928 0.553344 -0.022779 -1.000000 
-0.890032 -1.337071 -0.173852 -0.993320 -1.798113 1.083062 0.553166 -0.021756 -1.000000 
-0.900534 -1.288464 -0.181765 -0.984770 -1.789494 1.071651 0.552995 -0.020815 -1.000000 
-0.910648 -1.240075 -0.189608 -0.975934 -1.780971 1.058726 0.552832 -0.019948 -1.000000 
-0.920376 -1.191932 -0.197379 -0.966830 -1.772558 1.044321 0.552676 -0.019148 -1.000000 
-0.929719 -1.144061 -0.205076 -0.957471 -1.764266 1.028470 0.552526 -0.018410 -1.000000 
-0.938681 -1.096485 -0.212698 -0.947872 -1.756106 1.011209 0.552381 -0.017727 -1.000000 
-0.947264 -1.049225 -0.220241 -0.938047 -1.748090 0.992575 0.552242 -0.017096 -1.000000 
-0.955470 -1.002299 -0.227706 -0.928009 -1.740228 0.972605 0.552108 -0.016511 -1.000000 
-0.963302 -0.955724 -0.235089 -0.917769 -1.732532 0.951340 0.551978 -0.015970 -1.000000 
-0.970762 -0.909513 -0.242390 -0.907341 -1.725010 0.928819 0.551852 -0.015468 -1.000000 
-0.977855 -0.863677 -0.249606 -0.896734 -1.717674 0.905083 0.551730 -0.015002 -1.000000 
-0.984582 -0.818226 -0.256737 -0.885959 -1.710532 0.880175 0.551612 -0.014571 -1.000000 
-0.990948 -0.773165 -0.263781 -0.875025 -1.703594 0.854136 0.551497 -0.014171 -1.000000 
-0.996954 -0.728500 -0.270737 -0.863941 -1.696869 0.827009 0.551385 -0.013799 -1.000000 
-1.002605 -0.684233 -0.277604 -0.852716 -1.690365 0.798838 0.551276 -0.013455 -1.000000 
-1.007903 -0.640364 -0.284380 -0.841355 -1.684090 0.769667 0.551170 -0.013137 -1.000000 
-1.012852 -0.596891 -0.291065 -0.829866 -1.678053 0.739541 0.551066 -0.012841 -1.000000 
-1.017454 -0.553812 -0.297658 -0.818253 -1.672260 0.708503 0.550964 -0.012568 -1.000000 
-1.021714 -0.511121 -0.304157 -0.806522 -1.666719 0.676599 0.550865 -0.012316 -1.000000 
-1.025633 -0.468811 -0.310562 -0.794677 -1.661437 0.643873 0.550767 -0.012084 -1.000000 
-1.029216 -0.426873 -0.316871 -0.782721 -1.656419 0.610371 0.550671 -0.011870 -1.000000 
-1.032464 -0.385297 -0.323085 -0.770655 -1.651673 0.576139 0.550577 -0.011674 -1.000000 
-1.035381 -0.344071 -0.329201 -0.758482 -1.647203 0.541220 0.550485 -0.011494 -1.000000 
-1.037970 -0.303182 -0.335220 -0.746203 -1.643015 0.505662 0.550393 -0.011331 -1.000000 
-1.040233 -0.262615 -0.341140 -0.733817 -1.639114 0.469510 0.550303 -0.011183 -1.000000 
-1.042173 -0.222356 -0.346961 -0.721323 -1.635504 0.432808 0.550214 -0.011049 -1.000000 
-1.043791 -0.182388 -0.352681 -0.708721 -1.632190 0.395602 0.550126 -0.010929 -1.000000 
-1.045092 -0.142692 -0.358300 -0.696009 -1.629176 0.357938 0.550039 -0.010823 -1.000000 
-1.046075 -0.103251 -0.363817 -0.683182 -1.626464 0.319862 0.549953 -0.010731 -1.000000 
-1.046744 -0.064045 -0.369231 -0.670239 -1.624059 0.281417 0.549868 -0.010651 -1.000000 
-1.047100 -0.025054 -0.374541 -0.657174 -1.621962 0.242651 0.549783 -0.010583 -1.000000 
-1.047146 0.013743 -0.379745 -0.643983 -1.620177 0.203607 0.549698 -0.010528 -1.000000 
-1.046881 0.052366 -0.384844 -0.630661 -1.618705 0.164331 0.549614 -0.010484 -1.000000 
-1.046308 0.090837 -0.389836 -0.617202 -1.617548 0.124869 0.549531 -0.010452 -1.000000 
-1.045428 0.129178 -0.394719 -0.603599 -1.616708 0.085265 0.549447 -0.010433 -1.000000 
-1.044242 0.167410 -0.399493 -0.589846 -1.616184 0.045564 0.549364 -0.010424 -1.000000 
-1.042750 0.205556 -0.404156 -0.575935 -1.615979 0.005811 0.549280 -0.010428 -1.000000 
-1.040953 0.243637 -0.408707 -0.561859 -1.616091 -0.033948 0.549197 -0.010442 -1.000000 
-1.038852 0.281675 -0.413145 -0.547609 -1.616522 -0.073669 0.549113 -0.010469 -1.000000 
-1.036446 0.319692 -0.417469 -0.533177 -1.617270 -0.113307 0.549029 -0.010507 -1.000000 
-1.033737 0.357708 -0.421676 -0.518553 -1.618334 -0.152816 0.548945 -0.010557 -1.000000 
-1.030723 0.395746 -0.425765 -0.503730 -1.619714 -0.192152 0.548860 -0.010620 -1.000000 
-1.027404 0.433824 -0.429735 -0.488698 -1.621408 -0.231270 0.548775 -0.010694 -1.000000 
-1.023781 0.471963 -0.433583 -0.473446 -1.623414 -0.270124 0.548689 -0.010781 -1.000000 
-1.019853 0.510182 -0.437309 -0.457966 -1.625730 -0.308670 0.548602 -0.010881 -1.000000 
-1.015618 0.548498 -0.440910 -0.442248 -1.628352 -0.346862 0.548515 -0.010995 -1.000000 
-1.011077 0.586929 -0.444385 -0.426282 -1.631278 -0.384656 0.548426 -0.011122 -1.000000 
-1.006227 0.625491 -0.447730 -0.410058 -1.634505 -0.422006 0.548337 -0.011264 -1.000000 
-1.001068 0.664199 -0.450945 -0.393566 -1.638029 -0.458866 0.548246 -0.011420 -1.000000 
-0.995599 0.703067 -0.454026 -0.376798 -1.641846 -0.495192 0.548154 -0.011592 -1.000000 
-0.989819 0.742107 -0.456973 -0.359742 -1.645951 -0.530939 0.548061 -0.011781 -1.000000 
-0.983725 0.781331 -0.459781 -0.342391 -1.650339 -0.566061 0.547966 -0.011986 -1.000000 
-0.977317 0.820748 -0.462450 -0.324734 -1.655006 -0.600513 0.547869 -0.012209 -1.000000 
-0.970593 0.860368 -0.464976 -0.306764 -1.659945 -0.634249 0.547770 -0.012452 -1.000000 
-0.963551 0.900196 -0.467358 -0.288471 -1.665152 -0.667226 0.547670 -0.012714 -1.000000 
-0.956189 0.940238 -0.469591 -0.269848 -1.670619 -0.699398 0.547567 -0.012998 -1.000000 
-0.948506 0.980496 -0.471674 -0.250887 -1.676340 -0.730721 0.547462 -0.013304 -1.000000 
-0.940500 1.020974 -0.473604 -0.231581 -1.682308 -0.761149 0.547354 -0.013634 -1.000000 
-0.932170 1.061669 -0.475379 -0.211924 -1.688516 -0.790639 0.547243 -0.013990 -1.000000 
-0.923513 1.102579 -0.476994 -0.191909 -1.694956 -0.819146 0.547130 -0.014374 -1.000000 
-0.914528 1.143701 -0.478448 -0.171531 -1.701619 -0.846628 0.547013 -0.014787 -1.000000 
-0.905213 1.185028 -0.479738 -0.150786 -1.708499 -0.873040 0.546893 -0.015232 -1.000000 
-0.895567 1.226551 -0.480860 -0.129670 -1.715585 -0.898341 0.546769 -0.015711 -1.000000 
-0.885588 1.268261 -0.481811 -0.108181 -1.722869 -0.922489 0.546642 -0.016228 -1.000000 
-0.875275 1.310143 -0.482590 -0.086315 -1.730342 -0.945442 0.546510 -0.016784 -1.000000 
-0.864625 1.352184 -0.483191 -0.064072 -1.737993 -0.967159 0.546373 -0.017383 -1.000000 
-0.853639 1.394366 -0.483614 -0.041451 -1.745813 -0.987600 0.546231 -0.018030 -1.000000 
-0.842315 1.436670 -0.483854 -0.018454 -1.753791 -1.006728 0.546084 -0.018727 -1.000000 
-0.830652 1.479073 -0.483908 0.004919 -1.761917 -1.024504 0.545932 -0.019481 -1.000000 
-0.818650 1.521553 -0.483774 0.028663 -1.770179 -1.040891 0.545773 -0.020296 -1.000000 
-0.806307 1.564084 -0.483448 0.052775 -1.778567 -1.055855 0.545607 -0.021177 -1.000000 
-0.793624 1.606636 -0.482929 0.077251 -1.787069 -1.069360 0.545434 -0.022132 -1.000000 
-0.780601 1.649180 -0.482211 0.102083 -1.795673 -1.081376 0.545252 -0.023167 -1.000000 
-0.767238 1.691682 -0.481294 0.127264 -1.804367 -1.091870 0.545063 -0.024291 -1.000000 
-0.753534 1.734108 -0.480174 0.152786 -1.813139 -1.100814 0.544864 -0.025514 -1.000000 
-0.739492 1.776422 -0.478849 0.178638 -1.821976 -1.108180 0.544654 -0.026845 -1.000000 
-0.725112 1.818584 -0.477315 0.204809 -1.830865 -1.113943 0.544434 -0.028297 -1.000000 
-0.710395 1.860553 -0.475571 0.231286 -1.839795 -1.118080 0.544201 -0.029883 -1.000000 
-0.695344 1.902287 -0.473614 0.258056 -1.848750 -1.120570 0.543955 -0.031618 -1.000000 
-0.679960 1.943741 -0.471441 0.285103 -1.857719 -1.121394 0.543695 -0.033521 -1.000000 
-0.664245 1.984869 -0.469052 0.312411 -1.866688 -1.120535 0.543418 -0.035611 -1.000000 
-0.648203 2.025623 -0.466442 0.339961 -1.875643 -1.117981 0.543124 -0.037911 -1.000000 
-0.631836 2.065955 -0.463612 0.367736 -1.884571 -1.113720 0.542811 -0.040448 -1.000000 
-0.615149 2.105812 -0.460558 0.395715 -1.893458 -1.107745 0.542477 -0.043253 -1.000000 
-0.598144 2.145144 -0.457280 0.423875 -1.902291 -1.100050 0.542118 -0.046361 -1.000000 
-0.580828 2.183898 -0.453775 0.452195 -1.911055 -1.090634 0.541734 -0.049814 -1.000000 
-0.563204 2.222019 -0.450044 0.480650 -1.919736 -1.079497 0.541320 -0.053659 -1.000000 
-0.545277 2.259453 -0.446085 0.509215 -1.928322 -1.066644 0.540874 -0.057953 -1.000000 
-0.527054 2.296145 -0.441897 0.537864 -1.936798 -1.052083 0.540392 -0.062761 -1.000000 
-0.508541 2.332039 -0.437479 0.566569 -1.945151 -1.035825 0.539868 -0.068161 -1.000000 
-0.489744 2.367079 -0.432831 0.595303 -1.953367 -1.017885 0.539299 -0.074245 -1.000000 
-0.470670 2.401208 -0.427954 0.624035 -1.961432 -0.998282 0.538678 -0.081121 -1.000000 
-0.451327 2.434372 -0.422847 0.652737 -1.969335 -0.977036 0.537999 -0.088916 -1.000000 
-0.431723 2.466513 -0.417510 0.681377 -1.977061 -0.954176 0.537253 -0.097786 -1.000000 
-0.411866 2.497578 -0.411945 0.709922 -1.984597 -0.929729 0.536431 -0.107911 -1.000000 
-0.391765 2.527512 -0.406152 0.738342 -1.991932 -0.903730 0.535522 -0.119513 -1.000000 
-0.371429 2.556261 -0.400132 0.766604 -1.999053 -0.876215 0.534514 -0.132856 -1.000000 
-0.350868 2.583772 -0.393887 0.794673 -2.005948 -0.847227 0.533391 -0.148257 -1.000000 
-0.330092 2.609996 -0.387418 0.822516 -2.012605 -0.816809 0.532135 -0.166101 -1.000000 
-0.309112 2.634882 -0.380727 0.850100 -2.019013 -0.785012 0.530726 -0.186853 -1.000000 
-0.287938 2.658383 -0.373817 0.877391 -2.025161 -0.751889 0.529137 -0.211071 -1.000000 
-0.266581 2.680453 -0.366690 0.904353 -2.031040 -0.717497 0.527338 -0.239432 -1.000000 
-0.245054 2.701049 -0.359348 0.930953 -2.036638 -0.681897 0.525292 -0.272746 -1.000000 
-0.223369 2.720131 -0.351796 0.957158 -2.041947 -0.645154 0.522958 -0.311978 -1.000000 
-0.201536 2.737659 -0.344035 0.982933 -2.046958 -0.607338 0.520282 -0.358265 -1.000000 
-0.179570 2.753600 -0.336070 1.008245 -2.051662 -0.568523 0.517203 -0.412919 -1.000000 
-0.157483 2.767921 -0.327904 1.033062 -2.056052 -0.528787 0.513649 -0.477409 -1.000000 
-0.135288 2.780593 -0.319542 1.057351 -2.060120 -0.488213 0.509534 -0.553301 -1.000000 
-0.112998 2.791594 -0.310988 1.081080 -2.063861 -0.446886 0.504762 -0.642130 -1.000000 
-0.090627 2.800901 -0.302247 1.104221 -2.067269 -0.404898 0.499222 -0.745152 -1.000000 
-0.068188 2.808500 -0.293322 1.126742 -2.070338 -0.362346 0.492800 -0.862955 -1.000000 
-0.045696 2.814378 -0.284221 1.148617 -2.073065 -0.319328 0.485377 -0.994872 -1.000000 
-0.023163 2.818531 -0.274946 1.169818 -2.075446 -0.275948 0.476851 -1.138233 -1.000000 
-0.000604 2.820957 -0.265505 1.190320 -2.077479 -0.232315 0.467149 -1.287582 -1.000000 
0.021968 2.821661 -0.255903 1.210101 -2.079163 -0.188538 0.456257 -1.434153 -1.000000 
0.044538 2.820654 -0.246146 1.229138 -2.080496 -0.144726 0.444242 -1.566101 -1.000000 
0.067094 2.817952 -0.236239 1.247415 -2.081479 -0.100988 0.431274 -1.669918 -1.000000 
0.089621 2.813577 -0.226189 1.264915 -2.082112 -0.057428 0.417632 -1.733096 -1.000000 
0.112107 2.807556 -0.216002 1.281626 -2.082398 -0.014139 0.403676 -1.747356 -1.000000 
0.134538 2.799918 -0.205685 1.297541 -2.082339 0.028797 0.389809 -1.711083 -1.000000 
0.156901 2.790694 -0.195244 1.312655 -2.081939 0.071312 0.376419 -1.629771 -1.000000 
0.179185 2.779917 -0.184685 1.326965 -2.081200 0.113350 0.363825 -1.514253 -1.000000 
0.201376 2.767619 -0.174015 1.340472 -2.080126 0.154868 0.352247 -1.377660 -1.000000 
0.223463 2.753832 -0.163239 1.353178 -2.078723 0.195832 0.341805 -1.232494 -1.000000 
0.245433 2.738588 -0.152366 1.365086 -2.076995 0.236211 0.332523 -1.088745 -1.000000 
0.267276 2.721916 -0.141400 1.376199 -2.074946 0.275978 0.324362 -0.953236 -1.000000 
0.288980 2.703847 -0.130349 1.386520 -2.072581 0.315103 0.317239 -0.829860 -1.000000 
0.310534 2.684411 -0.119218 1.396054 -2.069906 0.353558 0.311048 -0.720245 -1.000000 
0.331927 2.663639 -0.108014 1.404802 -2.066926 0.391310 0.305678 -0.624488 -1.000000 
0.353149 2.641562 -0.096743 1.412769 -2.063647 0.428326 0.301021 -0.541775 -1.000000 
0.374189 2.618212 -0.085412 1.419960 -2.060075 0.464571 0.296978 -0.470837 -1.000000 
0.395037 2.593622 -0.074026 1.426377 -2.056216 0.500009 0.293460 -0.410243 -1.000000 
0.415683 2.567826 -0.062592 1.432026 -2.052077 0.534602 0.290390 -0.358578 -1.000000 
0.436119 2.540859 -0.051116 1.436911 -2.047664 0.568313 0.287703 -0.314531 -1.000000 
0.456334 2.512757 -0.039603 1.441040 -2.042986 0.601105 0.285341 -0.276938 -1.000000 
0.476320 2.483556 -0.028061 1.444419 -2.038049 0.632939 0.283257 -0.244792 -1.000000 
0.496068 2.453295 -0.016495 1.447054 -2.032862 0.663780 0.281412 -0.217233 -1.000000 
0.515570 2.422013 -0.004910 1.448955 -2.027432 0.693593 0.279771 -0.193538 -1.000000 
0.534818 2.389749 0.006687 1.450129 -2.021767 0.722342 0.278307 -0.173099 -1.000000 
0.553804 2.356543 0.018290 1.450587 -2.015877 0.749995 0.276994 -0.155408 -1.000000 
0.572520 2.322435 0.029894 1.450339 -2.009770 0.776520 0.275814 -0.140043 -1.000000 
0.590960 2.287468 0.041494 1.449396 -2.003456 0.801889 0.274748 -0.126652 -1.000000 
0.609117 2.251682 0.053083 1.447770 -1.996943 0.826072 0.273783 -0.114940 -1.000000 
0.626985 2.215121 0.064656 1.445473 -1.990242 0.849044 0.272905 -0.104661 -1.000000 
0.644557 2.177825 0.076209 1.442518 -1.983362 0.870781 0.272105 -0.095610 -1.000000 
0.661829 2.139838 0.087735 1.438919 -1.976313 0.891260 0.271373 -0.087615 -1.000000 
0.678793 2.101201 0.099230 1.434690 -1.969105 0.910461 0.270701 -0.080528 -1.000000 
0.695446 2.061957 0.110688 1.429846 -1.961749 0.928367 0.270082 -0.074228 -1.000000 
0.711783 2.022148 0.122106 1.424403 -1.954255 0.944962 0.269511 -0.068611 -1.000000 
0.727799 1.981814 0.133477 1.418375 -1.946633 0.960231 0.268983 -0.063588 -1.000000 
0.743491 1.940999 0.144798 1.411779 -1.938894 0.974163 0.268493 -0.059084 -1.000000 
0.758854 1.899741 0.156064 1.404632 -1.931050 0.986748 0.268036 -0.055034 -1.000000 
0.773885 1.858083 0.167271 1.396949 -1.923110 0.997980 0.267611 -0.051384 -1.000000 
0.788582 1.816061 0.178414 1.388749 -1.915086 1.007851 0.267213 -0.048086 -1.000000 
0.802942 1.773717 0.189489 1.380047 -1.906988 1.016360 0.266841 -0.045099 -1.000000 
0.816961 1.731087 0.200493 1.370861 -1.898828 1.023504 0.266491 -0.042388 -1.000000 
0.830638 1.688208 0.211422 1.361208 -1.890616 1.029285 0.266162 -0.039922 -1.000000 
0.843972 1.645117 0.222272 1.351105 -1.882363 1.033704 0.265852 -0.037673 -1.000000 
0.856960 1.601849 0.233039 1.340570 -1.874080 1.036765 0.265559 -0.035620 -1.000000 
0.869601 1.558437 0.243720 1.329620 -1.865778 1.038477 0.265281 -0.033741 -1.000000 
0.881894 1.514914 0.254311 1.318272 -1.857468 1.038845 0.265018 -0.032019 -1.000000 
0.893839 1.471312 0.264811 1.306543 -1.849160 1.037879 0.264769 -0.030438 -1.000000 
0.905435 1.427660 0.275215 1.294448 -1.840865 1.035592 0.264531 -0.028983 -1.000000 
0.916682 1.383989 0.285521 1.282006 -1.832594 1.031996 0.264305 -0.027644 -1.000000 
0.927579 1.340325 0.295726 1.269231 -1.824357 1.027105 0.264088 -0.026408 -1.000000 
0.938127 1.296695 0.305828 1.256141 -1.816164 1.020936 0.263882 -0.025267 -1.000000 
0.948326 1.253124 0.315824 1.242749 -1.808025 1.013505 0.263684 -0.024211 -1.000000 
0.958177 1.209636 0.325711 1.229072 -1.799951 1.004832 0.263494 -0.023234 -1.000000 
0.967681 1.166252 0.335488 1.215124 -1.791951 0.994936 0.263312 -0.022327 -1.000000 
0.976838 1.122993 0.345153 1.200919 -1.784035 0.983838 0.263137 -0.021487 -1.000000 
0.985649 1.079879 0.354702 1.186470 -1.776213 0.971562 0.262968 -0.020706 -1.000000 
0.994116 1.036927 0.364135 1.171792 -1.768493 0.958129 0.262805 -0.019980 -1.000000 
1.002240 0.994153 0.373450 1.156896 -1.760886 0.943565 0.262648 -0.019304 -1.000000 
1.010023 0.951574 0.382645 1.141795 -1.753399 0.927895 0.262496 -0.018675 -1.000000 
1.017466 0.909201 0.391719 1.126501 -1.746042 0.911145 0.262349 -0.018089 -1.000000 
1.024571 0.867048 0.400669 1.111024 -1.738824 0.893343 0.262207 -0.017543 -1.000000 
1.031340 0.825124 0.409494 1.095374 -1.731752 0.874516 0.262069 -0.017034 -1.000000 
1.037774 0.783440 0.418194 1.079561 -1.724834 0.854693 0.261934 -0.016559 -1.000000 
1.043875 0.742004 0.426767 1.063595 -1.718079 0.833903 0.261804 -0.016115 -1.000000 
1.049646 0.700821 0.435211 1.047484 -1.711494 0.812176 0.261676 -0.015702 -1.000000 
1.055089 0.659897 0.443526 1.031235 -1.705087 0.789542 0.261552 -0.015316 -1.000000 
1.060205 0.619237 0.451711 1.014856 -1.698864 0.766033 0.261431 -0.014956 -1.000000 
1.064998 0.578844 0.459764 0.998353 -1.692833 0.741680 0.261313 -0.014621 -1.000000 
1.069468 0.538718 0.467684 0.981732 -1.686999 0.716515 0.261197 -0.014308 -1.000000 
1.073618 0.498861 0.475471 0.964998 -1.681370 0.690570 0.261084 -0.014017 -1.000000 
1.077450 0.459272 0.483124 0.948155 -1.675952 0.663878 0.260973 -0.013746 -1.000000 
1.080967 0.419949 0.490641 0.931209 -1.670750 0.636472 0.260864 -0.013494 -1.000000 
1.084170 0.380890 0.498023 0.914161 -1.665770 0.608384 0.260757 -0.013260 -1.000000 
1.087062 0.342091 0.505268 0.897014 -1.661018 0.579649 0.260652 -0.013044 -1.000000 
1.089644 0.303547 0.512375 0.879770 -1.656498 0.550300 0.260548 -0.012844 -1.000000 
1.091919 0.265254 0.519344 0.862431 -1.652215 0.520371 0.260446 -0.012659 -1.000000 
1.093889 0.227205 0.526173 0.844997 -1.648173 0.489896 0.260346 -0.012489 -1.000000 
1.095555 0.189392 0.532863 0.827468 -1.644378 0.458910 0.260246 -0.012334 -1.000000 
1.096920 0.151808 0.539413 0.809845 -1.640832 0.427446 0.260148 -0.012192 -1.000000 
1.097985 0.114446 0.545821 0.792125 -1.637540 0.395539 0.260051 -0.012064 -1.000000 
1.098751 0.077295 0.552086 0.774307 -1.634504 0.363224 0.259955 -0.011948 -1.000000 
1.099222 0.040346 0.558209 0.756390 -1.631729 0.330535 0.259860 -0.011845 -1.000000 
1.099397 0.003589 0.564188 0.738371 -1.629217 0.297506 0.259766 -0.011754 -1.000000 
1.099280 -0.032986 0.570023 0.720246 -1.626970 0.264174 0.259672 -0.011674 -1.000000 
1.098870 -0.069390 0.575712 0.702012 -1.624991 0.230572 0.259579 -0.011606 -1.000000 
1.098170 -0.105634 0.581255 0.683665 -1.623281 0.196735 0.259486 -0.011549 -1.000000 
1.097180 -0.141730 0.586650 0.665201 -1.621843 0.162698 0.259394 -0.011503 -1.000000 
1.095903 -0.177690 0.591898 0.646615 -1.620679 0.128496 0.259302 -0.011467 -1.000000 
1.094338 -0.213525 0.596996 0.627901 -1.619788 0.094164 0.259210 -0.011443 -1.000000 
1.092487 -0.249246 0.601944 0.609055 -1.619172 0.059736 0.259119 -0.011429 -1.000000 
1.090350 -0.284867 0.606740 0.590071 -1.618832 0.025248 0.259028 -0.011426 -1.000000 
1.087929 -0.320399 0.611385 0.570942 -1.618768 -0.009266 0.258936 -0.011433 -1.000000 
1.085224 -0.355853 0.615875 0.551663 -1.618980 -0.043770 0.258845 -0.011451 -1.000000 
1.082235 -0.391241 0.620211 0.532226 -1.619468 -0.078230 0.258753 -0.011479 -1.000000 
1.078964 -0.426576 0.624390 0.512625 -1.620232 -0.112612 0.258661 -0.011519 -1.000000 
1.075410 -0.461867 0.628412 0.492854 -1.621270 -0.146879 0.258569 -0.011569 -1.000000 
1.071574 -0.497126 0.632275 0.472904 -1.622582 -0.180998 0.258476 -0.011630 -1.000000 
1.067456 -0.532364 0.635978 0.452770 -1.624165 -0.214933 0.258382 -0.011703 -1.000000 
1.063057 -0.567590 0.639519 0.432444 -1.626020 -0.248650 0.258288 -0.011786 -1.000000 
1.058375 -0.602814 0.642897 0.411920 -1.628143 -0.282114 0.258194 -0.011882 -1.000000 
1.053411 -0.638046 0.646109 0.391189 -1.630533 -0.315291 0.258098 -0.011990 -1.000000 
1.048166 -0.673294 0.649155 0.370245 -1.633187 -0.348145 0.258002 -0.012110 -1.000000 
1.042639 -0.708566 0.652033 0.349080 -1.636102 -0.380642 0.257905 -0.012243 -1.000000 
1.036829 -0.743869 0.654740 0.327689 -1.639276 -0.412747 0.257806 -0.012389 -1.000000 
1.030737 -0.779209 0.657275 0.306065 -1.642705 -0.444427 0.257706 -0.012549 -1.000000 
1.024362 -0.814593 0.659636 0.284200 -1.646386 -0.475647 0.257605 -0.012723 -1.000000 
1.017703 -0.850026 0.661822 0.262088 -1.650314 -0.506372 0.257503 -0.012912 -1.000000 
1.010761 -0.885511 0.663829 0.239725 -1.654486 -0.536569 0.257399 -0.013117 -1.000000 
1.003535 -0.921053 0.665657 0.217103 -1.658898 -0.566203 0.257293 -0.013339 -1.000000 
0.996024 -0.956652 0.667302 0.194218 -1.663544 -0.595241 0.257185 -0.013577 -1.000000 
0.988228 -0.992311 0.668763 0.171064 -1.668420 -0.623650 0.257075 -0.013834 -1.000000 
0.980147 -1.028030 0.670038 0.147638 -1.673521 -0.651395 0.256964 -0.014110 -1.000000 
0.971780 -1.063807 0.671125 0.123934 -1.678840 -0.678444 0.256850 -0.014406 -1.000000 
0.963126 -1.099642 0.672021 0.099950 -1.684374 -0.704764 0.256733 -0.014724 -1.000000 
0.954185 -1.135532 0.672723 0.075681 -1.690115 -0.730323 0.256614 -0.015064 -1.000000 
0.944957 -1.171472 0.673231 0.051127 -1.696057 -0.755088 0.256492 -0.015428 -1.000000 
0.935441 -1.207456 0.673541 0.026284 -1.702194 -0.779028 0.256367 -0.015819 -1.000000 
0.925638 -1.243480 0.673650 0.001151 -1.708519 -0.802111 0.256239 -0.016237 -1.000000 
0.915546 -1.279534 0.673558 -0.024273 -1.715025 -0.824306 0.256107 -0.016684 -1.000000 
0.905165 -1.315611 0.673261 -0.049987 -1.721705 -0.845584 0.255972 -0.017163 -1.000000 
0.894496 -1.351700 0.672758 -0.075990 -1.728552 -0.865914 0.255833 -0.017675 -1.000000 
0.883538 -1.387790 0.672045 -0.102282 -1.735557 -0.885267 0.255689 -0.018224 -1.000000 
0.872291 -1.423868 0.671120 -0.128861 -1.742714 -0.903615 0.255541 -0.018812 -1.000000 
0.860756 -1.459921 0.669982 -0.155723 -1.750013 -0.920929 0.255388 -0.019442 -1.000000 
0.848933 -1.495933 0.668628 -0.182864 -1.757446 -0.937184 0.255230 -0.020118 -1.000000 
0.836821 -1.531888 0.667056 -0.210280 -1.765005 -0.952352 0.255066 -0.020843 -1.000000 
0.824423 -1.567768 0.665263 -0.237966 -1.772680 -0.966409 0.254896 -0.021621 -1.000000 
0.811737 -1.603556 0.663247 -0.265914 -1.780464 -0.979330 0.254720 -0.022458 -1.000000 
0.798766 -1.639230 0.661008 -0.294119 -1.788347 -0.991091 0.254537 -0.023357 -1.000000 
0.785510 -1.674769 0.658541 -0.322571 -1.796318 -1.001671 0.254346 -0.024325 -1.000000 
0.771970 -1.710152 0.655846 -0.351262 -1.804370 -1.011049 0.254147 -0.025369 -1.000000 
0.758148 -1.745354 0.652920 -0.380181 -1.812492 -1.019204 0.253940 -0.026494 -1.000000 
0.744045 -1.780351 0.649762 -0.409318 -1.820674 -1.026117 0.253723 -0.027709 -1.000000 
0.729663 -1.815117 0.646370 -0.438661 -1.828906 -1.031773 0.253496 -0.029022 -1.000000 
0.715004 -1.849625 0.642743 -0.468196 -1.837179 -1.036154 0.253258 -0.030444 -1.000000 
0.700070 -1.883847 0.638879 -0.497911 -1.845481 -1.039246 0.253009 -0.031985 -1.000000 
0.684863 -1.917756 0.634776 -0.527790 -1.853803 -1.041037 0.252746 -0.033658 -1.000000 
0.669387 -1.951320 0.630434 -0.557818 -1.862135 -1.041515 0.252470 -0.035477 -1.000000 
0.653643 -1.984509 0.625851 -0.587978 -1.870464 -1.040670 0.252178 -0.037457 -1.000000 
0.637636 -2.017293 0.621026 -0.618253 -1.878782 -1.038496 0.251870 -0.039616 -1.000000 
0.621368 -2.049639 0.615958 -0.648624 -1.887077 -1.034984 0.251544 -0.041975 -1.000000 
0.604843 -2.081514 0.610648 -0.679072 -1.895338 -1.030132 0.251198 -0.044557 -1.000000 
0.588065 -2.112885 0.605093 -0.709578 -1.903555 -1.023938 0.250830 -0.047387 -1.000000 
0.571038 -2.143719 0.599294 -0.740120 -1.911717 -1.016400 0.250439 -0.050496 -1.000000 
0.553767 -2.173981 0.593251 -0.770676 -1.919814 -1.007520 0.250021 -0.053918 -1.000000 
0.536256 -2.203637 0.586964 -0.801224 -1.927834 -0.997302 0.249575 -0.057693 -1.000000 
0.518510 -2.232651 0.580432 -0.831741 -1.935767 -0.985753 0.249097 -0.061866 -1.000000 
0.500535 -2.260990 0.573656 -0.862203 -1.943603 -0.972880 0.248584 -0.066488 -1.000000 
0.482336 -2.288618 0.566637 -0.892586 -1.951330 -0.958692 0.248032 -0.071621 -1.000000 
0.463919 -2.315500 0.559375 -0.922864 -1.958938 -0.943204 0.247437 -0.077335 -1.000000 
0.445290 -2.341601 0.551871 -0.953012 -1.966418 -0.926429 0.246793 -0.083710 -1.000000 
0.426456 -2.366886 0.544127 -0.983003 -1.973758 -0.908384 0.246095 -0.090843 -1.000000 
0.407422 -2.391322 0.536144 -1.012812 -1.980948 -0.889090 0.245337 -0.098842 -1.000000 
0.388197 -2.414875 0.527923 -1.042411 -1.987980 -0.868567 0.244511 -0.107839 -1.000000 
0.368787 -2.437510 0.519466 -1.071772 -1.994842 -0.846839 0.243609 -0.117983 -1.000000 
0.349199 -2.459196 0.510775 -1.100870 -2.001526 -0.823934 0.242620 -0.129454 -1.000000 
0.329442 -2.479900 0.501853 -1.129674 -2.008022 -0.799879 0.241533 -0.142460 -1.000000 
0.309524 -2.499592 0.492701 -1.158159 -2.014321 -0.774707 0.240336 -0.157246 -1.000000 
0.289452 -2.518242 0.483323 -1.186296 -2.020415 -0.748451 0.239012 -0.174101 -1.000000 
0.269235 -2.535819 0.473721 -1.214056 -2.026294 -0.721146 0.237544 -0.193366 -1.000000 
0.248881 -2.552297 0.463899 -1.241414 -2.031950 -0.692832 0.235911 -0.215435 -1.000000 
0.228401 -2.567650 0.453860 -1.268339 -2.037376 -0.663549 0.234088 -0.240774 -1.000000 
0.207802 -2.581851 0.443607 -1.294806 -2.042565 -0.633341 0.232048 -0.269920 -1.000000 
0.187094 -2.594878 0.433144 -1.320788 -2.047507 -0.602254 0.229758 -0.303491 -1.000000 
0.166287 -2.606708 0.422476 -1.346256 -2.052198 -0.570335 0.227179 -0.342187 -1.000000 
0.145390 -2.617322 0.411605 -1.371187 -2.056631 -0.537636 0.224267 -0.386786 -1.000000 
0.124413 -2.626701 0.400538 -1.395553 -2.060799 -0.504210 0.220972 -0.438126 -1.000000 
0.103366 -2.634829 0.389278 -1.419330 -2.064696 -0.470112 0.217237 -0.497066 -1.000000 
0.082260 -2.641692 0.377830 -1.442493 -2.068319 -0.435401 0.212996 -0.564419 -1.000000 
0.061103 -2.647278 0.366200 -1.465020 -2.071661 -0.400137 0.208182 -0.640844 -1.000000 
0.039907 -2.651579 0.354392 -1.486888 -2.074720 -0.364384 0.202718 -0.726670 -1.000000 
0.018681 -2.654587 0.342412 -1.508076 -2.077490 -0.328206 0.196530 -0.821674 -1.000000 
-0.002563 -2.656298 0.330265 -1.528563 -2.079970 -0.291672 0.189549 -0.924778 -1.000000 
-0.023816 -2.656711 0.317957 -1.548330 -2.082156 -0.254850 0.181718 -1.033723 -1.000000 
-0.045067 -2.655829 0.305493 -1.567360 -2.084047 -0.217813 0.173004 -1.144791 -1.000000 
-0.066306 -2.653655 0.292881 -1.585638 -2.085641 -0.180631 0.163410 -1.252675 -1.000000 
-0.087522 -2.650197 0.280125 -1.603148 -2.086937 -0.143377 0.152987 -1.350684 -1.000000 
-0.108706 -2.645467 0.267232 -1.619878 -2.087935 -0.106122 0.141845 -1.431379 -1.000000 
-0.129846 -2.639478 0.254209 -1.635820 -2.088635 -0.068935 0.130151 -1.487662 -1.000000 
-0.150934 -2.632246 0.241062 -1.650963 -2.089038 -0.031879 0.118122 -1.514105 -1.000000 
-0.171959 -2.623788 0.227796 -1.665302 -2.089146 0.004985 0.106012 -1.508120 -1.000000 
-0.192912 -2.614124 0.214419 -1.678834 -2.088959 0.041605 0.094077 -1.470547 -1.000000 
-0.213782 -2.603274 0.200937 -1.691557 -2.088481 0.077933 0.082557 -1.405428 -1.000000 
-0.234561 -2.591259 0.187356 -1.703469 -2.087713 0.113929 0.071647 -1.319063 -1.000000 
-0.255239 -2.578100 0.173683 -1.714573 -2.086659 0.149558 0.061489 -1.218718 -1.000000 
-0.275807 -2.563818 0.159925 -1.724870 -2.085321 0.184790 0.052166 -1.111419 -1.000000 
-0.296257 -2.548433 0.146088 -1.734362 -2.083703 0.219594 0.043709 -1.003116 -1.000000 
-0.316580 -2.531967 0.132177 -1.743052 -2.081809 0.253945 0.036107 -0.898286 -1.000000 
-0.336766 -2.514439 0.118201 -1.750945 -2.079642 0.287816 0.029319 -0.799918 -1.000000 
-0.356808 -2.495872 0.104164 -1.758042 -2.077205 0.321181 0.023286 -0.709714 -1.000000 
-0.376697 -2.476287 0.090074 -1.764350 -2.074504 0.354013 0.017940 -0.628389 -1.000000 
-0.396426 -2.455705 0.075937 -1.769871 -2.071542 0.386284 0.013208 -0.555965 -1.000000 
-0.415986 -2.434150 0.061758 -1.774610 -2.068325 0.417966 0.009022 -0.492028 -1.000000 
-0.435370 -2.411643 0.047545 -1.778572 -2.064857 0.449030 0.005315 -0.435917 -1.000000 
-0.454570 -2.388209 0.033303 -1.781764 -2.061142 0.479448 0.002028 -0.386860 -1.000000 
-0.473546 -2.355834 0.019039 -1.783591 -2.057046 0.544583 0.001941 0.343442 1.000000 
-0.492292 -2.330489 0.004772 -1.783167 -2.052572 0.573664 0.004532 0.305155 1.000000 
-0.510832 -2.304278 -0.009489 -1.781999 -2.047869 0.602042 0.006837 0.271924 1.000000 
-0.529159 -2.277229 -0.023738 -1.780093 -2.042942 0.629679 0.008894 0.243044 1.000000 
-0.547265 -2.249367 -0.037969 -1.777456 -2.037796 0.656537 0.010736 0.217902 1.000000 
-0.565146 -2.220720 -0.052176 -1.774099 -2.032439 0.682580 0.012389 0.195968 1.000000 
-0.582795 -2.191316 -0.066353 -1.770029 -2.026877 0.707775 0.013879 0.176787 1.000000 
-0.600205 -2.161183 -0.080494 -1.765258 -2.021117 0.732090 0.015224 0.159971 1.000000 
-0.617372 -2.130350 -0.094595 -1.759796 -2.015166 0.755494 0.016444 0.145189 1.000000 
-0.634289 -2.098846 -0.108649 -1.753656 -2.009032 0.777960 0.017552 0.132159 1.000000 
-0.650952 -2.066702 -0.122652 -1.746849 -2.002721 0.799461 0.018562 0.120644 1.000000 
-0.667355 -2.033948 -0.136597 -1.739389 -1.996243 0.819971 0.019486 0.110438 1.000000 
-0.683494 -2.000613 -0.150480 -1.731290 -1.989605 0.839469 0.020332 0.101368 1.000000 
-0.699363 -1.966728 -0.164296 -1.722565 -1.982814 0.857933 0.021110 0.093286 1.000000 
-0.714960 -1.932323 -0.178040 -1.713230 -1.975880 0.875343 0.021827 0.086067 1.000000 
-0.730279 -1.897430 -0.191706 -1.703300 -1.968812 0.891682 0.022489 0.079600 1.000000 
-0.745317 -1.862078 -0.205291 -1.692789 -1.961616 0.906934 0.023102 0.073794 1.000000 
-0.760071 -1.826297 -0.218789 -1.681715 -1.954304 0.921084 0.023672 0.068568 1.000000 
-0.774537 -1.790117 -0.232197 -1.670093 -1.946882 0.934121 0.024201 0.063854 1.000000 
-0.788712 -1.753568 -0.245509 -1.657939 -1.939361 0.946032 0.024694 0.059591 1.000000 
-0.802593 -1.716680 -0.258722 -1.645270 -1.931749 0.956810 0.025155 0.055728 1.000000 
-0.816178 -1.679480 -0.271832 -1.632104 -1.924055 0.966447 0.025587 0.052219 1.000000 
-0.829464 -1.641999 -0.284835 -1.618456 -1.916288 0.974937 0.025992 0.049027 1.000000 
-0.842449 -1.604263 -0.297726 -1.604344 -1.908459 0.982276 0.026372 0.046116 1.000000 
-0.855132 -1.566301 -0.310503 -1.589785 -1.900575 0.988460 0.026730 0.043458 1.000000 
-0.867510 -1.528138 -0.323162 -1.574795 -1.892647 0.993490 0.027068 0.041024 1.000000 
-0.879582 -1.489802 -0.335699 -1.559393 -1.884682 0.997365 0.027387 0.038794 1.000000 
-0.891346 -1.451317 -0.348111 -1.543593 -1.876692 1.000088 0.027689 0.036745 1.000000 
-0.902802 -1.412709 -0.360395 -1.527414 -1.868684 1.001661 0.027976 0.034861 1.000000 
-0.913949 -1.374001 -0.372549 -1.510872 -1.860668 1.002089 0.028247 0.033125 1.000000 
-0.924786 -1.335217 -0.384568 -1.493982 -1.852654 1.001379 0.028506 0.031524 1.000000 
-0.935313 -1.296379 -0.396451 -1.476762 -1.844649 0.999538 0.028752 0.030045 1.000000 
-0.945528 -1.257509 -0.408196 -1.459226 -1.836664 0.996575 0.028987 0.028677 1.000000 
-0.955433 -1.218627 -0.419798 -1.441391 -1.828707 0.992499 0.029211 0.027409 1.000000 
-0.965026 -1.179753 -0.431257 -1.423271 -1.820787 0.987322 0.029426 0.026234 1.000000 
-0.974309 -1.140907 -0.442570 -1.404881 -1.812913 0.981056 0.029631 0.025142 1.000000 
-0.983281 -1.102105 -0.453734 -1.386236 -1.805093 0.973714 0.029828 0.024128 1.000000 
-0.991943 -1.063366 -0.464749 -1.367350 -1.797336 0.965311 0.030017 0.023184 1.000000 
-1.000295 -1.024704 -0.475611 -1.348236 -1.789651 0.955863 0.030199 0.022304 1.000000 
-1.008338 -0.986135 -0.486320 -1.328906 -1.782045 0.945385 0.030375 0.021485 1.000000 
-1.016073 -0.947674 -0.496873 -1.309375 -1.774527 0.933895 0.030543 0.020720 1.000000 
-1.023501 -0.909333 -0.507270 -1.289653 -1.767105 0.921412 0.030706 0.020006 1.000000 
-1.030623 -0.871124 -0.517507 -1.269753 -1.759787 0.907954 0.030864 0.019339 1.000000 
-1.037440 -0.833059 -0.527585 -1.249685 -1.752581 0.893542 0.031016 0.018715 1.000000 
-1.043952 -0.795148 -0.537502 -1.229460 -1.745493 0.878195 0.031163 0.018131 1.000000 
-1.050162 -0.757401 -0.547256 -1.209087 -1.738532 0.861935 0.031306 0.017585 1.000000 
-1.056071 -0.719825 -0.556847 -1.188577 -1.731705 0.844785 0.031445 0.017073 1.000000 
-1.061680 -0.682428 -0.566273 -1.167938 -1.725018 0.826767 0.031579 0.016594 1.000000 
-1.066991 -0.645217 -0.575534 -1.147178 -1.718479 0.807904 0.031710 0.016145 1.000000 
-1.072004 -0.608198 -0.584628 -1.126304 -1.712093 0.788220 0.031838 0.015724 1.000000 
-1.076722 -0.571374 -0.593554 -1.105325 -1.705869 0.767739 0.031962 0.015329 1.000000 
-1.081147 -0.534751 -0.602313 -1.084245 -1.699812 0.746487 0.032083 0.014959 1.000000 
-1.085279 -0.498330 -0.610902 -1.063072 -1.693927 0.724487 0.032201 0.014612 1.000000 
-1.089120 -0.462115 -0.619322 -1.041810 -1.688222 0.701767 0.032317 0.014287 1.000000 
-1.092673 -0.426107 -0.627571 -1.020464 -1.682701 0.678351 0.032430 0.013983 1.000000 
-1.095939 -0.390306 -0.635649 -0.999039 -1.677370 0.654267 0.032541 0.013698 1.000000 
-1.098919 -0.354713 -0.643555 -0.977537 -1.672234 0.629541 0.032649 0.013431 1.000000 
-1.101615 -0.319327 -0.651289 -0.955962 -1.667299 0.604200 0.032755 0.013182 1.000000 
-1.104028 -0.284146 -0.658850 -0.934315 -1.662569 0.578271 0.032860 0.012949 1.000000 
-1.106162 -0.249168 -0.666238 -0.912600 -1.658048 0.551782 0.032963 0.012732 1.000000 
-1.108016 -0.214392 -0.673452 -0.890817 -1.653742 0.524762 0.033064 0.012530 1.000000 
-1.109592 -0.179812 -0.680491 -0.868968 -1.649653 0.497236 0.033163 0.012341 1.000000 
-1.110893 -0.145426 -0.687355 -0.847051 -1.645787 0.469235 0.033261 0.012167 1.000000 
-1.111920 -0.111230 -0.694044 -0.825068 -1.642147 0.440787 0.033358 0.012005 1.000000 
-1.112673 -0.077219 -0.700556 -0.803017 -1.638736 0.411919 0.033453 0.011856 1.000000 
-1.113156 -0.043386 -0.706892 -0.780898 -1.635557 0.382660 0.033548 0.011718 1.000000 
-1.113368 -0.009728 -0.713050 -0.758709 -1.632614 0.353040 0.033641 0.011593 1.000000 
-1.113312 0.023763 -0.719031 -0.736447 -1.629909 0.323087 0.033733 0.011478 1.000000 
-1.112988 0.057092 -0.724833 -0.714111 -1.627445 0.292830 0.033825 0.011374 1.000000 
-1.112399 0.090266 -0.730456 -0.691697 -1.625225 0.262298 0.033915 0.011281 1.000000 
-1.111544 0.123292 -0.735900 -0.669203 -1.623249 0.231521 0.034005 0.011198 1.000000 
-1.110426 0.156177 -0.741163 -0.646625 -1.621521 0.200527 0.034094 0.011124 1.000000 
-1.109046 0.188928 -0.746246 -0.623958 -1.620041 0.169346 0.034183 0.011061 1.000000 
-1.107404 0.221553 -0.751146 -0.601200 -1.618812 0.138007 0.034271 0.011007 1.000000 
-1.105501 0.254059 -0.755865 -0.578345 -1.617834 0.106540 0.034359 0.010962 1.000000 
-1.103339 0.286454 -0.760400 -0.555388 -1.617108 0.074974 0.034447 0.010927 1.000000 
-1.100918 0.318745 -0.764751 -0.532326 -1.616634 0.043338 0.034534 0.010901 1.000000 
-1.098240 0.350940 -0.768917 -0.509152 -1.616414 0.011662 0.034621 0.010884 1.000000 
-1.095304 0.383046 -0.772897 -0.485861 -1.616448 -0.020025 0.034708 0.010876 1.000000 
-1.092111 0.415072 -0.776690 -0.462449 -1.616735 -0.051694 0.034795 0.010877 1.000000 
-1.088663 0.447023 -0.780296 -0.438909 -1.617275 -0.083314 0.034882 0.010887 1.000000 
-1.084959 0.478908 -0.783712 -0.415236 -1.618067 -0.114856 0.034969 0.010906 1.000000 
-1.081000 0.510733 -0.786939 -0.391424 -1.619112 -0.146292 0.035057 0.010934 1.000000 
-1.076787 0.542505 -0.789975 -0.367467 -1.620408 -0.177591 0.035144 0.010972 1.000000 
-1.072320 0.574231 -0.792818 -0.343360 -1.621953 -0.208724 0.035232 0.011018 1.000000 
-1.067600 0.605916 -0.795468 -0.319097 -1.623747 -0.239663 0.035321 0.011074 1.000000 
-1.062626 0.637567 -0.797923 -0.294672 -1.625787 -0.270376 0.035410 0.011140 1.000000 
-1.057399 0.669189 -0.800182 -0.270079 -1.628072 -0.300836 0.035499 0.011216 1.000000 
-1.051919 0.700786 -0.802244 -0.245313 -1.630600 -0.331013 0.035589 0.011301 1.000000 
-1.046186 0.732365 -0.804107 -0.220369 -1.633368 -0.360878 0.035680 0.011397 1.000000 
-1.040201 0.763928 -0.805769 -0.195241 -1.636373 -0.390401 0.035771 0.011504 1.000000 
-1.033963 0.795480 -0.807230 -0.169924 -1.639613 -0.419555 0.035864 0.011622 1.000000 
-1.027473 0.827024 -0.808488 -0.144413 -1.643085 -0.448309 0.035957 0.011751 1.000000 
-1.020731 0.858561 -0.809540 -0.118705 -1.646785 -0.476636 0.036052 0.011891 1.000000 
-1.013736 0.890095 -0.810386 -0.092794 -1.650710 -0.504506 0.036148 0.012044 1.000000 
-1.006489 0.921626 -0.811024 -0.066677 -1.654856 -0.531892 0.036245 0.012210 1.000000 
-0.998990 0.953155 -0.811453 -0.040350 -1.659219 -0.558765 0.036343 0.012389 1.000000 
-0.991239 0.984683 -0.811669 -0.013809 -1.663794 -0.585096 0.036443 0.012582 1.000000 
-0.983235 1.016208 -0.811673 0.012947 -1.668579 -0.610858 0.036544 0.012790 1.000000 
-0.974980 1.047730 -0.811462 0.039923 -1.673566 -0.636024 0.036648 0.013013 1.000000 
-0.966472 1.079245 -0.811034 0.067119 -1.678753 -0.660565 0.036753 0.013252 1.000000 
-0.957712 1.110753 -0.810387 0.094537 -1.684134 -0.684456 0.036860 0.013508 1.000000 
-0.948700 1.142248 -0.809521 0.122178 -1.689703 -0.707667 0.036969 0.013782 1.000000 
-0.939436 1.173727 -0.808432 0.150043 -1.695455 -0.730175 0.037080 0.014075 1.000000 
-0.929920 1.205184 -0.807119 0.178132 -1.701384 -0.751951 0.037194 0.014389 1.000000 
-0.920153 1.236613 -0.805581 0.206443 -1.707484 -0.772971 0.037311 0.014723 1.000000 
-0.910134 1.268008 -0.803816 0.234977 -1.713749 -0.793209 0.037430 0.015081 1.000000 
-0.899865 1.299362 -0.801821 0.263730 -1.720173 -0.812639 0.037552 0.015464 1.000000 
-0.889345 1.330664 -0.799595 0.292701 -1.726749 -0.831239 0.037677 0.015872 1.000000 
-0.878574 1.361908 -0.797137 0.321886 -1.733471 -0.848983 0.037806 0.016308 1.000000 
-0.867554 1.393081 -0.794445 0.351282 -1.740330 -0.865848 0.037938 0.016774 1.000000 
-0.856285 1.424173 -0.791516 0.380884 -1.747322 -0.881812 0.038074 0.017272 1.000000 
-0.844768 1.455173 -0.788350 0.410687 -1.754437 -0.896852 0.038215 0.017805 1.000000 
-0.833003 1.486068 -0.784945 0.440684 -1.761669 -0.910947 0.038359 0.018375 1.000000 
-0.820991 1.516844 -0.781298 0.470870 -1.769010 -0.924076 0.038509 0.018985 1.000000 
-0.808734 1.547487 -0.777410 0.501237 -1.776451 -0.936219 0.038663 0.019639 1.000000 
-0.796232 1.577981 -0.773278 0.531776 -1.783986 -0.947357 0.038823 0.020339 1.000000 
-0.783486 1.608312 -0.768901 0.562478 -1.791606 -0.957471 0.038989 0.021090 1.000000 
-0.770499 1.638462 -0.764278 0.593335 -1.799303 -0.966544 0.039161 0.021897 1.000000 
-0.757272 1.668413 -0.759408 0.624335 -1.807068 -0.974559 0.039339 0.022764 1.000000 
-0.743805 1.698148 -0.754288 0.655467 -1.814893 -0.981500 0.039525 0.023696 1.000000 
-0.730102 1.727647 -0.748920 0.686720 -1.822769 -0.987354 0.039719 0.024700 1.000000 
-0.716164 1.756892 -0.743301 0.718079 -1.830688 -0.992106 0.039921 0.025783 1.000000 
-0.701992 1.785860 -0.737430 0.749532 -1.838640 -0.995744 0.040131 0.026952 1.000000 
-0.687591 1.814532 -0.731308 0.781064 -1.846617 -0.998256 0.040352 0.028215 1.000000 
-0.672961 1.842886 -0.724933 0.812661 -1.854609 -0.999633 0.040583 0.029581 1.000000 
-0.658105 1.870900 -0.718305 0.844306 -1.862608 -0.999865 0.040826 0.031063 1.000000 
-0.643027 1.898551 -0.711424 0.875982 -1.870604 -0.998945 0.041081 0.032671 1.000000 
-0.627730 1.925816 -0.704289 0.907673 -1.878588 -0.996866 0.041349 0.034419 1.000000 
-0.612215 1.952671 -0.696901 0.939360 -1.886551 -0.993624 0.041632 0.036322 1.000000 
-0.596488 1.979091 -0.689260 0.971025 -1.894483 -0.989214 0.041930 0.038398 1.000000 
-0.580551 2.005054 -0.681365 1.002648 -1.902375 -0.983635 0.042247 0.040667 1.000000 
-0.564408 2.030533 -0.673218 1.034209 -1.910218 -0.976885 0.042582 0.043152 1.000000 
-0.548064 2.055504 -0.664818 1.065688 -1.918002 -0.968965 0.042938 0.045877 1.000000 
-0.531522 2.079942 -0.656167 1.097063 -1.925718 -0.959879 0.043316 0.048873 1.000000 
-0.514786 2.103821 -0.647265 1.128314 -1.933357 -0.949628 0.043720 0.052174 1.000000 
-0.497862 2.127115 -0.638114 1.159417 -1.940909 -0.938219 0.044152 0.055819 1.000000 
-0.480754 2.149799 -0.628715 1.190350 -1.948365 -0.925658 0.044615 0.059853 1.000000 
-0.463467 2.171848 -0.619069 1.221090 -1.955717 -0.911953 0.045111 0.064329 1.000000 
-0.446006 2.193236 -0.609178 1.251613 -1.962954 -0.897115 0.045645 0.069307 1.000000 
-0.428377 2.213937 -0.599044 1.281895 -1.970067 -0.881155 0.046221 0.074860 1.000000 
-0.410585 2.233926 -0.588668 1.311913 -1.977049 -0.864087 0.046845 0.081070 1.000000 
-0.392636 2.253178 -0.578054 1.341642 -1.983890 -0.845924 0.047521 0.088036 1.000000 
-0.374536 2.271669 -0.567203 1.371057 -1.990581 -0.826683 0.048256 0.095871 1.000000 
-0.356292 2.289374 -0.556118 1.400134 -1.997114 -0.806382 0.049057 0.104713 1.000000 
-0.337909 2.306269 -0.544802 1.428847 -2.003480 -0.785040 0.049934 0.114721 1.000000 
-0.319394 2.322331 -0.533258 1.457171 -2.009672 -0.762677 0.050896 0.126088 1.000000 
-0.300754 2.337536 -0.521488 1.485082 -2.015681 -0.739317 0.051956 0.139040 1.000000 
-0.281995 2.351863 -0.509497 1.512555 -2.021498 -0.714983 0.053126 0.153850 1.000000 
-0.263126 2.365289 -0.497289 1.539564 -2.027118 -0.689698 0.054423 0.170842 1.000000 
-0.244153 2.377793 -0.484866 1.566085 -2.032531 -0.663491 0.055866 0.190405 1.000000 
-0.225084 2.389356 -0.472233 1.592093 -2.037731 -0.636387 0.057478 0.213008 1.000000 
-0.205926 2.399956 -0.459394 1.617565 -2.042711 -0.608414 0.059284 0.239210 1.000000 
-0.186687 2.409575 -0.446353 1.642476 -2.047464 -0.579603 0.061316 0.269682 1.000000 
-0.167376 2.418195 -0.433116 1.666802 -2.051982 -0.549982 0.063612 0.305223 1.000000 
-0.147999 2.425799 -0.419686 1.690521 -2.056261 -0.519583 0.066216 0.346782 1.000000 
-0.128565 2.432370 -0.406069 1.713609 -2.060294 -0.488434 0.069180 0.395472 1.000000 
-0.109084 2.437892 -0.392270 1.736044 -2.064074 -0.456568 0.072566 0.452578 1.000000 
-0.089562 2.442349 -0.378294 1.757805 -2.067597 -0.424014 0.076447 0.519549 1.000000 
-0.070009 2.445729 -0.364147 1.778870 -2.070857 -0.390802 0.080909 0.597950 1.000000 
-0.050433 2.448015 -0.349834 1.799218 -2.073848 -0.356960 0.086049 0.689368 1.000000 
-0.030844 2.449196 -0.335361 1.818829 -2.076566 -0.322516 0.091978 0.795219 1.000000 
-0.011249 2.449258 -0.320735 1.837684 -2.079007 -0.287494 0.098814 0.916426 1.000000 
0.008341 2.448188 -0.305960 1.855762 -2.081165 -0.251920 0.106681 1.052924 1.000000 
0.027919 2.445972 -0.291045 1.873045 -2.083036 -0.215813 0.115697 1.202982 1.000000 
0.047474 2.442599 -0.275994 1.889513 -2.084617 -0.179195 0.125954 1.362390 1.000000 
0.066997 2.438055 -0.260815 1.905146 -2.085902 -0.142085 0.137501 1.523721 1.000000 
0.086480 2.432326 -0.245514 1.919924 -2.086889 -0.104504 0.150310 1.676047 1.000000 
0.105911 2.425399 -0.230098 1.933826 -2.087573 -0.066477 0.164257 1.805610 1.000000 
0.125283 2.417262 -0.214575 1.946829 -2.087951 -0.028036 0.179100 1.897846 1.000000 
0.144584 2.407903 -0.198951 1.958911 -2.088020 0.010777 0.194490 1.940589 1.000000 
0.163806 2.397314 -0.183235 1.970046 -2.087778 0.049909 0.210000 1.927438 1.000000 
0.182938 2.385488 -0.167433 1.980211 -2.087221 0.089294 0.225183 1.859809 1.000000 
0.201970 2.372423 -0.151554 1.989384 -2.086349 0.128857 0.239635 1.746556 1.000000 
0.220893 2.358120 -0.135606 1.997544 -2.085159 0.168513 0.253043 1.601368 1.000000 
0.239697 2.342585 -0.119596 2.004671 -2.083653 0.208174 0.265211 1.439213 1.000000 
0.258372 2.325826 -0.103534 2.010750 -2.081829 0.247750 0.276060 1.273346 1.000000 
0.276907 2.307855 -0.087427 2.015770 -2.079689 0.287149 0.285602 1.113666 1.000000 
0.295294 2.288689 -0.071284 2.019721 -2.077235 0.326284 0.293912 0.966407 1.000000 
0.313523 2.268346 -0.055114 2.022598 -2.074469 0.365069 0.301106 0.834681 1.000000 
0.331584 2.246847 -0.038926 2.024397 -2.071395 0.403422 0.307311 0.719335 1.000000 
0.349469 2.224217 -0.022727 2.025118 -2.068016 0.441263 0.312657 0.619785 1.000000 
0.367169 2.200481 -0.006527 2.024764 -2.064336 0.478518 0.317266 0.534671 1.000000 
0.384674 2.175667 0.009666 2.023340 -2.060361 0.515114 0.321246 0.462310 1.000000 
0.401977 2.149806 0.025844 2.020854 -2.056097 0.550983 0.324693 0.400965 1.000000 
0.419068 2.122929 0.041997 2.017314 -2.051548 0.586060 0.327687 0.348999 1.000000 
0.435941 2.095071 0.058118 2.012733 -2.046722 0.620283 0.330298 0.304949 1.000000 
0.452587 2.066265 0.074198 2.007124 -2.041626 0.653593 0.332584 0.267544 1.000000 
0.468999 2.036548 0.090229 2.000502 -2.036267 0.685935 0.334593 0.235700 1.000000 
0.485170 2.005957 0.106204 1.992884 -2.030654 0.717256 0.336367 0.208511 1.000000 
0.501092 1.974530 0.122113 1.984289 -2.024794 0.747507 0.337940 0.185217 1.000000 
0.516760 1.942306 0.137950 1.974736 -2.018696 0.776642 0.339339 0.165190 1.000000 
0.532167 1.909324 0.153706 1.964247 -2.012371 0.804616 0.340590 0.147907 1.000000 
0.547307 1.875626 0.169375 1.952844 -2.005826 0.831390 0.341712 0.132938 1.000000 
0.562175 1.841251 0.184949 1.940552 -1.999072 0.856926 0.342722 0.119925 1.000000 
0.576765 1.806241 0.200422 1.927393 -1.992118 0.881188 0.343635 0.108570 1.000000 
0.591073 1.770637 0.215785 1.913395 -1.984976 0.904145 0.344463 0.098626 1.000000 
0.605094 1.734480 0.231034 1.898583 -1.977656 0.925769 0.345216 0.089888 1.000000 
0.618824 1.697811 0.246161 1.882985 -1.970167 0.946031 0.345904 0.082184 1.000000 
0.632258 1.660671 0.261160 1.866628 -1.962523 0.964911 0.346534 0.075368 1.000000 
0.645393 1.623101 0.276025 1.849540 -1.954733 0.982385 0.347112 0.069319 1.000000 
0.658226 1.585141 0.290750 1.831751 -1.946808 0.998438 0.347645 0.063935 1.000000 
0.670755 1.546831 0.305331 1.813289 -1.938761 1.013053 0.348137 0.059128 1.000000 
0.682975 1.508211 0.319761 1.794184 -1.930603 1.026218 0.348592 0.054824 1.000000 
0.694885 1.469319 0.334036 1.774465 -1.922346 1.037924 0.349015 0.050960 1.000000 
0.000000 0.000000 0.000000 0.000000 0.000000 0.000000 0.000000 0.000000 0.000000 
