-0.084819 0.675850 -0.198924 1.229766 -1.676947 -0.266688 0.534256 -0.068102 -1.000000 
-0.079380 0.683742 -0.189027 1.244384 -1.679035 -0.255349 0.533662 -0.080988 -1.000000 
-0.073880 0.691237 -0.179016 1.258282 -1.681031 -0.243450 0.532951 -0.097308 -1.000000 
-0.068321 0.698325 -0.168897 1.271443 -1.682929 -0.231018 0.532092 -0.118280 -1.000000 
-0.062708 0.704997 -0.158675 1.283848 -1.684726 -0.218083 0.531042 -0.145680 -1.000000 
-0.057043 0.711242 -0.148357 1.295482 -1.686417 -0.204675 0.529737 -0.182163 -1.000000 
-0.051329 0.717052 -0.137949 1.306329 -1.687999 -0.190828 0.528092 -0.231807 -1.000000 
-0.045571 0.722420 -0.127458 1.316375 -1.689469 -0.176576 0.525976 -0.301086 -1.000000 
-0.039772 0.727337 -0.116889 1.325608 -1.690824 -0.161959 0.523194 -0.400683 -1.000000 
-0.033935 0.731796 -0.106250 1.334016 -1.692060 -0.147019 0.519437 -0.549023 -1.000000 
-0.028064 0.735790 -0.095547 1.341590 -1.693175 -0.131802 0.514193 -0.779627 -1.000000 
-0.022163 0.739314 -0.084787 1.348324 -1.694168 -0.116363 0.506576 -1.157536 -1.000000 
-0.016236 0.742361 -0.073976 1.354213 -1.695037 -0.100765 0.494930 -1.819317 -1.000000 
-0.010287 0.744923 -0.063122 1.359257 -1.695780 -0.085086 0.475905 -3.081392 -1.000000 
-0.004319 0.746993 -0.052231 1.363465 -1.696398 -0.069418 0.441937 -5.773744 -1.000000 
0.001664 0.748555 -0.041309 1.366855 -1.696891 -0.053855 0.373403 -12.435135 -1.000000 
0.007657 0.749581 -0.030363 1.369460 -1.697260 -0.038374 0.209912 -32.208629 -1.000000 
0.013654 0.749349 -0.019399 1.371432 -1.697445 0.007154 0.065977 81.297681 1.000000 
0.019640 0.746904 -0.008427 1.371237 -1.697290 0.034710 0.711780 67.085671 1.000000 
0.025601 0.742966 0.002534 1.368553 -1.696851 0.076165 1.063192 24.677392 1.000000 
0.031525 0.737938 0.013461 1.362653 -1.696071 0.118573 1.182681 8.418563 1.000000 
0.037405 0.731790 0.024328 1.353655 -1.694956 0.160177 1.226599 3.461584 1.000000 
0.043230 0.724317 0.035111 1.341628 -1.693509 0.201419 1.246113 1.686975 1.000000 
0.048990 0.715419 0.045786 1.326637 -1.691735 0.242013 1.256200 0.931294 1.000000 
0.054673 0.705075 0.056330 1.308768 -1.689640 0.281516 1.262016 0.562893 1.000000 
0.060268 0.693312 0.066719 1.288133 -1.687234 0.319524 1.265648 0.363993 1.000000 
0.065762 0.680180 0.076933 1.264866 -1.684532 0.355692 1.268057 0.247880 1.000000 
0.071147 0.665749 0.086951 1.239116 -1.681549 0.389727 1.269730 0.175821 1.000000 
0.076411 0.650102 0.096753 1.211048 -1.678303 0.421378 1.270936 0.128859 1.000000 
0.081546 0.633329 0.106322 1.180838 -1.674814 0.450432 1.271832 0.097008 1.000000 
0.086542 0.615528 0.115641 1.148672 -1.671103 0.476708 1.272514 0.074677 1.000000 
0.091392 0.596801 0.124696 1.114742 -1.667194 0.500058 1.273043 0.058580 1.000000 
0.096088 0.577251 0.133473 1.079241 -1.663111 0.520360 1.273462 0.046697 1.000000 
0.100626 0.556984 0.141960 1.042367 -1.658877 0.537523 1.273798 0.037743 1.000000 
0.104998 0.536104 0.150147 1.004314 -1.654519 0.551481 1.274071 0.030875 1.000000 
0.109202 0.514713 0.158026 0.965273 -1.650062 0.562192 1.274296 0.025524 1.000000 
0.113233 0.492912 0.165590 0.925429 -1.645532 0.569641 1.274483 0.021298 1.000000 
0.117088 0.470795 0.172831 0.884961 -1.640956 0.573834 1.274639 0.017918 1.000000 
0.120765 0.448454 0.179748 0.844037 -1.636360 0.574798 1.274771 0.015184 1.000000 
0.124263 0.425973 0.186335 0.802815 -1.631768 0.572582 1.274883 0.012952 1.000000 
0.127580 0.403429 0.192592 0.761441 -1.627207 0.567250 1.274980 0.011112 1.000000 
0.130717 0.380895 0.198518 0.720048 -1.622700 0.558885 1.275062 0.009583 1.000000 
0.133675 0.358433 0.204113 0.678755 -1.618272 0.547582 1.275134 0.008302 1.000000 
0.136453 0.336100 0.209379 0.637667 -1.613946 0.533452 1.275195 0.007222 1.000000 
0.139053 0.313944 0.214317 0.596874 -1.609744 0.516615 1.275249 0.006304 1.000000 
0.141476 0.292003 0.218930 0.556451 -1.605687 0.497201 1.275297 0.005520 1.000000 
0.143726 0.270311 0.223221 0.516459 -1.601796 0.475350 1.275338 0.004846 1.000000 
0.145802 0.248892 0.227194 0.476944 -1.598088 0.451207 1.275374 0.004263 1.000000 
0.147709 0.227761 0.230854 0.437938 -1.594582 0.424924 1.275407 0.003755 1.000000 
0.149447 0.206927 0.234203 0.399458 -1.591294 0.396656 1.275435 0.003310 1.000000 
0.151020 0.186394 0.237246 0.361511 -1.588240 0.366564 1.275460 0.002918 1.000000 
0.152430 0.166155 0.239988 0.324088 -1.585434 0.334808 1.275482 0.002570 1.000000 
0.153679 0.146202 0.242433 0.287172 -1.582887 0.301554 1.275501 0.002259 1.000000 
0.154770 0.126517 0.244584 0.250733 -1.580613 0.266965 1.275518 0.001978 1.000000 
0.155704 0.107079 0.246446 0.214732 -1.578619 0.231208 1.275533 0.001724 1.000000 
0.156484 0.087863 0.248021 0.179124 -1.576916 0.194448 1.275545 0.001491 1.000000 
0.157111 0.068838 0.249313 0.143853 -1.575510 0.156853 1.275556 0.001275 1.000000 
0.157586 0.049973 0.250324 0.108860 -1.574408 0.118589 1.275566 0.001073 1.000000 
0.157911 0.031232 0.251055 0.074078 -1.573614 0.079820 1.275574 0.000881 1.000000 
0.158086 0.012577 0.251509 0.039441 -1.573132 0.040715 1.275580 0.000697 1.000000 
0.158112 -0.006030 0.251687 0.004874 -1.572963 0.001437 1.275585 0.000518 1.000000 
0.157989 -0.024629 0.251587 -0.029693 -1.573109 -0.037847 1.275588 0.000342 1.000000 
0.157718 -0.043258 0.251211 -0.064334 -1.573568 -0.076970 1.275590 0.000164 1.000000 
0.157297 -0.061957 0.250558 -0.099121 -1.574339 -0.115769 1.275591 -0.000016 1.000000 
0.156726 -0.080762 0.249625 -0.134124 -1.575419 -0.154076 1.275590 -0.000202 1.000000 
0.156004 -0.099708 0.248411 -0.169407 -1.576803 -0.191726 1.275588 -0.000396 1.000000 
0.155130 -0.118828 0.246913 -0.205033 -1.578485 -0.228551 1.275584 -0.000603 1.000000 
0.154103 -0.138152 0.245129 -0.241056 -1.580457 -0.264387 1.275578 -0.000824 1.000000 
0.152919 -0.157705 0.243055 -0.277523 -1.582712 -0.299066 1.275570 -0.001066 1.000000 
0.151579 -0.177506 0.240688 -0.314475 -1.585239 -0.332423 1.275561 -0.001331 1.000000 
0.150079 -0.197573 0.238022 -0.351942 -1.588027 -0.364292 1.275549 -0.001625 1.000000 
0.148417 -0.217915 0.235055 -0.389943 -1.591063 -0.394510 1.275535 -0.001954 1.000000 
0.146591 -0.238537 0.231782 -0.428487 -1.594334 -0.422913 1.275518 -0.002326 1.000000 
0.144599 -0.259435 0.228198 -0.467571 -1.597824 -0.449343 1.275497 -0.002749 1.000000 
0.142439 -0.280600 0.224299 -0.507177 -1.601518 -0.473642 1.275473 -0.003234 1.000000 
0.140109 -0.302016 0.220082 -0.547277 -1.605396 -0.495660 1.275445 -0.003794 1.000000 
0.137607 -0.323658 0.215542 -0.587824 -1.609442 -0.515249 1.275413 -0.004445 1.000000 
0.134930 -0.345494 0.210675 -0.628761 -1.613634 -0.532270 1.275374 -0.005207 1.000000 
0.132078 -0.367483 0.205481 -0.670013 -1.617951 -0.546591 1.275329 -0.006104 1.000000 
0.129050 -0.389577 0.199955 -0.711491 -1.622372 -0.558090 1.275276 -0.007170 1.000000 
0.125845 -0.411721 0.194096 -0.753093 -1.626873 -0.566658 1.275214 -0.008443 1.000000 
0.122463 -0.433850 0.187905 -0.794700 -1.631430 -0.572195 1.275140 -0.009978 1.000000 
0.118904 -0.455894 0.181381 -0.836180 -1.636019 -0.574620 1.275053 -0.011842 1.000000 
0.115169 -0.477775 0.174527 -0.877389 -1.640615 -0.573863 1.274950 -0.014129 1.000000 
0.111260 -0.499409 0.167344 -0.918168 -1.645193 -0.569878 1.274826 -0.016961 1.000000 
0.107179 -0.520705 0.159838 -0.958351 -1.649725 -0.562633 1.274676 -0.020508 1.000000 
0.102930 -0.541568 0.152013 -0.997758 -1.654186 -0.552120 1.274495 -0.025006 1.000000 
0.098515 -0.561900 0.143876 -1.036205 -1.658550 -0.538354 1.274273 -0.030786 1.000000 
0.093941 -0.581598 0.135437 -1.073499 -1.662791 -0.521371 1.273998 -0.038334 1.000000 
0.089212 -0.600560 0.126704 -1.109446 -1.666884 -0.501236 1.273653 -0.048364 1.000000 
0.084334 -0.618681 0.117690 -1.143847 -1.670803 -0.478038 1.273214 -0.061968 1.000000 
0.079315 -0.635858 0.108407 -1.176507 -1.674524 -0.451893 1.272647 -0.080865 1.000000 
0.074163 -0.651990 0.098871 -1.207232 -1.678025 -0.422948 1.271899 -0.107855 1.000000 
0.068887 -0.666982 0.089097 -1.235834 -1.681284 -0.391378 1.270888 -0.147710 1.000000 
0.063495 -0.680743 0.079103 -1.262133 -1.684281 -0.357391 1.269479 -0.208979 1.000000 
0.057998 -0.693191 0.068909 -1.285963 -1.686997 -0.321232 1.267445 -0.307962 1.000000 
0.052408 -0.704258 0.058535 -1.307168 -1.689416 -0.283186 1.264365 -0.478198 1.000000 
0.046734 -0.713889 0.048002 -1.325612 -1.691524 -0.243592 1.259410 -0.795651 1.000000 
0.040989 -0.722060 0.037333 -1.341175 -1.693310 -0.202851 1.250751 -1.455113 1.000000 
0.035185 -0.728786 0.026551 -1.353764 -1.694768 -0.161425 1.233756 -3.044815 1.000000 
0.029332 -0.734168 0.015681 -1.363307 -1.695892 -0.119667 1.194202 -7.765330 1.000000 
0.023441 -0.738452 0.004747 -1.369727 -1.696680 -0.076948 1.076389 -25.937097 1.000000 
0.017519 -0.741800 -0.006226 -1.372811 -1.697119 -0.033453 0.642261 -94.104316 1.000000 
0.011576 -0.743558 -0.017210 -1.372538 -1.697195 0.027419 0.140828 100.070910 -1.000000 
0.005630 -0.742767 -0.028182 -1.370193 -1.696890 0.048708 0.580668 26.944175 -1.000000 
-0.000306 -0.741116 -0.039130 -1.366813 -1.696418 0.069328 0.710975 9.401052 -1.000000 
-0.006226 -0.738707 -0.050048 -1.362332 -1.695780 0.089995 0.761528 4.149750 -1.000000 
-0.012123 -0.735589 -0.060925 -1.356697 -1.694977 0.110743 0.785603 2.152420 -1.000000 
-0.017993 -0.731787 -0.071752 -1.349885 -1.694009 0.131422 0.798776 1.248163 -1.000000 
-0.023830 -0.727318 -0.082520 -1.341893 -1.692875 0.151885 0.806717 0.784294 -1.000000 
-0.029628 -0.722194 -0.093219 -1.332726 -1.691579 0.172013 0.811855 0.523324 -1.000000 
-0.035383 -0.716429 -0.103840 -1.322398 -1.690124 0.191709 0.815362 0.365783 -1.000000 
-0.041090 -0.710038 -0.114374 -1.310927 -1.688513 0.210889 0.817858 0.265266 -1.000000 
-0.046742 -0.703033 -0.124812 -1.298335 -1.686752 0.229477 0.819694 0.198212 -1.000000 
-0.052337 -0.695432 -0.135145 -1.284647 -1.684844 0.247408 0.821084 0.151815 -1.000000 
-0.057868 -0.687249 -0.145363 -1.269892 -1.682795 0.264621 0.822159 0.118716 -1.000000 
-0.063331 -0.678504 -0.155460 -1.254099 -1.680612 0.281059 0.823007 0.094484 -1.000000 
-0.068722 -0.669214 -0.165426 -1.237301 -1.678300 0.296671 0.823687 0.076347 -1.000000 
-0.074037 -0.659399 -0.175254 -1.219532 -1.675867 0.311410 0.824240 0.062508 -1.000000 
-0.079271 -0.649078 -0.184936 -1.200828 -1.673320 0.325232 0.824695 0.051769 -1.000000 
-0.084421 -0.638271 -0.194465 -1.181225 -1.670666 0.338098 0.825074 0.043311 -1.000000 
-0.089482 -0.627001 -0.203834 -1.160763 -1.667913 0.349972 0.825393 0.036562 -1.000000 
-0.094452 -0.615288 -0.213035 -1.139479 -1.665069 0.360823 0.825662 0.031111 -1.000000 
-0.099326 -0.603153 -0.222063 -1.117413 -1.662143 0.370621 0.825893 0.026663 -1.000000 
-0.104101 -0.590620 -0.230912 -1.094606 -1.659142 0.379344 0.826091 0.022998 -1.000000 
-0.108775 -0.577709 -0.239575 -1.071096 -1.656076 0.386970 0.826263 0.019951 -1.000000 
-0.113344 -0.564444 -0.248048 -1.046925 -1.652954 0.393481 0.826412 0.017398 -1.000000 
-0.117805 -0.550844 -0.256324 -1.022132 -1.649784 0.398866 0.826542 0.015242 -1.000000 
-0.122156 -0.536934 -0.264400 -0.996757 -1.646575 0.403113 0.826656 0.013410 -1.000000 
-0.126395 -0.522733 -0.272271 -0.970840 -1.643337 0.406218 0.826757 0.011844 -1.000000 
-0.130519 -0.508262 -0.279932 -0.944418 -1.640078 0.408177 0.826847 0.010496 -1.000000 
-0.134527 -0.493543 -0.287380 -0.917529 -1.636809 0.408990 0.826926 0.009330 -1.000000 
-0.138415 -0.478595 -0.294612 -0.890210 -1.633538 0.408663 0.826996 0.008316 -1.000000 
-0.142184 -0.463437 -0.301623 -0.862497 -1.630273 0.407202 0.827059 0.007430 -1.000000 
-0.145830 -0.448089 -0.308411 -0.834424 -1.627025 0.404618 0.827115 0.006653 -1.000000 
-0.149353 -0.432568 -0.314973 -0.806024 -1.623802 0.400924 0.827166 0.005968 -1.000000 
-0.152751 -0.416891 -0.321306 -0.777328 -1.620613 0.396137 0.827211 0.005361 -1.000000 
-0.156023 -0.401075 -0.327409 -0.748368 -1.617467 0.390275 0.827252 0.004821 -1.000000 
-0.159167 -0.385135 -0.333279 -0.719171 -1.614372 0.383362 0.827288 0.004340 -1.000000 
-0.162184 -0.369086 -0.338915 -0.689764 -1.611336 0.375421 0.827321 0.003908 -1.000000 
-0.165073 -0.352942 -0.344315 -0.660173 -1.608368 0.366478 0.827351 0.003520 -1.000000 
-0.167831 -0.336715 -0.349478 -0.630421 -1.605475 0.356564 0.827378 0.003170 -1.000000 
-0.170460 -0.320417 -0.354402 -0.600530 -1.602665 0.345710 0.827402 0.002853 -1.000000 
-0.172958 -0.304059 -0.359086 -0.570521 -1.599946 0.333948 0.827423 0.002564 -1.000000 
-0.175325 -0.287651 -0.363530 -0.540412 -1.597324 0.321315 0.827443 0.002300 -1.000000 
-0.177560 -0.271202 -0.367732 -0.510219 -1.594807 0.307848 0.827460 0.002059 -1.000000 
-0.179664 -0.254721 -0.371693 -0.479957 -1.592401 0.293584 0.827476 0.001837 -1.000000 
-0.181636 -0.238214 -0.375411 -0.449641 -1.590112 0.278566 0.827490 0.001631 -1.000000 
-0.183475 -0.221688 -0.378887 -0.419281 -1.587946 0.262833 0.827502 0.001441 -1.000000 
-0.185183 -0.205148 -0.382120 -0.388888 -1.585908 0.246431 0.827513 0.001263 -1.000000 
-0.186758 -0.188599 -0.385109 -0.358472 -1.584005 0.229402 0.827522 0.001097 -1.000000 
-0.188200 -0.172045 -0.387855 -0.328038 -1.582240 0.211792 0.827530 0.000940 -1.000000 
-0.189510 -0.155489 -0.390358 -0.297594 -1.580617 0.193649 0.827537 0.000793 -1.000000 
-0.190688 -0.138934 -0.392617 -0.267143 -1.579142 0.175018 0.827543 0.000652 -1.000000 
-0.191733 -0.122382 -0.394632 -0.236691 -1.577818 0.155948 0.827548 0.000518 -1.000000 
-0.192646 -0.105834 -0.396404 -0.206239 -1.576648 0.136489 0.827551 0.000389 -1.000000 
-0.193427 -0.089292 -0.397932 -0.175789 -1.575635 0.116689 0.827554 0.000264 -1.000000 
-0.194075 -0.072754 -0.399216 -0.145343 -1.574782 0.096598 0.827556 0.000143 -1.000000 
-0.194591 -0.056223 -0.400257 -0.114900 -1.574090 0.076268 0.827556 0.000025 -1.000000 
-0.194974 -0.039697 -0.401055 -0.084459 -1.573562 0.055748 0.827556 -0.000092 -1.000000 
-0.195226 -0.023175 -0.401609 -0.054021 -1.573199 0.035089 0.827555 -0.000207 -1.000000 
-0.195345 -0.006658 -0.401919 -0.023583 -1.573001 0.014344 0.827553 -0.000323 -1.000000 
-0.195332 0.009855 -0.401986 0.006855 -1.572969 -0.006437 0.827550 -0.000438 -1.000000 
-0.195187 0.026366 -0.401809 0.037295 -1.573104 -0.027201 0.827546 -0.000554 -1.000000 
-0.194910 0.042875 -0.401389 0.067739 -1.573404 -0.047899 0.827541 -0.000673 -1.000000 
-0.194501 0.059382 -0.400726 0.098187 -1.573870 -0.068477 0.827535 -0.000794 -1.000000 
-0.193960 0.075889 -0.399818 0.128642 -1.574500 -0.088886 0.827528 -0.000918 -1.000000 
-0.193287 0.092396 -0.398667 0.159102 -1.575292 -0.109074 0.827520 -0.001046 -1.000000 
-0.192482 0.108902 -0.397273 0.189570 -1.576244 -0.128991 0.827511 -0.001179 -1.000000 
-0.191545 0.125408 -0.395634 0.220043 -1.577355 -0.148586 0.827501 -0.001319 -1.000000 
-0.190476 0.141912 -0.393752 0.250520 -1.578621 -0.167809 0.827490 -0.001465 -1.000000 
-0.189274 0.158413 -0.391626 0.281000 -1.580038 -0.186613 0.827478 -0.001619 -1.000000 
-0.187941 0.174910 -0.389256 0.311479 -1.581605 -0.204948 0.827464 -0.001783 -1.000000 
-0.186476 0.191399 -0.386642 0.341953 -1.583316 -0.222766 0.827449 -0.001957 -1.000000 
-0.184879 0.207879 -0.383785 0.372416 -1.585168 -0.240022 0.827433 -0.002142 -1.000000 
-0.183150 0.224345 -0.380684 0.402861 -1.587155 -0.256669 0.827415 -0.002342 -1.000000 
-0.181289 0.240792 -0.377339 0.433280 -1.589273 -0.272662 0.827395 -0.002557 -1.000000 
-0.179297 0.257216 -0.373751 0.463664 -1.591516 -0.287957 0.827374 -0.002789 -1.000000 
-0.177174 0.273610 -0.369921 0.494001 -1.593878 -0.302514 0.827351 -0.003042 -1.000000 
-0.174919 0.289968 -0.365847 0.524278 -1.596354 -0.316290 0.827325 -0.003316 -1.000000 
-0.172534 0.306281 -0.361532 0.554482 -1.598937 -0.329246 0.827298 -0.003616 -1.000000 
-0.170019 0.322541 -0.356976 0.584595 -1.601620 -0.341345 0.827267 -0.003945 -1.000000 
-0.167374 0.338737 -0.352179 0.614601 -1.604396 -0.352550 0.827234 -0.004307 -1.000000 
-0.164599 0.354860 -0.347143 0.644480 -1.607258 -0.362827 0.827198 -0.004706 -1.000000 
-0.161696 0.370898 -0.341868 0.674211 -1.610198 -0.372145 0.827159 -0.005148 -1.000000 
-0.158665 0.386839 -0.336356 0.703770 -1.613210 -0.380473 0.827116 -0.005640 -1.000000 
-0.155507 0.402668 -0.330608 0.733134 -1.616283 -0.387783 0.827069 -0.006188 -1.000000 
-0.152223 0.418372 -0.324626 0.762275 -1.619411 -0.394051 0.827017 -0.006801 -1.000000 
-0.148814 0.433936 -0.318412 0.791166 -1.622585 -0.399252 0.826960 -0.007489 -1.000000 
-0.145280 0.449343 -0.311968 0.819778 -1.625796 -0.403368 0.826897 -0.008265 -1.000000 
-0.141625 0.464576 -0.305297 0.848079 -1.629036 -0.406381 0.826827 -0.009144 -1.000000 
-0.137848 0.479618 -0.298400 0.876037 -1.632296 -0.408275 0.826750 -0.010143 -1.000000 
-0.133951 0.494451 -0.291281 0.903618 -1.635566 -0.409040 0.826664 -0.011283 -1.000000 
-0.129937 0.509056 -0.283943 0.930786 -1.638837 -0.408667 0.826569 -0.012591 -1.000000 
-0.125807 0.523412 -0.276390 0.957506 -1.642101 -0.407151 0.826462 -0.014099 -1.000000 
-0.121563 0.537500 -0.268624 0.983740 -1.645348 -0.404489 0.826343 -0.015847 -1.000000 
-0.117208 0.551298 -0.260651 1.009450 -1.648570 -0.400684 0.826208 -0.017884 -1.000000 
-0.112743 0.564786 -0.252475 1.034598 -1.651756 -0.395740 0.826056 -0.020272 -1.000000 
-0.108172 0.577943 -0.244099 1.059142 -1.654899 -0.389665 0.825883 -0.023090 -1.000000 
-0.103497 0.590746 -0.235530 1.083044 -1.657988 -0.382472 0.825685 -0.026441 -1.000000 
-0.098721 0.603174 -0.226772 1.106264 -1.661015 -0.374176 0.825458 -0.030454 -1.000000 
-0.093847 0.615206 -0.217832 1.128761 -1.663972 -0.364797 0.825195 -0.035302 -1.000000 
-0.088879 0.626818 -0.208714 1.150495 -1.666849 -0.354357 0.824890 -0.041213 -1.000000 
-0.083819 0.637991 -0.199426 1.171426 -1.669639 -0.342885 0.824532 -0.048492 -1.000000 
-0.078672 0.648703 -0.189974 1.191515 -1.672333 -0.330409 0.824110 -0.057561 -1.000000 
-0.073442 0.658932 -0.180364 1.210725 -1.674923 -0.316965 0.823605 -0.068999 -1.000000 
-0.068131 0.668658 -0.170605 1.229017 -1.677402 -0.302591 0.822997 -0.083632 -1.000000 
-0.062744 0.677862 -0.160702 1.246355 -1.679762 -0.287330 0.822255 -0.102652 -1.000000 
-0.057286 0.686525 -0.150665 1.262704 -1.681997 -0.271226 0.821338 -0.127824 -1.000000 
-0.051761 0.694628 -0.140502 1.278032 -1.684100 -0.254332 0.820187 -0.161837 -1.000000 
-0.046174 0.702153 -0.130220 1.292307 -1.686064 -0.236701 0.818714 -0.208914 -1.000000 
-0.040529 0.709085 -0.119828 1.305500 -1.687885 -0.218394 0.816791 -0.275931 -1.000000 
-0.034830 0.715408 -0.109335 1.317585 -1.689557 -0.199477 0.814216 -0.374570 -1.000000 
-0.029084 0.721107 -0.098749 1.328539 -1.691075 -0.180020 0.810660 -0.525704 -1.000000 
-0.023294 0.726169 -0.088081 1.338343 -1.692436 -0.160108 0.805562 -0.768942 -1.000000 
-0.017467 0.730581 -0.077339 1.346982 -1.693636 -0.139833 0.797903 -1.185190 -1.000000 
-0.011607 0.734330 -0.066533 1.354447 -1.694673 -0.119308 0.785676 -1.955518 -1.000000 
-0.005719 0.737401 -0.055671 1.360740 -1.695544 -0.098667 0.764522 -3.534331 -1.000000 
0.000190 0.739776 -0.044764 1.365875 -1.696251 -0.078054 0.723687 -7.237196 -1.000000 
0.006115 0.741421 -0.033820 1.369891 -1.696794 -0.057535 0.632008 -17.548265 -1.000000 
0.012050 0.742272 -0.022848 1.372845 -1.697171 -0.036825 0.383874 -51.054287 -1.000000 
0.017988 0.741603 -0.011857 1.374609 -1.697315 0.017968 0.130153 105.059080 1.000000 
0.023912 0.739216 -0.000864 1.373424 -1.697063 0.046546 0.741566 46.702308 1.000000 
0.029814 0.736030 0.010112 1.370124 -1.696563 0.078226 0.967643 15.608229 1.000000 
0.035687 0.732128 0.021053 1.364701 -1.695813 0.109342 1.047153 6.071285 1.000000 
0.041525 0.727367 0.031942 1.357209 -1.694814 0.140362 1.080676 2.829654 1.000000 
0.047322 0.721650 0.042762 1.347671 -1.693568 0.171244 1.097338 1.512747 1.000000 
0.053069 0.714937 0.053499 1.336119 -1.692075 0.201727 1.106681 0.893564 1.000000 
0.058758 0.707220 0.064135 1.322595 -1.690342 0.231545 1.112400 0.568304 1.000000 
0.064382 0.698511 0.074655 1.307149 -1.688373 0.260472 1.116138 0.382370 1.000000 
0.069932 0.688835 0.085045 1.289845 -1.686177 0.288314 1.118708 0.268852 1.000000 
0.075401 0.678222 0.095288 1.270752 -1.683763 0.314905 1.120547 0.195820 1.000000 
0.080781 0.666711 0.105372 1.249948 -1.681142 0.340096 1.121905 0.146793 1.000000 
0.086066 0.654344 0.115283 1.227515 -1.678326 0.363759 1.122935 0.112704 1.000000 
0.091248 0.641167 0.125008 1.203542 -1.675327 0.385778 1.123734 0.088292 1.000000 
0.096323 0.627230 0.134536 1.178122 -1.672158 0.406052 1.124365 0.070366 1.000000 
0.101282 0.612582 0.143854 1.151351 -1.668835 0.424494 1.124871 0.056916 1.000000 
0.106122 0.597277 0.152954 1.123327 -1.665371 0.441029 1.125284 0.046634 1.000000 
0.110837 0.581367 0.161825 1.094150 -1.661783 0.455592 1.125624 0.038642 1.000000 
0.115423 0.564906 0.170458 1.063921 -1.658087 0.468134 1.125907 0.032341 1.000000 
0.119874 0.547948 0.178845 1.032739 -1.654299 0.478613 1.126144 0.027308 1.000000 
0.124189 0.530545 0.186979 1.000704 -1.650435 0.487003 1.126346 0.023240 1.000000 
0.128362 0.512750 0.194854 0.967913 -1.646512 0.493284 1.126518 0.019919 1.000000 
0.132392 0.494613 0.202464 0.934461 -1.642548 0.497452 1.126666 0.017181 1.000000 
0.136275 0.476183 0.209804 0.900438 -1.638559 0.499508 1.126794 0.014905 1.000000 
0.140010 0.457508 0.216870 0.865934 -1.634561 0.499466 1.126906 0.012997 1.000000 
0.143595 0.438630 0.223658 0.831032 -1.630573 0.497347 1.127003 0.011387 1.000000 
0.147028 0.419594 0.230165 0.795809 -1.626609 0.493184 1.127089 0.010018 1.000000 
0.150308 0.400436 0.236390 0.760340 -1.622687 0.487014 1.127164 0.008848 1.000000 
0.153434 0.381195 0.242330 0.724693 -1.618822 0.478885 1.127231 0.007841 1.000000 
0.156407 0.361903 0.247985 0.688930 -1.615030 0.468849 1.127290 0.006970 1.000000 
0.159225 0.342589 0.253353 0.653107 -1.611326 0.456967 1.127342 0.006212 1.000000 
0.161888 0.323281 0.258435 0.617275 -1.607723 0.443306 1.127389 0.005550 1.000000 
0.164397 0.304002 0.263230 0.581477 -1.604237 0.427936 1.127431 0.004968 1.000000 
0.166752 0.284771 0.267738 0.545752 -1.600881 0.410934 1.127469 0.004454 1.000000 
0.168954 0.265606 0.271962 0.510131 -1.597667 0.392381 1.127503 0.003998 1.000000 
0.171002 0.246520 0.275901 0.474640 -1.594607 0.372360 1.127533 0.003592 1.000000 
0.172898 0.227524 0.279556 0.439300 -1.591712 0.350960 1.127560 0.003228 1.000000 
0.174643 0.208624 0.282930 0.404123 -1.588995 0.328272 1.127585 0.002900 1.000000 
0.176237 0.189825 0.286023 0.369119 -1.586463 0.304390 1.127607 0.002604 1.000000 
0.177680 0.171129 0.288836 0.334292 -1.584127 0.279408 1.127627 0.002334 1.000000 
0.178975 0.152535 0.291372 0.299641 -1.581995 0.253425 1.127644 0.002087 1.000000 
0.180121 0.134040 0.293631 0.265160 -1.580075 0.226541 1.127660 0.001860 1.000000 
0.181120 0.115639 0.295615 0.230839 -1.578373 0.198855 1.127674 0.001649 1.000000 
0.181972 0.097324 0.297325 0.196665 -1.576895 0.170470 1.127687 0.001453 1.000000 
0.182677 0.079086 0.298762 0.162622 -1.575647 0.141488 1.127697 0.001268 1.000000 
0.183237 0.060914 0.299927 0.128691 -1.574633 0.112014 1.127707 0.001093 1.000000 
0.183652 0.042798 0.300821 0.094849 -1.573856 0.082150 1.127715 0.000926 1.000000 
0.183922 0.024724 0.301445 0.061073 -1.573319 0.052001 1.127722 0.000765 1.000000 
0.184048 0.006680 0.301799 0.027339 -1.573024 0.021673 1.127727 0.000608 1.000000 
0.184029 -0.011350 0.301882 -0.006380 -1.572972 -0.008731 1.127731 0.000454 1.000000 
0.183866 -0.029378 0.301696 -0.040109 -1.573164 -0.039104 1.127734 0.000301 1.000000 
0.183559 -0.047418 0.301241 -0.073874 -1.573598 -0.069342 1.127736 0.000147 1.000000 
0.183107 -0.065485 0.300514 -0.107701 -1.574273 -0.099340 1.127737 -0.000009 1.000000 
0.182511 -0.083590 0.299517 -0.141613 -1.575186 -0.128993 1.127736 -0.000168 1.000000 
0.181770 -0.101747 0.298248 -0.175634 -1.576335 -0.158197 1.127734 -0.000333 1.000000 
0.180883 -0.119964 0.296707 -0.209784 -1.577716 -0.186849 1.127731 -0.000504 1.000000 
0.179850 -0.138253 0.294891 -0.244080 -1.579323 -0.214844 1.127726 -0.000686 1.000000 
0.178671 -0.156621 0.292801 -0.278538 -1.581151 -0.242082 1.127720 -0.000878 1.000000 
0.177344 -0.175074 0.290434 -0.313169 -1.583194 -0.268460 1.127712 -0.001084 1.000000 
0.175869 -0.193615 0.287790 -0.347980 -1.585444 -0.293880 1.127702 -0.001307 1.000000 
0.174246 -0.212246 0.284866 -0.382976 -1.587894 -0.318241 1.127691 -0.001550 1.000000 
0.172473 -0.230966 0.281662 -0.418153 -1.590533 -0.341448 1.127678 -0.001816 1.000000 
0.170550 -0.249772 0.278175 -0.453506 -1.593353 -0.363406 1.127662 -0.002109 1.000000 
0.168476 -0.268657 0.274405 -0.489024 -1.596344 -0.384022 1.127644 -0.002434 1.000000 
0.166251 -0.287611 0.270350 -0.524688 -1.599494 -0.403209 1.127623 -0.002797 1.000000 
0.163875 -0.306623 0.266010 -0.560477 -1.602791 -0.420878 1.127599 -0.003204 1.000000 
0.161345 -0.325675 0.261382 -0.596360 -1.606224 -0.436949 1.127571 -0.003664 1.000000 
0.158664 -0.344750 0.256468 -0.632303 -1.609778 -0.451342 1.127540 -0.004187 1.000000 
0.155829 -0.363825 0.251266 -0.668264 -1.613440 -0.463984 1.127504 -0.004782 1.000000 
0.152843 -0.382875 0.245776 -0.704197 -1.617197 -0.474807 1.127463 -0.005466 1.000000 
0.149704 -0.401870 0.239999 -0.740047 -1.621032 -0.483748 1.127416 -0.006255 1.000000 
0.146413 -0.420779 0.233935 -0.775755 -1.624932 -0.490749 1.127363 -0.007171 1.000000 
0.142971 -0.439566 0.227587 -0.811255 -1.628879 -0.495762 1.127301 -0.008239 1.000000 
0.139380 -0.458194 0.220956 -0.846476 -1.632858 -0.498744 1.127231 -0.009495 1.000000 
0.135641 -0.476622 0.214044 -0.881341 -1.636853 -0.499660 1.127149 -0.010981 1.000000 
0.131755 -0.494805 0.206856 -0.915769 -1.640847 -0.498484 1.127054 -0.012750 1.000000 
0.127725 -0.512699 0.199394 -0.949674 -1.644824 -0.495199 1.126944 -0.014875 1.000000 
0.123553 -0.530255 0.191663 -0.982965 -1.648765 -0.489798 1.126815 -0.017447 1.000000 
0.119242 -0.547424 0.183668 -1.015549 -1.652655 -0.482283 1.126663 -0.020589 1.000000 
0.114795 -0.564154 0.175416 -1.047330 -1.656476 -0.472666 1.126484 -0.024467 1.000000 
0.110216 -0.580392 0.166913 -1.078208 -1.660212 -0.460970 1.126269 -0.029307 1.000000 
0.105510 -0.596087 0.158167 -1.108083 -1.663846 -0.447231 1.126011 -0.035421 1.000000 
0.100681 -0.611185 0.149187 -1.136854 -1.667362 -0.431494 1.125698 -0.043255 1.000000 
0.095733 -0.625632 0.139981 -1.164421 -1.670745 -0.413816 1.125313 -0.053450 1.000000 
0.090672 -0.639377 0.130559 -1.190684 -1.673978 -0.394268 1.124834 -0.066956 1.000000 
0.085505 -0.652368 0.120934 -1.215545 -1.677048 -0.372929 1.124229 -0.085220 1.000000 
0.080237 -0.664558 0.111115 -1.238909 -1.679941 -0.349896 1.123452 -0.110513 1.000000 
0.074874 -0.675898 0.101115 -1.260684 -1.682642 -0.325276 1.122432 -0.146533 1.000000 
0.069425 -0.686346 0.090948 -1.280785 -1.685141 -0.299189 1.121062 -0.199560 1.000000 
0.063895 -0.695862 0.080627 -1.299129 -1.687426 -0.271773 1.119165 -0.280825 1.000000 
0.058294 -0.704411 0.070167 -1.315642 -1.689486 -0.243183 1.116439 -0.411670 1.000000 
0.052627 -0.711968 0.059582 -1.330257 -1.691314 -0.213598 1.112334 -0.635858 1.000000 
0.046905 -0.718513 0.048888 -1.342917 -1.692902 -0.183227 1.105765 -1.052087 1.000000 
0.041134 -0.724046 0.038101 -1.353571 -1.694244 -0.152320 1.094353 -1.912098 1.000000 
0.035323 -0.728588 0.027237 -1.362182 -1.695338 -0.121165 1.072111 -3.971056 1.000000 
0.029479 -0.732216 0.016312 -1.368721 -1.696183 -0.089982 1.020796 -10.033234 1.000000 
0.023609 -0.735092 0.005343 -1.373145 -1.696777 -0.058295 0.869407 -33.240595 1.000000 
0.017719 -0.737349 -0.005653 -1.375322 -1.697112 -0.025910 0.308558 -123.183237 1.000000 
0.011814 -0.738331 -0.016655 -1.374623 -1.697096 0.028875 0.238322 97.784795 -1.000000 
0.005910 -0.737496 -0.027643 -1.372064 -1.696771 0.052153 0.666531 25.995114 -1.000000 
0.000017 -0.735702 -0.038605 -1.368356 -1.696264 0.074644 0.791452 8.940419 -1.000000 
-0.005859 -0.733065 -0.049533 -1.363423 -1.695577 0.097150 0.839314 3.908819 -1.000000 
-0.011710 -0.729644 -0.060416 -1.357207 -1.694710 0.119722 0.861922 2.014494 -1.000000 
-0.017531 -0.725468 -0.071245 -1.349684 -1.693662 0.142189 0.874224 1.162870 -1.000000 
-0.023315 -0.720556 -0.082008 -1.340851 -1.692435 0.164386 0.881610 0.728194 -1.000000 
-0.029058 -0.714925 -0.092695 -1.330716 -1.691033 0.186176 0.886374 0.484567 -1.000000 
-0.034752 -0.708592 -0.103296 -1.319299 -1.689458 0.207444 0.889618 0.337927 -1.000000 
-0.040393 -0.701575 -0.113800 -1.306623 -1.687715 0.228093 0.891921 0.244586 -1.000000 
-0.045976 -0.693890 -0.124199 -1.292716 -1.685810 0.248038 0.893613 0.182440 -1.000000 
-0.051494 -0.685558 -0.134481 -1.277610 -1.683749 0.267201 0.894891 0.139510 -1.000000 
-0.056943 -0.676600 -0.144637 -1.261341 -1.681537 0.285511 0.895878 0.108929 -1.000000 
-0.062318 -0.667036 -0.154659 -1.243948 -1.679183 0.302906 0.896656 0.086568 -1.000000 
-0.067614 -0.656890 -0.164538 -1.225469 -1.676693 0.319325 0.897278 0.069851 -1.000000 
-0.072827 -0.646186 -0.174264 -1.205950 -1.674077 0.334716 0.897784 0.057108 -1.000000 
-0.077952 -0.634948 -0.183830 -1.185433 -1.671341 0.349029 0.898200 0.047230 -1.000000 
-0.082985 -0.623201 -0.193228 -1.163964 -1.668495 0.362222 0.898545 0.039456 -1.000000 
-0.087922 -0.610971 -0.202451 -1.141591 -1.665548 0.374256 0.898835 0.033258 -1.000000 
-0.092759 -0.598283 -0.211491 -1.118361 -1.662510 0.385096 0.899081 0.028257 -1.000000 
-0.097493 -0.585165 -0.220343 -1.094322 -1.659390 0.394714 0.899290 0.024178 -1.000000 
-0.102120 -0.571642 -0.228999 -1.069523 -1.656198 0.403084 0.899469 0.020820 -1.000000 
-0.106638 -0.557741 -0.237453 -1.044011 -1.652944 0.410187 0.899624 0.018030 -1.000000 
-0.111043 -0.543487 -0.245701 -1.017836 -1.649638 0.416007 0.899759 0.015693 -1.000000 
-0.115333 -0.528907 -0.253737 -0.991045 -1.646291 0.420535 0.899876 0.013722 -1.000000 
-0.119505 -0.514026 -0.261556 -0.963684 -1.642913 0.423762 0.899979 0.012048 -1.000000 
-0.123557 -0.498869 -0.269154 -0.935800 -1.639515 0.425688 0.900070 0.010617 -1.000000 
-0.127486 -0.483460 -0.276528 -0.907438 -1.636106 0.426314 0.900150 0.009386 -1.000000 
-0.131292 -0.467822 -0.283672 -0.878640 -1.632697 0.425648 0.900220 0.008322 -1.000000 
-0.134971 -0.451978 -0.290585 -0.849449 -1.629299 0.423698 0.900283 0.007397 -1.000000 
-0.138523 -0.435951 -0.297263 -0.819905 -1.625921 0.420480 0.900339 0.006589 -1.000000 
-0.141946 -0.419759 -0.303703 -0.790047 -1.622575 0.416011 0.900389 0.005880 -1.000000 
-0.145238 -0.403424 -0.309903 -0.759910 -1.619268 0.410313 0.900433 0.005255 -1.000000 
-0.148400 -0.386963 -0.315860 -0.729531 -1.616013 0.403410 0.900473 0.004702 -1.000000 
-0.151430 -0.370394 -0.321574 -0.698940 -1.612817 0.395330 0.900509 0.004209 -1.000000 
-0.154326 -0.353734 -0.327043 -0.668168 -1.609691 0.386104 0.900541 0.003770 -1.000000 
-0.157089 -0.336997 -0.332265 -0.637244 -1.606642 0.375766 0.900569 0.003376 -1.000000 
-0.159718 -0.320198 -0.337239 -0.606192 -1.603681 0.364352 0.900595 0.003021 -1.000000 
-0.162212 -0.303348 -0.341964 -0.575038 -1.600815 0.351902 0.900618 0.002701 -1.000000 
-0.164571 -0.286459 -0.346439 -0.543801 -1.598053 0.338457 0.900638 0.002410 -1.000000 
-0.166795 -0.269542 -0.350664 -0.512501 -1.595403 0.324060 0.900656 0.002144 -1.000000 
-0.168884 -0.252605 -0.354639 -0.481155 -1.592871 0.308757 0.900672 0.001902 -1.000000 
-0.170837 -0.235657 -0.358363 -0.449777 -1.590465 0.292595 0.900687 0.001678 -1.000000 
-0.172655 -0.218703 -0.361835 -0.418380 -1.588191 0.275623 0.900699 0.001472 -1.000000 
-0.174336 -0.201750 -0.365057 -0.386975 -1.586057 0.257893 0.900710 0.001281 -1.000000 
-0.175883 -0.184802 -0.368027 -0.355570 -1.584067 0.239455 0.900720 0.001102 -1.000000 
-0.177293 -0.167862 -0.370746 -0.324172 -1.582227 0.220364 0.900728 0.000935 -1.000000 
-0.178568 -0.150934 -0.373214 -0.292786 -1.580543 0.200674 0.900735 0.000777 -1.000000 
-0.179708 -0.134020 -0.375430 -0.261416 -1.579018 0.180440 0.900741 0.000628 -1.000000 
-0.180713 -0.117119 -0.377396 -0.230064 -1.577657 0.159719 0.900745 0.000485 -1.000000 
-0.181582 -0.100234 -0.379111 -0.198731 -1.576464 0.138568 0.900748 0.000348 -1.000000 
-0.182317 -0.083363 -0.380576 -0.167415 -1.575441 0.117046 0.900751 0.000216 -1.000000 
-0.182916 -0.066505 -0.381790 -0.136116 -1.574592 0.095209 0.900752 0.000088 -1.000000 
-0.183381 -0.049659 -0.382754 -0.104831 -1.573918 0.073119 0.900752 -0.000038 -1.000000 
-0.183711 -0.032824 -0.383467 -0.073558 -1.573422 0.050833 0.900751 -0.000162 -1.000000 
-0.183906 -0.015998 -0.383931 -0.042292 -1.573105 0.028411 0.900749 -0.000285 -1.000000 
-0.183967 0.000822 -0.384144 -0.011029 -1.572968 0.005914 0.900747 -0.000408 -1.000000 
-0.183893 0.017638 -0.384107 0.020234 -1.573011 -0.016599 0.900743 -0.000532 -1.000000 
-0.183684 0.034453 -0.383820 0.051502 -1.573234 -0.039068 0.900738 -0.000657 -1.000000 
-0.183341 0.051267 -0.383283 0.082780 -1.573636 -0.061432 0.900732 -0.000785 -1.000000 
-0.182864 0.068084 -0.382496 0.114071 -1.574216 -0.083633 0.900726 -0.000916 -1.000000 
-0.182252 0.084906 -0.381458 0.145378 -1.574973 -0.105611 0.900718 -0.001052 -1.000000 
-0.181506 0.101733 -0.380170 0.176704 -1.575905 -0.127305 0.900709 -0.001193 -1.000000 
-0.180624 0.118567 -0.378631 0.208052 -1.577009 -0.148659 0.900699 -0.001340 -1.000000 
-0.179608 0.135408 -0.376841 0.239422 -1.578282 -0.169613 0.900687 -0.001495 -1.000000 
-0.178458 0.152256 -0.374800 0.270814 -1.579722 -0.190110 0.900675 -0.001659 -1.000000 
-0.177172 0.169111 -0.372508 0.302228 -1.581323 -0.210093 0.900661 -0.001833 -1.000000 
-0.175752 0.185971 -0.369964 0.333659 -1.583082 -0.229506 0.900645 -0.002018 -1.000000 
-0.174197 0.202834 -0.367169 0.365105 -1.584993 -0.248294 0.900628 -0.002218 -1.000000 
-0.172507 0.219696 -0.364123 0.396559 -1.587053 -0.266403 0.900610 -0.002432 -1.000000 
-0.170682 0.236553 -0.360824 0.428013 -1.589254 -0.283780 0.900589 -0.002664 -1.000000 
-0.168722 0.253400 -0.357274 0.459459 -1.591591 -0.300374 0.900567 -0.002916 -1.000000 
-0.166627 0.270231 -0.353473 0.490884 -1.594058 -0.316135 0.900543 -0.003190 -1.000000 
-0.164398 0.287038 -0.349420 0.522275 -1.596647 -0.331015 0.900516 -0.003490 -1.000000 
-0.162035 0.303813 -0.345117 0.553617 -1.599351 -0.344967 0.900487 -0.003820 -1.000000 
-0.159537 0.320547 -0.340563 0.584892 -1.602164 -0.357947 0.900455 -0.004183 -1.000000 
-0.156906 0.337228 -0.335759 0.616079 -1.605076 -0.369912 0.900420 -0.004585 -1.000000 
-0.154142 0.353844 -0.330706 0.647156 -1.608079 -0.380822 0.900381 -0.005031 -1.000000 
-0.151245 0.370382 -0.325405 0.678100 -1.611166 -0.390639 0.900339 -0.005528 -1.000000 
-0.148216 0.386828 -0.319857 0.708882 -1.614327 -0.399328 0.900293 -0.006083 -1.000000 
-0.145056 0.403166 -0.314063 0.739475 -1.617552 -0.406856 0.900242 -0.006707 -1.000000 
-0.141766 0.419379 -0.308026 0.769846 -1.620833 -0.413194 0.900185 -0.007409 -1.000000 
-0.138346 0.435449 -0.301746 0.799962 -1.624160 -0.418316 0.900123 -0.008204 -1.000000 
-0.134799 0.451357 -0.295227 0.829788 -1.627523 -0.422199 0.900054 -0.009107 -1.000000 
-0.131125 0.467082 -0.288470 0.859287 -1.630912 -0.424823 0.899977 -0.010138 -1.000000 
-0.127326 0.482604 -0.281479 0.888419 -1.634317 -0.426171 0.899891 -0.011320 -1.000000 
-0.123404 0.497901 -0.274257 0.917143 -1.637727 -0.426232 0.899795 -0.012682 -1.000000 
-0.119360 0.512949 -0.266806 0.945417 -1.641133 -0.424997 0.899687 -0.014260 -1.000000 
-0.115197 0.527725 -0.259131 0.973196 -1.644524 -0.422462 0.899566 -0.016098 -1.000000 
-0.110918 0.542205 -0.251236 1.000434 -1.647889 -0.418626 0.899429 -0.018252 -1.000000 
-0.106523 0.556363 -0.243126 1.027087 -1.651218 -0.413495 0.899273 -0.020793 -1.000000 
-0.102017 0.570174 -0.234805 1.053105 -1.654501 -0.407076 0.899095 -0.023812 -1.000000 
-0.097401 0.583613 -0.226278 1.078442 -1.657728 -0.399382 0.898891 -0.027426 -1.000000 
-0.092680 0.596652 -0.217552 1.103049 -1.660888 -0.390431 0.898654 -0.031788 -1.000000 
-0.087856 0.609267 -0.208631 1.126878 -1.663972 -0.380246 0.898379 -0.037102 -1.000000 
-0.082933 0.621432 -0.199524 1.149879 -1.666969 -0.368853 0.898057 -0.043641 -1.000000 
-0.077914 0.633120 -0.190236 1.172006 -1.669870 -0.356284 0.897677 -0.051777 -1.000000 
-0.072804 0.644305 -0.180774 1.193210 -1.672666 -0.342575 0.897223 -0.062028 -1.000000 
-0.067607 0.654964 -0.171147 1.213445 -1.675348 -0.327769 0.896677 -0.075123 -1.000000 
-0.062326 0.665071 -0.161362 1.232667 -1.677908 -0.311911 0.896011 -0.092117 -1.000000 
-0.056967 0.674604 -0.151427 1.250830 -1.680336 -0.295052 0.895189 -0.114566 -1.000000 
-0.051534 0.683538 -0.141351 1.267895 -1.682626 -0.277249 0.894157 -0.144833 -1.000000 
-0.046032 0.691852 -0.131144 1.283820 -1.684770 -0.258565 0.892841 -0.186617 -1.000000 
-0.040466 0.699526 -0.120813 1.298570 -1.686761 -0.239066 0.891125 -0.245917 -1.000000 
-0.034842 0.706540 -0.110370 1.312111 -1.688593 -0.218828 0.888833 -0.332875 -1.000000 
-0.029163 0.712876 -0.099823 1.324411 -1.690260 -0.197934 0.885679 -0.465511 -1.000000 
-0.023437 0.718517 -0.089183 1.335445 -1.691758 -0.176476 0.881175 -0.677776 -1.000000 
-0.017669 0.723446 -0.078459 1.345194 -1.693083 -0.154562 0.874445 -1.038433 -1.000000 
-0.011864 0.727648 -0.067663 1.353643 -1.694231 -0.132317 0.863776 -1.699706 -1.000000 
-0.006029 0.731105 -0.056804 1.360789 -1.695199 -0.109891 0.845495 -3.038364 -1.000000 
-0.000169 0.733797 -0.045894 1.366645 -1.695989 -0.087449 0.810676 -6.126361 -1.000000 
0.005710 0.735686 -0.034941 1.371249 -1.696599 -0.065089 0.733959 -14.548175 -1.000000 
0.011600 0.736707 -0.023957 1.374664 -1.697030 -0.042553 0.530729 -41.553735 -1.000000 
0.017495 0.736803 -0.012950 1.376903 -1.697280 -0.020369 -0.062328 -114.769804 1.000000 
0.023378 0.734341 -0.001935 1.376238 -1.697065 0.040605 0.634466 55.307346 1.000000 
0.029242 0.731475 0.009065 1.373402 -1.696621 0.070290 0.903567 18.534351 1.000000 
0.035080 0.727964 0.020034 1.368602 -1.695942 0.099486 0.997306 7.084395 1.000000 
0.040888 0.723682 0.030957 1.361891 -1.695029 0.128595 1.036149 3.251389 1.000000 
0.046657 0.718533 0.041819 1.353291 -1.693884 0.157636 1.055191 1.718574 1.000000 
0.052382 0.712471 0.052605 1.342825 -1.692508 0.186379 1.065763 1.006769 1.000000 
0.058054 0.705487 0.063299 1.330526 -1.690904 0.214582 1.072187 0.636382 1.000000 
0.063667 0.697586 0.073888 1.316435 -1.689077 0.242038 1.076364 0.426195 1.000000 
0.069213 0.688787 0.084358 1.300603 -1.687034 0.268568 1.079223 0.298604 1.000000 
0.074685 0.679114 0.094694 1.283087 -1.684782 0.294020 1.081262 0.216894 1.000000 
0.080077 0.668598 0.104883 1.263953 -1.682333 0.318259 1.082765 0.162245 1.000000 
0.085381 0.657274 0.114913 1.243268 -1.679694 0.341166 1.083903 0.124363 1.000000 
0.090591 0.645180 0.124771 1.221108 -1.676878 0.362634 1.084784 0.097303 1.000000 
0.095702 0.632356 0.134447 1.197550 -1.673896 0.382569 1.085479 0.077476 1.000000 
0.100707 0.618846 0.143928 1.172677 -1.670761 0.400887 1.086036 0.062625 1.000000 
0.105601 0.604694 0.153206 1.146572 -1.667486 0.417516 1.086490 0.051288 1.000000 
0.110380 0.589945 0.162271 1.119321 -1.664085 0.432393 1.086864 0.042489 1.000000 
0.115039 0.574645 0.171113 1.091011 -1.660573 0.445465 1.087175 0.035558 1.000000 
0.119573 0.558840 0.179724 1.061728 -1.656963 0.456691 1.087436 0.030027 1.000000 
0.123979 0.542576 0.188098 1.031560 -1.653271 0.466036 1.087658 0.025561 1.000000 
0.128253 0.525899 0.196227 1.000592 -1.649511 0.473479 1.087848 0.021916 1.000000 
0.132393 0.508853 0.204105 0.968909 -1.645700 0.479003 1.088011 0.018914 1.000000 
0.136394 0.491482 0.211728 0.936593 -1.641852 0.482605 1.088152 0.016418 1.000000 
0.140256 0.473828 0.219089 0.903723 -1.637984 0.484287 1.088274 0.014328 1.000000 
0.143975 0.455932 0.226186 0.870375 -1.634109 0.484060 1.088382 0.012563 1.000000 
0.147550 0.437831 0.233014 0.836624 -1.630244 0.481943 1.088476 0.011064 1.000000 
0.150980 0.419564 0.239571 0.802537 -1.626403 0.477962 1.088559 0.009783 1.000000 
0.154263 0.401163 0.245854 0.768179 -1.622601 0.472152 1.088633 0.008680 1.000000 
0.157398 0.382661 0.251862 0.733611 -1.618853 0.464551 1.088699 0.007727 1.000000 
0.160385 0.364087 0.257592 0.698888 -1.615173 0.455207 1.088757 0.006898 1.000000 
0.163223 0.345467 0.263043 0.664061 -1.611574 0.444171 1.088809 0.006173 1.000000 
0.165912 0.326826 0.268216 0.629176 -1.608071 0.431499 1.088856 0.005537 1.000000 
0.168452 0.308185 0.273110 0.594272 -1.604675 0.417254 1.088898 0.004976 1.000000 
0.170843 0.289563 0.277725 0.559386 -1.601399 0.401502 1.088936 0.004479 1.000000 
0.173086 0.270975 0.282061 0.524548 -1.598254 0.384312 1.088970 0.004036 1.000000 
0.175179 0.252435 0.286118 0.489784 -1.595253 0.365759 1.089000 0.003640 1.000000 
0.177125 0.233953 0.289897 0.455113 -1.592406 0.345919 1.089028 0.003284 1.000000 
0.178923 0.215538 0.293400 0.420553 -1.589722 0.324873 1.089053 0.002963 1.000000 
0.180573 0.197195 0.296627 0.386113 -1.587211 0.302702 1.089076 0.002671 1.000000 
0.182078 0.178928 0.299578 0.351801 -1.584881 0.279490 1.089096 0.002406 1.000000 
0.183437 0.160738 0.302256 0.317620 -1.582741 0.255325 1.089114 0.002162 1.000000 
0.184650 0.142624 0.304660 0.283569 -1.580798 0.230293 1.089131 0.001938 1.000000 
0.185719 0.124584 0.306793 0.249642 -1.579059 0.204485 1.089145 0.001730 1.000000 
0.186643 0.106614 0.308655 0.215833 -1.577528 0.177992 1.089158 0.001535 1.000000 
0.187425 0.088707 0.310247 0.182132 -1.576212 0.150904 1.089170 0.001353 1.000000 
0.188063 0.070856 0.311569 0.148523 -1.575115 0.123314 1.089180 0.001181 1.000000 
0.188559 0.053055 0.312623 0.114994 -1.574241 0.095315 1.089189 0.001016 1.000000 
0.188912 0.035292 0.313409 0.081526 -1.573591 0.067002 1.089196 0.000858 1.000000 
0.189123 0.017559 0.313928 0.048101 -1.573169 0.038467 1.089202 0.000705 1.000000 
0.189193 -0.000154 0.314179 0.014700 -1.572976 0.009806 1.089208 0.000555 1.000000 
0.189121 -0.017859 0.314163 -0.018696 -1.573012 -0.018888 1.089211 0.000407 1.000000 
0.188907 -0.035566 0.313880 -0.052109 -1.573278 -0.047519 1.089214 0.000260 1.000000 
0.188552 -0.053285 0.313329 -0.085557 -1.573772 -0.075994 1.089216 0.000112 1.000000 
0.188055 -0.071026 0.312511 -0.119060 -1.574493 -0.104218 1.089216 -0.000039 1.000000 
0.187415 -0.088799 0.311424 -0.152635 -1.575439 -0.132097 1.089215 -0.000193 1.000000 
0.186634 -0.106613 0.310068 -0.186300 -1.576606 -0.159538 1.089213 -0.000352 1.000000 
0.185709 -0.124475 0.308443 -0.220069 -1.577990 -0.186448 1.089209 -0.000519 1.000000 
0.184642 -0.142391 0.306547 -0.253954 -1.579587 -0.212734 1.089204 -0.000694 1.000000 
0.183431 -0.160368 0.304379 -0.287965 -1.581392 -0.238306 1.089198 -0.000879 1.000000 
0.182076 -0.178407 0.301939 -0.322109 -1.583398 -0.263072 1.089190 -0.001078 1.000000 
0.180576 -0.196512 0.299225 -0.356390 -1.585599 -0.286944 1.089181 -0.001292 1.000000 
0.178931 -0.214681 0.296237 -0.390808 -1.587986 -0.309835 1.089170 -0.001524 1.000000 
0.177141 -0.232913 0.292972 -0.425359 -1.590553 -0.331658 1.089156 -0.001777 1.000000 
0.175205 -0.251204 0.289431 -0.460034 -1.593290 -0.352330 1.089141 -0.002055 1.000000 
0.173122 -0.269545 0.285611 -0.494821 -1.596187 -0.371768 1.089123 -0.002363 1.000000 
0.170892 -0.287928 0.281513 -0.529704 -1.599235 -0.389896 1.089103 -0.002704 1.000000 
0.168515 -0.306342 0.277136 -0.564659 -1.602422 -0.406635 1.089080 -0.003086 1.000000 
0.165990 -0.324772 0.272478 -0.599661 -1.605737 -0.421914 1.089054 -0.003514 1.000000 
0.163318 -0.343200 0.267541 -0.634678 -1.609168 -0.435664 1.089024 -0.003998 1.000000 
0.160499 -0.361607 0.262324 -0.669672 -1.612703 -0.447820 1.088990 -0.004546 1.000000 
0.157533 -0.379971 0.256827 -0.704601 -1.616329 -0.458321 1.088951 -0.005172 1.000000 
0.154420 -0.398266 0.251050 -0.739418 -1.620032 -0.467112 1.088907 -0.005890 1.000000 
0.151161 -0.416465 0.244996 -0.774072 -1.623798 -0.474142 1.088856 -0.006717 1.000000 
0.147757 -0.434537 0.238666 -0.808505 -1.627613 -0.479368 1.088799 -0.007675 1.000000 
0.144209 -0.452450 0.232061 -0.842655 -1.631463 -0.482752 1.088733 -0.008793 1.000000 
0.140518 -0.470169 0.225184 -0.876457 -1.635332 -0.484262 1.088658 -0.010105 1.000000 
0.136687 -0.487656 0.218039 -0.909839 -1.639206 -0.483873 1.088571 -0.011654 1.000000 
0.132716 -0.504872 0.210628 -0.942728 -1.643069 -0.481570 1.088470 -0.013497 1.000000 
0.128609 -0.521777 0.202957 -0.975046 -1.646906 -0.477343 1.088354 -0.015706 1.000000 
0.124369 -0.538328 0.195029 -1.006713 -1.650702 -0.471191 1.088218 -0.018375 1.000000 
0.119997 -0.554480 0.186851 -1.037645 -1.654440 -0.463123 1.088058 -0.021629 1.000000 
0.115498 -0.570190 0.178429 -1.067757 -1.658106 -0.453156 1.087870 -0.025638 1.000000 
0.110876 -0.585412 0.169769 -1.096964 -1.661686 -0.441315 1.087645 -0.030629 1.000000 
0.106133 -0.600100 0.160880 -1.125176 -1.665163 -0.427637 1.087376 -0.036920 1.000000 
0.101276 -0.614208 0.151770 -1.152308 -1.668523 -0.412166 1.087050 -0.044959 1.000000 
0.096307 -0.627691 0.142446 -1.178271 -1.671753 -0.394958 1.086650 -0.055391 1.000000 
0.091234 -0.640505 0.132921 -1.202980 -1.674838 -0.376078 1.086155 -0.069166 1.000000 
0.086061 -0.652607 0.123202 -1.226351 -1.677766 -0.355601 1.085531 -0.087726 1.000000 
0.080795 -0.663954 0.113303 -1.248303 -1.680523 -0.333613 1.084733 -0.113320 1.000000 
0.075440 -0.674508 0.103233 -1.268758 -1.683100 -0.310211 1.083690 -0.149592 1.000000 
0.070005 -0.684231 0.093007 -1.287642 -1.685483 -0.285503 1.082295 -0.202685 1.000000 
0.064495 -0.693092 0.082636 -1.304886 -1.687664 -0.259612 1.080374 -0.283489 1.000000 
0.058918 -0.701060 0.072133 -1.320427 -1.689634 -0.232675 1.077632 -0.412490 1.000000 
0.053280 -0.708113 0.061513 -1.334207 -1.691385 -0.204850 1.073539 -0.631163 1.000000 
0.047590 -0.714237 0.050791 -1.346179 -1.692910 -0.176318 1.067059 -1.031545 1.000000 
0.041855 -0.719428 0.039979 -1.356299 -1.694205 -0.147301 1.055969 -1.843522 1.000000 
0.036082 -0.723708 0.029095 -1.364536 -1.695266 -0.118056 1.034794 -3.737920 1.000000 
0.030278 -0.727135 0.018152 -1.370864 -1.696094 -0.088808 0.987404 -9.119865 1.000000 
0.024450 -0.729849 0.007166 -1.375253 -1.696687 -0.059272 0.853304 -28.958707 1.000000 
0.018602 -0.732004 -0.003847 -1.377593 -1.697038 -0.028672 0.362522 -110.755562 1.000000 
0.012740 -0.733105 -0.014868 -1.376950 -1.697033 0.029618 0.340254 102.826726 -1.000000 
0.006877 -0.732285 -0.025873 -1.374043 -1.696686 0.057096 0.790716 26.816581 -1.000000 
0.001026 -0.730272 -0.036849 -1.369735 -1.696123 0.083545 0.917069 8.807420 -1.000000 
-0.004804 -0.727221 -0.047784 -1.363946 -1.695349 0.109876 0.963506 3.725970 -1.000000 
-0.010607 -0.723211 -0.058668 -1.356599 -1.694365 0.136238 0.984829 1.877735 -1.000000 
-0.016373 -0.718285 -0.069486 -1.347664 -1.693170 0.162427 0.996209 1.066828 -1.000000 
-0.022097 -0.712471 -0.080226 -1.337140 -1.691767 0.188225 1.002946 0.660167 -1.000000 
-0.027771 -0.705796 -0.090876 -1.325046 -1.690160 0.213453 1.007246 0.435242 -1.000000 
-0.033387 -0.698282 -0.101423 -1.311410 -1.688353 0.237959 1.010149 0.301246 -1.000000 
-0.038941 -0.689958 -0.111854 -1.296270 -1.686355 0.261614 1.012196 0.216655 -1.000000 
-0.044425 -0.680849 -0.122159 -1.279671 -1.684170 0.284304 1.013691 0.160716 -1.000000 
-0.049832 -0.670987 -0.132325 -1.261662 -1.681809 0.305928 1.014814 0.122295 -1.000000 
-0.055158 -0.660400 -0.142342 -1.242298 -1.679278 0.326395 1.015677 0.095058 -1.000000 
-0.060397 -0.649122 -0.152199 -1.221637 -1.676590 0.345622 1.016354 0.075229 -1.000000 
-0.065543 -0.637188 -0.161885 -1.199739 -1.673752 0.363534 1.016894 0.060459 -1.000000 
-0.070590 -0.624631 -0.171391 -1.176668 -1.670777 0.380066 1.017331 0.049240 -1.000000 
-0.075535 -0.611488 -0.180709 -1.152491 -1.667675 0.395160 1.017689 0.040569 -1.000000 
-0.080373 -0.597795 -0.189828 -1.127273 -1.664458 0.408763 1.017985 0.033765 -1.000000 
-0.085099 -0.583589 -0.198742 -1.101085 -1.661139 0.420833 1.018233 0.028354 -1.000000 
-0.089709 -0.568908 -0.207443 -1.073993 -1.657729 0.431334 1.018442 0.023999 -1.000000 
-0.094200 -0.553788 -0.215924 -1.046067 -1.654242 0.440236 1.018619 0.020455 -1.000000 
-0.098568 -0.538265 -0.224178 -1.017374 -1.650690 0.447517 1.018771 0.017543 -1.000000 
-0.102811 -0.522377 -0.232200 -0.987983 -1.647086 0.453162 1.018901 0.015129 -1.000000 
-0.106926 -0.506159 -0.239984 -0.957959 -1.643443 0.457163 1.019014 0.013112 -1.000000 
-0.110909 -0.489645 -0.247526 -0.927367 -1.639775 0.459518 1.019112 0.011413 -1.000000 
-0.114759 -0.472868 -0.254821 -0.896268 -1.636095 0.460232 1.019197 0.009972 -1.000000 
-0.118474 -0.455862 -0.261865 -0.864724 -1.632416 0.459315 1.019272 0.008742 -1.000000 
-0.122052 -0.438655 -0.268655 -0.832790 -1.628751 0.456785 1.019337 0.007686 -1.000000 
-0.125492 -0.421278 -0.275189 -0.800523 -1.625112 0.452663 1.019395 0.006774 -1.000000 
-0.128793 -0.403759 -0.281463 -0.767974 -1.621512 0.446976 1.019446 0.005983 -1.000000 
-0.131952 -0.386122 -0.287476 -0.735190 -1.617964 0.439758 1.019491 0.005291 -1.000000 
-0.134970 -0.368392 -0.293226 -0.702217 -1.614480 0.431046 1.019531 0.004685 -1.000000 
-0.137846 -0.350591 -0.298711 -0.669096 -1.611071 0.420881 1.019566 0.004151 -1.000000 
-0.140580 -0.332738 -0.303931 -0.635865 -1.607750 0.409309 1.019598 0.003678 -1.000000 
-0.143170 -0.314853 -0.308885 -0.602557 -1.604526 0.396381 1.019625 0.003256 -1.000000 
-0.145617 -0.296950 -0.313572 -0.569204 -1.601411 0.382148 1.019650 0.002880 -1.000000 
-0.147921 -0.279044 -0.317992 -0.535831 -1.598415 0.366668 1.019671 0.002542 -1.000000 
-0.150082 -0.261148 -0.322145 -0.502463 -1.595548 0.350000 1.019691 0.002237 -1.000000 
-0.152100 -0.243271 -0.326031 -0.469117 -1.592818 0.332206 1.019707 0.001960 -1.000000 
-0.153974 -0.225422 -0.329651 -0.435812 -1.590235 0.313351 1.019722 0.001707 -1.000000 
-0.155706 -0.207608 -0.333004 -0.402558 -1.587807 0.293502 1.019735 0.001476 -1.000000 
-0.157296 -0.189833 -0.336092 -0.369366 -1.585542 0.272728 1.019746 0.001263 -1.000000 
-0.158744 -0.172101 -0.338914 -0.336242 -1.583446 0.251098 1.019755 0.001065 -1.000000 
-0.160050 -0.154414 -0.341472 -0.303189 -1.581526 0.228686 1.019763 0.000880 -1.000000 
-0.161215 -0.136771 -0.343766 -0.270209 -1.579789 0.205564 1.019769 0.000707 -1.000000 
-0.162238 -0.119172 -0.345796 -0.237299 -1.578239 0.181808 1.019774 0.000543 -1.000000 
-0.163121 -0.101615 -0.347563 -0.204457 -1.576881 0.157492 1.019778 0.000387 -1.000000 
-0.163864 -0.084097 -0.349067 -0.171675 -1.575720 0.132694 1.019780 0.000237 -1.000000 
-0.164467 -0.066613 -0.350310 -0.138947 -1.574759 0.107491 1.019782 0.000092 -1.000000 
-0.164930 -0.049158 -0.351290 -0.106264 -1.574001 0.081960 1.019782 -0.000049 -1.000000 
-0.165254 -0.031728 -0.352010 -0.073614 -1.573448 0.056180 1.019781 -0.000188 -1.000000 
-0.165438 -0.014316 -0.352468 -0.040989 -1.573103 0.030229 1.019779 -0.000325 -1.000000 
-0.165483 0.003084 -0.352666 -0.008375 -1.572965 0.004187 1.019776 -0.000463 -1.000000 
-0.165389 0.020478 -0.352602 0.024240 -1.573036 -0.021868 1.019771 -0.000602 -1.000000 
-0.165155 0.037874 -0.352278 0.056867 -1.573315 -0.047857 1.019766 -0.000743 -1.000000 
-0.164783 0.055276 -0.351692 0.089518 -1.573801 -0.073700 1.019759 -0.000887 -1.000000 
-0.164271 0.072692 -0.350845 0.122205 -1.574493 -0.099320 1.019752 -0.001036 -1.000000 
-0.163619 0.090127 -0.349737 0.154939 -1.575389 -0.124637 1.019743 -0.001191 -1.000000 
-0.162829 0.107586 -0.348366 0.187728 -1.576487 -0.149574 1.019733 -0.001353 -1.000000 
-0.161898 0.125072 -0.346733 0.220581 -1.577781 -0.174053 1.019721 -0.001525 -1.000000 
-0.160827 0.142590 -0.344837 0.253505 -1.579270 -0.197997 1.019708 -0.001706 -1.000000 
-0.159616 0.160142 -0.342677 0.286503 -1.580948 -0.221331 1.019694 -0.001900 -1.000000 
-0.158265 0.177728 -0.340253 0.319578 -1.582809 -0.243980 1.019678 -0.002109 -1.000000 
-0.156773 0.195350 -0.337563 0.352731 -1.584849 -0.265869 1.019660 -0.002334 -1.000000 
-0.155139 0.213004 -0.334609 0.385959 -1.587061 -0.286927 1.019640 -0.002578 -1.000000 
-0.153364 0.230689 -0.331388 0.419256 -1.589438 -0.307082 1.019619 -0.002844 -1.000000 
-0.151448 0.248400 -0.327900 0.452614 -1.591972 -0.326265 1.019595 -0.003135 -1.000000 
-0.149390 0.266130 -0.324146 0.486021 -1.594655 -0.344408 1.019569 -0.003455 -1.000000 
-0.147190 0.283871 -0.320124 0.519464 -1.597479 -0.361446 1.019540 -0.003809 -1.000000 
-0.144848 0.301614 -0.315834 0.552923 -1.600435 -0.377316 1.019508 -0.004202 -1.000000 
-0.142364 0.319347 -0.311277 0.586377 -1.603513 -0.391959 1.019472 -0.004639 -1.000000 
-0.139739 0.337056 -0.306452 0.619800 -1.606703 -0.405315 1.019433 -0.005128 -1.000000 
-0.136971 0.354725 -0.301361 0.653164 -1.609995 -0.417332 1.019390 -0.005678 -1.000000 
-0.134063 0.372336 -0.296002 0.686435 -1.613377 -0.427958 1.019342 -0.006297 -1.000000 
-0.131014 0.389871 -0.290378 0.719577 -1.616838 -0.437147 1.019289 -0.007000 -1.000000 
-0.127825 0.407308 -0.284489 0.752550 -1.620367 -0.444855 1.019230 -0.007799 -1.000000 
-0.124498 0.424623 -0.278338 0.785311 -1.623952 -0.451043 1.019164 -0.008713 -1.000000 
-0.121032 0.441791 -0.271925 0.817811 -1.627580 -0.455678 1.019090 -0.009762 -1.000000 
-0.117429 0.458785 -0.265254 0.850002 -1.631238 -0.458731 1.019007 -0.010975 -1.000000 
-0.113692 0.475577 -0.258326 0.881829 -1.634915 -0.460177 1.018914 -0.012383 -1.000000 
-0.109821 0.492135 -0.251145 0.913235 -1.638597 -0.459999 1.018809 -0.014027 -1.000000 
-0.105818 0.508430 -0.243715 0.944162 -1.642271 -0.458183 1.018689 -0.015960 -1.000000 
-0.101687 0.524427 -0.236040 0.974548 -1.645923 -0.454724 1.018552 -0.018246 -1.000000 
-0.097428 0.540093 -0.228124 1.004329 -1.649542 -0.449621 1.018396 -0.020971 -1.000000 
-0.093046 0.555393 -0.219973 1.033439 -1.653113 -0.442881 1.018215 -0.024244 -1.000000 
-0.088543 0.570291 -0.211591 1.061812 -1.656624 -0.434516 1.018006 -0.028209 -1.000000 
-0.083923 0.584751 -0.202986 1.089379 -1.660061 -0.424546 1.017762 -0.033059 -1.000000 
-0.079189 0.598736 -0.194163 1.116073 -1.663412 -0.412999 1.017474 -0.039053 -1.000000 
-0.074344 0.612210 -0.185131 1.141823 -1.666665 -0.399909 1.017133 -0.046547 -1.000000 
-0.069395 0.625136 -0.175897 1.166563 -1.669807 -0.385317 1.016724 -0.056038 -1.000000 
-0.064344 0.637478 -0.166469 1.190223 -1.672826 -0.369272 1.016229 -0.068232 -1.000000 
-0.059197 0.649200 -0.156857 1.212739 -1.675711 -0.351831 1.015622 -0.084159 -1.000000 
-0.053958 0.660269 -0.147069 1.234044 -1.678452 -0.333059 1.014868 -0.105354 -1.000000 
-0.048634 0.670650 -0.137115 1.254078 -1.681037 -0.313027 1.013916 -0.134170 -1.000000 
-0.043230 0.680311 -0.127007 1.272782 -1.683457 -0.291816 1.012692 -0.174337 -1.000000 
-0.037751 0.689221 -0.116754 1.290098 -1.685703 -0.269516 1.011081 -0.231990 -1.000000 
-0.032204 0.697352 -0.106369 1.305978 -1.687767 -0.246226 1.008906 -0.317678 -1.000000 
-0.026596 0.704677 -0.095863 1.320374 -1.689640 -0.222059 1.005874 -0.450515 -1.000000 
-0.020932 0.711169 -0.085247 1.333248 -1.691318 -0.197141 1.001477 -0.667401 -1.000000 
-0.015219 0.716805 -0.074535 1.344567 -1.692793 -0.171618 0.994774 -1.045306 -1.000000 
-0.009465 0.721560 -0.063738 1.354312 -1.694062 -0.145661 0.983872 -1.761030 -1.000000 
-0.003677 0.725410 -0.052870 1.362477 -1.695123 -0.119472 0.964541 -3.272884 -1.000000 
0.002139 0.728320 -0.041943 1.369082 -1.695974 -0.093254 0.925951 -6.959888 -1.000000 
0.007974 0.730234 -0.030969 1.374182 -1.696615 -0.067034 0.835411 -17.681643 -1.000000 
0.013820 0.731056 -0.019960 1.377852 -1.697045 -0.040410 0.580833 -52.475755 -1.000000 
0.019668 0.730812 -0.008927 1.380054 -1.697267 -0.016086 -0.113094 -120.976167 1.000000 
0.025504 0.728604 0.002111 1.379029 -1.697031 0.041144 0.535794 46.604964 1.000000 
0.031324 0.726269 0.013133 1.376327 -1.696607 0.064869 0.762493 16.006699 1.000000 
0.037123 0.723418 0.024128 1.372149 -1.695994 0.088329 0.845894 6.559195 1.000000 
0.042897 0.719951 0.035084 1.366520 -1.695193 0.111851 0.882807 3.184973 1.000000 
0.048641 0.715810 0.045989 1.359452 -1.694205 0.135363 0.901830 1.754391 1.000000 
0.054348 0.710967 0.056831 1.350955 -1.693028 0.158685 0.912781 1.059605 1.000000 
0.060014 0.705415 0.067600 1.341049 -1.691666 0.181655 0.919619 0.685552 1.000000 
0.065633 0.699154 0.078284 1.329755 -1.690123 0.204132 0.924159 0.467613 1.000000 
0.071199 0.692195 0.088873 1.317103 -1.688402 0.225998 0.927319 0.332524 1.000000 
0.076706 0.684550 0.099354 1.303125 -1.686509 0.247152 0.929603 0.244533 1.000000 
0.082150 0.676237 0.109719 1.287856 -1.684450 0.267501 0.931306 0.184853 1.000000 
0.087524 0.667275 0.119957 1.271337 -1.682231 0.286963 0.932608 0.142991 1.000000 
0.092825 0.657684 0.130057 1.253609 -1.679861 0.305465 0.933625 0.112786 1.000000 
0.098046 0.647490 0.140011 1.234718 -1.677347 0.322939 0.934434 0.090458 1.000000 
0.103183 0.636715 0.149810 1.214712 -1.674697 0.339324 0.935087 0.073605 1.000000 
0.108232 0.625387 0.159444 1.193641 -1.671920 0.354563 0.935622 0.060652 1.000000 
0.113188 0.613531 0.168905 1.171554 -1.669027 0.368609 0.936065 0.050535 1.000000 
0.118047 0.601176 0.178186 1.148504 -1.666026 0.381416 0.936436 0.042522 1.000000 
0.122805 0.588348 0.187279 1.124546 -1.662928 0.392946 0.936749 0.036094 1.000000 
0.127459 0.575078 0.196177 1.099732 -1.659742 0.403167 0.937017 0.030880 1.000000 
0.132005 0.561392 0.204873 1.074116 -1.656481 0.412051 0.937246 0.026606 1.000000 
0.136440 0.547319 0.213361 1.047753 -1.653153 0.419574 0.937444 0.023070 1.000000 
0.140761 0.532889 0.221635 1.020696 -1.649771 0.425722 0.937617 0.020120 1.000000 
0.144966 0.518128 0.229690 0.992999 -1.646345 0.430481 0.937767 0.017640 1.000000 
0.149051 0.503064 0.237521 0.964713 -1.642887 0.433845 0.937900 0.015540 1.000000 
0.153014 0.487724 0.245124 0.935890 -1.639408 0.435813 0.938017 0.013751 1.000000 
0.156854 0.472135 0.252494 0.906579 -1.635918 0.436386 0.938121 0.012216 1.000000 
0.160568 0.456321 0.259628 0.876829 -1.632429 0.435573 0.938213 0.010892 1.000000 
0.164154 0.440306 0.266522 0.846684 -1.628952 0.433386 0.938295 0.009744 1.000000 
0.167612 0.424115 0.273174 0.816191 -1.625498 0.429841 0.938369 0.008744 1.000000 
0.170940 0.407768 0.279581 0.785390 -1.622078 0.424958 0.938436 0.007868 1.000000 
0.174136 0.391288 0.285740 0.754321 -1.618703 0.418762 0.938495 0.007098 1.000000 
0.177200 0.374693 0.291649 0.723023 -1.615382 0.411282 0.938549 0.006417 1.000000 
0.180131 0.358002 0.297308 0.691530 -1.612125 0.402549 0.938598 0.005814 1.000000 
0.182928 0.341233 0.302713 0.659874 -1.608944 0.392597 0.938643 0.005276 1.000000 
0.185590 0.324399 0.307865 0.628086 -1.605847 0.381465 0.938683 0.004796 1.000000 
0.188118 0.307517 0.312762 0.596192 -1.602844 0.369195 0.938719 0.004364 1.000000 
0.190511 0.290598 0.317404 0.564217 -1.599943 0.355829 0.938753 0.003976 1.000000 
0.192768 0.273654 0.321790 0.532183 -1.597153 0.341415 0.938783 0.003625 1.000000 
0.194889 0.256695 0.325919 0.500109 -1.594483 0.326000 0.938811 0.003306 1.000000 
0.196875 0.239730 0.329791 0.468013 -1.591940 0.309636 0.938836 0.003015 1.000000 
0.198725 0.222766 0.333407 0.435908 -1.589531 0.292375 0.938859 0.002749 1.000000 
0.200439 0.205810 0.336766 0.403806 -1.587264 0.274273 0.938880 0.002505 1.000000 
0.202018 0.188867 0.339868 0.371717 -1.585145 0.255384 0.938899 0.002280 1.000000 
0.203461 0.171939 0.342713 0.339649 -1.583180 0.235767 0.938917 0.002072 1.000000 
0.204769 0.155031 0.345302 0.307607 -1.581374 0.215481 0.938933 0.001878 1.000000 
0.205941 0.138143 0.347635 0.275594 -1.579734 0.194585 0.938947 0.001697 1.000000 
0.206979 0.121277 0.349712 0.243612 -1.578262 0.173142 0.938960 0.001526 1.000000 
0.207882 0.104432 0.351533 0.211661 -1.576965 0.151212 0.938971 0.001365 1.000000 
0.208650 0.087609 0.353099 0.179740 -1.575844 0.128859 0.938982 0.001213 1.000000 
0.209284 0.070804 0.354409 0.147846 -1.574904 0.106147 0.938991 0.001067 1.000000 
0.209783 0.054017 0.355464 0.115975 -1.574147 0.083139 0.938999 0.000926 1.000000 
0.210148 0.037245 0.356265 0.084124 -1.573574 0.059900 0.939006 0.000791 1.000000 
0.210379 0.020485 0.356810 0.052286 -1.573189 0.036494 0.939011 0.000659 1.000000 
0.210476 0.003733 0.357101 0.020455 -1.572991 0.012987 0.939016 0.000529 1.000000 
0.210439 -0.013012 0.357138 -0.011374 -1.572981 -0.010555 0.939020 0.000401 1.000000 
0.210268 -0.029755 0.356919 -0.043208 -1.573160 -0.034069 0.939022 0.000274 1.000000 
0.209963 -0.046500 0.356446 -0.075053 -1.573526 -0.057488 0.939024 0.000146 1.000000 
0.209524 -0.063248 0.355718 -0.106915 -1.574079 -0.080747 0.939025 0.000018 1.000000 
0.208951 -0.080003 0.354735 -0.138799 -1.574817 -0.103782 0.939024 -0.000113 1.000000 
0.208243 -0.096767 0.353497 -0.170711 -1.575739 -0.126528 0.939023 -0.000248 1.000000 
0.207402 -0.113543 0.352004 -0.202653 -1.576841 -0.148921 0.939020 -0.000386 1.000000 
0.206427 -0.130331 0.350255 -0.234629 -1.578120 -0.170897 0.939017 -0.000530 1.000000 
0.205317 -0.147133 0.348250 -0.266641 -1.579574 -0.192394 0.939012 -0.000680 1.000000 
0.204073 -0.163948 0.345989 -0.298687 -1.581197 -0.213348 0.939006 -0.000838 1.000000 
0.202694 -0.180776 0.343471 -0.330768 -1.582986 -0.233700 0.938999 -0.001006 1.000000 
0.201180 -0.197615 0.340696 -0.362880 -1.584935 -0.253388 0.938990 -0.001184 1.000000 
0.199532 -0.214462 0.337665 -0.395017 -1.587038 -0.272355 0.938980 -0.001375 1.000000 
0.197749 -0.231313 0.334376 -0.427173 -1.589290 -0.290541 0.938968 -0.001581 1.000000 
0.195831 -0.248163 0.330830 -0.459337 -1.591684 -0.307890 0.938954 -0.001804 1.000000 
0.193778 -0.265006 0.327026 -0.491500 -1.594214 -0.324348 0.938939 -0.002047 1.000000 
0.191591 -0.281835 0.322966 -0.523646 -1.596872 -0.339862 0.938921 -0.002312 1.000000 
0.189269 -0.298641 0.318648 -0.555758 -1.599649 -0.354380 0.938902 -0.002603 1.000000 
0.186813 -0.315413 0.314074 -0.587819 -1.602539 -0.367855 0.938880 -0.002924 1.000000 
0.184222 -0.332141 0.309243 -0.619807 -1.605532 -0.380238 0.938855 -0.003279 1.000000 
0.181499 -0.348811 0.304157 -0.651696 -1.608620 -0.391487 0.938827 -0.003674 1.000000 
0.178642 -0.365410 0.298817 -0.683461 -1.611793 -0.401559 0.938796 -0.004116 1.000000 
0.175652 -0.381921 0.293222 -0.715072 -1.615041 -0.410417 0.938761 -0.004612 1.000000 
0.172531 -0.398328 0.287376 -0.746496 -1.618356 -0.418024 0.938722 -0.005170 1.000000 
0.169279 -0.414613 0.281279 -0.777699 -1.621726 -0.424350 0.938678 -0.005802 1.000000 
0.165898 -0.430755 0.274933 -0.808644 -1.625142 -0.429364 0.938629 -0.006520 1.000000 
0.162388 -0.446735 0.268341 -0.839292 -1.628593 -0.433043 0.938574 -0.007341 1.000000 
0.158750 -0.462530 0.261506 -0.869600 -1.632067 -0.435364 0.938511 -0.008283 1.000000 
0.154988 -0.478116 0.254429 -0.899524 -1.635555 -0.436313 0.938441 -0.009369 1.000000 
0.151101 -0.493470 0.247114 -0.929018 -1.639044 -0.435875 0.938361 -0.010629 1.000000 
0.147093 -0.508567 0.239566 -0.958034 -1.642525 -0.434043 0.938270 -0.012100 1.000000 
0.142965 -0.523381 0.231787 -0.986523 -1.645985 -0.430813 0.938167 -0.013825 1.000000 
0.138720 -0.537884 0.223783 -1.014434 -1.649414 -0.426186 0.938048 -0.015865 1.000000 
0.134360 -0.552051 0.215558 -1.041715 -1.652801 -0.420169 0.937912 -0.018292 1.000000 
0.129888 -0.565852 0.207117 -1.068311 -1.656133 -0.412772 0.937754 -0.021202 1.000000 
0.125307 -0.579260 0.198467 -1.094170 -1.659401 -0.404013 0.937571 -0.024722 1.000000 
0.120621 -0.592246 0.189613 -1.119238 -1.662594 -0.393912 0.937356 -0.029019 1.000000 
0.115832 -0.604783 0.180561 -1.143459 -1.665700 -0.382496 0.937104 -0.034317 1.000000 
0.110945 -0.616842 0.171320 -1.166781 -1.668710 -0.369798 0.936804 -0.040924 1.000000 
0.105964 -0.628395 0.161895 -1.189148 -1.671614 -0.355855 0.936444 -0.049267 1.000000 
0.100893 -0.639416 0.152296 -1.210509 -1.674401 -0.340711 0.936009 -0.059952 1.000000 
0.095735 -0.649877 0.142530 -1.230812 -1.677062 -0.324413 0.935477 -0.073855 1.000000 
0.090496 -0.659754 0.132606 -1.250007 -1.679589 -0.307016 0.934816 -0.092276 1.000000 
0.085181 -0.669021 0.122533 -1.268045 -1.681972 -0.288580 0.933983 -0.117195 1.000000 
0.079793 -0.677656 0.112321 -1.284882 -1.684203 -0.269171 0.932915 -0.151729 1.000000 
0.074340 -0.685637 0.101978 -1.300472 -1.686276 -0.248861 0.931516 -0.200961 1.000000 
0.068825 -0.692945 0.091516 -1.314776 -1.688183 -0.227731 0.929638 -0.273557 1.000000 
0.063255 -0.699563 0.080945 -1.327757 -1.689918 -0.205868 0.927037 -0.385056 1.000000 
0.057634 -0.705477 0.070276 -1.339381 -1.691475 -0.183372 0.923297 -0.565129 1.000000 
0.051969 -0.710678 0.059519 -1.349618 -1.692850 -0.160357 0.917655 -0.874942 1.000000 
0.046265 -0.715161 0.048686 -1.358444 -1.694040 -0.136956 0.908598 -1.453433 1.000000 
0.040528 -0.718934 0.037788 -1.365839 -1.695041 -0.113334 0.892782 -2.658317 1.000000 
0.034764 -0.722021 0.026836 -1.371788 -1.695853 -0.089680 0.861698 -5.576361 1.000000 
0.028977 -0.724480 0.015843 -1.376278 -1.696476 -0.066118 0.789025 -14.310797 1.000000 
0.023174 -0.726431 0.004820 -1.379281 -1.696910 -0.042196 0.570487 -48.353244 1.000000 
0.017356 -0.727956 -0.006221 -1.380705 -1.697149 -0.018012 -0.243268 -176.431321 -1.000000 
0.011529 -0.728332 -0.017258 -1.378373 -1.696929 0.043397 0.710274 62.817705 -1.000000 
0.005706 -0.726943 -0.028270 -1.374238 -1.696448 0.076501 0.985462 16.830635 -1.000000 
-0.000099 -0.724083 -0.039241 -1.368304 -1.695708 0.108429 1.066924 5.885168 -1.000000 
-0.005875 -0.719933 -0.050158 -1.360449 -1.694713 0.140246 1.098599 2.602761 -1.000000 
-0.011614 -0.714582 -0.061003 -1.350594 -1.693464 0.171930 1.113706 1.351180 -1.000000 
-0.017306 -0.708085 -0.071762 -1.338722 -1.691963 0.203186 1.121976 0.783468 -1.000000 
-0.022941 -0.700486 -0.082418 -1.324852 -1.690215 0.233734 1.126959 0.491871 -1.000000 
-0.028511 -0.691824 -0.092954 -1.309027 -1.688226 0.263339 1.130179 0.327697 -1.000000 
-0.034007 -0.682141 -0.103357 -1.291306 -1.686005 0.291802 1.132373 0.228557 -1.000000 
-0.039422 -0.671482 -0.113610 -1.271758 -1.683561 0.318952 1.133930 0.165304 -1.000000 
-0.044748 -0.659892 -0.123700 -1.250462 -1.680905 0.344639 1.135073 0.123122 -1.000000 
-0.049978 -0.647422 -0.133613 -1.227503 -1.678051 0.368730 1.135935 0.093951 -1.000000 
-0.055105 -0.634121 -0.143336 -1.202975 -1.675010 0.391109 1.136599 0.073158 -1.000000 
-0.060122 -0.620045 -0.152857 -1.176975 -1.671798 0.411671 1.137120 0.057951 -1.000000 
-0.065024 -0.605247 -0.162164 -1.149603 -1.668429 0.430329 1.137536 0.046583 -1.000000 
-0.069804 -0.589784 -0.171247 -1.120962 -1.664918 0.447005 1.137873 0.037920 -1.000000 
-0.074459 -0.573712 -0.180096 -1.091157 -1.661282 0.461635 1.138148 0.031209 -1.000000 
-0.078982 -0.557088 -0.188703 -1.060294 -1.657537 0.474170 1.138376 0.025932 -1.000000 
-0.083371 -0.539968 -0.197059 -1.028477 -1.653701 0.484570 1.138566 0.021729 -1.000000 
-0.087621 -0.522407 -0.205156 -0.995809 -1.649790 0.492807 1.138726 0.018341 -1.000000 
-0.091728 -0.504460 -0.212990 -0.962393 -1.645822 0.498867 1.138861 0.015582 -1.000000 
-0.095691 -0.486180 -0.220553 -0.928328 -1.641814 0.502744 1.138976 0.013313 -1.000000 
-0.099506 -0.467616 -0.227841 -0.893707 -1.637784 0.504445 1.139075 0.011431 -1.000000 
-0.103172 -0.448817 -0.234851 -0.858623 -1.633749 0.503985 1.139160 0.009857 -1.000000 
-0.106687 -0.429830 -0.241578 -0.823162 -1.629726 0.501391 1.139233 0.008531 -1.000000 
-0.110049 -0.410697 -0.248021 -0.787405 -1.625732 0.496696 1.139297 0.007406 -1.000000 
-0.113258 -0.391458 -0.254176 -0.751427 -1.621784 0.489945 1.139352 0.006446 -1.000000 
-0.116312 -0.372149 -0.260043 -0.715298 -1.617898 0.481187 1.139401 0.005620 -1.000000 
-0.119212 -0.352805 -0.265621 -0.679081 -1.614090 0.470481 1.139443 0.004907 -1.000000 
-0.121957 -0.333456 -0.270908 -0.642833 -1.610376 0.457892 1.139479 0.004287 -1.000000 
-0.124547 -0.314127 -0.275906 -0.606604 -1.606769 0.443490 1.139511 0.003746 -1.000000 
-0.126983 -0.294842 -0.280614 -0.570439 -1.603284 0.427352 1.139539 0.003270 -1.000000 
-0.129265 -0.275620 -0.285033 -0.534375 -1.599936 0.409558 1.139564 0.002849 -1.000000 
-0.131393 -0.256478 -0.289165 -0.498442 -1.596736 0.390194 1.139585 0.002475 -1.000000 
-0.133369 -0.237427 -0.293009 -0.462664 -1.593697 0.369349 1.139604 0.002140 -1.000000 
-0.135193 -0.218478 -0.296568 -0.427061 -1.590830 0.347116 1.139619 0.001840 -1.000000 
-0.136865 -0.199636 -0.299842 -0.391643 -1.588146 0.323590 1.139633 0.001568 -1.000000 
-0.138387 -0.180906 -0.302835 -0.356419 -1.585656 0.298869 1.139645 0.001320 -1.000000 
-0.139760 -0.162286 -0.305546 -0.321388 -1.583367 0.273054 1.139654 0.001092 -1.000000 
-0.140984 -0.143776 -0.307977 -0.286548 -1.581289 0.246247 1.139662 0.000882 -1.000000 
-0.142060 -0.125370 -0.310131 -0.251889 -1.579430 0.218551 1.139668 0.000686 -1.000000 
-0.142990 -0.107061 -0.312008 -0.217400 -1.577795 0.190071 1.139673 0.000502 -1.000000 
-0.143774 -0.088842 -0.313610 -0.183064 -1.576390 0.160914 1.139676 0.000328 -1.000000 
-0.144412 -0.070701 -0.314937 -0.148862 -1.575221 0.131185 1.139678 0.000161 -1.000000 
-0.144905 -0.052626 -0.315992 -0.114772 -1.574293 0.100992 1.139679 -0.000000 -1.000000 
-0.145254 -0.034605 -0.316774 -0.080768 -1.573607 0.070443 1.139678 -0.000158 -1.000000 
-0.145459 -0.016623 -0.317284 -0.046825 -1.573166 0.039647 1.139676 -0.000313 -1.000000 
-0.145520 0.001335 -0.317523 -0.012915 -1.572973 0.008711 1.139673 -0.000468 -1.000000 
-0.145437 0.019282 -0.317491 0.020990 -1.573027 -0.022255 1.139669 -0.000625 -1.000000 
0.000000 0.000000 0.000000 0.000000 0.000000 0.000000 0.000000 0.000000 0.000000 
