0.234073 -0.509366 -0.569186 -1.444601 -1.539089 0.548581 0.220362 0.071062 -1.000000 
0.229948 -0.521883 -0.580606 -1.410454 -1.534705 0.547276 0.220917 0.067685 -1.000000 
0.225724 -0.534053 -0.591752 -1.375931 -1.530335 0.545080 0.221445 0.064567 -1.000000 
0.221404 -0.545875 -0.602620 -1.341060 -1.525986 0.542001 0.221950 0.061686 -1.000000 
0.216990 -0.557349 -0.613208 -1.305864 -1.521665 0.538047 0.222433 0.059021 -1.000000 
0.212487 -0.568473 -0.623513 -1.270367 -1.517379 0.533228 0.222895 0.056554 -1.000000 
0.207896 -0.579249 -0.633533 -1.234594 -1.513136 0.527555 0.223338 0.054269 -1.000000 
0.203220 -0.589675 -0.643266 -1.198566 -1.508941 0.521041 0.223764 0.052151 -1.000000 
0.198462 -0.599753 -0.652710 -1.162305 -1.504801 0.513700 0.224173 0.050185 -1.000000 
0.193625 -0.609484 -0.661862 -1.125831 -1.500724 0.505546 0.224567 0.048361 -1.000000 
0.188711 -0.618869 -0.670723 -1.089164 -1.496715 0.496596 0.224947 0.046667 -1.000000 
0.183724 -0.627909 -0.679289 -1.052323 -1.492780 0.486866 0.225314 0.045093 -1.000000 
0.178666 -0.636607 -0.687559 -1.015325 -1.488927 0.476377 0.225669 0.043631 -1.000000 
0.173539 -0.644964 -0.695533 -0.978186 -1.485160 0.465145 0.226013 0.042271 -1.000000 
0.168347 -0.652983 -0.703210 -0.940923 -1.481486 0.453193 0.226346 0.041007 -1.000000 
0.163092 -0.660665 -0.710588 -0.903550 -1.477911 0.440541 0.226669 0.039832 -1.000000 
0.157777 -0.668014 -0.717667 -0.866080 -1.474440 0.427211 0.226983 0.038740 -1.000000 
0.152405 -0.675033 -0.724445 -0.828527 -1.471077 0.413227 0.227289 0.037725 -1.000000 
0.146978 -0.681723 -0.730923 -0.790901 -1.467830 0.398611 0.227587 0.036783 -1.000000 
0.141498 -0.688088 -0.737099 -0.753213 -1.464701 0.383389 0.227878 0.035908 -1.000000 
0.135969 -0.694131 -0.742974 -0.715473 -1.461697 0.367585 0.228162 0.035096 -1.000000 
0.130393 -0.699854 -0.748547 -0.677690 -1.458821 0.351226 0.228439 0.034345 -1.000000 
0.124772 -0.705260 -0.753817 -0.639871 -1.456079 0.334337 0.228711 0.033649 -1.000000 
0.119110 -0.710353 -0.758785 -0.602024 -1.453473 0.316946 0.228978 0.033007 -1.000000 
0.113407 -0.715135 -0.763449 -0.564155 -1.451009 0.299080 0.229240 0.032416 -1.000000 
0.107668 -0.719609 -0.767811 -0.526268 -1.448689 0.280768 0.229497 0.031872 -1.000000 
0.101894 -0.723777 -0.771870 -0.488369 -1.446518 0.262037 0.229750 0.031373 -1.000000 
0.096089 -0.727643 -0.775625 -0.450462 -1.444498 0.242916 0.229999 0.030918 -1.000000 
0.090253 -0.731207 -0.779077 -0.412549 -1.442632 0.223435 0.230244 0.030504 -1.000000 
0.084390 -0.734474 -0.782226 -0.374633 -1.440924 0.203623 0.230487 0.030131 -1.000000 
0.078502 -0.737444 -0.785071 -0.336715 -1.439375 0.183511 0.230727 0.029795 -1.000000 
0.072592 -0.740121 -0.787613 -0.298799 -1.437988 0.163128 0.230964 0.029497 -1.000000 
0.066661 -0.742505 -0.789852 -0.260883 -1.436765 0.142505 0.231199 0.029235 -1.000000 
0.060712 -0.744598 -0.791787 -0.222969 -1.435709 0.121672 0.231432 0.029007 -1.000000 
0.054748 -0.746402 -0.793419 -0.185057 -1.434819 0.100661 0.231663 0.028813 -1.000000 
0.048771 -0.747918 -0.794748 -0.147147 -1.434098 0.079503 0.231893 0.028653 -1.000000 
0.042782 -0.749147 -0.795774 -0.109237 -1.433547 0.058228 0.232121 0.028525 -1.000000 
0.036785 -0.750089 -0.796496 -0.071327 -1.433167 0.036868 0.232349 0.028429 -1.000000 
0.030782 -0.750745 -0.796915 -0.033417 -1.432958 0.015454 0.232576 0.028366 -1.000000 
0.024774 -0.751115 -0.797031 0.004496 -1.432920 -0.005982 0.232803 0.028333 -1.000000 
0.018765 -0.751200 -0.796843 0.042411 -1.433053 -0.027409 0.233030 0.028333 -1.000000 
0.012756 -0.750998 -0.796352 0.080331 -1.433358 -0.048795 0.233257 0.028364 -1.000000 
0.006749 -0.750510 -0.795558 0.118255 -1.433834 -0.070108 0.233484 0.028426 -1.000000 
0.000748 -0.749735 -0.794460 0.156185 -1.434480 -0.091318 0.233711 0.028521 -1.000000 
-0.005246 -0.748671 -0.793059 0.194122 -1.435295 -0.112393 0.233940 0.028648 -1.000000 
-0.011230 -0.747318 -0.791354 0.232066 -1.436277 -0.133302 0.234170 0.028808 -1.000000 
-0.017202 -0.745675 -0.789346 0.270017 -1.437427 -0.154013 0.234401 0.029002 -1.000000 
-0.023160 -0.743739 -0.787034 0.307975 -1.438741 -0.174496 0.234634 0.029230 -1.000000 
-0.029101 -0.741508 -0.784418 0.345939 -1.440218 -0.194720 0.234869 0.029493 -1.000000 
-0.035023 -0.738982 -0.781499 0.383908 -1.441856 -0.214654 0.235106 0.029793 -1.000000 
-0.040924 -0.736156 -0.778275 0.421881 -1.443652 -0.234268 0.235346 0.030130 -1.000000 
-0.046801 -0.733030 -0.774749 0.459856 -1.445603 -0.253532 0.235588 0.030507 -1.000000 
-0.052652 -0.729600 -0.770918 0.497829 -1.447707 -0.272416 0.235834 0.030925 -1.000000 
-0.058474 -0.725864 -0.766783 0.535797 -1.449961 -0.290891 0.236083 0.031385 -1.000000 
-0.064265 -0.721819 -0.762345 0.573756 -1.452360 -0.308927 0.236336 0.031890 -1.000000 
-0.070022 -0.717462 -0.757603 0.611700 -1.454902 -0.326497 0.236594 0.032442 -1.000000 
-0.075743 -0.712789 -0.752558 0.649625 -1.457583 -0.343571 0.236855 0.033043 -1.000000 
-0.081426 -0.707798 -0.747209 0.687524 -1.460398 -0.360122 0.237122 0.033697 -1.000000 
-0.087067 -0.702486 -0.741558 0.725388 -1.463343 -0.376123 0.237395 0.034406 -1.000000 
-0.092665 -0.696849 -0.735603 0.763210 -1.466415 -0.391548 0.237673 0.035173 -1.000000 
-0.098216 -0.690883 -0.729346 0.800981 -1.469607 -0.406370 0.237958 0.036004 -1.000000 
-0.103718 -0.684587 -0.722788 0.838689 -1.472915 -0.420563 0.238249 0.036901 -1.000000 
-0.109168 -0.677955 -0.715928 0.876325 -1.476334 -0.434104 0.238548 0.037870 -1.000000 
-0.114564 -0.670986 -0.708767 0.913875 -1.479859 -0.446968 0.238855 0.038915 -1.000000 
-0.119903 -0.663677 -0.701306 0.951326 -1.483483 -0.459132 0.239171 0.040043 -1.000000 
-0.125182 -0.656023 -0.693546 0.988665 -1.487203 -0.470574 0.239496 0.041259 -1.000000 
-0.130399 -0.648023 -0.685488 1.025874 -1.491011 -0.481271 0.239832 0.042571 -1.000000 
-0.135550 -0.639674 -0.677132 1.062939 -1.494901 -0.491204 0.240178 0.043985 -1.000000 
-0.140632 -0.630973 -0.668481 1.099842 -1.498868 -0.500353 0.240536 0.045511 -1.000000 
-0.145644 -0.621918 -0.659535 1.136563 -1.502905 -0.508699 0.240906 0.047159 -1.000000 
-0.150582 -0.612507 -0.650296 1.173084 -1.507005 -0.516225 0.241290 0.048937 -1.000000 
-0.155443 -0.602739 -0.640766 1.209384 -1.511162 -0.522913 0.241690 0.050859 -1.000000 
-0.160225 -0.592610 -0.630947 1.245442 -1.515369 -0.528750 0.242105 0.052937 -1.000000 
-0.164924 -0.582122 -0.620840 1.281234 -1.519620 -0.533720 0.242537 0.055185 -1.000000 
-0.169538 -0.571272 -0.610448 1.316737 -1.523906 -0.537810 0.242988 0.057620 -1.000000 
-0.174064 -0.560061 -0.599773 1.351926 -1.528222 -0.541010 0.243459 0.060259 -1.000000 
-0.178498 -0.548488 -0.588818 1.386777 -1.532560 -0.543308 0.243953 0.063123 -1.000000 
-0.182838 -0.536554 -0.577586 1.421263 -1.536913 -0.544697 0.244470 0.066233 -1.000000 
-0.187082 -0.524259 -0.566079 1.455357 -1.541273 -0.545167 0.245013 0.069616 -1.000000 
-0.191226 -0.511605 -0.554301 1.489030 -1.545633 -0.544714 0.245585 0.073298 -1.000000 
-0.195267 -0.498593 -0.542256 1.522255 -1.549986 -0.543332 0.246187 0.077313 -1.000000 
-0.199202 -0.485226 -0.529946 1.555002 -1.554324 -0.541019 0.246823 0.081694 -1.000000 
-0.203029 -0.471507 -0.517377 1.587241 -1.558640 -0.537773 0.247495 0.086482 -1.000000 
-0.206745 -0.457438 -0.504552 1.618943 -1.562926 -0.533593 0.248208 0.091722 -1.000000 
-0.210347 -0.443024 -0.491475 1.650075 -1.567175 -0.528483 0.248964 0.097465 -1.000000 
-0.213833 -0.428269 -0.478152 1.680606 -1.571379 -0.522443 0.249769 0.103767 -1.000000 
-0.217199 -0.413178 -0.464587 1.710506 -1.575531 -0.515481 0.250626 0.110692 -1.000000 
-0.220443 -0.397757 -0.450786 1.739742 -1.579624 -0.507601 0.251542 0.118313 -1.000000 
-0.223562 -0.382011 -0.436753 1.768281 -1.583650 -0.498813 0.252521 0.126710 -1.000000 
-0.226554 -0.365948 -0.422495 1.796093 -1.587603 -0.489125 0.253571 0.135974 -1.000000 
-0.229416 -0.349574 -0.408018 1.823144 -1.591474 -0.478549 0.254699 0.146208 -1.000000 
-0.232146 -0.332898 -0.393327 1.849403 -1.595257 -0.467098 0.255913 0.157526 -1.000000 
-0.234742 -0.315928 -0.378430 1.874836 -1.598945 -0.454786 0.257223 0.170055 -1.000000 
-0.237201 -0.298672 -0.363332 1.899413 -1.602532 -0.441630 0.258638 0.183936 -1.000000 
-0.239520 -0.281141 -0.348041 1.923103 -1.606009 -0.427647 0.260170 0.199323 -1.000000 
-0.241698 -0.263345 -0.332565 1.945872 -1.609372 -0.412855 0.261832 0.216384 -1.000000 
-0.243733 -0.245294 -0.316910 1.967692 -1.612613 -0.397275 0.263637 0.235302 -1.000000 
-0.245622 -0.227000 -0.301084 1.988531 -1.615726 -0.380929 0.265602 0.256268 -1.000000 
-0.247364 -0.208474 -0.285096 2.008360 -1.618706 -0.363840 0.267743 0.279479 -1.000000 
-0.248957 -0.189728 -0.268953 2.027150 -1.621546 -0.346031 0.270080 0.305131 -1.000000 
-0.250399 -0.170774 -0.252665 2.044872 -1.624240 -0.327529 0.272632 0.333410 -1.000000 
-0.251689 -0.151627 -0.236238 2.061499 -1.626784 -0.308359 0.275422 0.364475 -1.000000 
-0.252825 -0.132299 -0.219684 2.077003 -1.629172 -0.288549 0.278472 0.398438 -1.000000 
-0.253805 -0.112804 -0.203009 2.091360 -1.631399 -0.268127 0.281805 0.435337 -1.000000 
-0.254629 -0.093157 -0.186225 2.104542 -1.633461 -0.247122 0.285445 0.475105 -1.000000 
-0.255295 -0.073371 -0.169340 2.116527 -1.635352 -0.225563 0.289414 0.517525 -1.000000 
-0.255803 -0.053463 -0.152364 2.127290 -1.637068 -0.203483 0.293731 0.562190 -1.000000 
-0.256151 -0.033447 -0.135307 2.136809 -1.638606 -0.180912 0.298413 0.608455 -1.000000 
-0.256338 -0.013339 -0.118178 2.145062 -1.639962 -0.157882 0.303468 0.655403 -1.000000 
-0.256364 0.006845 -0.100989 2.152028 -1.641131 -0.134429 0.308898 0.701820 -1.000000 
-0.256228 0.027087 -0.083749 2.157687 -1.642112 -0.110587 0.314692 0.746214 -1.000000 
-0.255930 0.047371 -0.066470 2.162020 -1.642900 -0.086393 0.320827 0.786864 -1.000000 
-0.255470 0.067678 -0.049161 2.165010 -1.643493 -0.061888 0.327267 0.821926 -1.000000 
-0.254847 0.087989 -0.031833 2.166641 -1.643889 -0.037112 0.333959 0.849592 -1.000000 
-0.254062 0.108286 -0.014498 2.166898 -1.644086 -0.012110 0.340836 0.868275 -1.000000 
-0.253115 0.128548 0.002834 2.165768 -1.644083 0.013069 0.347824 0.876808 -1.000000 
-0.252006 0.148754 0.020151 2.163240 -1.643877 0.038376 0.354837 0.874601 -1.000000 
-0.250735 0.168882 0.037442 2.159307 -1.643468 0.063756 0.361789 0.861727 -1.000000 
-0.249304 0.188911 0.054696 2.153963 -1.642857 0.089153 0.368598 0.838919 -1.000000 
-0.247713 0.208818 0.071901 2.147205 -1.642042 0.114509 0.375189 0.807472 -1.000000 
-0.245963 0.228581 0.089047 2.139035 -1.641025 0.139763 0.381499 0.769070 -1.000000 
-0.244056 0.248177 0.106122 2.129454 -1.639806 0.164852 0.387480 0.725592 -1.000000 
-0.241993 0.267584 0.123115 2.118471 -1.638388 0.189716 0.393100 0.678914 -1.000000 
-0.239775 0.286779 0.140014 2.106096 -1.636772 0.214293 0.398339 0.630760 -1.000000 
-0.237405 0.305743 0.156809 2.092341 -1.634960 0.238519 0.403192 0.582600 -1.000000 
-0.234884 0.324453 0.173488 2.077224 -1.632956 0.262335 0.407664 0.535601 -1.000000 
-0.232214 0.342890 0.190041 2.060764 -1.630764 0.285681 0.411767 0.490623 -1.000000 
-0.229399 0.361034 0.206456 2.042983 -1.628387 0.308499 0.415520 0.448245 -1.000000 
-0.226439 0.378867 0.222725 2.023906 -1.625830 0.330733 0.418947 0.408809 -1.000000 
-0.223338 0.396371 0.238836 2.003562 -1.623097 0.352329 0.422070 0.372470 -1.000000 
-0.220098 0.413529 0.254779 1.981979 -1.620194 0.373236 0.424914 0.339239 -1.000000 
-0.216722 0.430327 0.270544 1.959191 -1.617127 0.393403 0.427506 0.309030 -1.000000 
-0.213214 0.446748 0.286123 1.935232 -1.613902 0.412785 0.429867 0.281688 -1.000000 
-0.209575 0.462780 0.301505 1.910137 -1.610525 0.431337 0.432020 0.257021 -1.000000 
-0.205810 0.478410 0.316682 1.883944 -1.607003 0.449017 0.433986 0.234817 -1.000000 
-0.201922 0.493625 0.331645 1.856693 -1.603343 0.465786 0.435783 0.214860 -1.000000 
-0.197913 0.508416 0.346386 1.828424 -1.599553 0.481608 0.437429 0.196936 -1.000000 
-0.193788 0.522773 0.360897 1.799178 -1.595640 0.496451 0.438939 0.180842 -1.000000 
-0.189550 0.536688 0.375170 1.768997 -1.591612 0.510283 0.440327 0.166389 -1.000000 
-0.185202 0.550152 0.389199 1.737926 -1.587478 0.523077 0.441605 0.153404 -1.000000 
-0.180749 0.563159 0.402975 1.706006 -1.583246 0.534808 0.442785 0.141728 -1.000000 
-0.176193 0.575704 0.416493 1.673283 -1.578924 0.545455 0.443876 0.131220 -1.000000 
-0.171539 0.587783 0.429746 1.639799 -1.574521 0.554998 0.444887 0.121751 -1.000000 
-0.166790 0.599391 0.442728 1.605600 -1.570047 0.563422 0.445826 0.113208 -1.000000 
-0.161950 0.610526 0.455433 1.570729 -1.565510 0.570712 0.446700 0.105490 -1.000000 
-0.157023 0.621186 0.467858 1.535229 -1.560919 0.576859 0.447516 0.098507 -1.000000 
-0.152012 0.631371 0.479995 1.499144 -1.556283 0.581854 0.448278 0.092182 -1.000000 
-0.146922 0.641079 0.491842 1.462516 -1.551612 0.585693 0.448992 0.086442 -1.000000 
-0.141756 0.650313 0.503394 1.425387 -1.546915 0.588372 0.449663 0.081227 -1.000000 
-0.136518 0.659073 0.514647 1.387797 -1.542201 0.589892 0.450293 0.076481 -1.000000 
-0.131212 0.667361 0.525598 1.349787 -1.537480 0.590256 0.450887 0.072157 -1.000000 
-0.125842 0.675181 0.536243 1.311395 -1.532760 0.589468 0.451449 0.068211 -1.000000 
-0.120411 0.682535 0.546579 1.272658 -1.528051 0.587537 0.451980 0.064606 -1.000000 
-0.114922 0.689428 0.556605 1.233613 -1.523363 0.584470 0.452483 0.061308 -1.000000 
-0.109381 0.695864 0.566317 1.194295 -1.518703 0.580281 0.452961 0.058286 -1.000000 
-0.103790 0.701848 0.575713 1.154738 -1.514081 0.574983 0.453416 0.055515 -1.000000 
-0.098153 0.707385 0.584792 1.114972 -1.509506 0.568593 0.453850 0.052972 -1.000000 
-0.092473 0.712481 0.593552 1.075028 -1.504986 0.561128 0.454265 0.050634 -1.000000 
-0.086754 0.717142 0.601992 1.034935 -1.500531 0.552608 0.454661 0.048484 -1.000000 
-0.081000 0.721374 0.610110 0.994720 -1.496147 0.543055 0.455041 0.046505 -1.000000 
-0.075213 0.725185 0.617907 0.954408 -1.491845 0.532492 0.455405 0.044681 -1.000000 
-0.069398 0.728579 0.625381 0.914023 -1.487630 0.520945 0.455756 0.043001 -1.000000 
-0.063557 0.731565 0.632531 0.873587 -1.483512 0.508439 0.456094 0.041451 -1.000000 
-0.057694 0.734148 0.639358 0.833119 -1.479498 0.495003 0.456420 0.040021 -1.000000 
-0.051812 0.736336 0.645861 0.792639 -1.475594 0.480666 0.456734 0.038702 -1.000000 
-0.045914 0.738136 0.652040 0.752162 -1.471809 0.465458 0.457039 0.037485 -1.000000 
-0.040002 0.739555 0.657896 0.711704 -1.468149 0.449411 0.457334 0.036362 -1.000000 
-0.034082 0.740598 0.663428 0.671279 -1.464621 0.432558 0.457621 0.035327 -1.000000 
-0.028154 0.741272 0.668636 0.630898 -1.461230 0.414933 0.457900 0.034372 -1.000000 
-0.022222 0.741585 0.673522 0.590571 -1.457984 0.396570 0.458171 0.033494 -1.000000 
-0.016289 0.741541 0.678086 0.550306 -1.454887 0.377506 0.458436 0.032685 -1.000000 
-0.010359 0.741148 0.682327 0.510112 -1.451946 0.357777 0.458694 0.031943 -1.000000 
-0.004432 0.740409 0.686248 0.469993 -1.449164 0.337419 0.458947 0.031262 -1.000000 
0.001487 0.739331 0.689847 0.429954 -1.446548 0.316472 0.459195 0.030640 -1.000000 
0.007396 0.737919 0.693127 0.389998 -1.444102 0.294974 0.459438 0.030073 -1.000000 
0.013293 0.736177 0.696088 0.350127 -1.441830 0.272964 0.459676 0.029557 -1.000000 
0.019174 0.734109 0.698729 0.310342 -1.439736 0.250481 0.459911 0.029091 -1.000000 
0.025038 0.731719 0.701053 0.270642 -1.437824 0.227566 0.460142 0.028672 -1.000000 
0.030881 0.729011 0.703060 0.231026 -1.436096 0.204259 0.460370 0.028299 -1.000000 
0.036701 0.725987 0.704750 0.191492 -1.434556 0.180602 0.460595 0.027968 -1.000000 
0.042496 0.722650 0.706124 0.152037 -1.433207 0.156636 0.460817 0.027679 -1.000000 
0.048263 0.719002 0.707183 0.112658 -1.432051 0.132402 0.461038 0.027430 -1.000000 
0.053999 0.715045 0.707927 0.073349 -1.431090 0.107941 0.461256 0.027220 -1.000000 
0.059703 0.710781 0.708357 0.034106 -1.430324 0.083298 0.461473 0.027049 -1.000000 
0.065371 0.706209 0.708473 -0.005075 -1.429757 0.058512 0.461689 0.026915 -1.000000 
0.071001 0.701330 0.708275 -0.044201 -1.429389 0.033627 0.461904 0.026817 -1.000000 
0.076591 0.696144 0.707766 -0.083276 -1.429219 0.008686 0.462118 0.026756 -1.000000 
0.082139 0.690651 0.706943 -0.122307 -1.429250 -0.016270 0.462332 0.026731 -1.000000 
0.087641 0.684849 0.705809 -0.161299 -1.429480 -0.041198 0.462546 0.026742 -1.000000 
0.093095 0.678738 0.704362 -0.200258 -1.429909 -0.066054 0.462760 0.026790 -1.000000 
0.098500 0.672315 0.702605 -0.239189 -1.430536 -0.090797 0.462975 0.026873 -1.000000 
0.103852 0.665578 0.700535 -0.278097 -1.431361 -0.115385 0.463190 0.026994 -1.000000 
0.109148 0.658526 0.698155 -0.316986 -1.432382 -0.139774 0.463407 0.027151 -1.000000 
0.114387 0.651155 0.695464 -0.355862 -1.433597 -0.163922 0.463625 0.027347 -1.000000 
0.119566 0.643463 0.692461 -0.394726 -1.435004 -0.187788 0.463844 0.027583 -1.000000 
0.124682 0.635445 0.689148 -0.433583 -1.436600 -0.211329 0.464066 0.027859 -1.000000 
0.129732 0.627099 0.685524 -0.472433 -1.438384 -0.234504 0.464290 0.028176 -1.000000 
0.134714 0.618421 0.681589 -0.511278 -1.440351 -0.257272 0.464517 0.028537 -1.000000 
0.139626 0.609407 0.677344 -0.550118 -1.442499 -0.279592 0.464747 0.028944 -1.000000 
0.144464 0.600052 0.672787 -0.588952 -1.444824 -0.301423 0.464980 0.029398 -1.000000 
0.149226 0.590354 0.667920 -0.627778 -1.447320 -0.322725 0.465217 0.029901 -1.000000 
0.153909 0.580307 0.662743 -0.666591 -1.449986 -0.343458 0.465459 0.030458 -1.000000 
0.158510 0.569907 0.657255 -0.705388 -1.452814 -0.363583 0.465705 0.031070 -1.000000 
0.163026 0.559151 0.651457 -0.744163 -1.455801 -0.383062 0.465956 0.031742 -1.000000 
0.167455 0.548034 0.645348 -0.782907 -1.458941 -0.401857 0.466213 0.032477 -1.000000 
0.171794 0.536553 0.638930 -0.821613 -1.462229 -0.419930 0.466476 0.033279 -1.000000 
0.176039 0.524703 0.632203 -0.860268 -1.465658 -0.437246 0.466746 0.034153 -1.000000 
0.180188 0.512482 0.625166 -0.898862 -1.469223 -0.453769 0.467023 0.035105 -1.000000 
0.184238 0.499885 0.617821 -0.937380 -1.472916 -0.469464 0.467307 0.036141 -1.000000 
0.188185 0.486910 0.610168 -0.975807 -1.476732 -0.484298 0.467601 0.037268 -1.000000 
0.192027 0.473554 0.602209 -1.014127 -1.480663 -0.498238 0.467904 0.038493 -1.000000 
0.195761 0.459815 0.593943 -1.052319 -1.484701 -0.511253 0.468217 0.039824 -1.000000 
0.199383 0.445692 0.585372 -1.090363 -1.488840 -0.523313 0.468542 0.041272 -1.000000 
0.202891 0.431182 0.576497 -1.128238 -1.493072 -0.534389 0.468878 0.042846 -1.000000 
0.206281 0.416286 0.567321 -1.165920 -1.497388 -0.544453 0.469227 0.044559 -1.000000 
0.209551 0.401003 0.557843 -1.203382 -1.501780 -0.553481 0.469591 0.046424 -1.000000 
0.212696 0.385334 0.548067 -1.240597 -1.506241 -0.561446 0.469971 0.048457 -1.000000 
0.215715 0.369279 0.537994 -1.277537 -1.510760 -0.568328 0.470367 0.050674 -1.000000 
0.218604 0.352842 0.527627 -1.314171 -1.515331 -0.574104 0.470782 0.053095 -1.000000 
0.221359 0.336024 0.516969 -1.350466 -1.519943 -0.578757 0.471217 0.055741 -1.000000 
0.223979 0.318828 0.506021 -1.386389 -1.524588 -0.582267 0.471675 0.058637 -1.000000 
0.226460 0.301260 0.494787 -1.421905 -1.529256 -0.584622 0.472156 0.061812 -1.000000 
0.228798 0.283325 0.483272 -1.456977 -1.533939 -0.585806 0.472664 0.065296 -1.000000 
0.230992 0.265028 0.471477 -1.491568 -1.538626 -0.585810 0.473202 0.069128 -1.000000 
0.233038 0.246376 0.459408 -1.525638 -1.543309 -0.584624 0.473771 0.073346 -1.000000 
0.234933 0.227377 0.447068 -1.559148 -1.547977 -0.582243 0.474376 0.078001 -1.000000 
0.236675 0.208040 0.434463 -1.592057 -1.552621 -0.578662 0.475021 0.083144 -1.000000 
0.238261 0.188375 0.421597 -1.624321 -1.557232 -0.573878 0.475708 0.088839 -1.000000 
0.239688 0.168393 0.408476 -1.655899 -1.561800 -0.567894 0.476444 0.095157 -1.000000 
0.240954 0.148105 0.395105 -1.686748 -1.566315 -0.560712 0.477233 0.102180 -1.000000 
0.242057 0.127524 0.381490 -1.716823 -1.570768 -0.552338 0.478081 0.110002 -1.000000 
0.242994 0.106663 0.367638 -1.746079 -1.575150 -0.542780 0.478995 0.118731 -1.000000 
0.243763 0.085538 0.353555 -1.774473 -1.579450 -0.532049 0.479983 0.128494 -1.000000 
0.244362 0.064163 0.339249 -1.801960 -1.583659 -0.520158 0.481054 0.139432 -1.000000 
0.244789 0.042555 0.324726 -1.828494 -1.587769 -0.507122 0.482218 0.151712 -1.000000 
0.245042 0.020731 0.309995 -1.854032 -1.591770 -0.492961 0.483486 0.165522 -1.000000 
0.245120 -0.001290 0.295064 -1.878530 -1.595654 -0.477695 0.484871 0.181080 -1.000000 
0.245021 -0.023489 0.279942 -1.901943 -1.599410 -0.461347 0.486388 0.198631 -1.000000 
0.244744 -0.045848 0.264636 -1.924228 -1.603032 -0.443941 0.488055 0.218452 -1.000000 
0.244287 -0.068344 0.249157 -1.945343 -1.606511 -0.425507 0.489890 0.240853 -1.000000 
0.243650 -0.090958 0.233514 -1.965247 -1.609838 -0.406072 0.491916 0.266175 -1.000000 
0.242832 -0.113668 0.217717 -1.983898 -1.613005 -0.385669 0.494158 0.294787 -1.000000 
0.241831 -0.136450 0.201775 -2.001256 -1.616006 -0.364330 0.496643 0.327070 -1.000000 
0.240648 -0.159283 0.185700 -2.017284 -1.618832 -0.342090 0.499402 0.363408 -1.000000 
0.239283 -0.182143 0.169502 -2.031944 -1.621477 -0.318985 0.502469 0.404151 -1.000000 
0.237734 -0.205007 0.153193 -2.045200 -1.623934 -0.295052 0.505881 0.449577 -1.000000 
0.236002 -0.227851 0.136783 -2.057016 -1.626196 -0.270330 0.509675 0.499823 -1.000000 
0.234088 -0.250650 0.120284 -2.067358 -1.628257 -0.244857 0.513891 0.554805 -1.000000 
0.231992 -0.273380 0.103709 -2.076194 -1.630112 -0.218673 0.518564 0.614110 -1.000000 
0.229715 -0.296015 0.087069 -2.083492 -1.631754 -0.191819 0.523726 0.676871 -1.000000 
0.227256 -0.318531 0.070377 -2.089222 -1.633179 -0.164338 0.529399 0.741654 -1.000000 
0.224618 -0.340902 0.053646 -2.093355 -1.634382 -0.136273 0.535592 0.806363 -1.000000 
0.221802 -0.363099 0.036888 -2.095861 -1.635358 -0.107670 0.542293 0.868231 -1.000000 
0.218809 -0.385097 0.020117 -2.096716 -1.636103 -0.078581 0.549467 0.923937 -1.000000 
0.215641 -0.406865 0.003345 -2.095893 -1.636614 -0.049058 0.557050 0.969877 -1.000000 
0.212300 -0.428374 -0.013413 -2.093371 -1.636887 -0.019163 0.564950 1.002601 -1.000000 
0.208788 -0.449592 -0.030144 -2.089129 -1.636920 0.011039 0.573049 1.019345 -1.000000 
0.205108 -0.470487 -0.046834 -2.083151 -1.636710 0.041473 0.581212 1.018528 -1.000000 
0.201261 -0.491026 -0.063470 -2.075425 -1.636256 0.072059 0.589298 1.000074 -1.000000 
0.197252 -0.511173 -0.080037 -2.065944 -1.635557 0.102709 0.597170 0.965440 -1.000000 
0.193084 -0.530895 -0.096520 -2.054706 -1.634613 0.133332 0.604709 0.917348 -1.000000 
0.188759 -0.550159 -0.112907 -2.041717 -1.633424 0.163830 0.611821 0.859294 -1.000000 
0.184282 -0.568932 -0.129183 -2.026985 -1.631992 0.194105 0.618442 0.795003 -1.000000 
0.179658 -0.587184 -0.145334 -2.010527 -1.630319 0.224059 0.624534 0.727949 -1.000000 
0.174889 -0.604884 -0.161347 -1.992365 -1.628408 0.253592 0.630089 0.661041 -1.000000 
0.169981 -0.622006 -0.177208 -1.972528 -1.626263 0.282607 0.635117 0.596482 -1.000000 
0.164939 -0.638525 -0.192903 -1.951048 -1.623888 0.311010 0.639643 0.535767 -1.000000 
0.159766 -0.654418 -0.208420 -1.927963 -1.621289 0.338710 0.643702 0.479778 -1.000000 
0.154470 -0.669664 -0.223746 -1.903317 -1.618471 0.365619 0.647333 0.428909 -1.000000 
0.149053 -0.684246 -0.238869 -1.877157 -1.615441 0.391652 0.650578 0.383202 -1.000000 
0.143523 -0.698147 -0.253777 -1.849533 -1.612207 0.416731 0.653478 0.342468 -1.000000 
0.137885 -0.711354 -0.268458 -1.820501 -1.608776 0.440780 0.656070 0.306373 -1.000000 
0.132144 -0.723856 -0.282901 -1.790118 -1.605157 0.463728 0.658391 0.274514 -1.000000 
0.126305 -0.735645 -0.297096 -1.758444 -1.601360 0.485512 0.660473 0.246460 -1.000000 
0.120375 -0.746712 -0.311033 -1.725544 -1.597393 0.506069 0.662343 0.221788 -1.000000 
0.114360 -0.757055 -0.324702 -1.691480 -1.593266 0.525345 0.664029 0.200098 -1.000000 
0.108264 -0.766669 -0.338094 -1.656320 -1.588991 0.543289 0.665552 0.181021 -1.000000 
0.102095 -0.775555 -0.351200 -1.620130 -1.584577 0.559856 0.666932 0.164229 -1.000000 
0.095857 -0.783714 -0.364013 -1.582979 -1.580037 0.575007 0.668185 0.149427 -1.000000 
0.089557 -0.791149 -0.376526 -1.544936 -1.575381 0.588705 0.669327 0.136359 -1.000000 
0.083201 -0.797865 -0.388730 -1.506068 -1.570621 0.600921 0.670371 0.124801 -1.000000 
0.076794 -0.803869 -0.400621 -1.466444 -1.565770 0.611629 0.671327 0.114558 -1.000000 
0.070341 -0.809168 -0.412192 -1.426132 -1.560839 0.620811 0.672207 0.105461 -1.000000 
0.063849 -0.813773 -0.423437 -1.385198 -1.555841 0.628450 0.673017 0.097365 -1.000000 
0.057322 -0.817693 -0.434353 -1.343708 -1.550788 0.634536 0.673767 0.090145 -1.000000 
0.050767 -0.820941 -0.444935 -1.301727 -1.545693 0.639063 0.674462 0.083691 -1.000000 
0.044189 -0.823530 -0.455180 -1.259315 -1.540567 0.642030 0.675108 0.077910 -1.000000 
0.037593 -0.825473 -0.465083 -1.216534 -1.535424 0.643439 0.675710 0.072721 -1.000000 
0.030983 -0.826785 -0.474643 -1.173441 -1.530277 0.643298 0.676273 0.068055 -1.000000 
0.024366 -0.827481 -0.483858 -1.130094 -1.525136 0.641618 0.676800 0.063849 -1.000000 
0.017745 -0.827577 -0.492724 -1.086543 -1.520015 0.638414 0.677295 0.060053 -1.000000 
0.011126 -0.827090 -0.501242 -1.042842 -1.514925 0.633705 0.677762 0.056619 -1.000000 
0.004513 -0.826035 -0.509410 -0.999036 -1.509879 0.627512 0.678202 0.053509 -1.000000 
-0.002089 -0.824431 -0.517226 -0.955171 -1.504889 0.619862 0.678619 0.050687 -1.000000 
-0.008676 -0.822292 -0.524692 -0.911288 -1.499965 0.610782 0.679014 0.048123 -1.000000 
-0.015244 -0.819637 -0.531807 -0.867427 -1.495120 0.600305 0.679389 0.045791 -1.000000 
-0.021789 -0.816482 -0.538571 -0.823623 -1.490364 0.588466 0.679747 0.043666 -1.000000 
-0.028307 -0.812844 -0.544985 -0.779907 -1.485708 0.575300 0.680088 0.041729 -1.000000 
-0.034793 -0.808737 -0.551050 -0.736310 -1.481163 0.560847 0.680415 0.039962 -1.000000 
-0.041245 -0.804179 -0.556767 -0.692858 -1.476738 0.545150 0.680728 0.038348 -1.000000 
-0.047659 -0.799183 -0.562136 -0.649573 -1.472444 0.528251 0.681029 0.036874 -1.000000 
-0.054031 -0.793765 -0.567160 -0.606475 -1.468289 0.510197 0.681319 0.035527 -1.000000 
-0.060358 -0.787938 -0.571840 -0.563581 -1.464283 0.491034 0.681598 0.034297 -1.000000 
-0.066637 -0.781716 -0.576178 -0.520904 -1.460435 0.470812 0.681868 0.033172 -1.000000 
-0.072865 -0.775111 -0.580175 -0.478457 -1.456753 0.449581 0.682129 0.032146 -1.000000 
-0.079038 -0.768133 -0.583834 -0.436246 -1.453245 0.427392 0.682382 0.031210 -1.000000 
-0.085154 -0.760794 -0.587156 -0.394278 -1.449917 0.404299 0.682628 0.030357 -1.000000 
-0.091210 -0.753104 -0.590143 -0.352555 -1.446778 0.380355 0.682868 0.029581 -1.000000 
-0.097203 -0.745070 -0.592798 -0.311078 -1.443834 0.355615 0.683102 0.028878 -1.000000 
-0.103130 -0.736701 -0.595121 -0.269846 -1.441090 0.330135 0.683330 0.028241 -1.000000 
-0.108989 -0.728003 -0.597116 -0.228854 -1.438553 0.303971 0.683554 0.027668 -1.000000 
-0.114777 -0.718982 -0.598783 -0.188097 -1.436228 0.277181 0.683773 0.027154 -1.000000 
-0.120492 -0.709642 -0.600126 -0.147567 -1.434120 0.249822 0.683989 0.026697 -1.000000 
-0.126131 -0.699987 -0.601145 -0.107256 -1.432233 0.221951 0.684200 0.026292 -1.000000 
-0.131691 -0.690018 -0.601843 -0.067152 -1.430570 0.193629 0.684409 0.025938 -1.000000 
-0.137170 -0.679739 -0.602220 -0.027244 -1.429136 0.164913 0.684616 0.025633 -1.000000 
-0.142566 -0.669149 -0.602279 0.012480 -1.427932 0.135863 0.684820 0.025375 -1.000000 
-0.147876 -0.658248 -0.602021 0.052035 -1.426962 0.106539 0.685022 0.025162 -1.000000 
-0.153097 -0.647033 -0.601447 0.091435 -1.426228 0.077000 0.685222 0.024994 -1.000000 
-0.158227 -0.635504 -0.600558 0.130695 -1.425731 0.047306 0.685422 0.024868 -1.000000 
-0.163264 -0.623657 -0.599356 0.169829 -1.425472 0.017517 0.685620 0.024785 -1.000000 
-0.168205 -0.611487 -0.597841 0.208854 -1.425451 -0.012306 0.685818 0.024745 -1.000000 
-0.173047 -0.598990 -0.596015 0.247783 -1.425668 -0.042104 0.686016 0.024746 -1.000000 
-0.177788 -0.586160 -0.593877 0.286633 -1.426124 -0.071817 0.686214 0.024789 -1.000000 
-0.182425 -0.572992 -0.591429 0.325417 -1.426817 -0.101383 0.686413 0.024874 -1.000000 
-0.186955 -0.559479 -0.588670 0.364150 -1.427746 -0.130743 0.686613 0.025002 -1.000000 
-0.191375 -0.545613 -0.585602 0.402843 -1.428908 -0.159837 0.686813 0.025173 -1.000000 
-0.195684 -0.531387 -0.582225 0.441509 -1.430302 -0.188604 0.687015 0.025389 -1.000000 
-0.199877 -0.516793 -0.578538 0.480159 -1.431925 -0.216985 0.687220 0.025652 -1.000000 
-0.203951 -0.501823 -0.574542 0.518801 -1.433773 -0.244921 0.687426 0.025961 -1.000000 
-0.207905 -0.486469 -0.570237 0.557442 -1.435842 -0.272352 0.687635 0.026321 -1.000000 
-0.211734 -0.470721 -0.565623 0.596090 -1.438129 -0.299219 0.687847 0.026733 -1.000000 
-0.215435 -0.454573 -0.560700 0.634748 -1.440628 -0.325463 0.688063 0.027199 -1.000000 
-0.219006 -0.438015 -0.555467 0.673417 -1.443335 -0.351027 0.688283 0.027723 -1.000000 
-0.222442 -0.421039 -0.549925 0.712099 -1.446243 -0.375853 0.688507 0.028309 -1.000000 
-0.225741 -0.403638 -0.544074 0.750789 -1.449346 -0.399884 0.688736 0.028960 -1.000000 
-0.228899 -0.385804 -0.537913 0.789483 -1.452638 -0.423063 0.688970 0.029681 -1.000000 
-0.231913 -0.367532 -0.531442 0.828173 -1.456113 -0.445336 0.689211 0.030478 -1.000000 
-0.234779 -0.348813 -0.524662 0.866850 -1.459761 -0.466648 0.689458 0.031357 -1.000000 
-0.237493 -0.329644 -0.517572 0.905500 -1.463576 -0.486945 0.689713 0.032323 -1.000000 
-0.240052 -0.310020 -0.510174 0.944108 -1.467550 -0.506176 0.689976 0.033386 -1.000000 
-0.242452 -0.289937 -0.502467 0.982654 -1.471672 -0.524289 0.690247 0.034554 -1.000000 
-0.244690 -0.269393 -0.494452 1.021118 -1.475935 -0.541235 0.690529 0.035836 -1.000000 
-0.246761 -0.248386 -0.486129 1.059474 -1.480329 -0.556966 0.690821 0.037244 -1.000000 
-0.248663 -0.226916 -0.477501 1.097696 -1.484843 -0.571436 0.691125 0.038791 -1.000000 
-0.250390 -0.204985 -0.468567 1.135752 -1.489468 -0.584602 0.691442 0.040492 -1.000000 
-0.251941 -0.182596 -0.459329 1.173608 -1.494193 -0.596420 0.691773 0.042363 -1.000000 
-0.253311 -0.159752 -0.449790 1.211229 -1.499007 -0.606851 0.692120 0.044424 -1.000000 
-0.254496 -0.136459 -0.439950 1.248575 -1.503899 -0.615858 0.692485 0.046696 -1.000000 
-0.255493 -0.112725 -0.429813 1.285604 -1.508857 -0.623406 0.692868 0.049204 -1.000000 
-0.256298 -0.088560 -0.419381 1.322270 -1.513869 -0.629464 0.693273 0.051979 -1.000000 
-0.256909 -0.063974 -0.408658 1.358525 -1.518924 -0.634001 0.693701 0.055052 -1.000000 
-0.257321 -0.038980 -0.397646 1.394321 -1.524009 -0.636992 0.694154 0.058464 -1.000000 
-0.257531 -0.013594 -0.386350 1.429603 -1.529112 -0.638415 0.694637 0.062259 -1.000000 
-0.257537 0.012169 -0.374774 1.464317 -1.534220 -0.638251 0.695152 0.066489 -1.000000 
-0.257336 0.038288 -0.362923 1.498406 -1.539320 -0.636484 0.695702 0.071217 -1.000000 
-0.256924 0.064745 -0.350801 1.531812 -1.544399 -0.633103 0.696293 0.076513 -1.000000 
-0.256299 0.091515 -0.338416 1.564472 -1.549445 -0.628100 0.696928 0.082462 -1.000000 
-0.255459 0.118574 -0.325772 1.596327 -1.554444 -0.621471 0.697614 0.089163 -1.000000 
-0.254401 0.145896 -0.312877 1.627312 -1.559384 -0.613216 0.698357 0.096732 -1.000000 
-0.253124 0.173453 -0.299738 1.657364 -1.564252 -0.603342 0.699164 0.105308 -1.000000 
-0.251625 0.201214 -0.286362 1.686417 -1.569033 -0.591855 0.700045 0.115055 -1.000000 
-0.249904 0.229146 -0.272758 1.714407 -1.573717 -0.578771 0.701009 0.126166 -1.000000 
-0.247959 0.257217 -0.258934 1.741267 -1.578290 -0.564106 0.702068 0.138873 -1.000000 
-0.245788 0.285392 -0.244901 1.766933 -1.582739 -0.547883 0.703236 0.153451 -1.000000 
-0.243392 0.313633 -0.230667 1.791340 -1.587052 -0.530127 0.704529 0.170225 -1.000000 
-0.240770 0.341902 -0.216243 1.814423 -1.591217 -0.510869 0.705966 0.189583 -1.000000 
-0.237922 0.370161 -0.201640 1.836119 -1.595222 -0.490142 0.707570 0.211983 -1.000000 
-0.234848 0.398369 -0.186869 1.856367 -1.599055 -0.467986 0.709368 0.237961 -1.000000 
-0.231548 0.426484 -0.171942 1.875104 -1.602706 -0.444440 0.711389 0.268144 -1.000000 
-0.228024 0.454465 -0.156871 1.892272 -1.606163 -0.419549 0.713671 0.303245 -1.000000 
-0.224277 0.482269 -0.141670 1.907813 -1.609415 -0.393360 0.716256 0.344064 -1.000000 
-0.220308 0.509853 -0.126351 1.921672 -1.612453 -0.365922 0.719194 0.391460 -1.000000 
-0.216120 0.537174 -0.110928 1.933794 -1.615267 -0.337284 0.722539 0.446303 -1.000000 
-0.211715 0.564188 -0.095415 1.944127 -1.617846 -0.307499 0.726356 0.509376 -1.000000 
-0.207094 0.590852 -0.079826 1.952620 -1.620184 -0.276618 0.730713 0.581221 -1.000000 
-0.202262 0.617123 -0.064178 1.959224 -1.622270 -0.244693 0.735680 0.661891 -1.000000 
-0.197221 0.642956 -0.048484 1.963891 -1.624096 -0.211776 0.741325 0.750622 -1.000000 
-0.191976 0.668307 -0.032761 1.966575 -1.625655 -0.177918 0.747706 0.845416 -1.000000 
-0.186530 0.693131 -0.017024 1.967228 -1.626940 -0.143173 0.754858 0.942641 -1.000000 
-0.180887 0.717382 -0.001291 1.965806 -1.627944 -0.107598 0.762780 1.036781 -1.000000 
-0.175053 0.741010 0.014423 1.962264 -1.628660 -0.071258 0.771419 1.120594 -1.000000 
-0.169033 0.763963 0.030100 1.956560 -1.629082 -0.034227 0.780660 1.185903 -1.000000 
-0.162832 0.786186 0.045722 1.948657 -1.629206 0.003401 0.790324 1.225056 -1.000000 
-0.156456 0.807620 0.061272 1.938523 -1.629027 0.041517 0.800177 1.232755 -1.000000 
-0.149912 0.828204 0.076732 1.926134 -1.628541 0.079989 0.809960 1.207566 -1.000000 
-0.143207 0.847877 0.092084 1.911478 -1.627746 0.118667 0.819418 1.152408 -1.000000 
-0.136349 0.866577 0.107310 1.894554 -1.626642 0.157386 0.828335 1.073753 -1.000000 
-0.129345 0.884249 0.122391 1.875373 -1.625228 0.195969 0.836557 0.979919 -1.000000 
-0.122204 0.900841 0.137310 1.853962 -1.623507 0.234238 0.843996 0.879220 -1.000000 
-0.114934 0.916306 0.152049 1.830359 -1.621482 0.272012 0.850625 0.778604 -1.000000 
-0.107546 0.930605 0.166590 1.804612 -1.619157 0.309116 0.856467 0.683037 -1.000000 
-0.100048 0.943706 0.180917 1.776783 -1.616538 0.345379 0.861575 0.595516 -1.000000 
-0.092450 0.955585 0.195013 1.746942 -1.613633 0.380637 0.866021 0.517425 -1.000000 
-0.084762 0.966222 0.208863 1.715169 -1.610451 0.414737 0.869880 0.449015 -1.000000 
-0.076994 0.975606 0.222451 1.681552 -1.607001 0.447532 0.873229 0.389829 -1.000000 
-0.069156 0.983730 0.235763 1.646185 -1.603294 0.478888 0.876140 0.339038 -1.000000 
-0.061257 0.990596 0.248786 1.609169 -1.599343 0.508678 0.878674 0.295658 -1.000000 
-0.053309 0.996209 0.261506 1.570609 -1.595160 0.536788 0.880887 0.258696 -1.000000 
-0.045321 1.000579 0.273912 1.530616 -1.590759 0.563114 0.882828 0.227220 -1.000000 
-0.037303 1.003725 0.285992 1.489302 -1.586155 0.587561 0.884535 0.200394 -1.000000 
-0.029265 1.005665 0.297737 1.446782 -1.581364 0.610047 0.886044 0.177492 -1.000000 
-0.021216 1.006425 0.309138 1.403172 -1.576400 0.630499 0.887384 0.157892 -1.000000 
-0.013165 1.006034 0.320185 1.358589 -1.571281 0.648855 0.888578 0.141072 -1.000000 
-0.005122 1.004524 0.330873 1.313148 -1.566024 0.665064 0.889647 0.126591 -1.000000 
0.002904 1.001929 0.341194 1.266965 -1.560646 0.679085 0.890609 0.114082 -1.000000 
0.010906 0.998288 0.351143 1.220152 -1.555165 0.690887 0.891477 0.103240 -1.000000 
0.018874 0.993641 0.360715 1.172819 -1.549598 0.700447 0.892264 0.093810 -1.000000 
0.026801 0.988030 0.369907 1.125073 -1.543963 0.707754 0.892981 0.085581 -1.000000 
0.034680 0.981497 0.378715 1.077017 -1.538280 0.712805 0.893636 0.078376 -1.000000 
0.042503 0.974086 0.387138 1.028750 -1.532565 0.715605 0.894238 0.072046 -1.000000 
0.050263 0.965844 0.395175 0.980365 -1.526836 0.716168 0.894791 0.066469 -1.000000 
0.057955 0.956814 0.402824 0.931951 -1.521112 0.714516 0.895303 0.061540 -1.000000 
0.065570 0.947041 0.410086 0.883590 -1.515410 0.710678 0.895777 0.057171 -1.000000 
0.073105 0.936571 0.416962 0.835359 -1.509747 0.704688 0.896219 0.053289 -1.000000 
0.080554 0.925447 0.423452 0.787329 -1.504140 0.696590 0.896631 0.049830 -1.000000 
0.087911 0.913711 0.429560 0.739564 -1.498607 0.686431 0.897017 0.046743 -1.000000 
0.095172 0.901404 0.435286 0.692123 -1.493163 0.674264 0.897380 0.043980 -1.000000 
0.102332 0.888567 0.440635 0.645057 -1.487824 0.660149 0.897721 0.041503 -1.000000 
0.109387 0.875237 0.445608 0.598410 -1.482605 0.644147 0.898044 0.039280 -1.000000 
0.116334 0.861450 0.450211 0.552223 -1.477522 0.626327 0.898351 0.037280 -1.000000 
0.123169 0.847238 0.454445 0.506526 -1.472589 0.606757 0.898641 0.035481 -1.000000 
0.129889 0.832634 0.458316 0.461345 -1.467819 0.585513 0.898919 0.033859 -1.000000 
0.136491 0.817666 0.461828 0.416702 -1.463225 0.562670 0.899184 0.032397 -1.000000 
0.142971 0.802359 0.464985 0.372609 -1.458820 0.538307 0.899437 0.031079 -1.000000 
0.149328 0.786735 0.467791 0.329074 -1.454616 0.512506 0.899681 0.029891 -1.000000 
0.155558 0.770816 0.470252 0.286101 -1.450623 0.485349 0.899916 0.028820 -1.000000 
0.161660 0.754619 0.472370 0.243688 -1.446854 0.456921 0.900143 0.027857 -1.000000 
0.167631 0.738157 0.474152 0.201827 -1.443316 0.427307 0.900362 0.026992 -1.000000 
0.173470 0.721442 0.475601 0.160507 -1.440020 0.396595 0.900575 0.026216 -1.000000 
0.179174 0.704482 0.476722 0.119712 -1.436973 0.364870 0.900782 0.025524 -1.000000 
0.184741 0.687282 0.477518 0.079422 -1.434184 0.332222 0.900983 0.024909 -1.000000 
0.190169 0.669846 0.477994 0.039615 -1.431660 0.298739 0.901180 0.024365 -1.000000 
0.195458 0.652172 0.478153 0.000265 -1.429406 0.264511 0.901373 0.023888 -1.000000 
0.200604 0.634259 0.477999 -0.038658 -1.427429 0.229626 0.901563 0.023475 -1.000000 
0.205605 0.616100 0.477535 -0.077183 -1.425734 0.194174 0.901749 0.023122 -1.000000 
0.210460 0.597689 0.476765 -0.115343 -1.424324 0.158245 0.901933 0.022825 -1.000000 
0.215167 0.579013 0.475691 -0.153173 -1.423203 0.121928 0.902115 0.022584 -1.000000 
0.219724 0.560061 0.474315 -0.190708 -1.422374 0.085314 0.902294 0.022396 -1.000000 
0.224128 0.540819 0.472640 -0.227983 -1.421838 0.048493 0.902473 0.022259 -1.000000 
0.228376 0.521271 0.470668 -0.265035 -1.421598 0.011554 0.902651 0.022173 -1.000000 
0.232467 0.501397 0.468400 -0.301899 -1.421654 -0.025412 0.902828 0.022137 -1.000000 
0.236398 0.481179 0.465838 -0.338611 -1.422005 -0.062315 0.903005 0.022150 -1.000000 
0.240165 0.460597 0.462983 -0.375204 -1.422650 -0.099065 0.903182 0.022213 -1.000000 
0.243766 0.439628 0.459835 -0.411713 -1.423589 -0.135572 0.903361 0.022327 -1.000000 
0.247198 0.418250 0.456395 -0.448167 -1.424818 -0.171745 0.903540 0.022492 -1.000000 
0.250457 0.396440 0.452664 -0.484597 -1.426336 -0.207493 0.903721 0.022710 -1.000000 
0.253540 0.374174 0.448642 -0.521028 -1.428137 -0.242726 0.903903 0.022982 -1.000000 
0.256443 0.351430 0.444328 -0.557484 -1.430218 -0.277353 0.904088 0.023311 -1.000000 
0.259161 0.328183 0.439722 -0.593987 -1.432573 -0.311284 0.904276 0.023699 -1.000000 
0.261692 0.304412 0.434824 -0.630552 -1.435196 -0.344428 0.904468 0.024149 -1.000000 
0.264030 0.280095 0.429633 -0.667194 -1.438081 -0.376694 0.904663 0.024667 -1.000000 
0.266172 0.255210 0.424149 -0.703921 -1.441221 -0.407993 0.904863 0.025255 -1.000000 
0.268112 0.229738 0.418370 -0.740737 -1.444606 -0.438235 0.905067 0.025920 -1.000000 
0.269846 0.203661 0.412297 -0.777644 -1.448229 -0.467330 0.905278 0.026667 -1.000000 
0.271369 0.176964 0.405927 -0.814636 -1.452080 -0.495189 0.905494 0.027504 -1.000000 
0.272676 0.149631 0.399262 -0.851703 -1.456149 -0.521726 0.905718 0.028440 -1.000000 
0.273762 0.121653 0.392300 -0.888830 -1.460424 -0.546853 0.905949 0.029483 -1.000000 
0.274621 0.093021 0.385041 -0.925997 -1.464895 -0.570485 0.906190 0.030645 -1.000000 
0.275248 0.063729 0.377484 -0.963176 -1.469548 -0.592539 0.906440 0.031939 -1.000000 
0.275639 0.033775 0.369630 -1.000336 -1.474371 -0.612933 0.906701 0.033380 -1.000000 
0.275787 0.003160 0.361479 -1.037439 -1.479350 -0.631587 0.906975 0.034985 -1.000000 
0.275687 -0.028110 0.353031 -1.074441 -1.484471 -0.648427 0.907262 0.036775 -1.000000 
0.275335 -0.060027 0.344288 -1.111294 -1.489720 -0.663377 0.907564 0.038773 -1.000000 
0.274725 -0.092576 0.335251 -1.147942 -1.495080 -0.676369 0.907883 0.041008 -1.000000 
0.273852 -0.125739 0.325922 -1.184325 -1.500536 -0.687335 0.908220 0.043511 -1.000000 
0.272712 -0.159496 0.316303 -1.220377 -1.506072 -0.696215 0.908580 0.046321 -1.000000 
0.271299 -0.193817 0.306397 -1.256027 -1.511670 -0.702952 0.908963 0.049484 -1.000000 
0.269609 -0.228672 0.296208 -1.291198 -1.517313 -0.707494 0.909372 0.053055 -1.000000 
0.267639 -0.264023 0.285739 -1.325810 -1.522984 -0.709795 0.909813 0.057097 -1.000000 
0.265384 -0.299830 0.274996 -1.359777 -1.528664 -0.709816 0.910287 0.061689 -1.000000 
0.262841 -0.336044 0.263985 -1.393010 -1.534335 -0.707524 0.910801 0.066924 -1.000000 
0.260006 -0.372616 0.252710 -1.425417 -1.539978 -0.702893 0.911360 0.072915 -1.000000 
0.256878 -0.409488 0.241181 -1.456901 -1.545575 -0.695904 0.911970 0.079800 -1.000000 
0.253454 -0.446601 0.229403 -1.487364 -1.551106 -0.686547 0.912640 0.087746 -1.000000 
0.249732 -0.483888 0.217386 -1.516705 -1.556553 -0.674818 0.913378 0.096960 -1.000000 
0.245711 -0.521281 0.205139 -1.544822 -1.561897 -0.660723 0.914195 0.107695 -1.000000 
0.241391 -0.558706 0.192672 -1.571612 -1.567119 -0.644277 0.915106 0.120267 -1.000000 
0.236772 -0.596086 0.179997 -1.596973 -1.572199 -0.625501 0.916125 0.135068 -1.000000 
0.231854 -0.633341 0.167125 -1.620801 -1.577120 -0.604427 0.917274 0.152586 -1.000000 
0.226639 -0.670388 0.154068 -1.642993 -1.581864 -0.581093 0.918576 0.173434 -1.000000 
0.221129 -0.707142 0.140841 -1.663451 -1.586412 -0.555546 0.920060 0.198381 -1.000000 
0.215326 -0.743514 0.127458 -1.682074 -1.590747 -0.527840 0.921763 0.228390 -1.000000 
0.209234 -0.779416 0.113933 -1.698767 -1.594852 -0.498036 0.923731 0.264663 -1.000000 
0.202857 -0.814759 0.100283 -1.713436 -1.598710 -0.466201 0.926019 0.308690 -1.000000 
0.196199 -0.849452 0.086524 -1.725991 -1.602306 -0.432404 0.928695 0.362287 -1.000000 
0.189267 -0.883404 0.072673 -1.736344 -1.605624 -0.396718 0.931846 0.427606 -1.000000 
0.182067 -0.916528 0.058749 -1.744411 -1.608648 -0.359214 0.935575 0.507078 -1.000000 
0.174605 -0.948734 0.044769 -1.750108 -1.611366 -0.319964 0.940004 0.603204 -1.000000 
0.166890 -0.979935 0.030753 -1.753355 -1.613763 -0.279030 0.945276 0.718086 -1.000000 
0.158929 -1.010043 0.016722 -1.754068 -1.615826 -0.236469 0.951546 0.852519 -1.000000 
0.150733 -1.038972 0.002695 -1.752164 -1.617543 -0.192328 0.958964 1.004525 -1.000000 
0.142309 -1.066632 -0.011305 -1.747555 -1.618900 -0.146647 0.967648 1.167370 -1.000000 
0.133670 -1.092925 -0.025258 -1.740147 -1.619885 -0.099466 0.977636 1.327706 -1.000000 
0.124826 -1.117744 -0.039140 -1.729846 -1.620487 -0.050846 0.988831 1.465334 -1.000000 
0.115790 -1.140968 -0.052928 -1.716558 -1.620695 -0.000886 1.000957 1.556554 -1.000000 
0.106576 -1.162459 -0.066597 -1.700201 -1.620498 0.050245 1.013558 1.581664 -1.000000 
0.097196 -1.182070 -0.080123 -1.680716 -1.619889 0.102297 1.026067 1.533531 -1.000000 
0.087668 -1.199650 -0.093480 -1.658074 -1.618860 0.154942 1.037923 1.421404 -1.000000 
0.078007 -1.215060 -0.106643 -1.632287 -1.617409 0.207796 1.048696 1.266809 -1.000000 
0.068233 -1.228181 -0.119588 -1.603400 -1.615536 0.260450 1.058145 1.094582 -1.000000 
0.058363 -1.238922 -0.132290 -1.571496 -1.613243 0.312494 1.066217 0.925105 -1.000000 
0.048417 -1.247220 -0.144724 -1.536685 -1.610539 0.363531 1.072989 0.771064 -1.000000 
0.038414 -1.253037 -0.156869 -1.499102 -1.607431 0.413187 1.078611 0.638080 -1.000000 
0.028375 -1.256364 -0.168703 -1.458909 -1.603932 0.461117 1.083257 0.526956 -1.000000 
0.018319 -1.257214 -0.180205 -1.416282 -1.600058 0.506998 1.087096 0.435892 -1.000000 
0.008266 -1.255620 -0.191358 -1.371417 -1.595826 0.550539 1.090277 0.362049 -1.000000 
-0.001765 -1.251638 -0.202143 -1.324521 -1.591257 0.591478 1.092926 0.302433 -1.000000 
-0.011754 -1.245336 -0.212545 -1.275812 -1.586370 0.629581 1.095146 0.254317 -1.000000 
-0.021684 -1.236803 -0.222551 -1.225515 -1.581191 0.664644 1.097020 0.215387 -1.000000 
-0.031537 -1.226137 -0.232150 -1.173858 -1.575745 0.696492 1.098612 0.183760 -1.000000 
-0.041297 -1.213449 -0.241330 -1.121071 -1.570056 0.724980 1.099975 0.157929 -1.000000 
-0.050947 -1.198859 -0.250084 -1.067382 -1.564154 0.749990 1.101151 0.136710 -1.000000 
-0.060474 -1.182496 -0.258406 -1.013015 -1.558066 0.771432 1.102172 0.119173 -1.000000 
-0.069863 -1.164492 -0.266291 -0.958189 -1.551821 0.789243 1.103066 0.104588 -1.000000 
-0.079102 -1.144986 -0.273737 -0.903114 -1.545448 0.803385 1.103852 0.092385 -1.000000 
-0.088179 -1.124117 -0.280741 -0.847990 -1.538977 0.813844 1.104549 0.082113 -1.000000 
-0.097084 -1.102023 -0.287305 -0.793006 -1.532436 0.820629 1.105170 0.073418 -1.000000 
-0.105809 -1.078845 -0.293430 -0.738337 -1.525856 0.823770 1.105727 0.066016 -1.000000 
-0.114343 -1.054718 -0.299120 -0.684146 -1.519266 0.823317 1.106229 0.059684 -1.000000 
-0.122682 -1.029773 -0.304378 -0.630580 -1.512693 0.819335 1.106685 0.054240 -1.000000 
-0.130818 -1.004138 -0.309211 -0.577771 -1.506165 0.811910 1.107099 0.049539 -1.000000 
-0.138747 -0.977933 -0.313625 -0.525835 -1.499711 0.801136 1.107479 0.045462 -1.000000 
-0.146464 -0.951271 -0.317627 -0.474872 -1.493356 0.787126 1.107828 0.041913 -1.000000 
-0.153966 -0.924257 -0.321226 -0.424966 -1.487125 0.769998 1.108151 0.038813 -1.000000 
-0.161251 -0.896987 -0.324429 -0.376185 -1.481044 0.749883 1.108450 0.036097 -1.000000 
-0.168317 -0.869548 -0.327248 -0.328582 -1.475135 0.726918 1.108729 0.033711 -1.000000 
-0.175164 -0.842016 -0.329690 -0.282194 -1.469420 0.701247 1.108990 0.031610 -1.000000 
-0.181790 -0.814459 -0.331766 -0.237045 -1.463922 0.673019 1.109235 0.029757 -1.000000 
-0.188195 -0.786933 -0.333486 -0.193142 -1.458658 0.642384 1.109467 0.028121 -1.000000 
-0.194381 -0.759484 -0.334860 -0.150482 -1.453650 0.609498 1.109686 0.026674 -1.000000 
-0.200347 -0.732147 -0.335897 -0.109050 -1.448912 0.574517 1.109894 0.025396 -1.000000 
-0.206095 -0.704948 -0.336608 -0.068817 -1.444462 0.537597 1.110093 0.024266 -1.000000 
-0.211627 -0.677902 -0.337001 -0.029745 -1.440315 0.498895 1.110283 0.023270 -1.000000 
-0.216942 -0.651014 -0.337087 0.008213 -1.436484 0.458567 1.110465 0.022394 -1.000000 
-0.222043 -0.624279 -0.336873 0.045112 -1.432982 0.416768 1.110641 0.021626 -1.000000 
-0.226931 -0.597685 -0.336367 0.081016 -1.429820 0.373651 1.110812 0.020956 -1.000000 
-0.231607 -0.571209 -0.335579 0.115994 -1.427007 0.329370 1.110977 0.020377 -1.000000 
-0.236071 -0.544821 -0.334514 0.150119 -1.424552 0.284074 1.111138 0.019882 -1.000000 
-0.240324 -0.518482 -0.333179 0.183472 -1.422464 0.237913 1.111295 0.019465 -1.000000 
-0.244366 -0.492146 -0.331580 0.216134 -1.420748 0.191034 1.111449 0.019120 -1.000000 
-0.248198 -0.465763 -0.329722 0.248189 -1.419409 0.143582 1.111601 0.018845 -1.000000 
-0.251818 -0.439274 -0.327610 0.279722 -1.418452 0.095703 1.111751 0.018636 -1.000000 
-0.255226 -0.412616 -0.325248 0.310819 -1.417878 0.047541 1.111900 0.018491 -1.000000 
-0.258419 -0.385721 -0.322638 0.341565 -1.417691 -0.000761 1.112047 0.018409 -1.000000 
-0.261397 -0.358518 -0.319784 0.372044 -1.417891 -0.049060 1.112194 0.018387 -1.000000 
-0.264155 -0.330933 -0.316686 0.402336 -1.418476 -0.097212 1.112342 0.018427 -1.000000 
-0.266690 -0.302889 -0.313347 0.432519 -1.419445 -0.145073 1.112489 0.018528 -1.000000 
-0.269000 -0.274308 -0.309766 0.462665 -1.420796 -0.192498 1.112638 0.018692 -1.000000 
-0.271078 -0.245111 -0.305944 0.492844 -1.422524 -0.239342 1.112789 0.018919 -1.000000 
-0.272919 -0.215220 -0.301880 0.523117 -1.424623 -0.285456 1.112941 0.019213 -1.000000 
-0.274519 -0.184558 -0.297574 0.553539 -1.427089 -0.330690 1.113096 0.019577 -1.000000 
-0.275870 -0.153049 -0.293023 0.584159 -1.429912 -0.374895 1.113254 0.020015 -1.000000 
-0.276965 -0.120622 -0.288226 0.615017 -1.433084 -0.417915 1.113417 0.020531 -1.000000 
-0.277797 -0.087208 -0.283182 0.646143 -1.436595 -0.459596 1.113583 0.021132 -1.000000 
-0.278358 -0.052746 -0.277887 0.677558 -1.440433 -0.499779 1.113755 0.021825 -1.000000 
-0.278638 -0.017177 -0.272340 0.709274 -1.444587 -0.538305 1.113933 0.022619 -1.000000 
-0.278630 0.019547 -0.266538 0.741292 -1.449041 -0.575013 1.114117 0.023525 -1.000000 
-0.278322 0.057468 -0.260479 0.773600 -1.453782 -0.609740 1.114309 0.024556 -1.000000 
-0.277707 0.096619 -0.254160 0.806176 -1.458791 -0.642323 1.114510 0.025725 -1.000000 
-0.276773 0.137023 -0.247579 0.838984 -1.464053 -0.672600 1.114721 0.027053 -1.000000 
-0.275511 0.178690 -0.240736 0.871979 -1.469546 -0.700407 1.114944 0.028560 -1.000000 
-0.273911 0.221620 -0.233627 0.905100 -1.475252 -0.725585 1.115179 0.030272 -1.000000 
-0.271962 0.265799 -0.226254 0.938275 -1.481148 -0.747976 1.115429 0.032220 -1.000000 
-0.269655 0.311202 -0.218615 0.971419 -1.487212 -0.767426 1.115695 0.034443 -1.000000 
-0.266980 0.357785 -0.210711 1.004436 -1.493419 -0.783788 1.115981 0.036987 -1.000000 
-0.263927 0.405494 -0.202545 1.037215 -1.499744 -0.796920 1.116288 0.039909 -1.000000 
-0.260489 0.454255 -0.194117 1.069637 -1.506161 -0.806690 1.116620 0.043278 -1.000000 
-0.256657 0.503983 -0.185432 1.101568 -1.512642 -0.812973 1.116982 0.047180 -1.000000 
-0.252423 0.554573 -0.176494 1.132866 -1.519159 -0.815661 1.117377 0.051724 -1.000000 
-0.247781 0.605906 -0.167308 1.163380 -1.525682 -0.814653 1.117811 0.057046 -1.000000 
-0.242727 0.657848 -0.157882 1.192950 -1.532183 -0.809866 1.118292 0.063317 -1.000000 
-0.237255 0.710249 -0.148224 1.221407 -1.538630 -0.801235 1.118828 0.070759 -1.000000 
-0.231362 0.762943 -0.138343 1.248580 -1.544992 -0.788710 1.119428 0.079655 -1.000000 
-0.225047 0.815753 -0.128250 1.274289 -1.551239 -0.772261 1.120107 0.090376 -1.000000 
-0.218310 0.868486 -0.117959 1.298356 -1.557338 -0.751879 1.120880 0.103409 -1.000000 
-0.211152 0.920941 -0.107482 1.320599 -1.563259 -0.727574 1.121769 0.119402 -1.000000 
-0.203576 0.972904 -0.096834 1.340836 -1.568969 -0.699380 1.122801 0.139227 -1.000000 
-0.195588 1.024155 -0.086034 1.358889 -1.574438 -0.667349 1.124010 0.164065 -1.000000 
-0.187192 1.074466 -0.075099 1.374582 -1.579637 -0.631554 1.125444 0.195536 -1.000000 
-0.178399 1.123608 -0.064047 1.387743 -1.584533 -0.592086 1.127163 0.235878 -1.000000 
-0.169218 1.171346 -0.052902 1.398209 -1.589100 -0.549050 1.129250 0.288199 -1.000000 
-0.159662 1.217448 -0.041684 1.405818 -1.593309 -0.502558 1.131817 0.356824 -1.000000 
-0.149744 1.261685 -0.030417 1.410416 -1.597132 -0.452723 1.135018 0.447711 -1.000000 
-0.139481 1.303833 -0.019126 1.411851 -1.600544 -0.399644 1.139061 0.568867 -1.000000 
-0.128889 1.343671 -0.007836 1.409966 -1.603518 -0.343391 1.144227 0.730416 -1.000000 
-0.117989 1.380987 0.003425 1.404594 -1.606030 -0.283974 1.150885 0.943454 -1.000000 
-0.106801 1.415567 0.014628 1.395542 -1.608053 -0.221315 1.159482 1.215755 -1.000000 
-0.095348 1.447184 0.025743 1.382574 -1.609562 -0.155220 1.170482 1.541348 -1.000000 
-0.083654 1.475565 0.036738 1.365392 -1.610527 -0.085394 1.184191 1.883003 -1.000000 
-0.071748 1.500347 0.047577 1.343640 -1.610917 -0.011551 1.200438 2.158887 -1.000000 
-0.059660 1.521027 0.058223 1.316956 -1.610701 0.066330 1.218274 2.264321 -1.000000 
-0.047424 1.536975 0.068634 1.285079 -1.609847 0.147703 1.236051 2.142961 -1.000000 
-0.035082 1.547542 0.078770 1.247947 -1.608331 0.231398 1.252074 1.841206 -1.000000 
-0.022679 1.552201 0.088588 1.205709 -1.606142 0.315898 1.265326 1.469476 -1.000000 
-0.010264 1.550628 0.098048 1.158656 -1.603279 0.399680 1.275653 1.121093 -1.000000 
0.002114 1.542704 0.107115 1.107172 -1.599753 0.481381 1.283442 0.838073 -1.000000 
0.014403 1.528480 0.115753 1.051709 -1.595585 0.559811 1.289249 0.624523 -1.000000 
0.026553 1.508148 0.123933 0.992775 -1.590807 0.633933 1.293588 0.468722 -1.000000 
0.038518 1.482016 0.131629 0.930926 -1.585456 0.702855 1.296863 0.356233 -1.000000 
0.050251 1.450487 0.138821 0.866751 -1.579578 0.765823 1.299370 0.274818 -1.000000 
0.061712 1.414042 0.145493 0.800858 -1.573221 0.822222 1.301319 0.215343 -1.000000 
0.072864 1.373220 0.151632 0.733856 -1.566441 0.871571 1.302857 0.171346 -1.000000 
0.083674 1.328601 0.157233 0.666344 -1.559295 0.913524 1.304090 0.138341 -1.000000 
0.094113 1.280793 0.162294 0.598895 -1.551845 0.947857 1.305091 0.113229 -1.000000 
0.104159 1.230411 0.166817 0.532048 -1.544150 0.974467 1.305916 0.093857 -1.000000 
0.113794 1.178069 0.170809 0.466299 -1.536274 0.993356 1.306604 0.078716 -1.000000 
0.123005 1.124362 0.174282 0.402093 -1.528277 1.004623 1.307184 0.066735 -1.000000 
0.131782 1.069861 0.177248 0.339822 -1.520220 1.008451 1.307678 0.057145 -1.000000 
0.140122 1.015097 0.179725 0.279817 -1.512161 1.005097 1.308104 0.049388 -1.000000 
0.148024 0.960561 0.181732 0.222350 -1.504156 0.994876 1.308472 0.043053 -1.000000 
0.155493 0.906690 0.183290 0.167636 -1.496260 0.978151 1.308795 0.037832 -1.000000 
0.162534 0.853872 0.184422 0.115830 -1.488522 0.955322 1.309080 0.033496 -1.000000 
0.169158 0.802435 0.185151 0.067031 -1.480990 0.926810 1.309333 0.029869 -1.000000 
0.175377 0.752650 0.185502 0.021289 -1.473707 0.893055 1.309560 0.026815 -1.000000 
0.181206 0.704733 0.185500 -0.021397 -1.466714 0.854499 1.309763 0.024230 -1.000000 
0.186659 0.658841 0.185168 -0.061069 -1.460047 0.811582 1.309948 0.022032 -1.000000 
0.191753 0.615077 0.184531 -0.097810 -1.453739 0.764737 1.310117 0.020157 -1.000000 
0.196506 0.573491 0.183611 -0.131734 -1.447821 0.714380 1.310272 0.018553 -1.000000 
0.200935 0.534085 0.182430 -0.162985 -1.442317 0.660911 1.310414 0.017180 -1.000000 
0.205057 0.496813 0.181010 -0.191730 -1.437253 0.604707 1.310547 0.016006 -1.000000 
0.208889 0.461589 0.179369 -0.218157 -1.432648 0.546124 1.310671 0.015003 -1.000000 
0.212447 0.428288 0.177525 -0.242465 -1.428521 0.485492 1.310787 0.014152 -1.000000 
0.215746 0.396747 0.175494 -0.264868 -1.424885 0.423120 1.310898 0.013436 -1.000000 
0.218799 0.366774 0.173291 -0.285583 -1.421755 0.359294 1.311003 0.012840 -1.000000 
0.221618 0.338147 0.170929 -0.304834 -1.419140 0.294277 1.311103 0.012355 -1.000000 
0.224213 0.310623 0.168417 -0.322843 -1.417049 0.228316 1.311201 0.011972 -1.000000 
0.226590 0.283932 0.165766 -0.339831 -1.415489 0.161643 1.311295 0.011683 -1.000000 
0.228757 0.257789 0.162982 -0.356012 -1.414464 0.094476 1.311388 0.011485 -1.000000 
0.230716 0.231894 0.160071 -0.371595 -1.413978 0.027024 1.311479 0.011374 -1.000000 
0.232467 0.205933 0.157038 -0.386778 -1.414032 -0.040508 1.311570 0.011347 -1.000000 
0.234010 0.179582 0.153884 -0.401748 -1.414626 -0.107917 1.311661 0.011403 -1.000000 
0.235339 0.152514 0.150610 -0.416680 -1.415757 -0.174995 1.311753 0.011542 -1.000000 
0.236447 0.124395 0.147216 -0.431732 -1.417424 -0.241530 1.311846 0.011765 -1.000000 
0.237325 0.094894 0.143702 -0.447046 -1.419620 -0.307298 1.311941 0.012074 -1.000000 
0.237961 0.063681 0.140063 -0.462746 -1.422338 -0.372060 1.312039 0.012473 -1.000000 
0.238339 0.030438 0.136296 -0.478934 -1.425569 -0.435561 1.312141 0.012967 -1.000000 
0.238442 -0.005145 0.132398 -0.495693 -1.429303 -0.497525 1.312247 0.013561 -1.000000 
0.238249 -0.043360 0.128363 -0.513080 -1.433525 -0.557650 1.312358 0.014265 -1.000000 
0.237740 -0.084477 0.124187 -0.531129 -1.438220 -0.615613 1.312476 0.015089 -1.000000 
0.236889 -0.128739 0.119864 -0.549845 -1.443368 -0.671062 1.312600 0.016048 -1.000000 
0.235671 -0.176358 0.115388 -0.569206 -1.448949 -0.723619 1.312733 0.017159 -1.000000 
0.234058 -0.227504 0.110755 -0.589163 -1.454937 -0.772879 1.312875 0.018443 -1.000000 
0.232021 -0.282304 0.105960 -0.609632 -1.461305 -0.818415 1.313028 0.019931 -1.000000 
0.229531 -0.340833 0.101000 -0.630501 -1.468021 -0.859775 1.313195 0.021657 -1.000000 
0.226558 -0.403106 0.095871 -0.651626 -1.475049 -0.896491 1.313376 0.023669 -1.000000 
0.223072 -0.469074 0.090573 -0.672829 -1.482351 -0.928084 1.313574 0.026027 -1.000000 
0.219043 -0.538619 0.085106 -0.693905 -1.489883 -0.954067 1.313793 0.028809 -1.000000 
0.214445 -0.611544 0.079472 -0.714614 -1.497600 -0.973957 1.314037 0.032118 -1.000000 
0.209250 -0.687573 0.073674 -0.734692 -1.505449 -0.987284 1.314309 0.036093 -1.000000 
0.203436 -0.766348 0.067719 -0.753848 -1.513378 -0.993598 1.314616 0.040919 -1.000000 
0.196983 -0.847425 0.061616 -0.771769 -1.521327 -0.992484 1.314967 0.046853 -1.000000 
0.189873 -0.930274 0.055375 -0.788125 -1.529237 -0.983572 1.315370 0.054251 -1.000000 
0.182095 -1.014285 0.049011 -0.802573 -1.537043 -0.966551 1.315840 0.063620 -1.000000 
0.173643 -1.098770 0.042540 -0.814764 -1.544679 -0.941176 1.316395 0.075697 -1.000000 
0.164516 -1.182970 0.035982 -0.824346 -1.552079 -0.907283 1.317061 0.091579 -1.000000 
0.154719 -1.266067 0.029358 -0.830976 -1.559173 -0.864792 1.317875 0.112940 -1.000000 
0.144264 -1.347195 0.022695 -0.834319 -1.565892 -0.813714 1.318890 0.142413 -1.000000 
0.133171 -1.425454 0.016019 -0.834056 -1.572169 -0.754148 1.320186 0.184277 -1.000000 
0.121467 -1.499929 0.009360 -0.829888 -1.577937 -0.686264 1.321890 0.245731 -1.000000 
0.109185 -1.569707 0.002752 -0.821527 -1.583128 -0.610270 1.324203 0.339356 -1.000000 
0.096366 -1.633895 -0.003772 -0.808685 -1.587680 -0.526342 1.327464 0.487923 -1.000000 
0.083060 -1.691639 -0.010174 -0.791028 -1.591528 -0.434470 1.332266 0.733712 -1.000000 
0.069319 -1.742123 -0.016415 -0.768081 -1.594609 -0.334107 1.339665 1.154330 -1.000000 
0.055207 -1.784517 -0.022447 -0.738972 -1.596847 -0.223371 1.351532 1.874128 -1.000000 
0.040792 -1.817661 -0.028217 -0.701817 -1.598142 -0.097253 1.370716 2.978973 -1.000000 
0.026156 -1.838685 -0.033644 -0.652605 -1.598334 0.054781 1.399244 4.060851 -1.000000 
0.011426 -1.839615 -0.038611 -0.585719 -1.597165 0.243860 1.432315 3.925058 -1.000000 
-0.003189 -1.807811 -0.042967 -0.500648 -1.594355 0.461256 1.458654 2.581682 -1.000000 
-0.017393 -1.736313 -0.046591 -0.404073 -1.589780 0.681002 1.474167 1.388676 -1.000000 
-0.030867 -1.626309 -0.049417 -0.301845 -1.583502 0.884684 1.482331 0.726816 -1.000000 
-0.043324 -1.482787 -0.051415 -0.197760 -1.575695 1.061943 1.486672 0.396415 -1.000000 
-0.054522 -1.312997 -0.052585 -0.095278 -1.566600 1.205821 1.489097 0.227713 -1.000000 
-0.064285 -1.125600 -0.052953 0.002291 -1.556502 1.312228 1.490518 0.136489 -1.000000 
-0.072509 -0.929645 -0.052569 0.092120 -1.545708 1.380003 1.491382 0.084019 -1.000000 
-0.079159 -0.733663 -0.051505 0.172126 -1.534522 1.410593 1.491916 0.052011 -1.000000 
-0.084267 -0.545005 -0.049845 0.241065 -1.523229 1.407461 1.492244 0.031352 -1.000000 
-0.087915 -0.369457 -0.047679 0.298506 -1.512080 1.375406 1.492435 0.017226 -1.000000 
-0.090224 -0.211107 -0.045099 0.344717 -1.501285 1.319906 1.492530 0.006931 -1.000000 
-0.091326 -0.117785 -0.042185 0.358066 -1.495074 1.249506 1.492560 0.001860 -1.000000 
-0.091971 -0.101376 -0.039309 0.335834 -1.495209 1.178424 1.492582 0.001831 -1.000000 
-0.092493 -0.087313 -0.036610 0.315483 -1.495346 1.106515 1.492603 0.001805 -1.000000 
-0.092912 -0.075197 -0.034074 0.297103 -1.495486 1.033866 1.492623 0.001782 -1.000000 
-0.093244 -0.064668 -0.031684 0.280723 -1.495627 0.960554 1.492642 0.001764 -1.000000 
-0.093501 -0.055408 -0.029424 0.266329 -1.495771 0.886650 1.492660 0.001752 -1.000000 
-0.093696 -0.047136 -0.027280 0.253866 -1.495916 0.812220 1.492678 0.001747 -1.000000 
-0.093835 -0.039608 -0.025235 0.243247 -1.496062 0.737320 1.492696 0.001748 -1.000000 
-0.093927 -0.032612 -0.023275 0.234361 -1.496210 0.662000 1.492713 0.001758 -1.000000 
-0.093976 -0.025969 -0.021386 0.227073 -1.496358 0.586301 1.492729 0.001775 -1.000000 
-0.093988 -0.019524 -0.019557 0.221233 -1.496508 0.510258 1.492746 0.001801 -1.000000 
-0.093965 -0.013148 -0.017775 0.216673 -1.496659 0.433898 1.492762 0.001835 -1.000000 
-0.093909 -0.006736 -0.016032 0.213216 -1.496811 0.357242 1.492779 0.001878 -1.000000 
-0.093822 -0.000203 -0.014319 0.210672 -1.496963 0.280304 1.492795 0.001928 -1.000000 
-0.093704 0.006515 -0.012628 0.208844 -1.497117 0.203096 1.492812 0.001985 -1.000000 
-0.093557 0.013465 -0.010954 0.207526 -1.497271 0.125621 1.492828 0.002048 -1.000000 
-0.093380 0.020672 -0.009294 0.206505 -1.497426 0.047880 1.492845 0.002116 -1.000000 
-0.093174 0.028144 -0.007644 0.205561 -1.497583 -0.030127 1.492863 0.002188 -1.000000 
-0.092917 0.036316 -0.006004 0.204425 -1.498137 -0.108179 1.492881 0.002445 -1.000000 
-0.092587 0.046583 -0.004375 0.202803 -1.499314 -0.186024 1.492903 0.002991 -1.000000 
-0.092162 0.060450 -0.002761 0.200352 -1.501112 -0.263418 1.492930 0.003820 -1.000000 
-0.091607 0.079387 -0.001172 0.196644 -1.503526 -0.339972 1.492964 0.004923 -1.000000 
-0.090875 0.104811 0.000380 0.191175 -1.506548 -0.415091 1.493009 0.006282 -1.000000 
-0.089909 0.138034 0.001880 0.183373 -1.510162 -0.487913 1.493066 0.007873 -1.000000 
-0.088642 0.180211 0.003306 0.172615 -1.514345 -0.557267 1.493136 0.009661 -1.000000 
-0.086999 0.232257 0.004632 0.158254 -1.519065 -0.621633 1.493221 0.011602 -1.000000 
-0.084898 0.294753 0.005827 0.139650 -1.524273 -0.679133 1.493322 0.013635 -1.000000 
-0.082255 0.367831 0.006854 0.116218 -1.529907 -0.727549 1.493439 0.015669 -1.000000 
-0.078986 0.451055 0.007672 0.087489 -1.535883 -0.764385 1.493572 0.017561 -1.000000 
-0.075014 0.543307 0.008239 0.053175 -1.542099 -0.786978 1.493719 0.019059 -1.000000 
-0.070274 0.642693 0.008508 0.013242 -1.548429 -0.792668 1.493875 0.019683 -1.000000 
-0.064719 0.746498 0.008437 -0.032016 -1.554730 -0.779027 1.494029 0.018453 -1.000000 
-0.058327 0.851205 0.007984 -0.081917 -1.560837 -0.744131 1.494159 0.013187 -1.000000 
-0.051108 0.952613 0.007116 -0.135341 -1.566576 -0.686880 1.494216 -0.001453 -1.000000 
-0.043107 1.046059 0.005813 -0.190714 -1.571768 -0.607319 1.494074 -0.040416 -1.000000 
-0.034405 1.126774 0.004065 -0.245964 -1.576238 -0.506984 1.493379 -0.154703 -1.000000 
-0.025124 1.190439 0.001885 -0.298398 -1.579833 -0.389229 1.490834 -0.584675 -1.000000 
-0.015411 1.234377 -0.000691 -0.344117 -1.582431 -0.257977 1.478671 -3.479946 -1.000000 
-0.010602 -1.328957 -0.002148 0.341607 -1.583304 0.188812 1.449137 13.736299 -1.000000 
-0.021100 -1.292140 0.000430 0.300749 -1.581163 0.341118 1.484773 1.187603 -1.000000 
-0.031218 -1.233846 0.002640 0.250656 -1.577885 0.476348 1.489512 0.262565 -1.000000 
-0.040786 -1.155088 0.004429 0.196404 -1.573584 0.595758 1.490677 0.069501 -1.000000 
-0.049656 -1.060026 0.005779 0.141106 -1.568407 0.694695 1.490957 0.010918 -1.000000 
-0.057717 -0.953691 0.006690 0.087037 -1.562531 0.770559 1.490947 -0.009905 -1.000000 
-0.064899 -0.841245 0.007180 0.035948 -1.556142 0.822521 1.490833 -0.017394 -1.000000 
-0.071173 -0.727525 0.007277 -0.010871 -1.549432 0.851157 1.490683 -0.019469 -1.000000 
-0.076547 -0.616745 0.007020 -0.052576 -1.542582 0.858096 1.490528 -0.019148 -1.000000 
-0.081058 -0.512311 0.006451 -0.088727 -1.535755 0.845685 1.490380 -0.017717 -1.000000 
-0.084768 -0.416754 0.005615 -0.119234 -1.529095 0.816675 1.490245 -0.015774 -1.000000 
-0.087754 -0.331741 0.004557 -0.144294 -1.522724 0.773946 1.490128 -0.013619 -1.000000 
-0.090106 -0.258153 0.003320 -0.164312 -1.516741 0.720299 1.490028 -0.011415 -1.000000 
-0.091916 -0.196201 0.001940 -0.179832 -1.511222 0.658295 1.489945 -0.009260 -1.000000 
-0.093276 -0.145555 0.000453 -0.191477 -1.506225 0.590161 1.489879 -0.007221 -1.000000 
-0.094273 -0.105470 -0.001115 -0.199896 -1.501791 0.517748 1.489829 -0.005346 -1.000000 
-0.094989 -0.074903 -0.002739 -0.205722 -1.497948 0.442519 1.489793 -0.003675 -1.000000 
-0.095494 -0.052608 -0.004401 -0.209548 -1.494715 0.365571 1.489770 -0.002239 -1.000000 
-0.095785 -0.042766 -0.006084 -0.212161 -1.493962 0.286705 1.489753 -0.001910 -1.000000 
-0.096005 -0.035964 -0.007782 -0.214013 -1.494121 0.207571 1.489737 -0.001989 -1.000000 
-0.096195 -0.028808 -0.009493 -0.215245 -1.494279 0.128747 1.489720 -0.002063 -1.000000 
-0.096355 -0.021356 -0.011214 -0.216059 -1.494437 0.050232 1.489703 -0.002134 -1.000000 
-0.096483 -0.013647 -0.012944 -0.216655 -1.494593 -0.027981 1.489685 -0.002205 -1.000000 
-0.096559 -0.005293 -0.014679 -0.217157 -1.495129 -0.106029 1.489667 -0.002450 -1.000000 
-0.096562 0.005043 -0.016418 -0.217588 -1.496289 -0.183885 1.489645 -0.002983 -1.000000 
-0.096470 0.018799 -0.018160 -0.217911 -1.498070 -0.261328 1.489618 -0.003818 -1.000000 
-0.096249 0.037375 -0.019904 -0.218012 -1.500468 -0.338015 1.489583 -0.004982 -1.000000 
-0.095855 0.062116 -0.021647 -0.217699 -1.503475 -0.413429 1.489538 -0.006525 -1.000000 
-0.095235 0.094267 -0.023385 -0.216707 -1.507078 -0.486838 1.489478 -0.008526 -1.000000 
-0.094324 0.134938 -0.025112 -0.214706 -1.511257 -0.557261 1.489400 -0.011112 -1.000000 
-0.093051 0.185034 -0.026817 -0.211305 -1.515983 -0.623447 1.489298 -0.014472 -1.000000 
-0.091337 0.245189 -0.028488 -0.206069 -1.521216 -0.683868 1.489165 -0.018888 -1.000000 
-0.089100 0.315675 -0.030108 -0.198536 -1.526905 -0.736744 1.488992 -0.024787 -1.000000 
-0.086259 0.396321 -0.031657 -0.188239 -1.532979 -0.780086 1.488763 -0.032812 -1.000000 
-0.082734 0.486422 -0.033111 -0.174739 -1.539355 -0.811785 1.488458 -0.043962 -1.000000 
-0.078454 0.584675 -0.034443 -0.157660 -1.545931 -0.829730 1.488047 -0.059827 -1.000000 
-0.073362 0.689142 -0.035623 -0.136720 -1.552589 -0.831969 1.487482 -0.083012 -1.000000 
-0.067418 0.797253 -0.036620 -0.111776 -1.559196 -0.816891 1.486688 -0.117949 -1.000000 
-0.060605 0.905881 -0.037401 -0.082843 -1.565610 -0.783437 1.485543 -0.172468 -1.000000 
-0.052932 1.011478 -0.037935 -0.050115 -1.571681 -0.731283 1.483839 -0.260962 -1.000000 
-0.044439 1.110293 -0.038194 -0.013949 -1.577262 -0.661004 1.481206 -0.410825 -1.000000 
-0.035196 1.198646 -0.038151 0.025163 -1.582213 -0.574128 1.476965 -0.674993 -1.000000 
-0.025298 1.273223 -0.037785 0.066639 -1.586410 -0.473097 1.469846 -1.151069 -1.000000 
-0.014868 1.331284 -0.037080 0.109713 -1.589754 -0.361395 1.457604 -1.978639 -1.000000 
-0.004047 1.370843 -0.036029 0.152894 -1.592179 -0.244867 1.437155 -3.173008 -1.000000 
0.007015 1.391699 -0.034641 0.193236 -1.593687 -0.133991 1.407269 -4.185346 -1.000000 
0.018179 1.397147 -0.032953 0.227821 -1.594368 -0.039656 1.373062 -4.166783 -1.000000 
0.029342 1.392281 -0.031012 0.256454 -1.594370 0.036388 1.342985 -3.275807 -1.000000 
0.040438 1.380607 -0.028861 0.280729 -1.593821 0.099345 1.320877 -2.279255 -1.000000 
0.051418 1.363744 -0.026529 0.302028 -1.592803 0.154139 1.305821 -1.532292 -1.000000 
0.062246 1.342426 -0.024035 0.321123 -1.591369 0.203521 1.295676 -1.040217 -1.000000 
0.072886 1.317080 -0.021395 0.338401 -1.589557 0.248773 1.288706 -0.725430 -1.000000 
0.083309 1.288037 -0.018625 0.354052 -1.587398 0.290426 1.283774 -0.522094 -1.000000 
0.093486 1.255603 -0.015735 0.368176 -1.584919 0.328660 1.280171 -0.387562 -1.000000 
0.103391 1.220078 -0.012738 0.380831 -1.582149 0.363486 1.277459 -0.296023 -1.000000 
0.113000 1.181767 -0.009645 0.392057 -1.579113 0.394846 1.275362 -0.231978 -1.000000 
0.122292 1.140978 -0.006468 0.401887 -1.575840 0.422655 1.273699 -0.185989 -1.000000 
0.131250 1.098021 -0.003219 0.410355 -1.572360 0.446827 1.272354 -0.152172 -1.000000 
0.139856 1.053205 0.000094 0.417500 -1.568701 0.467291 1.271242 -0.126771 -1.000000 
0.148097 1.006833 0.003458 0.423362 -1.564893 0.483997 1.270309 -0.107323 -1.000000 
0.155962 0.959201 0.006864 0.427991 -1.560967 0.496917 1.269514 -0.092180 -1.000000 
0.163441 0.910593 0.010303 0.431437 -1.556953 0.506053 1.268826 -0.080209 -1.000000 
0.170529 0.861277 0.013764 0.433757 -1.552880 0.511431 1.268224 -0.070617 -1.000000 
0.177220 0.811506 0.017240 0.435012 -1.548780 0.513103 1.267691 -0.062841 -1.000000 
0.183513 0.761511 0.020722 0.435264 -1.544681 0.511144 1.267215 -0.056471 -1.000000 
0.189405 0.711502 0.024202 0.434577 -1.540611 0.505655 1.266785 -0.051204 -1.000000 
0.194897 0.661666 0.027673 0.433015 -1.536599 0.496752 1.266393 -0.046816 -1.000000 
0.199992 0.612165 0.031128 0.430641 -1.532672 0.484574 1.266034 -0.043136 -1.000000 
0.204693 0.563138 0.034561 0.427518 -1.528854 0.469271 1.265702 -0.040034 -1.000000 
0.209004 0.514699 0.037966 0.423705 -1.525171 0.451010 1.265392 -0.037408 -1.000000 
0.212930 0.466937 0.041338 0.419258 -1.521646 0.429965 1.265102 -0.035180 -1.000000 
0.216477 0.419916 0.044673 0.414228 -1.518299 0.406322 1.264828 -0.033287 -1.000000 
0.219651 0.373680 0.047965 0.408663 -1.515151 0.380274 1.264569 -0.031681 -1.000000 
0.222458 0.328248 0.051210 0.402604 -1.512220 0.352017 1.264321 -0.030323 -1.000000 
0.224905 0.283622 0.054405 0.396087 -1.509524 0.321752 1.264083 -0.029182 -1.000000 
0.226998 0.239781 0.057546 0.389142 -1.507077 0.289683 1.263853 -0.028233 -1.000000 
0.228743 0.196691 0.060630 0.381792 -1.504893 0.256015 1.263631 -0.027457 -1.000000 
0.230147 0.154301 0.063654 0.374055 -1.502985 0.220955 1.263414 -0.026839 -1.000000 
0.231214 0.112547 0.066614 0.365941 -1.501361 0.184707 1.263201 -0.026366 -1.000000 
0.231949 0.071354 0.069508 0.357455 -1.500032 0.147477 1.262991 -0.026030 -1.000000 
0.232357 0.030638 0.072332 0.348595 -1.499004 0.109471 1.262784 -0.025826 -1.000000 
0.232440 -0.009692 0.075085 0.339353 -1.498282 0.070892 1.262578 -0.025749 -1.000000 
0.000000 0.000000 0.000000 0.000000 0.000000 0.000000 0.000000 0.000000 0.000000 
