2.058837 -0.702416 0.246854 2.800718 -1.724711 -0.537836 0.214810 -0.020117 -1.000000 
2.052983 -0.761235 0.269233 2.793911 -1.729155 -0.573106 0.214649 -0.020271 -1.000000 
2.046657 -0.820215 0.291555 2.786423 -1.733880 -0.607998 0.214486 -0.020437 -1.000000 
2.039859 -0.879360 0.313814 2.778245 -1.738882 -0.642487 0.214322 -0.020614 -1.000000 
2.032587 -0.938673 0.336005 2.769369 -1.744159 -0.676548 0.214156 -0.020803 -1.000000 
2.024840 -0.998159 0.358122 2.759786 -1.749706 -0.710158 0.213989 -0.021004 -1.000000 
2.016616 -1.057820 0.380160 2.749486 -1.755520 -0.743290 0.213820 -0.021218 -1.000000 
2.007914 -1.117658 0.402112 2.738460 -1.761597 -0.775921 0.213649 -0.021444 -1.000000 
1.998733 -1.177672 0.423973 2.726696 -1.767933 -0.808026 0.213477 -0.021684 -1.000000 
1.989071 -1.237864 0.445737 2.714185 -1.774524 -0.839579 0.213302 -0.021937 -1.000000 
1.978926 -1.298232 0.467398 2.700915 -1.781365 -0.870558 0.213126 -0.022204 -1.000000 
1.968299 -1.358773 0.488950 2.686876 -1.788451 -0.900936 0.212947 -0.022485 -1.000000 
1.957186 -1.419486 0.510386 2.672057 -1.795778 -0.930689 0.212766 -0.022781 -1.000000 
1.945586 -1.480365 0.531701 2.656445 -1.803341 -0.959793 0.212582 -0.023093 -1.000000 
1.933499 -1.541405 0.552887 2.640029 -1.811133 -0.988224 0.212396 -0.023420 -1.000000 
1.920923 -1.602601 0.573939 2.622798 -1.819150 -1.015957 0.212208 -0.023763 -1.000000 
1.907857 -1.663945 0.594850 2.604739 -1.827387 -1.042969 0.212016 -0.024122 -1.000000 
1.894300 -1.725428 0.615612 2.585842 -1.835836 -1.069234 0.211822 -0.024499 -1.000000 
1.880250 -1.787039 0.636221 2.566093 -1.844492 -1.094730 0.211624 -0.024894 -1.000000 
1.865707 -1.848770 0.656668 2.545481 -1.853349 -1.119433 0.211423 -0.025307 -1.000000 
1.850670 -1.910606 0.676946 2.523995 -1.862401 -1.143318 0.211219 -0.025740 -1.000000 
1.835137 -1.972535 0.697049 2.501623 -1.871640 -1.166365 0.211011 -0.026192 -1.000000 
1.819109 -2.034542 0.716970 2.478354 -1.881060 -1.188548 0.210800 -0.026665 -1.000000 
1.802584 -2.096611 0.736700 2.454176 -1.890655 -1.209846 0.210585 -0.027159 -1.000000 
1.785563 -2.158725 0.756234 2.429078 -1.900416 -1.230236 0.210365 -0.027675 -1.000000 
1.768045 -2.220865 0.775563 2.403050 -1.910336 -1.249697 0.210142 -0.028214 -1.000000 
1.750029 -2.283011 0.794680 2.376081 -1.920408 -1.268206 0.209914 -0.028777 -1.000000 
1.731516 -2.345143 0.813578 2.348162 -1.930625 -1.285744 0.209681 -0.029364 -1.000000 
1.712507 -2.407237 0.832248 2.319282 -1.940977 -1.302288 0.209444 -0.029977 -1.000000 
1.693001 -2.469271 0.850684 2.289434 -1.951459 -1.317819 0.209202 -0.030617 -1.000000 
1.672999 -2.531219 0.868877 2.258609 -1.962060 -1.332318 0.208954 -0.031285 -1.000000 
1.652502 -2.593054 0.886819 2.226798 -1.972773 -1.345764 0.208701 -0.031982 -1.000000 
1.631510 -2.654750 0.904503 2.193995 -1.983589 -1.358140 0.208442 -0.032709 -1.000000 
1.610026 -2.716278 0.921920 2.160193 -1.994500 -1.369428 0.208177 -0.033466 -1.000000 
1.588050 -2.777607 0.939063 2.125386 -2.005497 -1.379610 0.207907 -0.034257 -1.000000 
1.565585 -2.838707 0.955924 2.089569 -2.016571 -1.388670 0.207629 -0.035081 -1.000000 
1.542632 -2.899545 0.972494 2.052738 -2.027713 -1.396592 0.207345 -0.035940 -1.000000 
1.519193 -2.960087 0.988765 2.014889 -2.038913 -1.403361 0.207054 -0.036836 -1.000000 
1.495271 -3.020300 1.004729 1.976020 -2.050163 -1.408964 0.206756 -0.037769 -1.000000 
1.470869 -3.080146 1.020378 1.936129 -2.061454 -1.413387 0.206450 -0.038742 -1.000000 
1.445990 -3.139590 1.035704 1.895216 -2.072774 -1.416617 0.206136 -0.039756 -1.000000 
1.420637 -3.198594 1.050699 1.853280 -2.084116 -1.418643 0.205814 -0.040813 -1.000000 
1.394814 -3.257119 1.065354 1.810324 -2.095469 -1.419455 0.205483 -0.041913 -1.000000 
1.368524 -3.315125 1.079662 1.766350 -2.106824 -1.419044 0.205143 -0.043060 -1.000000 
1.341773 -3.372572 1.093613 1.721361 -2.118171 -1.417402 0.204794 -0.044253 -1.000000 
1.314565 -3.429418 1.107201 1.675363 -2.129499 -1.414520 0.204435 -0.045496 -1.000000 
1.286904 -3.485622 1.120416 1.628361 -2.140800 -1.410394 0.204065 -0.046790 -1.000000 
1.258797 -3.541141 1.133252 1.580363 -2.152062 -1.405018 0.203686 -0.048136 -1.000000 
1.230248 -3.595932 1.145699 1.531377 -2.163277 -1.398389 0.203295 -0.049536 -1.000000 
1.201264 -3.649950 1.157751 1.481413 -2.174433 -1.390504 0.202893 -0.050992 -1.000000 
1.171851 -3.703151 1.169399 1.430482 -2.185522 -1.381363 0.202479 -0.052505 -1.000000 
1.142016 -3.755491 1.180636 1.378597 -2.196532 -1.370967 0.202053 -0.054078 -1.000000 
1.111765 -3.806925 1.191455 1.325771 -2.207454 -1.359315 0.201614 -0.055711 -1.000000 
1.081107 -3.857406 1.201846 1.272018 -2.218277 -1.346413 0.201161 -0.057406 -1.000000 
1.050050 -3.906891 1.211804 1.217357 -2.228993 -1.332264 0.200695 -0.059164 -1.000000 
1.018600 -3.955333 1.221322 1.161804 -2.239590 -1.316873 0.200215 -0.060986 -1.000000 
0.986767 -4.002687 1.230391 1.105378 -2.250060 -1.300250 0.199719 -0.062874 -1.000000 
0.954560 -4.048907 1.239005 1.048100 -2.260391 -1.282401 0.199208 -0.064828 -1.000000 
0.921988 -4.093948 1.247158 0.989993 -2.270575 -1.263339 0.198682 -0.066848 -1.000000 
0.889060 -4.137765 1.254843 0.931079 -2.280601 -1.243074 0.198139 -0.068935 -1.000000 
0.855787 -4.180314 1.262053 0.871382 -2.290461 -1.221619 0.197579 -0.071089 -1.000000 
0.822179 -4.221550 1.268783 0.810929 -2.300144 -1.198991 0.197001 -0.073309 -1.000000 
0.788246 -4.261429 1.275026 0.749748 -2.309642 -1.175204 0.196405 -0.075593 -1.000000 
0.753999 -4.299910 1.280777 0.687866 -2.318944 -1.150278 0.195791 -0.077941 -1.000000 
0.719451 -4.336950 1.286030 0.625313 -2.328043 -1.124231 0.195158 -0.080350 -1.000000 
0.684612 -4.372506 1.290781 0.562121 -2.336929 -1.097085 0.194506 -0.082818 -1.000000 
0.649495 -4.406540 1.295023 0.498322 -2.345594 -1.068861 0.193833 -0.085342 -1.000000 
0.614112 -4.439011 1.298752 0.433950 -2.354028 -1.039584 0.193140 -0.087916 -1.000000 
0.578475 -4.469882 1.301965 0.369039 -2.362224 -1.009280 0.192426 -0.090537 -1.000000 
0.542598 -4.499114 1.304656 0.303624 -2.370174 -0.977975 0.191691 -0.093199 -1.000000 
0.506494 -4.526673 1.306821 0.237743 -2.377869 -0.945697 0.190935 -0.095895 -1.000000 
0.470176 -4.552524 1.308458 0.171434 -2.385302 -0.912476 0.190157 -0.098617 -1.000000 
0.433658 -4.576633 1.309563 0.104735 -2.392466 -0.878344 0.189357 -0.101357 -1.000000 
0.396954 -4.598970 1.310133 0.037686 -2.399354 -0.843332 0.188535 -0.104106 -1.000000 
0.360079 -4.619505 1.310165 -0.029672 -2.405957 -0.807474 0.187691 -0.106852 -1.000000 
0.323047 -4.638210 1.309658 -0.097299 -2.412271 -0.770806 0.186826 -0.109585 -1.000000 
0.285873 -4.655057 1.308608 -0.165151 -2.418288 -0.733363 0.185938 -0.112292 -1.000000 
0.248571 -4.670024 1.307015 -0.233187 -2.424003 -0.695184 0.185029 -0.114960 -1.000000 
0.211158 -4.683086 1.304877 -0.301364 -2.429409 -0.656305 0.184099 -0.117575 -1.000000 
0.173647 -4.694224 1.302193 -0.369636 -2.434502 -0.616766 0.183148 -0.120121 -1.000000 
0.136055 -4.703418 1.298962 -0.437961 -2.439276 -0.576609 0.182177 -0.122585 -1.000000 
0.098398 -4.710653 1.295185 -0.506294 -2.443726 -0.535874 0.181187 -0.124949 -1.000000 
0.060690 -4.715914 1.290862 -0.574590 -2.447848 -0.494604 0.180178 -0.127199 -1.000000 
0.022948 -4.719187 1.285992 -0.642803 -2.451639 -0.452841 0.179152 -0.129318 -1.000000 
-0.014812 -4.720464 1.280577 -0.710889 -2.455093 -0.410630 0.178109 -0.131290 -1.000000 
-0.052574 -4.719736 1.274618 -0.778802 -2.458208 -0.368014 0.177052 -0.133101 -1.000000 
-0.090322 -4.716997 1.268117 -0.846498 -2.460980 -0.325039 0.175980 -0.134736 -1.000000 
-0.128040 -4.712244 1.261075 -0.913930 -2.463407 -0.281749 0.174897 -0.136181 -1.000000 
-0.165713 -4.705475 1.253495 -0.981055 -2.465487 -0.238192 0.173802 -0.137425 -1.000000 
-0.203323 -4.696692 1.245379 -1.047828 -2.467218 -0.194412 0.172698 -0.138456 -1.000000 
-0.240854 -4.685897 1.236731 -1.114204 -2.468597 -0.150457 0.171587 -0.139266 -1.000000 
-0.278292 -4.673097 1.227553 -1.180139 -2.469625 -0.106373 0.170471 -0.139847 -1.000000 
-0.315619 -4.658298 1.217850 -1.245591 -2.470299 -0.062206 0.169350 -0.140194 -1.000000 
-0.352819 -4.641511 1.207625 -1.310516 -2.470620 -0.018005 0.168228 -0.140304 -1.000000 
-0.389877 -4.622748 1.196883 -1.374872 -2.470587 0.026186 0.167106 -0.140176 -1.000000 
-0.426778 -4.602023 1.185629 -1.438619 -2.470201 0.070318 0.165986 -0.139812 -1.000000 
-0.463505 -4.579353 1.173867 -1.501714 -2.469462 0.114346 0.164870 -0.139215 -1.000000 
-0.500042 -4.554756 1.161603 -1.564118 -2.468372 0.158224 0.163759 -0.138390 -1.000000 
-0.536376 -4.528252 1.148843 -1.625793 -2.466931 0.201905 0.162656 -0.137346 -1.000000 
-0.572489 -4.499864 1.135592 -1.686701 -2.465142 0.245345 0.161562 -0.136092 -1.000000 
-0.608368 -4.469617 1.121858 -1.746804 -2.463007 0.288497 0.160479 -0.134639 -1.000000 
-0.643998 -4.437537 1.107646 -1.806067 -2.460527 0.331319 0.159408 -0.132998 -1.000000 
-0.679364 -4.403652 1.092963 -1.864455 -2.457707 0.373765 0.158352 -0.131185 -1.000000 
-0.714452 -4.367993 1.077817 -1.921934 -2.454548 0.415793 0.157310 -0.129213 -1.000000 
-0.749247 -4.330590 1.062215 -1.978472 -2.451055 0.457361 0.156285 -0.127098 -1.000000 
-0.783737 -4.291478 1.046164 -2.034038 -2.447232 0.498426 0.155277 -0.124855 -1.000000 
-0.817907 -4.250692 1.029673 -2.088602 -2.443082 0.538949 0.154287 -0.122501 -1.000000 
-0.851744 -4.208267 1.012749 -2.142135 -2.438610 0.578889 0.153317 -0.120050 -1.000000 
-0.885235 -4.164242 0.995401 -2.194611 -2.433821 0.618206 0.152367 -0.117518 -1.000000 
-0.918367 -4.118656 0.977638 -2.246004 -2.428720 0.656865 0.151437 -0.114921 -1.000000 
-0.951129 -4.071550 0.959468 -2.296289 -2.423313 0.694826 0.150528 -0.112272 -1.000000 
-0.983508 -4.022965 0.940901 -2.345443 -2.417605 0.732055 0.149641 -0.109587 -1.000000 
-1.015493 -3.972944 0.921944 -2.393445 -2.411602 0.768516 0.148775 -0.106877 -1.000000 
-1.047072 -3.921530 0.902609 -2.440275 -2.405311 0.804177 0.147931 -0.104155 -1.000000 
-1.078234 -3.868769 0.882903 -2.485915 -2.398738 0.839005 0.147108 -0.101432 -1.000000 
-1.108968 -3.814706 0.862837 -2.530346 -2.391889 0.872968 0.146308 -0.098718 -1.000000 
-1.139266 -3.759388 0.842421 -2.573554 -2.384773 0.906037 0.145529 -0.096022 -1.000000 
-1.169115 -3.702861 0.821664 -2.615525 -2.377395 0.938183 0.144771 -0.093353 -1.000000 
-1.198508 -3.645173 0.800576 -2.656245 -2.369764 0.969378 0.144035 -0.090718 -1.000000 
-1.227435 -3.586372 0.779167 -2.695704 -2.361888 0.999598 0.143320 -0.088124 -1.000000 
-1.255887 -3.526506 0.757448 -2.733892 -2.353773 1.028817 0.142625 -0.085576 -1.000000 
-1.283857 -3.465625 0.735428 -2.770800 -2.345429 1.057012 0.141950 -0.083078 -1.000000 
-1.311335 -3.403777 0.713118 -2.806422 -2.336864 1.084161 0.141295 -0.080635 -1.000000 
-1.338315 -3.341013 0.690529 -2.840753 -2.328086 1.110243 0.140660 -0.078250 -1.000000 
-1.364789 -3.277379 0.667670 -2.873787 -2.319103 1.135240 0.140043 -0.075926 -1.000000 
-1.390750 -3.212927 0.644552 -2.905524 -2.309925 1.159134 0.139445 -0.073663 -1.000000 
-1.416193 -3.147706 0.621185 -2.935961 -2.300560 1.181908 0.138865 -0.071465 -1.000000 
-1.441112 -3.081763 0.597580 -2.965098 -2.291017 1.203547 0.138301 -0.069332 -1.000000 
-1.465500 -3.015149 0.573747 -2.992938 -2.281306 1.224038 0.137755 -0.067264 -1.000000 
-1.489353 -2.947910 0.549696 -3.019481 -2.271436 1.243369 0.137225 -0.065261 -1.000000 
-1.512665 -2.880096 0.525439 -3.044733 -2.261415 1.261529 0.136711 -0.063324 -1.000000 
-1.535433 -2.811754 0.500984 -3.068698 -2.251254 1.278508 0.136212 -0.061452 -1.000000 
-1.557652 -2.742930 0.476343 -3.091382 -2.240962 1.294299 0.135727 -0.059644 -1.000000 
-1.579318 -2.673671 0.451525 -3.112793 -2.230549 1.308895 0.135257 -0.057899 -1.000000 
-1.600429 -2.604023 0.426541 -3.132939 -2.220023 1.322290 0.134801 -0.056216 -1.000000 
-1.620982 -2.534031 0.401402 -3.151829 -2.209395 1.334481 0.134358 -0.054594 -1.000000 
-1.640973 -2.463738 0.376116 -3.169474 -2.198675 1.345464 0.133927 -0.053032 -1.000000 
-1.660401 -2.393187 0.350693 -3.185884 -2.187871 1.355238 0.133509 -0.051527 -1.000000 
-1.679264 -2.322422 0.325145 -3.201072 -2.176994 1.363802 0.133103 -0.050079 -1.000000 
-1.697559 -2.251484 0.299479 -3.215051 -2.166054 1.371158 0.132707 -0.048686 -1.000000 
-1.715287 -2.180413 0.273707 -3.227835 -2.155059 1.377308 0.132323 -0.047346 -1.000000 
-1.732446 -2.109247 0.247837 -3.239438 -2.144020 1.382255 0.131950 -0.046058 -1.000000 
-1.749035 -2.038027 0.221879 -3.249874 -2.132946 1.386003 0.131586 -0.044820 -1.000000 
-1.765054 -1.966788 0.195842 -3.259161 -2.121847 1.388557 0.131233 -0.043630 -1.000000 
-1.780503 -1.895567 0.169736 -3.267314 -2.110732 1.389925 0.130888 -0.042487 -1.000000 
-1.795383 -1.824398 0.143568 -3.274351 -2.099611 1.390113 0.130553 -0.041388 -1.000000 
-1.809694 -1.753316 0.117349 -3.280287 -2.088494 1.389130 0.130226 -0.040334 -1.000000 
-1.823437 -1.682351 0.091086 -3.285143 -2.077388 1.386986 0.129907 -0.039321 -1.000000 
-1.836612 -1.611537 0.064789 -3.288934 -2.066305 1.383691 0.129597 -0.038348 -1.000000 
-1.849222 -1.540902 0.038466 -3.291681 -2.055252 1.379256 0.129294 -0.037415 -1.000000 
-1.861267 -1.470475 0.012125 -3.293401 -2.044240 1.373693 0.128998 -0.036519 -1.000000 
-1.872750 -1.400284 -0.014225 -3.294115 -2.033276 1.367016 0.128709 -0.035659 -1.000000 
-1.883672 -1.330354 -0.040578 -3.293840 -2.022370 1.359237 0.128427 -0.034833 -1.000000 
-1.894036 -1.260709 -0.066924 -3.292596 -2.011531 1.350372 0.128152 -0.034041 -1.000000 
-1.903844 -1.191375 -0.093257 -3.290403 -2.000767 1.340435 0.127882 -0.033281 -1.000000 
-1.913099 -1.122372 -0.119568 -3.287280 -1.990087 1.329443 0.127619 -0.032552 -1.000000 
-1.921803 -1.053721 -0.145851 -3.283247 -1.979499 1.317411 0.127362 -0.031852 -1.000000 
-1.929960 -0.985442 -0.172098 -3.278323 -1.969011 1.304357 0.127109 -0.031181 -1.000000 
-1.937571 -0.917553 -0.198302 -3.272526 -1.958632 1.290298 0.126863 -0.030538 -1.000000 
-1.944642 -0.850070 -0.224456 -3.265877 -1.948369 1.275253 0.126621 -0.029921 -1.000000 
-1.951174 -0.783011 -0.250554 -3.258394 -1.938231 1.259240 0.126384 -0.029329 -1.000000 
-1.957171 -0.716389 -0.276588 -3.250096 -1.928224 1.242278 0.126151 -0.028762 -1.000000 
-1.962637 -0.650216 -0.302553 -3.241001 -1.918357 1.224387 0.125924 -0.028218 -1.000000 
-1.967576 -0.584507 -0.328442 -3.231129 -1.908636 1.205586 0.125700 -0.027697 -1.000000 
-1.971990 -0.519270 -0.354249 -3.220496 -1.899070 1.185897 0.125480 -0.027198 -1.000000 
-1.975885 -0.454516 -0.379968 -3.209120 -1.889664 1.165339 0.125265 -0.026720 -1.000000 
-1.979264 -0.390254 -0.405593 -3.197018 -1.880426 1.143934 0.125053 -0.026263 -1.000000 
-1.982131 -0.326490 -0.431118 -3.184207 -1.871363 1.121703 0.124844 -0.025825 -1.000000 
-1.984489 -0.263231 -0.456538 -3.170704 -1.862481 1.098667 0.124639 -0.025406 -1.000000 
-1.986344 -0.200483 -0.481848 -3.156524 -1.853787 1.074848 0.124438 -0.025005 -1.000000 
-1.987698 -0.138250 -0.507041 -3.141682 -1.845286 1.050269 0.124239 -0.024621 -1.000000 
-1.988557 -0.076535 -0.532113 -3.126194 -1.836984 1.024951 0.124044 -0.024255 -1.000000 
-1.988924 -0.015340 -0.557059 -3.110074 -1.828888 0.998917 0.123851 -0.023906 -1.000000 
-1.988804 0.045333 -0.581873 -3.093335 -1.821004 0.972189 0.123661 -0.023572 -1.000000 
-1.988200 0.105483 -0.606550 -3.075991 -1.813335 0.944790 0.123474 -0.023254 -1.000000 
-1.987118 0.165111 -0.631087 -3.058054 -1.805889 0.916743 0.123289 -0.022951 -1.000000 
-1.985560 0.224218 -0.655478 -3.039536 -1.798669 0.888071 0.123107 -0.022662 -1.000000 
-1.983531 0.282805 -0.679718 -3.020449 -1.791681 0.858797 0.122927 -0.022387 -1.000000 
-1.981036 0.340875 -0.703803 -3.000803 -1.784930 0.828943 0.122749 -0.022126 -1.000000 
-1.978079 0.398432 -0.727729 -2.980609 -1.778420 0.798533 0.122573 -0.021879 -1.000000 
-1.974663 0.455479 -0.751492 -2.959875 -1.772155 0.767590 0.122398 -0.021644 -1.000000 
-1.970793 0.512021 -0.775086 -2.938610 -1.766139 0.736138 0.122226 -0.021422 -1.000000 
-1.966472 0.568062 -0.798508 -2.916824 -1.760378 0.704199 0.122056 -0.021213 -1.000000 
-1.961705 0.623609 -0.821754 -2.894522 -1.754873 0.671797 0.121887 -0.021015 -1.000000 
-1.956495 0.678666 -0.844819 -2.871713 -1.749630 0.638954 0.121719 -0.020829 -1.000000 
-1.950847 0.733242 -0.867700 -2.848401 -1.744651 0.605695 0.121553 -0.020655 -1.000000 
-1.944765 0.787342 -0.890392 -2.824593 -1.739940 0.572043 0.121389 -0.020491 -1.000000 
-1.938251 0.840974 -0.912892 -2.800293 -1.735500 0.538020 0.121226 -0.020339 -1.000000 
-1.931310 0.894145 -0.935195 -2.775505 -1.731333 0.503650 0.121063 -0.020198 -1.000000 
-1.923946 0.946864 -0.957299 -2.750233 -1.727442 0.468957 0.120902 -0.020067 -1.000000 
-1.916162 0.999138 -0.979198 -2.724480 -1.723830 0.433963 0.120742 -0.019946 -1.000000 
-1.907961 1.050975 -1.000889 -2.698247 -1.720499 0.398691 0.120583 -0.019836 -1.000000 
-1.899347 1.102385 -1.022369 -2.671536 -1.717452 0.363166 0.120425 -0.019736 -1.000000 
-1.890324 1.153374 -1.043632 -2.644348 -1.714689 0.327409 0.120267 -0.019646 -1.000000 
-1.880894 1.203953 -1.064677 -2.616684 -1.712214 0.291444 0.120111 -0.019565 -1.000000 
-1.871062 1.254129 -1.085498 -2.588542 -1.710027 0.255295 0.119954 -0.019494 -1.000000 
-1.860829 1.303911 -1.106092 -2.559923 -1.708130 0.218984 0.119799 -0.019433 -1.000000 
-1.850200 1.353309 -1.126456 -2.530823 -1.706523 0.182534 0.119643 -0.019382 -1.000000 
-1.839178 1.402329 -1.146584 -2.501242 -1.705209 0.145968 0.119489 -0.019340 -1.000000 
-1.827764 1.450981 -1.166474 -2.471177 -1.704188 0.109309 0.119334 -0.019307 -1.000000 
-1.815963 1.499273 -1.186122 -2.440625 -1.703461 0.072581 0.119180 -0.019284 -1.000000 
-1.803777 1.547213 -1.205523 -2.409581 -1.703027 0.035807 0.119025 -0.019270 -1.000000 
-1.791208 1.594808 -1.224674 -2.378042 -1.702888 -0.000992 0.118871 -0.019265 -1.000000 
-1.778261 1.642066 -1.243570 -2.346003 -1.703043 -0.037791 0.118717 -0.019270 -1.000000 
-1.764936 1.688995 -1.262208 -2.313459 -1.703492 -0.074569 0.118563 -0.019284 -1.000000 
-1.751238 1.735601 -1.280584 -2.280405 -1.704236 -0.111301 0.118409 -0.019308 -1.000000 
-1.737167 1.781891 -1.298693 -2.246835 -1.705273 -0.147965 0.118254 -0.019340 -1.000000 
-1.722728 1.827871 -1.316532 -2.212742 -1.706603 -0.184538 0.118099 -0.019382 -1.000000 
-1.707922 1.873546 -1.334096 -2.178120 -1.708225 -0.220996 0.117944 -0.019434 -1.000000 
-1.692752 1.918922 -1.351381 -2.142962 -1.710139 -0.257318 0.117788 -0.019495 -1.000000 
-1.677220 1.964004 -1.368382 -2.107261 -1.712342 -0.293480 0.117632 -0.019566 -1.000000 
-1.661329 2.008795 -1.385095 -2.071009 -1.714834 -0.329460 0.117475 -0.019646 -1.000000 
-1.645080 2.053300 -1.401517 -2.034199 -1.717613 -0.365233 0.117318 -0.019736 -1.000000 
-1.628477 2.097521 -1.417641 -1.996823 -1.720677 -0.400777 0.117159 -0.019836 -1.000000 
-1.611521 2.141462 -1.433464 -1.958873 -1.724025 -0.436069 0.117000 -0.019946 -1.000000 
-1.594214 2.185124 -1.448981 -1.920341 -1.727653 -0.471087 0.116840 -0.020067 -1.000000 
-1.576559 2.228508 -1.464188 -1.881218 -1.731561 -0.505806 0.116679 -0.020197 -1.000000 
-1.558559 2.271614 -1.479079 -1.841497 -1.735745 -0.540204 0.116517 -0.020338 -1.000000 
-1.540214 2.314444 -1.493650 -1.801168 -1.740203 -0.574258 0.116354 -0.020490 -1.000000 
-1.521528 2.356995 -1.507896 -1.760225 -1.744933 -0.607945 0.116189 -0.020653 -1.000000 
-1.502503 2.399267 -1.521812 -1.718657 -1.749930 -0.641242 0.116023 -0.020827 -1.000000 
-1.483141 2.441257 -1.535393 -1.676458 -1.755191 -0.674126 0.115856 -0.021012 -1.000000 
-1.463444 2.482962 -1.548634 -1.633619 -1.760714 -0.706573 0.115687 -0.021209 -1.000000 
-1.443414 2.524378 -1.561529 -1.590132 -1.766495 -0.738561 0.115516 -0.021418 -1.000000 
-1.423055 2.565501 -1.574074 -1.545989 -1.772530 -0.770066 0.115344 -0.021639 -1.000000 
-1.402367 2.606325 -1.586263 -1.501184 -1.778815 -0.801066 0.115170 -0.021873 -1.000000 
-1.381354 2.646843 -1.598091 -1.455708 -1.785346 -0.831538 0.114994 -0.022119 -1.000000 
-1.360018 2.687050 -1.609553 -1.409555 -1.792118 -0.861459 0.114816 -0.022379 -1.000000 
-1.338362 2.726937 -1.620643 -1.362719 -1.799128 -0.890806 0.114636 -0.022652 -1.000000 
-1.316388 2.766494 -1.631355 -1.315193 -1.806369 -0.919557 0.114454 -0.022939 -1.000000 
-1.294099 2.805714 -1.641684 -1.266971 -1.813839 -0.947688 0.114269 -0.023241 -1.000000 
-1.271498 2.844584 -1.651624 -1.218048 -1.821531 -0.975177 0.114082 -0.023557 -1.000000 
-1.248587 2.883095 -1.661171 -1.168420 -1.829440 -1.002002 0.113892 -0.023889 -1.000000 
-1.225369 2.921233 -1.670317 -1.118082 -1.837561 -1.028141 0.113700 -0.024236 -1.000000 
-1.201848 2.958986 -1.679058 -1.067031 -1.845888 -1.053570 0.113504 -0.024600 -1.000000 
-1.178027 2.996341 -1.687388 -1.015264 -1.854416 -1.078269 0.113306 -0.024980 -1.000000 
-1.153908 3.033281 -1.695300 -0.962778 -1.863139 -1.102216 0.113104 -0.025378 -1.000000 
-1.129495 3.069793 -1.702790 -0.909571 -1.872049 -1.125389 0.112900 -0.025793 -1.000000 
-1.104792 3.105860 -1.709852 -0.855644 -1.881143 -1.147766 0.112692 -0.026227 -1.000000 
-1.079803 3.141464 -1.716479 -0.800995 -1.890412 -1.169327 0.112480 -0.026681 -1.000000 
-1.054530 3.176588 -1.722666 -0.745626 -1.899850 -1.190050 0.112265 -0.027154 -1.000000 
-1.028979 3.211213 -1.728407 -0.689537 -1.909450 -1.209916 0.112046 -0.027648 -1.000000 
-1.003152 3.245320 -1.733696 -0.632733 -1.919206 -1.228904 0.111822 -0.028164 -1.000000 
-0.977055 3.278889 -1.738529 -0.575215 -1.929110 -1.246994 0.111595 -0.028701 -1.000000 
-0.950691 3.311898 -1.742898 -0.516989 -1.939155 -1.264168 0.111363 -0.029262 -1.000000 
-0.924066 3.344327 -1.746798 -0.458059 -1.949334 -1.280405 0.111127 -0.029846 -1.000000 
-0.897184 3.376153 -1.750225 -0.398432 -1.959639 -1.295687 0.110885 -0.030456 -1.000000 
-0.870049 3.407353 -1.753172 -0.338116 -1.970063 -1.309997 0.110639 -0.031090 -1.000000 
-0.842668 3.437904 -1.755633 -0.277119 -1.980597 -1.323316 0.110388 -0.031752 -1.000000 
-0.815045 3.467782 -1.757604 -0.215450 -1.991233 -1.335629 0.110131 -0.032442 -1.000000 
-0.787185 3.496962 -1.759078 -0.153120 -2.001964 -1.346917 0.109869 -0.033160 -1.000000 
-0.759095 3.525419 -1.760052 -0.090141 -2.012781 -1.357166 0.109601 -0.033908 -1.000000 
-0.730780 3.553127 -1.760519 -0.026527 -2.023676 -1.366360 0.109326 -0.034687 -1.000000 
-0.702247 3.580062 -1.760475 0.037710 -2.034640 -1.374485 0.109045 -0.035498 -1.000000 
-0.673502 3.606195 -1.759914 0.102553 -2.045665 -1.381527 0.108758 -0.036343 -1.000000 
-0.644550 3.631502 -1.758832 0.167985 -2.056741 -1.387473 0.108464 -0.037222 -1.000000 
-0.615400 3.655954 -1.757225 0.233990 -2.067861 -1.392310 0.108162 -0.038138 -1.000000 
-0.586057 3.679524 -1.755087 0.300547 -2.079015 -1.396028 0.107854 -0.039091 -1.000000 
-0.556530 3.702186 -1.752415 0.367637 -2.090195 -1.398615 0.107537 -0.040082 -1.000000 
-0.526825 3.723911 -1.749203 0.435237 -2.101390 -1.400061 0.107212 -0.041114 -1.000000 
-0.496950 3.744672 -1.745449 0.503326 -2.112593 -1.400359 0.106879 -0.042187 -1.000000 
-0.466913 3.764440 -1.741149 0.571878 -2.123793 -1.399499 0.106537 -0.043303 -1.000000 
-0.436722 3.783190 -1.736298 0.640870 -2.134982 -1.397476 0.106186 -0.044464 -1.000000 
-0.406385 3.800892 -1.730894 0.710273 -2.146149 -1.394283 0.105826 -0.045670 -1.000000 
-0.375910 3.817519 -1.724933 0.780060 -2.157287 -1.389916 0.105455 -0.046924 -1.000000 
-0.345307 3.833044 -1.718412 0.850202 -2.168385 -1.384370 0.105075 -0.048227 -1.000000 
-0.314584 3.847440 -1.711329 0.920670 -2.179434 -1.377643 0.104683 -0.049581 -1.000000 
-0.283751 3.860680 -1.703680 0.991431 -2.190424 -1.369734 0.104281 -0.050986 -1.000000 
-0.252817 3.872738 -1.695465 1.062453 -2.201346 -1.360642 0.103867 -0.052445 -1.000000 
-0.221791 3.883588 -1.686681 1.133702 -2.212191 -1.350369 0.103442 -0.053958 -1.000000 
-0.190683 3.893204 -1.677325 1.205143 -2.222949 -1.338915 0.103004 -0.055527 -1.000000 
-0.159503 3.901561 -1.667398 1.276741 -2.233611 -1.326286 0.102553 -0.057153 -1.000000 
-0.128261 3.908635 -1.656897 1.348459 -2.244166 -1.312484 0.102089 -0.058837 -1.000000 
-0.096968 3.914403 -1.645822 1.420258 -2.254607 -1.297516 0.101612 -0.060580 -1.000000 
-0.065634 3.918842 -1.634173 1.492100 -2.264924 -1.281390 0.101120 -0.062383 -1.000000 
-0.034270 3.921929 -1.621949 1.563945 -2.275106 -1.264113 0.100613 -0.064246 -1.000000 
-0.002887 3.923643 -1.609150 1.635752 -2.285146 -1.245695 0.100092 -0.066170 -1.000000 
0.028504 3.923964 -1.595777 1.707480 -2.295035 -1.226148 0.099555 -0.068155 -1.000000 
0.059893 3.922872 -1.581831 1.779086 -2.304762 -1.205484 0.099001 -0.070199 -1.000000 
0.091267 3.920350 -1.567312 1.850528 -2.314319 -1.183717 0.098431 -0.072304 -1.000000 
0.122614 3.916380 -1.552223 1.921762 -2.323698 -1.160861 0.097844 -0.074468 -1.000000 
0.153925 3.910946 -1.536564 1.992743 -2.332890 -1.136935 0.097240 -0.076688 -1.000000 
0.185186 3.904034 -1.520340 2.063427 -2.341886 -1.111954 0.096617 -0.078965 -1.000000 
0.216385 3.895629 -1.503551 2.133769 -2.350679 -1.085939 0.095976 -0.081294 -1.000000 
0.247512 3.885719 -1.486200 2.203723 -2.359259 -1.058910 0.095316 -0.083673 -1.000000 
0.278553 3.874293 -1.468292 2.273243 -2.367619 -1.030889 0.094637 -0.086099 -1.000000 
0.309496 3.861343 -1.449830 2.342284 -2.375750 -1.001900 0.093939 -0.088566 -1.000000 
0.340330 3.846859 -1.430817 2.410798 -2.383647 -0.971965 0.093220 -0.091070 -1.000000 
0.371042 3.830835 -1.411258 2.478739 -2.391299 -0.941112 0.092481 -0.093606 -1.000000 
0.401619 3.813265 -1.391159 2.546062 -2.398702 -0.909367 0.091722 -0.096166 -1.000000 
0.432050 3.794147 -1.370523 2.612719 -2.405847 -0.876759 0.090943 -0.098742 -1.000000 
0.462322 3.773478 -1.349357 2.678664 -2.412728 -0.843316 0.090142 -0.101328 -1.000000 
0.492422 3.751258 -1.327667 2.743851 -2.419338 -0.809070 0.089321 -0.103913 -1.000000 
0.522338 3.727487 -1.305458 2.808235 -2.425671 -0.774051 0.088480 -0.106488 -1.000000 
0.552057 3.702169 -1.282737 2.871771 -2.431721 -0.738293 0.087618 -0.109042 -1.000000 
0.581568 3.675308 -1.259512 2.934412 -2.437482 -0.701829 0.086735 -0.111563 -1.000000 
0.610858 3.646910 -1.235789 2.996116 -2.442948 -0.664695 0.085833 -0.114039 -1.000000 
0.639915 3.616983 -1.211577 3.056838 -2.448115 -0.626925 0.084911 -0.116458 -1.000000 
0.668726 3.585536 -1.186882 3.116535 -2.452977 -0.588556 0.083970 -0.118806 -1.000000 
0.697279 3.552580 -1.161715 3.175166 -2.457531 -0.549626 0.083010 -0.121070 -1.000000 
0.725563 3.518128 -1.136083 3.232688 -2.461770 -0.510173 0.082033 -0.123235 -1.000000 
0.753565 3.482194 -1.109995 3.289061 -2.465692 -0.470236 0.081039 -0.125288 -1.000000 
0.781274 3.444794 -1.083461 3.344246 -2.469293 -0.429854 0.080028 -0.127215 -1.000000 
0.808678 3.405946 -1.056490 3.398205 -2.472569 -0.389067 0.079003 -0.129001 -1.000000 
0.835766 3.365669 -1.029093 3.450900 -2.475517 -0.347917 0.077965 -0.130635 -1.000000 
0.862525 3.323983 -1.001279 3.502294 -2.478134 -0.306444 0.076914 -0.132104 -1.000000 
0.888946 3.280911 -0.973060 3.552354 -2.480419 -0.264691 0.075852 -0.133395 -1.000000 
0.915016 3.236478 -0.944445 3.601046 -2.482369 -0.222698 0.074780 -0.134500 -1.000000 
0.940726 3.190706 -0.915447 3.648338 -2.483982 -0.180509 0.073700 -0.135409 -1.000000 
0.966064 3.143625 -0.886076 3.694199 -2.485257 -0.138166 0.072614 -0.136114 -1.000000 
0.991020 3.095261 -0.856344 3.738600 -2.486192 -0.095711 0.071523 -0.136610 -1.000000 
1.015585 3.045644 -0.826262 3.781513 -2.486788 -0.053188 0.070429 -0.136892 -1.000000 
1.039747 2.994804 -0.795843 3.822912 -2.487043 -0.010638 0.069333 -0.136958 -1.000000 
1.063498 2.942774 -0.765100 3.862774 -2.486958 0.031895 0.068238 -0.136809 -1.000000 
1.086829 2.889586 -0.734043 3.901074 -2.486533 0.074369 0.067145 -0.136444 -1.000000 
1.109729 2.835275 -0.702687 3.937792 -2.485768 0.116741 0.066055 -0.135868 -1.000000 
1.132190 2.779876 -0.671043 3.972908 -2.484665 0.158969 0.064972 -0.135085 -1.000000 
1.154204 2.723424 -0.639124 4.006404 -2.483225 0.201011 0.063895 -0.134103 -1.000000 
1.175762 2.665958 -0.606945 4.038266 -2.481450 0.242826 0.062826 -0.132929 -1.000000 
1.196857 2.607515 -0.574517 4.068477 -2.479341 0.284372 0.061768 -0.131573 -1.000000 
1.217480 2.548134 -0.541853 4.097026 -2.476901 0.325610 0.060722 -0.130047 -1.000000 
1.237624 2.487854 -0.508969 4.123902 -2.474132 0.366498 0.059688 -0.128362 -1.000000 
1.257283 2.426717 -0.475875 4.149096 -2.471038 0.406997 0.058668 -0.126530 -1.000000 
1.276450 2.364762 -0.442588 4.172601 -2.467621 0.447069 0.057664 -0.124565 -1.000000 
1.295117 2.302031 -0.409118 4.194411 -2.463886 0.486675 0.056676 -0.122481 -1.000000 
1.313280 2.238566 -0.375482 4.214523 -2.459836 0.525777 0.055704 -0.120292 -1.000000 
1.330933 2.174409 -0.341691 4.232934 -2.455475 0.564340 0.054751 -0.118010 -1.000000 
1.348069 2.109602 -0.307759 4.249644 -2.450808 0.602326 0.053816 -0.115652 -1.000000 
1.364685 2.044190 -0.273701 4.264654 -2.445839 0.639702 0.052901 -0.113228 -1.000000 
1.380775 1.978214 -0.239529 4.277969 -2.440574 0.676433 0.052005 -0.110753 -1.000000 
1.396335 1.911718 -0.205258 4.289592 -2.435018 0.712485 0.051129 -0.108239 -1.000000 
1.411361 1.844745 -0.170900 4.299530 -2.429177 0.747827 0.050273 -0.105698 -1.000000 
1.425849 1.777338 -0.136470 4.307790 -2.423055 0.782427 0.049438 -0.103140 -1.000000 
1.439797 1.709541 -0.101980 4.314383 -2.416660 0.816256 0.048623 -0.100576 -1.000000 
1.453201 1.641397 -0.067444 4.319319 -2.409997 0.849284 0.047829 -0.098016 -1.000000 
1.466059 1.572948 -0.032875 4.322611 -2.403073 0.881483 0.047055 -0.095467 -1.000000 
1.478368 1.504237 0.001713 4.324272 -2.395896 0.912827 0.046301 -0.092938 -1.000000 
1.490126 1.435307 0.036309 4.324319 -2.388471 0.943290 0.045568 -0.090436 -1.000000 
1.501332 1.366198 0.070898 4.322767 -2.380805 0.972847 0.044854 -0.087967 -1.000000 
1.511985 1.296953 0.105469 4.319635 -2.372907 1.001475 0.044160 -0.085536 -1.000000 
1.522083 1.227613 0.140008 4.314942 -2.364784 1.029152 0.043485 -0.083148 -1.000000 
1.531626 1.158218 0.174504 4.308708 -2.356444 1.055857 0.042829 -0.080807 -1.000000 
1.540614 1.088808 0.208943 4.300955 -2.347893 1.081570 0.042192 -0.078517 -1.000000 
1.549047 1.019421 0.243315 4.291705 -2.339141 1.106273 0.041573 -0.076279 -1.000000 
1.556925 0.950097 0.277607 4.280982 -2.330196 1.129949 0.040972 -0.074097 -1.000000 
1.564249 0.880874 0.311807 4.268811 -2.321065 1.152581 0.040387 -0.071972 -1.000000 
1.571020 0.811787 0.345904 4.255217 -2.311757 1.174156 0.039820 -0.069905 -1.000000 
1.577238 0.742874 0.379887 4.240227 -2.302281 1.194658 0.039269 -0.067897 -1.000000 
1.582906 0.674169 0.413744 4.223867 -2.292646 1.214078 0.038733 -0.065949 -1.000000 
1.588026 0.605707 0.447465 4.206166 -2.282859 1.232402 0.038213 -0.064060 -1.000000 
1.592598 0.537521 0.481039 4.187152 -2.272930 1.249622 0.037708 -0.062231 -1.000000 
1.596627 0.469644 0.514456 4.166854 -2.262868 1.265728 0.037218 -0.060461 -1.000000 
1.600114 0.402107 0.547705 4.145302 -2.252681 1.280715 0.036741 -0.058749 -1.000000 
1.603061 0.334941 0.580778 4.122526 -2.242379 1.294574 0.036277 -0.057095 -1.000000 
1.605474 0.268174 0.613663 4.098556 -2.231971 1.307302 0.035827 -0.055498 -1.000000 
1.607353 0.201836 0.646351 4.073423 -2.221466 1.318895 0.035389 -0.053957 -1.000000 
1.608704 0.135954 0.678834 4.047159 -2.210872 1.329349 0.034964 -0.052470 -1.000000 
1.609530 0.070553 0.711103 4.019795 -2.200199 1.338664 0.034550 -0.051037 -1.000000 
1.609834 0.005658 0.743148 3.991362 -2.189456 1.346838 0.034147 -0.049656 -1.000000 
1.609622 -0.058705 0.774962 3.961892 -2.178653 1.353873 0.033755 -0.048325 -1.000000 
1.608897 -0.122515 0.806536 3.931417 -2.167797 1.359770 0.033374 -0.047043 -1.000000 
1.607663 -0.185750 0.837862 3.899969 -2.156899 1.364532 0.033002 -0.045809 -1.000000 
1.605926 -0.248389 0.868933 3.867578 -2.145968 1.368163 0.032640 -0.044621 -1.000000 
1.603691 -0.310413 0.899741 3.834278 -2.135012 1.370667 0.032288 -0.043478 -1.000000 
1.600961 -0.371804 0.930279 3.800099 -2.124040 1.372050 0.031945 -0.042379 -1.000000 
1.597743 -0.432544 0.960540 3.765072 -2.113062 1.372318 0.031610 -0.041321 -1.000000 
1.594042 -0.492617 0.990518 3.729228 -2.102086 1.371480 0.031283 -0.040304 -1.000000 
1.589863 -0.552009 1.020206 3.692598 -2.091121 1.369543 0.030965 -0.039326 -1.000000 
1.585212 -0.610706 1.049597 3.655211 -2.080176 1.366516 0.030654 -0.038386 -1.000000 
1.580094 -0.668694 1.078687 3.617099 -2.069260 1.362410 0.030351 -0.037482 -1.000000 
1.574515 -0.725963 1.107469 3.578290 -2.058381 1.357236 0.030054 -0.036613 -1.000000 
1.568481 -0.782501 1.135938 3.538812 -2.047547 1.351004 0.029765 -0.035778 -1.000000 
1.561997 -0.838300 1.164088 3.498695 -2.036767 1.343727 0.029482 -0.034976 -1.000000 
1.555070 -0.893349 1.191916 3.457966 -2.026050 1.335418 0.029205 -0.034205 -1.000000 
1.547705 -0.947643 1.219414 3.416652 -2.015403 1.326091 0.028934 -0.033465 -1.000000 
1.539909 -1.001174 1.246580 3.374780 -2.004835 1.315759 0.028670 -0.032754 -1.000000 
1.531689 -1.053936 1.273409 3.332375 -1.994354 1.304438 0.028410 -0.032071 -1.000000 
1.523049 -1.105925 1.299897 3.289463 -1.983967 1.292143 0.028156 -0.031415 -1.000000 
1.513996 -1.157137 1.326040 3.246068 -1.973682 1.278889 0.027908 -0.030785 -1.000000 
1.504536 -1.207568 1.351833 3.202215 -1.963507 1.264693 0.027664 -0.030180 -1.000000 
1.494677 -1.257218 1.377274 3.157925 -1.953449 1.249573 0.027425 -0.029600 -1.000000 
1.484423 -1.306083 1.402359 3.113221 -1.943516 1.233544 0.027190 -0.029042 -1.000000 
1.473782 -1.354165 1.427084 3.068125 -1.933715 1.216626 0.026960 -0.028508 -1.000000 
1.462759 -1.401462 1.451448 3.022657 -1.924053 1.198835 0.026734 -0.027995 -1.000000 
1.451360 -1.447975 1.475446 2.976836 -1.914536 1.180191 0.026512 -0.027503 -1.000000 
1.439593 -1.493707 1.499076 2.930682 -1.905172 1.160713 0.026294 -0.027031 -1.000000 
1.427463 -1.538660 1.522336 2.884212 -1.895967 1.140419 0.026079 -0.026579 -1.000000 
1.414977 -1.582835 1.545223 2.837444 -1.886927 1.119329 0.025869 -0.026145 -1.000000 
1.402140 -1.626237 1.567734 2.790394 -1.878060 1.097462 0.025661 -0.025730 -1.000000 
1.388959 -1.668869 1.589868 2.743077 -1.869370 1.074839 0.025457 -0.025332 -1.000000 
1.375440 -1.710736 1.611623 2.695508 -1.860864 1.051480 0.025256 -0.024952 -1.000000 
1.361589 -1.751842 1.632996 2.647701 -1.852548 1.027405 0.025058 -0.024588 -1.000000 
1.347412 -1.792194 1.653985 2.599668 -1.844428 1.002635 0.024862 -0.024239 -1.000000 
1.332916 -1.831795 1.674590 2.551421 -1.836508 0.977191 0.024670 -0.023906 -1.000000 
1.318106 -1.870653 1.694808 2.502971 -1.828794 0.951093 0.024480 -0.023588 -1.000000 
1.302987 -1.908774 1.714637 2.454328 -1.821292 0.924362 0.024292 -0.023285 -1.000000 
1.287567 -1.946165 1.734076 2.405502 -1.814006 0.897020 0.024107 -0.022996 -1.000000 
1.271851 -1.982831 1.753125 2.356500 -1.806941 0.869088 0.023924 -0.022720 -1.000000 
1.255844 -2.018782 1.771780 2.307331 -1.800102 0.840587 0.023744 -0.022457 -1.000000 
1.239552 -2.054023 1.790041 2.258002 -1.793493 0.811539 0.023565 -0.022208 -1.000000 
1.222981 -2.088563 1.807908 2.208518 -1.787119 0.781965 0.023388 -0.021971 -1.000000 
1.206137 -2.122409 1.825377 2.158884 -1.780983 0.751887 0.023213 -0.021746 -1.000000 
1.189025 -2.155568 1.842449 2.109105 -1.775090 0.721326 0.023040 -0.021533 -1.000000 
1.171650 -2.188049 1.859123 2.059184 -1.769443 0.690304 0.022869 -0.021332 -1.000000 
1.154018 -2.219859 1.875396 2.009124 -1.764046 0.658844 0.022699 -0.021142 -1.000000 
1.136134 -2.251007 1.891268 1.958928 -1.758903 0.626966 0.022530 -0.020963 -1.000000 
1.118003 -2.281499 1.906738 1.908596 -1.754016 0.594692 0.022363 -0.020795 -1.000000 
1.099631 -2.311344 1.921805 1.858129 -1.749389 0.562044 0.022198 -0.020638 -1.000000 
1.081023 -2.340549 1.936468 1.807528 -1.745024 0.529044 0.022033 -0.020491 -1.000000 
1.062184 -2.369122 1.950725 1.756792 -1.740925 0.495713 0.021870 -0.020354 -1.000000 
1.043119 -2.397070 1.964576 1.705919 -1.737094 0.462074 0.021707 -0.020228 -1.000000 
1.023833 -2.424401 1.978020 1.654907 -1.733533 0.428147 0.021546 -0.020111 -1.000000 
1.004330 -2.451121 1.991055 1.603756 -1.730244 0.393956 0.021386 -0.020004 -1.000000 
0.984617 -2.477237 2.003680 1.552460 -1.727230 0.359521 0.021226 -0.019907 -1.000000 
0.964696 -2.502756 2.015894 1.501017 -1.724492 0.324864 0.021067 -0.019819 -1.000000 
0.944574 -2.527684 2.027695 1.449423 -1.722033 0.290007 0.020909 -0.019741 -1.000000 
0.924255 -2.552028 2.039084 1.397674 -1.719853 0.254972 0.020751 -0.019672 -1.000000 
0.903743 -2.575792 2.050058 1.345764 -1.717953 0.219780 0.020594 -0.019611 -1.000000 
0.883044 -2.598982 2.060616 1.293689 -1.716336 0.184452 0.020437 -0.019561 -1.000000 
0.862161 -2.621604 2.070756 1.241443 -1.715003 0.149012 0.020281 -0.019519 -1.000000 
0.841100 -2.643661 2.080478 1.189019 -1.713953 0.113480 0.020125 -0.019486 -1.000000 
0.819864 -2.665159 2.089780 1.136413 -1.713187 0.077877 0.019969 -0.019462 -1.000000 
0.798458 -2.686101 2.098660 1.083616 -1.712707 0.042226 0.019814 -0.019447 -1.000000 
0.776888 -2.706490 2.107117 1.030623 -1.712512 0.006549 0.019658 -0.019440 -1.000000 
0.755156 -2.726330 2.115150 0.977426 -1.712602 -0.029134 0.019503 -0.019443 -1.000000 
0.733268 -2.745624 2.122756 0.924019 -1.712978 -0.064801 0.019347 -0.019454 -1.000000 
0.711228 -2.764373 2.129934 0.870393 -1.713639 -0.100430 0.019191 -0.019475 -1.000000 
0.689039 -2.782579 2.136681 0.816542 -1.714584 -0.135999 0.019035 -0.019504 -1.000000 
0.666708 -2.800244 2.142998 0.762459 -1.715814 -0.171488 0.018879 -0.019542 -1.000000 
0.644237 -2.817368 2.148880 0.708135 -1.717328 -0.206873 0.018723 -0.019590 -1.000000 
0.621631 -2.833951 2.154327 0.653564 -1.719124 -0.242134 0.018566 -0.019646 -1.000000 
0.598895 -2.849993 2.159336 0.598737 -1.721202 -0.277250 0.018408 -0.019711 -1.000000 
0.576033 -2.865494 2.163906 0.543648 -1.723560 -0.312198 0.018250 -0.019786 -1.000000 
0.553049 -2.880452 2.168034 0.488289 -1.726196 -0.346956 0.018092 -0.019870 -1.000000 
0.529947 -2.894866 2.171718 0.432654 -1.729110 -0.381504 0.017932 -0.019963 -1.000000 
0.506732 -2.908733 2.174956 0.376734 -1.732300 -0.415820 0.017772 -0.020066 -1.000000 
0.483409 -2.922050 2.177745 0.320524 -1.735763 -0.449882 0.017611 -0.020178 -1.000000 
0.459981 -2.934814 2.180083 0.264018 -1.739497 -0.483668 0.017449 -0.020300 -1.000000 
0.436453 -2.947021 2.181969 0.207208 -1.743501 -0.517158 0.017287 -0.020432 -1.000000 
0.412830 -2.958668 2.183398 0.150089 -1.747771 -0.550328 0.017123 -0.020575 -1.000000 
0.389116 -2.969748 2.184369 0.092655 -1.752305 -0.583158 0.016957 -0.020727 -1.000000 
0.365316 -2.980257 2.184880 0.034902 -1.757100 -0.615627 0.016791 -0.020890 -1.000000 
0.341433 -2.990190 2.184927 -0.023175 -1.762154 -0.647712 0.016623 -0.021064 -1.000000 
0.317474 -2.999538 2.184508 -0.081580 -1.767463 -0.679391 0.016454 -0.021249 -1.000000 
0.293442 -3.008297 2.183620 -0.140317 -1.773023 -0.710645 0.016283 -0.021444 -1.000000 
0.269343 -3.016457 2.182262 -0.199390 -1.778832 -0.741450 0.016111 -0.021652 -1.000000 
0.245181 -3.024013 2.180429 -0.258801 -1.784885 -0.771786 0.015937 -0.021871 -1.000000 
0.220960 -3.030955 2.178120 -0.318551 -1.791179 -0.801631 0.015761 -0.022101 -1.000000 
0.196687 -3.037274 2.175332 -0.378643 -1.797710 -0.830964 0.015583 -0.022345 -1.000000 
0.172366 -3.042963 2.172061 -0.439076 -1.804473 -0.859763 0.015403 -0.022601 -1.000000 
0.148001 -3.048010 2.168305 -0.499851 -1.811465 -0.888007 0.015221 -0.022869 -1.000000 
0.123599 -3.052407 2.164062 -0.560967 -1.818680 -0.915676 0.015037 -0.023151 -1.000000 
0.099165 -3.056142 2.159329 -0.622423 -1.826114 -0.942748 0.014851 -0.023447 -1.000000 
0.074703 -3.059207 2.154103 -0.684216 -1.833762 -0.969202 0.014662 -0.023757 -1.000000 
0.050219 -3.061588 2.148381 -0.746343 -1.841619 -0.995018 0.014471 -0.024082 -1.000000 
0.025719 -3.063275 2.142160 -0.808801 -1.849681 -1.020175 0.014277 -0.024421 -1.000000 
0.001209 -3.064257 2.135439 -0.871584 -1.857940 -1.044652 0.014080 -0.024776 -1.000000 
-0.023307 -3.064522 2.128214 -0.934686 -1.866393 -1.068429 0.013880 -0.025147 -1.000000 
-0.047822 -3.064056 2.120483 -0.998101 -1.875033 -1.091487 0.013678 -0.025535 -1.000000 
-0.072330 -3.062849 2.112244 -1.061822 -1.883855 -1.113804 0.013472 -0.025939 -1.000000 
-0.096825 -3.060888 2.103493 -1.125840 -1.892852 -1.135362 0.013262 -0.026362 -1.000000 
-0.121302 -3.058159 2.094230 -1.190145 -1.902019 -1.156141 0.013050 -0.026802 -1.000000 
-0.145754 -3.054650 2.084450 -1.254727 -1.911348 -1.176122 0.012834 -0.027261 -1.000000 
-0.170174 -3.050348 2.074153 -1.319574 -1.920834 -1.195286 0.012614 -0.027740 -1.000000 
-0.194557 -3.045240 2.063336 -1.384674 -1.930471 -1.213615 0.012390 -0.028239 -1.000000 
-0.218896 -3.039313 2.051998 -1.450013 -1.940250 -1.231090 0.012162 -0.028758 -1.000000 
-0.243184 -3.032553 2.040136 -1.515576 -1.950166 -1.247694 0.011929 -0.029300 -1.000000 
-0.267415 -3.024948 2.027748 -1.581348 -1.960211 -1.263409 0.011693 -0.029864 -1.000000 
-0.291581 -3.016484 2.014834 -1.647311 -1.970378 -1.278218 0.011452 -0.030451 -1.000000 
-0.315676 -3.007149 2.001391 -1.713448 -1.980660 -1.292105 0.011206 -0.031062 -1.000000 
-0.339693 -2.996929 1.987418 -1.779739 -1.991049 -1.305054 0.010955 -0.031699 -1.000000 
-0.363624 -2.985812 1.972914 -1.846165 -2.001538 -1.317048 0.010698 -0.032361 -1.000000 
-0.387463 -2.973785 1.957879 -1.912705 -2.012119 -1.328074 0.010437 -0.033050 -1.000000 
-0.411203 -2.960836 1.942311 -1.979335 -2.022785 -1.338116 0.010169 -0.033767 -1.000000 
-0.434834 -2.946953 1.926209 -2.046033 -2.033526 -1.347161 0.009896 -0.034513 -1.000000 
-0.458351 -2.932124 1.909574 -2.112774 -2.044336 -1.355195 0.009617 -0.035289 -1.000000 
-0.481746 -2.916338 1.892405 -2.179533 -2.055207 -1.362206 0.009332 -0.036095 -1.000000 
-0.505010 -2.899584 1.874702 -2.246282 -2.066129 -1.368181 0.009040 -0.036934 -1.000000 
-0.528136 -2.881850 1.856465 -2.312995 -2.077095 -1.373110 0.008741 -0.037807 -1.000000 
-0.551117 -2.863128 1.837694 -2.379643 -2.088096 -1.376982 0.008435 -0.038714 -1.000000 
-0.573944 -2.843407 1.818391 -2.446195 -2.099124 -1.379787 0.008121 -0.039656 -1.000000 
-0.596609 -2.822678 1.798555 -2.512622 -2.110170 -1.381517 0.007800 -0.040636 -1.000000 
-0.619104 -2.800933 1.778189 -2.578891 -2.121225 -1.382162 0.007471 -0.041654 -1.000000 
-0.641421 -2.778163 1.757293 -2.644971 -2.132281 -1.381716 0.007133 -0.042711 -1.000000 
-0.663552 -2.754361 1.735870 -2.710827 -2.143330 -1.380173 0.006787 -0.043810 -1.000000 
-0.685488 -2.729521 1.713921 -2.776426 -2.154361 -1.377526 0.006432 -0.044950 -1.000000 
-0.707221 -2.703637 1.691448 -2.841732 -2.165367 -1.373771 0.006068 -0.046134 -1.000000 
-0.728743 -2.676704 1.668454 -2.906709 -2.176339 -1.368906 0.005694 -0.047363 -1.000000 
-0.750046 -2.648716 1.644942 -2.971321 -2.187267 -1.362926 0.005310 -0.048637 -1.000000 
-0.771120 -2.619671 1.620914 -3.035529 -2.198142 -1.355831 0.004916 -0.049959 -1.000000 
-0.791958 -2.589566 1.596374 -3.099297 -2.208957 -1.347619 0.004511 -0.051330 -1.000000 
-0.812550 -2.558400 1.571327 -3.162585 -2.219701 -1.338292 0.004094 -0.052750 -1.000000 
-0.832889 -2.526170 1.545774 -3.225354 -2.230367 -1.327851 0.003666 -0.054222 -1.000000 
-0.852966 -2.492877 1.519722 -3.287565 -2.240944 -1.316299 0.003227 -0.055745 -1.000000 
-0.872773 -2.458523 1.493175 -3.349176 -2.251424 -1.303638 0.002774 -0.057321 -1.000000 
-0.892300 -2.423109 1.466137 -3.410147 -2.261799 -1.289876 0.002309 -0.058951 -1.000000 
-0.911539 -2.386638 1.438614 -3.470438 -2.272060 -1.275016 0.001831 -0.060635 -1.000000 
-0.930483 -2.349114 1.410612 -3.530007 -2.282197 -1.259067 0.001339 -0.062375 -1.000000 
-0.949085 -2.291785 1.382082 -3.615659 -2.292112 -1.197421 0.001089 0.064160 1.000000 
-0.967256 -2.250786 1.352928 -3.672705 -2.301620 -1.179334 0.001609 0.065973 1.000000 
-0.985095 -2.208752 1.323321 -3.728886 -2.310979 -1.160203 0.002144 0.067839 1.000000 
-1.002594 -2.165690 1.293269 -3.784162 -2.320181 -1.140041 0.002695 0.069758 1.000000 
-1.019743 -2.121610 1.262777 -3.838490 -2.329217 -1.118858 0.003261 0.071729 1.000000 
-1.036537 -2.076523 1.231855 -3.891829 -2.338080 -1.096670 0.003843 0.073751 1.000000 
-1.052965 -2.030439 1.200511 -3.944139 -2.346761 -1.073489 0.004441 0.075823 1.000000 
-1.069021 -1.983373 1.168752 -3.995377 -2.355253 -1.049332 0.005056 0.077942 1.000000 
-1.084697 -1.935338 1.136588 -4.045504 -2.363548 -1.024214 0.005688 0.080106 1.000000 
-1.099984 -1.886348 1.104027 -4.094478 -2.371638 -0.998155 0.006338 0.082313 1.000000 
-1.114876 -1.836421 1.071079 -4.142260 -2.379516 -0.971174 0.007005 0.084559 1.000000 
-1.129364 -1.785574 1.037754 -4.188810 -2.387174 -0.943289 0.007691 0.086839 1.000000 
-1.143442 -1.733825 1.004062 -4.234089 -2.394606 -0.914523 0.008395 0.089150 1.000000 
-1.157103 -1.681193 0.970012 -4.278059 -2.401804 -0.884899 0.009117 0.091486 1.000000 
-1.170339 -1.627699 0.935616 -4.320681 -2.408762 -0.854439 0.009858 0.093841 1.000000 
-1.183144 -1.573366 0.900885 -4.361919 -2.415473 -0.823168 0.010619 0.096210 1.000000 
-1.195511 -1.518216 0.865830 -4.401737 -2.421931 -0.791111 0.011398 0.098583 1.000000 
-1.207433 -1.462272 0.830461 -4.440099 -2.428129 -0.758296 0.012196 0.100954 1.000000 
-1.218905 -1.405561 0.794792 -4.476970 -2.434062 -0.724751 0.013013 0.103314 1.000000 
-1.229920 -1.348107 0.758834 -4.512319 -2.439723 -0.690503 0.013849 0.105654 1.000000 
-1.240473 -1.289939 0.722599 -4.546111 -2.445108 -0.655583 0.014703 0.107963 1.000000 
-1.250558 -1.231083 0.686100 -4.578317 -2.450211 -0.620020 0.015576 0.110232 1.000000 
-1.260169 -1.171569 0.649350 -4.608905 -2.455027 -0.583847 0.016467 0.112449 1.000000 
-1.269301 -1.111427 0.612362 -4.637849 -2.459551 -0.547096 0.017375 0.114603 1.000000 
-1.277950 -1.050688 0.575149 -4.665119 -2.463779 -0.509800 0.018300 0.116682 1.000000 
-1.286110 -0.989382 0.537725 -4.690691 -2.467706 -0.471993 0.019242 0.118674 1.000000 
-1.293779 -0.927544 0.500103 -4.714539 -2.471329 -0.433710 0.020199 0.120568 1.000000 
-1.300950 -0.865204 0.462297 -4.736641 -2.474644 -0.394986 0.021171 0.122351 1.000000 
-1.307621 -0.802398 0.424321 -4.756975 -2.477648 -0.355857 0.022156 0.124011 1.000000 
-1.313787 -0.739161 0.386190 -4.775522 -2.480337 -0.316361 0.023155 0.125537 1.000000 
-1.319446 -0.675527 0.347918 -4.792263 -2.482709 -0.276533 0.024164 0.126919 1.000000 
-1.324595 -0.611532 0.309519 -4.807181 -2.484761 -0.236413 0.025185 0.128146 1.000000 
-1.329230 -0.547212 0.271008 -4.820261 -2.486491 -0.196038 0.026214 0.129208 1.000000 
-1.333349 -0.482605 0.232399 -4.831491 -2.487897 -0.155448 0.027252 0.130099 1.000000 
-1.336951 -0.417748 0.193709 -4.840859 -2.488977 -0.114681 0.028295 0.130810 1.000000 
-1.340033 -0.352678 0.154951 -4.848355 -2.489731 -0.073777 0.029344 0.131336 1.000000 
-1.342593 -0.287434 0.116140 -4.853972 -2.490158 -0.032775 0.030396 0.131672 1.000000 
-1.344631 -0.222054 0.077292 -4.857703 -2.490256 0.008283 0.031450 0.131816 1.000000 
-1.346146 -0.156576 0.038422 -4.859545 -2.490025 0.049359 0.032505 0.131767 1.000000 
-1.347136 -0.091039 -0.000456 -4.859496 -2.489466 0.090413 0.033558 0.131525 1.000000 
-1.347602 -0.025482 -0.039325 -4.857555 -2.488579 0.131403 0.034609 0.131091 1.000000 
-1.347544 0.040056 -0.078171 -4.853723 -2.487364 0.172289 0.035655 0.130469 1.000000 
-1.346962 0.105537 -0.116980 -4.848005 -2.485822 0.213032 0.036696 0.129664 1.000000 
-1.345856 0.170921 -0.155735 -4.840406 -2.483956 0.253592 0.037729 0.128682 1.000000 
-1.344227 0.236170 -0.194421 -4.830933 -2.481766 0.293928 0.038754 0.127531 1.000000 
-1.342077 0.301246 -0.233024 -4.819594 -2.479254 0.334001 0.039769 0.126218 1.000000 
-1.339408 0.366110 -0.271530 -4.806402 -2.476422 0.373772 0.040773 0.124755 1.000000 
-1.336220 0.430724 -0.309922 -4.791369 -2.473274 0.413202 0.041765 0.123151 1.000000 
-1.332517 0.495052 -0.348187 -4.774510 -2.469812 0.452252 0.042743 0.121417 1.000000 
-1.328300 0.559055 -0.386309 -4.755841 -2.466039 0.490886 0.043707 0.119565 1.000000 
-1.323573 0.622697 -0.424275 -4.735379 -2.461959 0.529064 0.044656 0.117607 1.000000 
-1.318338 0.685943 -0.462071 -4.713146 -2.457576 0.566751 0.045589 0.115555 1.000000 
-1.312599 0.748757 -0.499681 -4.689163 -2.452893 0.603911 0.046505 0.113421 1.000000 
-1.306359 0.811103 -0.537093 -4.663452 -2.447914 0.640507 0.047403 0.111217 1.000000 
-1.299623 0.872949 -0.574292 -4.636039 -2.442646 0.676506 0.048284 0.108955 1.000000 
-1.292394 0.934260 -0.611265 -4.606949 -2.437092 0.711874 0.049147 0.106645 1.000000 
-1.284676 0.995004 -0.647999 -4.576211 -2.431258 0.746577 0.049990 0.104300 1.000000 
-1.276475 1.055149 -0.684480 -4.543854 -2.425149 0.780584 0.050815 0.101929 1.000000 
-1.267795 1.114664 -0.720696 -4.509907 -2.418770 0.813864 0.051621 0.099542 1.000000 
-1.258642 1.173520 -0.756634 -4.474404 -2.412129 0.846386 0.052408 0.097148 1.000000 
-1.249021 1.231688 -0.792282 -4.437376 -2.405230 0.878121 0.053176 0.094756 1.000000 
-1.238937 1.289139 -0.827628 -4.398859 -2.398081 0.909041 0.053924 0.092373 1.000000 
-1.228397 1.345847 -0.862660 -4.358886 -2.390688 0.939120 0.054654 0.090006 1.000000 
-1.217406 1.401785 -0.897367 -4.317495 -2.383058 0.968331 0.055364 0.087662 1.000000 
-1.205970 1.456929 -0.931736 -4.274722 -2.375197 0.996650 0.056056 0.085346 1.000000 
-1.194097 1.511256 -0.965759 -4.230606 -2.367114 1.024052 0.056730 0.083063 1.000000 
-1.181792 1.564742 -0.999423 -4.185186 -2.358815 1.050517 0.057385 0.080818 1.000000 
-1.169063 1.617366 -1.032718 -4.138500 -2.350308 1.076022 0.058023 0.078615 1.000000 
-1.155917 1.669108 -1.065635 -4.090589 -2.341601 1.100548 0.058643 0.076456 1.000000 
-1.142360 1.719949 -1.098165 -4.041494 -2.332702 1.124076 0.059246 0.074344 1.000000 
-1.128400 1.769870 -1.130296 -3.991256 -2.323618 1.146588 0.059833 0.072282 1.000000 
-1.114045 1.818856 -1.162022 -3.939917 -2.314359 1.168068 0.060403 0.070271 1.000000 
-1.099301 1.866890 -1.193332 -3.887518 -2.304932 1.188501 0.060957 0.068312 1.000000 
-1.084177 1.913957 -1.224219 -3.834102 -2.295346 1.207874 0.061496 0.066407 1.000000 
-1.068680 1.960046 -1.254675 -3.779710 -2.285609 1.226174 0.062020 0.064556 1.000000 
-1.052819 2.005143 -1.284692 -3.724386 -2.275730 1.243389 0.062529 0.062759 1.000000 
-1.036601 2.049237 -1.314263 -3.668171 -2.265718 1.259510 0.063024 0.061016 1.000000 
-1.020034 2.092320 -1.343381 -3.611109 -2.255581 1.274527 0.063506 0.059328 1.000000 
-1.003126 2.134382 -1.372039 -3.553242 -2.245328 1.288434 0.063974 0.057693 1.000000 
-0.985886 2.175417 -1.400230 -3.494611 -2.234969 1.301224 0.064429 0.056111 1.000000 
-0.968322 2.215416 -1.427950 -3.435259 -2.224512 1.312892 0.064872 0.054582 1.000000 
-0.950442 2.254377 -1.455193 -3.375226 -2.213966 1.323433 0.065302 0.053105 1.000000 
-0.932255 2.292293 -1.481952 -3.314556 -2.203340 1.332846 0.065721 0.051678 1.000000 
-0.913769 2.329163 -1.508224 -3.253287 -2.192643 1.341128 0.066129 0.050300 1.000000 
-0.894991 2.364983 -1.534003 -3.191460 -2.181885 1.348278 0.066526 0.048971 1.000000 
-0.875932 2.399754 -1.559286 -3.129115 -2.171074 1.354298 0.066913 0.047690 1.000000 
-0.856598 2.433474 -1.584068 -3.066291 -2.160219 1.359189 0.067290 0.046454 1.000000 
-0.836999 2.466145 -1.608346 -3.003027 -2.149330 1.362953 0.067656 0.045263 1.000000 
-0.817143 2.497768 -1.632115 -2.939360 -2.138415 1.365595 0.068014 0.044116 1.000000 
-0.797037 2.528347 -1.655374 -2.875327 -2.127483 1.367119 0.068362 0.043011 1.000000 
-0.776692 2.557883 -1.678120 -2.810964 -2.116544 1.367531 0.068702 0.041947 1.000000 
-0.756114 2.586382 -1.700349 -2.746307 -2.105606 1.366837 0.069034 0.040922 1.000000 
-0.735312 2.613849 -1.722060 -2.681389 -2.094677 1.365046 0.069357 0.039936 1.000000 
-0.714295 2.640290 -1.743251 -2.616246 -2.083768 1.362164 0.069673 0.038988 1.000000 
-0.693070 2.665710 -1.763919 -2.550908 -2.072886 1.358202 0.069981 0.038075 1.000000 
-0.671646 2.690117 -1.784065 -2.485408 -2.062039 1.353170 0.070282 0.037197 1.000000 
-0.650031 2.713519 -1.803686 -2.419776 -2.051238 1.347079 0.070576 0.036352 1.000000 
-0.628233 2.735924 -1.822781 -2.354042 -2.040489 1.339940 0.070864 0.035540 1.000000 
-0.606259 2.757340 -1.841350 -2.288235 -2.029801 1.331765 0.071145 0.034759 1.000000 
-0.584118 2.777778 -1.859392 -2.222381 -2.019183 1.322569 0.071420 0.034008 1.000000 
-0.561817 2.797247 -1.876908 -2.156507 -2.008643 1.312363 0.071689 0.033287 1.000000 
-0.539365 2.815758 -1.893897 -2.090639 -1.998188 1.301164 0.071953 0.032593 1.000000 
-0.516768 2.833320 -1.910358 -2.024801 -1.987827 1.288986 0.072211 0.031927 1.000000 
-0.494034 2.849945 -1.926294 -1.959015 -1.977567 1.275843 0.072463 0.031286 1.000000 
-0.471171 2.865644 -1.941703 -1.893304 -1.967416 1.261754 0.072711 0.030671 1.000000 
-0.448186 2.880429 -1.956587 -1.827688 -1.957381 1.246733 0.072954 0.030081 1.000000 
-0.425087 2.894312 -1.970946 -1.762188 -1.947471 1.230799 0.073193 0.029514 1.000000 
-0.401880 2.907304 -1.984782 -1.696821 -1.937691 1.213968 0.073427 0.028969 1.000000 
-0.378572 2.919418 -1.998096 -1.631605 -1.928049 1.196259 0.073656 0.028447 1.000000 
-0.355171 2.930665 -2.010888 -1.566556 -1.918553 1.177690 0.073882 0.027945 1.000000 
-0.331684 2.941059 -2.023161 -1.501690 -1.909209 1.158280 0.074103 0.027464 1.000000 
-0.308116 2.950611 -2.034916 -1.437021 -1.900023 1.138048 0.074321 0.027003 1.000000 
-0.284476 2.959334 -2.046154 -1.372562 -1.891002 1.117013 0.074535 0.026561 1.000000 
-0.260769 2.967240 -2.056877 -1.308324 -1.882153 1.095195 0.074746 0.026137 1.000000 
-0.237002 2.974342 -2.067088 -1.244319 -1.873481 1.072614 0.074954 0.025731 1.000000 
-0.213182 2.980651 -2.076787 -1.180556 -1.864993 1.049290 0.075158 0.025342 1.000000 
-0.189314 2.986180 -2.085977 -1.117045 -1.856694 1.025244 0.075359 0.024971 1.000000 
-0.165405 2.990940 -2.094660 -1.053792 -1.848591 1.000496 0.075558 0.024615 1.000000 
-0.141461 2.994944 -2.102839 -0.990806 -1.840688 0.975067 0.075753 0.024275 1.000000 
-0.117488 2.998203 -2.110514 -0.928091 -1.832992 0.948979 0.075946 0.023950 1.000000 
-0.093492 3.000727 -2.117689 -0.865654 -1.825506 0.922253 0.076136 0.023640 1.000000 
-0.069478 3.002529 -2.124365 -0.803497 -1.818237 0.894909 0.076324 0.023344 1.000000 
-0.045453 3.003619 -2.130546 -0.741624 -1.811189 0.866970 0.076510 0.023062 1.000000 
-0.021422 3.004008 -2.136232 -0.680038 -1.804367 0.838456 0.076693 0.022794 1.000000 
0.002609 3.003705 -2.141427 -0.618739 -1.797775 0.809391 0.076875 0.022539 1.000000 
0.026635 3.002720 -2.146133 -0.557730 -1.791418 0.779794 0.077054 0.022296 1.000000 
0.050651 3.001062 -2.150351 -0.497009 -1.785300 0.749689 0.077231 0.022066 1.000000 
0.074650 2.998741 -2.154086 -0.436576 -1.779425 0.719097 0.077407 0.021849 1.000000 
0.098629 2.995766 -2.157337 -0.376430 -1.773796 0.688041 0.077581 0.021643 1.000000 
0.122581 2.992143 -2.160109 -0.316568 -1.768417 0.656541 0.077753 0.021449 1.000000 
0.146502 2.987882 -2.162403 -0.256988 -1.763292 0.624620 0.077924 0.021266 1.000000 
0.170385 2.982989 -2.164222 -0.197687 -1.758424 0.592301 0.078094 0.021095 1.000000 
0.194228 2.977471 -2.165567 -0.138660 -1.753816 0.559605 0.078262 0.020934 1.000000 
0.218023 2.971334 -2.166441 -0.079904 -1.749472 0.526554 0.078429 0.020784 1.000000 
0.241767 2.964585 -2.166846 -0.021413 -1.745392 0.493171 0.078594 0.020645 1.000000 
0.265455 2.957228 -2.166784 0.036818 -1.741582 0.459478 0.078759 0.020516 1.000000 
0.289081 2.949268 -2.166258 0.094794 -1.738042 0.425496 0.078923 0.020397 1.000000 
0.312642 2.940710 -2.165268 0.152522 -1.734774 0.391248 0.079085 0.020288 1.000000 
0.336131 2.931557 -2.163818 0.210007 -1.731782 0.356756 0.079247 0.020189 1.000000 
0.359545 2.921814 -2.161909 0.267257 -1.729067 0.322043 0.079408 0.020100 1.000000 
0.382879 2.911481 -2.159543 0.324278 -1.726630 0.287130 0.079569 0.020020 1.000000 
0.406127 2.900562 -2.156721 0.381077 -1.724473 0.252039 0.079729 0.019950 1.000000 
0.429286 2.889059 -2.153446 0.437663 -1.722598 0.216793 0.079888 0.019889 1.000000 
0.452351 2.876972 -2.149719 0.494041 -1.721005 0.181413 0.080047 0.019838 1.000000 
0.475316 2.864303 -2.145542 0.550220 -1.719696 0.145922 0.080206 0.019796 1.000000 
0.498178 2.851051 -2.140916 0.606208 -1.718670 0.110343 0.080364 0.019763 1.000000 
0.520931 2.837216 -2.135843 0.662011 -1.717930 0.074696 0.080522 0.019739 1.000000 
0.543572 2.822797 -2.130324 0.717638 -1.717475 0.039004 0.080680 0.019725 1.000000 
0.566095 2.807793 -2.124361 0.773096 -1.717306 0.003290 0.080837 0.019720 1.000000 
0.588495 2.792201 -2.117955 0.828393 -1.717423 -0.032425 0.080995 0.019724 1.000000 
0.610768 2.776021 -2.111107 0.883535 -1.717825 -0.068118 0.081153 0.019737 1.000000 
0.632910 2.759248 -2.103819 0.938530 -1.718513 -0.103768 0.081311 0.019759 1.000000 
0.654915 2.741880 -2.096091 0.993385 -1.719485 -0.139352 0.081469 0.019791 1.000000 
0.676778 2.723912 -2.087925 1.048107 -1.720742 -0.174848 0.081628 0.019832 1.000000 
0.698496 2.705341 -2.079322 1.102701 -1.722282 -0.210234 0.081787 0.019882 1.000000 
0.720062 2.686163 -2.070282 1.157175 -1.724105 -0.245488 0.081946 0.019942 1.000000 
0.741473 2.666371 -2.060807 1.211533 -1.726210 -0.280587 0.082106 0.020011 1.000000 
0.762722 2.645961 -2.050898 1.265782 -1.728594 -0.315510 0.082266 0.020089 1.000000 
0.783806 2.624927 -2.040555 1.319926 -1.731257 -0.350233 0.082427 0.020178 1.000000 
0.804719 2.603263 -2.029779 1.373970 -1.734197 -0.384736 0.082589 0.020276 1.000000 
0.825457 2.580962 -2.018572 1.427918 -1.737413 -0.418995 0.082752 0.020383 1.000000 
0.846013 2.558019 -2.006933 1.481773 -1.740901 -0.452988 0.082915 0.020501 1.000000 
0.866383 2.534425 -1.994864 1.535539 -1.744660 -0.486694 0.083080 0.020629 1.000000 
0.886562 2.510174 -1.982365 1.589218 -1.748687 -0.520089 0.083245 0.020768 1.000000 
0.906544 2.485258 -1.969436 1.642811 -1.752980 -0.553152 0.083412 0.020917 1.000000 
0.926324 2.459669 -1.956080 1.696320 -1.757536 -0.585860 0.083580 0.021077 1.000000 
0.945897 2.433400 -1.942295 1.749745 -1.762353 -0.618191 0.083749 0.021248 1.000000 
0.965257 2.406442 -1.928084 1.803086 -1.767426 -0.650123 0.083920 0.021430 1.000000 
0.984398 2.378788 -1.913446 1.856343 -1.772754 -0.681633 0.084092 0.021623 1.000000 
1.003316 2.350429 -1.898383 1.909514 -1.778331 -0.712699 0.084266 0.021828 1.000000 
1.022003 2.321357 -1.882894 1.962595 -1.784156 -0.743299 0.084441 0.022045 1.000000 
1.040456 2.291563 -1.866982 2.015585 -1.790223 -0.773411 0.084619 0.022274 1.000000 
1.058666 2.261040 -1.850645 2.068479 -1.796529 -0.803012 0.084798 0.022516 1.000000 
1.076630 2.229778 -1.833886 2.121273 -1.803070 -0.832080 0.084979 0.022771 1.000000 
1.094341 2.197770 -1.816705 2.173960 -1.809841 -0.860594 0.085162 0.023039 1.000000 
1.111793 2.165006 -1.799103 2.226534 -1.816838 -0.888531 0.085348 0.023321 1.000000 
1.128979 2.131481 -1.781081 2.278988 -1.824056 -0.915869 0.085535 0.023617 1.000000 
1.145894 2.097184 -1.762640 2.331313 -1.831490 -0.942587 0.085725 0.023927 1.000000 
1.162532 2.062109 -1.743780 2.383500 -1.839135 -0.968662 0.085918 0.024252 1.000000 
1.178886 2.026248 -1.724504 2.435540 -1.846987 -0.994074 0.086114 0.024593 1.000000 
1.194950 1.989594 -1.704812 2.487420 -1.855039 -1.018801 0.086312 0.024949 1.000000 
1.210717 1.952140 -1.684706 2.539129 -1.863286 -1.042821 0.086513 0.025322 1.000000 
1.226182 1.913879 -1.664187 2.590654 -1.871722 -1.066114 0.086717 0.025712 1.000000 
1.241337 1.874806 -1.643256 2.641982 -1.880341 -1.088658 0.086924 0.026119 1.000000 
1.256176 1.834914 -1.621915 2.693096 -1.889138 -1.110432 0.087135 0.026545 1.000000 
1.270693 1.794198 -1.600167 2.743981 -1.898106 -1.131418 0.087349 0.026989 1.000000 
1.284881 1.752653 -1.578012 2.794621 -1.907239 -1.151593 0.087567 0.027452 1.000000 
1.298734 1.710276 -1.555454 2.844997 -1.916529 -1.170938 0.087788 0.027936 1.000000 
1.312244 1.667062 -1.532493 2.895091 -1.925972 -1.189435 0.088014 0.028440 1.000000 
1.325404 1.623008 -1.509133 2.944883 -1.935558 -1.207062 0.088243 0.028966 1.000000 
1.338209 1.578111 -1.485376 2.994353 -1.945282 -1.223802 0.088477 0.029514 1.000000 
1.350652 1.532370 -1.461224 3.043479 -1.955137 -1.239636 0.088716 0.030085 1.000000 
1.362725 1.485784 -1.436681 3.092238 -1.965114 -1.254546 0.088959 0.030680 1.000000 
1.374422 1.438353 -1.411750 3.140607 -1.975207 -1.268514 0.089207 0.031301 1.000000 
1.385737 1.390076 -1.386433 3.188561 -1.985408 -1.281523 0.089460 0.031947 1.000000 
1.396661 1.340955 -1.360734 3.236077 -1.995709 -1.293556 0.089718 0.032620 1.000000 
1.407190 1.290993 -1.334657 3.283127 -2.006102 -1.304597 0.089982 0.033320 1.000000 
1.417315 1.240191 -1.308205 3.329685 -2.016579 -1.314631 0.090251 0.034050 1.000000 
1.427030 1.188554 -1.281383 3.375723 -2.027133 -1.323642 0.090526 0.034809 1.000000 
1.436330 1.136087 -1.254195 3.421213 -2.037755 -1.331616 0.090808 0.035600 1.000000 
1.445206 1.082795 -1.226645 3.466125 -2.048436 -1.338540 0.091096 0.036423 1.000000 
1.453652 1.028686 -1.198739 3.510431 -2.059169 -1.344400 0.091391 0.037279 1.000000 
1.461662 0.973767 -1.170480 3.554099 -2.069944 -1.349184 0.091693 0.038171 1.000000 
1.469230 0.918047 -1.141875 3.597098 -2.080753 -1.352880 0.092002 0.039098 1.000000 
1.476349 0.861536 -1.112928 3.639397 -2.091587 -1.355478 0.092318 0.040062 1.000000 
1.483013 0.804245 -1.083646 3.680963 -2.102437 -1.356967 0.092643 0.041065 1.000000 
1.489215 0.746186 -1.054035 3.721765 -2.113295 -1.357340 0.092975 0.042108 1.000000 
1.494950 0.687372 -1.024100 3.761767 -2.124152 -1.356586 0.093317 0.043192 1.000000 
1.500211 0.627818 -0.993849 3.800938 -2.134998 -1.354699 0.093667 0.044319 1.000000 
1.504993 0.567540 -0.963288 3.839243 -2.145824 -1.351673 0.094026 0.045491 1.000000 
1.509290 0.506554 -0.932423 3.876647 -2.156621 -1.347502 0.094395 0.046708 1.000000 
1.513096 0.444877 -0.901264 3.913117 -2.167381 -1.342182 0.094773 0.047972 1.000000 
1.516406 0.382530 -0.869816 3.948618 -2.178093 -1.335709 0.095162 0.049284 1.000000 
1.519215 0.319533 -0.838088 3.983114 -2.188749 -1.328082 0.095562 0.050646 1.000000 
1.521517 0.255907 -0.806089 4.016572 -2.199340 -1.319298 0.095973 0.052060 1.000000 
1.523308 0.191674 -0.773826 4.048955 -2.209855 -1.309358 0.096395 0.053526 1.000000 
1.524582 0.126859 -0.741309 4.080230 -2.220286 -1.298263 0.096829 0.055045 1.000000 
1.525336 0.061486 -0.708546 4.110361 -2.230624 -1.286014 0.097276 0.056620 1.000000 
1.525564 -0.004417 -0.675546 4.139315 -2.240859 -1.272617 0.097735 0.058250 1.000000 
1.525264 -0.070824 -0.642320 4.167056 -2.250983 -1.258074 0.098208 0.059937 1.000000 
1.524430 -0.137706 -0.608876 4.193552 -2.260986 -1.242392 0.098695 0.061681 1.000000 
1.523059 -0.205034 -0.575226 4.218767 -2.270858 -1.225577 0.099195 0.063484 1.000000 
1.521148 -0.272776 -0.541380 4.242670 -2.280592 -1.207639 0.099710 0.065345 1.000000 
1.518694 -0.340902 -0.507347 4.265228 -2.290177 -1.188586 0.100241 0.067265 1.000000 
1.515693 -0.409377 -0.473140 4.286408 -2.299606 -1.168429 0.100787 0.069242 1.000000 
1.512143 -0.478167 -0.438768 4.306180 -2.308869 -1.147181 0.101349 0.071278 1.000000 
1.508041 -0.547239 -0.404245 4.324513 -2.317958 -1.124855 0.101927 0.073371 1.000000 
1.503386 -0.616556 -0.369580 4.341376 -2.326864 -1.101466 0.102523 0.075520 1.000000 
1.498176 -0.686081 -0.334787 4.356742 -2.335579 -1.077028 0.103136 0.077722 1.000000 
1.492409 -0.755777 -0.299876 4.370581 -2.344094 -1.051561 0.103767 0.079976 1.000000 
1.486083 -0.825604 -0.264861 4.382868 -2.352401 -1.025082 0.104416 0.082280 1.000000 
1.479199 -0.895524 -0.229755 4.393576 -2.360493 -0.997611 0.105083 0.084629 1.000000 
1.471755 -0.965497 -0.194569 4.402680 -2.368360 -0.969170 0.105770 0.087020 1.000000 
1.463751 -1.035481 -0.159316 4.410158 -2.375997 -0.939780 0.106476 0.089448 1.000000 
1.455187 -1.105435 -0.124010 4.415985 -2.383394 -0.909465 0.107201 0.091907 1.000000 
1.446064 -1.175316 -0.088665 4.420142 -2.390546 -0.878251 0.107946 0.094393 1.000000 
1.436382 -1.245084 -0.053293 4.422609 -2.397444 -0.846163 0.108711 0.096896 1.000000 
1.426143 -1.314693 -0.017908 4.423367 -2.404082 -0.813229 0.109497 0.099411 1.000000 
1.415348 -1.384102 0.017477 4.422399 -2.410454 -0.779476 0.110302 0.101928 1.000000 
1.403998 -1.453265 0.052846 4.419692 -2.416552 -0.744936 0.111127 0.104438 1.000000 
1.392096 -1.522139 0.088187 4.415230 -2.422370 -0.709638 0.111973 0.106931 1.000000 
1.379645 -1.590679 0.123485 4.409002 -2.427904 -0.673614 0.112838 0.109396 1.000000 
1.366646 -1.658842 0.158726 4.400997 -2.433146 -0.636898 0.113723 0.111822 1.000000 
1.353104 -1.726581 0.193896 4.391208 -2.438093 -0.599523 0.114627 0.114196 1.000000 
1.339022 -1.793853 0.228981 4.379626 -2.442737 -0.561524 0.115550 0.116506 1.000000 
1.324404 -1.860613 0.263966 4.366247 -2.447075 -0.522938 0.116491 0.118737 1.000000 
1.309254 -1.926816 0.298836 4.351068 -2.451103 -0.483800 0.117450 0.120878 1.000000 
1.293577 -1.992418 0.333578 4.334087 -2.454815 -0.444149 0.118425 0.122914 1.000000 
1.277377 -2.057376 0.368177 4.315304 -2.458208 -0.404023 0.119416 0.124832 1.000000 
1.260661 -2.121644 0.402618 4.294722 -2.461278 -0.363461 0.120422 0.126618 1.000000 
1.243433 -2.185181 0.436887 4.272345 -2.464022 -0.322503 0.121442 0.128260 1.000000 
1.225700 -2.247943 0.470971 4.248179 -2.466437 -0.281190 0.122474 0.129744 1.000000 
1.207468 -2.309888 0.504853 4.222231 -2.468520 -0.239564 0.123517 0.131060 1.000000 
1.188744 -2.370974 0.538522 4.194513 -2.470269 -0.197665 0.124570 0.132196 1.000000 
1.169535 -2.431160 0.571961 4.165035 -2.471682 -0.155536 0.125632 0.133144 1.000000 
1.149848 -2.490406 0.605158 4.133812 -2.472757 -0.113220 0.126700 0.133896 1.000000 
1.129691 -2.548673 0.638097 4.100858 -2.473493 -0.070761 0.127773 0.134444 1.000000 
1.109072 -2.605923 0.670767 4.066192 -2.473889 -0.028200 0.128850 0.134785 1.000000 
1.087999 -2.662117 0.703152 4.029833 -2.473945 0.014417 0.129929 0.134914 1.000000 
1.066481 -2.717219 0.735240 3.991802 -2.473659 0.057048 0.131009 0.134832 1.000000 
1.044526 -2.771195 0.767016 3.952123 -2.473032 0.099648 0.132086 0.134537 1.000000 
1.022145 -2.824009 0.798469 3.910819 -2.472064 0.142174 0.133161 0.134034 1.000000 
0.999345 -2.875628 0.829585 3.867918 -2.470757 0.184581 0.134230 0.133325 1.000000 
0.976138 -2.926022 0.860352 3.823448 -2.469112 0.226826 0.135293 0.132418 1.000000 
0.952532 -2.975160 0.890756 3.777439 -2.467129 0.268864 0.136348 0.131318 1.000000 
0.928539 -3.023011 0.920787 3.729922 -2.464810 0.310654 0.137394 0.130036 1.000000 
0.904168 -3.069550 0.950431 3.680931 -2.462159 0.352151 0.138428 0.128581 1.000000 
0.879430 -3.114750 0.979678 3.630500 -2.459177 0.393312 0.139451 0.126965 1.000000 
0.854335 -3.158586 1.008515 3.578665 -2.455867 0.434097 0.140459 0.125200 1.000000 
0.828896 -3.201036 1.036933 3.525464 -2.452233 0.474462 0.141454 0.123299 1.000000 
0.803123 -3.242077 1.064919 3.470936 -2.448277 0.514367 0.142432 0.121274 1.000000 
0.777026 -3.281690 1.092464 3.415120 -2.444004 0.553771 0.143394 0.119141 1.000000 
0.750619 -3.319856 1.119558 3.358059 -2.439418 0.592634 0.144338 0.116911 1.000000 
0.723913 -3.356560 1.146190 3.299793 -2.434523 0.630917 0.145264 0.114600 1.000000 
0.696918 -3.391786 1.172351 3.240367 -2.429325 0.668583 0.146171 0.112220 1.000000 
0.669648 -3.425521 1.198033 3.179825 -2.423828 0.705593 0.147059 0.109785 1.000000 
0.642114 -3.457753 1.223226 3.118211 -2.418037 0.741912 0.147928 0.107306 1.000000 
0.614328 -3.488473 1.247922 3.055572 -2.411959 0.777504 0.148776 0.104797 1.000000 
0.586302 -3.517673 1.272112 2.991954 -2.405599 0.812334 0.149604 0.102267 1.000000 
0.558049 -3.545345 1.295790 2.927404 -2.398964 0.846370 0.150412 0.099728 1.000000 
0.529581 -3.571486 1.318948 2.861971 -2.392060 0.879580 0.151200 0.097189 1.000000 
0.500910 -3.596092 1.341580 2.795701 -2.384893 0.911931 0.151968 0.094660 1.000000 
0.472048 -3.619162 1.363678 2.728643 -2.377471 0.943396 0.152715 0.092147 1.000000 
0.443007 -3.640696 1.385236 2.660847 -2.369801 0.973944 0.153442 0.089659 1.000000 
0.413801 -3.660695 1.406249 2.592360 -2.361890 1.003550 0.154149 0.087202 1.000000 
0.384440 -3.679164 1.426712 2.523231 -2.353747 1.032187 0.154837 0.084781 1.000000 
0.354938 -3.696107 1.446619 2.453510 -2.345378 1.059830 0.155506 0.082401 1.000000 
0.325306 -3.711530 1.465967 2.383245 -2.336792 1.086457 0.156156 0.080068 1.000000 
0.295558 -3.725442 1.484750 2.312485 -2.327998 1.112045 0.156787 0.077783 1.000000 
0.265703 -3.737852 1.502965 2.241277 -2.319002 1.136574 0.157400 0.075551 1.000000 
0.235756 -3.748771 1.520609 2.169671 -2.309815 1.160026 0.157996 0.073373 1.000000 
0.205727 -3.758210 1.537679 2.097713 -2.300445 1.182381 0.158575 0.071251 1.000000 
0.175628 -3.766184 1.554172 2.025450 -2.290900 1.203625 0.159136 0.069188 1.000000 
0.145472 -3.772706 1.570086 1.952929 -2.281190 1.223742 0.159682 0.067183 1.000000 
0.115269 -3.777792 1.585418 1.880196 -2.271323 1.242719 0.160211 0.065237 1.000000 
0.085031 -3.781461 1.600168 1.807296 -2.261309 1.260543 0.160726 0.063351 1.000000 
0.054769 -3.783728 1.614335 1.734273 -2.251158 1.277205 0.161225 0.061524 1.000000 
0.024495 -3.784614 1.627916 1.661171 -2.240877 1.292694 0.161710 0.059757 1.000000 
-0.005781 -3.784139 1.640913 1.588033 -2.230478 1.307003 0.162181 0.058048 1.000000 
-0.036048 -3.782323 1.653325 1.514900 -2.219968 1.320126 0.162639 0.056397 1.000000 
-0.066294 -3.779188 1.665152 1.441813 -2.209359 1.332056 0.163084 0.054803 1.000000 
0.000000 0.000000 0.000000 0.000000 0.000000 0.000000 0.000000 0.000000 0.000000 
