-1.280411 -0.812404 0.090288 0.799900 -1.732005 0.658229 0.064476 -0.014995 1.000000 
-1.286743 -0.770586 0.096677 0.797507 -1.726836 0.633931 0.064357 -0.014728 1.000000 
-1.292741 -0.728916 0.103047 0.794928 -1.721864 0.609019 0.064240 -0.014479 1.000000 
-1.298406 -0.687394 0.109396 0.792166 -1.717093 0.583522 0.064125 -0.014247 1.000000 
-1.303740 -0.646019 0.115721 0.789224 -1.712529 0.557465 0.064012 -0.014030 1.000000 
-1.308743 -0.604791 0.122023 0.786105 -1.708175 0.530877 0.063900 -0.013830 1.000000 
-1.313417 -0.563706 0.128299 0.782812 -1.704036 0.503783 0.063791 -0.013644 1.000000 
-1.317762 -0.522762 0.134547 0.779347 -1.700116 0.476213 0.063682 -0.013472 1.000000 
-1.321781 -0.481956 0.140768 0.775711 -1.696418 0.448194 0.063575 -0.013313 1.000000 
-1.325474 -0.441284 0.146958 0.771908 -1.692946 0.419753 0.063469 -0.013168 1.000000 
-1.328842 -0.400741 0.153118 0.767938 -1.689703 0.390918 0.063364 -0.013035 1.000000 
-1.331886 -0.360321 0.159245 0.763804 -1.686692 0.361719 0.063261 -0.012914 1.000000 
-1.334608 -0.320019 0.165338 0.759506 -1.683916 0.332182 0.063158 -0.012805 1.000000 
-1.337007 -0.279828 0.171397 0.755046 -1.681378 0.302336 0.063056 -0.012707 1.000000 
-1.339085 -0.239743 0.177419 0.750424 -1.679080 0.272211 0.062954 -0.012620 1.000000 
-1.340843 -0.199755 0.183403 0.745641 -1.677023 0.241833 0.062854 -0.012545 1.000000 
-1.342281 -0.159858 0.189348 0.740698 -1.675211 0.211232 0.062754 -0.012480 1.000000 
-1.343401 -0.120044 0.195254 0.735594 -1.673644 0.180436 0.062654 -0.012425 1.000000 
-1.344202 -0.080304 0.201117 0.730330 -1.672324 0.149474 0.062555 -0.012381 1.000000 
-1.344686 -0.040632 0.206938 0.724905 -1.671253 0.118375 0.062456 -0.012347 1.000000 
-1.344853 -0.001017 0.212715 0.719319 -1.670431 0.087167 0.062357 -0.012323 1.000000 
-1.344702 0.038548 0.218447 0.713571 -1.669858 0.055879 0.062259 -0.012309 1.000000 
-1.344236 0.078072 0.224132 0.707660 -1.669537 0.024540 0.062160 -0.012305 1.000000 
-1.343453 0.117564 0.229769 0.701585 -1.669466 -0.006822 0.062062 -0.012311 1.000000 
-1.342355 0.157032 0.235357 0.695345 -1.669646 -0.038178 0.061963 -0.012326 1.000000 
-1.340941 0.196484 0.240894 0.688938 -1.670077 -0.069499 0.061864 -0.012352 1.000000 
-1.339211 0.235930 0.246380 0.682363 -1.670758 -0.100756 0.061766 -0.012388 1.000000 
-1.337166 0.275378 0.251812 0.675618 -1.671689 -0.131921 0.061666 -0.012434 1.000000 
-1.334805 0.314836 0.257189 0.668701 -1.672868 -0.162965 0.061567 -0.012490 1.000000 
-1.332129 0.354312 0.262510 0.661610 -1.674296 -0.193860 0.061466 -0.012557 1.000000 
-1.329136 0.393814 0.267774 0.654343 -1.675969 -0.224576 0.061366 -0.012634 1.000000 
-1.325827 0.433349 0.272979 0.646896 -1.677888 -0.255085 0.061264 -0.012722 1.000000 
-1.322202 0.472925 0.278124 0.639269 -1.680050 -0.285359 0.061162 -0.012822 1.000000 
-1.318261 0.512548 0.283207 0.631457 -1.682453 -0.315370 0.061059 -0.012932 1.000000 
-1.314001 0.552224 0.288227 0.623459 -1.685095 -0.345088 0.060955 -0.013055 1.000000 
-1.309425 0.591960 0.293182 0.615271 -1.687974 -0.374486 0.060850 -0.013189 1.000000 
-1.304530 0.631760 0.298071 0.606890 -1.691086 -0.403536 0.060744 -0.013336 1.000000 
-1.299316 0.671631 0.302892 0.598315 -1.694429 -0.432209 0.060637 -0.013496 1.000000 
-1.293784 0.711575 0.307643 0.589541 -1.698000 -0.460477 0.060528 -0.013669 1.000000 
-1.287931 0.751596 0.312324 0.580565 -1.701796 -0.488313 0.060418 -0.013857 1.000000 
-1.281758 0.791698 0.316932 0.571386 -1.705812 -0.515689 0.060306 -0.014058 1.000000 
-1.275264 0.831883 0.321466 0.561998 -1.710046 -0.542578 0.060193 -0.014275 1.000000 
-1.268448 0.872153 0.325923 0.552400 -1.714492 -0.568952 0.060078 -0.014508 1.000000 
-1.261309 0.912508 0.330303 0.542588 -1.719147 -0.594783 0.059961 -0.014758 1.000000 
-1.253847 0.952948 0.334604 0.532560 -1.724007 -0.620046 0.059842 -0.015025 1.000000 
-1.246062 0.993473 0.338824 0.522312 -1.729067 -0.644714 0.059720 -0.015311 1.000000 
-1.237951 1.034081 0.342961 0.511842 -1.734321 -0.668759 0.059597 -0.015616 1.000000 
-1.229516 1.074769 0.347013 0.501146 -1.739765 -0.692156 0.059470 -0.015942 1.000000 
-1.220755 1.115535 0.350978 0.490222 -1.745394 -0.714880 0.059342 -0.016289 1.000000 
-1.211667 1.156374 0.354856 0.479067 -1.751201 -0.736905 0.059210 -0.016660 1.000000 
-1.202253 1.197281 0.358643 0.467679 -1.757182 -0.758205 0.059075 -0.017054 1.000000 
-1.192511 1.238250 0.362338 0.456056 -1.763330 -0.778756 0.058937 -0.017475 1.000000 
-1.182441 1.279274 0.365939 0.444195 -1.769640 -0.798534 0.058795 -0.017924 1.000000 
-1.172042 1.320344 0.369444 0.432094 -1.776105 -0.817515 0.058650 -0.018402 1.000000 
-1.161315 1.361452 0.372852 0.419752 -1.782718 -0.835676 0.058501 -0.018911 1.000000 
-1.150259 1.402588 0.376160 0.407167 -1.789473 -0.852993 0.058347 -0.019454 1.000000 
-1.138874 1.443741 0.379366 0.394338 -1.796364 -0.869445 0.058189 -0.020034 1.000000 
-1.127159 1.484898 0.382468 0.381263 -1.803382 -0.885011 0.058027 -0.020652 1.000000 
-1.115115 1.526046 0.385465 0.367942 -1.810521 -0.899668 0.057859 -0.021311 1.000000 
-1.102742 1.567172 0.388355 0.354374 -1.817774 -0.913397 0.057686 -0.022015 1.000000 
-1.090041 1.608259 0.391135 0.340558 -1.825133 -0.926178 0.057506 -0.022767 1.000000 
-1.077010 1.649293 0.393803 0.326496 -1.832591 -0.937993 0.057321 -0.023571 1.000000 
-1.063652 1.690255 0.396358 0.312186 -1.840139 -0.948823 0.057129 -0.024431 1.000000 
-1.049966 1.731128 0.398797 0.297630 -1.847769 -0.958651 0.056930 -0.025352 1.000000 
-1.035954 1.771892 0.401119 0.282829 -1.855474 -0.967461 0.056723 -0.026339 1.000000 
-1.021617 1.812527 0.403322 0.267784 -1.863246 -0.975237 0.056508 -0.027397 1.000000 
-1.006954 1.853012 0.405403 0.252497 -1.871075 -0.981965 0.056285 -0.028532 1.000000 
-0.991969 1.893326 0.407361 0.236969 -1.878954 -0.987632 0.056052 -0.029752 1.000000 
-0.976662 1.933444 0.409194 0.221204 -1.886875 -0.992224 0.055808 -0.031064 1.000000 
-0.961034 1.973344 0.410900 0.205205 -1.894827 -0.995731 0.055554 -0.032477 1.000000 
-0.945089 2.013000 0.412477 0.188973 -1.902803 -0.998143 0.055289 -0.033999 1.000000 
-0.928827 2.052387 0.413923 0.172514 -1.910794 -0.999451 0.055010 -0.035642 1.000000 
-0.912251 2.091479 0.415236 0.155832 -1.918792 -0.999646 0.054718 -0.037417 1.000000 
-0.895364 2.130248 0.416416 0.138930 -1.926786 -0.998722 0.054411 -0.039338 1.000000 
-0.878168 2.168668 0.417459 0.121814 -1.934768 -0.996674 0.054088 -0.041419 1.000000 
-0.860666 2.206709 0.418364 0.104489 -1.942730 -0.993498 0.053748 -0.043676 1.000000 
-0.842862 2.244343 0.419130 0.086962 -1.950661 -0.989192 0.053389 -0.046129 1.000000 
-0.824758 2.281540 0.419755 0.069238 -1.958554 -0.983754 0.053009 -0.048797 1.000000 
-0.806359 2.318270 0.420237 0.051324 -1.966398 -0.977185 0.052607 -0.051706 1.000000 
-0.787667 2.354503 0.420576 0.033228 -1.974186 -0.969486 0.052181 -0.054881 1.000000 
-0.768688 2.390207 0.420769 0.014957 -1.981907 -0.960660 0.051728 -0.058353 1.000000 
-0.749425 2.425352 0.420815 -0.003481 -1.989553 -0.950713 0.051247 -0.062156 1.000000 
-0.729884 2.459906 0.420712 -0.022077 -1.997115 -0.939651 0.050733 -0.066330 1.000000 
-0.710069 2.493838 0.420461 -0.040823 -2.004585 -0.927482 0.050184 -0.070918 1.000000 
-0.689984 2.527116 0.420059 -0.059709 -2.011952 -0.914215 0.049597 -0.075972 1.000000 
-0.669636 2.559708 0.419505 -0.078725 -2.019209 -0.899861 0.048967 -0.081550 1.000000 
-0.649031 2.591582 0.418799 -0.097861 -2.026347 -0.884433 0.048291 -0.087718 1.000000 
-0.628173 2.622707 0.417939 -0.117106 -2.033357 -0.867946 0.047562 -0.094553 1.000000 
-0.607070 2.653051 0.416925 -0.136451 -2.040231 -0.850416 0.046776 -0.102142 1.000000 
-0.585727 2.682584 0.415756 -0.155882 -2.046961 -0.831860 0.045926 -0.110586 1.000000 
-0.564151 2.711273 0.414431 -0.175390 -2.053538 -0.812298 0.045004 -0.120000 1.000000 
-0.542348 2.739089 0.412949 -0.194960 -2.059955 -0.791752 0.044003 -0.130519 1.000000 
-0.520327 2.766002 0.411311 -0.214582 -2.066204 -0.770243 0.042912 -0.142296 1.000000 
-0.498095 2.791983 0.409516 -0.234243 -2.072277 -0.747797 0.041722 -0.155508 1.000000 
-0.475658 2.817001 0.407563 -0.253930 -2.078166 -0.724440 0.040420 -0.170358 1.000000 
-0.453026 2.841031 0.405453 -0.273629 -2.083865 -0.700199 0.038991 -0.187079 1.000000 
-0.430205 2.864043 0.403185 -0.293328 -2.089367 -0.675105 0.037421 -0.205938 1.000000 
-0.407204 2.886013 0.400760 -0.313011 -2.094665 -0.649189 0.035690 -0.227239 1.000000 
-0.384031 2.906914 0.398177 -0.332667 -2.099752 -0.622483 0.033778 -0.251325 1.000000 
-0.360696 2.926723 0.395437 -0.352281 -2.104623 -0.595023 0.031660 -0.278579 1.000000 
-0.337207 2.945417 0.392541 -0.371838 -2.109271 -0.566845 0.029311 -0.309426 1.000000 
-0.313572 2.962973 0.389488 -0.391324 -2.113690 -0.537986 0.026699 -0.344323 1.000000 
-0.289802 2.979371 0.386280 -0.410725 -2.117877 -0.508488 0.023789 -0.383754 1.000000 
-0.265905 2.994593 0.382917 -0.430027 -2.121824 -0.478390 0.020545 -0.428205 1.000000 
-0.241892 3.008620 0.379400 -0.449214 -2.125529 -0.447737 0.016924 -0.478134 1.000000 
-0.217771 3.021437 0.375730 -0.468274 -2.128987 -0.416572 0.012879 -0.533923 1.000000 
-0.193552 3.033029 0.371908 -0.487190 -2.132193 -0.384942 0.008365 -0.595803 1.000000 
-0.169246 3.043385 0.367935 -0.505949 -2.135145 -0.352894 0.003330 -0.663761 1.000000 
-0.144849 3.054997 0.363780 -0.533002 -2.137650 -0.273449 0.003473 0.735283 -1.000000 
-0.120385 3.060942 0.359439 -0.552246 -2.139707 -0.240579 0.009647 0.808535 -1.000000 
-0.095878 3.065616 0.354944 -0.571316 -2.141499 -0.207285 0.016415 0.883675 -1.000000 
-0.071338 3.069006 0.350298 -0.590197 -2.143022 -0.173597 0.023784 0.958316 -1.000000 
-0.046777 3.071098 0.345502 -0.608878 -2.144275 -0.139544 0.031739 1.029385 -1.000000 
-0.022204 3.071878 0.340557 -0.627344 -2.145254 -0.105160 0.040235 1.093266 -1.000000 
0.002369 3.071335 0.335465 -0.645582 -2.145957 -0.070479 0.049201 1.146100 -1.000000 
0.026934 3.069457 0.330228 -0.663578 -2.146381 -0.035537 0.058534 1.184225 -1.000000 
0.051477 3.066235 0.324848 -0.681316 -2.146525 -0.000376 0.068102 1.204704 -1.000000 
0.075990 3.061659 0.319328 -0.698783 -2.146387 0.034960 0.077757 1.205819 -1.000000 
0.100460 3.055723 0.313669 -0.715962 -2.145965 0.070422 0.087343 1.187384 -1.000000 
0.124878 3.048423 0.307873 -0.732839 -2.145260 0.105960 0.096707 1.150788 -1.000000 
0.149231 3.039756 0.301944 -0.749397 -2.144270 0.141519 0.105714 1.098754 -1.000000 
0.173510 3.029723 0.295884 -0.765622 -2.142996 0.177040 0.114255 1.034879 -1.000000 
0.197703 3.018326 0.289695 -0.781498 -2.141437 0.212466 0.122251 0.963096 -1.000000 
0.221800 3.005570 0.283381 -0.797011 -2.139597 0.247737 0.129654 0.887184 -1.000000 
0.245789 2.991464 0.276944 -0.812147 -2.137474 0.282794 0.136444 0.810418 -1.000000 
0.269660 2.976018 0.270387 -0.826894 -2.135073 0.317575 0.142625 0.735385 -1.000000 
0.293401 2.959246 0.263715 -0.841238 -2.132394 0.352024 0.148220 0.663946 -1.000000 
0.317004 2.941162 0.256929 -0.855169 -2.129441 0.386082 0.153261 0.597296 -1.000000 
0.340457 2.921784 0.250033 -0.868676 -2.126218 0.419693 0.157791 0.536077 -1.000000 
0.363749 2.901133 0.243031 -0.881748 -2.122727 0.452803 0.161853 0.480514 -1.000000 
0.386871 2.879229 0.235926 -0.894379 -2.118974 0.485358 0.165494 0.430534 -1.000000 
0.409814 2.856098 0.228722 -0.906559 -2.114963 0.517308 0.168756 0.385870 -1.000000 
0.432566 2.831763 0.221422 -0.918281 -2.110699 0.548602 0.171681 0.346141 -1.000000 
0.455119 2.806253 0.214031 -0.929540 -2.106188 0.579195 0.174306 0.310915 -1.000000 
0.477463 2.779596 0.206551 -0.940330 -2.101434 0.609040 0.176666 0.279739 -1.000000 
0.499589 2.751823 0.198987 -0.950646 -2.096445 0.638094 0.178792 0.252176 -1.000000 
0.521489 2.722964 0.191342 -0.960484 -2.091227 0.666316 0.180710 0.227811 -1.000000 
0.543154 2.693052 0.183620 -0.969843 -2.085786 0.693666 0.182444 0.206265 -1.000000 
0.564575 2.662121 0.175826 -0.978719 -2.080131 0.720106 0.184017 0.187195 -1.000000 
0.585745 2.630205 0.167962 -0.987111 -2.074267 0.745602 0.185445 0.170297 -1.000000 
0.606656 2.597340 0.160033 -0.995018 -2.068204 0.770120 0.186746 0.155300 -1.000000 
0.627300 2.563563 0.152043 -1.002440 -2.061948 0.793629 0.187935 0.141969 -1.000000 
0.647671 2.528909 0.143996 -1.009379 -2.055508 0.816099 0.189022 0.130097 -1.000000 
0.667760 2.493416 0.135894 -1.015835 -2.048893 0.837502 0.190019 0.119503 -1.000000 
0.687563 2.457122 0.127744 -1.021810 -2.042111 0.857815 0.190937 0.110031 -1.000000 
0.707072 2.420065 0.119547 -1.027307 -2.035171 0.877014 0.191783 0.101544 -1.000000 
0.726282 2.382283 0.111308 -1.032329 -2.028082 0.895077 0.192564 0.093926 -1.000000 
0.745187 2.343815 0.103031 -1.036880 -2.020853 0.911985 0.193287 0.087071 -1.000000 
0.763781 2.304698 0.094719 -1.040965 -2.013493 0.927721 0.193959 0.080892 -1.000000 
0.782061 2.264972 0.086377 -1.044587 -2.006013 0.942270 0.194583 0.075311 -1.000000 
0.800020 2.224675 0.078007 -1.047753 -1.998420 0.955619 0.195165 0.070259 -1.000000 
0.817654 2.183844 0.069614 -1.050468 -1.990726 0.967757 0.195709 0.065677 -1.000000 
0.834960 2.142517 0.061201 -1.052738 -1.982939 0.978674 0.196217 0.061514 -1.000000 
0.851933 2.100731 0.052771 -1.054570 -1.975070 0.988362 0.196694 0.057724 -1.000000 
0.868570 2.058524 0.044329 -1.055971 -1.967129 0.996817 0.197142 0.054267 -1.000000 
0.884868 2.015930 0.035877 -1.056948 -1.959125 1.004034 0.197563 0.051110 -1.000000 
0.900824 1.972985 0.027419 -1.057508 -1.951068 1.010011 0.197960 0.048220 -1.000000 
0.916435 1.929724 0.018958 -1.057661 -1.942968 1.014749 0.198335 0.045571 -1.000000 
0.931699 1.886181 0.010497 -1.057413 -1.934835 1.018248 0.198690 0.043139 -1.000000 
0.946613 1.842390 0.002040 -1.056773 -1.926679 1.020511 0.199026 0.040902 -1.000000 
0.961177 1.798381 -0.006410 -1.055750 -1.918510 1.021545 0.199345 0.038843 -1.000000 
0.975387 1.754187 -0.014851 -1.054352 -1.910338 1.021354 0.199648 0.036944 -1.000000 
0.989243 1.709837 -0.023279 -1.052588 -1.902172 1.019947 0.199936 0.035190 -1.000000 
1.002744 1.665361 -0.031691 -1.050467 -1.894022 1.017333 0.200211 0.033568 -1.000000 
1.015889 1.620787 -0.040085 -1.047998 -1.885898 1.013522 0.200474 0.032066 -1.000000 
1.028677 1.576142 -0.048458 -1.045190 -1.877809 1.008528 0.200725 0.030674 -1.000000 
1.041107 1.531451 -0.056808 -1.042051 -1.869764 1.002362 0.200965 0.029383 -1.000000 
1.053180 1.486738 -0.065130 -1.038592 -1.861774 0.995041 0.201195 0.028183 -1.000000 
1.064895 1.442029 -0.073424 -1.034820 -1.853847 0.986579 0.201416 0.027067 -1.000000 
1.076252 1.397344 -0.081687 -1.030745 -1.845992 0.976994 0.201628 0.026029 -1.000000 
1.087252 1.352704 -0.089915 -1.026376 -1.838218 0.966304 0.201832 0.025061 -1.000000 
1.097896 1.308129 -0.098108 -1.021720 -1.830534 0.954528 0.202029 0.024159 -1.000000 
1.108183 1.263637 -0.106262 -1.016788 -1.822948 0.941686 0.202219 0.023317 -1.000000 
1.118114 1.219246 -0.114376 -1.011585 -1.815469 0.927799 0.202403 0.022531 -1.000000 
1.127691 1.174971 -0.122447 -1.006122 -1.808106 0.912890 0.202580 0.021797 -1.000000 
1.136914 1.130827 -0.130473 -1.000406 -1.800866 0.896981 0.202751 0.021110 -1.000000 
1.145785 1.086826 -0.138453 -0.994445 -1.793757 0.880095 0.202918 0.020468 -1.000000 
1.154304 1.042981 -0.146384 -0.988246 -1.786787 0.862257 0.203079 0.019867 -1.000000 
1.162473 0.999303 -0.154264 -0.981815 -1.779963 0.843492 0.203236 0.019305 -1.000000 
1.170293 0.955801 -0.162092 -0.975162 -1.773293 0.823826 0.203388 0.018778 -1.000000 
1.177766 0.912483 -0.169866 -0.968291 -1.766784 0.803284 0.203536 0.018285 -1.000000 
1.184893 0.869356 -0.177584 -0.961209 -1.760443 0.781895 0.203681 0.017823 -1.000000 
1.191676 0.826426 -0.185245 -0.953922 -1.754276 0.759684 0.203821 0.017390 -1.000000 
1.198117 0.783699 -0.192846 -0.946437 -1.748290 0.736679 0.203959 0.016986 -1.000000 
1.204216 0.741177 -0.200387 -0.938757 -1.742491 0.712910 0.204093 0.016607 -1.000000 
1.209976 0.698863 -0.207866 -0.930889 -1.736886 0.688404 0.204225 0.016252 -1.000000 
1.215398 0.656759 -0.215281 -0.922836 -1.731479 0.663191 0.204353 0.015920 -1.000000 
1.220485 0.614865 -0.222631 -0.914604 -1.726276 0.637300 0.204480 0.015610 -1.000000 
1.225237 0.573181 -0.229914 -0.906196 -1.721284 0.610760 0.204603 0.015321 -1.000000 
1.229656 0.531705 -0.237130 -0.897615 -1.716506 0.583602 0.204725 0.015051 -1.000000 
1.233745 0.490434 -0.244276 -0.888865 -1.711948 0.555856 0.204844 0.014800 -1.000000 
1.237504 0.449366 -0.251351 -0.879948 -1.707614 0.527551 0.204962 0.014567 -1.000000 
1.240935 0.408496 -0.258354 -0.870868 -1.703508 0.498719 0.205077 0.014350 -1.000000 
1.244040 0.367820 -0.265284 -0.861625 -1.699636 0.469390 0.205191 0.014149 -1.000000 
1.246821 0.327332 -0.272140 -0.852222 -1.695999 0.439596 0.205304 0.013964 -1.000000 
1.249278 0.287026 -0.278920 -0.842660 -1.692603 0.409367 0.205415 0.013794 -1.000000 
1.251413 0.246894 -0.285622 -0.832940 -1.689450 0.378735 0.205524 0.013638 -1.000000 
1.253229 0.206930 -0.292246 -0.823062 -1.686544 0.347731 0.205633 0.013496 -1.000000 
1.254725 0.167125 -0.298791 -0.813027 -1.683888 0.316386 0.205740 0.013367 -1.000000 
1.255903 0.127472 -0.305254 -0.802835 -1.681483 0.284732 0.205847 0.013251 -1.000000 
1.256765 0.087960 -0.311636 -0.792484 -1.679333 0.252801 0.205952 0.013147 -1.000000 
1.257311 0.048581 -0.317934 -0.781974 -1.677439 0.220623 0.206057 0.013056 -1.000000 
1.257542 0.009324 -0.324147 -0.771305 -1.675803 0.188232 0.206161 0.012977 -1.000000 
1.257460 -0.029819 -0.330274 -0.760474 -1.674428 0.155658 0.206265 0.012909 -1.000000 
1.257065 -0.068859 -0.336314 -0.749479 -1.673313 0.122933 0.206368 0.012853 -1.000000 
1.256359 -0.107807 -0.342265 -0.738319 -1.672461 0.090089 0.206471 0.012808 -1.000000 
1.255341 -0.146673 -0.348127 -0.726991 -1.671872 0.057159 0.206573 0.012774 -1.000000 
1.254012 -0.185468 -0.353897 -0.715493 -1.671547 0.024173 0.206675 0.012752 -1.000000 
1.252373 -0.224202 -0.359574 -0.703821 -1.671485 -0.008836 0.206777 0.012740 -1.000000 
1.250425 -0.262886 -0.365157 -0.691973 -1.671688 -0.041836 0.206879 0.012740 -1.000000 
1.248167 -0.301530 -0.370645 -0.679945 -1.672155 -0.074796 0.206981 0.012750 -1.000000 
1.245601 -0.340145 -0.376036 -0.667734 -1.672885 -0.107683 0.207083 0.012772 -1.000000 
1.242725 -0.378740 -0.381328 -0.655335 -1.673877 -0.140466 0.207185 0.012805 -1.000000 
1.239541 -0.417326 -0.386521 -0.642745 -1.675132 -0.173112 0.207288 0.012848 -1.000000 
1.236048 -0.455913 -0.391612 -0.629960 -1.676647 -0.205591 0.207391 0.012904 -1.000000 
1.232246 -0.494509 -0.396600 -0.616975 -1.678421 -0.237870 0.207494 0.012970 -1.000000 
1.228136 -0.533124 -0.401483 -0.603786 -1.680452 -0.269917 0.207598 0.013049 -1.000000 
1.223716 -0.571766 -0.406260 -0.590388 -1.682738 -0.301700 0.207703 0.013139 -1.000000 
1.218987 -0.610443 -0.410928 -0.576778 -1.685278 -0.333189 0.207809 0.013242 -1.000000 
1.213949 -0.649162 -0.415487 -0.562949 -1.688069 -0.364351 0.207915 0.013357 -1.000000 
1.208601 -0.687931 -0.419935 -0.548899 -1.691107 -0.395154 0.208022 0.013485 -1.000000 
1.202942 -0.726756 -0.424269 -0.534622 -1.694390 -0.425567 0.208131 0.013627 -1.000000 
1.196972 -0.765641 -0.428488 -0.520113 -1.697915 -0.455559 0.208240 0.013783 -1.000000 
1.190691 -0.804593 -0.432590 -0.505367 -1.701678 -0.485098 0.208351 0.013952 -1.000000 
1.184099 -0.843615 -0.436574 -0.490381 -1.705675 -0.514154 0.208464 0.014137 -1.000000 
1.177193 -0.882711 -0.440436 -0.475150 -1.709903 -0.542695 0.208578 0.014338 -1.000000 
1.169975 -0.921882 -0.444175 -0.459669 -1.714357 -0.570689 0.208693 0.014554 -1.000000 
1.162443 -0.961131 -0.447790 -0.443934 -1.719032 -0.598108 0.208810 0.014788 -1.000000 
1.154597 -1.000458 -0.451278 -0.427941 -1.723925 -0.624919 0.208930 0.015040 -1.000000 
1.146436 -1.039864 -0.454636 -0.411686 -1.729029 -0.651094 0.209051 0.015310 -1.000000 
1.137959 -1.079345 -0.457864 -0.395166 -1.734341 -0.676601 0.209175 0.015600 -1.000000 
1.129166 -1.118902 -0.460958 -0.378376 -1.739853 -0.701411 0.209301 0.015912 -1.000000 
1.120056 -1.158529 -0.463917 -0.361314 -1.745561 -0.725494 0.209429 0.016245 -1.000000 
1.110629 -1.198224 -0.466738 -0.343977 -1.751459 -0.748823 0.209561 0.016602 -1.000000 
1.100884 -1.237979 -0.469420 -0.326361 -1.757540 -0.771366 0.209695 0.016983 -1.000000 
1.090821 -1.277789 -0.471960 -0.308465 -1.763799 -0.793097 0.209833 0.017392 -1.000000 
1.080440 -1.317646 -0.474355 -0.290287 -1.770228 -0.813988 0.209973 0.017828 -1.000000 
1.069739 -1.357541 -0.476603 -0.271825 -1.776820 -0.834011 0.210118 0.018295 -1.000000 
1.058719 -1.397464 -0.478703 -0.253077 -1.783569 -0.853139 0.210266 0.018794 -1.000000 
1.047379 -1.437404 -0.480652 -0.234044 -1.790468 -0.871346 0.210419 0.019327 -1.000000 
1.035720 -1.477348 -0.482447 -0.214724 -1.797508 -0.888606 0.210576 0.019898 -1.000000 
1.023742 -1.517283 -0.484087 -0.195118 -1.804683 -0.904894 0.210737 0.020509 -1.000000 
1.011444 -1.557193 -0.485568 -0.175226 -1.811984 -0.920186 0.210904 0.021162 -1.000000 
0.998827 -1.597063 -0.486889 -0.155050 -1.819403 -0.934458 0.211076 0.021862 -1.000000 
0.985891 -1.636875 -0.488048 -0.134591 -1.826933 -0.947687 0.211254 0.022611 -1.000000 
0.972637 -1.676612 -0.489042 -0.113851 -1.834564 -0.959851 0.211438 0.023415 -1.000000 
0.959066 -1.716253 -0.489869 -0.092833 -1.842287 -0.970930 0.211629 0.024278 -1.000000 
0.945177 -1.755777 -0.490527 -0.071541 -1.850095 -0.980903 0.211826 0.025204 -1.000000 
0.930973 -1.795163 -0.491013 -0.049978 -1.857979 -0.989750 0.212032 0.026199 -1.000000 
0.916455 -1.834387 -0.491326 -0.028149 -1.865928 -0.997454 0.212246 0.027270 -1.000000 
0.901624 -1.873426 -0.491463 -0.006059 -1.873935 -1.003998 0.212469 0.028423 -1.000000 
0.886481 -1.912253 -0.491422 0.016286 -1.881989 -1.009365 0.212701 0.029666 -1.000000 
0.871028 -1.950844 -0.491202 0.038879 -1.890082 -1.013542 0.212944 0.031008 -1.000000 
0.855268 -1.989169 -0.490799 0.061715 -1.898203 -1.016514 0.213197 0.032458 -1.000000 
0.839202 -2.027202 -0.490213 0.084784 -1.906343 -1.018270 0.213463 0.034027 -1.000000 
0.822834 -2.064912 -0.489442 0.108078 -1.914492 -1.018799 0.213742 0.035727 -1.000000 
0.806165 -2.102270 -0.488484 0.131589 -1.922640 -1.018092 0.214035 0.037571 -1.000000 
0.789198 -2.139245 -0.487336 0.155307 -1.930778 -1.016141 0.214344 0.039576 -1.000000 
0.771938 -2.175804 -0.485998 0.179220 -1.938895 -1.012939 0.214669 0.041757 -1.000000 
0.754387 -2.211916 -0.484468 0.203319 -1.946982 -1.008481 0.215012 0.044136 -1.000000 
0.736549 -2.247548 -0.482745 0.227591 -1.955027 -1.002765 0.215376 0.046733 -1.000000 
0.718427 -2.282664 -0.480826 0.252023 -1.963022 -0.995789 0.215761 0.049574 -1.000000 
0.700027 -2.317233 -0.478712 0.276604 -1.970957 -0.987553 0.216170 0.052688 -1.000000 
0.681353 -2.351217 -0.476400 0.301318 -1.978820 -0.978059 0.216604 0.056107 -1.000000 
0.662410 -2.384584 -0.473890 0.326153 -1.986602 -0.967310 0.217068 0.059869 -1.000000 
0.643202 -2.417296 -0.471182 0.351092 -1.994294 -0.955312 0.217563 0.064018 -1.000000 
0.623735 -2.449319 -0.468273 0.376121 -2.001884 -0.942071 0.218094 0.068601 -1.000000 
0.604014 -2.480617 -0.465163 0.401224 -2.009363 -0.927597 0.218662 0.073677 -1.000000 
0.584047 -2.511154 -0.461853 0.426383 -2.016722 -0.911901 0.219274 0.079311 -1.000000 
0.563838 -2.540893 -0.458341 0.451582 -2.023951 -0.894994 0.219933 0.085578 -1.000000 
0.543395 -2.569800 -0.454628 0.476803 -2.031039 -0.876891 0.220645 0.092567 -1.000000 
0.522724 -2.597839 -0.450712 0.502028 -2.037978 -0.857608 0.221416 0.100381 -1.000000 
0.501832 -2.624974 -0.446595 0.527239 -2.044758 -0.837163 0.222254 0.109138 -1.000000 
0.480727 -2.651170 -0.442277 0.552417 -2.051369 -0.815576 0.223165 0.118977 -1.000000 
0.459416 -2.676394 -0.437757 0.577542 -2.057804 -0.792868 0.224161 0.130060 -1.000000 
0.437907 -2.700610 -0.433036 0.602595 -2.064052 -0.769062 0.225250 0.142576 -1.000000 
0.416209 -2.723786 -0.428115 0.627557 -2.070106 -0.744183 0.226446 0.156747 -1.000000 
0.394329 -2.745889 -0.422995 0.652407 -2.075956 -0.718256 0.227763 0.172830 -1.000000 
0.372277 -2.766886 -0.417677 0.677125 -2.081595 -0.691311 0.229217 0.191126 -1.000000 
0.350062 -2.786747 -0.412162 0.701691 -2.087015 -0.663376 0.230828 0.211985 -1.000000 
0.327693 -2.805442 -0.406451 0.726084 -2.092207 -0.634480 0.232617 0.235812 -1.000000 
0.305178 -2.822940 -0.400545 0.750283 -2.097164 -0.604657 0.234610 0.263072 -1.000000 
0.282529 -2.839214 -0.394447 0.774269 -2.101879 -0.573939 0.236837 0.294296 -1.000000 
0.259754 -2.854236 -0.388157 0.798020 -2.106345 -0.542359 0.239331 0.330075 -1.000000 
0.236864 -2.867980 -0.381679 0.821516 -2.110554 -0.509951 0.242132 0.371063 -1.000000 
0.213870 -2.880420 -0.375014 0.844738 -2.114502 -0.476751 0.245284 0.417949 -1.000000 
0.190781 -2.891533 -0.368164 0.867664 -2.118180 -0.442792 0.248837 0.471430 -1.000000 
0.167609 -2.901295 -0.361132 0.890275 -2.121584 -0.408111 0.252846 0.532146 -1.000000 
0.144364 -2.909683 -0.353921 0.912552 -2.124708 -0.372742 0.257372 0.600590 -1.000000 
0.121058 -2.916678 -0.346532 0.934475 -2.127547 -0.336720 0.262477 0.676962 -1.000000 
0.097701 -2.922257 -0.338970 0.956024 -2.130094 -0.300079 0.268224 0.760981 -1.000000 
0.074305 -2.926402 -0.331237 0.977181 -2.132346 -0.262853 0.274670 0.851644 -1.000000 
0.050883 -2.929093 -0.323336 0.997927 -2.134298 -0.225076 0.281862 0.946956 -1.000000 
0.027444 -2.930312 -0.315271 1.018243 -2.135946 -0.186782 0.289825 1.043706 -1.000000 
0.004002 -2.930040 -0.307045 1.038109 -2.137286 -0.148007 0.298553 1.137355 -1.000000 
-0.019433 -2.928262 -0.298663 1.057506 -2.138313 -0.108789 0.308000 1.222189 -1.000000 
-0.042847 -2.924960 -0.290127 1.076414 -2.139025 -0.069170 0.318068 1.291824 -1.000000 
-0.066228 -2.920120 -0.281441 1.094811 -2.139419 -0.029195 0.328612 1.340096 -1.000000 
-0.089564 -2.913729 -0.272611 1.112677 -2.139492 0.011082 0.339439 1.362177 -1.000000 
-0.112843 -2.905776 -0.263640 1.129990 -2.139241 0.051600 0.350330 1.355611 -1.000000 
-0.136053 -2.896254 -0.254533 1.146726 -2.138665 0.092292 0.361054 1.320909 -1.000000 
-0.159179 -2.885157 -0.245294 1.162864 -2.137764 0.133086 0.371398 1.261445 -1.000000 
-0.182211 -2.872487 -0.235929 1.178382 -2.136536 0.173902 0.381186 1.182711 -1.000000 
-0.205135 -2.858245 -0.226442 1.193259 -2.134982 0.214657 0.390287 1.091194 -1.000000 
-0.227939 -2.842440 -0.216838 1.207477 -2.133102 0.255267 0.398628 0.993278 -1.000000 
-0.250610 -2.825084 -0.207124 1.221017 -2.130898 0.295648 0.406178 0.894434 -1.000000 
-0.273136 -2.806191 -0.197304 1.233863 -2.128372 0.335715 0.412947 0.798818 -1.000000 
-0.295505 -2.785783 -0.187384 1.246003 -2.125528 0.375385 0.418975 0.709218 -1.000000 
-0.317704 -2.763880 -0.177370 1.257422 -2.122367 0.414576 0.424315 0.627220 -1.000000 
-0.339723 -2.740510 -0.167267 1.268112 -2.118896 0.453212 0.429032 0.553484 -1.000000 
-0.361549 -2.715703 -0.157082 1.278064 -2.115118 0.491215 0.433193 0.488015 -1.000000 
-0.383170 -2.689489 -0.146820 1.287271 -2.111038 0.528512 0.436862 0.430409 -1.000000 
-0.404577 -2.661904 -0.136488 1.295728 -2.106664 0.565035 0.440099 0.380031 -1.000000 
-0.425757 -2.632985 -0.126090 1.303434 -2.102000 0.600716 0.442959 0.336145 -1.000000 
-0.446701 -2.602772 -0.115635 1.310385 -2.097055 0.635491 0.445492 0.297997 -1.000000 
-0.467398 -2.571306 -0.105126 1.316583 -2.091835 0.669300 0.447741 0.264864 -1.000000 
-0.487839 -2.538631 -0.094571 1.322028 -2.086349 0.702085 0.449742 0.236083 -1.000000 
-0.508013 -2.504790 -0.083976 1.326724 -2.080604 0.733792 0.451528 0.211058 -1.000000 
-0.527913 -2.469832 -0.073346 1.330676 -2.074611 0.764371 0.453127 0.189266 -1.000000 
-0.547528 -2.433804 -0.062687 1.333890 -2.068378 0.793771 0.454564 0.170254 -1.000000 
-0.566851 -2.396753 -0.052005 1.336371 -2.061914 0.821950 0.455858 0.153630 -1.000000 
-0.585873 -2.358731 -0.041307 1.338130 -2.055230 0.848865 0.457027 0.139058 -1.000000 
-0.604588 -2.319787 -0.030597 1.339174 -2.048335 0.874477 0.458087 0.126253 -1.000000 
-0.622988 -2.279973 -0.019882 1.339515 -2.041242 0.898750 0.459051 0.114971 -1.000000 
-0.641065 -2.239339 -0.009167 1.339164 -2.033959 0.921653 0.459931 0.105003 -1.000000 
-0.658815 -2.197938 0.001543 1.338134 -2.026499 0.943155 0.460735 0.096173 -1.000000 
-0.676230 -2.155822 0.012242 1.336437 -2.018872 0.963231 0.461472 0.088329 -1.000000 
-0.693306 -2.113041 0.022924 1.334088 -2.011091 0.981857 0.462150 0.081344 -1.000000 
-0.710037 -2.069647 0.033585 1.331102 -2.003167 0.999012 0.462775 0.075107 -1.000000 
-0.726419 -2.025692 0.044220 1.327494 -1.995111 1.014679 0.463354 0.069523 -1.000000 
-0.742447 -1.981226 0.054824 1.323281 -1.986936 1.028845 0.463889 0.064512 -1.000000 
-0.758118 -1.936298 0.065391 1.318478 -1.978653 1.041496 0.464387 0.060004 -1.000000 
-0.773427 -1.890958 0.075918 1.313103 -1.970276 1.052625 0.464851 0.055939 -1.000000 
-0.788372 -1.845255 0.086399 1.307173 -1.961815 1.062224 0.465283 0.052266 -1.000000 
-0.802950 -1.799234 0.096831 1.300707 -1.953284 1.070292 0.465688 0.048939 -1.000000 
-0.817159 -1.752943 0.107209 1.293722 -1.944695 1.076827 0.466067 0.045919 -1.000000 
-0.830997 -1.706426 0.117529 1.286237 -1.936059 1.081830 0.466423 0.043173 -1.000000 
-0.844461 -1.659727 0.127788 1.278269 -1.927390 1.085307 0.466758 0.040671 -1.000000 
-0.857552 -1.612887 0.137980 1.269837 -1.918698 1.087263 0.467074 0.038386 -1.000000 
-0.870267 -1.565948 0.148104 1.260960 -1.909997 1.087707 0.467373 0.036297 -1.000000 
-0.882607 -1.518948 0.158155 1.251655 -1.901299 1.086652 0.467656 0.034383 -1.000000 
-0.894570 -1.471925 0.168129 1.241942 -1.892615 1.084109 0.467924 0.032627 -1.000000 
-0.906158 -1.424914 0.178025 1.231838 -1.883957 1.080094 0.468178 0.031013 -1.000000 
-0.917369 -1.377950 0.187838 1.221361 -1.875337 1.074625 0.468420 0.029527 -1.000000 
-0.928205 -1.331065 0.197565 1.210527 -1.866767 1.067721 0.468651 0.028158 -1.000000 
-0.938666 -1.284289 0.207205 1.199356 -1.858258 1.059401 0.468871 0.026895 -1.000000 
-0.948754 -1.237650 0.216754 1.187862 -1.849820 1.049690 0.469081 0.025727 -1.000000 
-0.958469 -1.191176 0.226210 1.176063 -1.841466 1.038610 0.469283 0.024647 -1.000000 
-0.967813 -1.144891 0.235570 1.163975 -1.833206 1.026187 0.469476 0.023647 -1.000000 
-0.976788 -1.098818 0.244833 1.151612 -1.825051 1.012449 0.469661 0.022720 -1.000000 
-0.985395 -1.052978 0.253996 1.138990 -1.817010 0.997423 0.469840 0.021859 -1.000000 
-0.993636 -1.007389 0.263056 1.126122 -1.809095 0.981139 0.470011 0.021060 -1.000000 
-1.001514 -0.962070 0.272013 1.113023 -1.801315 0.963628 0.470177 0.020318 -1.000000 
-1.009030 -0.917035 0.280864 1.099705 -1.793680 0.944920 0.470337 0.019627 -1.000000 
-1.016187 -0.872299 0.289608 1.086181 -1.786200 0.925049 0.470491 0.018984 -1.000000 
-1.022988 -0.827871 0.298242 1.072462 -1.778883 0.904048 0.470640 0.018386 -1.000000 
-1.029434 -0.783763 0.306767 1.058559 -1.771738 0.881950 0.470785 0.017829 -1.000000 
-1.035529 -0.739982 0.315179 1.044482 -1.764774 0.858792 0.470926 0.017310 -1.000000 
-1.041275 -0.696535 0.323478 1.030241 -1.758000 0.834608 0.471062 0.016826 -1.000000 
-1.046674 -0.653426 0.331662 1.015845 -1.751423 0.809436 0.471195 0.016376 -1.000000 
-1.051731 -0.610659 0.339731 1.001300 -1.745052 0.783310 0.471324 0.015956 -1.000000 
-1.056446 -0.568234 0.347683 0.986615 -1.738893 0.756270 0.471450 0.015565 -1.000000 
-1.060823 -0.526152 0.355516 0.971796 -1.732954 0.728351 0.471573 0.015201 -1.000000 
-1.064865 -0.484410 0.363231 0.956849 -1.727241 0.699594 0.471694 0.014862 -1.000000 
-1.068575 -0.443006 0.370826 0.941777 -1.721762 0.670034 0.471811 0.014547 -1.000000 
-1.071954 -0.401936 0.378299 0.926586 -1.716523 0.639713 0.471927 0.014255 -1.000000 
-1.075007 -0.361194 0.385651 0.911278 -1.711529 0.608667 0.472039 0.013984 -1.000000 
-1.077734 -0.320772 0.392879 0.895856 -1.706786 0.576937 0.472150 0.013733 -1.000000 
-1.080140 -0.280664 0.399984 0.880322 -1.702300 0.544561 0.472259 0.013501 -1.000000 
-1.082226 -0.240859 0.406964 0.864677 -1.698075 0.511579 0.472366 0.013287 -1.000000 
-1.083994 -0.201347 0.413819 0.848921 -1.694116 0.478031 0.472472 0.013090 -1.000000 
-1.085448 -0.162118 0.420547 0.833053 -1.690428 0.443956 0.472576 0.012910 -1.000000 
-1.086589 -0.123159 0.427147 0.817073 -1.687014 0.409393 0.472678 0.012746 -1.000000 
-1.087419 -0.084457 0.433619 0.800979 -1.683878 0.374383 0.472780 0.012597 -1.000000 
-1.087941 -0.046000 0.439963 0.784768 -1.681025 0.338965 0.472880 0.012462 -1.000000 
-1.088156 -0.007772 0.446175 0.768437 -1.678456 0.303180 0.472979 0.012342 -1.000000 
-1.088066 0.030240 0.452257 0.751983 -1.676175 0.267066 0.473078 0.012235 -1.000000 
-1.087672 0.068053 0.458207 0.735401 -1.674184 0.230664 0.473175 0.012142 -1.000000 
-1.086977 0.105681 0.464023 0.718686 -1.672485 0.194014 0.473272 0.012062 -1.000000 
-1.085982 0.143140 0.469705 0.701834 -1.671080 0.157155 0.473368 0.011994 -1.000000 
-1.084688 0.180448 0.475252 0.684837 -1.669971 0.120128 0.473464 0.011939 -1.000000 
-1.083095 0.217620 0.480662 0.667691 -1.669158 0.082973 0.473559 0.011896 -1.000000 
-1.081206 0.254673 0.485935 0.650387 -1.668643 0.045728 0.473654 0.011866 -1.000000 
-1.079021 0.291622 0.491068 0.632919 -1.668427 0.008435 0.473749 0.011847 -1.000000 
-1.076540 0.328486 0.496061 0.615279 -1.668509 -0.028867 0.473844 0.011841 -1.000000 
-1.073765 0.365279 0.500912 0.597460 -1.668889 -0.066138 0.473939 0.011846 -1.000000 
-1.070696 0.402019 0.505620 0.579453 -1.669567 -0.103338 0.474033 0.011863 -1.000000 
-1.067333 0.438720 0.510183 0.561249 -1.670542 -0.140428 0.474128 0.011893 -1.000000 
-1.063676 0.475399 0.514599 0.542840 -1.671813 -0.177366 0.474224 0.011934 -1.000000 
-1.059727 0.512070 0.518868 0.524218 -1.673379 -0.214114 0.474319 0.011988 -1.000000 
-1.055483 0.548748 0.522986 0.505372 -1.675238 -0.250630 0.474416 0.012055 -1.000000 
-1.050947 0.585447 0.526953 0.486294 -1.677388 -0.286876 0.474512 0.012134 -1.000000 
-1.046116 0.622180 0.530766 0.466975 -1.679827 -0.322812 0.474610 0.012226 -1.000000 
-1.040992 0.658959 0.534424 0.447406 -1.682552 -0.358396 0.474708 0.012331 -1.000000 
-1.035573 0.695797 0.537924 0.427577 -1.685561 -0.393590 0.474807 0.012451 -1.000000 
-1.029859 0.732704 0.541265 0.407479 -1.688849 -0.428353 0.474907 0.012584 -1.000000 
-1.023849 0.769690 0.544443 0.387104 -1.692413 -0.462646 0.475008 0.012732 -1.000000 
-1.017543 0.806764 0.547457 0.366442 -1.696250 -0.496427 0.475111 0.012895 -1.000000 
-1.010941 0.843934 0.550305 0.345485 -1.700354 -0.529659 0.475215 0.013075 -1.000000 
-1.004040 0.881206 0.552984 0.324225 -1.704723 -0.562300 0.475320 0.013270 -1.000000 
-0.996841 0.918587 0.555492 0.302653 -1.709350 -0.594311 0.475427 0.013484 -1.000000 
-0.989342 0.956080 0.557826 0.280762 -1.714230 -0.625652 0.475536 0.013715 -1.000000 
-0.981543 0.993690 0.559983 0.258545 -1.719358 -0.656285 0.475647 0.013966 -1.000000 
-0.973443 1.031416 0.561962 0.235995 -1.724728 -0.686169 0.475759 0.014237 -1.000000 
-0.965040 1.069260 0.563758 0.213106 -1.730335 -0.715265 0.475874 0.014529 -1.000000 
-0.956335 1.107220 0.565371 0.189871 -1.736170 -0.743535 0.475992 0.014844 -1.000000 
-0.947325 1.145294 0.566795 0.166286 -1.742229 -0.770941 0.476112 0.015183 -1.000000 
-0.938010 1.183478 0.568030 0.142346 -1.748503 -0.797443 0.476235 0.015548 -1.000000 
-0.928389 1.221766 0.569072 0.118047 -1.754986 -0.823005 0.476361 0.015941 -1.000000 
-0.918461 1.260151 0.569918 0.093386 -1.761669 -0.847588 0.476490 0.016363 -1.000000 
-0.908226 1.298623 0.570565 0.068361 -1.768544 -0.871156 0.476623 0.016816 -1.000000 
-0.897683 1.337172 0.571011 0.042970 -1.775604 -0.893672 0.476759 0.017303 -1.000000 
-0.886831 1.375785 0.571252 0.017213 -1.782840 -0.915100 0.476900 0.017826 -1.000000 
-0.875670 1.414450 0.571285 -0.008910 -1.790243 -0.935406 0.477045 0.018389 -1.000000 
-0.864200 1.453149 0.571108 -0.035399 -1.797803 -0.954556 0.477194 0.018994 -1.000000 
-0.852420 1.491867 0.570718 -0.062250 -1.805513 -0.972514 0.477349 0.019645 -1.000000 
-0.840330 1.530582 0.570111 -0.089461 -1.813360 -0.989250 0.477509 0.020346 -1.000000 
-0.827930 1.569276 0.569286 -0.117027 -1.821337 -1.004730 0.477674 0.021101 -1.000000 
-0.815222 1.607924 0.568238 -0.144944 -1.829433 -1.018926 0.477846 0.021915 -1.000000 
-0.802204 1.646504 0.566966 -0.173204 -1.837637 -1.031806 0.478025 0.022793 -1.000000 
-0.788878 1.684988 0.565466 -0.201800 -1.845938 -1.043343 0.478211 0.023741 -1.000000 
-0.775244 1.723350 0.563736 -0.230724 -1.854326 -1.053510 0.478405 0.024767 -1.000000 
-0.761305 1.761560 0.561773 -0.259966 -1.862790 -1.062281 0.478608 0.025877 -1.000000 
-0.747060 1.799588 0.559576 -0.289514 -1.871319 -1.069632 0.478819 0.027080 -1.000000 
-0.732512 1.837401 0.557140 -0.319356 -1.879901 -1.075541 0.479041 0.028386 -1.000000 
-0.717662 1.874966 0.554465 -0.349479 -1.888524 -1.079987 0.479274 0.029806 -1.000000 
-0.702513 1.912248 0.551548 -0.379868 -1.897177 -1.082950 0.479518 0.031351 -1.000000 
-0.687067 1.949209 0.548387 -0.410507 -1.905847 -1.084414 0.479776 0.033036 -1.000000 
-0.671327 1.985813 0.544979 -0.441380 -1.914523 -1.084364 0.480047 0.034876 -1.000000 
-0.655295 2.022019 0.541324 -0.472467 -1.923193 -1.082786 0.480334 0.036889 -1.000000 
-0.638976 2.057789 0.537419 -0.503748 -1.931844 -1.079668 0.480638 0.039096 -1.000000 
-0.622372 2.093080 0.533264 -0.535204 -1.940463 -1.075003 0.480960 0.041520 -1.000000 
-0.605488 2.127851 0.528856 -0.566813 -1.949040 -1.068783 0.481303 0.044188 -1.000000 
-0.588328 2.162058 0.524194 -0.598551 -1.957560 -1.061005 0.481668 0.047130 -1.000000 
-0.570896 2.195659 0.519278 -0.630393 -1.966011 -1.051665 0.482058 0.050384 -1.000000 
-0.553199 2.228607 0.514108 -0.662316 -1.974382 -1.040766 0.482475 0.053990 -1.000000 
-0.535241 2.260860 0.508681 -0.694292 -1.982660 -1.028309 0.482923 0.057995 -1.000000 
-0.517027 2.292370 0.502999 -0.726295 -1.990831 -1.014301 0.483404 0.062457 -1.000000 
-0.498565 2.323093 0.497061 -0.758295 -1.998884 -0.998750 0.483924 0.067440 -1.000000 
-0.479860 2.352983 0.490866 -0.790265 -2.006807 -0.981667 0.484485 0.073021 -1.000000 
-0.460919 2.381994 0.484416 -0.822173 -2.014587 -0.963066 0.485094 0.079290 -1.000000 
-0.441750 2.410081 0.477712 -0.853990 -2.022212 -0.942963 0.485756 0.086354 -1.000000 
-0.422361 2.437197 0.470753 -0.885684 -2.029670 -0.921377 0.486478 0.094336 -1.000000 
-0.402758 2.463298 0.463541 -0.917223 -2.036950 -0.898330 0.487268 0.103388 -1.000000 
-0.382951 2.488339 0.456078 -0.948574 -2.044040 -0.873846 0.488135 0.113684 -1.000000 
-0.362947 2.512276 0.448365 -0.979705 -2.050928 -0.847952 0.489091 0.125437 -1.000000 
-0.342757 2.535066 0.440403 -1.010581 -2.057603 -0.820679 0.490147 0.138898 -1.000000 
-0.322390 2.556666 0.432196 -1.041170 -2.064055 -0.792057 0.491319 0.154369 -1.000000 
-0.301854 2.577036 0.423745 -1.071437 -2.070273 -0.762121 0.492623 0.172211 -1.000000 
-0.281160 2.596134 0.415054 -1.101349 -2.076246 -0.730907 0.494081 0.192855 -1.000000 
-0.260319 2.613923 0.406125 -1.130871 -2.081964 -0.698455 0.495718 0.216820 -1.000000 
-0.239341 2.630363 0.396961 -1.159970 -2.087418 -0.664805 0.497561 0.244722 -1.000000 
-0.218237 2.645419 0.387567 -1.188611 -2.092598 -0.629998 0.499646 0.277291 -1.000000 
-0.197018 2.659056 0.377945 -1.216761 -2.097495 -0.594079 0.502012 0.315386 -1.000000 
-0.175696 2.671240 0.368100 -1.244387 -2.102100 -0.557091 0.504709 0.360001 -1.000000 
-0.154282 2.681939 0.358036 -1.271457 -2.106405 -0.519079 0.507793 0.412259 -1.000000 
-0.132789 2.691123 0.347758 -1.297938 -2.110403 -0.480090 0.511329 0.473385 -1.000000 
-0.111229 2.698762 0.337271 -1.323798 -2.114084 -0.440167 0.515394 0.544638 -1.000000 
-0.089613 2.704828 0.326579 -1.349008 -2.117443 -0.399355 0.520073 0.627178 -1.000000 
-0.067956 2.709295 0.315688 -1.373536 -2.120472 -0.357696 0.525461 0.721836 -1.000000 
-0.046269 2.712136 0.304604 -1.397352 -2.123164 -0.315233 0.531656 0.828755 -1.000000 
-0.024566 2.713326 0.293333 -1.420428 -2.125514 -0.272005 0.538751 0.946890 -1.000000 
-0.002860 2.712841 0.281880 -1.442735 -2.127514 -0.228050 0.546828 1.073386 -1.000000 
0.018835 2.710656 0.270251 -1.464242 -2.129160 -0.183406 0.555934 1.202967 -1.000000 
0.040506 2.706746 0.258454 -1.484921 -2.130447 -0.138115 0.566063 1.327603 -1.000000 
0.062138 2.701088 0.246495 -1.504740 -2.131369 -0.092219 0.577135 1.436827 -1.000000 
0.083719 2.693660 0.234380 -1.523667 -2.131921 -0.045772 0.588980 1.519063 -1.000000 
0.105232 2.684441 0.222118 -1.541668 -2.132100 0.001161 0.601340 1.563951 -1.000000 
0.126665 2.673415 0.209716 -1.558709 -2.131901 0.048502 0.613886 1.565060 -1.000000 
0.148002 2.660570 0.197182 -1.574753 -2.131323 0.096156 0.626262 1.521858 -1.000000 
0.169229 2.645899 0.184523 -1.589765 -2.130362 0.144016 0.638132 1.439941 -1.000000 
0.190331 2.629404 0.171748 -1.603713 -2.129018 0.191963 0.649225 1.329381 -1.000000 
0.211295 2.611091 0.158867 -1.616566 -2.127291 0.239872 0.659357 1.202025 -1.000000 
0.232104 2.590974 0.145886 -1.628297 -2.125181 0.287613 0.668442 1.068934 -1.000000 
0.252745 2.569075 0.132817 -1.638883 -2.122690 0.335058 0.676468 0.938776 -1.000000 
0.273205 2.545419 0.119667 -1.648307 -2.119821 0.382079 0.683486 0.817320 -1.000000 
0.293468 2.520040 0.106447 -1.656554 -2.116578 0.428553 0.689577 0.707706 -1.000000 
0.313521 2.492975 0.093166 -1.663615 -2.112966 0.474363 0.694844 0.611079 -1.000000 
0.333351 2.464267 0.079832 -1.669484 -2.108990 0.519393 0.699389 0.527269 -1.000000 
0.352945 2.433963 0.066457 -1.674160 -2.104658 0.563535 0.703312 0.455351 -1.000000 
0.372290 2.402113 0.053049 -1.677644 -2.099977 0.606686 0.706703 0.394044 -1.000000 
0.391375 2.368773 0.039618 -1.679943 -2.094954 0.648749 0.709641 0.341972 -1.000000 
0.410187 2.333998 0.026173 -1.681063 -2.089600 0.689632 0.712195 0.297804 -1.000000 
0.428715 2.297851 0.012724 -1.681018 -2.083923 0.729247 0.714424 0.260330 -1.000000 
0.446949 2.260394 -0.000720 -1.679822 -2.077935 0.767512 0.716376 0.228492 -1.000000 
0.464878 2.221692 -0.014150 -1.677493 -2.071647 0.804352 0.718092 0.201379 -1.000000 
0.482493 2.181813 -0.027557 -1.674049 -2.065070 0.839696 0.719608 0.178226 -1.000000 
0.499784 2.140824 -0.040932 -1.669514 -2.058216 0.873478 0.720953 0.158391 -1.000000 
0.516743 2.098795 -0.054266 -1.663911 -2.051098 0.905637 0.722150 0.141339 -1.000000 
0.533362 2.055797 -0.067552 -1.657268 -2.043730 0.936117 0.723220 0.126626 -1.000000 
0.549633 2.011902 -0.080780 -1.649612 -2.036125 0.964870 0.724181 0.113886 -1.000000 
0.565550 1.967181 -0.093943 -1.640973 -2.028297 0.991848 0.725047 0.102813 -1.000000 
0.581106 1.921705 -0.107033 -1.631383 -2.020260 1.017013 0.725830 0.093154 -1.000000 
0.596296 1.875547 -0.120043 -1.620874 -2.012030 1.040329 0.726541 0.084698 -1.000000 
0.611113 1.828776 -0.132965 -1.609481 -2.003620 1.061765 0.727188 0.077269 -1.000000 
0.625555 1.781464 -0.145792 -1.597237 -1.995047 1.081297 0.727779 0.070721 -1.000000 
0.639616 1.733680 -0.158518 -1.584179 -1.986325 1.098902 0.728321 0.064929 -1.000000 
0.653293 1.685492 -0.171137 -1.570342 -1.977469 1.114566 0.728820 0.059791 -1.000000 
0.666583 1.636967 -0.183642 -1.555765 -1.968497 1.128276 0.729280 0.055219 -1.000000 
0.679483 1.588170 -0.196027 -1.540483 -1.959422 1.140026 0.729705 0.051138 -1.000000 
0.691993 1.539165 -0.208288 -1.524534 -1.950262 1.149811 0.730099 0.047486 -1.000000 
0.704110 1.490012 -0.220418 -1.507956 -1.941030 1.157634 0.730466 0.044208 -1.000000 
0.715833 1.440772 -0.232413 -1.490785 -1.931745 1.163500 0.730807 0.041259 -1.000000 
0.727162 1.391502 -0.244269 -1.473059 -1.922420 1.167417 0.731126 0.038599 -1.000000 
0.738097 1.342256 -0.255981 -1.454813 -1.913071 1.169397 0.731425 0.036193 -1.000000 
0.748638 1.293087 -0.267545 -1.436085 -1.903714 1.169458 0.731706 0.034014 -1.000000 
0.758787 1.244044 -0.278957 -1.416909 -1.894365 1.167618 0.731970 0.032035 -1.000000 
0.768543 1.195174 -0.290214 -1.397319 -1.885037 1.163900 0.732219 0.030235 -1.000000 
0.777910 1.146522 -0.301313 -1.377350 -1.875747 1.158329 0.732454 0.028594 -1.000000 
0.786888 1.098128 -0.312251 -1.357034 -1.866509 1.150934 0.732677 0.027095 -1.000000 
0.795481 1.050032 -0.323025 -1.336403 -1.857337 1.141746 0.732888 0.025723 -1.000000 
0.803690 1.002269 -0.333633 -1.315487 -1.848246 1.130797 0.733089 0.024467 -1.000000 
0.811518 0.954871 -0.344072 -1.294315 -1.839249 1.118125 0.733280 0.023314 -1.000000 
0.818969 0.907869 -0.354341 -1.272916 -1.830360 1.103765 0.733462 0.022254 -1.000000 
0.826045 0.861289 -0.364438 -1.251315 -1.821593 1.087758 0.733636 0.021279 -1.000000 
0.832751 0.815154 -0.374362 -1.229539 -1.812961 1.070146 0.733803 0.020381 -1.000000 
0.839089 0.769486 -0.384110 -1.207609 -1.804475 1.050971 0.733963 0.019553 -1.000000 
0.845064 0.724303 -0.393683 -1.185549 -1.796149 1.030277 0.734116 0.018789 -1.000000 
0.850679 0.679620 -0.403079 -1.163378 -1.787995 1.008111 0.734263 0.018083 -1.000000 
0.855939 0.635450 -0.412297 -1.141116 -1.780023 0.984519 0.734405 0.017430 -1.000000 
0.860848 0.591801 -0.421337 -1.118780 -1.772246 0.959549 0.734542 0.016826 -1.000000 
0.865409 0.548682 -0.430197 -1.096385 -1.764674 0.933250 0.734675 0.016267 -1.000000 
0.869628 0.506097 -0.438879 -1.073945 -1.757317 0.905672 0.734803 0.015749 -1.000000 
0.873508 0.464048 -0.447380 -1.051472 -1.750186 0.876864 0.734927 0.015270 -1.000000 
0.877054 0.422534 -0.455702 -1.028978 -1.743291 0.846876 0.735047 0.014826 -1.000000 
0.880270 0.381552 -0.463844 -1.006470 -1.736639 0.815762 0.735164 0.014416 -1.000000 
0.883160 0.341099 -0.471806 -0.983957 -1.730241 0.783571 0.735278 0.014036 -1.000000 
0.885729 0.301166 -0.479587 -0.961443 -1.724105 0.750355 0.735389 0.013684 -1.000000 
0.887980 0.261745 -0.487189 -0.938933 -1.718238 0.716168 0.735497 0.013359 -1.000000 
0.889918 0.222825 -0.494610 -0.916429 -1.712649 0.681060 0.735603 0.013060 -1.000000 
0.891547 0.184393 -0.501852 -0.893933 -1.707344 0.645083 0.735706 0.012783 -1.000000 
0.892870 0.146434 -0.508913 -0.871443 -1.702330 0.608291 0.735807 0.012529 -1.000000 
0.893891 0.108933 -0.515795 -0.848958 -1.697613 0.570735 0.735906 0.012296 -1.000000 
0.894614 0.071872 -0.522496 -0.826473 -1.693200 0.532468 0.736004 0.012082 -1.000000 
0.895042 0.035233 -0.529018 -0.803985 -1.689095 0.493541 0.736100 0.011888 -1.000000 
0.895179 -0.001005 -0.535360 -0.781488 -1.685305 0.454006 0.736194 0.011711 -1.000000 
0.895027 -0.036863 -0.541522 -0.758972 -1.681833 0.413916 0.736287 0.011551 -1.000000 
0.894590 -0.072362 -0.547504 -0.736431 -1.678683 0.373322 0.736379 0.011408 -1.000000 
0.893870 -0.107525 -0.553305 -0.713853 -1.675861 0.332275 0.736470 0.011281 -1.000000 
0.892870 -0.142377 -0.558925 -0.691228 -1.673368 0.290828 0.736560 0.011169 -1.000000 
0.891593 -0.176941 -0.564364 -0.668545 -1.671208 0.249031 0.736649 0.011071 -1.000000 
0.890040 -0.211241 -0.569622 -0.645789 -1.669384 0.206936 0.736737 0.010988 -1.000000 
0.888214 -0.245304 -0.574697 -0.622947 -1.667898 0.164593 0.736824 0.010919 -1.000000 
0.886116 -0.279154 -0.579589 -0.600004 -1.666751 0.122055 0.736912 0.010864 -1.000000 
0.883748 -0.312817 -0.584296 -0.576945 -1.665946 0.079371 0.736998 0.010822 -1.000000 
0.881111 -0.346317 -0.588819 -0.553754 -1.665482 0.036594 0.737085 0.010793 -1.000000 
0.878207 -0.379682 -0.593156 -0.530413 -1.665360 -0.006227 0.737171 0.010778 -1.000000 
0.875036 -0.412934 -0.597305 -0.506905 -1.665581 -0.049041 0.737257 0.010776 -1.000000 
0.871600 -0.446100 -0.601266 -0.483213 -1.666145 -0.091796 0.737343 0.010787 -1.000000 
0.867899 -0.479204 -0.605036 -0.459318 -1.667050 -0.134442 0.737430 0.010811 -1.000000 
0.863933 -0.512268 -0.608615 -0.435201 -1.668295 -0.176927 0.737516 0.010848 -1.000000 
0.859703 -0.545318 -0.611999 -0.410844 -1.669880 -0.219201 0.737603 0.010899 -1.000000 
0.855208 -0.578373 -0.615187 -0.386228 -1.671802 -0.261212 0.737691 0.010963 -1.000000 
0.850449 -0.611457 -0.618178 -0.361334 -1.674059 -0.302910 0.737779 0.011041 -1.000000 
0.845425 -0.644589 -0.620968 -0.336144 -1.676647 -0.344242 0.737868 0.011134 -1.000000 
0.840135 -0.677789 -0.623555 -0.310637 -1.679565 -0.385157 0.737957 0.011241 -1.000000 
0.834580 -0.711074 -0.625937 -0.284797 -1.682809 -0.425603 0.738047 0.011363 -1.000000 
0.828758 -0.744462 -0.628111 -0.258604 -1.686374 -0.465529 0.738139 0.011501 -1.000000 
0.822668 -0.777967 -0.630074 -0.232041 -1.690256 -0.504883 0.738231 0.011655 -1.000000 
0.816310 -0.811604 -0.631823 -0.205091 -1.694450 -0.543611 0.738325 0.011825 -1.000000 
0.809682 -0.845385 -0.633354 -0.177737 -1.698952 -0.581663 0.738421 0.012014 -1.000000 
0.802783 -0.879320 -0.634665 -0.149963 -1.703755 -0.618985 0.738518 0.012221 -1.000000 
0.795612 -0.913418 -0.635753 -0.121754 -1.708853 -0.655525 0.738616 0.012448 -1.000000 
0.788168 -0.947686 -0.636612 -0.093096 -1.714241 -0.691230 0.738717 0.012695 -1.000000 
0.780449 -0.982128 -0.637241 -0.063976 -1.719911 -0.726048 0.738820 0.012964 -1.000000 
0.772454 -1.016748 -0.637635 -0.034380 -1.725855 -0.759925 0.738924 0.013256 -1.000000 
0.764181 -1.051547 -0.637790 -0.004299 -1.732067 -0.792810 0.739032 0.013573 -1.000000 
0.755628 -1.086523 -0.637702 0.026277 -1.738537 -0.824649 0.739142 0.013916 -1.000000 
0.746796 -1.121673 -0.637368 0.057357 -1.745258 -0.855391 0.739254 0.014288 -1.000000 
0.737681 -1.156990 -0.636783 0.088947 -1.752220 -0.884984 0.739370 0.014690 -1.000000 
0.728283 -1.192467 -0.635943 0.121054 -1.759415 -0.913375 0.739490 0.015125 -1.000000 
0.718601 -1.228093 -0.634845 0.153679 -1.766831 -0.940514 0.739612 0.015595 -1.000000 
0.708634 -1.263855 -0.633483 0.186827 -1.774459 -0.966349 0.739739 0.016103 -1.000000 
0.698379 -1.299737 -0.631854 0.220495 -1.782289 -0.990831 0.739870 0.016653 -1.000000 
0.687837 -1.335723 -0.629954 0.254683 -1.790309 -1.013909 0.740006 0.017248 -1.000000 
0.677007 -1.371790 -0.627778 0.289388 -1.798508 -1.035537 0.740146 0.017892 -1.000000 
0.665889 -1.407917 -0.625322 0.324602 -1.806874 -1.055666 0.740292 0.018590 -1.000000 
0.654481 -1.444078 -0.622583 0.360319 -1.815394 -1.074250 0.740444 0.019346 -1.000000 
0.642783 -1.480246 -0.619556 0.396528 -1.824057 -1.091243 0.740602 0.020167 -1.000000 
0.630797 -1.516389 -0.616237 0.433216 -1.832850 -1.106603 0.740767 0.021059 -1.000000 
0.618521 -1.552476 -0.612623 0.470371 -1.841759 -1.120286 0.740939 0.022029 -1.000000 
0.605957 -1.588470 -0.608710 0.507973 -1.850770 -1.132254 0.741119 0.023086 -1.000000 
0.593106 -1.624335 -0.604494 0.546005 -1.859870 -1.142467 0.741309 0.024239 -1.000000 
0.579969 -1.660030 -0.599973 0.584445 -1.869045 -1.150889 0.741508 0.025498 -1.000000 
0.566546 -1.695515 -0.595142 0.623269 -1.878279 -1.157486 0.741717 0.026877 -1.000000 
0.552841 -1.730743 -0.590000 0.662450 -1.887559 -1.162226 0.741938 0.028389 -1.000000 
0.538855 -1.765670 -0.584542 0.701961 -1.896870 -1.165081 0.742172 0.030050 -1.000000 
0.524591 -1.800248 -0.578767 0.741769 -1.906196 -1.166024 0.742419 0.031879 -1.000000 
0.510052 -1.834426 -0.572673 0.781841 -1.915521 -1.165032 0.742682 0.033897 -1.000000 
0.495242 -1.868152 -0.566257 0.822142 -1.924831 -1.162084 0.742962 0.036129 -1.000000 
0.480163 -1.901374 -0.559518 0.862634 -1.934109 -1.157164 0.743261 0.038603 -1.000000 
0.464821 -1.934037 -0.552455 0.903276 -1.943340 -1.150258 0.743580 0.041354 -1.000000 
0.449220 -1.966086 -0.545066 0.944027 -1.952508 -1.141356 0.743923 0.044420 -1.000000 
0.433366 -1.997463 -0.537350 0.984842 -1.961597 -1.130453 0.744292 0.047848 -1.000000 
0.417263 -2.028110 -0.529308 1.025673 -1.970590 -1.117544 0.744690 0.051691 -1.000000 
0.400918 -2.057970 -0.520940 1.066474 -1.979472 -1.102633 0.745120 0.056015 -1.000000 
0.384337 -2.086983 -0.512245 1.107195 -1.988227 -1.085724 0.745588 0.060895 -1.000000 
0.367529 -2.115090 -0.503225 1.147783 -1.996838 -1.066828 0.746097 0.066422 -1.000000 
0.350499 -2.142232 -0.493881 1.188185 -2.005291 -1.045959 0.746652 0.072707 -1.000000 
0.333256 -2.168349 -0.484214 1.228347 -2.013568 -1.023135 0.747262 0.079879 -1.000000 
0.315808 -2.193382 -0.474228 1.268214 -2.021656 -0.998378 0.747933 0.088099 -1.000000 
0.298165 -2.217274 -0.463924 1.307728 -2.029537 -0.971716 0.748675 0.097558 -1.000000 
0.280335 -2.239966 -0.453305 1.346833 -2.037198 -0.943180 0.749498 0.108493 -1.000000 
0.262328 -2.261402 -0.442376 1.385469 -2.044623 -0.912805 0.750416 0.121189 -1.000000 
0.244156 -2.281526 -0.431139 1.423579 -2.051798 -0.880631 0.751443 0.136002 -1.000000 
0.225828 -2.300284 -0.419600 1.461104 -2.058709 -0.846701 0.752598 0.153367 -1.000000 
0.207355 -2.317624 -0.407763 1.497983 -2.065341 -0.811063 0.753905 0.173823 -1.000000 
0.188750 -2.333494 -0.395634 1.534160 -2.071681 -0.773766 0.755390 0.198040 -1.000000 
0.170023 -2.347846 -0.383219 1.569574 -2.077717 -0.734866 0.757086 0.226847 -1.000000 
0.151188 -2.360633 -0.370523 1.604169 -2.083435 -0.694419 0.759034 0.261270 -1.000000 
0.132257 -2.371810 -0.357554 1.637887 -2.088824 -0.652483 0.761284 0.302577 -1.000000 
0.113244 -2.381333 -0.344320 1.670671 -2.093871 -0.609120 0.763898 0.352317 -1.000000 
0.094161 -2.389163 -0.330826 1.702468 -2.098566 -0.564388 0.766949 0.412353 -1.000000 
0.075022 -2.395260 -0.317083 1.733223 -2.102898 -0.518351 0.770529 0.484870 -1.000000 
0.055841 -2.399588 -0.303098 1.762884 -2.106856 -0.471067 0.774747 0.572318 -1.000000 
0.036633 -2.402111 -0.288880 1.791400 -2.110432 -0.422592 0.779732 0.677222 -1.000000 
0.017412 -2.402796 -0.274439 1.818721 -2.113615 -0.372979 0.785635 0.801783 -1.000000 
-0.001807 -2.401607 -0.259784 1.844800 -2.116396 -0.322276 0.792617 0.947123 -1.000000 
-0.021008 -2.398511 -0.244925 1.869589 -2.118768 -0.270524 0.800841 1.112060 -1.000000 
-0.040178 -2.393473 -0.229874 1.893041 -2.120722 -0.217758 0.810449 1.291434 -1.000000 
-0.059299 -2.386458 -0.214640 1.915105 -2.122250 -0.164014 0.821514 1.474352 -1.000000 
-0.078356 -2.377428 -0.199236 1.935731 -2.123344 -0.109330 0.834002 1.643343 -1.000000 
-0.097332 -2.366347 -0.183672 1.954864 -2.123997 -0.053756 0.847711 1.775939 -1.000000 
-0.116212 -2.353183 -0.167962 1.972443 -2.124202 0.002631 0.862259 1.849771 -1.000000 
-0.134977 -2.337906 -0.152118 1.988404 -2.123953 0.059720 0.877110 1.850097 -1.000000 
-0.153612 -2.320500 -0.136152 2.002682 -2.123245 0.117366 0.891661 1.775958 -1.000000 
-0.172100 -2.300957 -0.120079 2.015216 -2.122074 0.175386 0.905362 1.640796 -1.000000 
-0.190422 -2.279285 -0.103914 2.025948 -2.120438 0.233577 0.917810 1.467018 -1.000000 
-0.208563 -2.255503 -0.087669 2.034832 -2.118337 0.291724 0.928794 1.278160 -1.000000 
-0.226505 -2.229641 -0.071361 2.041830 -2.115771 0.349610 0.938272 1.092991 -1.000000 
-0.244231 -2.201743 -0.055005 2.046917 -2.112744 0.407021 0.946324 0.923336 -1.000000 
-0.261727 -2.171860 -0.038616 2.050078 -2.109261 0.463753 0.953101 0.774756 -1.000000 
-0.278976 -2.140050 -0.022209 2.051308 -2.105327 0.519611 0.958780 0.648415 -1.000000 
-0.295963 -2.106381 -0.005800 2.050612 -2.100950 0.574413 0.963532 0.542955 -1.000000 
-0.312673 -2.070928 0.010596 2.048002 -2.096139 0.627984 0.967516 0.455866 -1.000000 
-0.329093 -2.033770 0.026963 2.043499 -2.090906 0.680165 0.970867 0.384327 -1.000000 
-0.345209 -1.994993 0.043287 2.037133 -2.085261 0.730804 0.973699 0.325652 -1.000000 
-0.361009 -1.954685 0.059552 2.028939 -2.079217 0.779759 0.976106 0.277477 -1.000000 
-0.376480 -1.912941 0.075745 2.018957 -2.072789 0.826903 0.978162 0.237814 -1.000000 
-0.391613 -1.869856 0.091851 2.007234 -2.065992 0.872113 0.979929 0.205030 -1.000000 
-0.406395 -1.825529 0.107856 1.993824 -2.058841 0.915281 0.981457 0.177807 -1.000000 
-0.420818 -1.780062 0.123748 1.978782 -2.051353 0.956305 0.982786 0.155087 -1.000000 
-0.434873 -1.733557 0.139513 1.962169 -2.043546 0.995095 0.983948 0.136026 -1.000000 
-0.448552 -1.686117 0.155138 1.944050 -2.035438 1.031570 0.984970 0.119950 -1.000000 
-0.461849 -1.637845 0.170614 1.924493 -2.027047 1.065658 0.985874 0.106319 -1.000000 
-0.474756 -1.588845 0.185927 1.903567 -2.018394 1.097296 0.986677 0.094702 -1.000000 
-0.487269 -1.539219 0.201067 1.881346 -2.009497 1.126431 0.987393 0.084751 -1.000000 
-0.499382 -1.489068 0.216025 1.857904 -2.000378 1.153017 0.988036 0.076186 -1.000000 
-0.511093 -1.438492 0.230791 1.833317 -1.991056 1.177019 0.988616 0.068779 -1.000000 
-0.522397 -1.387589 0.245355 1.807661 -1.981552 1.198410 0.989139 0.062345 -1.000000 
-0.533293 -1.336453 0.259711 1.781014 -1.971888 1.217168 0.989615 0.056733 -1.000000 
-0.543780 -1.285178 0.273849 1.753454 -1.962085 1.233284 0.990049 0.051816 -1.000000 
-0.553856 -1.233851 0.287764 1.725057 -1.952163 1.246752 0.990446 0.047493 -1.000000 
-0.563522 -1.182560 0.301448 1.695901 -1.942144 1.257577 0.990810 0.043678 -1.000000 
-0.572777 -1.131386 0.314896 1.666060 -1.932049 1.265770 0.991146 0.040298 -1.000000 
-0.581624 -1.080406 0.328103 1.635609 -1.921898 1.271346 0.991456 0.037295 -1.000000 
-0.590065 -1.029696 0.341064 1.604621 -1.911714 1.274329 0.991743 0.034618 -1.000000 
-0.598100 -0.979324 0.353776 1.573166 -1.901516 1.274749 0.992011 0.032225 -1.000000 
-0.605735 -0.929355 0.366234 1.541313 -1.891325 1.272641 0.992260 0.030079 -1.000000 
-0.612971 -0.879850 0.378436 1.509127 -1.881160 1.268043 0.992493 0.028149 -1.000000 
-0.619814 -0.830864 0.390379 1.476673 -1.871043 1.261001 0.992711 0.026410 -1.000000 
-0.626267 -0.782449 0.402062 1.444010 -1.860991 1.251565 0.992916 0.024840 -1.000000 
-0.632335 -0.734650 0.413483 1.411197 -1.851024 1.239786 0.993108 0.023417 -1.000000 
-0.638023 -0.687508 0.424641 1.378286 -1.841160 1.225721 0.993291 0.022127 -1.000000 
-0.643337 -0.641060 0.435536 1.345329 -1.831418 1.209431 0.993463 0.020954 -1.000000 
-0.648282 -0.595338 0.446166 1.312374 -1.821815 1.190978 0.993626 0.019886 -1.000000 
-0.652864 -0.550368 0.456534 1.279463 -1.812368 1.170427 0.993781 0.018912 -1.000000 
-0.657090 -0.506173 0.466638 1.246638 -1.803094 1.147846 0.993929 0.018022 -1.000000 
-0.660965 -0.462770 0.476480 1.213934 -1.794008 1.123303 0.994070 0.017209 -1.000000 
-0.664496 -0.420174 0.486061 1.181384 -1.785126 1.096870 0.994204 0.016464 -1.000000 
-0.667690 -0.378392 0.495383 1.149017 -1.776463 1.068619 0.994333 0.015781 -1.000000 
-0.670553 -0.337430 0.504446 1.116859 -1.768033 1.038622 0.994457 0.015154 -1.000000 
-0.673091 -0.297289 0.513253 1.084929 -1.759849 1.006955 0.994576 0.014579 -1.000000 
-0.675311 -0.257966 0.521806 1.053248 -1.751926 0.973690 0.994690 0.014051 -1.000000 
-0.677221 -0.219455 0.530106 1.021827 -1.744274 0.938903 0.994801 0.013565 -1.000000 
-0.678825 -0.181744 0.538156 0.990678 -1.736907 0.902669 0.994908 0.013119 -1.000000 
-0.680131 -0.144822 0.545957 0.959807 -1.729835 0.865062 0.995011 0.012710 -1.000000 
-0.681144 -0.108671 0.553513 0.929219 -1.723070 0.826157 0.995111 0.012334 -1.000000 
-0.681871 -0.073273 0.560826 0.898912 -1.716620 0.786028 0.995208 0.011989 -1.000000 
-0.682318 -0.038605 0.567897 0.868884 -1.710496 0.744750 0.995303 0.011673 -1.000000 
-0.682491 -0.004643 0.574729 0.839128 -1.704707 0.702395 0.995395 0.011384 -1.000000 
-0.682394 0.028640 0.581323 0.809635 -1.699260 0.659037 0.995485 0.011120 -1.000000 
-0.682034 0.061273 0.587683 0.780393 -1.694165 0.614747 0.995573 0.010880 -1.000000 
-0.681416 0.093287 0.593810 0.751385 -1.689427 0.569597 0.995659 0.010662 -1.000000 
-0.680543 0.124713 0.599706 0.722594 -1.685053 0.523659 0.995744 0.010465 -1.000000 
-0.679422 0.155587 0.605372 0.694000 -1.681050 0.477001 0.995827 0.010288 -1.000000 
-0.678055 0.185942 0.610811 0.665579 -1.677423 0.429695 0.995908 0.010130 -1.000000 
-0.676448 0.215816 0.616022 0.637307 -1.674177 0.381808 0.995989 0.009990 -1.000000 
-0.674603 0.245245 0.621008 0.609156 -1.671315 0.333408 0.996068 0.009867 -1.000000 
-0.672525 0.274268 0.625769 0.581097 -1.668843 0.284564 0.996147 0.009761 -1.000000 
-0.670216 0.302923 0.630306 0.553099 -1.666763 0.235342 0.996225 0.009671 -1.000000 
-0.667679 0.331248 0.634618 0.525129 -1.665079 0.185810 0.996302 0.009597 -1.000000 
-0.664917 0.359283 0.638708 0.497153 -1.663791 0.136033 0.996378 0.009538 -1.000000 
-0.661931 0.387066 0.642573 0.469135 -1.662903 0.086078 0.996454 0.009494 -1.000000 
-0.658724 0.414635 0.646214 0.441039 -1.662414 0.036010 0.996530 0.009465 -1.000000 
-0.655298 0.442030 0.649629 0.412826 -1.662327 -0.014104 0.996606 0.009451 -1.000000 
-0.651652 0.469287 0.652818 0.384459 -1.662640 -0.064201 0.996681 0.009451 -1.000000 
-0.647789 0.496443 0.655780 0.355899 -1.663354 -0.114212 0.996757 0.009466 -1.000000 
-0.643709 0.523535 0.658512 0.327105 -1.664467 -0.164074 0.996833 0.009495 -1.000000 
-0.639413 0.550597 0.661013 0.298037 -1.665978 -0.213720 0.996909 0.009540 -1.000000 
-0.634900 0.577663 0.663280 0.268656 -1.667886 -0.263083 0.996986 0.009599 -1.000000 
-0.630170 0.604764 0.665310 0.238921 -1.670187 -0.312097 0.997063 0.009673 -1.000000 
-0.625223 0.631933 0.667102 0.208794 -1.672878 -0.360695 0.997140 0.009763 -1.000000 
-0.620059 0.659197 0.668650 0.178234 -1.675956 -0.408809 0.997219 0.009869 -1.000000 
-0.614676 0.686583 0.669952 0.147202 -1.679417 -0.456371 0.997298 0.009991 -1.000000 
-0.609073 0.714118 0.671004 0.115662 -1.683257 -0.503311 0.997379 0.010131 -1.000000 
-0.603250 0.741822 0.671801 0.083577 -1.687469 -0.549561 0.997460 0.010289 -1.000000 
-0.597204 0.769719 0.672340 0.050910 -1.692048 -0.595049 0.997543 0.010465 -1.000000 
-0.590934 0.797824 0.672614 0.017628 -1.696987 -0.639705 0.997628 0.010661 -1.000000 
-0.584438 0.826154 0.672620 -0.016301 -1.702280 -0.683458 0.997714 0.010878 -1.000000 
-0.577714 0.854722 0.672351 -0.050908 -1.707920 -0.726233 0.997802 0.011117 -1.000000 
-0.570762 0.883538 0.671803 -0.086221 -1.713897 -0.767959 0.997892 0.011379 -1.000000 
-0.563577 0.912609 0.670970 -0.122267 -1.720204 -0.808562 0.997984 0.011667 -1.000000 
-0.556159 0.941938 0.669845 -0.159068 -1.726831 -0.847966 0.998079 0.011981 -1.000000 
-0.548505 0.971528 0.668423 -0.196647 -1.733768 -0.886096 0.998176 0.012324 -1.000000 
-0.540614 1.001374 0.666697 -0.235021 -1.741005 -0.922879 0.998276 0.012698 -1.000000 
-0.532483 1.031472 0.664660 -0.274204 -1.748531 -0.958236 0.998379 0.013105 -1.000000 
-0.524110 1.061811 0.662307 -0.314209 -1.756333 -0.992094 0.998486 0.013549 -1.000000 
-0.515493 1.092380 0.659631 -0.355043 -1.764400 -1.024375 0.998596 0.014032 -1.000000 
-0.506631 1.123162 0.656624 -0.396711 -1.772719 -1.055003 0.998710 0.014559 -1.000000 
-0.497522 1.154137 0.653281 -0.439213 -1.781275 -1.083904 0.998829 0.015133 -1.000000 
-0.488165 1.185282 0.649595 -0.482545 -1.790056 -1.111003 0.998953 0.015759 -1.000000 
-0.478557 1.216568 0.645558 -0.526700 -1.799046 -1.136225 0.999081 0.016443 -1.000000 
-0.468699 1.247965 0.641165 -0.571666 -1.808231 -1.159497 0.999216 0.017189 -1.000000 
-0.458590 1.279438 0.636410 -0.617424 -1.817593 -1.180748 0.999357 0.018007 -1.000000 
-0.448228 1.310950 0.631285 -0.663955 -1.827117 -1.199907 0.999504 0.018902 -1.000000 
-0.437614 1.342457 0.625784 -0.711232 -1.836786 -1.216907 0.999659 0.019885 -1.000000 
-0.426749 1.373914 0.619903 -0.759223 -1.846582 -1.231682 0.999823 0.020965 -1.000000 
-0.415632 1.405272 0.613635 -0.807892 -1.856486 -1.244167 0.999995 0.022155 -1.000000 
-0.404265 1.436480 0.606975 -0.857200 -1.866482 -1.254304 1.000178 0.023468 -1.000000 
-0.392649 1.467481 0.599918 -0.907098 -1.876549 -1.262035 1.000371 0.024922 -1.000000 
-0.380786 1.498216 0.592460 -0.957537 -1.886668 -1.267306 1.000577 0.026533 -1.000000 
-0.368678 1.528624 0.584596 -1.008460 -1.896819 -1.270070 1.000796 0.028326 -1.000000 
-0.356329 1.558641 0.576323 -1.059806 -1.906982 -1.270280 1.001030 0.030324 -1.000000 
-0.343741 1.588199 0.567638 -1.111509 -1.917137 -1.267897 1.001282 0.032559 -1.000000 
-0.330919 1.617229 0.558539 -1.163499 -1.927262 -1.262886 1.001552 0.035067 -1.000000 
-0.317867 1.645660 0.549022 -1.215700 -1.937336 -1.255218 1.001844 0.037890 -1.000000 
-0.304590 1.673420 0.539087 -1.268032 -1.947338 -1.244869 1.002159 0.041081 -1.000000 
-0.291095 1.700432 0.528733 -1.320412 -1.957247 -1.231823 1.002502 0.044699 -1.000000 
-0.277386 1.726621 0.517960 -1.372751 -1.967040 -1.216069 1.002876 0.048820 -1.000000 
-0.263471 1.751912 0.506770 -1.424957 -1.976696 -1.197604 1.003285 0.053534 -1.000000 
-0.249358 1.776225 0.495162 -1.476935 -1.986194 -1.176429 1.003734 0.058950 -1.000000 
-0.235054 1.799485 0.483139 -1.528587 -1.995512 -1.152557 1.004230 0.065204 -1.000000 
-0.220569 1.821614 0.470706 -1.579812 -2.004628 -1.126006 1.004780 0.072462 -1.000000 
-0.205912 1.842535 0.457864 -1.630505 -2.013521 -1.096800 1.005393 0.080931 -1.000000 
-0.191092 1.862172 0.444619 -1.680561 -2.022170 -1.064974 1.006079 0.090871 -1.000000 
-0.176120 1.880451 0.430977 -1.729874 -2.030554 -1.030568 1.006852 0.102609 -1.000000 
-0.161008 1.897300 0.416943 -1.778335 -2.038652 -0.993632 1.007727 0.116558 -1.000000 
-0.145768 1.912646 0.402526 -1.825835 -2.046445 -0.954220 1.008724 0.133249 -1.000000 
-0.130410 1.926423 0.387733 -1.872265 -2.053913 -0.912396 1.009868 0.153359 -1.000000 
-0.114949 1.938563 0.372573 -1.917517 -2.061037 -0.868230 1.011189 0.177768 -1.000000 
-0.099398 1.949004 0.357056 -1.961484 -2.067799 -0.821797 1.012726 0.207616 -1.000000 
-0.083770 1.957685 0.341193 -2.004059 -2.074180 -0.773177 1.014529 0.244394 -1.000000 
-0.068080 1.964551 0.324995 -2.045137 -2.080164 -0.722457 1.016660 0.290047 -1.000000 
-0.052342 1.969546 0.308475 -2.084618 -2.085734 -0.669722 1.019200 0.347111 -1.000000 
-0.036572 1.972621 0.291646 -2.122402 -2.090875 -0.615062 1.022253 0.418869 -1.000000 
-0.020785 1.973728 0.274521 -2.158394 -2.095570 -0.558561 1.025953 0.509488 -1.000000 
-0.004998 1.972820 0.257116 -2.192500 -2.099807 -0.500301 1.030469 0.624082 -1.000000 
0.010774 1.969853 0.239447 -2.224633 -2.103571 -0.440353 1.036017 0.768502 -1.000000 
0.026514 1.964782 0.221528 -2.254705 -2.106848 -0.378772 1.042860 0.948533 -1.000000 
0.042205 1.957558 0.203377 -2.282632 -2.109627 -0.315597 1.051299 1.167910 -1.000000 
0.057829 1.948131 0.185012 -2.308329 -2.111894 -0.250843 1.061647 1.424463 -1.000000 
0.073369 1.936442 0.166450 -2.331707 -2.113636 -0.184505 1.074154 1.704216 -1.000000 
0.088806 1.922426 0.147711 -2.352668 -2.114841 -0.116570 1.088893 1.975443 -1.000000 
0.104122 1.906015 0.128814 -2.371099 -2.115497 -0.047051 1.105607 2.188686 -1.000000 
0.119296 1.887146 0.109780 -2.386871 -2.115590 0.023975 1.123613 2.290363 -1.000000 
0.134309 1.865773 0.090632 -2.399840 -2.115110 0.096325 1.141867 2.248710 -1.000000 
0.149141 1.841876 0.071391 -2.409865 -2.114046 0.169705 1.159233 2.073726 -1.000000 
0.163772 1.815464 0.052082 -2.416816 -2.112393 0.243732 1.174813 1.811638 -1.000000 
0.178182 1.786576 0.032730 -2.420592 -2.110146 0.317981 1.188139 1.518990 -1.000000 
0.192351 1.755272 0.013361 -2.421124 -2.107306 0.392026 1.199154 1.239417 -1.000000 
0.206260 1.721632 -0.005999 -2.418374 -2.103875 0.465456 1.208068 0.996091 -1.000000 
0.219891 1.685749 -0.025324 -2.412336 -2.099861 0.537888 1.215207 0.795799 -1.000000 
0.233227 1.647733 -0.044588 -2.403029 -2.095273 0.608967 1.220909 0.636085 -1.000000 
0.246250 1.607702 -0.063764 -2.390496 -2.090122 0.678367 1.225476 0.510776 -1.000000 
0.258945 1.565786 -0.082827 -2.374801 -2.084424 0.745787 1.229155 0.413068 -1.000000 
0.271298 1.522122 -0.101753 -2.356027 -2.078195 0.810953 1.232142 0.336875 -1.000000 
0.283295 1.476854 -0.120516 -2.334272 -2.071455 0.873614 1.234589 0.277224 -1.000000 
0.294923 1.430131 -0.139093 -2.309649 -2.064225 0.933545 1.236612 0.230231 -1.000000 
0.306173 1.382106 -0.157463 -2.282286 -2.056527 0.990542 1.238299 0.192931 -1.000000 
0.317034 1.332935 -0.175603 -2.252319 -2.048385 1.044421 1.239718 0.163082 -1.000000 
0.327498 1.282775 -0.193493 -2.219896 -2.039825 1.095023 1.240923 0.138996 -1.000000 
0.337556 1.231784 -0.211115 -2.185171 -2.030873 1.142208 1.241954 0.119398 -1.000000 
0.347204 1.180120 -0.228450 -2.148305 -2.021559 1.185855 1.242843 0.103324 -1.000000 
0.356437 1.127936 -0.245483 -2.109465 -2.011909 1.225866 1.243615 0.090036 -1.000000 
0.365250 1.075385 -0.262197 -2.068821 -2.001955 1.262159 1.244290 0.078970 -1.000000 
0.373642 1.022615 -0.278580 -2.026546 -1.991725 1.294673 1.244883 0.069689 -1.000000 
0.381612 0.969771 -0.294618 -1.982813 -1.981250 1.323363 1.245408 0.061853 -1.000000 
0.389159 0.916992 -0.310301 -1.937796 -1.970561 1.348204 1.245876 0.055196 -1.000000 
0.396284 0.864408 -0.325620 -1.891665 -1.959689 1.369186 1.246294 0.049506 -1.000000 
0.402990 0.812148 -0.340565 -1.844592 -1.948665 1.386314 1.246670 0.044616 -1.000000 
0.409280 0.760328 -0.355131 -1.796741 -1.937518 1.399608 1.247010 0.040391 -1.000000 
0.415157 0.709062 -0.369311 -1.748274 -1.926281 1.409103 1.247318 0.036723 -1.000000 
0.420627 0.658452 -0.383102 -1.699348 -1.914983 1.414846 1.247599 0.033524 -1.000000 
0.425694 0.608592 -0.396500 -1.650111 -1.903653 1.416896 1.247855 0.030721 -1.000000 
0.430366 0.559571 -0.409504 -1.600709 -1.892322 1.415322 1.248091 0.028255 -1.000000 
0.434650 0.511466 -0.422111 -1.551276 -1.881018 1.410206 1.248308 0.026078 -1.000000 
0.438552 0.464346 -0.434324 -1.501940 -1.869768 1.401633 1.248509 0.024149 -1.000000 
0.442082 0.418273 -0.446143 -1.452820 -1.858600 1.389701 1.248695 0.022433 -1.000000 
0.000000 0.000000 0.000000 0.000000 0.000000 0.000000 0.000000 0.000000 0.000000 
