1.394895 0.128728 0.777864 -2.363865 -1.749553 -1.654217 0.720819 -0.017158 1.000000 
1.395697 0.071519 0.758823 -2.396310 -1.762930 -1.689946 0.720680 -0.017670 1.000000 
1.396036 0.013067 0.739523 -2.428637 -1.776588 -1.724194 0.720536 -0.018213 1.000000 
1.395903 -0.046633 0.719966 -2.460815 -1.790513 -1.756908 0.720388 -0.018789 1.000000 
1.395287 -0.107582 0.700151 -2.492810 -1.804694 -1.788033 0.720236 -0.019400 1.000000 
1.394178 -0.169781 0.680081 -2.524587 -1.819117 -1.817515 0.720078 -0.020047 1.000000 
1.392567 -0.233226 0.659758 -2.556106 -1.833770 -1.845301 0.719915 -0.020735 1.000000 
1.390443 -0.297911 0.639184 -2.587327 -1.848637 -1.871336 0.719746 -0.021464 1.000000 
1.387797 -0.363825 0.618362 -2.618209 -1.863706 -1.895567 0.719571 -0.022240 1.000000 
1.384619 -0.430955 0.597294 -2.648706 -1.878962 -1.917943 0.719390 -0.023063 1.000000 
1.380899 -0.499284 0.575984 -2.678773 -1.894388 -1.938410 0.719202 -0.023939 1.000000 
1.376627 -0.568792 0.554435 -2.708361 -1.909971 -1.956918 0.719007 -0.024871 1.000000 
1.371795 -0.639454 0.532651 -2.737420 -1.925694 -1.973418 0.718804 -0.025863 1.000000 
1.366393 -0.711244 0.510638 -2.765900 -1.941540 -1.987861 0.718593 -0.026920 1.000000 
1.360412 -0.784128 0.488399 -2.793746 -1.957494 -2.000200 0.718373 -0.028047 1.000000 
1.353844 -0.858073 0.465940 -2.820904 -1.973538 -2.010389 0.718144 -0.029249 1.000000 
1.346680 -0.933037 0.443266 -2.847318 -1.989654 -2.018385 0.717905 -0.030532 1.000000 
1.338913 -1.008979 0.420385 -2.872932 -2.005826 -2.024147 0.717655 -0.031903 1.000000 
1.330534 -1.085850 0.397302 -2.897687 -2.022034 -2.027634 0.717394 -0.033369 1.000000 
1.321537 -1.163600 0.374024 -2.921524 -2.038262 -2.028811 0.717121 -0.034938 1.000000 
1.311914 -1.242172 0.350560 -2.944384 -2.054489 -2.027642 0.716835 -0.036617 1.000000 
1.301660 -1.321509 0.326917 -2.966206 -2.070698 -2.024097 0.716535 -0.038417 1.000000 
1.290768 -1.401546 0.303103 -2.986931 -2.086868 -2.018146 0.716220 -0.040348 1.000000 
1.279234 -1.482216 0.279129 -3.006497 -2.102982 -2.009764 0.715889 -0.042420 1.000000 
1.267051 -1.563450 0.255003 -3.024843 -2.119018 -1.998930 0.715541 -0.044646 1.000000 
1.254217 -1.645172 0.230735 -3.041910 -2.134958 -1.985625 0.715174 -0.047039 1.000000 
1.240728 -1.727304 0.206336 -3.057637 -2.150781 -1.969835 0.714788 -0.049613 1.000000 
1.226579 -1.809765 0.181816 -3.071964 -2.166469 -1.951549 0.714380 -0.052385 1.000000 
1.211771 -1.892469 0.157188 -3.084834 -2.181999 -1.930760 0.713949 -0.055370 1.000000 
1.196300 -1.975329 0.132463 -3.096188 -2.197354 -1.907467 0.713493 -0.058589 1.000000 
1.180165 -2.058252 0.107653 -3.105970 -2.212512 -1.881671 0.713011 -0.062060 1.000000 
1.163368 -2.141145 0.082772 -3.114125 -2.227454 -1.853380 0.712500 -0.065805 1.000000 
1.145907 -2.223911 0.057832 -3.120600 -2.242160 -1.822606 0.711957 -0.069848 1.000000 
1.127786 -2.306450 0.032847 -3.125344 -2.256609 -1.789365 0.711381 -0.074213 1.000000 
1.109005 -2.388662 0.007831 -3.128309 -2.270783 -1.753678 0.710769 -0.078926 1.000000 
1.089568 -2.470442 -0.017201 -3.129446 -2.284662 -1.715573 0.710117 -0.084016 1.000000 
1.069479 -2.551685 -0.042235 -3.128713 -2.298226 -1.675081 0.709424 -0.089510 1.000000 
1.048743 -2.632285 -0.067255 -3.126067 -2.311457 -1.632239 0.708684 -0.095440 1.000000 
1.027365 -2.712134 -0.092247 -3.121472 -2.324336 -1.587089 0.707895 -0.101834 1.000000 
1.005351 -2.791123 -0.117194 -3.114891 -2.336844 -1.539679 0.707053 -0.108724 1.000000 
0.982709 -2.869143 -0.142080 -3.106293 -2.348965 -1.490063 0.706154 -0.116137 1.000000 
0.959448 -2.946086 -0.166889 -3.095650 -2.360679 -1.438297 0.705194 -0.124101 1.000000 
0.935575 -3.021842 -0.191605 -3.082939 -2.371972 -1.384446 0.704167 -0.132637 1.000000 
0.911102 -3.096302 -0.216210 -3.068138 -2.382825 -1.328578 0.703070 -0.141765 1.000000 
0.886038 -3.169359 -0.240689 -3.051231 -2.393224 -1.270767 0.701897 -0.151492 1.000000 
0.860396 -3.240907 -0.265024 -3.032207 -2.403152 -1.211091 0.700644 -0.161819 1.000000 
0.834188 -3.310840 -0.289199 -3.011057 -2.412596 -1.149634 0.699307 -0.172731 1.000000 
0.807427 -3.379057 -0.313196 -2.987779 -2.421542 -1.086485 0.697879 -0.184198 1.000000 
0.780128 -3.445456 -0.336998 -2.962375 -2.429976 -1.021735 0.696358 -0.196166 1.000000 
0.752305 -3.509940 -0.360588 -2.934849 -2.437886 -0.955483 0.694739 -0.208562 1.000000 
0.723974 -3.572414 -0.383950 -2.905213 -2.445260 -0.887828 0.693020 -0.221282 1.000000 
0.695152 -3.632788 -0.407066 -2.873481 -2.452088 -0.818876 0.691198 -0.234192 1.000000 
0.665855 -3.690974 -0.429920 -2.839675 -2.458359 -0.748735 0.689273 -0.247128 1.000000 
0.636102 -3.746888 -0.452495 -2.803818 -2.464064 -0.677515 0.687245 -0.259892 1.000000 
0.605911 -3.800452 -0.474776 -2.765939 -2.469196 -0.605332 0.685116 -0.272258 1.000000 
0.575302 -3.851592 -0.496745 -2.726072 -2.473748 -0.532301 0.682890 -0.283976 1.000000 
0.544293 -3.900238 -0.518387 -2.684255 -2.477711 -0.458540 0.680575 -0.294779 1.000000 
0.512905 -3.946328 -0.539688 -2.640530 -2.481083 -0.384169 0.678177 -0.304396 1.000000 
0.481158 -3.989801 -0.560631 -2.594942 -2.483857 -0.309308 0.675708 -0.312565 1.000000 
0.449075 -4.030607 -0.581202 -2.547543 -2.486030 -0.234078 0.673181 -0.319047 1.000000 
0.416676 -4.068697 -0.601387 -2.498385 -2.487601 -0.158601 0.670609 -0.323643 1.000000 
0.383983 -4.104031 -0.621172 -2.447525 -2.488568 -0.082997 0.668008 -0.326209 1.000000 
0.351019 -4.136574 -0.640543 -2.395024 -2.488929 -0.007387 0.665395 -0.326663 1.000000 
0.317805 -4.166295 -0.659488 -2.340944 -2.488686 0.068111 0.662787 -0.324993 1.000000 
0.284366 -4.193171 -0.677994 -2.285350 -2.487840 0.143379 0.660200 -0.321259 1.000000 
0.250722 -4.217186 -0.696050 -2.228310 -2.486393 0.218301 0.657652 -0.315587 1.000000 
0.216898 -4.238326 -0.713643 -2.169894 -2.484349 0.292764 0.655156 -0.308158 1.000000 
0.182917 -4.256586 -0.730764 -2.110175 -2.481710 0.366656 0.652725 -0.299198 1.000000 
0.148801 -4.271966 -0.747403 -2.049224 -2.478484 0.439868 0.650372 -0.288963 1.000000 
0.114573 -4.284469 -0.763549 -1.987118 -2.474675 0.512293 0.648105 -0.277718 1.000000 
0.080257 -4.294106 -0.779194 -1.923933 -2.470290 0.583829 0.645930 -0.265730 1.000000 
0.045875 -4.300893 -0.794329 -1.859745 -2.465336 0.654372 0.643854 -0.253254 1.000000 
0.011450 -4.304849 -0.808947 -1.794633 -2.459822 0.723827 0.641879 -0.240521 1.000000 
-0.022995 -4.306000 -0.823041 -1.728675 -2.453758 0.792097 0.640006 -0.227736 1.000000 
-0.057439 -4.304376 -0.836604 -1.661951 -2.447152 0.859090 0.638235 -0.215074 1.000000 
-0.091858 -4.300011 -0.849630 -1.594540 -2.440016 0.924719 0.636564 -0.202676 1.000000 
-0.126232 -4.292944 -0.862115 -1.526523 -2.432361 0.988897 0.634991 -0.190657 1.000000 
-0.160538 -4.283219 -0.874053 -1.457978 -2.424198 1.051543 0.633512 -0.179098 1.000000 
-0.194756 -4.270882 -0.885442 -1.388986 -2.415540 1.112579 0.632124 -0.168062 1.000000 
-0.228865 -4.255984 -0.896276 -1.319626 -2.406401 1.171929 0.630822 -0.157585 1.000000 
-0.262845 -4.238582 -0.906555 -1.249976 -2.396794 1.229524 0.629601 -0.147688 1.000000 
-0.296676 -4.218733 -0.916275 -1.180113 -2.386734 1.285295 0.628457 -0.138378 1.000000 
-0.330339 -4.196498 -0.925436 -1.110116 -2.376234 1.339181 0.627386 -0.129650 1.000000 
-0.363814 -4.171944 -0.934037 -1.040059 -2.365312 1.391123 0.626382 -0.121491 1.000000 
-0.397084 -4.145138 -0.942077 -0.970018 -2.353982 1.441064 0.625440 -0.113880 1.000000 
-0.430130 -4.116150 -0.949557 -0.900064 -2.342260 1.488955 0.624558 -0.106793 1.000000 
-0.462936 -4.085053 -0.956479 -0.830270 -2.330164 1.534750 0.623730 -0.100204 1.000000 
-0.495486 -4.051923 -0.962842 -0.760705 -2.317710 1.578406 0.622954 -0.094085 1.000000 
-0.527762 -4.016836 -0.968651 -0.691437 -2.304915 1.619884 0.622224 -0.088405 1.000000 
-0.559750 -3.979873 -0.973906 -0.622532 -2.291798 1.659152 0.621538 -0.083137 1.000000 
-0.591435 -3.941112 -0.978612 -0.554053 -2.278375 1.696179 0.620893 -0.078252 1.000000 
-0.622803 -3.900636 -0.982773 -0.486061 -2.264665 1.730941 0.620285 -0.073722 1.000000 
-0.653841 -3.858527 -0.986391 -0.418616 -2.250686 1.763416 0.619712 -0.069522 1.000000 
-0.684536 -3.814868 -0.989472 -0.351774 -2.236456 1.793587 0.619172 -0.065626 1.000000 
-0.714875 -3.769744 -0.992021 -0.285589 -2.221995 1.821441 0.618661 -0.062012 1.000000 
-0.744848 -3.723239 -0.994043 -0.220111 -2.207320 1.846969 0.618179 -0.058658 1.000000 
-0.774443 -3.675436 -0.995545 -0.155390 -2.192449 1.870167 0.617722 -0.055543 1.000000 
-0.803651 -3.626420 -0.996532 -0.091472 -2.177403 1.891032 0.617290 -0.052649 1.000000 
-0.832463 -3.576275 -0.997011 -0.028399 -2.162199 1.909566 0.616879 -0.049958 1.000000 
-0.860869 -3.525082 -0.996988 0.033788 -2.146856 1.925777 0.616490 -0.047455 1.000000 
-0.888862 -3.472925 -0.996472 0.095052 -2.131393 1.939673 0.616120 -0.045125 1.000000 
-0.916434 -3.419884 -0.995470 0.155359 -2.115828 1.951266 0.615767 -0.042954 1.000000 
-0.943578 -3.366039 -0.993989 0.214676 -2.100179 1.960572 0.615432 -0.040930 1.000000 
-0.970288 -3.311469 -0.992038 0.272974 -2.084465 1.967611 0.615112 -0.039042 1.000000 
-0.996560 -3.256251 -0.989625 0.330229 -2.068703 1.972403 0.614807 -0.037279 1.000000 
-1.022387 -3.200459 -0.986757 0.386415 -2.052912 1.974974 0.614515 -0.035631 1.000000 
-1.047766 -3.144167 -0.983445 0.441513 -2.037109 1.975350 0.614237 -0.034090 1.000000 
-1.072692 -3.087446 -0.979696 0.495505 -2.021312 1.973560 0.613970 -0.032648 1.000000 
-1.097164 -3.030365 -0.975520 0.548376 -2.005538 1.969637 0.613714 -0.031297 1.000000 
-1.121177 -2.972992 -0.970925 0.600112 -1.989804 1.963613 0.613469 -0.030031 1.000000 
-1.144731 -2.915389 -0.965921 0.650704 -1.974126 1.955525 0.613233 -0.028844 1.000000 
-1.167823 -2.857621 -0.960517 0.700145 -1.958521 1.945410 0.613007 -0.027729 1.000000 
-1.190453 -2.799745 -0.954722 0.748428 -1.943004 1.933307 0.612789 -0.026682 1.000000 
-1.212619 -2.741819 -0.948545 0.795551 -1.927593 1.919256 0.612580 -0.025698 1.000000 
-1.234322 -2.683896 -0.941996 0.841513 -1.912301 1.903301 0.612378 -0.024773 1.000000 
-1.255561 -2.626029 -0.935084 0.886315 -1.897145 1.885483 0.612183 -0.023902 1.000000 
-1.276338 -2.568265 -0.927818 0.929962 -1.882139 1.865848 0.611995 -0.023081 1.000000 
-1.296654 -2.510650 -0.920208 0.972457 -1.867296 1.844439 0.611814 -0.022309 1.000000 
-1.316509 -2.453228 -0.912262 1.013809 -1.852632 1.821304 0.611638 -0.021580 1.000000 
-1.335906 -2.396037 -0.903990 1.054026 -1.838160 1.796489 0.611469 -0.020893 1.000000 
-1.354847 -2.339116 -0.895400 1.093120 -1.823893 1.770040 0.611304 -0.020245 1.000000 
-1.373333 -2.282498 -0.886503 1.131101 -1.809843 1.742007 0.611145 -0.019634 1.000000 
-1.391368 -2.226213 -0.877306 1.167983 -1.796025 1.712435 0.610990 -0.019056 1.000000 
-1.408953 -2.170292 -0.867818 1.203783 -1.782448 1.681375 0.610840 -0.018511 1.000000 
-1.426093 -2.114759 -0.858048 1.238514 -1.769126 1.648873 0.610694 -0.017996 1.000000 
-1.442791 -2.059636 -0.848004 1.272196 -1.756070 1.614978 0.610552 -0.017509 1.000000 
-1.459049 -2.004945 -0.837696 1.304846 -1.743290 1.579739 0.610413 -0.017049 1.000000 
-1.474871 -1.950700 -0.827130 1.336484 -1.730798 1.543203 0.610279 -0.016614 1.000000 
-1.490261 -1.896918 -0.816315 1.367129 -1.718602 1.505418 0.610147 -0.016204 1.000000 
-1.505223 -1.843609 -0.805258 1.396803 -1.706714 1.466433 0.610019 -0.015816 1.000000 
-1.519760 -1.790782 -0.793968 1.425527 -1.695143 1.426293 0.609894 -0.015449 1.000000 
-1.533877 -1.738445 -0.782452 1.453324 -1.683897 1.385047 0.609772 -0.015103 1.000000 
-1.547576 -1.686600 -0.770717 1.480214 -1.672985 1.342740 0.609653 -0.014777 1.000000 
-1.560864 -1.635249 -0.758771 1.506223 -1.662415 1.299418 0.609536 -0.014469 1.000000 
-1.573742 -1.584391 -0.746620 1.531372 -1.652197 1.255127 0.609421 -0.014178 1.000000 
-1.586215 -1.534023 -0.734271 1.555685 -1.642336 1.209912 0.609309 -0.013905 1.000000 
-1.598287 -1.484140 -0.721731 1.579187 -1.632840 1.163817 0.609199 -0.013647 1.000000 
-1.609963 -1.434732 -0.709006 1.601899 -1.623717 1.116886 0.609090 -0.013405 1.000000 
-1.621244 -1.385791 -0.696103 1.623846 -1.614972 1.069162 0.608984 -0.013177 1.000000 
-1.632136 -1.337304 -0.683027 1.645051 -1.606612 1.020688 0.608880 -0.012964 1.000000 
-1.642642 -1.289259 -0.669784 1.665537 -1.598643 0.971504 0.608777 -0.012765 1.000000 
-1.652766 -1.241638 -0.656380 1.685328 -1.591070 0.921654 0.608675 -0.012579 1.000000 
-1.662510 -1.194424 -0.642821 1.704445 -1.583898 0.871176 0.608575 -0.012405 1.000000 
-1.671878 -1.147598 -0.629111 1.722912 -1.577133 0.820112 0.608477 -0.012244 1.000000 
-1.680872 -1.101139 -0.615256 1.740749 -1.570778 0.768501 0.608379 -0.012095 1.000000 
-1.689497 -1.055025 -0.601260 1.757979 -1.564838 0.716382 0.608283 -0.011957 1.000000 
-1.697754 -1.009231 -0.587130 1.774621 -1.559317 0.663793 0.608188 -0.011831 1.000000 
-1.705645 -0.963733 -0.572868 1.790696 -1.554219 0.610772 0.608094 -0.011715 1.000000 
-1.713174 -0.918503 -0.558480 1.806223 -1.549546 0.557356 0.608001 -0.011611 1.000000 
-1.720342 -0.873513 -0.543970 1.821221 -1.545302 0.503583 0.607908 -0.011517 1.000000 
-1.727151 -0.828736 -0.529342 1.835708 -1.541489 0.449488 0.607816 -0.011433 1.000000 
-1.733602 -0.784139 -0.514600 1.849701 -1.538111 0.395108 0.607725 -0.011360 1.000000 
-1.739697 -0.739694 -0.499748 1.863216 -1.535168 0.340478 0.607634 -0.011296 1.000000 
-1.745438 -0.695367 -0.484790 1.876269 -1.532664 0.285634 0.607544 -0.011242 1.000000 
-1.750823 -0.651126 -0.469729 1.888874 -1.530599 0.230611 0.607455 -0.011198 1.000000 
-1.755856 -0.606938 -0.454569 1.901044 -1.528974 0.175444 0.607365 -0.011164 1.000000 
-1.760535 -0.562768 -0.439313 1.912792 -1.527792 0.120167 0.607276 -0.011139 1.000000 
-1.764860 -0.518582 -0.423965 1.924129 -1.527052 0.064814 0.607187 -0.011124 1.000000 
-1.768832 -0.474345 -0.408528 1.935067 -1.526755 0.009421 0.607098 -0.011118 1.000000 
-1.772449 -0.430022 -0.393005 1.945614 -1.526901 -0.045979 0.607009 -0.011122 1.000000 
-1.775712 -0.385577 -0.377399 1.955778 -1.527491 -0.101350 0.606920 -0.011135 1.000000 
-1.778618 -0.340974 -0.361714 1.965567 -1.528523 -0.156660 0.606831 -0.011158 1.000000 
-1.781167 -0.296177 -0.345951 1.974986 -1.529997 -0.211873 0.606741 -0.011191 1.000000 
-1.783356 -0.251150 -0.330115 1.984042 -1.531912 -0.266956 0.606652 -0.011233 1.000000 
-1.785184 -0.205858 -0.314208 1.992736 -1.534268 -0.321872 0.606562 -0.011284 1.000000 
-1.786649 -0.160265 -0.298232 2.001072 -1.537062 -0.376588 0.606471 -0.011346 1.000000 
-1.787748 -0.114336 -0.282191 2.009052 -1.540293 -0.431068 0.606380 -0.011417 1.000000 
-1.788478 -0.068035 -0.266088 2.016675 -1.543958 -0.485277 0.606288 -0.011499 1.000000 
-1.788835 -0.021328 -0.249926 2.023941 -1.548056 -0.539179 0.606196 -0.011591 1.000000 
-1.788818 0.025820 -0.233706 2.030846 -1.552584 -0.592738 0.606103 -0.011693 1.000000 
-1.788421 0.073440 -0.217433 2.037389 -1.557539 -0.645918 0.606009 -0.011806 1.000000 
-1.787641 0.121567 -0.201109 2.043564 -1.562918 -0.698680 0.605914 -0.011931 1.000000 
-1.786474 0.170231 -0.184737 2.049366 -1.568717 -0.750989 0.605818 -0.012066 1.000000 
-1.784916 0.219464 -0.168320 2.054787 -1.574932 -0.802806 0.605721 -0.012213 1.000000 
-1.782961 0.269295 -0.151861 2.059820 -1.581560 -0.854093 0.605623 -0.012372 1.000000 
-1.780606 0.319754 -0.135364 2.064455 -1.588596 -0.904810 0.605523 -0.012543 1.000000 
-1.777844 0.370868 -0.118831 2.068682 -1.596035 -0.954919 0.605422 -0.012726 1.000000 
-1.774670 0.422662 -0.102266 2.072490 -1.603873 -1.004378 0.605319 -0.012923 1.000000 
-1.771079 0.475162 -0.085673 2.075865 -1.612104 -1.053148 0.605215 -0.013133 1.000000 
-1.767065 0.528390 -0.069054 2.078795 -1.620721 -1.101188 0.605109 -0.013358 1.000000 
-1.762623 0.582369 -0.052413 2.081264 -1.629721 -1.148454 0.605001 -0.013597 1.000000 
-1.757745 0.637118 -0.035755 2.083257 -1.639095 -1.194906 0.604892 -0.013851 1.000000 
-1.752427 0.692655 -0.019082 2.084757 -1.648837 -1.240499 0.604780 -0.014121 1.000000 
-1.746661 0.748997 -0.002400 2.085746 -1.658940 -1.285191 0.604666 -0.014408 1.000000 
-1.740441 0.806157 0.014288 2.086206 -1.669397 -1.328937 0.604549 -0.014713 1.000000 
-1.733760 0.864148 0.030978 2.086117 -1.680200 -1.371692 0.604430 -0.015035 1.000000 
-1.726612 0.922979 0.047665 2.085460 -1.691342 -1.413412 0.604308 -0.015377 1.000000 
-1.718990 0.982657 0.064344 2.084212 -1.702812 -1.454052 0.604184 -0.015738 1.000000 
-1.710887 1.043188 0.081010 2.082352 -1.714603 -1.493564 0.604057 -0.016121 1.000000 
-1.702297 1.104575 0.097660 2.079857 -1.726706 -1.531903 0.603926 -0.016527 1.000000 
-1.693212 1.166816 0.114286 2.076705 -1.739111 -1.569022 0.603792 -0.016955 1.000000 
-1.683626 1.229910 0.130885 2.072872 -1.751807 -1.604874 0.603655 -0.017409 1.000000 
-1.673531 1.293852 0.147450 2.068333 -1.764785 -1.639412 0.603513 -0.017889 1.000000 
-1.662922 1.358632 0.163977 2.063065 -1.778034 -1.672589 0.603368 -0.018396 1.000000 
-1.651791 1.424240 0.180457 2.057041 -1.791543 -1.704358 0.603219 -0.018934 1.000000 
-1.640132 1.490661 0.196887 2.050238 -1.805300 -1.734670 0.603065 -0.019502 1.000000 
-1.627938 1.557879 0.213259 2.042629 -1.819293 -1.763481 0.602907 -0.020104 1.000000 
-1.615204 1.625872 0.229567 2.034188 -1.833511 -1.790741 0.602744 -0.020742 1.000000 
-1.601922 1.694618 0.245804 2.024892 -1.847941 -1.816406 0.602575 -0.021417 1.000000 
-1.588088 1.764091 0.261963 2.014713 -1.862570 -1.840428 0.602401 -0.022132 1.000000 
-1.573695 1.834259 0.278037 2.003626 -1.877383 -1.862763 0.602221 -0.022891 1.000000 
-1.558738 1.905090 0.294018 1.991607 -1.892369 -1.883365 0.602034 -0.023695 1.000000 
-1.543212 1.976547 0.309900 1.978630 -1.907513 -1.902190 0.601841 -0.024548 1.000000 
-1.527111 2.048591 0.325674 1.964671 -1.922799 -1.919195 0.601642 -0.025454 1.000000 
-1.510433 2.121178 0.341332 1.949706 -1.938215 -1.934338 0.601434 -0.026417 1.000000 
-1.493171 2.194262 0.356866 1.933712 -1.953744 -1.947579 0.601219 -0.027439 1.000000 
-1.475323 2.267794 0.372269 1.916667 -1.969371 -1.958877 0.600995 -0.028527 1.000000 
-1.456886 2.341719 0.387530 1.898548 -1.985080 -1.968194 0.600762 -0.029684 1.000000 
-1.437855 2.415983 0.402642 1.879335 -2.000857 -1.975494 0.600520 -0.030917 1.000000 
-1.418229 2.490524 0.417597 1.859008 -2.016683 -1.980742 0.600267 -0.032230 1.000000 
-1.398006 2.565281 0.432384 1.837548 -2.032543 -1.983906 0.600004 -0.033629 1.000000 
-1.377184 2.640188 0.446994 1.814938 -2.048420 -1.984954 0.599729 -0.035123 1.000000 
-1.355763 2.715175 0.461419 1.791163 -2.064296 -1.983859 0.599442 -0.036717 1.000000 
-1.333741 2.790172 0.475650 1.766206 -2.080156 -1.980594 0.599141 -0.038420 1.000000 
-1.311120 2.865103 0.489676 1.740056 -2.095980 -1.975136 0.598827 -0.040241 1.000000 
-1.287900 2.939891 0.503487 1.712702 -2.111752 -1.967463 0.598497 -0.042189 1.000000 
-1.264083 3.014456 0.517076 1.684132 -2.127453 -1.957558 0.598151 -0.044274 1.000000 
-1.239670 3.088716 0.530430 1.654340 -2.143067 -1.945407 0.597788 -0.046508 1.000000 
-1.214664 3.162586 0.543542 1.623320 -2.158574 -1.930996 0.597407 -0.048902 1.000000 
-1.189070 3.235980 0.556400 1.591067 -2.173957 -1.914318 0.597005 -0.051470 1.000000 
-1.162890 3.308808 0.568996 1.557581 -2.189197 -1.895368 0.596583 -0.054225 1.000000 
-1.136130 3.380981 0.581318 1.522861 -2.204277 -1.874143 0.596137 -0.057183 1.000000 
-1.108796 3.452406 0.593358 1.486910 -2.219177 -1.850647 0.595667 -0.060360 1.000000 
-1.080894 3.522990 0.605105 1.449733 -2.233881 -1.824884 0.595171 -0.063775 1.000000 
-1.052431 3.592638 0.616551 1.411338 -2.248369 -1.796865 0.594646 -0.067444 1.000000 
-1.023415 3.661256 0.627684 1.371734 -2.262625 -1.766604 0.594091 -0.071390 1.000000 
-0.993854 3.728747 0.638495 1.330933 -2.276629 -1.734118 0.593503 -0.075632 1.000000 
-0.963758 3.795016 0.648975 1.288951 -2.290365 -1.699429 0.592880 -0.080193 1.000000 
-0.933137 3.859965 0.659115 1.245805 -2.303814 -1.662564 0.592219 -0.085096 1.000000 
-0.902002 3.923498 0.668905 1.201514 -2.316960 -1.623553 0.591517 -0.090365 1.000000 
-0.870365 3.985520 0.678336 1.156101 -2.329785 -1.582431 0.590772 -0.096024 1.000000 
-0.838238 4.045936 0.687400 1.109592 -2.342273 -1.539237 0.589980 -0.102097 1.000000 
-0.805635 4.104652 0.696087 1.062013 -2.354408 -1.494015 0.589137 -0.108608 1.000000 
-0.772569 4.161576 0.704389 1.013395 -2.366172 -1.446812 0.588241 -0.115578 1.000000 
-0.739054 4.216615 0.712299 0.963771 -2.377552 -1.397680 0.587287 -0.123027 1.000000 
-0.705108 4.269682 0.719807 0.913176 -2.388530 -1.346676 0.586271 -0.130971 1.000000 
-0.670745 4.320689 0.726907 0.861648 -2.399094 -1.293860 0.585190 -0.139422 1.000000 
-0.635983 4.369551 0.733591 0.809226 -2.409227 -1.239297 0.584039 -0.148382 1.000000 
-0.600838 4.416189 0.739852 0.755954 -2.418918 -1.183057 0.582814 -0.157849 1.000000 
-0.565330 4.460522 0.745684 0.701876 -2.428152 -1.125211 0.581512 -0.167806 1.000000 
-0.529476 4.502476 0.751080 0.647038 -2.436917 -1.065836 0.580128 -0.178223 1.000000 
-0.493297 4.541980 0.756035 0.591490 -2.445201 -1.005013 0.578659 -0.189057 1.000000 
-0.456811 4.578966 0.760542 0.535282 -2.452994 -0.942825 0.577102 -0.200241 1.000000 
-0.420040 4.613372 0.764598 0.478467 -2.460283 -0.879360 0.575455 -0.211692 1.000000 
-0.383004 4.645137 0.768196 0.421100 -2.467060 -0.814706 0.573715 -0.223300 1.000000 
-0.345725 4.674208 0.771334 0.363235 -2.473316 -0.748958 0.571882 -0.234933 1.000000 
-0.308224 4.700535 0.774007 0.304931 -2.479041 -0.682210 0.569956 -0.246434 1.000000 
-0.270524 4.724075 0.776212 0.246245 -2.484229 -0.614561 0.567940 -0.257625 1.000000 
-0.232647 4.744788 0.777946 0.187237 -2.488872 -0.546110 0.565836 -0.268306 1.000000 
-0.194615 4.762640 0.779207 0.127967 -2.492965 -0.476958 0.563649 -0.278266 1.000000 
-0.156452 4.777603 0.779993 0.068495 -2.496502 -0.407209 0.561386 -0.287288 1.000000 
-0.118181 4.789654 0.780303 0.008883 -2.499479 -0.336965 0.559055 -0.295156 1.000000 
-0.079825 4.798776 0.780135 -0.050808 -2.501892 -0.266332 0.556667 -0.301672 1.000000 
-0.041409 4.804956 0.779490 -0.110517 -2.503739 -0.195413 0.554233 -0.306660 1.000000 
-0.002954 4.808189 0.778367 -0.170182 -2.505018 -0.124314 0.551765 -0.309980 1.000000 
0.035515 4.808474 0.776767 -0.229743 -2.505728 -0.053139 0.549278 -0.311539 1.000000 
0.073974 4.805815 0.774691 -0.289139 -2.505868 0.018008 0.546785 -0.311292 1.000000 
0.112400 4.800222 0.772141 -0.348312 -2.505440 0.089026 0.544302 -0.309250 1.000000 
0.150769 4.791711 0.769119 -0.407201 -2.504445 0.159812 0.541842 -0.305476 1.000000 
0.189059 4.780301 0.765627 -0.465751 -2.502884 0.230266 0.539419 -0.300082 1.000000 
0.227247 4.766019 0.761668 -0.523904 -2.500761 0.300290 0.537044 -0.293222 1.000000 
0.265308 4.748893 0.757246 -0.581605 -2.498081 0.369787 0.534730 -0.285080 1.000000 
0.303221 4.728958 0.752364 -0.638800 -2.494847 0.438662 0.532486 -0.275862 1.000000 
0.340964 4.706253 0.747026 -0.695437 -2.491064 0.506823 0.530319 -0.265781 1.000000 
0.378514 4.680822 0.741238 -0.751465 -2.486740 0.574180 0.528235 -0.255052 1.000000 
0.415850 4.652711 0.735005 -0.806834 -2.481880 0.640643 0.526239 -0.243881 1.000000 
0.452951 4.621971 0.728331 -0.861498 -2.476492 0.706127 0.524334 -0.232458 1.000000 
0.489795 4.588659 0.721223 -0.915409 -2.470584 0.770550 0.522520 -0.220950 1.000000 
0.526362 4.552831 0.713687 -0.968524 -2.464166 0.833830 0.520798 -0.209506 1.000000 
0.562634 4.514551 0.705729 -1.020801 -2.457246 0.895888 0.519168 -0.198248 1.000000 
0.598589 4.473882 0.697356 -1.072199 -2.449835 0.956650 0.517626 -0.187275 1.000000 
0.634209 4.430894 0.688576 -1.122680 -2.441944 1.016044 0.516170 -0.176664 1.000000 
0.669477 4.385657 0.679396 -1.172207 -2.433582 1.073999 0.514798 -0.166473 1.000000 
0.704374 4.338245 0.669823 -1.220746 -2.424764 1.130450 0.513505 -0.156741 1.000000 
0.738883 4.288734 0.659867 -1.268264 -2.415499 1.185332 0.512289 -0.147493 1.000000 
0.772989 4.237202 0.649534 -1.314733 -2.405803 1.238585 0.511144 -0.138742 1.000000 
0.806674 4.183729 0.638834 -1.360123 -2.395687 1.290154 0.510068 -0.130488 1.000000 
0.839923 4.128397 0.627775 -1.404408 -2.385165 1.339983 0.509055 -0.122728 1.000000 
0.872723 4.071290 0.616366 -1.447566 -2.374252 1.388023 0.508103 -0.115448 1.000000 
0.905059 4.012494 0.604617 -1.489575 -2.362961 1.434226 0.507207 -0.108633 1.000000 
0.936919 3.952093 0.592536 -1.530416 -2.351309 1.478551 0.506363 -0.102263 1.000000 
0.968289 3.890176 0.580133 -1.570072 -2.339310 1.520956 0.505569 -0.096317 1.000000 
0.999158 3.826829 0.567418 -1.608528 -2.326979 1.561406 0.504821 -0.090771 1.000000 
1.029515 3.762141 0.554400 -1.645773 -2.314333 1.599867 0.504116 -0.085602 1.000000 
1.059349 3.696200 0.541089 -1.681795 -2.301386 1.636311 0.503451 -0.080788 1.000000 
1.088651 3.629095 0.527495 -1.716588 -2.288157 1.670712 0.502823 -0.076304 1.000000 
1.117411 3.560914 0.513627 -1.750144 -2.274661 1.703048 0.502229 -0.072129 1.000000 
1.145623 3.491744 0.499496 -1.782461 -2.260914 1.733299 0.501668 -0.068242 1.000000 
1.173277 3.421673 0.485111 -1.813537 -2.246933 1.761452 0.501136 -0.064623 1.000000 
1.200367 3.350788 0.470482 -1.843372 -2.232736 1.787492 0.500633 -0.061251 1.000000 
1.226888 3.279173 0.455620 -1.871968 -2.218339 1.811413 0.500156 -0.058110 1.000000 
1.252832 3.206913 0.440534 -1.899331 -2.203759 1.833209 0.499703 -0.055182 1.000000 
1.278197 3.134090 0.425234 -1.925465 -2.189013 1.852877 0.499272 -0.052451 1.000000 
1.302976 3.060787 0.409730 -1.950378 -2.174119 1.870419 0.498863 -0.049903 1.000000 
1.327168 2.987082 0.394031 -1.974081 -2.159092 1.885838 0.498473 -0.047525 1.000000 
1.350769 2.913054 0.378148 -1.996584 -2.143951 1.899141 0.498102 -0.045304 1.000000 
1.373776 2.838778 0.362089 -2.017900 -2.128712 1.910337 0.497748 -0.043228 1.000000 
1.396189 2.764329 0.345865 -2.038043 -2.113391 1.919440 0.497410 -0.041286 1.000000 
1.418005 2.689777 0.329484 -2.057028 -2.098006 1.926464 0.497087 -0.039468 1.000000 
1.439225 2.615192 0.312955 -2.074873 -2.082573 1.931425 0.496778 -0.037767 1.000000 
1.459848 2.540641 0.296289 -2.091596 -2.067109 1.934345 0.496483 -0.036172 1.000000 
1.479876 2.466189 0.279493 -2.107215 -2.051629 1.935244 0.496199 -0.034677 1.000000 
1.499308 2.391896 0.262576 -2.121750 -2.036150 1.934147 0.495928 -0.033273 1.000000 
1.518147 2.317822 0.245547 -2.135223 -2.020688 1.931079 0.495667 -0.031956 1.000000 
1.536394 2.244024 0.228415 -2.147655 -2.005258 1.926070 0.495416 -0.030718 1.000000 
1.554052 2.170554 0.211188 -2.159070 -1.989876 1.919147 0.495175 -0.029554 1.000000 
1.571124 2.097464 0.193873 -2.169489 -1.974557 1.910343 0.494943 -0.028459 1.000000 
1.587612 2.024802 0.176478 -2.178938 -1.959316 1.899690 0.494720 -0.027428 1.000000 
1.603522 1.952612 0.159012 -2.187439 -1.944167 1.887223 0.494504 -0.026457 1.000000 
1.618856 1.880936 0.141482 -2.195019 -1.929125 1.872976 0.494296 -0.025542 1.000000 
1.633618 1.809815 0.123894 -2.201702 -1.914204 1.856987 0.494095 -0.024680 1.000000 
1.647814 1.739284 0.106257 -2.207512 -1.899418 1.839292 0.493901 -0.023866 1.000000 
1.661448 1.669376 0.088576 -2.212476 -1.884780 1.819931 0.493713 -0.023097 1.000000 
1.674526 1.600123 0.070860 -2.216619 -1.870303 1.798942 0.493531 -0.022372 1.000000 
1.687052 1.531551 0.053113 -2.219966 -1.856001 1.776367 0.493355 -0.021686 1.000000 
1.699033 1.463687 0.035342 -2.222542 -1.841885 1.752244 0.493184 -0.021039 1.000000 
1.710473 1.396552 0.017554 -2.224373 -1.827969 1.726616 0.493019 -0.020426 1.000000 
1.721380 1.330165 -0.000246 -2.225482 -1.814263 1.699523 0.492857 -0.019847 1.000000 
1.731758 1.264543 -0.018052 -2.225896 -1.800780 1.671009 0.492701 -0.019299 1.000000 
1.741614 1.199701 -0.035858 -2.225637 -1.787531 1.641115 0.492549 -0.018781 1.000000 
1.750955 1.135649 -0.053660 -2.224730 -1.774526 1.609883 0.492400 -0.018291 1.000000 
1.759787 1.072396 -0.071452 -2.223197 -1.761776 1.577356 0.492256 -0.017826 1.000000 
1.768116 1.009950 -0.089230 -2.221063 -1.749292 1.543576 0.492115 -0.017387 1.000000 
1.775948 0.948314 -0.106988 -2.218347 -1.737082 1.508586 0.491978 -0.016971 1.000000 
1.783291 0.887490 -0.124722 -2.215073 -1.725157 1.472428 0.491843 -0.016578 1.000000 
1.790150 0.827477 -0.142428 -2.211260 -1.713526 1.435144 0.491712 -0.016205 1.000000 
1.796533 0.768273 -0.160101 -2.206929 -1.702198 1.396777 0.491584 -0.015853 1.000000 
1.802445 0.709872 -0.177737 -2.202099 -1.691181 1.357368 0.491459 -0.015520 1.000000 
1.807893 0.652269 -0.195333 -2.196789 -1.680483 1.316958 0.491336 -0.015205 1.000000 
1.812883 0.595453 -0.212885 -2.191015 -1.670112 1.275590 0.491215 -0.014907 1.000000 
1.817422 0.539416 -0.230388 -2.184794 -1.660076 1.233302 0.491097 -0.014626 1.000000 
1.821516 0.484143 -0.247840 -2.178143 -1.650381 1.190137 0.490981 -0.014361 1.000000 
1.825170 0.429621 -0.265237 -2.171075 -1.641036 1.146134 0.490867 -0.014112 1.000000 
1.828392 0.375834 -0.282576 -2.163606 -1.632045 1.101332 0.490755 -0.013876 1.000000 
1.831186 0.322765 -0.299854 -2.155747 -1.623416 1.055771 0.490645 -0.013655 1.000000 
1.833558 0.270396 -0.317067 -2.147510 -1.615155 1.009490 0.490537 -0.013447 1.000000 
1.835514 0.218706 -0.334213 -2.138906 -1.607266 0.962527 0.490430 -0.013252 1.000000 
1.837059 0.167673 -0.351289 -2.129946 -1.599756 0.914919 0.490325 -0.013070 1.000000 
1.838198 0.117276 -0.368291 -2.120637 -1.592629 0.866705 0.490221 -0.012900 1.000000 
1.838937 0.067490 -0.385218 -2.110987 -1.585890 0.817920 0.490118 -0.012741 1.000000 
1.839280 0.018292 -0.402066 -2.101003 -1.579544 0.768603 0.490017 -0.012594 1.000000 
1.839231 -0.030345 -0.418833 -2.090690 -1.573594 0.718787 0.489917 -0.012458 1.000000 
1.838796 -0.078447 -0.435516 -2.080053 -1.568045 0.668511 0.489818 -0.012333 1.000000 
1.837977 -0.126041 -0.452113 -2.069095 -1.562899 0.617807 0.489720 -0.012218 1.000000 
1.836780 -0.173155 -0.468621 -2.057817 -1.558161 0.566712 0.489622 -0.012113 1.000000 
1.835208 -0.219817 -0.485037 -2.046223 -1.553833 0.515260 0.489526 -0.012019 1.000000 
1.833264 -0.266056 -0.501360 -2.034311 -1.549918 0.463486 0.489430 -0.011934 1.000000 
1.830952 -0.311903 -0.517586 -2.022080 -1.546418 0.411422 0.489335 -0.011859 1.000000 
1.828275 -0.357385 -0.533712 -2.009529 -1.543335 0.359103 0.489240 -0.011793 1.000000 
1.825235 -0.402534 -0.549737 -1.996654 -1.540673 0.306561 0.489146 -0.011737 1.000000 
1.821835 -0.447380 -0.565658 -1.983452 -1.538431 0.253831 0.489052 -0.011690 1.000000 
1.818077 -0.491952 -0.581471 -1.969916 -1.536612 0.200944 0.488959 -0.011652 1.000000 
1.813964 -0.536282 -0.597176 -1.956042 -1.535216 0.147934 0.488866 -0.011623 1.000000 
1.809498 -0.580400 -0.612767 -1.941822 -1.534245 0.094833 0.488773 -0.011603 1.000000 
1.804678 -0.624335 -0.628244 -1.927248 -1.533699 0.041674 0.488680 -0.011593 1.000000 
1.799509 -0.668119 -0.643602 -1.912312 -1.533578 -0.011512 0.488587 -0.011591 1.000000 
1.793989 -0.711780 -0.658840 -1.897002 -1.533883 -0.064691 0.488495 -0.011598 1.000000 
1.788120 -0.755348 -0.673953 -1.881308 -1.534613 -0.117831 0.488402 -0.011614 1.000000 
1.781904 -0.798853 -0.688940 -1.865220 -1.535768 -0.170900 0.488309 -0.011639 1.000000 
1.775339 -0.842322 -0.703796 -1.848723 -1.537347 -0.223866 0.488216 -0.011673 1.000000 
1.768426 -0.885785 -0.718518 -1.831806 -1.539350 -0.276695 0.488122 -0.011717 1.000000 
1.761166 -0.929267 -0.733103 -1.814453 -1.541774 -0.329355 0.488028 -0.011769 1.000000 
1.753558 -0.972797 -0.747548 -1.796650 -1.544619 -0.381814 0.487934 -0.011831 1.000000 
1.745601 -1.016399 -0.761849 -1.778382 -1.547882 -0.434038 0.487839 -0.011902 1.000000 
1.737295 -1.060100 -0.776001 -1.759632 -1.551563 -0.485994 0.487743 -0.011983 1.000000 
1.728639 -1.103922 -0.790001 -1.740384 -1.555658 -0.537648 0.487647 -0.012073 1.000000 
1.719632 -1.147891 -0.803846 -1.720620 -1.560164 -0.588966 0.487550 -0.012174 1.000000 
1.710273 -1.192027 -0.817530 -1.700322 -1.565080 -0.639915 0.487452 -0.012285 1.000000 
1.700559 -1.236352 -0.831049 -1.679472 -1.570402 -0.690460 0.487353 -0.012406 1.000000 
1.690490 -1.280886 -0.844400 -1.658051 -1.576126 -0.740566 0.487254 -0.012537 1.000000 
1.680064 -1.325648 -0.857577 -1.636040 -1.582250 -0.790197 0.487153 -0.012680 1.000000 
1.669279 -1.370655 -0.870575 -1.613418 -1.588768 -0.839319 0.487051 -0.012834 1.000000 
1.658133 -1.415924 -0.883390 -1.590168 -1.595677 -0.887896 0.486947 -0.012999 1.000000 
1.646624 -1.461468 -0.896016 -1.566267 -1.602973 -0.935890 0.486843 -0.013176 1.000000 
1.634749 -1.507302 -0.908448 -1.541696 -1.610650 -0.983265 0.486737 -0.013366 1.000000 
1.622506 -1.553436 -0.920681 -1.516434 -1.618703 -1.029984 0.486629 -0.013568 1.000000 
1.609893 -1.599881 -0.932709 -1.490461 -1.627128 -1.076009 0.486519 -0.013784 1.000000 
1.596907 -1.646646 -0.944527 -1.463756 -1.635918 -1.121303 0.486408 -0.014013 1.000000 
1.583546 -1.693737 -0.956127 -1.436299 -1.645067 -1.165825 0.486295 -0.014257 1.000000 
1.569807 -1.741158 -0.967505 -1.408070 -1.654569 -1.209539 0.486180 -0.014516 1.000000 
1.555687 -1.788914 -0.978654 -1.379048 -1.664417 -1.252404 0.486063 -0.014790 1.000000 
1.541183 -1.837005 -0.989568 -1.349214 -1.674605 -1.294380 0.485943 -0.015080 1.000000 
1.526294 -1.885431 -1.000239 -1.318548 -1.685125 -1.335428 0.485822 -0.015387 1.000000 
1.511015 -1.934189 -1.010662 -1.287031 -1.695969 -1.375507 0.485697 -0.015713 1.000000 
1.495346 -1.983274 -1.020830 -1.254644 -1.707130 -1.414577 0.485570 -0.016056 1.000000 
1.479282 -2.032679 -1.030734 -1.221369 -1.718599 -1.452596 0.485440 -0.016420 1.000000 
1.462822 -2.082397 -1.040369 -1.187190 -1.730369 -1.489523 0.485307 -0.016803 1.000000 
1.445963 -2.132415 -1.049727 -1.152088 -1.742429 -1.525317 0.485171 -0.017209 1.000000 
1.428703 -2.182721 -1.058800 -1.116049 -1.754771 -1.559937 0.485032 -0.017637 1.000000 
1.411039 -2.233300 -1.067581 -1.079058 -1.767384 -1.593340 0.484889 -0.018090 1.000000 
1.392969 -2.284134 -1.076062 -1.041100 -1.780261 -1.625485 0.484742 -0.018568 1.000000 
1.374492 -2.335203 -1.084236 -1.002162 -1.793389 -1.656330 0.484592 -0.019072 1.000000 
1.355605 -2.386486 -1.092094 -0.962232 -1.806758 -1.685834 0.484437 -0.019606 1.000000 
1.336308 -2.437957 -1.099629 -0.921300 -1.820358 -1.713956 0.484278 -0.020169 1.000000 
1.316598 -2.489592 -1.106832 -0.879357 -1.834178 -1.740654 0.484114 -0.020764 1.000000 
1.296474 -2.541360 -1.113696 -0.836393 -1.848205 -1.765887 0.483946 -0.021394 1.000000 
1.275936 -2.593232 -1.120212 -0.792403 -1.862428 -1.789616 0.483772 -0.022059 1.000000 
1.254982 -2.645173 -1.126372 -0.747382 -1.876835 -1.811800 0.483593 -0.022763 1.000000 
1.233613 -2.697149 -1.132167 -0.701326 -1.891413 -1.832399 0.483408 -0.023508 1.000000 
1.211828 -2.749121 -1.137590 -0.654233 -1.906149 -1.851376 0.483217 -0.024296 1.000000 
1.189627 -2.801050 -1.142632 -0.606103 -1.921030 -1.868692 0.483019 -0.025131 1.000000 
1.167011 -2.852894 -1.147285 -0.556938 -1.936043 -1.884311 0.482814 -0.026015 1.000000 
1.143981 -2.904609 -1.151541 -0.506742 -1.951175 -1.898196 0.482603 -0.026953 1.000000 
1.120538 -2.956147 -1.155390 -0.455519 -1.966410 -1.910313 0.482383 -0.027947 1.000000 
1.096683 -3.007463 -1.158826 -0.403279 -1.981735 -1.920628 0.482155 -0.029002 1.000000 
1.072419 -3.058504 -1.161840 -0.350029 -1.997135 -1.929109 0.481919 -0.030121 1.000000 
1.047748 -3.109220 -1.164424 -0.295782 -2.012595 -1.935725 0.481673 -0.031311 1.000000 
1.022673 -3.159556 -1.166570 -0.240553 -2.028101 -1.940447 0.481418 -0.032575 1.000000 
0.997196 -3.209457 -1.168270 -0.184356 -2.043638 -1.943247 0.481152 -0.033919 1.000000 
0.971323 -3.258866 -1.169517 -0.127212 -2.059188 -1.944100 0.480875 -0.035350 1.000000 
0.945056 -3.307725 -1.170303 -0.069139 -2.074738 -1.942981 0.480586 -0.036873 1.000000 
0.918401 -3.355973 -1.170621 -0.010162 -2.090271 -1.939870 0.480284 -0.038495 1.000000 
0.891362 -3.403549 -1.170463 0.049694 -2.105770 -1.934746 0.479970 -0.040225 1.000000 
0.863946 -3.450391 -1.169824 0.110402 -2.121221 -1.927593 0.479641 -0.042069 1.000000 
0.836158 -3.496435 -1.168695 0.171931 -2.136606 -1.918396 0.479296 -0.044038 1.000000 
0.808005 -3.541618 -1.167071 0.234248 -2.151910 -1.907142 0.478936 -0.046139 1.000000 
0.779494 -3.585873 -1.164945 0.297320 -2.167115 -1.893822 0.478558 -0.048385 1.000000 
0.750634 -3.629135 -1.162312 0.361108 -2.182206 -1.878429 0.478161 -0.050785 1.000000 
0.721431 -3.671339 -1.159165 0.425573 -2.197165 -1.860959 0.477745 -0.053352 1.000000 
0.691895 -3.712418 -1.155501 0.490674 -2.211975 -1.841411 0.477307 -0.056098 1.000000 
0.662036 -3.752304 -1.151313 0.556365 -2.226622 -1.819788 0.476846 -0.059037 1.000000 
0.631862 -3.790933 -1.146597 0.622601 -2.241086 -1.796094 0.476362 -0.062183 1.000000 
0.601384 -3.828238 -1.141350 0.689332 -2.255354 -1.770338 0.475851 -0.065553 1.000000 
0.570614 -3.864152 -1.135567 0.756509 -2.269406 -1.742532 0.475312 -0.069161 1.000000 
0.539562 -3.898612 -1.129245 0.824079 -2.283229 -1.712691 0.474744 -0.073027 1.000000 
0.508240 -3.931552 -1.122381 0.891986 -2.296804 -1.680834 0.474143 -0.077167 1.000000 
0.476661 -3.962909 -1.114972 0.960174 -2.310117 -1.646982 0.473508 -0.081601 1.000000 
0.444838 -3.992621 -1.107017 1.028586 -2.323151 -1.611162 0.472837 -0.086348 1.000000 
0.412784 -4.020628 -1.098514 1.097160 -2.335890 -1.573402 0.472126 -0.091427 1.000000 
0.380512 -4.046871 -1.089463 1.165836 -2.348320 -1.533736 0.471373 -0.096859 1.000000 
0.348039 -4.071291 -1.079861 1.234549 -2.360425 -1.492200 0.470575 -0.102662 1.000000 
0.315377 -4.093833 -1.069710 1.303237 -2.372190 -1.448834 0.469729 -0.108854 1.000000 
0.282542 -4.114445 -1.059009 1.371833 -2.383601 -1.403681 0.468832 -0.115452 1.000000 
0.249551 -4.133075 -1.047761 1.440271 -2.394645 -1.356789 0.467881 -0.122471 1.000000 
0.216419 -4.149675 -1.035966 1.508484 -2.405306 -1.308208 0.466872 -0.129920 1.000000 
0.183162 -4.164200 -1.023626 1.576403 -2.415571 -1.257993 0.465801 -0.137807 1.000000 
0.149797 -4.176606 -1.010744 1.643961 -2.425429 -1.206202 0.464666 -0.146130 1.000000 
0.116342 -4.186854 -0.997324 1.711087 -2.434867 -1.152894 0.463462 -0.154882 1.000000 
0.082813 -4.194907 -0.983368 1.777713 -2.443872 -1.098135 0.462186 -0.164047 1.000000 
0.049229 -4.200732 -0.968882 1.843769 -2.452433 -1.041992 0.460836 -0.173596 1.000000 
0.015608 -4.204300 -0.953870 1.909187 -2.460540 -0.984535 0.459408 -0.183488 1.000000 
-0.018033 -4.205584 -0.938337 1.973898 -2.468182 -0.925837 0.457899 -0.193667 1.000000 
-0.051676 -4.204562 -0.922289 2.037833 -2.475350 -0.865974 0.456309 -0.204059 1.000000 
-0.085300 -4.201216 -0.905734 2.100926 -2.482035 -0.805025 0.454634 -0.214574 1.000000 
-0.118889 -4.195531 -0.888677 2.163110 -2.488228 -0.743071 0.452875 -0.225102 1.000000 
-0.152423 -4.187496 -0.871126 2.224320 -2.493922 -0.680193 0.451033 -0.235515 1.000000 
-0.185882 -4.177106 -0.853090 2.284492 -2.499109 -0.616479 0.449108 -0.245667 1.000000 
-0.219250 -4.164357 -0.834578 2.343563 -2.503783 -0.552013 0.447103 -0.255398 1.000000 
-0.252506 -4.149251 -0.815597 2.401473 -2.507939 -0.486884 0.445023 -0.264537 1.000000 
-0.285632 -4.131795 -0.796157 2.458163 -2.511572 -0.421181 0.442873 -0.272906 1.000000 
-0.318608 -4.111998 -0.776269 2.513575 -2.514677 -0.354994 0.440659 -0.280331 1.000000 
-0.351417 -4.089873 -0.755944 2.567657 -2.517251 -0.288414 0.438390 -0.286643 1.000000 
-0.384040 -4.065439 -0.735191 2.620354 -2.519291 -0.221533 0.436076 -0.291694 1.000000 
-0.416458 -4.038718 -0.714022 2.671618 -2.520795 -0.154441 0.433727 -0.295357 1.000000 
-0.448654 -4.009734 -0.692449 2.721402 -2.521762 -0.087231 0.431354 -0.297539 1.000000 
-0.480608 -3.978518 -0.670483 2.769660 -2.522190 -0.019991 0.428970 -0.298185 1.000000 
-0.512304 -3.945101 -0.648138 2.816351 -2.522082 0.047186 0.426588 -0.297279 1.000000 
-0.543724 -3.909520 -0.625426 2.861437 -2.521436 0.114212 0.424218 -0.294847 1.000000 
-0.574851 -3.871815 -0.602360 2.904881 -2.520255 0.180998 0.421874 -0.290957 1.000000 
-0.605667 -3.832027 -0.578952 2.946651 -2.518541 0.247457 0.419566 -0.285711 1.000000 
-0.636158 -3.790202 -0.555218 2.986715 -2.516297 0.313503 0.417306 -0.279240 1.000000 
-0.666305 -3.746388 -0.531170 3.025049 -2.513526 0.379051 0.415101 -0.271700 1.000000 
-0.696095 -3.700637 -0.506822 3.061626 -2.510233 0.444020 0.412961 -0.263259 1.000000 
-0.725511 -3.653002 -0.482188 3.096426 -2.506424 0.508326 0.410891 -0.254093 1.000000 
-0.754538 -3.603538 -0.457284 3.129432 -2.502102 0.571892 0.408897 -0.244375 1.000000 
-0.783162 -3.552303 -0.432122 3.160626 -2.497275 0.634640 0.406982 -0.234272 1.000000 
-0.811370 -3.499359 -0.406718 3.189999 -2.491950 0.696495 0.405149 -0.223941 1.000000 
-0.839148 -3.444766 -0.381087 3.217539 -2.486134 0.757382 0.403399 -0.213521 1.000000 
-0.866482 -3.388588 -0.355243 3.243241 -2.479835 0.817230 0.401733 -0.203133 1.000000 
-0.893361 -3.330891 -0.329200 3.267100 -2.473061 0.875972 0.400149 -0.192883 1.000000 
-0.919773 -3.271742 -0.302974 3.289116 -2.465822 0.933539 0.398646 -0.182855 1.000000 
-0.945705 -3.211210 -0.276579 3.309291 -2.458128 0.989868 0.397222 -0.173118 1.000000 
-0.971148 -3.149362 -0.250030 3.327629 -2.449988 1.044896 0.395875 -0.163724 1.000000 
-0.996092 -3.086271 -0.223342 3.344138 -2.441413 1.098565 0.394602 -0.154711 1.000000 
-1.020526 -3.022007 -0.196529 3.358827 -2.432415 1.150817 0.393399 -0.146105 1.000000 
-1.044441 -2.956642 -0.169606 3.371708 -2.423004 1.201599 0.392263 -0.137920 1.000000 
-1.067829 -2.890248 -0.142586 3.382796 -2.413193 1.250859 0.391191 -0.130164 1.000000 
-1.090682 -2.822900 -0.115486 3.392110 -2.402995 1.298548 0.390179 -0.122834 1.000000 
-1.112993 -2.754669 -0.088317 3.399667 -2.392421 1.344621 0.389225 -0.115925 1.000000 
-1.134755 -2.685628 -0.061096 3.405490 -2.381485 1.389035 0.388323 -0.109426 1.000000 
-1.155961 -2.615852 -0.033834 3.409603 -2.370201 1.431749 0.387473 -0.103323 1.000000 
-1.176607 -2.545412 -0.006546 3.412033 -2.358582 1.472728 0.386669 -0.097599 1.000000 
-1.196686 -2.474382 0.020754 3.412806 -2.346642 1.511936 0.385910 -0.092238 1.000000 
-1.216196 -2.402832 0.048054 3.411953 -2.334396 1.549343 0.385192 -0.087219 1.000000 
-1.235130 -2.330834 0.075341 3.409505 -2.321857 1.584920 0.384514 -0.082525 1.000000 
-1.253488 -2.258458 0.102602 3.405496 -2.309042 1.618643 0.383871 -0.078136 1.000000 
-1.271265 -2.185774 0.129825 3.399961 -2.295964 1.650489 0.383263 -0.074034 1.000000 
-1.288460 -2.112850 0.156997 3.392936 -2.282639 1.680439 0.382686 -0.070200 1.000000 
-1.305070 -2.039752 0.184108 3.384458 -2.269082 1.708476 0.382139 -0.066617 1.000000 
-1.321095 -1.966546 0.211145 3.374566 -2.255309 1.734588 0.381620 -0.063268 1.000000 
-1.336535 -1.893296 0.238097 3.363301 -2.241334 1.758764 0.381126 -0.060138 1.000000 
-1.351388 -1.820065 0.264954 3.350702 -2.227173 1.780996 0.380657 -0.057211 1.000000 
-1.365656 -1.746913 0.291705 3.336813 -2.212843 1.801278 0.380210 -0.054474 1.000000 
-1.379339 -1.673899 0.318340 3.321674 -2.198358 1.819609 0.379785 -0.051913 1.000000 
-1.392439 -1.601081 0.344849 3.305329 -2.183735 1.835989 0.379379 -0.049515 1.000000 
-1.404957 -1.528513 0.371222 3.287822 -2.168988 1.850420 0.378992 -0.047270 1.000000 
-1.416896 -1.456250 0.397451 3.269197 -2.154133 1.862907 0.378622 -0.045166 1.000000 
-1.428258 -1.384341 0.423526 3.249497 -2.139186 1.873459 0.378269 -0.043193 1.000000 
-1.439046 -1.312836 0.449440 3.228766 -2.124163 1.882086 0.377931 -0.041343 1.000000 
-1.449265 -1.241782 0.475184 3.207050 -2.109078 1.888799 0.377607 -0.039607 1.000000 
-1.458916 -1.171223 0.500750 3.184392 -2.093947 1.893612 0.377297 -0.037977 1.000000 
-1.468006 -1.101202 0.526132 3.160837 -2.078785 1.896542 0.376999 -0.036445 1.000000 
-1.476537 -1.031759 0.551322 3.136428 -2.063607 1.897608 0.376714 -0.035004 1.000000 
-1.484515 -0.962931 0.576313 3.111208 -2.048428 1.896829 0.376439 -0.033650 1.000000 
-1.491946 -0.894754 0.601099 3.085220 -2.033263 1.894227 0.376175 -0.032374 1.000000 
-1.498833 -0.827261 0.625674 3.058508 -2.018126 1.889825 0.375921 -0.031173 1.000000 
-1.505184 -0.760482 0.650033 3.031111 -2.003031 1.883649 0.375676 -0.030042 1.000000 
-1.511003 -0.694447 0.674170 3.003072 -1.987992 1.875725 0.375440 -0.028975 1.000000 
-1.516297 -0.629182 0.698081 2.974431 -1.973024 1.866080 0.375212 -0.027968 1.000000 
-1.521072 -0.564709 0.721760 2.945226 -1.958139 1.854745 0.374992 -0.027018 1.000000 
-1.525334 -0.501052 0.745203 2.915496 -1.943352 1.841749 0.374780 -0.026121 1.000000 
-1.529091 -0.438229 0.768406 2.885279 -1.928675 1.827123 0.374574 -0.025274 1.000000 
-1.532348 -0.376258 0.791366 2.854610 -1.914122 1.810899 0.374375 -0.024472 1.000000 
-1.535113 -0.315154 0.814079 2.823524 -1.899705 1.793112 0.374183 -0.023715 1.000000 
-1.537393 -0.254930 0.836542 2.792056 -1.885437 1.773794 0.373996 -0.022998 1.000000 
-1.539195 -0.195596 0.858751 2.760237 -1.871329 1.752981 0.373815 -0.022320 1.000000 
-1.540525 -0.137161 0.880704 2.728100 -1.857393 1.730707 0.373639 -0.021678 1.000000 
-1.541392 -0.079633 0.902400 2.695674 -1.843641 1.707009 0.373468 -0.021070 1.000000 
-1.541802 -0.023016 0.923835 2.662988 -1.830084 1.681923 0.373301 -0.020495 1.000000 
-1.541762 0.032687 0.945007 2.630069 -1.816734 1.655485 0.373140 -0.019949 1.000000 
-1.541281 0.087474 0.965915 2.596943 -1.803600 1.627733 0.372982 -0.019432 1.000000 
-1.540365 0.141346 0.986558 2.563633 -1.790694 1.598704 0.372829 -0.018942 1.000000 
-1.539022 0.194305 1.006933 2.530164 -1.778024 1.568436 0.372679 -0.018477 1.000000 
-1.537259 0.246354 1.027040 2.496557 -1.765602 1.536965 0.372533 -0.018037 1.000000 
-1.535083 0.297499 1.046877 2.462831 -1.753436 1.504331 0.372390 -0.017620 1.000000 
-1.532501 0.347747 1.066445 2.429005 -1.741535 1.470570 0.372251 -0.017224 1.000000 
-1.529521 0.397106 1.085741 2.395096 -1.729910 1.435720 0.372115 -0.016849 1.000000 
-1.526150 0.445585 1.104766 2.361119 -1.718567 1.399820 0.371981 -0.016494 1.000000 
-1.522394 0.493195 1.123519 2.327088 -1.707515 1.362906 0.371851 -0.016157 1.000000 
-1.518261 0.539947 1.141999 2.293015 -1.696763 1.325016 0.371723 -0.015838 1.000000 
-1.513757 0.585856 1.160207 2.258912 -1.686317 1.286188 0.371597 -0.015536 1.000000 
-1.508890 0.630934 1.178142 2.224788 -1.676186 1.246458 0.371474 -0.015251 1.000000 
-1.503665 0.675198 1.195804 2.190651 -1.666376 1.205863 0.371353 -0.014981 1.000000 
-1.498089 0.718662 1.213192 2.156506 -1.656895 1.164440 0.371234 -0.014726 1.000000 
-1.492168 0.761344 1.230308 2.122361 -1.647747 1.122225 0.371118 -0.014485 1.000000 
-1.485909 0.803261 1.247150 2.088216 -1.638941 1.079254 0.371003 -0.014258 1.000000 
-1.479318 0.844432 1.263719 2.054076 -1.630481 1.035563 0.370889 -0.014044 1.000000 
-1.472400 0.884875 1.280015 2.019941 -1.622374 0.991187 0.370778 -0.013843 1.000000 
-1.465162 0.924610 1.296038 1.985810 -1.614624 0.946162 0.370668 -0.013654 1.000000 
-1.457608 0.963656 1.311788 1.951682 -1.607237 0.900521 0.370559 -0.013477 1.000000 
-1.449745 1.002034 1.327265 1.917552 -1.600217 0.854299 0.370452 -0.013312 1.000000 
-1.441577 1.039765 1.342469 1.883418 -1.593570 0.807531 0.370346 -0.013157 1.000000 
-1.433110 1.076869 1.357400 1.849272 -1.587298 0.760249 0.370242 -0.013014 1.000000 
-1.424349 1.113368 1.372057 1.815108 -1.581407 0.712488 0.370138 -0.012881 1.000000 
-1.415298 1.149283 1.386442 1.780919 -1.575900 0.664281 0.370036 -0.012758 1.000000 
-1.405962 1.184636 1.400552 1.746694 -1.570780 0.615660 0.369934 -0.012645 1.000000 
-1.396345 1.219447 1.414389 1.712423 -1.566050 0.566658 0.369833 -0.012542 1.000000 
-1.386452 1.253739 1.427951 1.678095 -1.561714 0.517306 0.369733 -0.012448 1.000000 
-1.376287 1.287532 1.441238 1.643698 -1.557774 0.467638 0.369634 -0.012364 1.000000 
-1.365853 1.320849 1.454250 1.609218 -1.554232 0.417684 0.369535 -0.012289 1.000000 
-1.355154 1.353710 1.466985 1.574640 -1.551092 0.367477 0.369437 -0.012223 1.000000 
-1.344195 1.386136 1.479444 1.539950 -1.548353 0.317047 0.369340 -0.012166 1.000000 
-1.332977 1.418148 1.491624 1.505131 -1.546019 0.266425 0.369243 -0.012118 1.000000 
-1.321506 1.449766 1.503525 1.470166 -1.544091 0.215643 0.369146 -0.012078 1.000000 
-1.309782 1.481009 1.515146 1.435038 -1.542569 0.164731 0.369049 -0.012047 1.000000 
-1.297810 1.511898 1.526485 1.399727 -1.541456 0.113720 0.368953 -0.012025 1.000000 
-1.285593 1.542450 1.537541 1.364216 -1.540750 0.062640 0.368857 -0.012011 1.000000 
-1.273132 1.572686 1.548312 1.328483 -1.540453 0.011523 0.368761 -0.012005 1.000000 
-1.260431 1.602621 1.558796 1.292510 -1.540566 -0.039602 0.368665 -0.012008 1.000000 
-1.247491 1.632274 1.568992 1.256274 -1.541087 -0.090704 0.368569 -0.012020 1.000000 
-1.234315 1.661661 1.578896 1.219755 -1.542017 -0.141753 0.368473 -0.012040 1.000000 
-1.220905 1.690799 1.588507 1.182931 -1.543355 -0.192717 0.368376 -0.012069 1.000000 
-1.207263 1.719701 1.597822 1.145780 -1.545100 -0.243567 0.368279 -0.012106 1.000000 
-1.193390 1.748383 1.606839 1.108278 -1.547252 -0.294272 0.368182 -0.012152 1.000000 
-1.179289 1.776858 1.615554 1.070405 -1.549808 -0.344800 0.368085 -0.012207 1.000000 
-1.164961 1.805138 1.623964 1.032136 -1.552768 -0.395122 0.367987 -0.012270 1.000000 
-1.150407 1.833236 1.632067 0.993448 -1.556129 -0.445205 0.367889 -0.012343 1.000000 
-1.135630 1.861162 1.639858 0.954319 -1.559890 -0.495019 0.367790 -0.012424 1.000000 
-1.120629 1.888927 1.647334 0.914725 -1.564049 -0.544532 0.367690 -0.012515 1.000000 
-1.105407 1.916539 1.654492 0.874643 -1.568602 -0.593712 0.367589 -0.012616 1.000000 
-1.089965 1.944006 1.661327 0.834050 -1.573547 -0.642528 0.367488 -0.012726 1.000000 
-1.074304 1.971335 1.667836 0.792923 -1.578881 -0.690947 0.367386 -0.012846 1.000000 
-1.058424 1.998532 1.674013 0.751240 -1.584601 -0.738937 0.367282 -0.012976 1.000000 
-1.042327 2.025602 1.679854 0.708978 -1.590703 -0.786466 0.367178 -0.013117 1.000000 
-1.026015 2.052548 1.685355 0.666115 -1.597183 -0.833499 0.367073 -0.013268 1.000000 
-1.009487 2.079372 1.690510 0.622629 -1.604038 -0.880004 0.366966 -0.013430 1.000000 
-0.992745 2.106077 1.695315 0.578500 -1.611262 -0.925947 0.366858 -0.013604 1.000000 
-0.975790 2.132663 1.699764 0.533707 -1.618851 -0.971295 0.366748 -0.013790 1.000000 
-0.958623 2.159127 1.703853 0.488229 -1.626801 -1.016012 0.366637 -0.013987 1.000000 
-0.941244 2.185469 1.707574 0.442048 -1.635106 -1.060065 0.366524 -0.014197 1.000000 
-0.923656 2.211684 1.710923 0.395144 -1.643760 -1.103418 0.366410 -0.014420 1.000000 
-0.905858 2.237769 1.713894 0.347501 -1.652758 -1.146036 0.366293 -0.014657 1.000000 
-0.887852 2.263716 1.716481 0.299102 -1.662095 -1.187884 0.366175 -0.014908 1.000000 
-0.869639 2.289519 1.718678 0.249930 -1.671762 -1.228927 0.366055 -0.015173 1.000000 
-0.851220 2.315169 1.720478 0.199971 -1.681755 -1.269127 0.365932 -0.015454 1.000000 
-0.832596 2.340657 1.721875 0.149212 -1.692066 -1.308449 0.365808 -0.015751 1.000000 
-0.813770 2.365972 1.722863 0.097639 -1.702688 -1.346857 0.365680 -0.016064 1.000000 
-0.794741 2.391102 1.723435 0.045242 -1.713613 -1.384313 0.365551 -0.016395 1.000000 
-0.775513 2.416032 1.723585 -0.007989 -1.724834 -1.420782 0.365418 -0.016745 1.000000 
-0.756085 2.440748 1.723305 -0.062064 -1.736343 -1.456225 0.365283 -0.017113 1.000000 
-0.736461 2.465235 1.722590 -0.116988 -1.748131 -1.490605 0.365144 -0.017502 1.000000 
-0.716642 2.489475 1.721431 -0.172767 -1.760190 -1.523887 0.365002 -0.017912 1.000000 
-0.696630 2.513450 1.719823 -0.229406 -1.772510 -1.556032 0.364857 -0.018344 1.000000 
-0.676428 2.537140 1.717759 -0.286907 -1.785083 -1.587004 0.364709 -0.018800 1.000000 
-0.656037 2.560524 1.715230 -0.345269 -1.797899 -1.616765 0.364557 -0.019281 1.000000 
-0.635460 2.583581 1.712232 -0.404492 -1.810948 -1.645279 0.364400 -0.019788 1.000000 
-0.614701 2.606286 1.708756 -0.464573 -1.824220 -1.672509 0.364240 -0.020323 1.000000 
-0.593761 2.628617 1.704796 -0.525506 -1.837705 -1.698419 0.364075 -0.020887 1.000000 
-0.572644 2.650548 1.700346 -0.587284 -1.851391 -1.722972 0.363906 -0.021482 1.000000 
-0.551353 2.672053 1.695398 -0.649899 -1.865269 -1.746133 0.363731 -0.022110 1.000000 
-0.529892 2.693104 1.689945 -0.713339 -1.879326 -1.767866 0.363552 -0.022773 1.000000 
-0.508265 2.713673 1.683982 -0.777592 -1.893551 -1.788138 0.363367 -0.023473 1.000000 
-0.486475 2.733731 1.677502 -0.842641 -1.907932 -1.806913 0.363176 -0.024213 1.000000 
-0.464526 2.753249 1.670498 -0.908469 -1.922457 -1.824159 0.362979 -0.024995 1.000000 
-0.442424 2.772195 1.662964 -0.975056 -1.937114 -1.839843 0.362776 -0.025821 1.000000 
-0.420173 2.790539 1.654895 -1.042380 -1.951890 -1.853934 0.362566 -0.026694 1.000000 
-0.397777 2.808247 1.646284 -1.110417 -1.966773 -1.866400 0.362349 -0.027619 1.000000 
-0.375243 2.825288 1.637126 -1.179139 -1.981748 -1.877212 0.362124 -0.028597 1.000000 
-0.352575 2.841628 1.627416 -1.248519 -1.996804 -1.886341 0.361891 -0.029633 1.000000 
-0.329779 2.857234 1.617148 -1.318524 -2.011925 -1.893760 0.361650 -0.030730 1.000000 
-0.306861 2.872071 1.606318 -1.389120 -2.027099 -1.899444 0.361399 -0.031894 1.000000 
-0.283828 2.886105 1.594921 -1.460272 -2.042312 -1.903367 0.361139 -0.033127 1.000000 
-0.260685 2.899301 1.582953 -1.531941 -2.057548 -1.905506 0.360869 -0.034436 1.000000 
-0.237441 2.911625 1.570409 -1.604087 -2.072795 -1.905841 0.360588 -0.035826 1.000000 
-0.214102 2.923041 1.557286 -1.676666 -2.088037 -1.904351 0.360296 -0.037302 1.000000 
-0.190675 2.933516 1.543581 -1.749632 -2.103260 -1.901018 0.359991 -0.038871 1.000000 
-0.167168 2.943013 1.529291 -1.822940 -2.118448 -1.895827 0.359673 -0.040538 1.000000 
-0.143590 2.951500 1.514413 -1.896538 -2.133588 -1.888764 0.359342 -0.042312 1.000000 
-0.119947 2.958941 1.498946 -1.970374 -2.148663 -1.879817 0.358996 -0.044201 1.000000 
-0.096249 2.965304 1.482887 -2.044396 -2.163660 -1.868976 0.358635 -0.046211 1.000000 
-0.072505 2.970554 1.466235 -2.118546 -2.178562 -1.856234 0.358256 -0.048353 1.000000 
-0.048724 2.974659 1.448990 -2.192767 -2.193355 -1.841585 0.357860 -0.050635 1.000000 
-0.024914 2.977587 1.431151 -2.267000 -2.208022 -1.825028 0.357446 -0.053069 1.000000 
-0.001085 2.979308 1.412718 -2.341181 -2.222550 -1.806563 0.357011 -0.055664 1.000000 
0.022752 2.979790 1.393692 -2.415249 -2.236922 -1.786191 0.356555 -0.058433 1.000000 
0.046588 2.979006 1.374074 -2.489139 -2.251124 -1.763918 0.356076 -0.061388 1.000000 
0.070412 2.976926 1.353867 -2.562784 -2.265140 -1.739752 0.355572 -0.064542 1.000000 
0.094215 2.973525 1.333071 -2.636116 -2.278955 -1.713704 0.355042 -0.067909 1.000000 
0.117985 2.968776 1.311690 -2.709067 -2.292554 -1.685788 0.354485 -0.071503 1.000000 
0.141712 2.962656 1.289727 -2.781567 -2.305923 -1.656020 0.353898 -0.075339 1.000000 
0.165384 2.955142 1.267186 -2.853545 -2.319046 -1.624420 0.353279 -0.079434 1.000000 
0.188990 2.946213 1.244072 -2.924929 -2.331908 -1.591009 0.352626 -0.083802 1.000000 
0.212520 2.935850 1.220389 -2.995647 -2.344497 -1.555814 0.351937 -0.088460 1.000000 
0.235960 2.924036 1.196143 -3.065626 -2.356797 -1.518864 0.351210 -0.093424 1.000000 
0.259300 2.910756 1.171341 -3.134793 -2.368794 -1.480188 0.350441 -0.098711 1.000000 
0.282528 2.895995 1.145989 -3.203075 -2.380475 -1.439823 0.349629 -0.104334 1.000000 
0.305632 2.879742 1.120094 -3.270399 -2.391827 -1.397806 0.348771 -0.110307 1.000000 
0.328600 2.861988 1.093665 -3.336692 -2.402836 -1.354177 0.347864 -0.116643 1.000000 
0.351420 2.842726 1.066710 -3.401880 -2.413490 -1.308980 0.346904 -0.123351 1.000000 
0.374080 2.821951 1.039238 -3.465892 -2.423776 -1.262261 0.345889 -0.130436 1.000000 
0.396567 2.799660 1.011259 -3.528657 -2.433682 -1.214069 0.344816 -0.137899 1.000000 
0.418870 2.775853 0.982783 -3.590104 -2.443197 -1.164458 0.343682 -0.145737 1.000000 
0.440977 2.750531 0.953821 -3.650163 -2.452310 -1.113481 0.342483 -0.153939 1.000000 
0.462875 2.723701 0.924385 -3.708768 -2.461009 -1.061197 0.341218 -0.162484 1.000000 
0.484552 2.695367 0.894485 -3.765850 -2.469285 -1.007665 0.339883 -0.171345 1.000000 
0.505997 2.665541 0.864135 -3.821346 -2.477129 -0.952949 0.338475 -0.180480 1.000000 
0.527197 2.634233 0.833348 -3.875192 -2.484530 -0.897114 0.336994 -0.189838 1.000000 
0.548140 2.601459 0.802137 -3.927328 -2.491480 -0.840226 0.335438 -0.199352 1.000000 
0.568816 2.567234 0.770516 -3.977694 -2.497971 -0.782356 0.333804 -0.208942 1.000000 
0.589212 2.531579 0.738499 -4.026235 -2.503995 -0.723574 0.332095 -0.218513 1.000000 
0.609318 2.494515 0.706101 -4.072896 -2.509545 -0.663954 0.330309 -0.227956 1.000000 
0.629121 2.456066 0.673337 -4.117627 -2.514616 -0.603570 0.328448 -0.237147 1.000000 
0.648611 2.416258 0.640224 -4.160379 -2.519201 -0.542499 0.326515 -0.245953 1.000000 
0.667778 2.375120 0.606777 -4.201107 -2.523294 -0.480818 0.324514 -0.254232 1.000000 
0.686610 2.332682 0.573012 -4.239768 -2.526892 -0.418605 0.322449 -0.261838 1.000000 
0.705097 2.288978 0.538946 -4.276324 -2.529991 -0.355940 0.320327 -0.268627 1.000000 
0.723230 2.244042 0.504596 -4.310739 -2.532586 -0.292902 0.318154 -0.274461 1.000000 
0.740999 2.197912 0.469980 -4.342980 -2.534677 -0.229571 0.315938 -0.279214 1.000000 
0.758393 2.150625 0.435115 -4.373019 -2.536259 -0.166029 0.313690 -0.282780 1.000000 
0.775406 2.102221 0.400018 -4.400829 -2.537333 -0.102355 0.311417 -0.285078 1.000000 
0.792026 2.052743 0.364707 -4.426390 -2.537897 -0.038629 0.309132 -0.286054 1.000000 
0.808247 2.002234 0.329201 -4.449682 -2.537951 0.025069 0.306844 -0.285685 1.000000 
0.824059 1.950737 0.293518 -4.470691 -2.537496 0.088660 0.304564 -0.283983 1.000000 
0.839456 1.898299 0.257677 -4.489404 -2.536533 0.152065 0.302304 -0.280990 1.000000 
0.854430 1.844967 0.221694 -4.505815 -2.535063 0.215207 0.300072 -0.276779 1.000000 
0.868973 1.790788 0.185590 -4.519918 -2.533090 0.278010 0.297878 -0.271448 1.000000 
0.883080 1.735811 0.149382 -4.531713 -2.530616 0.340398 0.295731 -0.265115 1.000000 
0.896744 1.680084 0.113088 -4.541202 -2.527645 0.402297 0.293639 -0.257913 1.000000 
0.909960 1.623659 0.076729 -4.548390 -2.524181 0.463634 0.291607 -0.249985 1.000000 
0.922721 1.566585 0.040320 -4.553286 -2.520229 0.524339 0.289641 -0.241475 1.000000 
0.935023 1.508914 0.003882 -4.555901 -2.515794 0.584341 0.287744 -0.232525 1.000000 
0.946862 1.450696 -0.032568 -4.556252 -2.510881 0.643573 0.285921 -0.223272 1.000000 
0.958233 1.391983 -0.069012 -4.554355 -2.505499 0.701967 0.284172 -0.213841 1.000000 
0.969133 1.332827 -0.105432 -4.550232 -2.499652 0.759460 0.282500 -0.204345 1.000000 
0.979557 1.273279 -0.141810 -4.543907 -2.493350 0.815988 0.280903 -0.194884 1.000000 
0.989504 1.213392 -0.178129 -4.535406 -2.486599 0.871490 0.279381 -0.185542 1.000000 
0.998971 1.153216 -0.214371 -4.524758 -2.479409 0.925908 0.277934 -0.176392 1.000000 
1.007955 1.092803 -0.250519 -4.511995 -2.471788 0.979184 0.276558 -0.167489 1.000000 
1.016455 1.032204 -0.286557 -4.497152 -2.463745 1.031264 0.275253 -0.158878 1.000000 
1.024470 0.971469 -0.322468 -4.480264 -2.455291 1.082094 0.274015 -0.150592 1.000000 
1.031999 0.910649 -0.358236 -4.461372 -2.446435 1.131625 0.272843 -0.142654 1.000000 
1.039040 0.849794 -0.393845 -4.440516 -2.437188 1.179808 0.271732 -0.135079 1.000000 
1.045595 0.788950 -0.429279 -4.417740 -2.427562 1.226597 0.270680 -0.127874 1.000000 
1.051664 0.728168 -0.464524 -4.393088 -2.417567 1.271948 0.269685 -0.121040 1.000000 
1.057246 0.667495 -0.499564 -4.366607 -2.407215 1.315821 0.268743 -0.114573 1.000000 
1.062344 0.606975 -0.534385 -4.338347 -2.396518 1.358176 0.267851 -0.108466 1.000000 
1.066958 0.546656 -0.568973 -4.308358 -2.385488 1.398978 0.267006 -0.102709 1.000000 
1.071091 0.486581 -0.603314 -4.276690 -2.374138 1.438192 0.266207 -0.097289 1.000000 
1.074744 0.426793 -0.637395 -4.243398 -2.362481 1.475787 0.265449 -0.092192 1.000000 
1.077921 0.367334 -0.671204 -4.208535 -2.350530 1.511734 0.264731 -0.087404 1.000000 
1.080623 0.308245 -0.704728 -4.172157 -2.338298 1.546008 0.264050 -0.082908 1.000000 
1.082854 0.249565 -0.737955 -4.134319 -2.325798 1.578585 0.263403 -0.078690 1.000000 
1.084617 0.191333 -0.770873 -4.095079 -2.313045 1.609443 0.262790 -0.074733 1.000000 
1.085916 0.133584 -0.803472 -4.054495 -2.300052 1.638563 0.262207 -0.071023 1.000000 
1.086756 0.076355 -0.835742 -4.012624 -2.286833 1.665931 0.261653 -0.067544 1.000000 
1.087139 0.019677 -0.867671 -3.969524 -2.273402 1.691531 0.261126 -0.064282 1.000000 
1.087072 -0.036415 -0.899251 -3.925255 -2.259773 1.715354 0.260624 -0.061224 1.000000 
1.086558 -0.091893 -0.930472 -3.879875 -2.245961 1.737389 0.260146 -0.058355 1.000000 
1.085604 -0.146727 -0.961326 -3.833443 -2.231980 1.757631 0.259690 -0.055664 1.000000 
1.084213 -0.200889 -0.991805 -3.786018 -2.217844 1.776075 0.259255 -0.053140 1.000000 
1.082391 -0.254355 -1.021900 -3.737658 -2.203567 1.792720 0.258839 -0.050770 1.000000 
1.080145 -0.307099 -1.051605 -3.688421 -2.189165 1.807566 0.258442 -0.048545 1.000000 
1.077480 -0.359100 -1.080912 -3.638365 -2.174651 1.820616 0.258062 -0.046455 1.000000 
1.074401 -0.410337 -1.109817 -3.587546 -2.160040 1.831873 0.257698 -0.044491 1.000000 
1.070916 -0.460790 -1.138311 -3.536021 -2.145346 1.841346 0.257350 -0.042644 1.000000 
1.067031 -0.510443 -1.166391 -3.483845 -2.130583 1.849042 0.257016 -0.040907 1.000000 
1.062751 -0.559278 -1.194051 -3.431072 -2.115766 1.854972 0.256695 -0.039272 1.000000 
1.058085 -0.607283 -1.221287 -3.377756 -2.100908 1.859148 0.256387 -0.037733 1.000000 
1.053037 -0.654443 -1.248094 -3.323950 -2.086024 1.861585 0.256091 -0.036283 1.000000 
1.047616 -0.700749 -1.274469 -3.269704 -2.071127 1.862297 0.255806 -0.034917 1.000000 
1.041827 -0.746189 -1.300408 -3.215068 -2.056232 1.861304 0.255532 -0.033628 1.000000 
1.035679 -0.790757 -1.325909 -3.160091 -2.041351 1.858622 0.255268 -0.032413 1.000000 
1.029178 -0.834445 -1.350969 -3.104821 -2.026498 1.854274 0.255013 -0.031265 1.000000 
1.022330 -0.877248 -1.375586 -3.049302 -2.011687 1.848280 0.254768 -0.030181 1.000000 
1.015144 -0.919162 -1.399757 -2.993579 -1.996930 1.840663 0.254530 -0.029157 1.000000 
1.007626 -0.960184 -1.423482 -2.937695 -1.982241 1.831447 0.254301 -0.028189 1.000000 
0.999784 -1.000314 -1.446760 -2.881691 -1.967631 1.820658 0.254079 -0.027273 1.000000 
0.991623 -1.039552 -1.469589 -2.825606 -1.953114 1.808323 0.253864 -0.026407 1.000000 
0.983153 -1.077897 -1.491970 -2.769477 -1.938702 1.794467 0.253657 -0.025587 1.000000 
0.974379 -1.115354 -1.513901 -2.713341 -1.924407 1.779120 0.253455 -0.024811 1.000000 
0.965310 -1.151925 -1.535383 -2.657232 -1.910240 1.762310 0.253259 -0.024075 1.000000 
0.955951 -1.187616 -1.556417 -2.601183 -1.896214 1.744068 0.253070 -0.023378 1.000000 
0.946310 -1.222431 -1.577002 -2.545223 -1.882339 1.724423 0.252885 -0.022717 1.000000 
0.936394 -1.256377 -1.597141 -2.489381 -1.868627 1.703407 0.252706 -0.022090 1.000000 
0.926210 -1.289462 -1.616833 -2.433685 -1.855088 1.681050 0.252532 -0.021496 1.000000 
0.915765 -1.321693 -1.636080 -2.378160 -1.841733 1.657386 0.252362 -0.020932 1.000000 
0.905066 -1.353081 -1.654884 -2.322829 -1.828573 1.632447 0.252197 -0.020397 1.000000 
0.894118 -1.383635 -1.673246 -2.267713 -1.815617 1.606265 0.252036 -0.019889 1.000000 
0.882930 -1.413365 -1.691168 -2.212833 -1.802876 1.578874 0.251878 -0.019407 1.000000 
0.871507 -1.442283 -1.708652 -2.158205 -1.790359 1.550306 0.251725 -0.018949 1.000000 
0.859855 -1.470401 -1.725700 -2.103846 -1.778074 1.520596 0.251575 -0.018514 1.000000 
0.847982 -1.497730 -1.742314 -2.049770 -1.766032 1.489777 0.251429 -0.018102 1.000000 
0.835894 -1.524284 -1.758497 -1.995991 -1.754241 1.457883 0.251286 -0.017710 1.000000 
0.823596 -1.550076 -1.774251 -1.942518 -1.742709 1.424948 0.251145 -0.017338 1.000000 
0.811094 -1.575119 -1.789578 -1.889360 -1.731444 1.391006 0.251008 -0.016985 1.000000 
0.798396 -1.599427 -1.804481 -1.836525 -1.720455 1.356090 0.250874 -0.016651 1.000000 
0.785506 -1.623015 -1.818963 -1.784019 -1.709749 1.320235 0.250742 -0.016333 1.000000 
0.772429 -1.645896 -1.833027 -1.731846 -1.699334 1.283474 0.250612 -0.016032 1.000000 
0.759173 -1.668086 -1.846674 -1.680008 -1.689216 1.245841 0.250485 -0.015747 1.000000 
0.745742 -1.689599 -1.859908 -1.628507 -1.679403 1.207369 0.250360 -0.015476 1.000000 
0.732141 -1.710450 -1.872731 -1.577341 -1.669900 1.168092 0.250237 -0.015220 1.000000 
0.718376 -1.730654 -1.885146 -1.526509 -1.660715 1.128043 0.250117 -0.014979 1.000000 
0.704452 -1.750225 -1.897156 -1.476007 -1.651853 1.087255 0.249998 -0.014750 1.000000 
0.690374 -1.769178 -1.908763 -1.425831 -1.643321 1.045760 0.249881 -0.014534 1.000000 
0.676147 -1.787529 -1.919970 -1.375974 -1.635123 1.003592 0.249765 -0.014331 1.000000 
0.661776 -1.805290 -1.930779 -1.326428 -1.627265 0.960782 0.249651 -0.014139 1.000000 
0.647264 -1.822477 -1.941194 -1.277186 -1.619752 0.917363 0.249539 -0.013959 1.000000 
0.632617 -1.839104 -1.951215 -1.228236 -1.612589 0.873366 0.249428 -0.013791 1.000000 
0.617840 -1.855185 -1.960846 -1.179569 -1.605780 0.828824 0.249318 -0.013633 1.000000 
0.602936 -1.870732 -1.970089 -1.131172 -1.599329 0.783767 0.249210 -0.013485 1.000000 
0.587910 -1.885761 -1.978946 -1.083030 -1.593241 0.738227 0.249102 -0.013348 1.000000 
0.572765 -1.900282 -1.987418 -1.035132 -1.587519 0.692235 0.248996 -0.013220 1.000000 
0.557506 -1.914310 -1.995508 -0.987460 -1.582166 0.645820 0.248891 -0.013103 1.000000 
0.542137 -1.927856 -2.003218 -0.939999 -1.577187 0.599015 0.248786 -0.012995 1.000000 
0.526662 -1.940931 -2.010549 -0.892732 -1.572583 0.551848 0.248683 -0.012895 1.000000 
0.511084 -1.953547 -2.017502 -0.845642 -1.568358 0.504350 0.248580 -0.012806 1.000000 
0.495406 -1.965715 -2.024079 -0.798709 -1.564514 0.456551 0.248478 -0.012724 1.000000 
0.479633 -1.977445 -2.030282 -0.751914 -1.561054 0.408480 0.248377 -0.012652 1.000000 
0.463768 -1.988746 -2.036110 -0.705238 -1.557979 0.360166 0.248276 -0.012588 1.000000 
0.447815 -1.999628 -2.041566 -0.658661 -1.555292 0.311640 0.248175 -0.012533 1.000000 
0.431775 -2.010099 -2.046649 -0.612160 -1.552993 0.262930 0.248075 -0.012486 1.000000 
0.415654 -2.020168 -2.051361 -0.565716 -1.551085 0.214065 0.247975 -0.012447 1.000000 
0.399454 -2.029840 -2.055701 -0.519306 -1.549569 0.165075 0.247876 -0.012417 1.000000 
0.383178 -2.039124 -2.059670 -0.472907 -1.548444 0.115987 0.247777 -0.012394 1.000000 
0.366829 -2.048025 -2.063267 -0.426498 -1.547713 0.066831 0.247678 -0.012380 1.000000 
0.350410 -2.056548 -2.066493 -0.380055 -1.547375 0.017636 0.247579 -0.012374 1.000000 
0.333925 -2.064699 -2.069348 -0.333556 -1.547431 -0.031570 0.247480 -0.012376 1.000000 
0.317376 -2.072480 -2.071830 -0.286978 -1.547880 -0.080759 0.247380 -0.012386 1.000000 
0.300766 -2.079896 -2.073939 -0.240297 -1.548723 -0.129901 0.247281 -0.012404 1.000000 
0.284099 -2.086950 -2.075675 -0.193491 -1.549958 -0.178967 0.247182 -0.012430 1.000000 
0.267376 -2.093642 -2.077035 -0.146535 -1.551586 -0.227930 0.247082 -0.012465 1.000000 
0.250601 -2.099975 -2.078019 -0.099408 -1.553605 -0.276760 0.246983 -0.012507 1.000000 
0.233777 -2.105948 -2.078625 -0.052086 -1.556014 -0.325428 0.246882 -0.012558 1.000000 
0.216907 -2.111562 -2.078851 -0.004546 -1.558811 -0.373906 0.246782 -0.012618 1.000000 
0.199993 -2.116815 -2.078697 0.043234 -1.561996 -0.422164 0.246680 -0.012685 1.000000 
0.183039 -2.121707 -2.078159 0.091276 -1.565565 -0.470173 0.246579 -0.012762 1.000000 
0.166047 -2.126233 -2.077236 0.139602 -1.569518 -0.517903 0.246476 -0.012847 1.000000 
0.149020 -2.130392 -2.075925 0.188233 -1.573851 -0.565326 0.246373 -0.012941 1.000000 
0.131962 -2.134180 -2.074223 0.237190 -1.578562 -0.612411 0.246269 -0.013045 1.000000 
0.114875 -2.137592 -2.072129 0.286493 -1.583648 -0.659128 0.246164 -0.013157 1.000000 
0.097761 -2.140622 -2.069638 0.336162 -1.589107 -0.705448 0.246059 -0.013280 1.000000 
0.080626 -2.143265 -2.066749 0.386215 -1.594934 -0.751340 0.245952 -0.013412 1.000000 
0.063470 -2.145514 -2.063458 0.436672 -1.601127 -0.796773 0.245844 -0.013554 1.000000 
0.046298 -2.147362 -2.059761 0.487550 -1.607682 -0.841717 0.245735 -0.013706 1.000000 
0.029114 -2.148801 -2.055656 0.538864 -1.614593 -0.886140 0.245625 -0.013869 1.000000 
0.011919 -2.149822 -2.051138 0.590632 -1.621858 -0.930012 0.245513 -0.014043 1.000000 
-0.005283 -2.150416 -2.046204 0.642867 -1.629472 -0.973301 0.245400 -0.014228 1.000000 
-0.022487 -2.150573 -2.040851 0.695584 -1.637429 -1.015976 0.245285 -0.014425 1.000000 
-0.039690 -2.150283 -2.035074 0.748794 -1.645726 -1.058004 0.245169 -0.014634 1.000000 
-0.056890 -2.149535 -2.028869 0.802510 -1.654356 -1.099354 0.245051 -0.014855 1.000000 
-0.074082 -2.148317 -2.022232 0.856742 -1.663314 -1.139993 0.244931 -0.015090 1.000000 
-0.091262 -2.146617 -2.015160 0.911499 -1.672594 -1.179888 0.244810 -0.015338 1.000000 
-0.108426 -2.144422 -2.007647 0.966789 -1.682190 -1.219008 0.244686 -0.015600 1.000000 
-0.125571 -2.141719 -1.999690 1.022619 -1.692096 -1.257319 0.244560 -0.015877 1.000000 
-0.142692 -2.138495 -1.991283 1.078992 -1.702305 -1.294787 0.244432 -0.016169 1.000000 
-0.159786 -2.134736 -1.982424 1.135914 -1.712810 -1.331381 0.244301 -0.016477 1.000000 
-0.176847 -2.130427 -1.973107 1.193386 -1.723604 -1.367067 0.244168 -0.016802 1.000000 
-0.193871 -2.125554 -1.963329 1.251408 -1.734680 -1.401811 0.244032 -0.017144 1.000000 
-0.210854 -2.120101 -1.953083 1.309980 -1.746031 -1.435580 0.243894 -0.017505 1.000000 
0.000000 0.000000 0.000000 0.000000 0.000000 0.000000 0.000000 0.000000 0.000000 
