-0.464058 -1.241413 0.330208 -0.581663 -1.754245 0.407485 0.870420 -0.065045 -1.000000 
-0.473849 -1.206113 0.325448 -0.608223 -1.751026 0.397093 0.869908 -0.063152 -1.000000 
-0.483355 -1.170388 0.320478 -0.634176 -1.747894 0.385855 0.869409 -0.061396 -1.000000 
-0.492574 -1.134263 0.315303 -0.659518 -1.744855 0.373799 0.868925 -0.059769 -1.000000 
-0.501502 -1.097764 0.309927 -0.684248 -1.741915 0.360955 0.868453 -0.058263 -1.000000 
-0.510137 -1.060911 0.304356 -0.708366 -1.739081 0.347354 0.867992 -0.056870 -1.000000 
-0.518476 -1.023728 0.298595 -0.731873 -1.736359 0.333030 0.867543 -0.055585 -1.000000 
-0.526516 -0.986232 0.292648 -0.754769 -1.733755 0.318015 0.867103 -0.054400 -1.000000 
-0.534255 -0.948441 0.286520 -0.777056 -1.731273 0.302343 0.866672 -0.053310 -1.000000 
-0.541690 -0.910373 0.280217 -0.798736 -1.728919 0.286050 0.866249 -0.052311 -1.000000 
-0.548820 -0.872042 0.273742 -0.819811 -1.726698 0.269172 0.865835 -0.051397 -1.000000 
-0.555642 -0.833461 0.267101 -0.840285 -1.724614 0.251746 0.865427 -0.050565 -1.000000 
-0.562155 -0.794643 0.260299 -0.860161 -1.722671 0.233808 0.865025 -0.049810 -1.000000 
-0.568356 -0.755598 0.253340 -0.879441 -1.720874 0.215398 0.864630 -0.049130 -1.000000 
-0.574244 -0.716336 0.246230 -0.898129 -1.719226 0.196553 0.864239 -0.048522 -1.000000 
-0.579817 -0.676864 0.238972 -0.916229 -1.717730 0.177313 0.863853 -0.047982 -1.000000 
-0.585073 -0.637190 0.231572 -0.933743 -1.716390 0.157717 0.863471 -0.047509 -1.000000 
-0.590011 -0.597320 0.224034 -0.950676 -1.715208 0.137806 0.863093 -0.047100 -1.000000 
-0.594630 -0.557259 0.216362 -0.967029 -1.714186 0.117618 0.862718 -0.046754 -1.000000 
-0.598927 -0.517011 0.208563 -0.982806 -1.713326 0.097196 0.862345 -0.046469 -1.000000 
-0.602901 -0.476580 0.200639 -0.998009 -1.712631 0.076579 0.861974 -0.046244 -1.000000 
-0.606552 -0.435968 0.192596 -1.012641 -1.712102 0.055808 0.861605 -0.046078 -1.000000 
-0.609876 -0.395177 0.184438 -1.026702 -1.711739 0.034925 0.861236 -0.045970 -1.000000 
-0.612874 -0.354210 0.176170 -1.040194 -1.711543 0.013970 0.860869 -0.045920 -1.000000 
-0.615543 -0.313068 0.167797 -1.053118 -1.711515 -0.007016 0.860502 -0.045927 -1.000000 
-0.617883 -0.271751 0.159322 -1.065473 -1.711655 -0.027991 0.860134 -0.045992 -1.000000 
-0.619891 -0.230261 0.150751 -1.077260 -1.711963 -0.048914 0.859766 -0.046115 -1.000000 
-0.621566 -0.188599 0.142087 -1.088477 -1.712438 -0.069744 0.859396 -0.046295 -1.000000 
-0.622908 -0.146765 0.133337 -1.099122 -1.713078 -0.090441 0.859025 -0.046534 -1.000000 
-0.623914 -0.104761 0.124503 -1.109193 -1.713884 -0.110965 0.858651 -0.046832 -1.000000 
-0.624584 -0.062589 0.115591 -1.118688 -1.714853 -0.131274 0.858275 -0.047191 -1.000000 
-0.624915 -0.020249 0.106605 -1.127601 -1.715984 -0.151329 0.857896 -0.047612 -1.000000 
-0.624907 0.022254 0.097551 -1.135929 -1.717274 -0.171089 0.857513 -0.048096 -1.000000 
-0.624559 0.064919 0.088432 -1.143667 -1.718720 -0.190516 0.857126 -0.048646 -1.000000 
-0.623868 0.107741 0.079254 -1.150809 -1.720321 -0.209572 0.856735 -0.049264 -1.000000 
-0.622834 0.150715 0.070021 -1.157348 -1.722072 -0.228216 0.856338 -0.049951 -1.000000 
-0.621456 0.193837 0.060738 -1.163278 -1.723971 -0.246412 0.855935 -0.050711 -1.000000 
-0.619733 0.237099 0.051410 -1.168591 -1.726014 -0.264122 0.855526 -0.051547 -1.000000 
-0.617662 0.280494 0.042042 -1.173278 -1.728196 -0.281311 0.855110 -0.052462 -1.000000 
-0.615244 0.324013 0.032639 -1.177331 -1.730513 -0.297941 0.854687 -0.053460 -1.000000 
-0.612478 0.367644 0.023207 -1.180740 -1.732961 -0.313978 0.854255 -0.054545 -1.000000 
-0.609362 0.411378 0.013749 -1.183496 -1.735535 -0.329388 0.853814 -0.055722 -1.000000 
-0.605896 0.455200 0.004272 -1.185589 -1.738230 -0.344137 0.853363 -0.056995 -1.000000 
-0.602078 0.499095 -0.005218 -1.187008 -1.741040 -0.358194 0.852902 -0.058370 -1.000000 
-0.597910 0.543049 -0.014718 -1.187742 -1.743959 -0.371528 0.852429 -0.059853 -1.000000 
-0.593390 0.587042 -0.024220 -1.187780 -1.746982 -0.384107 0.851944 -0.061449 -1.000000 
-0.588517 0.631056 -0.033721 -1.187110 -1.750103 -0.395905 0.851445 -0.063167 -1.000000 
-0.583293 0.675069 -0.043212 -1.185722 -1.753314 -0.406892 0.850933 -0.065014 -1.000000 
-0.577716 0.719059 -0.052690 -1.183605 -1.756611 -0.417044 0.850405 -0.066997 -1.000000 
-0.571788 0.763000 -0.062148 -1.180746 -1.759985 -0.426336 0.849860 -0.069127 -1.000000 
-0.565508 0.806866 -0.071580 -1.177134 -1.763430 -0.434744 0.849298 -0.071411 -1.000000 
-0.558878 0.850630 -0.080980 -1.172759 -1.766938 -0.442247 0.848717 -0.073861 -1.000000 
-0.551899 0.894261 -0.090342 -1.167610 -1.770503 -0.448827 0.848116 -0.076488 -1.000000 
-0.544571 0.937728 -0.099660 -1.161677 -1.774117 -0.454464 0.847493 -0.079303 -1.000000 
-0.536895 0.980998 -0.108927 -1.154949 -1.777772 -0.459143 0.846847 -0.082319 -1.000000 
-0.528875 1.024036 -0.118137 -1.147418 -1.781461 -0.462849 0.846175 -0.085550 -1.000000 
-0.520512 1.066806 -0.127283 -1.139075 -1.785175 -0.465572 0.845477 -0.089009 -1.000000 
-0.511807 1.109269 -0.136360 -1.129911 -1.788907 -0.467301 0.844750 -0.092713 -1.000000 
-0.502764 1.151387 -0.145360 -1.119921 -1.792649 -0.468028 0.843993 -0.096677 -1.000000 
-0.493386 1.193119 -0.154276 -1.109098 -1.796393 -0.467748 0.843203 -0.100917 -1.000000 
-0.483675 1.234423 -0.163103 -1.097436 -1.800130 -0.466458 0.842378 -0.105452 -1.000000 
-0.473636 1.275256 -0.171833 -1.084932 -1.803853 -0.464157 0.841515 -0.110299 -1.000000 
-0.463273 1.315574 -0.180460 -1.071583 -1.807554 -0.460847 0.840612 -0.115477 -1.000000 
-0.452589 1.355332 -0.188976 -1.057387 -1.811224 -0.456531 0.839666 -0.121003 -1.000000 
-0.441589 1.394485 -0.197376 -1.042344 -1.814856 -0.451217 0.838675 -0.126897 -1.000000 
-0.430279 1.432987 -0.205651 -1.026455 -1.818441 -0.444912 0.837635 -0.133175 -1.000000 
-0.418663 1.470790 -0.213797 -1.009722 -1.821972 -0.437630 0.836543 -0.139855 -1.000000 
-0.406748 1.507848 -0.221805 -0.992150 -1.825441 -0.429384 0.835396 -0.146951 -1.000000 
-0.394540 1.544113 -0.229669 -0.973745 -1.828840 -0.420191 0.834191 -0.154476 -1.000000 
-0.382044 1.579539 -0.237382 -0.954512 -1.832161 -0.410070 0.832923 -0.162438 -1.000000 
-0.369269 1.614079 -0.244939 -0.934462 -1.835398 -0.399043 0.831590 -0.170842 -1.000000 
-0.356222 1.647686 -0.252332 -0.913605 -1.838544 -0.387134 0.830189 -0.179688 -1.000000 
-0.342909 1.680315 -0.259554 -0.891952 -1.841590 -0.374371 0.828714 -0.188967 -1.000000 
-0.329339 1.711920 -0.266601 -0.869518 -1.844531 -0.360782 0.827164 -0.198663 -1.000000 
-0.315521 1.742457 -0.273465 -0.846319 -1.847361 -0.346398 0.825535 -0.208749 -1.000000 
-0.301463 1.771884 -0.280140 -0.822372 -1.850072 -0.331255 0.823823 -0.219187 -1.000000 
-0.287174 1.800158 -0.286621 -0.797695 -1.852659 -0.315387 0.822027 -0.229926 -1.000000 
-0.272664 1.827240 -0.292901 -0.772309 -1.855116 -0.298834 0.820144 -0.240899 -1.000000 
-0.257941 1.853090 -0.298976 -0.746237 -1.857438 -0.281634 0.818172 -0.252023 -1.000000 
-0.243018 1.877673 -0.304839 -0.719503 -1.859621 -0.263830 0.816111 -0.263201 -1.000000 
-0.227902 1.900954 -0.310486 -0.692131 -1.861658 -0.245466 0.813961 -0.274316 -1.000000 
-0.212606 1.922899 -0.315912 -0.664149 -1.863547 -0.226587 0.811723 -0.285236 -1.000000 
-0.197139 1.943480 -0.321111 -0.635584 -1.865282 -0.207238 0.809398 -0.295815 -1.000000 
-0.181514 1.962668 -0.326080 -0.606467 -1.866861 -0.187468 0.806991 -0.305895 -1.000000 
-0.165741 1.980438 -0.330813 -0.576827 -1.868281 -0.167326 0.804506 -0.315312 -1.000000 
-0.149831 1.996766 -0.335307 -0.546697 -1.869538 -0.146861 0.801948 -0.323897 -1.000000 
-0.133796 2.011635 -0.339559 -0.516108 -1.870630 -0.126123 0.799326 -0.331487 -1.000000 
-0.117649 2.025025 -0.343564 -0.485096 -1.871555 -0.105162 0.796647 -0.337927 -1.000000 
-0.101400 2.036923 -0.347319 -0.453693 -1.872312 -0.084029 0.793923 -0.343081 -1.000000 
-0.085062 2.047317 -0.350822 -0.421934 -1.872899 -0.062775 0.791162 -0.346837 -1.000000 
-0.068647 2.056198 -0.354070 -0.389855 -1.873316 -0.041451 0.788377 -0.349111 -1.000000 
-0.052167 2.063560 -0.357059 -0.357492 -1.873562 -0.020106 0.785580 -0.349853 -1.000000 
-0.035634 2.069401 -0.359789 -0.324880 -1.873638 0.001211 0.782784 -0.349050 -1.000000 
-0.019060 2.073719 -0.362257 -0.292055 -1.873543 0.022449 0.779999 -0.346728 -1.000000 
-0.002458 2.076517 -0.364461 -0.259052 -1.873279 0.043562 0.777240 -0.342945 -1.000000 
0.014160 2.077799 -0.366401 -0.225909 -1.872847 0.064502 0.774516 -0.337794 -1.000000 
0.030782 2.077573 -0.368075 -0.192660 -1.872248 0.085223 0.771838 -0.331394 -1.000000 
0.047397 2.075848 -0.369483 -0.159340 -1.871484 0.105681 0.769217 -0.323886 -1.000000 
0.063992 2.072637 -0.370625 -0.125985 -1.870558 0.125832 0.766659 -0.315424 -1.000000 
0.080555 2.067954 -0.371499 -0.092628 -1.869471 0.145634 0.764172 -0.306171 -1.000000 
0.097075 2.061814 -0.372107 -0.059304 -1.868228 0.165045 0.761762 -0.296291 -1.000000 
0.113541 2.054237 -0.372448 -0.026045 -1.866832 0.184028 0.759433 -0.285944 -1.000000 
0.129939 2.045242 -0.372524 0.007115 -1.865285 0.202543 0.757187 -0.275280 -1.000000 
0.146261 2.034852 -0.372335 0.040145 -1.863593 0.220554 0.755029 -0.264440 -1.000000 
0.162493 2.023090 -0.371882 0.073015 -1.861758 0.238027 0.752957 -0.253547 -1.000000 
0.178627 2.009982 -0.371167 0.105692 -1.859786 0.254927 0.750972 -0.242710 -1.000000 
0.194650 1.995554 -0.370192 0.138149 -1.857681 0.271224 0.749073 -0.232022 -1.000000 
0.210552 1.979836 -0.368957 0.170357 -1.855448 0.286886 0.747259 -0.221559 -1.000000 
0.226324 1.962856 -0.367467 0.202288 -1.853092 0.301886 0.745527 -0.211385 -1.000000 
0.241954 1.944646 -0.365722 0.233916 -1.850619 0.316197 0.743876 -0.201546 -1.000000 
0.257435 1.925236 -0.363725 0.265215 -1.848035 0.329794 0.742301 -0.192078 -1.000000 
0.272755 1.904661 -0.361479 0.296161 -1.845345 0.342652 0.740801 -0.183006 -1.000000 
0.287906 1.882953 -0.358987 0.326729 -1.842555 0.354752 0.739372 -0.174345 -1.000000 
0.302879 1.860147 -0.356252 0.356899 -1.839671 0.366072 0.738011 -0.166103 -1.000000 
0.317666 1.836278 -0.353278 0.386648 -1.836700 0.376595 0.736713 -0.158282 -1.000000 
0.332257 1.811381 -0.350067 0.415957 -1.833647 0.386304 0.735477 -0.150876 -1.000000 
0.346645 1.785493 -0.346624 0.444805 -1.830521 0.395186 0.734298 -0.143878 -1.000000 
0.360822 1.758650 -0.342952 0.473177 -1.827327 0.403228 0.733174 -0.137277 -1.000000 
0.374781 1.730889 -0.339054 0.501054 -1.824071 0.410418 0.732101 -0.131059 -1.000000 
0.388514 1.702245 -0.334936 0.528422 -1.820762 0.416748 0.731076 -0.125209 -1.000000 
0.402015 1.672756 -0.330601 0.555266 -1.817406 0.422211 0.730097 -0.119711 -1.000000 
0.415276 1.642457 -0.326053 0.581572 -1.814009 0.426802 0.729160 -0.114548 -1.000000 
0.428292 1.611386 -0.321297 0.607329 -1.810579 0.430516 0.728263 -0.109702 -1.000000 
0.441056 1.579578 -0.316337 0.632526 -1.807123 0.433353 0.727404 -0.105157 -1.000000 
0.453563 1.547069 -0.311178 0.657152 -1.803648 0.435311 0.726580 -0.100896 -1.000000 
0.465808 1.513893 -0.305825 0.681199 -1.800161 0.436394 0.725789 -0.096903 -1.000000 
0.477784 1.480085 -0.300281 0.704659 -1.796668 0.436604 0.725029 -0.093162 -1.000000 
0.489488 1.445679 -0.294552 0.727525 -1.793177 0.435945 0.724297 -0.089658 -1.000000 
0.500913 1.410709 -0.288642 0.749791 -1.789695 0.434426 0.723593 -0.086377 -1.000000 
0.512057 1.375205 -0.282557 0.771453 -1.786229 0.432053 0.722915 -0.083305 -1.000000 
0.522915 1.339201 -0.276300 0.792506 -1.782785 0.428837 0.722260 -0.080429 -1.000000 
0.533483 1.302726 -0.269878 0.812948 -1.779370 0.424788 0.721628 -0.077737 -1.000000 
0.543758 1.265809 -0.263295 0.832775 -1.775990 0.419920 0.721016 -0.075218 -1.000000 
0.553735 1.228480 -0.256555 0.851986 -1.772653 0.414246 0.720424 -0.072861 -1.000000 
0.563412 1.190766 -0.249665 0.870581 -1.769364 0.407781 0.719850 -0.070657 -1.000000 
0.572787 1.152693 -0.242628 0.888559 -1.766131 0.400542 0.719293 -0.068596 -1.000000 
0.581855 1.114287 -0.235449 0.905921 -1.762958 0.392547 0.718752 -0.066669 -1.000000 
0.590614 1.075572 -0.228135 0.922668 -1.759852 0.383814 0.718226 -0.064869 -1.000000 
0.599063 1.036570 -0.220688 0.938800 -1.756819 0.374364 0.717714 -0.063188 -1.000000 
0.607199 0.997304 -0.213115 0.954321 -1.753864 0.364218 0.717214 -0.061619 -1.000000 
0.615019 0.957795 -0.205421 0.969233 -1.750993 0.353397 0.716727 -0.060157 -1.000000 
0.622523 0.918061 -0.197609 0.983538 -1.748211 0.341926 0.716252 -0.058795 -1.000000 
0.629708 0.878121 -0.189686 0.997239 -1.745524 0.329827 0.715786 -0.057527 -1.000000 
0.636572 0.837993 -0.181655 1.010340 -1.742936 0.317126 0.715331 -0.056349 -1.000000 
0.643115 0.797693 -0.173522 1.022844 -1.740451 0.303847 0.714885 -0.055257 -1.000000 
0.649335 0.757235 -0.165291 1.034755 -1.738075 0.290019 0.714447 -0.054245 -1.000000 
0.655231 0.716633 -0.156967 1.046077 -1.735812 0.275666 0.714016 -0.053311 -1.000000 
0.660801 0.675901 -0.148556 1.056813 -1.733666 0.260818 0.713593 -0.052450 -1.000000 
0.666045 0.635050 -0.140060 1.066968 -1.731641 0.245503 0.713177 -0.051659 -1.000000 
0.670961 0.594091 -0.131486 1.076544 -1.729739 0.229749 0.712767 -0.050936 -1.000000 
0.675550 0.553034 -0.122837 1.085547 -1.727966 0.213585 0.712362 -0.050277 -1.000000 
0.679810 0.511889 -0.114118 1.093980 -1.726323 0.197041 0.711962 -0.049681 -1.000000 
0.683740 0.470663 -0.105335 1.101846 -1.724814 0.180149 0.711567 -0.049145 -1.000000 
0.687340 0.429364 -0.096490 1.109148 -1.723441 0.162937 0.711176 -0.048668 -1.000000 
0.690609 0.387999 -0.087590 1.115890 -1.722208 0.145438 0.710788 -0.048246 -1.000000 
0.693548 0.346575 -0.078638 1.122075 -1.721115 0.127682 0.710404 -0.047880 -1.000000 
0.696155 0.305096 -0.069638 1.127705 -1.720165 0.109700 0.710022 -0.047567 -1.000000 
0.698429 0.263568 -0.060596 1.132783 -1.719360 0.091526 0.709642 -0.047307 -1.000000 
0.700371 0.221996 -0.051515 1.137310 -1.718701 0.073190 0.709265 -0.047099 -1.000000 
0.701981 0.180383 -0.042400 1.141289 -1.718190 0.054724 0.708889 -0.046941 -1.000000 
0.703258 0.138734 -0.033256 1.144721 -1.717826 0.036160 0.708514 -0.046833 -1.000000 
0.704201 0.097053 -0.024086 1.147606 -1.717611 0.017532 0.708139 -0.046775 -1.000000 
0.704810 0.055343 -0.014896 1.149945 -1.717546 -0.001129 0.707765 -0.046767 -1.000000 
0.705086 0.013607 -0.005688 1.151739 -1.717629 -0.019791 0.707391 -0.046808 -1.000000 
0.705028 -0.028150 0.003531 1.152988 -1.717862 -0.038421 0.707016 -0.046899 -1.000000 
0.704636 -0.069926 0.012758 1.153690 -1.718244 -0.056988 0.706640 -0.047040 -1.000000 
0.703909 -0.111717 0.021988 1.153845 -1.718774 -0.075459 0.706263 -0.047230 -1.000000 
0.702848 -0.153519 0.031218 1.153452 -1.719451 -0.093802 0.705884 -0.047472 -1.000000 
0.701453 -0.195327 0.040442 1.152510 -1.720274 -0.111986 0.705503 -0.047765 -1.000000 
0.699723 -0.237138 0.049657 1.151015 -1.721242 -0.129978 0.705120 -0.048110 -1.000000 
0.697659 -0.278946 0.058857 1.148966 -1.722353 -0.147748 0.704734 -0.048509 -1.000000 
0.695260 -0.320746 0.068039 1.146360 -1.723605 -0.165265 0.704344 -0.048963 -1.000000 
0.692527 -0.362533 0.077197 1.143194 -1.724997 -0.182498 0.703950 -0.049473 -1.000000 
0.689459 -0.404299 0.086328 1.139465 -1.726525 -0.199416 0.703552 -0.050041 -1.000000 
0.686058 -0.446038 0.095427 1.135169 -1.728186 -0.215990 0.703149 -0.050668 -1.000000 
0.682323 -0.487741 0.104489 1.130303 -1.729979 -0.232190 0.702741 -0.051358 -1.000000 
0.678254 -0.529401 0.113510 1.124863 -1.731900 -0.247987 0.702327 -0.052111 -1.000000 
0.673853 -0.571007 0.122486 1.118844 -1.733946 -0.263353 0.701907 -0.052932 -1.000000 
0.669118 -0.612549 0.131410 1.112242 -1.736113 -0.278260 0.701480 -0.053822 -1.000000 
0.664052 -0.654016 0.140280 1.105053 -1.738397 -0.292679 0.701046 -0.054784 -1.000000 
0.658654 -0.695396 0.149090 1.097273 -1.740794 -0.306586 0.700603 -0.055823 -1.000000 
0.652926 -0.736675 0.157835 1.088897 -1.743301 -0.319953 0.700152 -0.056940 -1.000000 
0.646868 -0.777839 0.166510 1.079921 -1.745912 -0.332755 0.699692 -0.058142 -1.000000 
0.640481 -0.818873 0.175112 1.070340 -1.748623 -0.344969 0.699222 -0.059430 -1.000000 
0.633766 -0.859760 0.183634 1.060150 -1.751430 -0.356570 0.698741 -0.060811 -1.000000 
0.626725 -0.900483 0.192073 1.049348 -1.754327 -0.367537 0.698249 -0.062289 -1.000000 
0.619359 -0.941024 0.200422 1.037930 -1.757309 -0.377846 0.697744 -0.063869 -1.000000 
0.611669 -0.981362 0.208678 1.025891 -1.760371 -0.387477 0.697227 -0.065558 -1.000000 
0.603658 -1.021477 0.216835 1.013229 -1.763507 -0.396412 0.696695 -0.067361 -1.000000 
0.595326 -1.061347 0.224888 0.999942 -1.766711 -0.404631 0.696148 -0.069284 -1.000000 
0.586677 -1.100949 0.232832 0.986026 -1.769979 -0.412117 0.695586 -0.071335 -1.000000 
0.577712 -1.140259 0.240663 0.971479 -1.773303 -0.418853 0.695007 -0.073522 -1.000000 
0.568434 -1.179251 0.248374 0.956301 -1.776678 -0.424825 0.694409 -0.075851 -1.000000 
0.558845 -1.217901 0.255962 0.940490 -1.780098 -0.430019 0.693793 -0.078332 -1.000000 
0.548948 -1.256179 0.263420 0.924046 -1.783557 -0.434424 0.693156 -0.080974 -1.000000 
0.538747 -1.294059 0.270745 0.906970 -1.787047 -0.438027 0.692497 -0.083786 -1.000000 
0.528244 -1.331512 0.277930 0.889263 -1.790563 -0.440820 0.691815 -0.086778 -1.000000 
0.517444 -1.368507 0.284971 0.870926 -1.794098 -0.442795 0.691108 -0.089961 -1.000000 
0.506350 -1.405015 0.291863 0.851962 -1.797645 -0.443945 0.690375 -0.093345 -1.000000 
0.494965 -1.441003 0.298601 0.832376 -1.801199 -0.444266 0.689614 -0.096942 -1.000000 
0.483295 -1.476440 0.305180 0.812170 -1.804751 -0.443755 0.688823 -0.100763 -1.000000 
0.471344 -1.511293 0.311594 0.791352 -1.808297 -0.442409 0.688001 -0.104821 -1.000000 
0.459116 -1.545530 0.317840 0.769926 -1.811828 -0.440230 0.687145 -0.109128 -1.000000 
0.446617 -1.579116 0.323911 0.747901 -1.815338 -0.437219 0.686254 -0.113696 -1.000000 
0.433852 -1.612019 0.329804 0.725284 -1.818821 -0.433380 0.685325 -0.118536 -1.000000 
0.420826 -1.644204 0.335514 0.702085 -1.822270 -0.428718 0.684357 -0.123662 -1.000000 
0.407547 -1.675637 0.341036 0.678314 -1.825678 -0.423241 0.683346 -0.129083 -1.000000 
0.394018 -1.706284 0.346366 0.653982 -1.829040 -0.416956 0.682291 -0.134810 -1.000000 
0.380248 -1.736111 0.351499 0.629103 -1.832348 -0.409876 0.681188 -0.140852 -1.000000 
0.366243 -1.765084 0.356430 0.603689 -1.835596 -0.402013 0.680036 -0.147216 -1.000000 
0.352009 -1.793170 0.361156 0.577756 -1.838778 -0.393381 0.678832 -0.153907 -1.000000 
0.337555 -1.820336 0.365673 0.551318 -1.841888 -0.383995 0.677573 -0.160927 -1.000000 
0.322886 -1.846549 0.369976 0.524394 -1.844920 -0.373875 0.676256 -0.168273 -1.000000 
0.308012 -1.871778 0.374062 0.497000 -1.847868 -0.363038 0.674879 -0.175941 -1.000000 
0.292941 -1.895990 0.377927 0.469155 -1.850726 -0.351508 0.673440 -0.183918 -1.000000 
0.277679 -1.919157 0.381567 0.440880 -1.853490 -0.339306 0.671936 -0.192187 -1.000000 
0.262237 -1.941249 0.384980 0.412194 -1.856154 -0.326458 0.670364 -0.200725 -1.000000 
0.246622 -1.962237 0.388161 0.383121 -1.858712 -0.312988 0.668724 -0.209499 -1.000000 
0.230844 -1.982095 0.391109 0.353683 -1.861160 -0.298926 0.667012 -0.218470 -1.000000 
0.214912 -2.000797 0.393819 0.323902 -1.863493 -0.284299 0.665228 -0.227586 -1.000000 
0.198835 -2.018319 0.396290 0.293805 -1.865707 -0.269138 0.663370 -0.236789 -1.000000 
0.182622 -2.034638 0.398519 0.263415 -1.867798 -0.253475 0.661439 -0.246008 -1.000000 
0.166284 -2.049733 0.400504 0.232758 -1.869762 -0.237343 0.659434 -0.255165 -1.000000 
0.149830 -2.063585 0.402243 0.201862 -1.871594 -0.220775 0.657357 -0.264169 -1.000000 
0.133270 -2.076175 0.403733 0.170753 -1.873293 -0.203807 0.655208 -0.272923 -1.000000 
0.116614 -2.087489 0.404974 0.139458 -1.874854 -0.186474 0.652991 -0.281322 -1.000000 
0.099873 -2.097512 0.405964 0.108006 -1.876276 -0.168812 0.650708 -0.289256 -1.000000 
0.083058 -2.106231 0.406702 0.076425 -1.877554 -0.150859 0.648365 -0.296613 -1.000000 
0.066177 -2.113638 0.407187 0.044743 -1.878689 -0.132653 0.645964 -0.303282 -1.000000 
0.049243 -2.119722 0.407418 0.012989 -1.879676 -0.114231 0.643514 -0.309156 -1.000000 
0.032265 -2.124480 0.407395 -0.018808 -1.880516 -0.095633 0.641020 -0.314137 -1.000000 
0.015255 -2.127905 0.407117 -0.050619 -1.881206 -0.076895 0.638491 -0.318137 -1.000000 
-0.001778 -2.129996 0.406585 -0.082415 -1.881746 -0.058058 0.635933 -0.321085 -1.000000 
-0.018822 -2.130753 0.405798 -0.114168 -1.882135 -0.039158 0.633356 -0.322928 -1.000000 
-0.035866 -2.130177 0.404758 -0.145850 -1.882372 -0.020236 0.630769 -0.323633 -1.000000 
-0.052901 -2.128273 0.403465 -0.177432 -1.882459 -0.001328 0.628181 -0.323189 -1.000000 
-0.069915 -2.125045 0.401920 -0.208886 -1.882394 0.017528 0.625601 -0.321608 -1.000000 
-0.086898 -2.120501 0.400123 -0.240184 -1.882178 0.036295 0.623038 -0.318923 -1.000000 
-0.103840 -2.114651 0.398077 -0.271301 -1.881813 0.054937 0.620501 -0.315188 -1.000000 
-0.120729 -2.107504 0.395783 -0.302210 -1.881300 0.073417 0.617998 -0.310474 -1.000000 
-0.137556 -2.099074 0.393242 -0.332884 -1.880639 0.091701 0.615536 -0.304868 -1.000000 
-0.154311 -2.089375 0.390458 -0.363298 -1.879833 0.109755 0.613122 -0.298468 -1.000000 
-0.170983 -2.078422 0.387430 -0.393429 -1.878884 0.127545 0.610762 -0.291378 -1.000000 
-0.187562 -2.066233 0.384164 -0.423251 -1.877793 0.145038 0.608462 -0.283708 -1.000000 
-0.204039 -2.052826 0.380659 -0.452742 -1.876564 0.162203 0.606224 -0.275568 -1.000000 
-0.220404 -2.038221 0.376921 -0.481880 -1.875199 0.179010 0.604054 -0.267065 -1.000000 
-0.236648 -2.022438 0.372950 -0.510642 -1.873701 0.195429 0.601952 -0.258303 -1.000000 
-0.252760 -2.005501 0.368751 -0.539009 -1.872073 0.211431 0.599921 -0.249375 -1.000000 
-0.268733 -1.987433 0.364327 -0.566959 -1.870319 0.226989 0.597962 -0.240371 -1.000000 
-0.284556 -1.968257 0.359681 -0.594475 -1.868443 0.242076 0.596075 -0.231368 -1.000000 
-0.300222 -1.948000 0.354817 -0.621536 -1.866447 0.256668 0.594260 -0.222434 -1.000000 
-0.315721 -1.926687 0.349738 -0.648127 -1.864337 0.270740 0.592516 -0.213629 -1.000000 
-0.331046 -1.904345 0.344448 -0.674231 -1.862117 0.284269 0.590841 -0.205001 -1.000000 
-0.346188 -1.881003 0.338952 -0.699831 -1.859791 0.297234 0.589235 -0.196591 -1.000000 
-0.361140 -1.856688 0.333252 -0.724912 -1.857363 0.309615 0.587695 -0.188430 -1.000000 
-0.375893 -1.831430 0.327354 -0.749462 -1.854838 0.321391 0.586220 -0.180544 -1.000000 
-0.390440 -1.805257 0.321262 -0.773467 -1.852222 0.332545 0.584806 -0.172949 -1.000000 
-0.404775 -1.778200 0.314980 -0.796915 -1.849519 0.343061 0.583452 -0.165659 -1.000000 
-0.418889 -1.750290 0.308513 -0.819795 -1.846735 0.352922 0.582155 -0.158680 -1.000000 
-0.432777 -1.721555 0.301865 -0.842096 -1.843874 0.362116 0.580912 -0.152014 -1.000000 
-0.446432 -1.692028 0.295041 -0.863809 -1.840943 0.370629 0.579721 -0.145661 -1.000000 
-0.459847 -1.661739 0.288046 -0.884926 -1.837946 0.378449 0.578581 -0.139618 -1.000000 
-0.473018 -1.630719 0.280884 -0.905438 -1.834890 0.385567 0.577487 -0.133878 -1.000000 
-0.485937 -1.598999 0.273560 -0.925340 -1.831779 0.391974 0.576438 -0.128433 -1.000000 
-0.498600 -1.566609 0.266080 -0.944624 -1.828620 0.397663 0.575431 -0.123275 -1.000000 
-0.511001 -1.533581 0.258448 -0.963286 -1.825418 0.402627 0.574465 -0.118393 -1.000000 
-0.523136 -1.499944 0.250669 -0.981322 -1.822180 0.406861 0.573536 -0.113777 -1.000000 
-0.534999 -1.465729 0.242749 -0.998728 -1.818910 0.410362 0.572643 -0.109415 -1.000000 
-0.546586 -1.430965 0.234691 -1.015500 -1.815616 0.413129 0.571785 -0.105297 -1.000000 
-0.557893 -1.395683 0.226502 -1.031638 -1.812302 0.415159 0.570958 -0.101409 -1.000000 
-0.568915 -1.359910 0.218187 -1.047139 -1.808975 0.416454 0.570162 -0.097743 -1.000000 
-0.579650 -1.323676 0.209750 -1.062003 -1.805641 0.417015 0.569394 -0.094285 -1.000000 
-0.590093 -1.287008 0.201196 -1.076230 -1.802305 0.416844 0.568653 -0.091026 -1.000000 
-0.600241 -1.249933 0.192532 -1.089820 -1.798974 0.415947 0.567937 -0.087954 -1.000000 
-0.610091 -1.212479 0.183761 -1.102774 -1.795652 0.414328 0.567245 -0.085061 -1.000000 
-0.619640 -1.174670 0.174889 -1.115094 -1.792346 0.411994 0.566575 -0.082336 -1.000000 
-0.628885 -1.136533 0.165921 -1.126782 -1.789062 0.408951 0.565927 -0.079770 -1.000000 
-0.637824 -1.098092 0.156862 -1.137841 -1.785805 0.405210 0.565299 -0.077354 -1.000000 
-0.646454 -1.059370 0.147717 -1.148273 -1.782580 0.400779 0.564689 -0.075081 -1.000000 
-0.654773 -1.020391 0.138492 -1.158082 -1.779394 0.395670 0.564097 -0.072942 -1.000000 
-0.662779 -0.981176 0.129190 -1.167272 -1.776251 0.389893 0.563522 -0.070930 -1.000000 
-0.670471 -0.941747 0.119817 -1.175846 -1.773158 0.383462 0.562962 -0.069039 -1.000000 
-0.677847 -0.902124 0.110378 -1.183810 -1.770118 0.376391 0.562417 -0.067261 -1.000000 
-0.684905 -0.862327 0.100878 -1.191167 -1.767137 0.368693 0.561885 -0.065590 -1.000000 
-0.691643 -0.822375 0.091321 -1.197922 -1.764220 0.360384 0.561367 -0.064022 -1.000000 
-0.698062 -0.782285 0.081712 -1.204081 -1.761372 0.351481 0.560861 -0.062551 -1.000000 
-0.704160 -0.742074 0.072057 -1.209649 -1.758598 0.342001 0.560366 -0.061171 -1.000000 
-0.709935 -0.701759 0.062360 -1.214630 -1.755902 0.331961 0.559882 -0.059878 -1.000000 
-0.715388 -0.661354 0.052625 -1.219030 -1.753288 0.321379 0.559408 -0.058668 -1.000000 
-0.720517 -0.620875 0.042857 -1.222854 -1.750761 0.310276 0.558943 -0.057537 -1.000000 
-0.725321 -0.580335 0.033060 -1.226107 -1.748325 0.298670 0.558487 -0.056481 -1.000000 
-0.729802 -0.539747 0.023240 -1.228796 -1.745984 0.286582 0.558039 -0.055497 -1.000000 
-0.733957 -0.499123 0.013401 -1.230924 -1.743741 0.274033 0.557599 -0.054581 -1.000000 
-0.737788 -0.458474 0.003547 -1.232498 -1.741600 0.261045 0.557165 -0.053731 -1.000000 
-0.741293 -0.417811 -0.006317 -1.233521 -1.739565 0.247640 0.556739 -0.052944 -1.000000 
-0.744473 -0.377144 -0.016188 -1.234000 -1.737639 0.233839 0.556318 -0.052217 -1.000000 
-0.747327 -0.336483 -0.026060 -1.233939 -1.735825 0.219667 0.555903 -0.051548 -1.000000 
-0.749856 -0.295836 -0.035929 -1.233342 -1.734126 0.205146 0.555493 -0.050936 -1.000000 
-0.752061 -0.255211 -0.045792 -1.232213 -1.732544 0.190301 0.555088 -0.050377 -1.000000 
-0.753940 -0.214615 -0.055643 -1.230558 -1.731082 0.175155 0.554687 -0.049871 -1.000000 
-0.755495 -0.174057 -0.065480 -1.228380 -1.729742 0.159732 0.554290 -0.049415 -1.000000 
-0.756725 -0.133542 -0.075296 -1.225682 -1.728527 0.144058 0.553896 -0.049010 -1.000000 
-0.757631 -0.093077 -0.085089 -1.222468 -1.727438 0.128157 0.553506 -0.048652 -1.000000 
-0.758214 -0.052668 -0.094854 -1.218742 -1.726477 0.112055 0.553118 -0.048341 -1.000000 
-0.758474 -0.012319 -0.104588 -1.214506 -1.725645 0.095776 0.552732 -0.048077 -1.000000 
-0.758412 0.027963 -0.114285 -1.209763 -1.724945 0.079347 0.552348 -0.047858 -1.000000 
-0.758027 0.068174 -0.123942 -1.204515 -1.724376 0.062792 0.551966 -0.047683 -1.000000 
-0.757321 0.108309 -0.133556 -1.198765 -1.723940 0.046138 0.551585 -0.047553 -1.000000 
-0.756294 0.148363 -0.143121 -1.192514 -1.723638 0.029411 0.551205 -0.047466 -1.000000 
-0.754947 0.188331 -0.152635 -1.185765 -1.723470 0.012636 0.550826 -0.047423 -1.000000 
-0.753281 0.228210 -0.162092 -1.178518 -1.723436 -0.004161 0.550446 -0.047423 -1.000000 
-0.751296 0.267994 -0.171490 -1.170774 -1.723536 -0.020954 0.550067 -0.047466 -1.000000 
-0.748994 0.307679 -0.180823 -1.162535 -1.723771 -0.037716 0.549687 -0.047553 -1.000000 
-0.746374 0.347260 -0.190089 -1.153801 -1.724140 -0.054422 0.549306 -0.047683 -1.000000 
-0.743438 0.386733 -0.199283 -1.144573 -1.724641 -0.071047 0.548924 -0.047856 -1.000000 
-0.740186 0.426092 -0.208401 -1.134850 -1.725276 -0.087565 0.548540 -0.048074 -1.000000 
-0.736621 0.465332 -0.217439 -1.124633 -1.726042 -0.103949 0.548155 -0.048337 -1.000000 
-0.732741 0.504447 -0.226394 -1.113922 -1.726939 -0.120176 0.547767 -0.048645 -1.000000 
-0.728550 0.543432 -0.235261 -1.102715 -1.727964 -0.136219 0.547376 -0.049000 -1.000000 
-0.724047 0.582280 -0.244036 -1.091014 -1.729118 -0.152054 0.546983 -0.049401 -1.000000 
-0.719234 0.620984 -0.252715 -1.078817 -1.730397 -0.167656 0.546586 -0.049852 -1.000000 
-0.714111 0.659539 -0.261295 -1.066123 -1.731800 -0.183000 0.546185 -0.050352 -1.000000 
-0.708681 0.697935 -0.269772 -1.052932 -1.733324 -0.198063 0.545780 -0.050903 -1.000000 
-0.702945 0.736165 -0.278141 -1.039243 -1.734968 -0.212821 0.545370 -0.051506 -1.000000 
-0.696903 0.774220 -0.286399 -1.025056 -1.736728 -0.227250 0.544956 -0.052164 -1.000000 
-0.690558 0.812092 -0.294541 -1.010370 -1.738603 -0.241327 0.544535 -0.052878 -1.000000 
-0.683910 0.849769 -0.302563 -0.995183 -1.740588 -0.255030 0.544109 -0.053650 -1.000000 
-0.676962 0.887243 -0.310462 -0.979496 -1.742682 -0.268336 0.543677 -0.054482 -1.000000 
-0.669715 0.924501 -0.318234 -0.963308 -1.744881 -0.281225 0.543237 -0.055378 -1.000000 
-0.662171 0.961532 -0.325874 -0.946619 -1.747181 -0.293674 0.542791 -0.056339 -1.000000 
-0.654331 0.998324 -0.333378 -0.929428 -1.749578 -0.305664 0.542336 -0.057368 -1.000000 
-0.646198 1.034864 -0.340743 -0.911736 -1.752070 -0.317174 0.541873 -0.058468 -1.000000 
-0.637774 1.071138 -0.347965 -0.893542 -1.754652 -0.328185 0.541400 -0.059643 -1.000000 
-0.629061 1.107131 -0.355039 -0.874848 -1.757320 -0.338678 0.540918 -0.060896 -1.000000 
-0.620061 1.142828 -0.361961 -0.855655 -1.760069 -0.348636 0.540426 -0.062230 -1.000000 
-0.610776 1.178214 -0.368728 -0.835963 -1.762896 -0.358040 0.539922 -0.063651 -1.000000 
-0.601210 1.213272 -0.375335 -0.815775 -1.765796 -0.366876 0.539407 -0.065161 -1.000000 
-0.591365 1.247984 -0.381779 -0.795092 -1.768765 -0.375126 0.538879 -0.066766 -1.000000 
-0.581243 1.282333 -0.388055 -0.773917 -1.771797 -0.382776 0.538338 -0.068471 -1.000000 
-0.570849 1.316300 -0.394160 -0.752253 -1.774887 -0.389812 0.537784 -0.070280 -1.000000 
-0.560184 1.349866 -0.400090 -0.730103 -1.778032 -0.396222 0.537214 -0.072199 -1.000000 
-0.549252 1.383011 -0.405841 -0.707472 -1.781225 -0.401992 0.536628 -0.074234 -1.000000 
-0.538057 1.415714 -0.411408 -0.684363 -1.784462 -0.407112 0.536026 -0.076391 -1.000000 
-0.526602 1.447955 -0.416789 -0.660782 -1.787737 -0.411571 0.535405 -0.078676 -1.000000 
-0.514891 1.479712 -0.421980 -0.636735 -1.791046 -0.415361 0.534766 -0.081096 -1.000000 
-0.502928 1.510963 -0.426976 -0.612229 -1.794381 -0.418473 0.534107 -0.083659 -1.000000 
-0.490717 1.541685 -0.431774 -0.587270 -1.797739 -0.420900 0.533427 -0.086371 -1.000000 
-0.478262 1.571856 -0.436371 -0.561866 -1.801114 -0.422637 0.532725 -0.089240 -1.000000 
-0.465568 1.601452 -0.440763 -0.536025 -1.804500 -0.423678 0.531999 -0.092274 -1.000000 
-0.452640 1.630449 -0.444946 -0.509757 -1.807891 -0.424021 0.531248 -0.095481 -1.000000 
-0.439483 1.658824 -0.448918 -0.483072 -1.811282 -0.423662 0.530471 -0.098869 -1.000000 
-0.426101 1.686553 -0.452674 -0.455980 -1.814668 -0.422602 0.529666 -0.102448 -1.000000 
-0.412500 1.713611 -0.456212 -0.428492 -1.818042 -0.420839 0.528831 -0.106225 -1.000000 
-0.398685 1.739973 -0.459529 -0.400622 -1.821399 -0.418375 0.527966 -0.110209 -1.000000 
-0.384662 1.765617 -0.462621 -0.372381 -1.824734 -0.415213 0.527067 -0.114408 -1.000000 
-0.370437 1.790516 -0.465486 -0.343783 -1.828041 -0.411358 0.526135 -0.118830 -1.000000 
-0.356016 1.814648 -0.468121 -0.314844 -1.831314 -0.406813 0.525166 -0.123482 -1.000000 
-0.341405 1.837987 -0.470523 -0.285577 -1.834548 -0.401586 0.524158 -0.128372 -1.000000 
-0.326610 1.860510 -0.472689 -0.255999 -1.837737 -0.395685 0.523111 -0.133505 -1.000000 
-0.311639 1.882194 -0.474618 -0.226127 -1.840877 -0.389118 0.522022 -0.138885 -1.000000 
-0.296498 1.903015 -0.476307 -0.195978 -1.843962 -0.381896 0.520888 -0.144517 -1.000000 
-0.281193 1.922950 -0.477753 -0.165569 -1.846986 -0.374031 0.519709 -0.150401 -1.000000 
-0.265733 1.941978 -0.478955 -0.134921 -1.849944 -0.365536 0.518481 -0.156537 -1.000000 
-0.250124 1.960077 -0.479911 -0.104051 -1.852833 -0.356425 0.517203 -0.162920 -1.000000 
-0.234374 1.977226 -0.480619 -0.072981 -1.855646 -0.346714 0.515874 -0.169545 -1.000000 
-0.218491 1.993404 -0.481078 -0.041731 -1.858378 -0.336419 0.514490 -0.176401 -1.000000 
-0.202482 2.008592 -0.481287 -0.010321 -1.861027 -0.325559 0.513051 -0.183473 -1.000000 
-0.186356 2.022772 -0.481243 0.021225 -1.863586 -0.314152 0.511554 -0.190742 -1.000000 
-0.170121 2.035926 -0.480947 0.052887 -1.866052 -0.302218 0.509998 -0.198184 -1.000000 
-0.153784 2.048038 -0.480397 0.084641 -1.868420 -0.289780 0.508383 -0.205770 -1.000000 
-0.137355 2.059091 -0.479592 0.116464 -1.870687 -0.276859 0.506706 -0.213462 -1.000000 
-0.120842 2.069072 -0.478533 0.148333 -1.872849 -0.263479 0.504967 -0.221220 -1.000000 
-0.104253 2.077967 -0.477219 0.180223 -1.874901 -0.249663 0.503166 -0.228995 -1.000000 
-0.087597 2.085764 -0.475650 0.212112 -1.876842 -0.235439 0.501303 -0.236731 -1.000000 
-0.070883 2.092453 -0.473825 0.243975 -1.878667 -0.220830 0.499379 -0.244368 -1.000000 
-0.054121 2.098023 -0.471746 0.275787 -1.880374 -0.205864 0.497394 -0.251839 -1.000000 
-0.037318 2.102467 -0.469413 0.307524 -1.881960 -0.190569 0.495350 -0.259072 -1.000000 
-0.020484 2.105778 -0.466826 0.339161 -1.883423 -0.174973 0.493249 -0.265992 -1.000000 
-0.003629 2.107950 -0.463987 0.370674 -1.884759 -0.159103 0.491095 -0.272521 -1.000000 
0.013240 2.108980 -0.460896 0.402039 -1.885968 -0.142990 0.488890 -0.278582 -1.000000 
0.030112 2.108865 -0.457554 0.433230 -1.887047 -0.126663 0.486639 -0.284096 -1.000000 
0.046979 2.107604 -0.453964 0.464225 -1.887994 -0.110151 0.484346 -0.288990 -1.000000 
0.063831 2.105196 -0.450127 0.494999 -1.888809 -0.093485 0.482017 -0.293195 -1.000000 
0.080659 2.101645 -0.446045 0.525528 -1.889489 -0.076694 0.479657 -0.296650 -1.000000 
0.097454 2.096952 -0.441720 0.555789 -1.890035 -0.059809 0.477273 -0.299305 -1.000000 
0.114207 2.091122 -0.437153 0.585760 -1.890446 -0.042860 0.474871 -0.301118 -1.000000 
0.130909 2.084162 -0.432348 0.615417 -1.890721 -0.025877 0.472457 -0.302064 -1.000000 
0.147551 2.076078 -0.427307 0.644739 -1.890860 -0.008891 0.470040 -0.302128 -1.000000 
0.164123 2.066879 -0.422033 0.673705 -1.890863 0.008070 0.467626 -0.301311 -1.000000 
0.180618 2.056574 -0.416529 0.702293 -1.890731 0.024976 0.465221 -0.299629 -1.000000 
0.197025 2.045175 -0.410798 0.730484 -1.890464 0.041797 0.462834 -0.297109 -1.000000 
0.213338 2.032694 -0.404843 0.758257 -1.890063 0.058506 0.460470 -0.293794 -1.000000 
0.229546 2.019144 -0.398667 0.785593 -1.889528 0.075073 0.458135 -0.289735 -1.000000 
0.245641 2.004540 -0.392274 0.812475 -1.888862 0.091472 0.455836 -0.284993 -1.000000 
0.261616 1.988897 -0.385669 0.838884 -1.888065 0.107674 0.453577 -0.279637 -1.000000 
0.277461 1.972232 -0.378853 0.864804 -1.887140 0.123654 0.451363 -0.273740 -1.000000 
0.293169 1.954561 -0.371833 0.890218 -1.886087 0.139386 0.449198 -0.267379 -1.000000 
0.308731 1.935905 -0.364611 0.915112 -1.884910 0.154844 0.447086 -0.260630 -1.000000 
0.324140 1.916281 -0.357193 0.939469 -1.883611 0.170004 0.445029 -0.253569 -1.000000 
0.339389 1.895709 -0.349581 0.963276 -1.882191 0.184841 0.443030 -0.246271 -1.000000 
0.354469 1.874212 -0.341782 0.986521 -1.880654 0.199334 0.441089 -0.238805 -1.000000 
0.369374 1.851809 -0.333799 1.009190 -1.879003 0.213459 0.439209 -0.231235 -1.000000 
0.384096 1.828524 -0.325636 1.031272 -1.877240 0.227195 0.437390 -0.223622 -1.000000 
0.398628 1.804378 -0.317300 1.052756 -1.875369 0.240522 0.435631 -0.216019 -1.000000 
0.412964 1.779395 -0.308794 1.073633 -1.873393 0.253419 0.433933 -0.208472 -1.000000 
0.427096 1.753600 -0.300123 1.093892 -1.871315 0.265868 0.432295 -0.201024 -1.000000 
0.441019 1.727015 -0.291293 1.113525 -1.869140 0.277850 0.430716 -0.193708 -1.000000 
0.454726 1.699666 -0.282309 1.132525 -1.866871 0.289348 0.429195 -0.186555 -1.000000 
0.468212 1.671578 -0.273174 1.150884 -1.864512 0.300346 0.427731 -0.179588 -1.000000 
0.481470 1.642775 -0.263896 1.168596 -1.862067 0.310829 0.426321 -0.172825 -1.000000 
0.494494 1.613284 -0.254479 1.185656 -1.859540 0.320782 0.424965 -0.166282 -1.000000 
0.507281 1.583129 -0.244927 1.202059 -1.856936 0.330192 0.423660 -0.159969 -1.000000 
0.519823 1.552337 -0.235248 1.217801 -1.854258 0.339047 0.422405 -0.153892 -1.000000 
0.532116 1.520933 -0.225444 1.232878 -1.851512 0.347334 0.421197 -0.148056 -1.000000 
0.544156 1.488943 -0.215523 1.247289 -1.848703 0.355044 0.420036 -0.142462 -1.000000 
0.555938 1.456393 -0.205490 1.261030 -1.845833 0.362166 0.418917 -0.137109 -1.000000 
0.567457 1.423309 -0.195349 1.274101 -1.842909 0.368693 0.417841 -0.131995 -1.000000 
0.578709 1.389716 -0.185106 1.286501 -1.839936 0.374617 0.416805 -0.127116 -1.000000 
0.589691 1.355640 -0.174766 1.298230 -1.836917 0.379931 0.415807 -0.122465 -1.000000 
0.600398 1.321106 -0.164336 1.309289 -1.833859 0.384629 0.414845 -0.118038 -1.000000 
0.610828 1.286139 -0.153819 1.319678 -1.830765 0.388709 0.413918 -0.113827 -1.000000 
0.620976 1.250763 -0.143223 1.329400 -1.827641 0.392165 0.413023 -0.109825 -1.000000 
0.630839 1.215005 -0.132551 1.338456 -1.824492 0.394996 0.412160 -0.106024 -1.000000 
0.640415 1.178886 -0.121809 1.346849 -1.821323 0.397199 0.411326 -0.102417 -1.000000 
0.649700 1.142431 -0.111003 1.354583 -1.818138 0.398775 0.410521 -0.098995 -1.000000 
0.658693 1.105664 -0.100138 1.361661 -1.814944 0.399723 0.409742 -0.095750 -1.000000 
0.667390 1.068606 -0.089218 1.368087 -1.811744 0.400046 0.408988 -0.092675 -1.000000 
0.675790 1.031281 -0.078250 1.373865 -1.808545 0.399745 0.408259 -0.089761 -1.000000 
0.683890 0.993710 -0.067238 1.379001 -1.805350 0.398823 0.407552 -0.087002 -1.000000 
0.691689 0.955914 -0.056188 1.383499 -1.802165 0.397285 0.406866 -0.084389 -1.000000 
0.699184 0.917914 -0.045104 1.387365 -1.798995 0.395136 0.406201 -0.081916 -1.000000 
0.706375 0.879729 -0.033991 1.390604 -1.795845 0.392382 0.405555 -0.079577 -1.000000 
0.713259 0.841381 -0.022856 1.393222 -1.792719 0.389029 0.404927 -0.077363 -1.000000 
0.719836 0.802887 -0.011702 1.395226 -1.789622 0.385084 0.404317 -0.075270 -1.000000 
0.726105 0.764265 -0.000534 1.396622 -1.786559 0.380557 0.403723 -0.073292 -1.000000 
0.732064 0.725534 0.010643 1.397416 -1.783535 0.375456 0.403144 -0.071422 -1.000000 
0.737713 0.686711 0.021823 1.397615 -1.780553 0.369791 0.402580 -0.069655 -1.000000 
0.743051 0.647811 0.033003 1.397226 -1.777619 0.363573 0.402029 -0.067987 -1.000000 
0.748078 0.608850 0.044177 1.396254 -1.774737 0.356813 0.401492 -0.066413 -1.000000 
0.752793 0.569845 0.055342 1.394708 -1.771912 0.349523 0.400966 -0.064927 -1.000000 
0.757196 0.530808 0.066491 1.392594 -1.769146 0.341716 0.400453 -0.063527 -1.000000 
0.761286 0.491754 0.077622 1.389919 -1.766446 0.333405 0.399950 -0.062207 -1.000000 
0.765064 0.452697 0.088728 1.386689 -1.763813 0.324603 0.399457 -0.060964 -1.000000 
0.768529 0.413649 0.099807 1.382912 -1.761253 0.315327 0.398974 -0.059795 -1.000000 
0.771682 0.374621 0.110854 1.378593 -1.758769 0.305589 0.398500 -0.058697 -1.000000 
0.774523 0.335626 0.121863 1.373741 -1.756365 0.295407 0.398035 -0.057666 -1.000000 
0.777052 0.296673 0.132832 1.368360 -1.754044 0.284796 0.397577 -0.056699 -1.000000 
0.779270 0.257775 0.143756 1.362458 -1.751809 0.273773 0.397127 -0.055794 -1.000000 
0.781177 0.218939 0.154630 1.356041 -1.749665 0.262354 0.396685 -0.054948 -1.000000 
0.782773 0.180176 0.165451 1.349115 -1.747613 0.250558 0.396248 -0.054159 -1.000000 
0.784060 0.141494 0.176214 1.341685 -1.745657 0.238402 0.395818 -0.053425 -1.000000 
0.785037 0.102902 0.186917 1.333758 -1.743799 0.225904 0.395393 -0.052744 -1.000000 
0.785706 0.064407 0.197553 1.325339 -1.742043 0.213083 0.394974 -0.052114 -1.000000 
0.786068 0.026017 0.208121 1.316433 -1.740391 0.199958 0.394559 -0.051533 -1.000000 
0.786123 -0.012261 0.218615 1.307046 -1.738844 0.186548 0.394149 -0.051000 -1.000000 
0.785872 -0.050421 0.229032 1.297182 -1.737407 0.172873 0.393743 -0.050513 -1.000000 
0.785317 -0.088455 0.239369 1.286847 -1.736079 0.158952 0.393341 -0.050071 -1.000000 
0.784457 -0.126359 0.249620 1.276044 -1.734864 0.144806 0.392942 -0.049674 -1.000000 
0.783295 -0.164126 0.259784 1.264778 -1.733763 0.130454 0.392546 -0.049319 -1.000000 
0.781832 -0.201751 0.269856 1.253052 -1.732777 0.115918 0.392153 -0.049006 -1.000000 
0.780068 -0.239228 0.279832 1.240872 -1.731909 0.101217 0.391762 -0.048734 -1.000000 
0.778004 -0.276553 0.289708 1.228239 -1.731158 0.086373 0.391373 -0.048502 -1.000000 
0.775643 -0.313720 0.299482 1.215159 -1.730527 0.071407 0.390986 -0.048310 -1.000000 
0.772985 -0.350724 0.309150 1.201633 -1.730016 0.056339 0.390600 -0.048157 -1.000000 
0.770032 -0.387561 0.318707 1.187665 -1.729626 0.041190 0.390215 -0.048044 -1.000000 
0.766785 -0.424226 0.328151 1.173257 -1.729357 0.025983 0.389831 -0.047968 -1.000000 
0.763245 -0.460715 0.337478 1.158413 -1.729210 0.010737 0.389447 -0.047931 -1.000000 
0.759414 -0.497022 0.346685 1.143134 -1.729185 -0.004525 0.389064 -0.047932 -1.000000 
0.755293 -0.533143 0.355767 1.127422 -1.729282 -0.019784 0.388680 -0.047971 -1.000000 
0.750884 -0.569073 0.364722 1.111281 -1.729502 -0.035016 0.388296 -0.048049 -1.000000 
0.746188 -0.604807 0.373547 1.094711 -1.729843 -0.050202 0.387911 -0.048165 -1.000000 
0.741208 -0.640340 0.382237 1.077715 -1.730305 -0.065320 0.387526 -0.048319 -1.000000 
0.735944 -0.675667 0.390789 1.060293 -1.730887 -0.080349 0.387138 -0.048512 -1.000000 
0.730398 -0.710783 0.399200 1.042449 -1.731590 -0.095268 0.386749 -0.048745 -1.000000 
0.724572 -0.745681 0.407467 1.024183 -1.732411 -0.110057 0.386358 -0.049017 -1.000000 
0.718467 -0.780356 0.415586 1.005497 -1.733351 -0.124695 0.385965 -0.049330 -1.000000 
0.712087 -0.814802 0.423554 0.986393 -1.734406 -0.139161 0.385569 -0.049684 -1.000000 
0.705431 -0.849013 0.431367 0.966871 -1.735577 -0.153435 0.385170 -0.050081 -1.000000 
0.698503 -0.882981 0.439023 0.946934 -1.736860 -0.167497 0.384767 -0.050520 -1.000000 
0.691304 -0.916700 0.446517 0.926582 -1.738256 -0.181328 0.384361 -0.051004 -1.000000 
0.683836 -0.950163 0.453847 0.905818 -1.739761 -0.194907 0.383951 -0.051532 -1.000000 
0.676102 -0.983361 0.461009 0.884643 -1.741374 -0.208215 0.383537 -0.052107 -1.000000 
0.668103 -1.016286 0.468000 0.863058 -1.743092 -0.221234 0.383117 -0.052731 -1.000000 
0.659842 -1.048931 0.474817 0.841066 -1.744913 -0.233944 0.382693 -0.053403 -1.000000 
0.651321 -1.081285 0.481456 0.818669 -1.746834 -0.246328 0.382263 -0.054127 -1.000000 
0.642543 -1.113340 0.487914 0.795869 -1.748853 -0.258368 0.381827 -0.054903 -1.000000 
0.633509 -1.145086 0.494189 0.772668 -1.750967 -0.270045 0.381384 -0.055735 -1.000000 
0.624222 -1.176513 0.500276 0.749069 -1.753173 -0.281343 0.380935 -0.056623 -1.000000 
0.614685 -1.207610 0.506173 0.725074 -1.755467 -0.292246 0.380478 -0.057571 -1.000000 
0.604901 -1.238365 0.511876 0.700688 -1.757848 -0.302736 0.380014 -0.058579 -1.000000 
0.594872 -1.268768 0.517383 0.675912 -1.760310 -0.312799 0.379541 -0.059652 -1.000000 
0.584602 -1.298807 0.522690 0.650752 -1.762851 -0.322418 0.379059 -0.060792 -1.000000 
0.574093 -1.328468 0.527794 0.625211 -1.765467 -0.331580 0.378568 -0.062001 -1.000000 
0.563347 -1.357740 0.532692 0.599294 -1.768155 -0.340271 0.378067 -0.063284 -1.000000 
0.552370 -1.386609 0.537382 0.573005 -1.770910 -0.348476 0.377555 -0.064642 -1.000000 
0.541163 -1.415061 0.541859 0.546350 -1.773729 -0.356183 0.377032 -0.066079 -1.000000 
0.529730 -1.443083 0.546122 0.519335 -1.776608 -0.363380 0.376498 -0.067600 -1.000000 
0.518075 -1.470659 0.550168 0.491964 -1.779542 -0.370056 0.375950 -0.069208 -1.000000 
0.506201 -1.497775 0.553993 0.464247 -1.782528 -0.376198 0.375390 -0.070906 -1.000000 
0.494112 -1.524417 0.557595 0.436188 -1.785560 -0.381798 0.374816 -0.072700 -1.000000 
0.481811 -1.550567 0.560971 0.407796 -1.788635 -0.386846 0.374227 -0.074595 -1.000000 
0.469304 -1.576212 0.564118 0.379080 -1.791748 -0.391333 0.373622 -0.076593 -1.000000 
0.456593 -1.601333 0.567035 0.350046 -1.794895 -0.395251 0.373001 -0.078701 -1.000000 
0.443684 -1.625916 0.569718 0.320706 -1.798070 -0.398593 0.372362 -0.080924 -1.000000 
0.430580 -1.649944 0.572166 0.291068 -1.801271 -0.401354 0.371706 -0.083267 -1.000000 
0.417286 -1.673400 0.574375 0.261142 -1.804490 -0.403527 0.371030 -0.085736 -1.000000 
0.403807 -1.696266 0.576343 0.230940 -1.807725 -0.405108 0.370334 -0.088336 -1.000000 
0.390148 -1.718527 0.578069 0.200473 -1.810971 -0.406093 0.369616 -0.091073 -1.000000 
0.376312 -1.740164 0.579550 0.169752 -1.814221 -0.406480 0.368876 -0.093953 -1.000000 
0.362307 -1.761162 0.580784 0.138791 -1.817473 -0.406267 0.368112 -0.096982 -1.000000 
0.348136 -1.781501 0.581770 0.107602 -1.820720 -0.405453 0.367324 -0.100167 -1.000000 
0.333805 -1.801167 0.582506 0.076199 -1.823958 -0.404037 0.366509 -0.103513 -1.000000 
0.319319 -1.820140 0.582989 0.044597 -1.827183 -0.402022 0.365667 -0.107026 -1.000000 
0.304684 -1.838405 0.583219 0.012810 -1.830389 -0.399408 0.364796 -0.110713 -1.000000 
0.289906 -1.855945 0.583193 -0.019147 -1.833572 -0.396199 0.363895 -0.114578 -1.000000 
0.274991 -1.872743 0.582912 -0.051258 -1.836727 -0.392399 0.362963 -0.118627 -1.000000 
0.259944 -1.888782 0.582373 -0.083506 -1.839849 -0.388012 0.361997 -0.122865 -1.000000 
0.244773 -1.904047 0.581575 -0.115875 -1.842933 -0.383045 0.360996 -0.127296 -1.000000 
0.229482 -1.918521 0.580519 -0.148347 -1.845976 -0.377504 0.359960 -0.131923 -1.000000 
0.214078 -1.932190 0.579202 -0.180903 -1.848972 -0.371396 0.358885 -0.136747 -1.000000 
0.198569 -1.945039 0.577624 -0.213527 -1.851917 -0.364732 0.357771 -0.141771 -1.000000 
0.182960 -1.957052 0.575785 -0.246199 -1.854806 -0.357519 0.356616 -0.146994 -1.000000 
0.167258 -1.968217 0.573685 -0.278900 -1.857636 -0.349770 0.355419 -0.152412 -1.000000 
0.151471 -1.978520 0.571323 -0.311610 -1.860401 -0.341496 0.354177 -0.158023 -1.000000 
0.135604 -1.987947 0.568699 -0.344310 -1.863098 -0.332709 0.352890 -0.163820 -1.000000 
0.119666 -1.996488 0.565814 -0.376980 -1.865723 -0.323424 0.351555 -0.169793 -1.000000 
0.103663 -2.004129 0.562667 -0.409598 -1.868272 -0.313653 0.350173 -0.175930 -1.000000 
0.087602 -2.010862 0.559260 -0.442144 -1.870740 -0.303413 0.348740 -0.182216 -1.000000 
0.071492 -2.016675 0.555593 -0.474598 -1.873125 -0.292719 0.347257 -0.188632 -1.000000 
0.055338 -2.021560 0.551667 -0.506938 -1.875423 -0.281590 0.345722 -0.195156 -1.000000 
0.039149 -2.025508 0.547483 -0.539143 -1.877629 -0.270041 0.344134 -0.201761 -1.000000 
0.022932 -2.028512 0.543041 -0.571192 -1.879742 -0.258092 0.342493 -0.208416 -1.000000 
0.006695 -2.030566 0.538344 -0.603062 -1.881758 -0.245762 0.340799 -0.215085 -1.000000 
-0.009554 -2.031663 0.533393 -0.634734 -1.883673 -0.233071 0.339052 -0.221730 -1.000000 
-0.025809 -2.031800 0.528189 -0.666185 -1.885486 -0.220039 0.337252 -0.228306 -1.000000 
-0.042060 -2.030971 0.522734 -0.697394 -1.887193 -0.206687 0.335400 -0.234768 -1.000000 
-0.058302 -2.029176 0.517031 -0.728339 -1.888792 -0.193037 0.333496 -0.241062 -1.000000 
-0.074525 -2.026412 0.511082 -0.759001 -1.890281 -0.179112 0.331543 -0.247137 -1.000000 
-0.090722 -2.022677 0.504888 -0.789357 -1.891657 -0.164933 0.329543 -0.252937 -1.000000 
-0.106885 -2.017974 0.498453 -0.819387 -1.892919 -0.150524 0.327497 -0.258404 -1.000000 
-0.123007 -2.012302 0.491779 -0.849071 -1.894065 -0.135908 0.325409 -0.263483 -1.000000 
-0.139079 -2.005665 0.484869 -0.878389 -1.895093 -0.121108 0.323282 -0.268118 -1.000000 
-0.155095 -1.998065 0.477726 -0.907320 -1.896003 -0.106150 0.321121 -0.272255 -1.000000 
-0.171046 -1.989507 0.470353 -0.935847 -1.896791 -0.091055 0.318928 -0.275846 -1.000000 
-0.186924 -1.979997 0.462753 -0.963949 -1.897459 -0.075850 0.316709 -0.278846 -1.000000 
-0.202723 -1.969541 0.454931 -0.991609 -1.898005 -0.060557 0.314468 -0.281219 -1.000000 
-0.218434 -1.958146 0.446889 -1.018807 -1.898428 -0.045202 0.312211 -0.282932 -1.000000 
-0.234051 -1.945820 0.438631 -1.045528 -1.898728 -0.029808 0.309943 -0.283966 -1.000000 
-0.249565 -1.932573 0.430162 -1.071754 -1.898905 -0.014400 0.307669 -0.284306 -1.000000 
-0.264970 -1.918415 0.421484 -1.097469 -1.898958 0.000998 0.305396 -0.283950 -1.000000 
-0.280257 -1.903357 0.412604 -1.122656 -1.898889 0.016363 0.303128 -0.282903 -1.000000 
-0.295421 -1.887410 0.403523 -1.147302 -1.898697 0.031671 0.300871 -0.281182 -1.000000 
-0.310453 -1.870588 0.394248 -1.171391 -1.898382 0.046898 0.298631 -0.278809 -1.000000 
-0.325348 -1.852903 0.384783 -1.194909 -1.897947 0.062021 0.296412 -0.275818 -1.000000 
-0.340098 -1.834370 0.375131 -1.217845 -1.897390 0.077018 0.294219 -0.272248 -1.000000 
-0.354696 -1.815004 0.365299 -1.240184 -1.896715 0.091867 0.292057 -0.268144 -1.000000 
-0.369136 -1.794820 0.355290 -1.261915 -1.895921 0.106544 0.289930 -0.263555 -1.000000 
-0.383411 -1.773835 0.345110 -1.283027 -1.895011 0.121030 0.287842 -0.258535 -1.000000 
-0.397515 -1.752065 0.334763 -1.303510 -1.893985 0.135302 0.285795 -0.253139 -1.000000 
-0.411442 -1.729528 0.324255 -1.323354 -1.892846 0.149341 0.283792 -0.247423 -1.000000 
-0.425185 -1.706242 0.313591 -1.342550 -1.891596 0.163125 0.281837 -0.241443 -1.000000 
-0.438740 -1.682224 0.302776 -1.361089 -1.890237 0.176636 0.279930 -0.235252 -1.000000 
-0.452099 -1.657494 0.291816 -1.378965 -1.888771 0.189855 0.278073 -0.228902 -1.000000 
-0.465258 -1.632072 0.280715 -1.396169 -1.887200 0.202763 0.276268 -0.222444 -1.000000 
-0.478210 -1.605976 0.269479 -1.412696 -1.885528 0.215343 0.274514 -0.215922 -1.000000 
-0.490952 -1.579228 0.258113 -1.428540 -1.883756 0.227576 0.272813 -0.209377 -1.000000 
-0.503476 -1.551846 0.246624 -1.443696 -1.881887 0.239448 0.271164 -0.202849 -1.000000 
-0.515779 -1.523852 0.235016 -1.458160 -1.879925 0.250942 0.269567 -0.196370 -1.000000 
-0.527856 -1.495267 0.223295 -1.471929 -1.877873 0.262042 0.268022 -0.189969 -1.000000 
-0.539702 -1.466112 0.211467 -1.484999 -1.875734 0.272734 0.266527 -0.183673 -1.000000 
-0.551313 -1.436407 0.199537 -1.497369 -1.873511 0.283004 0.265083 -0.177503 -1.000000 
-0.562683 -1.406175 0.187511 -1.509036 -1.871207 0.292840 0.263687 -0.171476 -1.000000 
-0.573810 -1.375436 0.175394 -1.520000 -1.868826 0.302228 0.262339 -0.165608 -1.000000 
-0.584689 -1.344212 0.163193 -1.530260 -1.866373 0.311158 0.261037 -0.159909 -1.000000 
-0.595316 -1.312525 0.150912 -1.539816 -1.863849 0.319617 0.259780 -0.154389 -1.000000 
-0.605688 -1.280396 0.138558 -1.548670 -1.861260 0.327596 0.258566 -0.149054 -1.000000 
-0.615801 -1.247847 0.126135 -1.556822 -1.858609 0.335086 0.257394 -0.143907 -1.000000 
-0.625653 -1.214898 0.113650 -1.564274 -1.855900 0.342078 0.256263 -0.138952 -1.000000 
-0.635239 -1.181572 0.101109 -1.571029 -1.853137 0.348563 0.255171 -0.134188 -1.000000 
-0.644557 -1.147890 0.088516 -1.577089 -1.850324 0.354535 0.254116 -0.129616 -1.000000 
-0.653604 -1.113871 0.075877 -1.582458 -1.847466 0.359987 0.253096 -0.125231 -1.000000 
-0.662378 -1.079538 0.063198 -1.587139 -1.844566 0.364913 0.252111 -0.121033 -1.000000 
-0.670876 -1.044911 0.050485 -1.591137 -1.841629 0.369310 0.251159 -0.117017 -1.000000 
-0.679096 -1.010009 0.037742 -1.594457 -1.838658 0.373172 0.250239 -0.113178 -1.000000 
-0.687035 -0.974854 0.024975 -1.597103 -1.835659 0.376497 0.249348 -0.109513 -1.000000 
-0.694693 -0.939464 0.012190 -1.599081 -1.832636 0.379282 0.248486 -0.106014 -1.000000 
-0.702066 -0.903860 -0.000608 -1.600396 -1.829592 0.381525 0.247651 -0.102678 -1.000000 
-0.709154 -0.868059 -0.013415 -1.601055 -1.826533 0.383226 0.246843 -0.099499 -1.000000 
-0.715955 -0.832082 -0.026224 -1.601064 -1.823462 0.384384 0.246059 -0.096470 -1.000000 
-0.722467 -0.795946 -0.039030 -1.600430 -1.820384 0.384999 0.245299 -0.093585 -1.000000 
-0.728690 -0.759669 -0.051829 -1.599159 -1.817304 0.385073 0.244561 -0.090840 -1.000000 
-0.734621 -0.723269 -0.064615 -1.597259 -1.814224 0.384608 0.243845 -0.088229 -1.000000 
-0.740262 -0.686762 -0.077383 -1.594736 -1.811151 0.383606 0.243149 -0.085745 -1.000000 
-0.745609 -0.650166 -0.090129 -1.591599 -1.808088 0.382072 0.242473 -0.083384 -1.000000 
-0.750664 -0.613496 -0.102847 -1.587855 -1.805040 0.380008 0.241815 -0.081140 -1.000000 
-0.755425 -0.576768 -0.115533 -1.583512 -1.802009 0.377420 0.241174 -0.079008 -1.000000 
-0.759892 -0.539998 -0.128182 -1.578577 -1.799002 0.374314 0.240550 -0.076983 -1.000000 
-0.764065 -0.503200 -0.140789 -1.573059 -1.796022 0.370694 0.239942 -0.075060 -1.000000 
-0.767943 -0.466389 -0.153349 -1.566966 -1.793072 0.366569 0.239349 -0.073236 -1.000000 
-0.771527 -0.429578 -0.165859 -1.560305 -1.790158 0.361945 0.238770 -0.071504 -1.000000 
-0.774817 -0.392780 -0.178313 -1.553085 -1.787283 0.356831 0.238205 -0.069862 -1.000000 
-0.777812 -0.356009 -0.190707 -1.545313 -1.784450 0.351234 0.237652 -0.068305 -1.000000 
-0.780513 -0.319277 -0.203036 -1.536999 -1.781664 0.345164 0.237112 -0.066829 -1.000000 
-0.782920 -0.282596 -0.215297 -1.528149 -1.778929 0.338631 0.236583 -0.065432 -1.000000 
-0.785035 -0.245977 -0.227485 -1.518772 -1.776247 0.331644 0.236065 -0.064108 -1.000000 
-0.786856 -0.209431 -0.239596 -1.508876 -1.773623 0.324215 0.235557 -0.062857 -1.000000 
-0.788386 -0.172969 -0.251626 -1.498469 -1.771061 0.316354 0.235059 -0.061673 -1.000000 
-0.789624 -0.136601 -0.263570 -1.487558 -1.768563 0.308074 0.234570 -0.060555 -1.000000 
-0.790572 -0.100336 -0.275425 -1.476150 -1.766133 0.299386 0.234090 -0.059500 -1.000000 
-0.791230 -0.064183 -0.287187 -1.464254 -1.763774 0.290303 0.233618 -0.058505 -1.000000 
-0.791599 -0.028152 -0.298852 -1.451876 -1.761489 0.280838 0.233153 -0.057567 -1.000000 
-0.791680 0.007749 -0.310416 -1.439024 -1.759281 0.271004 0.232696 -0.056686 -1.000000 
-0.791475 0.043513 -0.321875 -1.425705 -1.757154 0.260815 0.232246 -0.055857 -1.000000 
-0.790985 0.079131 -0.333226 -1.411925 -1.755109 0.250285 0.231803 -0.055081 -1.000000 
-0.790210 0.114596 -0.344465 -1.397691 -1.753150 0.239429 0.231365 -0.054354 -1.000000 
-0.789151 0.149902 -0.355588 -1.383010 -1.751279 0.228261 0.230933 -0.053675 -1.000000 
-0.787812 0.185042 -0.366592 -1.367888 -1.749499 0.216797 0.230506 -0.053042 -1.000000 
-0.786191 0.220009 -0.377473 -1.352331 -1.747811 0.205052 0.230084 -0.052454 -1.000000 
-0.784292 0.254797 -0.388228 -1.336344 -1.746219 0.193041 0.229667 -0.051910 -1.000000 
-0.782115 0.289402 -0.398853 -1.319934 -1.744723 0.180781 0.229253 -0.051408 -1.000000 
-0.779662 0.323816 -0.409346 -1.303107 -1.743327 0.168288 0.228844 -0.050947 -1.000000 
-0.776934 0.358034 -0.419702 -1.285866 -1.742031 0.155577 0.228438 -0.050526 -1.000000 
-0.773934 0.392053 -0.429919 -1.268218 -1.740838 0.142667 0.228035 -0.050145 -1.000000 
-0.770662 0.425866 -0.439992 -1.250167 -1.739749 0.129573 0.227636 -0.049801 -1.000000 
-0.767121 0.459469 -0.449920 -1.231718 -1.738765 0.116312 0.227238 -0.049495 -1.000000 
-0.763311 0.492857 -0.459699 -1.212875 -1.737888 0.102901 0.226844 -0.049226 -1.000000 
-0.759236 0.526026 -0.469325 -1.193644 -1.737119 0.089359 0.226451 -0.048993 -1.000000 
-0.754895 0.558971 -0.478796 -1.174027 -1.736459 0.075701 0.226060 -0.048795 -1.000000 
-0.750293 0.591687 -0.488109 -1.154029 -1.735908 0.061946 0.225670 -0.048633 -1.000000 
-0.745429 0.624172 -0.497260 -1.133654 -1.735468 0.048110 0.225281 -0.048505 -1.000000 
-0.740306 0.656419 -0.506246 -1.112905 -1.735139 0.034212 0.224894 -0.048412 -1.000000 
-0.734927 0.688425 -0.515065 -1.091787 -1.734921 0.020269 0.224507 -0.048353 -1.000000 
-0.729292 0.720186 -0.523714 -1.070301 -1.734815 0.006299 0.224120 -0.048328 -1.000000 
-0.723405 0.751697 -0.532189 -1.048453 -1.734820 -0.007680 0.223733 -0.048337 -1.000000 
-0.717266 0.782954 -0.540488 -1.026244 -1.734937 -0.021652 0.223347 -0.048380 -1.000000 
-0.710878 0.813952 -0.548608 -1.003679 -1.735166 -0.035598 0.222959 -0.048457 -1.000000 
-0.704243 0.844687 -0.556546 -0.980760 -1.735507 -0.049501 0.222571 -0.048568 -1.000000 
-0.697364 0.875154 -0.564299 -0.957489 -1.735958 -0.063343 0.222182 -0.048713 -1.000000 
-0.690242 0.905349 -0.571865 -0.933871 -1.736520 -0.077107 0.221792 -0.048893 -1.000000 
-0.682879 0.935265 -0.579240 -0.909908 -1.737192 -0.090775 0.221400 -0.049108 -1.000000 
-0.675278 0.964899 -0.586422 -0.885602 -1.737972 -0.104330 0.221006 -0.049359 -1.000000 
-0.667441 0.994245 -0.593409 -0.860958 -1.738861 -0.117755 0.220610 -0.049645 -1.000000 
-0.659371 1.023298 -0.600197 -0.835977 -1.739856 -0.131033 0.220211 -0.049968 -1.000000 
-0.651069 1.052051 -0.606784 -0.810662 -1.740957 -0.144146 0.219810 -0.050328 -1.000000 
-0.642539 1.080499 -0.613167 -0.785018 -1.742162 -0.157079 0.219406 -0.050726 -1.000000 
-0.633782 1.108637 -0.619343 -0.759046 -1.743469 -0.169815 0.218999 -0.051163 -1.000000 
-0.624802 1.136456 -0.625310 -0.732751 -1.744878 -0.182337 0.218587 -0.051639 -1.000000 
-0.615600 1.163952 -0.631066 -0.706134 -1.746386 -0.194630 0.218172 -0.052156 -1.000000 
-0.606179 1.191117 -0.636608 -0.679201 -1.747992 -0.206677 0.217753 -0.052715 -1.000000 
-0.596543 1.217944 -0.641933 -0.651954 -1.749692 -0.218463 0.217329 -0.053317 -1.000000 
-0.586693 1.244425 -0.647038 -0.624398 -1.751486 -0.229972 0.216900 -0.053963 -1.000000 
-0.576633 1.270554 -0.651922 -0.596535 -1.753371 -0.241190 0.216465 -0.054655 -1.000000 
-0.566365 1.296322 -0.656582 -0.568372 -1.755345 -0.252102 0.216025 -0.055394 -1.000000 
-0.555893 1.321721 -0.661015 -0.539911 -1.757404 -0.262693 0.215579 -0.056181 -1.000000 
-0.545219 1.346743 -0.665220 -0.511157 -1.759547 -0.272950 0.215126 -0.057019 -1.000000 
-0.534346 1.371379 -0.669193 -0.482116 -1.761770 -0.282858 0.214666 -0.057909 -1.000000 
-0.523278 1.395619 -0.672933 -0.452793 -1.764072 -0.292405 0.214199 -0.058854 -1.000000 
-0.512017 1.419456 -0.676437 -0.423193 -1.766448 -0.301577 0.213724 -0.059854 -1.000000 
-0.500567 1.442879 -0.679703 -0.393322 -1.768896 -0.310363 0.213241 -0.060913 -1.000000 
-0.488932 1.465879 -0.682729 -0.363185 -1.771412 -0.318749 0.212750 -0.062033 -1.000000 
-0.477115 1.488445 -0.685513 -0.332791 -1.773995 -0.326725 0.212249 -0.063215 -1.000000 
-0.465118 1.510567 -0.688053 -0.302145 -1.776639 -0.334279 0.211738 -0.064464 -1.000000 
-0.452947 1.532236 -0.690347 -0.271254 -1.779342 -0.341401 0.211217 -0.065781 -1.000000 
-0.440604 1.553440 -0.692393 -0.240127 -1.782100 -0.348081 0.210685 -0.067169 -1.000000 
-0.428093 1.574169 -0.694189 -0.208770 -1.784910 -0.354309 0.210142 -0.068632 -1.000000 
-0.415418 1.594411 -0.695733 -0.177193 -1.787768 -0.360075 0.209587 -0.070172 -1.000000 
-0.402584 1.614155 -0.697023 -0.145405 -1.790670 -0.365373 0.209019 -0.071793 -1.000000 
-0.389593 1.633391 -0.698058 -0.113414 -1.793613 -0.370192 0.208438 -0.073499 -1.000000 
-0.376451 1.652106 -0.698837 -0.081230 -1.796592 -0.374528 0.207843 -0.075292 -1.000000 
-0.363161 1.670289 -0.699358 -0.048863 -1.799604 -0.378372 0.207233 -0.077177 -1.000000 
-0.349728 1.687928 -0.699619 -0.016323 -1.802644 -0.381719 0.206608 -0.079158 -1.000000 
-0.336155 1.705011 -0.699618 0.016378 -1.805710 -0.384562 0.205966 -0.081238 -1.000000 
-0.322449 1.721527 -0.699356 0.049228 -1.808796 -0.386899 0.205308 -0.083422 -1.000000 
-0.308613 1.737464 -0.698830 0.082218 -1.811899 -0.388724 0.204631 -0.085715 -1.000000 
-0.294651 1.752810 -0.698040 0.115333 -1.815014 -0.390033 0.203936 -0.088119 -1.000000 
-0.280569 1.767553 -0.696985 0.148562 -1.818138 -0.390825 0.203221 -0.090641 -1.000000 
-0.266372 1.781682 -0.695663 0.181891 -1.821266 -0.391098 0.202486 -0.093284 -1.000000 
-0.252064 1.795184 -0.694074 0.215306 -1.824394 -0.390849 0.201728 -0.096053 -1.000000 
-0.237651 1.808049 -0.692218 0.248795 -1.827518 -0.390078 0.200948 -0.098952 -1.000000 
-0.223137 1.820264 -0.690093 0.282342 -1.830634 -0.388787 0.200145 -0.101986 -1.000000 
-0.208528 1.831819 -0.687700 0.315932 -1.833737 -0.386974 0.199316 -0.105160 -1.000000 
-0.193830 1.842701 -0.685038 0.349551 -1.836824 -0.384643 0.198462 -0.108476 -1.000000 
-0.179047 1.852902 -0.682107 0.383183 -1.839890 -0.381795 0.197580 -0.111940 -1.000000 
-0.164185 1.862409 -0.678907 0.416811 -1.842932 -0.378434 0.196670 -0.115555 -1.000000 
-0.149250 1.871213 -0.675439 0.450420 -1.845944 -0.374563 0.195731 -0.119324 -1.000000 
-0.134248 1.879303 -0.671701 0.483994 -1.848923 -0.370188 0.194761 -0.123250 -1.000000 
-0.119183 1.886669 -0.667695 0.517514 -1.851866 -0.365313 0.193758 -0.127335 -1.000000 
-0.104063 1.893303 -0.663421 0.550964 -1.854767 -0.359945 0.192723 -0.131580 -1.000000 
-0.088892 1.899196 -0.658880 0.584327 -1.857623 -0.354091 0.191653 -0.135985 -1.000000 
-0.073678 1.904339 -0.654072 0.617584 -1.860431 -0.347758 0.190547 -0.140551 -1.000000 
-0.058425 1.908723 -0.648999 0.650718 -1.863186 -0.340956 0.189403 -0.145274 -1.000000 
-0.043140 1.912341 -0.643661 0.683711 -1.865885 -0.333692 0.188222 -0.150153 -1.000000 
-0.027829 1.915187 -0.638060 0.716543 -1.868524 -0.325977 0.187001 -0.155181 -1.000000 
-0.012499 1.917253 -0.632197 0.749197 -1.871100 -0.317822 0.185739 -0.160352 -1.000000 
0.002844 1.918534 -0.626073 0.781654 -1.873608 -0.309238 0.184435 -0.165658 -1.000000 
0.018195 1.919025 -0.619691 0.813895 -1.876046 -0.300236 0.183088 -0.171088 -1.000000 
0.033547 1.918719 -0.613051 0.845902 -1.878411 -0.290830 0.181697 -0.176629 -1.000000 
0.048893 1.917614 -0.606157 0.877655 -1.880699 -0.281033 0.180261 -0.182264 -1.000000 
0.064226 1.915705 -0.599010 0.909136 -1.882906 -0.270858 0.178781 -0.187975 -1.000000 
0.079542 1.912990 -0.591612 0.940325 -1.885031 -0.260320 0.177254 -0.193742 -1.000000 
0.094832 1.909466 -0.583965 0.971205 -1.887071 -0.249435 0.175681 -0.199539 -1.000000 
0.110091 1.905132 -0.576073 1.001757 -1.889021 -0.238217 0.174061 -0.205339 -1.000000 
0.125312 1.899988 -0.567938 1.031961 -1.890881 -0.226684 0.172395 -0.211113 -1.000000 
0.140489 1.894032 -0.559563 1.061800 -1.892648 -0.214851 0.170683 -0.216827 -1.000000 
0.155614 1.887266 -0.550950 1.091256 -1.894318 -0.202736 0.168926 -0.222445 -1.000000 
0.170683 1.879691 -0.542104 1.120310 -1.895891 -0.190356 0.167125 -0.227931 -1.000000 
0.185687 1.871308 -0.533026 1.148945 -1.897363 -0.177729 0.165280 -0.233243 -1.000000 
0.200622 1.862122 -0.523722 1.177143 -1.898734 -0.164875 0.163393 -0.238342 -1.000000 
0.215479 1.852135 -0.514193 1.204888 -1.900001 -0.151810 0.161467 -0.243183 -1.000000 
0.230254 1.841351 -0.504445 1.232162 -1.901162 -0.138555 0.159503 -0.247726 -1.000000 
0.244939 1.829776 -0.494480 1.258949 -1.902217 -0.125128 0.157504 -0.251928 -1.000000 
0.259528 1.817415 -0.484303 1.285234 -1.903164 -0.111548 0.155473 -0.255749 -1.000000 
0.274015 1.804275 -0.473918 1.311000 -1.904001 -0.097836 0.153413 -0.259151 -1.000000 
0.288394 1.790363 -0.463328 1.336232 -1.904729 -0.084011 0.151328 -0.262098 -1.000000 
0.302659 1.775686 -0.452539 1.360917 -1.905345 -0.070093 0.149221 -0.264558 -1.000000 
0.316803 1.760253 -0.441555 1.385039 -1.905850 -0.056102 0.147097 -0.266506 -1.000000 
0.330821 1.744074 -0.430380 1.408586 -1.906243 -0.042058 0.144959 -0.267920 -1.000000 
0.344706 1.727158 -0.419019 1.431544 -1.906523 -0.027980 0.142811 -0.268785 -1.000000 
0.358454 1.709515 -0.407477 1.453900 -1.906691 -0.013888 0.140659 -0.269090 -1.000000 
0.372057 1.691157 -0.395759 1.475643 -1.906745 0.000198 0.138507 -0.268834 -1.000000 
0.385510 1.672095 -0.383869 1.496761 -1.906687 0.014258 0.136360 -0.268020 -1.000000 
0.398808 1.652341 -0.371812 1.517244 -1.906517 0.028273 0.134221 -0.266658 -1.000000 
0.411946 1.631908 -0.359594 1.537081 -1.906235 0.042223 0.132094 -0.264766 -1.000000 
0.424917 1.610810 -0.347221 1.556263 -1.905842 0.056090 0.129986 -0.262364 -1.000000 
0.437717 1.589059 -0.334696 1.574781 -1.905338 0.069854 0.127898 -0.259482 -1.000000 
0.450340 1.566670 -0.322026 1.592627 -1.904725 0.083497 0.125835 -0.256150 -1.000000 
0.462782 1.543658 -0.309216 1.609792 -1.904002 0.097002 0.123801 -0.252404 -1.000000 
0.475037 1.520038 -0.296271 1.626270 -1.903173 0.110349 0.121798 -0.248282 -1.000000 
0.487101 1.495824 -0.283197 1.642054 -1.902237 0.123521 0.119829 -0.243824 -1.000000 
0.498969 1.471033 -0.270000 1.657139 -1.901197 0.136501 0.117897 -0.239072 -1.000000 
0.510636 1.445680 -0.256685 1.671519 -1.900054 0.149272 0.116005 -0.234068 -1.000000 
0.522098 1.419783 -0.243258 1.685190 -1.898809 0.161817 0.114153 -0.228853 -1.000000 
0.533351 1.393357 -0.229724 1.698147 -1.897465 0.174121 0.112343 -0.223467 -1.000000 
0.544391 1.366419 -0.216089 1.710388 -1.896024 0.186168 0.110578 -0.217950 -1.000000 
0.555213 1.338987 -0.202359 1.721909 -1.894488 0.197942 0.108856 -0.212339 -1.000000 
0.565813 1.311078 -0.188541 1.732708 -1.892858 0.209429 0.107180 -0.206667 -1.000000 
0.576189 1.282709 -0.174638 1.742784 -1.891137 0.220615 0.105550 -0.200968 -1.000000 
0.586335 1.253897 -0.160658 1.752136 -1.889329 0.231485 0.103965 -0.195270 -1.000000 
0.596250 1.224661 -0.146606 1.760763 -1.887435 0.242027 0.102425 -0.189600 -1.000000 
0.605929 1.195019 -0.132488 1.768665 -1.885457 0.252228 0.100931 -0.183981 -1.000000 
0.615369 1.164987 -0.118309 1.775843 -1.883400 0.262076 0.099482 -0.178435 -1.000000 
0.624568 1.134585 -0.104076 1.782298 -1.881265 0.271558 0.098076 -0.172978 -1.000000 
0.633522 1.103829 -0.089794 1.788032 -1.879056 0.280664 0.096714 -0.167628 -1.000000 
0.642228 1.072738 -0.075469 1.793047 -1.876775 0.289384 0.095394 -0.162395 -1.000000 
0.650685 1.041330 -0.061107 1.797345 -1.874427 0.297706 0.094115 -0.157292 -1.000000 
0.658889 1.009623 -0.046714 1.800930 -1.872013 0.305622 0.092877 -0.152326 -1.000000 
0.666838 0.977634 -0.032294 1.803805 -1.869538 0.313124 0.091677 -0.147504 -1.000000 
0.674530 0.945380 -0.017855 1.805975 -1.867004 0.320202 0.090516 -0.142831 -1.000000 
0.681963 0.912881 -0.003401 1.807443 -1.864416 0.326849 0.089392 -0.138310 -1.000000 
0.689135 0.880152 0.011062 1.808215 -1.861776 0.333058 0.088303 -0.133943 -1.000000 
0.696045 0.847211 0.025529 1.808296 -1.859088 0.338823 0.087248 -0.129732 -1.000000 
0.702690 0.814075 0.039993 1.807692 -1.856356 0.344137 0.086227 -0.125675 -1.000000 
0.709070 0.780761 0.054450 1.806407 -1.853583 0.348996 0.085237 -0.121772 -1.000000 
0.715182 0.747286 0.068894 1.804450 -1.850773 0.353396 0.084278 -0.118020 -1.000000 
0.721026 0.713666 0.083320 1.801826 -1.847930 0.357331 0.083348 -0.114418 -1.000000 
0.726600 0.679917 0.097721 1.798542 -1.845057 0.360798 0.082447 -0.110962 -1.000000 
0.731904 0.646055 0.112094 1.794606 -1.842159 0.363796 0.081572 -0.107650 -1.000000 
0.736937 0.612096 0.126433 1.790024 -1.839238 0.366321 0.080724 -0.104477 -1.000000 
0.741698 0.578054 0.140733 1.784805 -1.836299 0.368372 0.079900 -0.101439 -1.000000 
0.746186 0.543946 0.154989 1.778956 -1.833345 0.369948 0.079101 -0.098532 -1.000000 
0.750401 0.509786 0.169195 1.772485 -1.830381 0.371049 0.078324 -0.095753 -1.000000 
0.754342 0.475587 0.183347 1.765401 -1.827410 0.371676 0.077568 -0.093097 -1.000000 
0.758010 0.441365 0.197440 1.757712 -1.824435 0.371828 0.076834 -0.090559 -1.000000 
0.761404 0.407132 0.211469 1.749427 -1.821462 0.371507 0.076119 -0.088135 -1.000000 
0.764524 0.372903 0.225429 1.740553 -1.818492 0.370716 0.075423 -0.085822 -1.000000 
0.767370 0.338690 0.239316 1.731101 -1.815531 0.369457 0.074746 -0.083614 -1.000000 
0.769943 0.304505 0.253125 1.721077 -1.812582 0.367732 0.074085 -0.081509 -1.000000 
0.772243 0.270362 0.266852 1.710492 -1.809649 0.365547 0.073441 -0.079501 -1.000000 
0.774269 0.236272 0.280491 1.699355 -1.806735 0.362904 0.072813 -0.077586 -1.000000 
0.776023 0.202246 0.294040 1.687673 -1.803844 0.359808 0.072200 -0.075762 -1.000000 
0.777505 0.168295 0.307493 1.675456 -1.800979 0.356266 0.071600 -0.074024 -1.000000 
0.778716 0.134431 0.320846 1.662713 -1.798145 0.352281 0.071015 -0.072369 -1.000000 
0.779656 0.100664 0.334095 1.649453 -1.795344 0.347862 0.070442 -0.070794 -1.000000 
0.780327 0.067004 0.347236 1.635684 -1.792580 0.343014 0.069882 -0.069295 -1.000000 
0.780729 0.033460 0.360264 1.621415 -1.789857 0.337745 0.069333 -0.067869 -1.000000 
0.780863 0.000043 0.373177 1.606656 -1.787177 0.332061 0.068796 -0.066514 -1.000000 
0.780730 -0.033240 0.385970 1.591413 -1.784545 0.325973 0.068269 -0.065226 -1.000000 
0.780331 -0.066379 0.398638 1.575697 -1.781963 0.319487 0.067752 -0.064002 -1.000000 
0.779668 -0.099367 0.411179 1.559515 -1.779434 0.312612 0.067245 -0.062841 -1.000000 
0.778742 -0.132194 0.423589 1.542875 -1.776962 0.305359 0.066747 -0.061740 -1.000000 
0.777554 -0.164854 0.435864 1.525786 -1.774549 0.297737 0.066257 -0.060696 -1.000000 
0.776105 -0.197340 0.448001 1.508256 -1.772199 0.289755 0.065775 -0.059707 -1.000000 
0.774397 -0.229643 0.459995 1.490292 -1.769914 0.281425 0.065301 -0.058771 -1.000000 
0.772431 -0.261758 0.471844 1.471902 -1.767697 0.272757 0.064835 -0.057887 -1.000000 
0.770209 -0.293678 0.483545 1.453094 -1.765551 0.263762 0.064375 -0.057052 -1.000000 
0.767733 -0.325397 0.495093 1.433875 -1.763478 0.254452 0.063922 -0.056265 -1.000000 
0.765003 -0.356909 0.506485 1.414252 -1.761480 0.244838 0.063475 -0.055524 -1.000000 
0.762023 -0.388209 0.517720 1.394232 -1.759561 0.234932 0.063033 -0.054827 -1.000000 
0.758792 -0.419290 0.528792 1.373822 -1.757722 0.224748 0.062597 -0.054174 -1.000000 
0.755315 -0.450147 0.539700 1.353029 -1.755966 0.214296 0.062166 -0.053562 -1.000000 
0.751591 -0.480777 0.550440 1.331859 -1.754294 0.203591 0.061740 -0.052991 -1.000000 
0.747623 -0.511173 0.561009 1.310318 -1.752709 0.192645 0.061318 -0.052459 -1.000000 
0.743413 -0.541332 0.571404 1.288413 -1.751212 0.181471 0.060901 -0.051966 -1.000000 
0.738962 -0.571248 0.581622 1.266150 -1.749806 0.170083 0.060487 -0.051509 -1.000000 
0.734273 -0.600918 0.591661 1.243533 -1.748492 0.158495 0.060077 -0.051089 -1.000000 
0.729348 -0.630338 0.601518 1.220570 -1.747271 0.146720 0.059669 -0.050705 -1.000000 
0.724188 -0.659502 0.611189 1.197264 -1.746145 0.134772 0.059265 -0.050355 -1.000000 
0.718797 -0.688408 0.620673 1.173623 -1.745115 0.122666 0.058864 -0.050040 -1.000000 
0.713175 -0.717052 0.629966 1.149650 -1.744182 0.110416 0.058464 -0.049757 -1.000000 
0.000000 0.000000 0.000000 0.000000 0.000000 0.000000 0.000000 0.000000 0.000000 
