-0.704527 0.880640 -0.269179 2.272559 -1.561639 -0.970569 0.329385 0.078361 -1.000000 
-0.697274 0.932434 -0.250927 2.290214 -1.569357 -0.958629 0.330030 0.083013 -1.000000 
-0.689607 0.984298 -0.232538 2.306724 -1.576973 -0.945033 0.330714 0.088065 -1.000000 
-0.681526 1.036182 -0.214023 2.322043 -1.584473 -0.929788 0.331440 0.093553 -1.000000 
-0.673029 1.088031 -0.195389 2.336127 -1.591845 -0.912906 0.332212 0.099518 -1.000000 
-0.664117 1.139790 -0.176648 2.348932 -1.599076 -0.894400 0.333034 0.106001 -1.000000 
-0.654792 1.191402 -0.157810 2.360416 -1.606151 -0.874288 0.333910 0.113050 -1.000000 
-0.645055 1.242808 -0.138885 2.370537 -1.613060 -0.852591 0.334844 0.120712 -1.000000 
-0.634908 1.293948 -0.119885 2.379254 -1.619789 -0.829332 0.335843 0.129038 -1.000000 
-0.624353 1.344762 -0.100821 2.386529 -1.626325 -0.804540 0.336911 0.138079 -1.000000 
-0.613393 1.395187 -0.081704 2.392325 -1.632657 -0.778245 0.338054 0.147888 -1.000000 
-0.602031 1.445160 -0.062548 2.396605 -1.638773 -0.750480 0.339279 0.158515 -1.000000 
-0.590272 1.494617 -0.043363 2.399336 -1.644661 -0.721285 0.340593 0.170007 -1.000000 
-0.578119 1.543494 -0.024162 2.400487 -1.650310 -0.690698 0.342002 0.182405 -1.000000 
-0.565578 1.591727 -0.004959 2.400028 -1.655709 -0.658765 0.343514 0.195739 -1.000000 
-0.552653 1.639249 0.014234 2.397932 -1.660847 -0.625531 0.345136 0.210024 -1.000000 
-0.539352 1.685998 0.033403 2.394175 -1.665714 -0.591048 0.346877 0.225257 -1.000000 
-0.525680 1.731907 0.052536 2.388734 -1.670300 -0.555368 0.348743 0.241406 -1.000000 
-0.511644 1.776912 0.071618 2.381591 -1.674597 -0.518547 0.350742 0.258406 -1.000000 
-0.497252 1.820949 0.090637 2.372728 -1.678594 -0.480644 0.352879 0.276150 -1.000000 
-0.482511 1.863955 0.109578 2.362131 -1.682284 -0.441721 0.355161 0.294482 -1.000000 
-0.467431 1.905868 0.128426 2.349791 -1.685659 -0.401841 0.357592 0.313189 -1.000000 
-0.452020 1.946624 0.147169 2.335699 -1.688711 -0.361072 0.360173 0.331997 -1.000000 
-0.436288 1.986165 0.165793 2.319851 -1.691434 -0.319484 0.362903 0.350569 -1.000000 
-0.420245 2.024431 0.184282 2.302245 -1.693821 -0.277149 0.365780 0.368511 -1.000000 
-0.403901 2.061363 0.202624 2.282884 -1.695867 -0.234142 0.368797 0.385376 -1.000000 
-0.387267 2.096905 0.220804 2.261773 -1.697566 -0.190540 0.371942 0.400689 -1.000000 
-0.370354 2.131004 0.238808 2.238921 -1.698914 -0.146425 0.375202 0.413966 -1.000000 
-0.353175 2.163606 0.256622 2.214342 -1.699908 -0.101880 0.378559 0.424745 -1.000000 
-0.335741 2.194660 0.274233 2.188051 -1.700543 -0.056989 0.381990 0.432620 -1.000000 
-0.318065 2.224120 0.291626 2.160071 -1.700819 -0.011842 0.385472 0.437276 -1.000000 
-0.300159 2.251939 0.308789 2.130424 -1.700732 0.033471 0.388978 0.438515 -1.000000 
-0.282038 2.278076 0.325709 2.099142 -1.700283 0.078857 0.392479 0.436274 -1.000000 
-0.263715 2.302490 0.342371 2.066256 -1.699471 0.124222 0.395949 0.430634 -1.000000 
-0.245203 2.325147 0.358765 2.031803 -1.698296 0.169468 0.399361 0.421811 -1.000000 
-0.226517 2.346015 0.374876 1.995826 -1.696760 0.214499 0.402690 0.410138 -1.000000 
-0.207672 2.365065 0.390694 1.958369 -1.694865 0.259217 0.405917 0.396035 -1.000000 
-0.188681 2.382274 0.406206 1.919481 -1.692613 0.303523 0.409022 0.379975 -1.000000 
-0.169560 2.397623 0.421402 1.879216 -1.690010 0.347319 0.411992 0.362450 -1.000000 
-0.150324 2.411098 0.436270 1.837628 -1.687058 0.390509 0.414818 0.343944 -1.000000 
-0.130988 2.422687 0.450801 1.794778 -1.683763 0.432996 0.417494 0.324901 -1.000000 
-0.111566 2.432386 0.464983 1.750728 -1.680132 0.474688 0.420016 0.305717 -1.000000 
-0.092075 2.440195 0.478809 1.705543 -1.676171 0.515493 0.422386 0.286725 -1.000000 
-0.072528 2.446117 0.492269 1.659289 -1.671887 0.555321 0.424605 0.268192 -1.000000 
-0.052942 2.450160 0.505355 1.612037 -1.667288 0.594088 0.426679 0.250324 -1.000000 
-0.033330 2.452339 0.518059 1.563857 -1.662384 0.631711 0.428613 0.233269 -1.000000 
-0.013709 2.452671 0.530375 1.514821 -1.657184 0.668110 0.430413 0.217125 -1.000000 
0.005907 2.451177 0.542294 1.465003 -1.651698 0.703213 0.432089 0.201949 -1.000000 
0.025505 2.447883 0.553813 1.414476 -1.645937 0.736947 0.433647 0.187762 -1.000000 
0.045069 2.442820 0.564924 1.363317 -1.639911 0.769246 0.435096 0.174561 -1.000000 
0.064585 2.436020 0.575624 1.311598 -1.633633 0.800049 0.436443 0.162324 -1.000000 
0.084041 2.427521 0.585909 1.259394 -1.627114 0.829298 0.437696 0.151014 -1.000000 
0.103421 2.417363 0.595774 1.206781 -1.620368 0.856941 0.438861 0.140585 -1.000000 
0.122714 2.405589 0.605216 1.153830 -1.613407 0.882930 0.439947 0.130984 -1.000000 
0.141906 2.392243 0.614234 1.100615 -1.606246 0.907221 0.440959 0.122158 -1.000000 
0.160986 2.377376 0.622826 1.047207 -1.598897 0.929776 0.441904 0.114051 -1.000000 
0.179941 2.361036 0.630989 0.993674 -1.591374 0.950562 0.442786 0.106609 -1.000000 
0.198759 2.343277 0.638724 0.940086 -1.583692 0.969549 0.443611 0.099779 -1.000000 
0.217429 2.324152 0.646031 0.886508 -1.575866 0.986714 0.444384 0.093511 -1.000000 
0.235942 2.303716 0.652909 0.833005 -1.567910 1.002037 0.445109 0.087758 -1.000000 
0.254285 2.282026 0.659359 0.779638 -1.559838 1.015503 0.445789 0.082476 -1.000000 
0.272451 2.259138 0.665383 0.726466 -1.551667 1.027101 0.446429 0.077624 -1.000000 
0.290429 2.235111 0.670983 0.673547 -1.543410 1.036825 0.447032 0.073164 -1.000000 
0.308210 2.210002 0.676161 0.620934 -1.535083 1.044674 0.447601 0.069063 -1.000000 
0.325786 2.183870 0.680919 0.568680 -1.526700 1.050649 0.448138 0.065289 -1.000000 
0.343149 2.156772 0.685261 0.516831 -1.518277 1.054756 0.448646 0.061813 -1.000000 
0.360292 2.128766 0.689190 0.465435 -1.509829 1.057006 0.449128 0.058609 -1.000000 
0.377207 2.099908 0.692709 0.414532 -1.501370 1.057412 0.449585 0.055654 -1.000000 
0.393888 2.070255 0.695824 0.364164 -1.492915 1.055990 0.450019 0.052926 -1.000000 
0.410329 2.039862 0.698537 0.314366 -1.484479 1.052761 0.450432 0.050405 -1.000000 
0.426524 2.008782 0.700855 0.265172 -1.476076 1.047749 0.450826 0.048074 -1.000000 
0.442468 1.977067 0.702782 0.216612 -1.467720 1.040979 0.451202 0.045917 -1.000000 
0.458156 1.944769 0.704323 0.168713 -1.459425 1.032480 0.451561 0.043920 -1.000000 
0.473583 1.911935 0.705483 0.121499 -1.451205 1.022285 0.451905 0.042069 -1.000000 
0.488745 1.878613 0.706268 0.074991 -1.443073 1.010427 0.452234 0.040352 -1.000000 
0.503640 1.844849 0.706685 0.029208 -1.435042 0.996943 0.452551 0.038759 -1.000000 
0.518262 1.810684 0.706738 -0.015836 -1.427126 0.981870 0.452855 0.037281 -1.000000 
0.532610 1.776161 0.706433 -0.060127 -1.419336 0.965250 0.453148 0.035907 -1.000000 
0.546680 1.741316 0.705778 -0.103656 -1.411686 0.947123 0.453430 0.034631 -1.000000 
0.560470 1.706185 0.704777 -0.146416 -1.404186 0.927533 0.453702 0.033444 -1.000000 
0.573978 1.670804 0.703437 -0.188402 -1.396849 0.906526 0.453965 0.032341 -1.000000 
0.587202 1.635201 0.701765 -0.229612 -1.389685 0.884146 0.454220 0.031316 -1.000000 
0.600141 1.599406 0.699765 -0.270046 -1.382706 0.860442 0.454466 0.030362 -1.000000 
0.612792 1.563445 0.697446 -0.309707 -1.375922 0.835462 0.454706 0.029475 -1.000000 
0.625155 1.527340 0.694812 -0.348599 -1.369342 0.809254 0.454938 0.028650 -1.000000 
0.637229 1.491113 0.691870 -0.386729 -1.362977 0.781869 0.455164 0.027884 -1.000000 
0.649013 1.454781 0.688626 -0.424104 -1.356835 0.753356 0.455384 0.027173 -1.000000 
0.660506 1.418359 0.685087 -0.460734 -1.350926 0.723768 0.455599 0.026513 -1.000000 
0.671706 1.381861 0.681257 -0.496632 -1.345258 0.693154 0.455809 0.025901 -1.000000 
0.682615 1.345297 0.677142 -0.531809 -1.339838 0.661567 0.456014 0.025334 -1.000000 
0.693231 1.308674 0.672750 -0.566280 -1.334675 0.629059 0.456214 0.024811 -1.000000 
0.703554 1.271997 0.668084 -0.600061 -1.329775 0.595682 0.456411 0.024327 -1.000000 
0.713583 1.235270 0.663150 -0.633167 -1.325146 0.561488 0.456603 0.023883 -1.000000 
0.723318 1.198493 0.657955 -0.665616 -1.320794 0.526530 0.456793 0.023475 -1.000000 
0.732759 1.161664 0.652502 -0.697426 -1.316724 0.490861 0.456979 0.023101 -1.000000 
0.741904 1.124779 0.646798 -0.728615 -1.312942 0.454532 0.457163 0.022762 -1.000000 
0.750755 1.087833 0.640846 -0.759202 -1.309453 0.417597 0.457343 0.022454 -1.000000 
0.759310 1.050816 0.634652 -0.789207 -1.306262 0.380107 0.457522 0.022177 -1.000000 
0.767568 1.013720 0.628220 -0.818649 -1.303372 0.342115 0.457698 0.021929 -1.000000 
0.775529 0.976532 0.621555 -0.847548 -1.300789 0.303674 0.457873 0.021710 -1.000000 
0.783192 0.939239 0.614661 -0.875924 -1.298515 0.264836 0.458046 0.021519 -1.000000 
0.790556 0.901824 0.607542 -0.903795 -1.296553 0.225653 0.458217 0.021355 -1.000000 
0.797621 0.864273 0.600201 -0.931181 -1.294905 0.186177 0.458387 0.021218 -1.000000 
0.804384 0.826566 0.592644 -0.958101 -1.293574 0.146460 0.458557 0.021107 -1.000000 
0.810845 0.788684 0.584873 -0.984573 -1.292562 0.106554 0.458725 0.021021 -1.000000 
0.817003 0.750607 0.576892 -1.010615 -1.291870 0.066512 0.458893 0.020960 -1.000000 
0.822855 0.712313 0.568704 -1.036243 -1.291498 0.026384 0.459061 0.020924 -1.000000 
0.828399 0.673780 0.560313 -1.061474 -1.291448 -0.013776 0.459228 0.020913 -1.000000 
0.833634 0.634984 0.551722 -1.086323 -1.291719 -0.053917 0.459395 0.020927 -1.000000 
0.838558 0.595902 0.542933 -1.110804 -1.292310 -0.093987 0.459563 0.020966 -1.000000 
0.843168 0.556510 0.533950 -1.134930 -1.293222 -0.133934 0.459731 0.021030 -1.000000 
0.847461 0.516782 0.524775 -1.158713 -1.294453 -0.173706 0.459899 0.021120 -1.000000 
0.851436 0.476695 0.515411 -1.182164 -1.296001 -0.213250 0.460069 0.021235 -1.000000 
0.855087 0.436223 0.505861 -1.205292 -1.297864 -0.252515 0.460239 0.021376 -1.000000 
0.858414 0.395342 0.496127 -1.228105 -1.300040 -0.291447 0.460411 0.021543 -1.000000 
0.861412 0.354027 0.486212 -1.250609 -1.302526 -0.329994 0.460584 0.021738 -1.000000 
0.864077 0.312255 0.476119 -1.272809 -1.305319 -0.368104 0.460759 0.021961 -1.000000 
0.866407 0.270002 0.465848 -1.294709 -1.308414 -0.405724 0.460936 0.022213 -1.000000 
0.868396 0.227245 0.455404 -1.316309 -1.311809 -0.442801 0.461114 0.022495 -1.000000 
0.870041 0.183964 0.444788 -1.337611 -1.315498 -0.479281 0.461296 0.022808 -1.000000 
0.871338 0.140136 0.434003 -1.358612 -1.319476 -0.515112 0.461479 0.023154 -1.000000 
0.872282 0.095744 0.423051 -1.379309 -1.323738 -0.550240 0.461666 0.023533 -1.000000 
0.872868 0.050768 0.411935 -1.399696 -1.328278 -0.584612 0.461856 0.023948 -1.000000 
0.873092 0.005192 0.400657 -1.419766 -1.333089 -0.618175 0.462049 0.024401 -1.000000 
0.872950 -0.040998 0.389220 -1.439510 -1.338166 -0.650875 0.462246 0.024892 -1.000000 
0.872435 -0.087816 0.377626 -1.458918 -1.343501 -0.682659 0.462448 0.025425 -1.000000 
0.871543 -0.135273 0.365878 -1.477977 -1.349086 -0.713474 0.462653 0.026002 -1.000000 
0.870269 -0.183376 0.353979 -1.496671 -1.354914 -0.743267 0.462864 0.026626 -1.000000 
0.868607 -0.232134 0.341932 -1.514986 -1.360975 -0.771985 0.463080 0.027299 -1.000000 
0.866553 -0.281550 0.329740 -1.532902 -1.367262 -0.799576 0.463301 0.028025 -1.000000 
0.864101 -0.331624 0.317407 -1.550400 -1.373765 -0.825987 0.463528 0.028808 -1.000000 
0.861245 -0.382357 0.304935 -1.567458 -1.380475 -0.851168 0.463762 0.029651 -1.000000 
0.857981 -0.433745 0.292329 -1.584053 -1.387381 -0.875068 0.464003 0.030559 -1.000000 
0.854303 -0.485779 0.279591 -1.600160 -1.394472 -0.897635 0.464251 0.031537 -1.000000 
0.850207 -0.538449 0.266727 -1.615752 -1.401739 -0.918822 0.464507 0.032591 -1.000000 
0.845687 -0.591744 0.253741 -1.630801 -1.409170 -0.938579 0.464773 0.033725 -1.000000 
0.840737 -0.645645 0.240636 -1.645277 -1.416753 -0.956860 0.465047 0.034947 -1.000000 
0.835355 -0.700132 0.227418 -1.659151 -1.424475 -0.973619 0.465332 0.036265 -1.000000 
0.829534 -0.755183 0.214091 -1.672389 -1.432326 -0.988811 0.465628 0.037685 -1.000000 
0.823270 -0.810771 0.200662 -1.684958 -1.440292 -1.002393 0.465935 0.039217 -1.000000 
0.816560 -0.866864 0.187134 -1.696823 -1.448360 -1.014325 0.466256 0.040872 -1.000000 
0.809399 -0.923428 0.173514 -1.707951 -1.456517 -1.024567 0.466590 0.042659 -1.000000 
0.801784 -0.980426 0.159809 -1.718303 -1.464749 -1.033082 0.466939 0.044591 -1.000000 
0.793711 -1.037815 0.146024 -1.727845 -1.473041 -1.039835 0.467304 0.046683 -1.000000 
0.785178 -1.095552 0.132166 -1.736538 -1.481381 -1.044793 0.467686 0.048947 -1.000000 
0.776182 -1.153587 0.118241 -1.744344 -1.489753 -1.047928 0.468087 0.051402 -1.000000 
0.766720 -1.211867 0.104259 -1.751226 -1.498143 -1.049211 0.468509 0.054066 -1.000000 
0.756791 -1.270337 0.090224 -1.757147 -1.506536 -1.048619 0.468953 0.056960 -1.000000 
0.746394 -1.328937 0.076147 -1.762067 -1.514916 -1.046131 0.469421 0.060106 -1.000000 
0.735528 -1.387604 0.062034 -1.765949 -1.523269 -1.041730 0.469915 0.063531 -1.000000 
0.724193 -1.446273 0.047895 -1.768757 -1.531579 -1.035400 0.470438 0.067263 -1.000000 
0.712388 -1.504874 0.033737 -1.770454 -1.539830 -1.027133 0.470992 0.071333 -1.000000 
0.700115 -1.563335 0.019570 -1.771004 -1.548007 -1.016921 0.471581 0.075777 -1.000000 
0.687375 -1.621580 0.005404 -1.770372 -1.556095 -1.004761 0.472206 0.080633 -1.000000 
0.674171 -1.679533 -0.008752 -1.768526 -1.564078 -0.990655 0.472872 0.085945 -1.000000 
0.660504 -1.737112 -0.022889 -1.765432 -1.571941 -0.974608 0.473582 0.091760 -1.000000 
0.646378 -1.794236 -0.036996 -1.761060 -1.579667 -0.956631 0.474342 0.098131 -1.000000 
0.631797 -1.850820 -0.051063 -1.755382 -1.587242 -0.936737 0.475154 0.105114 -1.000000 
0.616767 -1.906778 -0.065078 -1.748369 -1.594650 -0.914945 0.476025 0.112771 -1.000000 
0.601291 -1.962022 -0.079033 -1.739998 -1.601876 -0.891277 0.476960 0.121169 -1.000000 
0.585376 -2.016463 -0.092915 -1.730244 -1.608905 -0.865763 0.477966 0.130380 -1.000000 
0.569030 -2.070011 -0.106713 -1.719089 -1.615723 -0.838433 0.479049 0.140476 -1.000000 
0.552259 -2.122576 -0.120416 -1.706513 -1.622315 -0.809324 0.480216 0.151536 -1.000000 
0.535071 -2.174067 -0.134013 -1.692501 -1.628668 -0.778478 0.481476 0.163635 -1.000000 
0.517477 -2.224392 -0.147492 -1.677040 -1.634767 -0.745940 0.482837 0.176848 -1.000000 
0.499485 -2.273462 -0.160842 -1.660121 -1.640598 -0.711760 0.484309 0.191240 -1.000000 
0.481105 -2.321185 -0.174051 -1.641736 -1.646150 -0.675992 0.485901 0.206865 -1.000000 
0.462349 -2.367473 -0.187106 -1.621882 -1.651410 -0.638695 0.487622 0.223757 -1.000000 
0.443230 -2.412237 -0.199997 -1.600557 -1.656366 -0.599930 0.489484 0.241918 -1.000000 
0.423758 -2.455390 -0.212711 -1.577763 -1.661005 -0.559766 0.491496 0.261311 -1.000000 
0.403948 -2.496848 -0.225237 -1.553507 -1.665318 -0.518271 0.493668 0.281846 -1.000000 
0.383813 -2.536526 -0.237563 -1.527797 -1.669294 -0.475521 0.496008 0.303364 -1.000000 
0.363368 -2.574344 -0.249678 -1.500644 -1.672924 -0.431594 0.498524 0.325623 -1.000000 
0.342629 -2.610224 -0.261570 -1.472063 -1.676197 -0.386570 0.501219 0.348291 -1.000000 
0.321610 -2.644089 -0.273227 -1.442075 -1.679106 -0.340536 0.504096 0.370930 -1.000000 
0.300329 -2.675867 -0.284639 -1.410700 -1.681643 -0.293580 0.507153 0.393006 -1.000000 
0.278802 -2.705488 -0.295795 -1.377966 -1.683801 -0.245796 0.510381 0.413891 -1.000000 
0.257047 -2.732886 -0.306683 -1.343900 -1.685574 -0.197280 0.513770 0.432894 -1.000000 
0.235082 -2.757998 -0.317294 -1.308537 -1.686956 -0.148133 0.517301 0.449298 -1.000000 
0.212925 -2.780767 -0.327616 -1.271913 -1.687943 -0.098460 0.520950 0.462413 -1.000000 
0.190596 -2.801139 -0.337641 -1.234071 -1.688530 -0.048369 0.524689 0.471637 -1.000000 
0.168114 -2.819066 -0.347358 -1.195055 -1.688716 0.002027 0.528485 0.476514 -1.000000 
0.145498 -2.834503 -0.356759 -1.154916 -1.688497 0.052610 0.532301 0.476783 -1.000000 
0.122768 -2.847415 -0.365834 -1.113705 -1.687874 0.103262 0.536101 0.472413 -1.000000 
0.099946 -2.857770 -0.374576 -1.071481 -1.686845 0.153860 0.539848 0.463604 -1.000000 
0.077051 -2.865544 -0.382975 -1.028306 -1.685412 0.204277 0.543508 0.450766 -1.000000 
0.054104 -2.870721 -0.391026 -0.984243 -1.683578 0.254387 0.547051 0.434474 -1.000000 
0.031126 -2.873290 -0.398721 -0.939360 -1.681343 0.304062 0.550452 0.415412 -1.000000 
0.008138 -2.873252 -0.406054 -0.893730 -1.678714 0.353176 0.553692 0.394308 -1.000000 
-0.014839 -2.870611 -0.413019 -0.847424 -1.675694 0.401600 0.556757 0.371877 -1.000000 
-0.037785 -2.865382 -0.419611 -0.800518 -1.672291 0.449210 0.559640 0.348780 -1.000000 
-0.060678 -2.857587 -0.425826 -0.753089 -1.668510 0.495884 0.562337 0.325589 -1.000000 
-0.083499 -2.847256 -0.431659 -0.705214 -1.664359 0.541502 0.564851 0.302775 -1.000000 
-0.106228 -2.834426 -0.437108 -0.656974 -1.659849 0.585948 0.567184 0.280701 -1.000000 
-0.128843 -2.819141 -0.442170 -0.608446 -1.654988 0.629112 0.569344 0.259631 -1.000000 
-0.151327 -2.801453 -0.446843 -0.559709 -1.649787 0.670888 0.571341 0.239742 -1.000000 
-0.173660 -2.781418 -0.451125 -0.510844 -1.644257 0.711175 0.573184 0.221136 -1.000000 
-0.195824 -2.759102 -0.455016 -0.461926 -1.638412 0.749878 0.574883 0.203855 -1.000000 
-0.217800 -2.734572 -0.458516 -0.413032 -1.632264 0.786908 0.576449 0.187898 -1.000000 
-0.239571 -2.707905 -0.461625 -0.364238 -1.625826 0.822182 0.577893 0.173232 -1.000000 
-0.261121 -2.679178 -0.464344 -0.315617 -1.619114 0.855625 0.579224 0.159799 -1.000000 
-0.282433 -2.648475 -0.466675 -0.267239 -1.612141 0.887167 0.580453 0.147528 -1.000000 
-0.303492 -2.615884 -0.468621 -0.219173 -1.604924 0.916744 0.581587 0.136341 -1.000000 
-0.324282 -2.581494 -0.470183 -0.171486 -1.597479 0.944302 0.582637 0.126157 -1.000000 
-0.344791 -2.545398 -0.471366 -0.124240 -1.589821 0.969790 0.583608 0.116892 -1.000000 
-0.365004 -2.507691 -0.472172 -0.077495 -1.581968 0.993166 0.584509 0.108468 -1.000000 
-0.384910 -2.468469 -0.472607 -0.031309 -1.573936 1.014394 0.585346 0.100810 -1.000000 
-0.404496 -2.427830 -0.472675 0.014264 -1.565743 1.033446 0.586124 0.093846 -1.000000 
-0.423752 -2.385872 -0.472381 0.059176 -1.557407 1.050298 0.586849 0.087511 -1.000000 
-0.442667 -2.342693 -0.471730 0.103378 -1.548944 1.064934 0.587526 0.081744 -1.000000 
-0.461232 -2.298390 -0.470729 0.146828 -1.540374 1.077344 0.588158 0.076491 -1.000000 
-0.479438 -2.253061 -0.469383 0.189487 -1.531713 1.087524 0.588751 0.071703 -1.000000 
-0.497278 -2.206801 -0.467699 0.231319 -1.522979 1.095475 0.589307 0.067333 -1.000000 
-0.514745 -2.159705 -0.465684 0.272291 -1.514191 1.101205 0.589829 0.063341 -1.000000 
-0.531832 -2.111864 -0.463345 0.312376 -1.505366 1.104726 0.590321 0.059692 -1.000000 
-0.548533 -2.063369 -0.460688 0.351549 -1.496521 1.106057 0.590785 0.056351 -1.000000 
-0.564844 -2.014306 -0.457723 0.389789 -1.487675 1.105218 0.591223 0.053290 -1.000000 
-0.580761 -1.964759 -0.454454 0.427077 -1.478844 1.102237 0.591638 0.050482 -1.000000 
-0.596279 -1.914810 -0.450892 0.463401 -1.470045 1.097146 0.592032 0.047904 -1.000000 
-0.611397 -1.864535 -0.447043 0.498749 -1.461295 1.089979 0.592405 0.045534 -1.000000 
-0.626111 -1.814008 -0.442915 0.533113 -1.452610 1.080775 0.592761 0.043354 -1.000000 
-0.640420 -1.763298 -0.438515 0.566489 -1.444008 1.069576 0.593099 0.041346 -1.000000 
-0.654324 -1.712472 -0.433853 0.598875 -1.435502 1.056427 0.593423 0.039496 -1.000000 
-0.667820 -1.661589 -0.428936 0.630272 -1.427110 1.041377 0.593732 0.037789 -1.000000 
-0.680909 -1.610708 -0.423772 0.660685 -1.418845 1.024476 0.594028 0.036213 -1.000000 
-0.693591 -1.559880 -0.418368 0.690119 -1.410723 1.005777 0.594311 0.034757 -1.000000 
-0.705867 -1.509154 -0.412732 0.718584 -1.402758 0.985335 0.594584 0.033412 -1.000000 
-0.717738 -1.458573 -0.406873 0.746089 -1.394962 0.963207 0.594846 0.032168 -1.000000 
-0.729205 -1.408175 -0.400797 0.772647 -1.387351 0.939451 0.595099 0.031018 -1.000000 
-0.740269 -1.357996 -0.394513 0.798274 -1.379935 0.914126 0.595343 0.029954 -1.000000 
-0.750934 -1.308064 -0.388027 0.822984 -1.372729 0.887295 0.595579 0.028969 -1.000000 
-0.761199 -1.258405 -0.381348 0.846795 -1.365742 0.859018 0.595807 0.028058 -1.000000 
-0.771069 -1.209039 -0.374481 0.869726 -1.358988 0.829358 0.596028 0.027216 -1.000000 
-0.780545 -1.159984 -0.367434 0.891797 -1.352476 0.798378 0.596242 0.026437 -1.000000 
-0.789629 -1.111251 -0.360215 0.913028 -1.346217 0.766143 0.596451 0.025718 -1.000000 
-0.798326 -1.062848 -0.352828 0.933441 -1.340221 0.732715 0.596654 0.025054 -1.000000 
-0.806636 -1.014778 -0.345282 0.953057 -1.334497 0.698159 0.596852 0.024442 -1.000000 
-0.814563 -0.967043 -0.337581 0.971899 -1.329053 0.662539 0.597045 0.023879 -1.000000 
-0.822109 -0.919638 -0.329733 0.989988 -1.323899 0.625921 0.597234 0.023361 -1.000000 
-0.829278 -0.872555 -0.321743 1.007348 -1.319041 0.588367 0.597419 0.022888 -1.000000 
-0.836071 -0.825784 -0.313618 1.024000 -1.314487 0.549942 0.597600 0.022455 -1.000000 
-0.842491 -0.779311 -0.305361 1.039967 -1.310244 0.510709 0.597778 0.022061 -1.000000 
-0.848541 -0.733118 -0.296980 1.055271 -1.306318 0.470733 0.597953 0.021705 -1.000000 
-0.854222 -0.687185 -0.288479 1.069932 -1.302714 0.430077 0.598126 0.021384 -1.000000 
-0.859536 -0.641490 -0.279863 1.083972 -1.299438 0.388804 0.598296 0.021097 -1.000000 
-0.864486 -0.596005 -0.271137 1.097409 -1.296495 0.346976 0.598463 0.020842 -1.000000 
-0.869073 -0.550705 -0.262306 1.110262 -1.293888 0.304657 0.598629 0.020620 -1.000000 
-0.873298 -0.505559 -0.253374 1.122551 -1.291622 0.261908 0.598793 0.020428 -1.000000 
-0.877162 -0.460534 -0.244346 1.134290 -1.289699 0.218792 0.598956 0.020266 -1.000000 
-0.880667 -0.415598 -0.235227 1.145496 -1.288122 0.175371 0.599118 0.020133 -1.000000 
-0.883812 -0.370716 -0.226020 1.156183 -1.286893 0.131705 0.599278 0.020028 -1.000000 
-0.886598 -0.325850 -0.216729 1.166364 -1.286015 0.087857 0.599438 0.019952 -1.000000 
-0.889026 -0.280965 -0.207359 1.176051 -1.285488 0.043888 0.599598 0.019903 -1.000000 
-0.891094 -0.236021 -0.197914 1.185252 -1.285313 -0.000141 0.599757 0.019882 -1.000000 
-0.892802 -0.190980 -0.188396 1.193977 -1.285490 -0.044168 0.599916 0.019889 -1.000000 
-0.894149 -0.145803 -0.178811 1.202233 -1.286019 -0.088132 0.600075 0.019923 -1.000000 
-0.895134 -0.100451 -0.169162 1.210025 -1.286900 -0.131971 0.600235 0.019985 -1.000000 
-0.895756 -0.054885 -0.159452 1.217355 -1.288130 -0.175625 0.600395 0.020074 -1.000000 
-0.896012 -0.009066 -0.149685 1.224226 -1.289709 -0.219031 0.600556 0.020192 -1.000000 
-0.895900 0.037044 -0.139866 1.230637 -1.291634 -0.262127 0.600718 0.020339 -1.000000 
-0.895418 0.083482 -0.129997 1.236588 -1.293902 -0.304851 0.600881 0.020516 -1.000000 
-0.894563 0.130285 -0.120082 1.242073 -1.296511 -0.347141 0.601046 0.020722 -1.000000 
-0.893332 0.177487 -0.110125 1.247089 -1.299455 -0.388934 0.601213 0.020960 -1.000000 
-0.891722 0.225121 -0.100129 1.251627 -1.302732 -0.430165 0.601382 0.021230 -1.000000 
-0.889729 0.273220 -0.090100 1.255679 -1.306336 -0.470773 0.601553 0.021534 -1.000000 
-0.887349 0.321812 -0.080040 1.259234 -1.310262 -0.510693 0.601726 0.021873 -1.000000 
-0.884579 0.370925 -0.069953 1.262281 -1.314505 -0.549860 0.601903 0.022248 -1.000000 
-0.881413 0.420584 -0.059845 1.264804 -1.319058 -0.588210 0.602082 0.022661 -1.000000 
-0.877848 0.470811 -0.049718 1.266788 -1.323914 -0.625678 0.602266 0.023115 -1.000000 
-0.873879 0.521624 -0.039578 1.268217 -1.329066 -0.662198 0.602452 0.023612 -1.000000 
-0.869500 0.573040 -0.029428 1.269072 -1.334507 -0.697706 0.602643 0.024153 -1.000000 
-0.864708 0.625071 -0.019274 1.269333 -1.340227 -0.732135 0.602839 0.024743 -1.000000 
-0.859498 0.677726 -0.009120 1.268978 -1.346218 -0.765420 0.603039 0.025383 -1.000000 
-0.853863 0.731011 0.001028 1.267984 -1.352470 -0.797494 0.603245 0.026078 -1.000000 
-0.847800 0.784926 0.011166 1.266330 -1.358974 -0.828292 0.603457 0.026832 -1.000000 
-0.841302 0.839468 0.021287 1.263988 -1.365719 -0.857749 0.603675 0.027648 -1.000000 
-0.834367 0.894630 0.031387 1.260935 -1.372695 -0.885799 0.603899 0.028532 -1.000000 
-0.826987 0.950399 0.041460 1.257142 -1.379888 -0.912378 0.604131 0.029489 -1.000000 
-0.819159 1.006760 0.051500 1.252585 -1.387288 -0.937420 0.604371 0.030525 -1.000000 
-0.810877 1.063690 0.061500 1.247234 -1.394883 -0.960865 0.604620 0.031646 -1.000000 
-0.802138 1.121163 0.071453 1.241063 -1.402658 -0.982648 0.604878 0.032860 -1.000000 
-0.792937 1.179147 0.081354 1.234042 -1.410600 -1.002709 0.605146 0.034176 -1.000000 
-0.783270 1.237606 0.091196 1.226145 -1.418696 -1.020988 0.605425 0.035601 -1.000000 
-0.773134 1.296498 0.100970 1.217342 -1.426931 -1.037428 0.605716 0.037148 -1.000000 
-0.762525 1.355775 0.110671 1.207607 -1.435290 -1.051973 0.606020 0.038826 -1.000000 
-0.751441 1.415385 0.120289 1.196912 -1.443758 -1.064568 0.606338 0.040649 -1.000000 
-0.739879 1.475270 0.129819 1.185232 -1.452318 -1.075163 0.606671 0.042632 -1.000000 
-0.727836 1.535368 0.139250 1.172539 -1.460955 -1.083708 0.607020 0.044791 -1.000000 
-0.715312 1.595609 0.148576 1.158811 -1.469652 -1.090159 0.607388 0.047143 -1.000000 
-0.702306 1.655922 0.157788 1.144023 -1.478392 -1.094473 0.607775 0.049710 -1.000000 
-0.688818 1.716226 0.166878 1.128155 -1.487158 -1.096611 0.608184 0.052514 -1.000000 
-0.674847 1.776440 0.175836 1.111186 -1.495932 -1.096537 0.608616 0.055581 -1.000000 
-0.660395 1.836476 0.184654 1.093098 -1.504696 -1.094222 0.609074 0.058941 -1.000000 
-0.645464 1.896241 0.193323 1.073876 -1.513433 -1.089638 0.609560 0.062626 -1.000000 
-0.630056 1.955638 0.201833 1.053504 -1.522124 -1.082764 0.610077 0.066674 -1.000000 
-0.614175 2.014568 0.210176 1.031973 -1.530751 -1.073583 0.610628 0.071125 -1.000000 
-0.597825 2.072925 0.218341 1.009272 -1.539295 -1.062082 0.611216 0.076029 -1.000000 
-0.581010 2.130603 0.226321 0.985397 -1.547738 -1.048256 0.611846 0.081436 -1.000000 
-0.563737 2.187491 0.234105 0.960343 -1.556061 -1.032104 0.612521 0.087407 -1.000000 
-0.546013 2.243476 0.241683 0.934111 -1.564246 -1.013630 0.613246 0.094008 -1.000000 
-0.527844 2.298442 0.249047 0.906704 -1.572273 -0.992846 0.614027 0.101313 -1.000000 
-0.509240 2.352273 0.256187 0.878128 -1.580125 -0.969769 0.614869 0.109405 -1.000000 
-0.490211 2.404850 0.263094 0.848393 -1.587783 -0.944421 0.615779 0.118375 -1.000000 
-0.470767 2.456053 0.269758 0.817511 -1.595230 -0.916833 0.616765 0.128322 -1.000000 
-0.450918 2.505763 0.276171 0.785501 -1.602447 -0.887040 0.617835 0.139353 -1.000000 
-0.430679 2.553861 0.282324 0.752381 -1.609417 -0.855084 0.618998 0.151582 -1.000000 
-0.410061 2.600226 0.288206 0.718175 -1.616123 -0.821014 0.620264 0.165129 -1.000000 
-0.389080 2.644743 0.293812 0.682911 -1.622548 -0.784885 0.621644 0.180111 -1.000000 
-0.367750 2.687293 0.299130 0.646619 -1.628675 -0.746757 0.623150 0.196645 -1.000000 
-0.346089 2.727762 0.304155 0.609334 -1.634491 -0.706697 0.624795 0.214830 -1.000000 
-0.324112 2.766040 0.308877 0.571092 -1.639978 -0.664778 0.626592 0.234743 -1.000000 
-0.301838 2.802016 0.313290 0.531936 -1.645122 -0.621078 0.628556 0.256421 -1.000000 
-0.279286 2.835586 0.317386 0.491909 -1.649910 -0.575682 0.630699 0.279840 -1.000000 
-0.256476 2.866648 0.321158 0.451059 -1.654329 -0.528678 0.633037 0.304894 -1.000000 
-0.233427 2.895103 0.324601 0.409435 -1.658365 -0.480162 0.635582 0.331365 -1.000000 
-0.210161 2.920860 0.327707 0.367092 -1.662008 -0.430234 0.638342 0.358900 -1.000000 
-0.186701 2.943830 0.330472 0.324086 -1.665245 -0.378998 0.641325 0.386983 -1.000000 
-0.163068 2.963930 0.332891 0.280477 -1.668068 -0.326564 0.644533 0.414922 -1.000000 
-0.139285 2.981083 0.334959 0.236327 -1.670468 -0.273050 0.647961 0.441850 -1.000000 
-0.115378 2.995219 0.336671 0.191703 -1.672435 -0.218576 0.651598 0.466753 -1.000000 
-0.091370 3.006271 0.338025 0.146671 -1.673963 -0.163270 0.655421 0.488529 -1.000000 
-0.067286 3.014184 0.339017 0.101306 -1.675045 -0.107266 0.659403 0.506077 -1.000000 
-0.043152 3.018909 0.339645 0.055681 -1.675677 -0.050705 0.663504 0.518406 -1.000000 
-0.018992 3.020403 0.339907 0.009876 -1.675855 0.006266 0.667681 0.524757 -1.000000 
0.005166 3.018637 0.339803 -0.036030 -1.675576 0.063493 0.671883 0.524707 -1.000000 
0.029297 3.013590 0.339331 -0.081953 -1.674839 0.120817 0.676059 0.518225 -1.000000 
0.053375 3.005251 0.338492 -0.127807 -1.673644 0.178072 0.680159 0.505684 -1.000000 
0.077372 2.993623 0.337286 -0.173505 -1.671991 0.235091 0.684136 0.487809 -1.000000 
0.101264 2.978719 0.335716 -0.218960 -1.669883 0.291700 0.687952 0.465578 -1.000000 
0.125023 2.960566 0.333784 -0.264083 -1.667325 0.347728 0.691577 0.440107 -1.000000 
0.148624 2.939204 0.331492 -0.308788 -1.664322 0.403001 0.694988 0.412527 -1.000000 
0.172042 2.914683 0.328844 -0.352989 -1.660879 0.457351 0.698174 0.383892 -1.000000 
0.195251 2.887066 0.325846 -0.396603 -1.657007 0.510608 0.701130 0.355109 -1.000000 
0.218227 2.856429 0.322501 -0.439548 -1.652713 0.562611 0.703858 0.326909 -1.000000 
0.240946 2.822858 0.318815 -0.481746 -1.648009 0.613202 0.706364 0.299834 -1.000000 
0.263385 2.786449 0.314795 -0.523125 -1.642906 0.662231 0.708659 0.274258 -1.000000 
0.285522 2.747307 0.310447 -0.563613 -1.637418 0.709556 0.710756 0.250407 -1.000000 
0.307335 2.705548 0.305780 -0.603145 -1.631558 0.755040 0.712670 0.228389 -1.000000 
0.328804 2.661293 0.300800 -0.641661 -1.625342 0.798559 0.714416 0.208225 -1.000000 
0.349909 2.614672 0.295516 -0.679104 -1.618787 0.839995 0.716007 0.189871 -1.000000 
0.370633 2.565820 0.289937 -0.715423 -1.611908 0.879242 0.717458 0.173242 -1.000000 
0.390957 2.514877 0.284072 -0.750574 -1.604725 0.916202 0.718783 0.158225 -1.000000 
0.410866 2.461987 0.277931 -0.784515 -1.597255 0.950788 0.719994 0.144698 -1.000000 
0.430344 2.407296 0.271523 -0.817212 -1.589519 0.982923 0.721102 0.132529 -1.000000 
0.449378 2.350955 0.264859 -0.848636 -1.581535 1.012541 0.722118 0.121593 -1.000000 
0.467955 2.293114 0.257949 -0.878761 -1.573325 1.039583 0.723050 0.111768 -1.000000 
0.486064 2.233924 0.250802 -0.907570 -1.564909 1.064004 0.723908 0.102940 -1.000000 
0.503695 2.173534 0.243431 -0.935049 -1.556308 1.085766 0.724700 0.095003 -1.000000 
0.520838 2.112095 0.235845 -0.961187 -1.547544 1.104842 0.725431 0.087863 -1.000000 
0.537486 2.049752 0.228056 -0.985982 -1.538638 1.121213 0.726107 0.081433 -1.000000 
0.553632 1.986650 0.220073 -1.009435 -1.529612 1.134872 0.726735 0.075637 -1.000000 
0.569271 1.922929 0.211908 -1.031549 -1.520487 1.145817 0.727319 0.070404 -1.000000 
0.584398 1.858726 0.203572 -1.052335 -1.511286 1.154056 0.727863 0.065675 -1.000000 
0.599009 1.794173 0.195074 -1.071805 -1.502029 1.159606 0.728371 0.061395 -1.000000 
0.613104 1.729394 0.186426 -1.089977 -1.492739 1.162489 0.728846 0.057515 -1.000000 
0.626679 1.664512 0.177638 -1.106869 -1.483437 1.162736 0.729292 0.053994 -1.000000 
0.639736 1.599641 0.168720 -1.122507 -1.474142 1.160384 0.729711 0.050793 -1.000000 
0.652274 1.534889 0.159681 -1.136915 -1.464877 1.155475 0.730106 0.047879 -1.000000 
0.664295 1.470357 0.150532 -1.150122 -1.455661 1.148058 0.730478 0.045224 -1.000000 
0.675801 1.406140 0.141282 -1.162158 -1.446515 1.138188 0.730830 0.042800 -1.000000 
0.686794 1.342324 0.131941 -1.173057 -1.437457 1.125921 0.731163 0.040586 -1.000000 
0.697279 1.278989 0.122517 -1.182851 -1.428506 1.111321 0.731480 0.038559 -1.000000 
0.707259 1.216208 0.113018 -1.191577 -1.419682 1.094454 0.731781 0.036704 -1.000000 
0.716740 1.154045 0.103454 -1.199270 -1.411001 1.075389 0.732067 0.035003 -1.000000 
0.725726 1.092557 0.093832 -1.205966 -1.402481 1.054199 0.732341 0.033442 -1.000000 
0.734223 1.031795 0.084161 -1.211705 -1.394139 1.030957 0.732603 0.032009 -1.000000 
0.742237 0.971801 0.074448 -1.216521 -1.385991 1.005742 0.732854 0.030692 -1.000000 
0.749774 0.912609 0.064699 -1.220453 -1.378052 0.978631 0.733094 0.029481 -1.000000 
0.756841 0.854248 0.054923 -1.223537 -1.370338 0.949704 0.733326 0.028368 -1.000000 
0.763444 0.796739 0.045125 -1.225810 -1.362862 0.919041 0.733548 0.027344 -1.000000 
0.769591 0.740096 0.035312 -1.227305 -1.355638 0.886725 0.733763 0.026403 -1.000000 
0.775288 0.684327 0.025490 -1.228058 -1.348678 0.852837 0.733971 0.025537 -1.000000 
0.780542 0.629434 0.015665 -1.228100 -1.341996 0.817459 0.734172 0.024742 -1.000000 
0.785361 0.575411 0.005842 -1.227464 -1.335603 0.780674 0.734367 0.024012 -1.000000 
0.789751 0.522250 -0.003973 -1.226178 -1.329509 0.742563 0.734556 0.023342 -1.000000 
0.793719 0.469933 -0.013775 -1.224271 -1.323725 0.703207 0.734741 0.022729 -1.000000 
0.797272 0.418441 -0.023560 -1.221768 -1.318261 0.662689 0.734920 0.022169 -1.000000 
0.800417 0.367748 -0.033322 -1.218693 -1.313125 0.621089 0.735096 0.021658 -1.000000 
0.803158 0.317824 -0.043057 -1.215068 -1.308326 0.578486 0.735267 0.021195 -1.000000 
0.805504 0.268634 -0.052762 -1.210912 -1.303872 0.534959 0.735435 0.020775 -1.000000 
0.807458 0.220141 -0.062431 -1.206241 -1.299769 0.490588 0.735599 0.020398 -1.000000 
0.809028 0.172304 -0.072060 -1.201072 -1.296024 0.445449 0.735761 0.020060 -1.000000 
0.810217 0.125077 -0.081646 -1.195415 -1.292644 0.399621 0.735920 0.019761 -1.000000 
0.811031 0.078414 -0.091185 -1.189280 -1.289632 0.353178 0.736077 0.019498 -1.000000 
0.811473 0.032266 -0.100674 -1.182675 -1.286994 0.306196 0.736233 0.019270 -1.000000 
0.811548 -0.013421 -0.110107 -1.175603 -1.284734 0.258750 0.736386 0.019077 -1.000000 
0.811259 -0.058698 -0.119482 -1.168066 -1.282855 0.210915 0.736538 0.018917 -1.000000 
0.810610 -0.103621 -0.128795 -1.160065 -1.281360 0.162764 0.736689 0.018789 -1.000000 
0.809602 -0.148246 -0.138042 -1.151595 -1.280252 0.114371 0.736839 0.018693 -1.000000 
0.808239 -0.192629 -0.147219 -1.142650 -1.279531 0.065808 0.736988 0.018628 -1.000000 
0.806521 -0.236826 -0.156323 -1.133223 -1.279199 0.017148 0.737137 0.018594 -1.000000 
0.804450 -0.280895 -0.165349 -1.123302 -1.279256 -0.031536 0.737285 0.018592 -1.000000 
0.802026 -0.324892 -0.174294 -1.112874 -1.279703 -0.080171 0.737434 0.018619 -1.000000 
0.799251 -0.368872 -0.183154 -1.101925 -1.280539 -0.128684 0.737583 0.018678 -1.000000 
0.796124 -0.412890 -0.191924 -1.090436 -1.281762 -0.177003 0.737733 0.018768 -1.000000 
0.792645 -0.456999 -0.200599 -1.078387 -1.283370 -0.225053 0.737884 0.018890 -1.000000 
0.788812 -0.501252 -0.209176 -1.065756 -1.285362 -0.272762 0.738036 0.019044 -1.000000 
0.784624 -0.545696 -0.217650 -1.052521 -1.287733 -0.320054 0.738189 0.019231 -1.000000 
0.780080 -0.590380 -0.226015 -1.038655 -1.290481 -0.366854 0.738343 0.019452 -1.000000 
0.775178 -0.635348 -0.234267 -1.024131 -1.293601 -0.413087 0.738500 0.019708 -1.000000 
0.769914 -0.680642 -0.242399 -1.008920 -1.297089 -0.458676 0.738659 0.020001 -1.000000 
0.764286 -0.726298 -0.250407 -0.992994 -1.300938 -0.503544 0.738820 0.020331 -1.000000 
0.758292 -0.772353 -0.258285 -0.976320 -1.305144 -0.547612 0.738984 0.020701 -1.000000 
0.751928 -0.818835 -0.266026 -0.958866 -1.309698 -0.590802 0.739151 0.021113 -1.000000 
0.745189 -0.865773 -0.273625 -0.940601 -1.314594 -0.633032 0.739322 0.021569 -1.000000 
0.738074 -0.913186 -0.281074 -0.921490 -1.319824 -0.674222 0.739497 0.022071 -1.000000 
0.730577 -0.961093 -0.288366 -0.901501 -1.325378 -0.714291 0.739675 0.022623 -1.000000 
0.722695 -1.009505 -0.295495 -0.880599 -1.331249 -0.753154 0.739859 0.023228 -1.000000 
0.714424 -1.058428 -0.302453 -0.858751 -1.337425 -0.790730 0.740047 0.023889 -1.000000 
0.705759 -1.107863 -0.309233 -0.835924 -1.343897 -0.826934 0.740241 0.024610 -1.000000 
0.696696 -1.157805 -0.315826 -0.812086 -1.350652 -0.861682 0.740441 0.025397 -1.000000 
0.687233 -1.208243 -0.322223 -0.787206 -1.357680 -0.894888 0.740648 0.026254 -1.000000 
0.677363 -1.259160 -0.328418 -0.761252 -1.364966 -0.926468 0.740861 0.027188 -1.000000 
0.667085 -1.310530 -0.334401 -0.734198 -1.372499 -0.956337 0.741083 0.028205 -1.000000 
0.656394 -1.362325 -0.340162 -0.706015 -1.380263 -0.984410 0.741313 0.029312 -1.000000 
0.645287 -1.414507 -0.345694 -0.676680 -1.388244 -1.010603 0.741552 0.030517 -1.000000 
0.633761 -1.467030 -0.350986 -0.646170 -1.396427 -1.034834 0.741801 0.031831 -1.000000 
0.621813 -1.519846 -0.356029 -0.614466 -1.404796 -1.057020 0.742062 0.033263 -1.000000 
0.609443 -1.572894 -0.360814 -0.581551 -1.413334 -1.077082 0.742334 0.034827 -1.000000 
0.596647 -1.626112 -0.365331 -0.547413 -1.422024 -1.094941 0.742619 0.036534 -1.000000 
0.583424 -1.679425 -0.369569 -0.512041 -1.430847 -1.110520 0.742919 0.038401 -1.000000 
0.569776 -1.732756 -0.373520 -0.475431 -1.439786 -1.123747 0.743234 0.040446 -1.000000 
0.555701 -1.786019 -0.377173 -0.437580 -1.448820 -1.134552 0.743567 0.042687 -1.000000 
0.541200 -1.839122 -0.380518 -0.398493 -1.457932 -1.142867 0.743918 0.045148 -1.000000 
0.526275 -1.891967 -0.383546 -0.358177 -1.467100 -1.148632 0.744290 0.047853 -1.000000 
0.510929 -1.944448 -0.386246 -0.316644 -1.476303 -1.151788 0.744684 0.050834 -1.000000 
0.495165 -1.996455 -0.388609 -0.273912 -1.485521 -1.152282 0.745104 0.054121 -1.000000 
0.478988 -2.047872 -0.390625 -0.230005 -1.494732 -1.150068 0.745551 0.057755 -1.000000 
0.462401 -2.098578 -0.392286 -0.184952 -1.503915 -1.145104 0.746029 0.061779 -1.000000 
0.445413 -2.148447 -0.393581 -0.138785 -1.513047 -1.137356 0.746541 0.066242 -1.000000 
0.428029 -2.197349 -0.394503 -0.091547 -1.522105 -1.126795 0.747090 0.071203 -1.000000 
0.410258 -2.245151 -0.395043 -0.043282 -1.531068 -1.113402 0.747681 0.076726 -1.000000 
0.392110 -2.291715 -0.395193 0.005959 -1.539912 -1.097163 0.748319 0.082888 -1.000000 
0.373594 -2.336903 -0.394946 0.056117 -1.548615 -1.078075 0.749010 0.089773 -1.000000 
0.354723 -2.380574 -0.394293 0.107130 -1.557153 -1.056140 0.749758 0.097482 -1.000000 
0.335509 -2.422585 -0.393229 0.158929 -1.565505 -1.031373 0.750572 0.106125 -1.000000 
0.315967 -2.462794 -0.391748 0.211440 -1.573648 -1.003793 0.751459 0.115828 -1.000000 
0.296110 -2.501059 -0.389845 0.264583 -1.581559 -0.973432 0.752428 0.126735 -1.000000 
0.275955 -2.537239 -0.387514 0.318274 -1.589216 -0.940330 0.753490 0.139003 -1.000000 
0.255520 -2.571194 -0.384751 0.372423 -1.596597 -0.904535 0.754656 0.152807 -1.000000 
0.234822 -2.602787 -0.381554 0.426936 -1.603681 -0.866107 0.755940 0.168333 -1.000000 
0.213882 -2.631884 -0.377919 0.481715 -1.610448 -0.825113 0.757355 0.185779 -1.000000 
0.192719 -2.658356 -0.373846 0.536659 -1.616876 -0.781629 0.758918 0.205343 -1.000000 
0.171356 -2.682078 -0.369333 0.591661 -1.622947 -0.735741 0.760646 0.227211 -1.000000 
0.149814 -2.702929 -0.364380 0.646613 -1.628642 -0.687543 0.762560 0.251539 -1.000000 
0.128117 -2.720795 -0.358987 0.701404 -1.633942 -0.637137 0.764678 0.278424 -1.000000 
0.106289 -2.735568 -0.353158 0.755921 -1.638831 -0.584633 0.767021 0.307868 -1.000000 
0.084356 -2.747148 -0.346894 0.810048 -1.643291 -0.530149 0.769610 0.339728 -1.000000 
0.062344 -2.755440 -0.340198 0.863670 -1.647308 -0.473811 0.772463 0.373662 -1.000000 
0.040278 -2.760359 -0.333077 0.916667 -1.650867 -0.415751 0.775593 0.409066 -1.000000 
0.018187 -2.761825 -0.325534 0.968921 -1.653956 -0.356110 0.779009 0.445029 -1.000000 
-0.003902 -2.759772 -0.317576 1.020312 -1.656561 -0.295036 0.782711 0.480301 -1.000000 
-0.025960 -2.754137 -0.309211 1.070718 -1.658673 -0.232688 0.786688 0.513318 -1.000000 
-0.047958 -2.744873 -0.300448 1.120019 -1.660281 -0.169233 0.790914 0.542290 -1.000000 
-0.069868 -2.731941 -0.291294 1.168091 -1.661378 -0.104849 0.795349 0.565367 -1.000000 
-0.091659 -2.715316 -0.281762 1.214811 -1.661957 -0.039726 0.799939 0.580875 -1.000000 
-0.113303 -2.694986 -0.271861 1.260060 -1.662012 0.025933 0.804619 0.587566 -1.000000 
-0.134769 -2.670956 -0.261605 1.303714 -1.661541 0.091916 0.809315 0.584839 -1.000000 
-0.156028 -2.643247 -0.251006 1.345658 -1.660541 0.157997 0.813952 0.572855 -1.000000 
-0.177051 -2.611897 -0.240079 1.385777 -1.659014 0.223942 0.818459 0.552513 -1.000000 
-0.197809 -2.576964 -0.228839 1.423965 -1.656959 0.289509 0.822774 0.525291 -1.000000 
-0.218274 -2.538523 -0.217301 1.460120 -1.654383 0.354453 0.826850 0.493006 -1.000000 
-0.238417 -2.496668 -0.205483 1.494153 -1.651290 0.418527 0.830653 0.457554 -1.000000 
-0.258211 -2.451511 -0.193401 1.525982 -1.647690 0.481489 0.834167 0.420690 -1.000000 
-0.277632 -2.403180 -0.181073 1.555538 -1.643590 0.543098 0.837385 0.383886 -1.000000 
-0.296654 -2.351820 -0.168518 1.582764 -1.639004 0.603123 0.840312 0.348269 -1.000000 
-0.315254 -2.297587 -0.155755 1.607613 -1.633945 0.661340 0.842962 0.314618 -1.000000 
-0.333408 -2.240651 -0.142803 1.630052 -1.628428 0.717539 0.845353 0.283409 -1.000000 
-0.351097 -2.181195 -0.129681 1.650062 -1.622470 0.771520 0.847504 0.254872 -1.000000 
-0.368301 -2.119407 -0.116409 1.667634 -1.616090 0.823098 0.849438 0.229059 -1.000000 
-0.385002 -2.055486 -0.103005 1.682772 -1.609308 0.872103 0.851176 0.205894 -1.000000 
-0.401184 -1.989635 -0.089491 1.695490 -1.602144 0.918380 0.852739 0.185225 -1.000000 
-0.416832 -1.922060 -0.075884 1.705815 -1.594621 0.961790 0.854146 0.166857 -1.000000 
-0.431933 -1.852973 -0.062204 1.713784 -1.586763 1.002208 0.855414 0.150576 -1.000000 
-0.446476 -1.782583 -0.048469 1.719443 -1.578594 1.039529 0.856560 0.136165 -1.000000 
-0.460451 -1.711101 -0.034699 1.722848 -1.570139 1.073662 0.857597 0.123418 -1.000000 
-0.473851 -1.638735 -0.020910 1.724063 -1.561424 1.104531 0.858538 0.112140 -1.000000 
-0.486669 -1.565690 -0.007119 1.723158 -1.552476 1.132080 0.859395 0.102157 -1.000000 
-0.498901 -1.492165 0.006655 1.720212 -1.543320 1.156263 0.860176 0.093309 -1.000000 
-0.510543 -1.418355 0.020399 1.715308 -1.533984 1.177053 0.860890 0.085458 -1.000000 
-0.521594 -1.344446 0.034095 1.708535 -1.524496 1.194437 0.861546 0.078480 -1.000000 
-0.532054 -1.270620 0.047730 1.699985 -1.514883 1.208414 0.862148 0.072266 -1.000000 
-0.541925 -1.197045 0.061291 1.689755 -1.505171 1.218996 0.862704 0.066723 -1.000000 
-0.551208 -1.123883 0.074762 1.677942 -1.495388 1.226211 0.863217 0.061769 -1.000000 
-0.559909 -1.051286 0.088134 1.664647 -1.485560 1.230093 0.863693 0.057332 -1.000000 
-0.568031 -0.979395 0.101393 1.649970 -1.475715 1.230692 0.864136 0.053351 -1.000000 
-0.575581 -0.908338 0.114530 1.634011 -1.465878 1.228064 0.864548 0.049771 -1.000000 
-0.582567 -0.838235 0.127534 1.616871 -1.456074 1.222277 0.864933 0.046547 -1.000000 
-0.588996 -0.769192 0.140397 1.598647 -1.446330 1.213403 0.865294 0.043637 -1.000000 
-0.594877 -0.701306 0.153110 1.579437 -1.436668 1.201525 0.865632 0.041006 -1.000000 
-0.600220 -0.634660 0.165665 1.559334 -1.427113 1.186731 0.865950 0.038624 -1.000000 
-0.605035 -0.569326 0.178057 1.538429 -1.417688 1.169113 0.866251 0.036463 -1.000000 
-0.609333 -0.505366 0.190278 1.516809 -1.408414 1.148771 0.866534 0.034501 -1.000000 
-0.613125 -0.442829 0.202324 1.494557 -1.399314 1.125807 0.866803 0.032716 -1.000000 
-0.616422 -0.381755 0.214190 1.471750 -1.390408 1.100324 0.867058 0.031090 -1.000000 
-0.619237 -0.322172 0.225871 1.448464 -1.381716 1.072431 0.867301 0.029609 -1.000000 
-0.621581 -0.264100 0.237364 1.424765 -1.373255 1.042237 0.867532 0.028257 -1.000000 
-0.623466 -0.207546 0.248666 1.400717 -1.365046 1.009853 0.867753 0.027024 -1.000000 
-0.624905 -0.152511 0.259775 1.376377 -1.357103 0.975390 0.867965 0.025897 -1.000000 
-0.625910 -0.098985 0.270688 1.351796 -1.349445 0.938959 0.868168 0.024868 -1.000000 
-0.626493 -0.046951 0.281403 1.327020 -1.342085 0.900671 0.868363 0.023929 -1.000000 
-0.626666 0.003615 0.291920 1.302090 -1.335039 0.860637 0.868551 0.023071 -1.000000 
-0.626439 0.052746 0.302236 1.277037 -1.328319 0.818967 0.868732 0.022289 -1.000000 
-0.625825 0.100480 0.312352 1.251889 -1.321939 0.775767 0.868908 0.021576 -1.000000 
-0.624835 0.146861 0.322266 1.226668 -1.315911 0.731146 0.869078 0.020928 -1.000000 
-0.623479 0.191939 0.331978 1.201388 -1.310244 0.685208 0.869243 0.020341 -1.000000 
-0.621767 0.235769 0.341488 1.176060 -1.304950 0.638056 0.869403 0.019809 -1.000000 
-0.619710 0.278409 0.350795 1.150686 -1.300038 0.589792 0.869560 0.019330 -1.000000 
-0.617316 0.319923 0.359899 1.125264 -1.295517 0.540515 0.869713 0.018901 -1.000000 
-0.614594 0.360374 0.368799 1.099785 -1.291393 0.490322 0.869863 0.018518 -1.000000 
-0.611553 0.399832 0.377495 1.074238 -1.287674 0.439311 0.870009 0.018180 -1.000000 
-0.608199 0.438366 0.385987 1.048602 -1.284366 0.387573 0.870154 0.017885 -1.000000 
-0.604541 0.476049 0.394273 1.022853 -1.281474 0.335203 0.870296 0.017630 -1.000000 
-0.600584 0.512952 0.402352 0.996964 -1.279004 0.282290 0.870436 0.017415 -1.000000 
-0.596336 0.549150 0.410224 0.970900 -1.276959 0.228924 0.870574 0.017238 -1.000000 
-0.591800 0.584715 0.417886 0.944624 -1.275342 0.175194 0.870712 0.017098 -1.000000 
-0.586982 0.619721 0.425337 0.918094 -1.274156 0.121187 0.870848 0.016994 -1.000000 
-0.581886 0.654239 0.432575 0.891264 -1.273403 0.066990 0.870984 0.016926 -1.000000 
-0.576515 0.688339 0.439596 0.864084 -1.273085 0.012688 0.871119 0.016893 -1.000000 
-0.570873 0.722092 0.446399 0.836502 -1.273200 -0.041632 0.871254 0.016896 -1.000000 
-0.564962 0.755562 0.452979 0.808462 -1.273751 -0.095884 0.871389 0.016933 -1.000000 
-0.558785 0.788816 0.459333 0.779905 -1.274734 -0.149982 0.871525 0.017006 -1.000000 
-0.552342 0.821913 0.465456 0.750771 -1.276150 -0.203839 0.871662 0.017114 -1.000000 
-0.545634 0.854911 0.471344 0.720998 -1.277995 -0.257368 0.871799 0.017259 -1.000000 
-0.538663 0.887865 0.476990 0.690520 -1.280266 -0.310479 0.871938 0.017441 -1.000000 
-0.531428 0.920825 0.482390 0.659272 -1.282961 -0.363084 0.872078 0.017661 -1.000000 
-0.523930 0.953835 0.487536 0.627189 -1.286074 -0.415090 0.872220 0.017920 -1.000000 
-0.516167 0.986937 0.492423 0.594203 -1.289601 -0.466406 0.872365 0.018220 -1.000000 
-0.508138 1.020166 0.497041 0.560248 -1.293535 -0.516936 0.872512 0.018563 -1.000000 
-0.499844 1.053552 0.501384 0.525259 -1.297869 -0.566585 0.872662 0.018951 -1.000000 
-0.491281 1.087119 0.505442 0.489170 -1.302597 -0.615252 0.872815 0.019386 -1.000000 
-0.482449 1.120886 0.509207 0.451917 -1.307710 -0.662839 0.872972 0.019870 -1.000000 
-0.473346 1.154864 0.512670 0.413441 -1.313200 -0.709241 0.873133 0.020408 -1.000000 
-0.463971 1.189058 0.515819 0.373681 -1.319055 -0.754354 0.873299 0.021002 -1.000000 
-0.454321 1.223467 0.518645 0.332583 -1.325266 -0.798071 0.873470 0.021658 -1.000000 
-0.444395 1.258082 0.521137 0.290094 -1.331820 -0.840283 0.873646 0.022378 -1.000000 
-0.434191 1.292886 0.523283 0.246168 -1.338706 -0.880878 0.873828 0.023170 -1.000000 
-0.423708 1.327855 0.525071 0.200761 -1.345909 -0.919745 0.874017 0.024038 -1.000000 
-0.412945 1.362960 0.526491 0.153836 -1.353417 -0.956768 0.874213 0.024990 -1.000000 
-0.401901 1.398159 0.527529 0.105361 -1.361213 -0.991832 0.874417 0.026033 -1.000000 
-0.390574 1.433407 0.528172 0.055313 -1.369281 -1.024822 0.874630 0.027177 -1.000000 
-0.378966 1.468649 0.528409 0.003674 -1.377604 -1.055621 0.874852 0.028431 -1.000000 
-0.367076 1.503822 0.528227 -0.049567 -1.386164 -1.084111 0.875085 0.029808 -1.000000 
-0.354905 1.538856 0.527612 -0.104409 -1.394943 -1.110178 0.875329 0.031320 -1.000000 
-0.342455 1.573673 0.526552 -0.160847 -1.403920 -1.133707 0.875586 0.032983 -1.000000 
-0.329727 1.608187 0.525034 -0.218862 -1.413075 -1.154584 0.875857 0.034815 -1.000000 
-0.316725 1.642305 0.523046 -0.278428 -1.422386 -1.172699 0.876144 0.036834 -1.000000 
-0.303452 1.675928 0.520575 -0.339508 -1.431831 -1.187944 0.876447 0.039064 -1.000000 
-0.289912 1.708949 0.517610 -0.402055 -1.441386 -1.200217 0.876770 0.041533 -1.000000 
-0.276111 1.741255 0.514139 -0.466009 -1.451026 -1.209418 0.877113 0.044270 -1.000000 
-0.262054 1.772727 0.510150 -0.531302 -1.460728 -1.215453 0.877479 0.047312 -1.000000 
-0.247749 1.803242 0.505635 -0.597850 -1.470465 -1.218238 0.877870 0.050700 -1.000000 
-0.233205 1.832670 0.500582 -0.665562 -1.480211 -1.217691 0.878291 0.054482 -1.000000 
-0.218430 1.860880 0.494983 -0.734333 -1.489939 -1.213742 0.878743 0.058715 -1.000000 
-0.203435 1.887734 0.488830 -0.804046 -1.499621 -1.206329 0.879232 0.063464 -1.000000 
-0.188230 1.913095 0.482116 -0.874575 -1.509231 -1.195400 0.879760 0.068807 -1.000000 
-0.172829 1.936823 0.474835 -0.945781 -1.518738 -1.180912 0.880334 0.074833 -1.000000 
-0.157246 1.958775 0.466982 -1.017513 -1.528116 -1.162836 0.880960 0.081649 -1.000000 
-0.141494 1.978812 0.458554 -1.089613 -1.537334 -1.141155 0.881643 0.089378 -1.000000 
-0.125590 1.996793 0.449548 -1.161910 -1.546365 -1.115862 0.882393 0.098165 -1.000000 
-0.109551 2.012580 0.439963 -1.234225 -1.555178 -1.086967 0.883217 0.108179 -1.000000 
-0.093395 2.026039 0.429800 -1.306373 -1.563746 -1.054492 0.884127 0.119618 -1.000000 
-0.077141 2.037038 0.419062 -1.378157 -1.572041 -1.018474 0.885135 0.132708 -1.000000 
-0.060810 2.045451 0.407751 -1.449377 -1.580033 -0.978964 0.886256 0.147711 -1.000000 
-0.044421 2.051158 0.395874 -1.519826 -1.587695 -0.936027 0.887505 0.164923 -1.000000 
-0.027999 2.054045 0.383437 -1.589293 -1.595000 -0.889743 0.888901 0.184670 -1.000000 
-0.011564 2.054007 0.370449 -1.657563 -1.601922 -0.840206 0.890467 0.207304 -1.000000 
0.004858 2.050944 0.356920 -1.724419 -1.608435 -0.787525 0.892227 0.233186 -1.000000 
0.021242 2.044768 0.342862 -1.789644 -1.614514 -0.731820 0.894208 0.262658 -1.000000 
0.037565 2.035399 0.328290 -1.853021 -1.620137 -0.673225 0.896440 0.295995 -1.000000 
0.053800 2.022767 0.313219 -1.914333 -1.625279 -0.611886 0.898954 0.333336 -1.000000 
0.069921 2.006811 0.297667 -1.973364 -1.629920 -0.547960 0.901783 0.374586 -1.000000 
0.085900 1.987483 0.281652 -2.029903 -1.634040 -0.481615 0.904957 0.419286 -1.000000 
0.101711 1.964743 0.265196 -2.083742 -1.637620 -0.413032 0.908499 0.466469 -1.000000 
0.117327 1.938564 0.248320 -2.134674 -1.640643 -0.342400 0.912423 0.514524 -1.000000 
0.132719 1.908931 0.231049 -2.182499 -1.643093 -0.269927 0.916727 0.561131 -1.000000 
0.147861 1.875843 0.213409 -2.227019 -1.644957 -0.195832 0.921389 0.603325 -1.000000 
0.162723 1.839316 0.195426 -2.268042 -1.646223 -0.120356 0.926360 0.637764 -1.000000 
0.177281 1.799381 0.177130 -2.305382 -1.646880 -0.043762 0.931564 0.661212 -1.000000 
0.191505 1.756093 0.158550 -2.338863 -1.646921 0.033663 0.936903 0.671155 -1.000000 
0.205369 1.709528 0.139719 -2.368320 -1.646340 0.111607 0.942263 0.666380 -1.000000 
0.218849 1.659787 0.120668 -2.393604 -1.645135 0.189734 0.947527 0.647285 -1.000000 
0.231918 1.606996 0.101433 -2.414588 -1.643305 0.267688 0.952587 0.615793 -1.000000 
0.244553 1.551307 0.082047 -2.431169 -1.640853 0.345098 0.957354 0.574910 -1.000000 
0.256731 1.492894 0.062546 -2.443271 -1.637786 0.421588 0.961769 0.528089 -1.000000 
0.268432 1.431953 0.042966 -2.450851 -1.634111 0.496780 0.965797 0.478635 -1.000000 
0.279636 1.368696 0.023344 -2.453896 -1.629842 0.570305 0.969428 0.429295 -1.000000 
0.290326 1.303353 0.003716 -2.452424 -1.624992 0.641804 0.972671 0.382078 -1.000000 
0.300485 1.236165 -0.015882 -2.446487 -1.619579 0.710934 0.975550 0.338266 -1.000000 
0.310100 1.167383 -0.035416 -2.436165 -1.613624 0.777374 0.978095 0.298526 -1.000000 
0.319160 1.097263 -0.054850 -2.421566 -1.607149 0.840826 0.980338 0.263073 -1.000000 
0.327654 1.026066 -0.074150 -2.402825 -1.600179 0.901015 0.982315 0.231814 -1.000000 
0.335575 0.954053 -0.093284 -2.380103 -1.592742 0.957696 0.984058 0.204476 -1.000000 
0.342917 0.881485 -0.112221 -2.353580 -1.584866 1.010649 0.985596 0.180692 -1.000000 
0.349678 0.808616 -0.130932 -2.323455 -1.576582 1.059685 0.986957 0.160064 -1.000000 
0.355855 0.735696 -0.149388 -2.289944 -1.567922 1.104641 0.988164 0.142199 -1.000000 
0.361449 0.662967 -0.167563 -2.253276 -1.558919 1.145384 0.989239 0.126730 -1.000000 
0.366463 0.590660 -0.185432 -2.213692 -1.549607 1.181810 0.990198 0.113324 -1.000000 
0.370902 0.518995 -0.202975 -2.171440 -1.540022 1.213842 0.991057 0.101689 -1.000000 
0.374770 0.448178 -0.220169 -2.126773 -1.530198 1.241429 0.991829 0.091571 -1.000000 
0.378075 0.378402 -0.236997 -2.079947 -1.520171 1.264547 0.992525 0.082753 -1.000000 
0.380827 0.309845 -0.253443 -2.031219 -1.509977 1.283194 0.993156 0.075046 -1.000000 
0.383036 0.242669 -0.269492 -1.980843 -1.499652 1.297393 0.993728 0.068293 -1.000000 
0.384714 0.177020 -0.285133 -1.929072 -1.489230 1.307187 0.994250 0.062358 -1.000000 
0.385873 0.113026 -0.300354 -1.876148 -1.478748 1.312640 0.994728 0.057128 -1.000000 
0.386527 0.050799 -0.315149 -1.822310 -1.468240 1.313833 0.995166 0.052506 -1.000000 
0.386691 -0.009563 -0.329509 -1.767785 -1.457738 1.310861 0.995569 0.048409 -1.000000 
0.386379 -0.067983 -0.343432 -1.712789 -1.447277 1.303836 0.995942 0.044768 -1.000000 
0.385608 -0.124397 -0.356913 -1.657528 -1.436887 1.292882 0.996287 0.041523 -1.000000 
0.384394 -0.178757 -0.369952 -1.602192 -1.426601 1.278132 0.996607 0.038625 -1.000000 
0.382754 -0.231032 -0.382549 -1.546959 -1.416447 1.259730 0.996906 0.036030 -1.000000 
0.380704 -0.281202 -0.394704 -1.491992 -1.406454 1.237825 0.997184 0.033702 -1.000000 
0.378260 -0.329263 -0.406422 -1.437437 -1.396651 1.212574 0.997445 0.031607 -1.000000 
0.375441 -0.375222 -0.417705 -1.383428 -1.387062 1.184135 0.997691 0.029721 -1.000000 
0.372262 -0.419099 -0.428558 -1.330079 -1.377712 1.152672 0.997922 0.028018 -1.000000 
0.368741 -0.460924 -0.438988 -1.277492 -1.368626 1.118350 0.998139 0.026480 -1.000000 
0.364893 -0.500737 -0.449000 -1.225750 -1.359826 1.081331 0.998346 0.025088 -1.000000 
0.360734 -0.538587 -0.458603 -1.174923 -1.351332 1.041780 0.998541 0.023828 -1.000000 
0.356281 -0.574528 -0.467802 -1.125063 -1.343164 0.999858 0.998727 0.022687 -1.000000 
0.351547 -0.608626 -0.476606 -1.076209 -1.335340 0.955726 0.998904 0.021652 -1.000000 
0.346547 -0.640947 -0.485024 -1.028385 -1.327878 0.909540 0.999074 0.020715 -1.000000 
0.341296 -0.671566 -0.493063 -0.981601 -1.320793 0.861452 0.999236 0.019867 -1.000000 
0.335807 -0.700561 -0.500732 -0.935852 -1.314099 0.811611 0.999392 0.019100 -1.000000 
0.330091 -0.728010 -0.508039 -0.891121 -1.307811 0.760163 0.999542 0.018409 -1.000000 
0.324162 -0.753998 -0.514993 -0.847381 -1.301940 0.707245 0.999687 0.017786 -1.000000 
0.318031 -0.778607 -0.521600 -0.804589 -1.296499 0.652995 0.999827 0.017228 -1.000000 
0.311708 -0.801922 -0.527869 -0.762694 -1.291496 0.597542 0.999962 0.016730 -1.000000 
0.305203 -0.824026 -0.533805 -0.721635 -1.286941 0.541013 1.000095 0.016289 -1.000000 
0.298527 -0.845004 -0.539417 -0.681338 -1.282842 0.483528 1.000223 0.015901 -1.000000 
0.291686 -0.864936 -0.544709 -0.641725 -1.279207 0.425206 1.000349 0.015564 -1.000000 
0.284690 -0.883902 -0.549686 -0.602706 -1.276041 0.366159 1.000472 0.015275 -1.000000 
0.277546 -0.901980 -0.554353 -0.564185 -1.273350 0.306498 1.000594 0.015033 -1.000000 
0.270261 -0.919241 -0.558714 -0.526059 -1.271138 0.246330 1.000713 0.014835 -1.000000 
0.262840 -0.935757 -0.562771 -0.488221 -1.269410 0.185758 1.000831 0.014681 -1.000000 
0.255290 -0.951592 -0.566526 -0.450554 -1.268167 0.124886 1.000948 0.014570 -1.000000 
0.247616 -0.966809 -0.569980 -0.412942 -1.267412 0.063813 1.001064 0.014501 -1.000000 
0.239823 -0.981463 -0.573133 -0.375261 -1.267146 0.002639 1.001180 0.014473 -1.000000 
0.231914 -0.995605 -0.575984 -0.337385 -1.267370 -0.058537 1.001296 0.014487 -1.000000 
0.223895 -1.009280 -0.578530 -0.299188 -1.268082 -0.119616 1.001412 0.014542 -1.000000 
0.215767 -1.022528 -0.580769 -0.260540 -1.269283 -0.180499 1.001529 0.014638 -1.000000 
0.207535 -1.035382 -0.582697 -0.221310 -1.270970 -0.241083 1.001646 0.014777 -1.000000 
0.199202 -1.047868 -0.584309 -0.181367 -1.273139 -0.301267 1.001765 0.014959 -1.000000 
0.190770 -1.060008 -0.585597 -0.140584 -1.275789 -0.360945 1.001886 0.015184 -1.000000 
0.182243 -1.071813 -0.586555 -0.098832 -1.278913 -0.420009 1.002008 0.015456 -1.000000 
0.173622 -1.083292 -0.587175 -0.055985 -1.282507 -0.478349 1.002133 0.015775 -1.000000 
0.164911 -1.094442 -0.587448 -0.011922 -1.286564 -0.535847 1.002261 0.016143 -1.000000 
0.156112 -1.105257 -0.587363 0.033474 -1.291078 -0.592386 1.002392 0.016563 -1.000000 
0.147228 -1.115722 -0.586908 0.080316 -1.296039 -0.647842 1.002526 0.017037 -1.000000 
0.138261 -1.125813 -0.586073 0.128709 -1.301440 -0.702084 1.002664 0.017570 -1.000000 
0.129216 -1.135502 -0.584845 0.178752 -1.307269 -0.754980 1.002807 0.018166 -1.000000 
0.120094 -1.144752 -0.583209 0.230534 -1.313516 -0.806391 1.002955 0.018827 -1.000000 
0.110901 -1.153518 -0.581151 0.284137 -1.320167 -0.856172 1.003109 0.019562 -1.000000 
0.101640 -1.161751 -0.578657 0.339629 -1.327210 -0.904174 1.003268 0.020374 -1.000000 
0.092315 -1.169393 -0.575712 0.397070 -1.334629 -0.950243 1.003435 0.021272 -1.000000 
0.082931 -1.176378 -0.572299 0.456505 -1.342408 -0.994220 1.003609 0.022264 -1.000000 
0.073494 -1.182638 -0.568402 0.517965 -1.350530 -1.035941 1.003791 0.023359 -1.000000 
0.064011 -1.188096 -0.564006 0.581466 -1.358977 -1.075239 1.003983 0.024568 -1.000000 
0.054487 -1.192669 -0.559094 0.647009 -1.367727 -1.111943 1.004185 0.025905 -1.000000 
0.044931 -1.196271 -0.553649 0.714577 -1.376760 -1.145881 1.004398 0.027384 -1.000000 
0.035350 -1.198811 -0.547655 0.784134 -1.386053 -1.176878 1.004623 0.029023 -1.000000 
0.025753 -1.200194 -0.541097 0.855627 -1.395582 -1.204760 1.004863 0.030841 -1.000000 
0.016150 -1.200322 -0.533960 0.928981 -1.405321 -1.229352 1.005117 0.032863 -1.000000 
0.006551 -1.199093 -0.526229 1.004102 -1.415242 -1.250480 1.005389 0.035116 -1.000000 
-0.003032 -1.196407 -0.517890 1.080874 -1.425319 -1.267978 1.005680 0.037634 -1.000000 
-0.012587 -1.192160 -0.508931 1.159158 -1.435520 -1.281679 1.005992 0.040454 -1.000000 
-0.022102 -1.186250 -0.499340 1.238796 -1.445815 -1.291426 1.006328 0.043622 -1.000000 
-0.031562 -1.178575 -0.489107 1.319604 -1.456172 -1.297068 1.006691 0.047193 -1.000000 
-0.040954 -1.169038 -0.478224 1.401381 -1.466557 -1.298467 1.007085 0.051231 -1.000000 
-0.050262 -1.157544 -0.466683 1.483899 -1.476936 -1.295494 1.007512 0.055814 -1.000000 
-0.059469 -1.144000 -0.454480 1.566914 -1.487273 -1.288032 1.007979 0.061033 -1.000000 
-0.068560 -1.128324 -0.441612 1.650157 -1.497532 -1.275984 1.008491 0.067000 -1.000000 
-0.077516 -1.110437 -0.428078 1.733343 -1.507676 -1.259265 1.009054 0.073849 -1.000000 
-0.086321 -1.090269 -0.413879 1.816168 -1.517668 -1.237812 1.009675 0.081741 -1.000000 
-0.094955 -1.067759 -0.399021 1.898311 -1.527468 -1.211580 1.010365 0.090873 -1.000000 
-0.103399 -1.042857 -0.383509 1.979437 -1.537040 -1.180548 1.011133 0.101480 -1.000000 
-0.111634 -1.015522 -0.367353 2.059200 -1.546344 -1.144716 1.011993 0.113850 -1.000000 
-0.119640 -0.985727 -0.350566 2.137242 -1.555343 -1.104107 1.012960 0.128327 -1.000000 
-0.127399 -0.953456 -0.333163 2.213198 -1.563997 -1.058772 1.014053 0.145327 -1.000000 
-0.134889 -0.918707 -0.315162 2.286696 -1.572271 -1.008782 1.015294 0.165342 -1.000000 
-0.142092 -0.881490 -0.296583 2.357365 -1.580126 -0.954235 1.016708 0.188949 -1.000000 
-0.148986 -0.841830 -0.277452 2.424831 -1.587527 -0.895254 1.018328 0.216808 -1.000000 
-0.155554 -0.799764 -0.257796 2.488725 -1.594438 -0.831984 1.020190 0.249641 -1.000000 
-0.161776 -0.755342 -0.237643 2.548682 -1.600827 -0.764591 1.022338 0.288192 -1.000000 
-0.167634 -0.708628 -0.217028 2.604346 -1.606661 -0.693263 1.024819 0.333129 -1.000000 
-0.173108 -0.659698 -0.195986 2.655368 -1.611910 -0.618205 1.027686 0.384882 -1.000000 
-0.178183 -0.608637 -0.174556 2.701411 -1.616543 -0.539638 1.030995 0.443386 -1.000000 
-0.182841 -0.555546 -0.152778 2.742148 -1.620535 -0.457802 1.034796 0.507713 -1.000000 
-0.187067 -0.500534 -0.130696 2.777264 -1.623860 -0.372954 1.039128 0.575648 -1.000000 
-0.190845 -0.443726 -0.108357 2.806456 -1.626495 -0.285370 1.044006 0.643310 -1.000000 
-0.194162 -0.385262 -0.085809 2.829433 -1.628419 -0.195358 1.049405 0.705088 -1.000000 
-0.197005 -0.325307 -0.063104 2.845919 -1.629615 -0.103263 1.055253 0.754175 -1.000000 
-0.199363 -0.264047 -0.040293 2.855661 -1.630067 -0.009485 1.061420 0.783879 -1.000000 
-0.201227 -0.201703 -0.017432 2.858436 -1.629764 0.085519 1.067730 0.789449 -1.000000 
-0.202588 -0.138523 0.005423 2.854066 -1.628697 0.181225 1.073983 0.769666 -1.000000 
-0.203442 -0.074787 0.028214 2.842430 -1.626864 0.277055 1.079985 0.727331 -1.000000 
-0.203784 -0.010794 0.050883 2.823472 -1.624265 0.372386 1.085576 0.668340 -1.000000 
-0.203615 0.053142 0.073370 2.797214 -1.620909 0.466573 1.090653 0.599871 -1.000000 
-0.202935 0.116706 0.095619 2.763754 -1.616805 0.558970 1.095167 0.528602 -1.000000 
-0.201749 0.179582 0.117571 2.723269 -1.611972 0.648944 1.099117 0.459622 -1.000000 
-0.200064 0.241468 0.139173 2.676006 -1.606430 0.735891 1.102536 0.396134 -1.000000 
-0.197889 0.302073 0.160370 2.622278 -1.600207 0.819245 1.105474 0.339710 -1.000000 
-0.195235 0.361129 0.181113 2.562458 -1.593333 0.898487 1.107991 0.290745 -1.000000 
-0.192116 0.418387 0.201354 2.496972 -1.585843 0.973150 1.110145 0.248916 -1.000000 
-0.188547 0.473622 0.221051 2.426286 -1.577776 1.042821 1.111991 0.213531 -1.000000 
-0.184544 0.526637 0.240163 2.350902 -1.569172 1.107145 1.113576 0.183759 -1.000000 
-0.180127 0.577260 0.258654 2.271347 -1.560077 1.165826 1.114944 0.158767 -1.000000 
-0.175315 0.625349 0.276494 2.188167 -1.550535 1.218627 1.116127 0.137789 -1.000000 
-0.170128 0.670788 0.293657 2.101917 -1.540595 1.265366 1.117157 0.120151 -1.000000 
-0.164589 0.713490 0.310118 2.013155 -1.530306 1.305920 1.118057 0.105283 -1.000000 
-0.158720 0.753394 0.325862 1.922433 -1.519717 1.340218 1.118848 0.092706 -1.000000 
-0.152543 0.790468 0.340874 1.830294 -1.508879 1.368240 1.119546 0.082026 -1.000000 
-0.146080 0.824703 0.355144 1.737260 -1.497842 1.390013 1.120164 0.072918 -1.000000 
-0.139355 0.856113 0.368669 1.643836 -1.486655 1.405610 1.120716 0.065116 -1.000000 
-0.132390 0.884736 0.381446 1.550496 -1.475368 1.415139 1.121209 0.058403 -1.000000 
-0.125206 0.910628 0.393478 1.457684 -1.464029 1.418748 1.121653 0.052601 -1.000000 
-0.117827 0.933864 0.404771 1.365814 -1.452683 1.416613 1.122053 0.047565 -1.000000 
-0.110271 0.954532 0.415335 1.275259 -1.441378 1.408937 1.122415 0.043175 -1.000000 
-0.102561 0.972737 0.425180 1.186358 -1.430155 1.395945 1.122745 0.039333 -1.000000 
-0.094714 0.988592 0.434321 1.099410 -1.419056 1.377881 1.123046 0.035956 -1.000000 
-0.086749 1.002219 0.442776 1.014674 -1.408121 1.355000 1.123321 0.032977 -1.000000 
-0.078684 1.013750 0.450563 0.932372 -1.397388 1.327570 1.123574 0.030341 -1.000000 
-0.070534 1.023317 0.457701 0.852685 -1.386892 1.295862 1.123808 0.027999 -1.000000 
-0.062316 1.031057 0.464213 0.775757 -1.376665 1.260152 1.124023 0.025914 -1.000000 
-0.054042 1.037108 0.470121 0.701695 -1.366739 1.220715 1.124223 0.024052 -1.000000 
-0.045726 1.041606 0.475448 0.630573 -1.357143 1.177824 1.124408 0.022386 -1.000000 
-0.037380 1.044684 0.480218 0.562430 -1.347903 1.131745 1.124581 0.020891 -1.000000 
-0.029015 1.046473 0.484455 0.497274 -1.339043 1.082738 1.124743 0.019549 -1.000000 
-0.020640 1.047098 0.488182 0.435083 -1.330586 1.031055 1.124895 0.018343 -1.000000 
-0.012264 1.046675 0.491424 0.375810 -1.322552 0.976937 1.125037 0.017258 -1.000000 
-0.003895 1.045316 0.494203 0.319381 -1.314961 0.920615 1.125171 0.016283 -1.000000 
0.004459 1.043122 0.496541 0.265701 -1.307828 0.862306 1.125298 0.015408 -1.000000 
0.012793 1.040187 0.498461 0.214655 -1.301169 0.802218 1.125418 0.014623 -1.000000 
0.021100 1.036593 0.499983 0.166107 -1.294997 0.740544 1.125532 0.013922 -1.000000 
0.029377 1.032415 0.501125 0.119907 -1.289324 0.677467 1.125641 0.013298 -1.000000 
0.037617 1.027714 0.501907 0.075891 -1.284160 0.613157 1.125745 0.012747 -1.000000 
0.045819 1.022542 0.502345 0.033882 -1.279516 0.547772 1.125845 0.012263 -1.000000 
0.053977 1.016939 0.502454 -0.006308 -1.275398 0.481461 1.125941 0.011843 -1.000000 
0.062089 1.010933 0.502248 -0.044874 -1.271815 0.414363 1.126035 0.011484 -1.000000 
0.070151 1.004541 0.501740 -0.082019 -1.268770 0.346606 1.126125 0.011184 -1.000000 
0.078160 0.997770 0.500939 -0.117952 -1.266270 0.278314 1.126214 0.010941 -1.000000 
0.086114 0.990613 0.499855 -0.152886 -1.264319 0.209600 1.126300 0.010753 -1.000000 
0.094009 0.983052 0.498495 -0.187036 -1.262918 0.140575 1.126386 0.010618 -1.000000 
0.101842 0.975059 0.496864 -0.220619 -1.262070 0.071345 1.126470 0.010537 -1.000000 
0.109609 0.966592 0.494966 -0.253850 -1.261776 0.002012 1.126555 0.010508 -1.000000 
0.117306 0.957601 0.492803 -0.286946 -1.262038 -0.067321 1.126639 0.010532 -1.000000 
0.124929 0.948024 0.490375 -0.320120 -1.262853 -0.136553 1.126723 0.010608 -1.000000 
0.132473 0.937787 0.487680 -0.353580 -1.264222 -0.205579 1.126809 0.010736 -1.000000 
0.139931 0.926808 0.484716 -0.387532 -1.266142 -0.274295 1.126895 0.010919 -1.000000 
0.147299 0.914994 0.481478 -0.422173 -1.268610 -0.342587 1.126983 0.011156 -1.000000 
0.154569 0.902244 0.477959 -0.457694 -1.271622 -0.410341 1.127074 0.011449 -1.000000 
0.161732 0.888447 0.474152 -0.494278 -1.275173 -0.477432 1.127167 0.011800 -1.000000 
0.168781 0.873485 0.470047 -0.532096 -1.279258 -0.543728 1.127263 0.012211 -1.000000 
0.175705 0.857232 0.465635 -0.571309 -1.283870 -0.609087 1.127362 0.012685 -1.000000 
0.182493 0.839556 0.460902 -0.612066 -1.289001 -0.673358 1.127466 0.013225 -1.000000 
0.189133 0.820320 0.455837 -0.654498 -1.294641 -0.736377 1.127574 0.013836 -1.000000 
0.195613 0.799383 0.450425 -0.698723 -1.300779 -0.797967 1.127687 0.014522 -1.000000 
0.201919 0.776599 0.444652 -0.744841 -1.307404 -0.857941 1.127807 0.015288 -1.000000 
0.208034 0.751823 0.438503 -0.792931 -1.314501 -0.916095 1.127932 0.016143 -1.000000 
0.213942 0.724909 0.431960 -0.843052 -1.322056 -0.972215 1.128065 0.017094 -1.000000 
0.219626 0.695711 0.425008 -0.895240 -1.330051 -1.026070 1.128206 0.018151 -1.000000 
0.225067 0.664088 0.417631 -0.949505 -1.338466 -1.077418 1.128356 0.019325 -1.000000 
0.230245 0.629905 0.409811 -1.005833 -1.347282 -1.126005 1.128516 0.020630 -1.000000 
0.235138 0.593031 0.401532 -1.064180 -1.356474 -1.171562 1.128686 0.022083 -1.000000 
0.239726 0.553348 0.392779 -1.124472 -1.366018 -1.213812 1.128869 0.023702 -1.000000 
0.243984 0.510748 0.383536 -1.186605 -1.375886 -1.252469 1.129066 0.025511 -1.000000 
0.247890 0.465138 0.373788 -1.250443 -1.386047 -1.287238 1.129278 0.027538 -1.000000 
0.251418 0.416443 0.363524 -1.315814 -1.396471 -1.317821 1.129507 0.029817 -1.000000 
0.254544 0.364604 0.352732 -1.382514 -1.407121 -1.343918 1.129756 0.032387 -1.000000 
0.257243 0.309587 0.341401 -1.450304 -1.417960 -1.365229 1.130026 0.035297 -1.000000 
0.259489 0.251381 0.329525 -1.518909 -1.428951 -1.381458 1.130322 0.038608 -1.000000 
0.261257 0.190002 0.317097 -1.588020 -1.440049 -1.392319 1.130645 0.042392 -1.000000 
0.262521 0.125493 0.304116 -1.657296 -1.451213 -1.397536 1.131002 0.046739 -1.000000 
0.263257 0.057931 0.290581 -1.726360 -1.462394 -1.396851 1.131395 0.051758 -1.000000 
0.263440 -0.012577 0.276496 -1.794808 -1.473546 -1.390025 1.131832 0.057587 -1.000000 
0.263048 -0.085890 0.261867 -1.862206 -1.484618 -1.376845 1.132319 0.064397 -1.000000 
0.262059 -0.161831 0.246705 -1.928096 -1.495558 -1.357129 1.132865 0.072402 -1.000000 
0.260452 -0.240189 0.231023 -1.991997 -1.506314 -1.330725 1.133481 0.081874 -1.000000 
0.258210 -0.320717 0.214839 -2.053412 -1.516832 -1.297523 1.134180 0.093153 -1.000000 
0.255316 -0.403134 0.198176 -2.111830 -1.527056 -1.257452 1.134978 0.106676 -1.000000 
0.251756 -0.487125 0.181059 -2.166734 -1.536932 -1.210487 1.135894 0.122996 -1.000000 
0.247518 -0.572343 0.163519 -2.217602 -1.546406 -1.156648 1.136955 0.142818 -1.000000 
0.242596 -0.658415 0.145590 -2.263915 -1.555421 -1.096003 1.138191 0.167036 -1.000000 
0.236983 -0.744938 0.127310 -2.305164 -1.563924 -1.028669 1.139642 0.196772 -1.000000 
0.230677 -0.831492 0.108722 -2.340851 -1.571862 -0.954809 1.141358 0.233410 -1.000000 
0.223680 -0.917634 0.089873 -2.370496 -1.579184 -0.874629 1.143400 0.278596 -1.000000 
0.215997 -1.002912 0.070812 -2.393638 -1.585840 -0.788373 1.145843 0.334172 -1.000000 
0.207637 -1.086862 0.051593 -2.409841 -1.591782 -0.696317 1.148779 0.401948 -1.000000 
0.198612 -1.169016 0.032274 -2.418688 -1.596966 -0.598762 1.152310 0.483195 -1.000000 
0.188939 -1.248899 0.012915 -2.419784 -1.601349 -0.496031 1.156546 0.577695 -1.000000 
0.178637 -1.326031 -0.006421 -2.412751 -1.604890 -0.388462 1.161581 0.682279 -1.000000 
0.167731 -1.399913 -0.025667 -2.397227 -1.607552 -0.276428 1.167469 0.789119 -1.000000 
0.156248 -1.470022 -0.044753 -2.372870 -1.609302 -0.160360 1.174178 0.884836 -1.000000 
0.144222 -1.535792 -0.063608 -2.339380 -1.610109 -0.040804 1.181550 0.952191 -1.000000 
0.131689 -1.596609 -0.082158 -2.296530 -1.609947 0.081526 1.189294 0.975524 -1.000000 
0.118691 -1.651829 -0.100328 -2.244210 -1.608799 0.205704 1.197022 0.947996 -1.000000 
0.105276 -1.700811 -0.118041 -2.182473 -1.606654 0.330602 1.204341 0.875489 -1.000000 
0.091496 -1.742970 -0.135223 -2.111554 -1.603511 0.454943 1.210951 0.773694 -1.000000 
0.077408 -1.777823 -0.151802 -2.031870 -1.599380 0.577389 1.216691 0.660791 -1.000000 
0.063072 -1.805016 -0.167711 -1.944002 -1.594281 0.696611 1.221534 0.551209 -1.000000 
0.000000 0.000000 0.000000 0.000000 0.000000 0.000000 0.000000 0.000000 0.000000 
