-0.420491 -0.526087 -0.183410 0.961643 -1.813249 0.040879 0.182195 0.169230 -1.000000 
-0.424617 -0.505450 -0.175686 0.969370 -1.812923 0.040566 0.183544 0.168053 -1.000000 
-0.428578 -0.484629 -0.167901 0.976720 -1.812600 0.040199 0.184884 0.166897 -1.000000 
-0.432371 -0.463633 -0.160059 0.983692 -1.812280 0.039778 0.186215 0.165766 -1.000000 
-0.435996 -0.442468 -0.152163 0.990281 -1.811964 0.039303 0.187536 0.164659 -1.000000 
-0.439450 -0.421144 -0.144216 0.996487 -1.811652 0.038776 0.188849 0.163577 -1.000000 
-0.442733 -0.399668 -0.136220 1.002306 -1.811344 0.038195 0.190154 0.162523 -1.000000 
-0.445844 -0.378048 -0.128180 1.007736 -1.811041 0.037564 0.191450 0.161496 -1.000000 
-0.448782 -0.356293 -0.120098 1.012776 -1.810743 0.036882 0.192738 0.160498 -1.000000 
-0.451545 -0.334410 -0.111977 1.017424 -1.810451 0.036150 0.194018 0.159529 -1.000000 
-0.454132 -0.312409 -0.103820 1.021677 -1.810164 0.035369 0.195290 0.158590 -1.000000 
-0.456543 -0.290297 -0.095631 1.025535 -1.809885 0.034541 0.196555 0.157682 -1.000000 
-0.458777 -0.268082 -0.087412 1.028996 -1.809612 0.033666 0.197813 0.156806 -1.000000 
-0.460832 -0.245774 -0.079168 1.032058 -1.809346 0.032746 0.199064 0.155961 -1.000000 
-0.462709 -0.223379 -0.070901 1.034721 -1.809088 0.031782 0.200309 0.155149 -1.000000 
-0.464406 -0.200908 -0.062613 1.036984 -1.808838 0.030775 0.201547 0.154371 -1.000000 
-0.465923 -0.178367 -0.054310 1.038845 -1.808596 0.029727 0.202779 0.153625 -1.000000 
-0.467260 -0.155766 -0.045993 1.040305 -1.808362 0.028639 0.204005 0.152914 -1.000000 
-0.468415 -0.133112 -0.037666 1.041362 -1.808138 0.027513 0.205226 0.152238 -1.000000 
-0.469389 -0.110415 -0.029332 1.042016 -1.807922 0.026351 0.206441 0.151596 -1.000000 
-0.470182 -0.087682 -0.020995 1.042266 -1.807716 0.025153 0.207651 0.150989 -1.000000 
-0.470792 -0.064922 -0.012657 1.042114 -1.807520 0.023923 0.208857 0.150418 -1.000000 
-0.471220 -0.042144 -0.004322 1.041557 -1.807333 0.022661 0.210058 0.149883 -1.000000 
-0.471466 -0.019355 0.004007 1.040598 -1.807157 0.021369 0.211255 0.149383 -1.000000 
-0.471530 0.003435 0.012326 1.039236 -1.806992 0.020049 0.212448 0.148920 -1.000000 
-0.471411 0.026219 0.020633 1.037471 -1.806837 0.018704 0.213638 0.148494 -1.000000 
-0.471111 0.048987 0.028925 1.035304 -1.806692 0.017335 0.214824 0.148104 -1.000000 
-0.470628 0.071732 0.037197 1.032736 -1.806559 0.015944 0.216008 0.147752 -1.000000 
-0.469963 0.094445 0.045448 1.029767 -1.806437 0.014533 0.217188 0.147436 -1.000000 
-0.469117 0.117118 0.053672 1.026398 -1.806327 0.013104 0.218367 0.147158 -1.000000 
-0.468089 0.139742 0.061869 1.022631 -1.806228 0.011659 0.219543 0.146918 -1.000000 
-0.466881 0.162309 0.070034 1.018466 -1.806140 0.010201 0.220717 0.146715 -1.000000 
-0.465492 0.184811 0.078163 1.013906 -1.806065 0.008732 0.221890 0.146550 -1.000000 
-0.463924 0.207239 0.086255 1.008950 -1.806001 0.007253 0.223062 0.146422 -1.000000 
-0.462177 0.229585 0.094305 1.003602 -1.805949 0.005767 0.224233 0.146333 -1.000000 
-0.460251 0.251840 0.102312 0.997863 -1.805908 0.004276 0.225404 0.146282 -1.000000 
-0.458148 0.273997 0.110270 0.991733 -1.805880 0.002782 0.226574 0.146270 -1.000000 
-0.455867 0.296048 0.118178 0.985217 -1.805864 0.001288 0.227744 0.146296 -1.000000 
-0.453411 0.317983 0.126033 0.978315 -1.805860 -0.000205 0.228915 0.146360 -1.000000 
-0.450780 0.339794 0.133830 0.971030 -1.805867 -0.001693 0.230086 0.146463 -1.000000 
-0.447975 0.361475 0.141568 0.963364 -1.805887 -0.003175 0.231258 0.146604 -1.000000 
-0.444997 0.383016 0.149243 0.955320 -1.805918 -0.004649 0.232432 0.146785 -1.000000 
-0.441847 0.404409 0.156852 0.946900 -1.805961 -0.006112 0.233607 0.147004 -1.000000 
-0.438527 0.425646 0.164392 0.938107 -1.806016 -0.007563 0.234784 0.147262 -1.000000 
-0.435037 0.446719 0.171861 0.928944 -1.806082 -0.008998 0.235963 0.147559 -1.000000 
-0.431380 0.467620 0.179255 0.919415 -1.806160 -0.010416 0.237145 0.147895 -1.000000 
-0.427556 0.488342 0.186571 0.909521 -1.806249 -0.011815 0.238330 0.148270 -1.000000 
-0.423567 0.508875 0.193806 0.899266 -1.806349 -0.013192 0.239517 0.148684 -1.000000 
-0.419414 0.529213 0.200958 0.888655 -1.806460 -0.014546 0.240709 0.149137 -1.000000 
-0.415100 0.549347 0.208024 0.877690 -1.806581 -0.015874 0.241904 0.149629 -1.000000 
-0.410625 0.569270 0.215000 0.866374 -1.806713 -0.017175 0.243103 0.150160 -1.000000 
-0.405992 0.588973 0.221885 0.854713 -1.806856 -0.018445 0.244306 0.150730 -1.000000 
-0.401202 0.608449 0.228674 0.842709 -1.807009 -0.019684 0.245515 0.151339 -1.000000 
-0.396258 0.627691 0.235367 0.830366 -1.807171 -0.020889 0.246728 0.151987 -1.000000 
-0.391160 0.646690 0.241959 0.817690 -1.807343 -0.022059 0.247947 0.152674 -1.000000 
-0.385911 0.665439 0.248449 0.804684 -1.807524 -0.023192 0.249171 0.153399 -1.000000 
-0.380514 0.683931 0.254834 0.791353 -1.807714 -0.024285 0.250401 0.154163 -1.000000 
-0.374969 0.702157 0.261110 0.777701 -1.807912 -0.025338 0.251638 0.154965 -1.000000 
-0.369280 0.720112 0.267276 0.763732 -1.808119 -0.026348 0.252881 0.155805 -1.000000 
-0.363448 0.737786 0.273329 0.749453 -1.808334 -0.027314 0.254130 0.156683 -1.000000 
-0.357476 0.755173 0.279266 0.734867 -1.808556 -0.028234 0.255388 0.157598 -1.000000 
-0.351366 0.772266 0.285086 0.719981 -1.808785 -0.029107 0.256652 0.158551 -1.000000 
-0.345120 0.789058 0.290785 0.704798 -1.809021 -0.029932 0.257925 0.159540 -1.000000 
-0.338742 0.805541 0.296362 0.689325 -1.809264 -0.030706 0.259205 0.160566 -1.000000 
-0.332233 0.821709 0.301814 0.673567 -1.809513 -0.031430 0.260494 0.161627 -1.000000 
-0.325595 0.837554 0.307138 0.657529 -1.809767 -0.032101 0.261791 0.162724 -1.000000 
-0.318833 0.853070 0.312333 0.641218 -1.810026 -0.032718 0.263097 0.163855 -1.000000 
-0.311947 0.868249 0.317397 0.624640 -1.810290 -0.033280 0.264413 0.165020 -1.000000 
-0.304942 0.883087 0.322327 0.607800 -1.810558 -0.033787 0.265738 0.166218 -1.000000 
-0.297819 0.897574 0.327121 0.590704 -1.810831 -0.034238 0.267072 0.167448 -1.000000 
-0.290581 0.911706 0.331778 0.573359 -1.811106 -0.034631 0.268417 0.168710 -1.000000 
-0.283232 0.925476 0.336294 0.555772 -1.811384 -0.034966 0.269772 0.170002 -1.000000 
-0.275775 0.938878 0.340669 0.537948 -1.811665 -0.035242 0.271137 0.171323 -1.000000 
-0.268211 0.951905 0.344901 0.519895 -1.811948 -0.035460 0.272513 0.172672 -1.000000 
-0.260545 0.964552 0.348987 0.501620 -1.812233 -0.035617 0.273900 0.174048 -1.000000 
-0.252780 0.976812 0.352926 0.483129 -1.812518 -0.035714 0.275298 0.175449 -1.000000 
-0.244917 0.988679 0.356717 0.464429 -1.812804 -0.035751 0.276707 0.176874 -1.000000 
-0.236962 1.000149 0.360356 0.445528 -1.813090 -0.035727 0.278128 0.178321 -1.000000 
-0.228916 1.011215 0.363844 0.426433 -1.813375 -0.035642 0.279560 0.179788 -1.000000 
-0.220783 1.021872 0.367179 0.407151 -1.813660 -0.035497 0.281005 0.181274 -1.000000 
-0.212567 1.032115 0.370358 0.387690 -1.813943 -0.035290 0.282461 0.182777 -1.000000 
-0.204271 1.041939 0.373381 0.368058 -1.814224 -0.035024 0.283929 0.184294 -1.000000 
-0.195897 1.051338 0.376247 0.348262 -1.814503 -0.034697 0.285409 0.185823 -1.000000 
-0.187450 1.060308 0.378953 0.328311 -1.814779 -0.034310 0.286902 0.187362 -1.000000 
-0.178933 1.068844 0.381499 0.308212 -1.815052 -0.033864 0.288407 0.188909 -1.000000 
-0.170350 1.076942 0.383884 0.287974 -1.815321 -0.033358 0.289925 0.190461 -1.000000 
-0.161704 1.084597 0.386107 0.267605 -1.815586 -0.032795 0.291455 0.192015 -1.000000 
-0.152998 1.091805 0.388166 0.247113 -1.815846 -0.032174 0.292997 0.193568 -1.000000 
-0.144236 1.098562 0.390060 0.226506 -1.816100 -0.031496 0.294552 0.195118 -1.000000 
-0.135422 1.104864 0.391789 0.205794 -1.816349 -0.030762 0.296119 0.196661 -1.000000 
-0.126559 1.110708 0.393353 0.184984 -1.816592 -0.029974 0.297698 0.198195 -1.000000 
-0.117652 1.116090 0.394749 0.164086 -1.816829 -0.029131 0.299290 0.199716 -1.000000 
-0.108703 1.121006 0.395978 0.143109 -1.817058 -0.028236 0.300894 0.201220 -1.000000 
-0.099717 1.125454 0.397039 0.122060 -1.817280 -0.027290 0.302509 0.202705 -1.000000 
-0.090697 1.129431 0.397931 0.100950 -1.817495 -0.026294 0.304137 0.204166 -1.000000 
-0.081647 1.132934 0.398654 0.079788 -1.817701 -0.025249 0.305776 0.205601 -1.000000 
-0.072571 1.135960 0.399207 0.058582 -1.817899 -0.024158 0.307426 0.207005 -1.000000 
-0.063473 1.138507 0.399591 0.037341 -1.818087 -0.023021 0.309088 0.208376 -1.000000 
-0.054357 1.140574 0.399804 0.016076 -1.818267 -0.021840 0.310760 0.209709 -1.000000 
-0.045225 1.142158 0.399848 -0.005205 -1.818437 -0.020617 0.312443 0.211001 -1.000000 
-0.036083 1.143258 0.399721 -0.026493 -1.818597 -0.019354 0.314136 0.212248 -1.000000 
-0.026935 1.143872 0.399424 -0.047777 -1.818746 -0.018053 0.315839 0.213447 -1.000000 
-0.017783 1.143998 0.398957 -0.069049 -1.818885 -0.016715 0.317551 0.214594 -1.000000 
-0.008632 1.143638 0.398319 -0.090299 -1.819014 -0.015343 0.319272 0.215686 -1.000000 
0.000514 1.142788 0.397512 -0.111517 -1.819131 -0.013939 0.321002 0.216719 -1.000000 
0.009651 1.141449 0.396535 -0.132693 -1.819237 -0.012505 0.322740 0.217691 -1.000000 
0.018776 1.139621 0.395389 -0.153820 -1.819331 -0.011043 0.324485 0.218597 -1.000000 
0.027884 1.137304 0.394074 -0.174885 -1.819413 -0.009556 0.326237 0.219436 -1.000000 
0.036972 1.134497 0.392591 -0.195881 -1.819484 -0.008045 0.327996 0.220204 -1.000000 
0.046035 1.131202 0.390940 -0.216797 -1.819542 -0.006514 0.329760 0.220899 -1.000000 
0.055070 1.127418 0.389123 -0.237624 -1.819588 -0.004964 0.331530 0.221518 -1.000000 
0.064072 1.123148 0.387139 -0.258352 -1.819621 -0.003398 0.333304 0.222059 -1.000000 
0.073039 1.118391 0.384989 -0.278972 -1.819642 -0.001818 0.335083 0.222520 -1.000000 
0.081965 1.113150 0.382675 -0.299473 -1.819650 -0.000228 0.336864 0.222901 -1.000000 
0.090848 1.107427 0.380198 -0.319847 -1.819646 0.001371 0.338649 0.223198 -1.000000 
0.099683 1.101222 0.377558 -0.340085 -1.819628 0.002976 0.340435 0.223412 -1.000000 
0.108466 1.094540 0.374757 -0.360175 -1.819598 0.004584 0.342223 0.223541 -1.000000 
0.117194 1.087380 0.371796 -0.380110 -1.819555 0.006193 0.344012 0.223585 -1.000000 
0.125863 1.079748 0.368676 -0.399879 -1.819499 0.007800 0.345800 0.223543 -1.000000 
0.134469 1.071645 0.365398 -0.419474 -1.819430 0.009403 0.347588 0.223416 -1.000000 
0.143008 1.063074 0.361965 -0.438886 -1.819349 0.010998 0.349375 0.223204 -1.000000 
0.151477 1.054040 0.358377 -0.458104 -1.819254 0.012583 0.351159 0.222908 -1.000000 
0.159871 1.044545 0.354636 -0.477120 -1.819147 0.014156 0.352941 0.222528 -1.000000 
0.168188 1.034595 0.350743 -0.495925 -1.819028 0.015714 0.354720 0.222066 -1.000000 
0.176424 1.024192 0.346701 -0.514511 -1.818896 0.017255 0.356494 0.221524 -1.000000 
0.184574 1.013341 0.342512 -0.532867 -1.818752 0.018775 0.358264 0.220903 -1.000000 
0.192636 1.002047 0.338176 -0.550986 -1.818596 0.020272 0.360028 0.220205 -1.000000 
0.200606 0.990315 0.333697 -0.568859 -1.818428 0.021744 0.361787 0.219433 -1.000000 
0.208480 0.978149 0.329075 -0.586478 -1.818248 0.023188 0.363539 0.218589 -1.000000 
0.216255 0.965556 0.324314 -0.603834 -1.818057 0.024602 0.365284 0.217676 -1.000000 
0.223928 0.952540 0.319414 -0.620919 -1.817854 0.025983 0.367022 0.216696 -1.000000 
0.231494 0.939108 0.314380 -0.637725 -1.817641 0.027330 0.368751 0.215654 -1.000000 
0.238952 0.925266 0.309212 -0.654243 -1.817417 0.028639 0.370472 0.214551 -1.000000 
0.246298 0.911019 0.303913 -0.670467 -1.817183 0.029908 0.372184 0.213393 -1.000000 
0.253527 0.896374 0.298485 -0.686388 -1.816939 0.031135 0.373886 0.212181 -1.000000 
0.260639 0.881338 0.292931 -0.701999 -1.816685 0.032319 0.375578 0.210920 -1.000000 
0.267628 0.865917 0.287254 -0.717293 -1.816422 0.033456 0.377261 0.209613 -1.000000 
0.274492 0.850119 0.281455 -0.732263 -1.816150 0.034545 0.378932 0.208264 -1.000000 
0.281229 0.833951 0.275538 -0.746900 -1.815869 0.035585 0.380593 0.206877 -1.000000 
0.287834 0.817419 0.269506 -0.761200 -1.815580 0.036572 0.382242 0.205455 -1.000000 
0.294306 0.800532 0.263360 -0.775154 -1.815284 0.037506 0.383880 0.204003 -1.000000 
0.300642 0.783298 0.257104 -0.788757 -1.814980 0.038385 0.385506 0.202524 -1.000000 
0.306838 0.765723 0.250741 -0.802001 -1.814670 0.039207 0.387120 0.201021 -1.000000 
0.312893 0.747817 0.244273 -0.814882 -1.814353 0.039970 0.388722 0.199499 -1.000000 
0.318803 0.729587 0.237704 -0.827393 -1.814031 0.040674 0.390312 0.197961 -1.000000 
0.324565 0.711042 0.231036 -0.839528 -1.813703 0.041316 0.391890 0.196411 -1.000000 
0.330178 0.692190 0.224272 -0.851282 -1.813370 0.041897 0.393455 0.194851 -1.000000 
0.335640 0.673040 0.217416 -0.862650 -1.813033 0.042413 0.395007 0.193286 -1.000000 
0.340946 0.653601 0.210471 -0.873625 -1.812691 0.042866 0.396547 0.191719 -1.000000 
0.346096 0.633881 0.203439 -0.884204 -1.812347 0.043253 0.398075 0.190152 -1.000000 
0.351088 0.613890 0.196325 -0.894382 -1.811999 0.043574 0.399590 0.188589 -1.000000 
0.355918 0.593636 0.189130 -0.904153 -1.811650 0.043829 0.401092 0.187033 -1.000000 
0.360585 0.573129 0.181860 -0.913514 -1.811298 0.044016 0.402582 0.185487 -1.000000 
0.365087 0.552379 0.174515 -0.922461 -1.810946 0.044135 0.404060 0.183952 -1.000000 
0.369423 0.531394 0.167101 -0.930989 -1.810592 0.044186 0.405526 0.182433 -1.000000 
0.373589 0.510184 0.159621 -0.939095 -1.810239 0.044169 0.406979 0.180930 -1.000000 
0.377585 0.488759 0.152077 -0.946774 -1.809886 0.044084 0.408421 0.179447 -1.000000 
0.381409 0.467128 0.144473 -0.954025 -1.809534 0.043930 0.409850 0.177986 -1.000000 
0.385058 0.445301 0.136814 -0.960844 -1.809183 0.043708 0.411268 0.176548 -1.000000 
0.388533 0.423288 0.129101 -0.967227 -1.808835 0.043418 0.412675 0.175136 -1.000000 
0.391831 0.401098 0.121339 -0.973172 -1.808489 0.043060 0.414071 0.173752 -1.000000 
0.394950 0.378742 0.113531 -0.978676 -1.808146 0.042636 0.415455 0.172396 -1.000000 
0.397890 0.356230 0.105682 -0.983738 -1.807807 0.042144 0.416829 0.171071 -1.000000 
0.400649 0.333572 0.097793 -0.988355 -1.807472 0.041587 0.418192 0.169779 -1.000000 
0.403227 0.310777 0.089869 -0.992524 -1.807141 0.040965 0.419546 0.168520 -1.000000 
0.405621 0.287856 0.081914 -0.996245 -1.806816 0.040280 0.420889 0.167296 -1.000000 
0.407832 0.264818 0.073930 -0.999516 -1.806497 0.039531 0.422222 0.166107 -1.000000 
0.409858 0.241675 0.065923 -1.002335 -1.806184 0.038720 0.423547 0.164956 -1.000000 
0.411699 0.218436 0.057894 -1.004701 -1.805878 0.037849 0.424862 0.163843 -1.000000 
0.413353 0.195111 0.049849 -1.006614 -1.805579 0.036919 0.426168 0.162770 -1.000000 
0.414820 0.171710 0.041790 -1.008072 -1.805287 0.035931 0.427466 0.161736 -1.000000 
0.416100 0.148245 0.033721 -1.009075 -1.805004 0.034887 0.428756 0.160742 -1.000000 
0.417192 0.124724 0.025646 -1.009623 -1.804729 0.033789 0.430038 0.159790 -1.000000 
0.418096 0.101158 0.017568 -1.009715 -1.804463 0.032638 0.431313 0.158881 -1.000000 
0.418811 0.077558 0.009491 -1.009351 -1.804207 0.031436 0.432580 0.158013 -1.000000 
0.419337 0.053933 0.001420 -1.008532 -1.803961 0.030186 0.433841 0.157190 -1.000000 
0.419673 0.030295 -0.006644 -1.007257 -1.803724 0.028890 0.435096 0.156409 -1.000000 
0.419821 0.006652 -0.014695 -1.005528 -1.803499 0.027548 0.436344 0.155674 -1.000000 
0.419780 -0.016985 -0.022731 -1.003345 -1.803284 0.026165 0.437586 0.154982 -1.000000 
0.419550 -0.040605 -0.030748 -1.000708 -1.803080 0.024741 0.438824 0.154336 -1.000000 
0.419130 -0.064199 -0.038741 -0.997620 -1.802888 0.023280 0.440056 0.153735 -1.000000 
0.418522 -0.087756 -0.046708 -0.994081 -1.802708 0.021784 0.441284 0.153180 -1.000000 
0.417726 -0.111266 -0.054645 -0.990092 -1.802539 0.020256 0.442507 0.152671 -1.000000 
0.416742 -0.134720 -0.062549 -0.985655 -1.802384 0.018697 0.443726 0.152208 -1.000000 
0.415571 -0.158107 -0.070415 -0.980772 -1.802240 0.017111 0.444942 0.151791 -1.000000 
0.414213 -0.181416 -0.078240 -0.975445 -1.802110 0.015500 0.446155 0.151422 -1.000000 
0.412669 -0.204639 -0.086021 -0.969675 -1.801992 0.013867 0.447365 0.151099 -1.000000 
0.410939 -0.227765 -0.093753 -0.963466 -1.801888 0.012215 0.448573 0.150824 -1.000000 
0.409025 -0.250784 -0.101435 -0.956819 -1.801797 0.010547 0.449779 0.150596 -1.000000 
0.406927 -0.273686 -0.109061 -0.949737 -1.801719 0.008865 0.450983 0.150415 -1.000000 
0.404646 -0.296461 -0.116630 -0.942223 -1.801655 0.007172 0.452185 0.150283 -1.000000 
0.402184 -0.319100 -0.124136 -0.934279 -1.801605 0.005472 0.453387 0.150198 -1.000000 
0.399541 -0.341592 -0.131577 -0.925909 -1.801568 0.003767 0.454589 0.150162 -1.000000 
0.396719 -0.363928 -0.138949 -0.917115 -1.801544 0.002060 0.455790 0.150173 -1.000000 
0.393718 -0.386099 -0.146250 -0.907902 -1.801535 0.000355 0.456992 0.150234 -1.000000 
0.390541 -0.408094 -0.153475 -0.898273 -1.801539 -0.001347 0.458194 0.150342 -1.000000 
0.387189 -0.429904 -0.160621 -0.888232 -1.801556 -0.003042 0.459397 0.150500 -1.000000 
0.383664 -0.451519 -0.167685 -0.877781 -1.801587 -0.004726 0.460602 0.150706 -1.000000 
0.379966 -0.472930 -0.174664 -0.866926 -1.801632 -0.006398 0.461809 0.150961 -1.000000 
0.376097 -0.494127 -0.181555 -0.855671 -1.801690 -0.008053 0.463017 0.151266 -1.000000 
0.372060 -0.515101 -0.188354 -0.844020 -1.801761 -0.009690 0.464229 0.151619 -1.000000 
0.367856 -0.535843 -0.195058 -0.831977 -1.801845 -0.011305 0.465443 0.152022 -1.000000 
0.363487 -0.556342 -0.201665 -0.819547 -1.801941 -0.012895 0.466661 0.152474 -1.000000 
0.358955 -0.576591 -0.208170 -0.806735 -1.802051 -0.014458 0.467883 0.152976 -1.000000 
0.354263 -0.596579 -0.214571 -0.793546 -1.802173 -0.015991 0.469109 0.153527 -1.000000 
0.349411 -0.616297 -0.220866 -0.779985 -1.802307 -0.017491 0.470340 0.154128 -1.000000 
0.344403 -0.635737 -0.227050 -0.766058 -1.802452 -0.018955 0.471575 0.154779 -1.000000 
0.339240 -0.654890 -0.233122 -0.751769 -1.802610 -0.020380 0.472816 0.155479 -1.000000 
0.333925 -0.673746 -0.239077 -0.737126 -1.802778 -0.021765 0.474063 0.156228 -1.000000 
0.328461 -0.692296 -0.244915 -0.722132 -1.802958 -0.023106 0.475316 0.157027 -1.000000 
0.322849 -0.710533 -0.250631 -0.706795 -1.803148 -0.024401 0.476576 0.157876 -1.000000 
0.317093 -0.728447 -0.256223 -0.691121 -1.803348 -0.025648 0.477842 0.158774 -1.000000 
0.311195 -0.746029 -0.261688 -0.675116 -1.803558 -0.026844 0.479116 0.159721 -1.000000 
0.305157 -0.763271 -0.267024 -0.658786 -1.803778 -0.027988 0.480398 0.160717 -1.000000 
0.298984 -0.780165 -0.272227 -0.642138 -1.804006 -0.029076 0.481688 0.161761 -1.000000 
0.292676 -0.796702 -0.277297 -0.625180 -1.804243 -0.030107 0.482986 0.162854 -1.000000 
0.286237 -0.812873 -0.282230 -0.607917 -1.804487 -0.031079 0.484294 0.163994 -1.000000 
0.279671 -0.828672 -0.287023 -0.590357 -1.804740 -0.031990 0.485610 0.165182 -1.000000 
0.272980 -0.844090 -0.291674 -0.572508 -1.804999 -0.032839 0.486937 0.166417 -1.000000 
0.266166 -0.859118 -0.296182 -0.554377 -1.805265 -0.033623 0.488273 0.167698 -1.000000 
0.259235 -0.873749 -0.300544 -0.535971 -1.805537 -0.034341 0.489620 0.169024 -1.000000 
0.252188 -0.887976 -0.304757 -0.517299 -1.805814 -0.034991 0.490978 0.170395 -1.000000 
0.245028 -0.901791 -0.308820 -0.498369 -1.806097 -0.035573 0.492346 0.171810 -1.000000 
0.237760 -0.915186 -0.312730 -0.479188 -1.806383 -0.036085 0.493727 0.173267 -1.000000 
0.230386 -0.928154 -0.316486 -0.459766 -1.806674 -0.036525 0.495119 0.174765 -1.000000 
0.222911 -0.940687 -0.320086 -0.440110 -1.806967 -0.036894 0.496523 0.176304 -1.000000 
0.215337 -0.952780 -0.323527 -0.420229 -1.807264 -0.037189 0.497940 0.177882 -1.000000 
0.207667 -0.964425 -0.326809 -0.400132 -1.807562 -0.037411 0.499369 0.179496 -1.000000 
0.199907 -0.975615 -0.329929 -0.379829 -1.807862 -0.037559 0.500812 0.181146 -1.000000 
0.192059 -0.986344 -0.332886 -0.359328 -1.808163 -0.037631 0.502268 0.182829 -1.000000 
0.184127 -0.996606 -0.335678 -0.338639 -1.808464 -0.037629 0.503737 0.184544 -1.000000 
0.176114 -1.006393 -0.338303 -0.317770 -1.808765 -0.037551 0.505220 0.186287 -1.000000 
0.168026 -1.015702 -0.340762 -0.296733 -1.809065 -0.037398 0.506718 0.188057 -1.000000 
0.159864 -1.024524 -0.343051 -0.275536 -1.809363 -0.037169 0.508229 0.189851 -1.000000 
0.151635 -1.032856 -0.345170 -0.254190 -1.809659 -0.036865 0.509755 0.191666 -1.000000 
0.143340 -1.040691 -0.347117 -0.232704 -1.809953 -0.036486 0.511296 0.193500 -1.000000 
0.134985 -1.048025 -0.348893 -0.211090 -1.810243 -0.036032 0.512851 0.195348 -1.000000 
0.126573 -1.054851 -0.350495 -0.189356 -1.810529 -0.035505 0.514422 0.197207 -1.000000 
0.118109 -1.061167 -0.351922 -0.167514 -1.810811 -0.034905 0.516007 0.199075 -1.000000 
0.109596 -1.066967 -0.353174 -0.145575 -1.811087 -0.034232 0.517607 0.200946 -1.000000 
0.101039 -1.072246 -0.354251 -0.123548 -1.811358 -0.033488 0.519222 0.202817 -1.000000 
0.092441 -1.077001 -0.355151 -0.101446 -1.811623 -0.032674 0.520852 0.204684 -1.000000 
0.083808 -1.081228 -0.355874 -0.079279 -1.811881 -0.031790 0.522497 0.206543 -1.000000 
0.075143 -1.084924 -0.356419 -0.057057 -1.812131 -0.030840 0.524157 0.208388 -1.000000 
0.066451 -1.088085 -0.356787 -0.034793 -1.812374 -0.029823 0.525831 0.210215 -1.000000 
0.057735 -1.090707 -0.356976 -0.012498 -1.812608 -0.028742 0.527520 0.212020 -1.000000 
0.049001 -1.092790 -0.356987 0.009817 -1.812834 -0.027599 0.529223 0.213796 -1.000000 
0.040252 -1.094329 -0.356819 0.032141 -1.813050 -0.026395 0.530941 0.215540 -1.000000 
0.031493 -1.095323 -0.356472 0.054462 -1.813256 -0.025132 0.532672 0.217246 -1.000000 
0.022728 -1.095770 -0.355948 0.076768 -1.813452 -0.023813 0.534416 0.218908 -1.000000 
0.013962 -1.095668 -0.355244 0.099048 -1.813637 -0.022439 0.536174 0.220522 -1.000000 
0.005199 -1.095016 -0.354363 0.121289 -1.813811 -0.021014 0.537945 0.222082 -1.000000 
-0.003557 -1.093814 -0.353304 0.143481 -1.813973 -0.019539 0.539727 0.223582 -1.000000 
-0.012301 -1.092059 -0.352067 0.165610 -1.814123 -0.018018 0.541522 0.225018 -1.000000 
-0.021028 -1.089753 -0.350654 0.187666 -1.814261 -0.016452 0.543327 0.226384 -1.000000 
-0.029735 -1.086894 -0.349065 0.209637 -1.814386 -0.014845 0.545144 0.227676 -1.000000 
-0.038417 -1.083484 -0.347300 0.231510 -1.814498 -0.013200 0.546970 0.228888 -1.000000 
-0.047069 -1.079523 -0.345361 0.253273 -1.814597 -0.011520 0.548806 0.230016 -1.000000 
-0.055688 -1.075011 -0.343248 0.274915 -1.814683 -0.009806 0.550650 0.231055 -1.000000 
-0.064268 -1.069951 -0.340963 0.296424 -1.814754 -0.008064 0.552502 0.232001 -1.000000 
-0.072806 -1.064343 -0.338506 0.317787 -1.814812 -0.006296 0.554362 0.232850 -1.000000 
-0.081296 -1.058189 -0.335879 0.338994 -1.814855 -0.004504 0.556228 0.233599 -1.000000 
-0.089735 -1.051493 -0.333082 0.360031 -1.814884 -0.002693 0.558099 0.234244 -1.000000 
-0.098119 -1.044255 -0.330119 0.380888 -1.814898 -0.000866 0.559975 0.234783 -1.000000 
-0.106442 -1.036481 -0.326989 0.401552 -1.814897 0.000973 0.561855 0.235213 -1.000000 
-0.114701 -1.028172 -0.323694 0.422013 -1.814882 0.002822 0.563738 0.235533 -1.000000 
-0.122891 -1.019332 -0.320237 0.442258 -1.814852 0.004677 0.565624 0.235740 -1.000000 
-0.131009 -1.009966 -0.316619 0.462275 -1.814807 0.006533 0.567510 0.235834 -1.000000 
-0.139049 -1.000077 -0.312841 0.482055 -1.814748 0.008389 0.569397 0.235814 -1.000000 
-0.147009 -0.989670 -0.308907 0.501584 -1.814673 0.010239 0.571283 0.235680 -1.000000 
-0.154883 -0.978751 -0.304817 0.520853 -1.814584 0.012081 0.573167 0.235433 -1.000000 
-0.162667 -0.967324 -0.300574 0.539850 -1.814480 0.013910 0.575049 0.235073 -1.000000 
-0.170359 -0.955395 -0.296180 0.558564 -1.814361 0.015724 0.576928 0.234602 -1.000000 
-0.177952 -0.942970 -0.291637 0.576985 -1.814228 0.017519 0.578803 0.234022 -1.000000 
-0.185445 -0.930056 -0.286949 0.595102 -1.814081 0.019291 0.580672 0.233336 -1.000000 
-0.192832 -0.916659 -0.282117 0.612904 -1.813920 0.021036 0.582536 0.232545 -1.000000 
-0.200110 -0.902786 -0.277143 0.630381 -1.813745 0.022752 0.584393 0.231653 -1.000000 
-0.207275 -0.888444 -0.272031 0.647524 -1.813556 0.024434 0.586242 0.230664 -1.000000 
-0.214324 -0.873640 -0.266784 0.664323 -1.813354 0.026079 0.588083 0.229581 -1.000000 
-0.221252 -0.858383 -0.261403 0.680767 -1.813139 0.027685 0.589915 0.228410 -1.000000 
-0.228057 -0.842681 -0.255892 0.696848 -1.812911 0.029247 0.591737 0.227153 -1.000000 
-0.234734 -0.826542 -0.250255 0.712556 -1.812671 0.030763 0.593549 0.225817 -1.000000 
-0.241280 -0.809974 -0.244493 0.727882 -1.812419 0.032229 0.595350 0.224406 -1.000000 
-0.247693 -0.792987 -0.238610 0.742818 -1.812155 0.033642 0.597140 0.222925 -1.000000 
-0.253967 -0.775590 -0.232609 0.757354 -1.811881 0.035000 0.598917 0.221380 -1.000000 
-0.260101 -0.757793 -0.226493 0.771484 -1.811596 0.036300 0.600681 0.219776 -1.000000 
-0.266091 -0.739604 -0.220266 0.785198 -1.811300 0.037538 0.602433 0.218118 -1.000000 
-0.271934 -0.721034 -0.213931 0.798490 -1.810995 0.038713 0.604171 0.216412 -1.000000 
-0.277626 -0.702093 -0.207491 0.811350 -1.810681 0.039821 0.605896 0.214665 -1.000000 
-0.283166 -0.682792 -0.200950 0.823774 -1.810358 0.040860 0.607606 0.212880 -1.000000 
-0.288550 -0.663141 -0.194312 0.835752 -1.810027 0.041829 0.609302 0.211064 -1.000000 
-0.293775 -0.643150 -0.187580 0.847280 -1.809689 0.042724 0.610983 0.209222 -1.000000 
-0.298840 -0.622831 -0.180757 0.858349 -1.809344 0.043545 0.612649 0.207359 -1.000000 
-0.303740 -0.602196 -0.173847 0.868955 -1.808993 0.044289 0.614300 0.205480 -1.000000 
-0.308474 -0.581254 -0.166855 0.879092 -1.808636 0.044954 0.615937 0.203592 -1.000000 
-0.313039 -0.560018 -0.159783 0.888753 -1.808274 0.045539 0.617558 0.201697 -1.000000 
-0.317433 -0.538500 -0.152636 0.897934 -1.807907 0.046043 0.619164 0.199801 -1.000000 
-0.321654 -0.516711 -0.145417 0.906630 -1.807537 0.046464 0.620755 0.197909 -1.000000 
-0.325700 -0.494663 -0.138131 0.914836 -1.807164 0.046801 0.622330 0.196025 -1.000000 
-0.329568 -0.472367 -0.130781 0.922548 -1.806789 0.047054 0.623891 0.194152 -1.000000 
-0.333257 -0.449837 -0.123372 0.929762 -1.806411 0.047221 0.625437 0.192295 -1.000000 
-0.336765 -0.427084 -0.115907 0.936473 -1.806033 0.047303 0.626968 0.190458 -1.000000 
-0.340090 -0.404121 -0.108390 0.942679 -1.805655 0.047299 0.628484 0.188644 -1.000000 
-0.343231 -0.380960 -0.100825 0.948376 -1.805277 0.047208 0.629986 0.186856 -1.000000 
-0.346185 -0.357614 -0.093217 0.953562 -1.804900 0.047031 0.631474 0.185097 -1.000000 
-0.348952 -0.334094 -0.085569 0.958234 -1.804524 0.046768 0.632948 0.183371 -1.000000 
-0.351530 -0.310414 -0.077887 0.962388 -1.804152 0.046419 0.634408 0.181679 -1.000000 
-0.353918 -0.286587 -0.070173 0.966025 -1.803782 0.045984 0.635855 0.180025 -1.000000 
-0.356115 -0.262624 -0.062432 0.969141 -1.803416 0.045465 0.637289 0.178410 -1.000000 
-0.358120 -0.238539 -0.054668 0.971735 -1.803055 0.044862 0.638710 0.176837 -1.000000 
-0.359931 -0.214345 -0.046885 0.973806 -1.802699 0.044177 0.640118 0.175308 -1.000000 
-0.361549 -0.190054 -0.039088 0.975353 -1.802348 0.043410 0.641515 0.173825 -1.000000 
-0.362972 -0.165678 -0.031281 0.976376 -1.802004 0.042563 0.642899 0.172388 -1.000000 
-0.364200 -0.141232 -0.023468 0.976873 -1.801667 0.041637 0.644273 0.171001 -1.000000 
-0.365232 -0.116726 -0.015652 0.976846 -1.801338 0.040634 0.645636 0.169663 -1.000000 
-0.366067 -0.092175 -0.007839 0.976293 -1.801017 0.039557 0.646988 0.168377 -1.000000 
-0.366706 -0.067591 -0.000033 0.975216 -1.800705 0.038406 0.648330 0.167144 -1.000000 
-0.367149 -0.042987 0.007763 0.973615 -1.800403 0.037185 0.649662 0.165964 -1.000000 
-0.367394 -0.018375 0.015543 0.971491 -1.800111 0.035895 0.650985 0.164839 -1.000000 
-0.367443 0.006232 0.023305 0.968845 -1.799829 0.034539 0.652300 0.163769 -1.000000 
-0.367294 0.030821 0.031044 0.965678 -1.799558 0.033120 0.653606 0.162755 -1.000000 
-0.366950 0.055380 0.038755 0.961993 -1.799299 0.031641 0.654904 0.161797 -1.000000 
-0.366408 0.079896 0.046434 0.957790 -1.799052 0.030104 0.656195 0.160898 -1.000000 
-0.365671 0.104356 0.054078 0.953073 -1.798818 0.028512 0.657478 0.160056 -1.000000 
-0.364739 0.128749 0.061682 0.947843 -1.798596 0.026868 0.658756 0.159272 -1.000000 
-0.363612 0.153061 0.069242 0.942103 -1.798388 0.025177 0.660027 0.158548 -1.000000 
-0.362290 0.177281 0.076754 0.935855 -1.798193 0.023440 0.661293 0.157883 -1.000000 
-0.360775 0.201395 0.084214 0.929104 -1.798013 0.021662 0.662553 0.157277 -1.000000 
-0.359068 0.225392 0.091618 0.921851 -1.797847 0.019846 0.663809 0.156732 -1.000000 
-0.357170 0.249259 0.098963 0.914101 -1.797695 0.017996 0.665061 0.156247 -1.000000 
-0.355080 0.272985 0.106243 0.905857 -1.797559 0.016116 0.666309 0.155823 -1.000000 
-0.352802 0.296557 0.113455 0.897122 -1.797438 0.014208 0.667554 0.155460 -1.000000 
-0.350336 0.319963 0.120595 0.887902 -1.797332 0.012278 0.668797 0.155158 -1.000000 
-0.347683 0.343191 0.127660 0.878201 -1.797241 0.010329 0.670037 0.154918 -1.000000 
-0.344845 0.366229 0.134645 0.868022 -1.797167 0.008365 0.671276 0.154740 -1.000000 
-0.341824 0.389066 0.141547 0.857371 -1.797107 0.006390 0.672513 0.154623 -1.000000 
-0.338621 0.411690 0.148362 0.846252 -1.797064 0.004408 0.673750 0.154569 -1.000000 
-0.335238 0.434088 0.155086 0.834671 -1.797037 0.002423 0.674986 0.154578 -1.000000 
-0.331676 0.456250 0.161716 0.822633 -1.797026 0.000440 0.676223 0.154649 -1.000000 
-0.327938 0.478164 0.168247 0.810144 -1.797030 -0.001538 0.677461 0.154783 -1.000000 
-0.324026 0.499818 0.174677 0.797209 -1.797050 -0.003507 0.678700 0.154981 -1.000000 
-0.319942 0.521201 0.181001 0.783834 -1.797086 -0.005462 0.679941 0.155242 -1.000000 
-0.315688 0.542302 0.187217 0.770026 -1.797137 -0.007400 0.681184 0.155567 -1.000000 
-0.311266 0.563109 0.193320 0.755790 -1.797204 -0.009315 0.682430 0.155956 -1.000000 
-0.306679 0.583612 0.199308 0.741134 -1.797286 -0.011205 0.683679 0.156409 -1.000000 
-0.301929 0.603799 0.205177 0.726065 -1.797384 -0.013065 0.684933 0.156926 -1.000000 
-0.297019 0.623659 0.210924 0.710589 -1.797495 -0.014891 0.686190 0.157508 -1.000000 
-0.291951 0.643181 0.216546 0.694713 -1.797622 -0.016680 0.687453 0.158155 -1.000000 
-0.286729 0.662356 0.222039 0.678445 -1.797762 -0.018427 0.688721 0.158866 -1.000000 
-0.281355 0.681171 0.227400 0.661793 -1.797916 -0.020129 0.689995 0.159643 -1.000000 
-0.275831 0.699617 0.232626 0.644764 -1.798084 -0.021782 0.691276 0.160485 -1.000000 
-0.270162 0.717682 0.237715 0.627367 -1.798265 -0.023382 0.692563 0.161393 -1.000000 
-0.264349 0.735358 0.242663 0.609610 -1.798458 -0.024927 0.693858 0.162365 -1.000000 
-0.258397 0.752632 0.247468 0.591501 -1.798663 -0.026412 0.695161 0.163403 -1.000000 
-0.252308 0.769496 0.252126 0.573049 -1.798880 -0.027834 0.696473 0.164507 -1.000000 
-0.246086 0.785939 0.256636 0.554263 -1.799109 -0.029190 0.697793 0.165675 -1.000000 
-0.239734 0.801952 0.260994 0.535153 -1.799347 -0.030477 0.699124 0.166908 -1.000000 
-0.233256 0.817524 0.265197 0.515727 -1.799596 -0.031692 0.700464 0.168206 -1.000000 
-0.226655 0.832646 0.269244 0.495995 -1.799854 -0.032832 0.701815 0.169568 -1.000000 
-0.219935 0.847308 0.273133 0.475968 -1.800121 -0.033895 0.703177 0.170994 -1.000000 
-0.213100 0.861503 0.276859 0.455655 -1.800396 -0.034878 0.704551 0.172483 -1.000000 
-0.206152 0.875219 0.280422 0.435066 -1.800679 -0.035779 0.705937 0.174035 -1.000000 
-0.199097 0.888448 0.283820 0.414213 -1.800969 -0.036595 0.707336 0.175648 -1.000000 
-0.191938 0.901182 0.287049 0.393105 -1.801264 -0.037325 0.708748 0.177321 -1.000000 
-0.184680 0.913412 0.290109 0.371754 -1.801566 -0.037967 0.710173 0.179054 -1.000000 
-0.177325 0.925130 0.292996 0.350171 -1.801872 -0.038518 0.711613 0.180845 -1.000000 
-0.169879 0.936326 0.295711 0.328367 -1.802182 -0.038978 0.713067 0.182692 -1.000000 
-0.162345 0.946994 0.298250 0.306354 -1.802495 -0.039345 0.714536 0.184593 -1.000000 
-0.154729 0.957126 0.300612 0.284144 -1.802811 -0.039618 0.716021 0.186547 -1.000000 
-0.147033 0.966713 0.302796 0.261749 -1.803129 -0.039796 0.717521 0.188551 -1.000000 
-0.139263 0.975750 0.304799 0.239181 -1.803447 -0.039879 0.719037 0.190603 -1.000000 
-0.131422 0.984228 0.306622 0.216453 -1.803766 -0.039866 0.720571 0.192699 -1.000000 
-0.123517 0.992140 0.308262 0.193577 -1.804085 -0.039756 0.722121 0.194836 -1.000000 
-0.115550 0.999481 0.309719 0.170566 -1.804402 -0.039549 0.723688 0.197012 -1.000000 
-0.107526 1.006245 0.310991 0.147434 -1.804717 -0.039246 0.725273 0.199222 -1.000000 
-0.099451 1.012424 0.312078 0.124193 -1.805030 -0.038846 0.726876 0.201462 -1.000000 
-0.091329 1.018014 0.312978 0.100857 -1.805339 -0.038351 0.728496 0.203728 -1.000000 
-0.083165 1.023008 0.313691 0.077440 -1.805643 -0.037761 0.730135 0.206015 -1.000000 
-0.074963 1.027403 0.314217 0.053956 -1.805943 -0.037076 0.731793 0.208317 -1.000000 
-0.066728 1.031194 0.314554 0.030418 -1.806236 -0.036299 0.733469 0.210629 -1.000000 
-0.058465 1.034375 0.314703 0.006840 -1.806523 -0.035430 0.735163 0.212946 -1.000000 
-0.050179 1.036943 0.314664 -0.016762 -1.806803 -0.034470 0.736876 0.215261 -1.000000 
-0.041876 1.038895 0.314435 -0.040375 -1.807074 -0.033422 0.738607 0.217568 -1.000000 
-0.033559 1.040227 0.314018 -0.063984 -1.807337 -0.032287 0.740357 0.219859 -1.000000 
-0.025234 1.040935 0.313411 -0.087574 -1.807591 -0.031069 0.742125 0.222128 -1.000000 
-0.016906 1.041019 0.312616 -0.111131 -1.807834 -0.029768 0.743911 0.224367 -1.000000 
-0.008579 1.040475 0.311633 -0.134640 -1.808067 -0.028387 0.745714 0.226568 -1.000000 
-0.000260 1.039302 0.310462 -0.158085 -1.808288 -0.026930 0.747536 0.228724 -1.000000 
0.008048 1.037498 0.309104 -0.181451 -1.808498 -0.025399 0.749374 0.230827 -1.000000 
0.016339 1.035063 0.307559 -0.204724 -1.808694 -0.023797 0.751229 0.232867 -1.000000 
0.024607 1.031996 0.305829 -0.227889 -1.808878 -0.022127 0.753100 0.234838 -1.000000 
0.032849 1.028297 0.303914 -0.250929 -1.809048 -0.020393 0.754986 0.236731 -1.000000 
0.041058 1.023967 0.301814 -0.273829 -1.809204 -0.018599 0.756887 0.238537 -1.000000 
0.049231 1.019007 0.299533 -0.296575 -1.809346 -0.016749 0.758802 0.240249 -1.000000 
0.057361 1.013417 0.297070 -0.319152 -1.809472 -0.014845 0.760731 0.241858 -1.000000 
0.065444 1.007200 0.294427 -0.341542 -1.809583 -0.012893 0.762672 0.243358 -1.000000 
0.073474 1.000358 0.291606 -0.363733 -1.809678 -0.010897 0.764624 0.244740 -1.000000 
0.081448 0.992894 0.288608 -0.385708 -1.809757 -0.008860 0.766587 0.245998 -1.000000 
0.089359 0.984812 0.285435 -0.407451 -1.809820 -0.006788 0.768560 0.247125 -1.000000 
0.097203 0.976114 0.282089 -0.428949 -1.809866 -0.004684 0.770541 0.248115 -1.000000 
0.104975 0.966805 0.278572 -0.450187 -1.809895 -0.002555 0.772529 0.248963 -1.000000 
0.112670 0.956889 0.274887 -0.471148 -1.809907 -0.000403 0.774524 0.249665 -1.000000 
0.120284 0.946373 0.271035 -0.491819 -1.809901 0.001765 0.776523 0.250216 -1.000000 
0.127811 0.935262 0.267018 -0.512185 -1.809878 0.003945 0.778527 0.250613 -1.000000 
0.135246 0.923561 0.262841 -0.532232 -1.809838 0.006131 0.780533 0.250854 -1.000000 
0.142586 0.911277 0.258504 -0.551945 -1.809780 0.008320 0.782540 0.250937 -1.000000 
0.149825 0.898419 0.254010 -0.571310 -1.809705 0.010505 0.784547 0.250861 -1.000000 
0.156959 0.884992 0.249364 -0.590313 -1.809612 0.012681 0.786554 0.250627 -1.000000 
0.163984 0.871006 0.244566 -0.608942 -1.809502 0.014844 0.788557 0.250236 -1.000000 
0.170894 0.856468 0.239622 -0.627181 -1.809375 0.016989 0.790557 0.249689 -1.000000 
0.177686 0.841388 0.234533 -0.645019 -1.809230 0.019109 0.792552 0.248989 -1.000000 
0.184355 0.825775 0.229302 -0.662443 -1.809069 0.021201 0.794540 0.248140 -1.000000 
0.190897 0.809640 0.223935 -0.679439 -1.808891 0.023258 0.796522 0.247146 -1.000000 
0.197308 0.792992 0.218433 -0.695996 -1.808697 0.025277 0.798494 0.246012 -1.000000 
0.203583 0.775842 0.212800 -0.712102 -1.808487 0.027252 0.800457 0.244743 -1.000000 
0.209720 0.758201 0.207040 -0.727745 -1.808261 0.029178 0.802410 0.243347 -1.000000 
0.215713 0.740082 0.201157 -0.742914 -1.808020 0.031050 0.804351 0.241829 -1.000000 
0.221560 0.721495 0.195155 -0.757598 -1.807765 0.032865 0.806279 0.240197 -1.000000 
0.227256 0.702453 0.189037 -0.771786 -1.807495 0.034616 0.808193 0.238459 -1.000000 
0.232798 0.682970 0.182808 -0.785469 -1.807211 0.036300 0.810094 0.236623 -1.000000 
0.238182 0.663057 0.176471 -0.798636 -1.806914 0.037913 0.811979 0.234697 -1.000000 
0.243406 0.642728 0.170031 -0.811278 -1.806604 0.039450 0.813849 0.232690 -1.000000 
0.248465 0.621998 0.163492 -0.823387 -1.806283 0.040908 0.815702 0.230610 -1.000000 
0.253357 0.600879 0.156858 -0.834954 -1.805950 0.042282 0.817538 0.228465 -1.000000 
0.258078 0.579387 0.150134 -0.845970 -1.805607 0.043569 0.819357 0.226266 -1.000000 
0.262626 0.557535 0.143324 -0.856428 -1.805253 0.044765 0.821159 0.224019 -1.000000 
0.266998 0.535339 0.136433 -0.866321 -1.804891 0.045868 0.822942 0.221734 -1.000000 
0.271191 0.512814 0.129464 -0.875642 -1.804520 0.046875 0.824706 0.219418 -1.000000 
0.275202 0.489974 0.122424 -0.884385 -1.804141 0.047782 0.826452 0.217080 -1.000000 
0.279029 0.466836 0.115316 -0.892543 -1.803755 0.048587 0.828179 0.214728 -1.000000 
0.282670 0.443415 0.108145 -0.900112 -1.803364 0.049288 0.829888 0.212369 -1.000000 
0.286123 0.419727 0.100916 -0.907086 -1.802967 0.049882 0.831577 0.210010 -1.000000 
0.289385 0.395787 0.093633 -0.913461 -1.802566 0.050369 0.833248 0.207659 -1.000000 
0.292455 0.371612 0.086302 -0.919232 -1.802162 0.050746 0.834900 0.205321 -1.000000 
0.295331 0.347218 0.078927 -0.924396 -1.801754 0.051012 0.836533 0.203002 -1.000000 
0.298010 0.322621 0.071513 -0.928949 -1.801346 0.051167 0.838148 0.200709 -1.000000 
0.300492 0.297838 0.064065 -0.932890 -1.800936 0.051209 0.839745 0.198447 -1.000000 
0.302775 0.272885 0.056589 -0.936215 -1.800527 0.051138 0.841323 0.196221 -1.000000 
0.304858 0.247779 0.049088 -0.938922 -1.800118 0.050954 0.842884 0.194036 -1.000000 
0.306739 0.222536 0.041567 -0.941011 -1.799712 0.050658 0.844428 0.191895 -1.000000 
0.308418 0.197172 0.034033 -0.942480 -1.799308 0.050248 0.845955 0.189803 -1.000000 
0.309894 0.171705 0.026489 -0.943327 -1.798908 0.049727 0.847465 0.187764 -1.000000 
0.311165 0.146151 0.018942 -0.943554 -1.798513 0.049095 0.848959 0.185781 -1.000000 
0.312232 0.120527 0.011394 -0.943160 -1.798123 0.048354 0.850438 0.183856 -1.000000 
0.313093 0.094848 0.003853 -0.942146 -1.797739 0.047504 0.851901 0.181994 -1.000000 
0.313749 0.069132 -0.003678 -0.940512 -1.797363 0.046549 0.853350 0.180195 -1.000000 
0.314199 0.043396 -0.011194 -0.938260 -1.796995 0.045489 0.854784 0.178463 -1.000000 
0.314444 0.017654 -0.018689 -0.935392 -1.796635 0.044327 0.856205 0.176799 -1.000000 
0.314482 -0.008075 -0.026159 -0.931909 -1.796286 0.043066 0.857613 0.175205 -1.000000 
0.314315 -0.033776 -0.033598 -0.927814 -1.795947 0.041709 0.859009 0.173683 -1.000000 
0.313942 -0.059433 -0.041002 -0.923110 -1.795619 0.040259 0.860392 0.172235 -1.000000 
0.313364 -0.085029 -0.048366 -0.917800 -1.795303 0.038719 0.861765 0.170861 -1.000000 
0.312581 -0.110549 -0.055685 -0.911887 -1.794999 0.037093 0.863126 0.169562 -1.000000 
0.311595 -0.135976 -0.062955 -0.905376 -1.794709 0.035384 0.864478 0.168340 -1.000000 
0.310406 -0.161295 -0.070170 -0.898269 -1.794433 0.033597 0.865820 0.167195 -1.000000 
0.309015 -0.186490 -0.077325 -0.890572 -1.794172 0.031736 0.867153 0.166129 -1.000000 
0.307423 -0.211545 -0.084417 -0.882289 -1.793926 0.029805 0.868478 0.165141 -1.000000 
0.305631 -0.236444 -0.091440 -0.873425 -1.793695 0.027809 0.869796 0.164233 -1.000000 
0.303640 -0.261173 -0.098390 -0.863986 -1.793481 0.025753 0.871106 0.163405 -1.000000 
0.301452 -0.285716 -0.105263 -0.853977 -1.793283 0.023641 0.872410 0.162658 -1.000000 
0.299069 -0.310057 -0.112053 -0.843404 -1.793103 0.021480 0.873709 0.161992 -1.000000 
0.296492 -0.334182 -0.118756 -0.832274 -1.792940 0.019274 0.875002 0.161407 -1.000000 
0.293723 -0.358076 -0.125367 -0.820592 -1.792795 0.017028 0.876292 0.160904 -1.000000 
0.290763 -0.381723 -0.131884 -0.808365 -1.792667 0.014748 0.877577 0.160484 -1.000000 
0.287616 -0.405110 -0.138300 -0.795602 -1.792559 0.012441 0.878860 0.160146 -1.000000 
0.284282 -0.428221 -0.144612 -0.782308 -1.792469 0.010110 0.880140 0.159891 -1.000000 
0.280765 -0.451042 -0.150815 -0.768491 -1.792397 0.007763 0.881418 0.159720 -1.000000 
0.277066 -0.473559 -0.156906 -0.754160 -1.792344 0.005405 0.882695 0.159632 -1.000000 
0.273189 -0.495758 -0.162881 -0.739322 -1.792311 0.003042 0.883972 0.159629 -1.000000 
0.269135 -0.517623 -0.168734 -0.723985 -1.792296 0.000681 0.885250 0.159710 -1.000000 
0.264908 -0.539142 -0.174463 -0.708159 -1.792300 -0.001674 0.886528 0.159877 -1.000000 
0.260510 -0.560301 -0.180063 -0.691853 -1.792322 -0.004016 0.887808 0.160129 -1.000000 
0.255944 -0.581085 -0.185531 -0.675075 -1.792364 -0.006338 0.889090 0.160466 -1.000000 
0.251214 -0.601482 -0.190863 -0.657835 -1.792424 -0.008636 0.890376 0.160890 -1.000000 
0.246321 -0.621477 -0.196056 -0.640143 -1.792502 -0.010903 0.891665 0.161401 -1.000000 
0.241271 -0.641058 -0.201104 -0.622009 -1.792598 -0.013133 0.892958 0.162000 -1.000000 
0.236066 -0.660211 -0.206007 -0.603443 -1.792712 -0.015321 0.894257 0.162686 -1.000000 
0.230709 -0.678923 -0.210758 -0.584456 -1.792843 -0.017460 0.895562 0.163460 -1.000000 
0.225204 -0.697182 -0.215357 -0.565058 -1.792991 -0.019545 0.896873 0.164323 -1.000000 
0.219555 -0.714973 -0.219798 -0.545262 -1.793156 -0.021570 0.898191 0.165275 -1.000000 
0.213766 -0.732286 -0.224080 -0.525077 -1.793336 -0.023531 0.899517 0.166316 -1.000000 
0.207840 -0.749108 -0.228199 -0.504517 -1.793532 -0.025422 0.900852 0.167447 -1.000000 
0.201781 -0.765425 -0.232151 -0.483593 -1.793743 -0.027237 0.902197 0.168669 -1.000000 
0.195595 -0.781227 -0.235935 -0.462317 -1.793968 -0.028972 0.903551 0.169980 -1.000000 
0.189283 -0.796501 -0.239547 -0.440703 -1.794206 -0.030622 0.904917 0.171382 -1.000000 
0.182852 -0.811235 -0.242985 -0.418763 -1.794457 -0.032182 0.906294 0.172875 -1.000000 
0.176305 -0.825418 -0.246247 -0.396510 -1.794721 -0.033648 0.907683 0.174458 -1.000000 
0.169647 -0.839039 -0.249329 -0.373958 -1.794995 -0.035015 0.909085 0.176132 -1.000000 
0.162882 -0.852086 -0.252229 -0.351122 -1.795281 -0.036281 0.910501 0.177895 -1.000000 
0.156015 -0.864550 -0.254946 -0.328014 -1.795576 -0.037440 0.911932 0.179748 -1.000000 
0.149051 -0.876418 -0.257477 -0.304651 -1.795879 -0.038490 0.913377 0.181689 -1.000000 
0.141994 -0.887681 -0.259820 -0.281045 -1.796191 -0.039428 0.914839 0.183718 -1.000000 
0.134849 -0.898328 -0.261973 -0.257214 -1.796510 -0.040249 0.916317 0.185833 -1.000000 
0.127622 -0.908350 -0.263935 -0.233172 -1.796835 -0.040952 0.917812 0.188032 -1.000000 
0.120318 -0.917738 -0.265703 -0.208935 -1.797165 -0.041535 0.919326 0.190315 -1.000000 
0.112940 -0.926482 -0.267277 -0.184519 -1.797499 -0.041995 0.920858 0.192678 -1.000000 
0.105496 -0.934572 -0.268655 -0.159941 -1.797836 -0.042330 0.922409 0.195119 -1.000000 
0.097989 -0.942002 -0.269836 -0.135218 -1.798176 -0.042539 0.923980 0.197635 -1.000000 
0.090425 -0.948762 -0.270818 -0.110365 -1.798517 -0.042621 0.925571 0.200221 -1.000000 
0.082810 -0.954844 -0.271601 -0.085401 -1.798858 -0.042575 0.927184 0.202875 -1.000000 
0.075150 -0.960242 -0.272184 -0.060344 -1.799198 -0.042400 0.928817 0.205592 -1.000000 
0.067448 -0.964948 -0.272567 -0.035210 -1.799536 -0.042096 0.930473 0.208366 -1.000000 
0.059712 -0.968956 -0.272748 -0.010019 -1.799871 -0.041664 0.932151 0.211191 -1.000000 
0.051947 -0.972259 -0.272727 0.015211 -1.800202 -0.041103 0.933852 0.214061 -1.000000 
0.044158 -0.974853 -0.272504 0.040462 -1.800528 -0.040415 0.935576 0.216969 -1.000000 
0.036351 -0.976731 -0.272080 0.065715 -1.800848 -0.039601 0.937324 0.219908 -1.000000 
0.028532 -0.977889 -0.271453 0.090950 -1.801161 -0.038662 0.939095 0.222868 -1.000000 
0.020707 -0.978323 -0.270624 0.116148 -1.801466 -0.037601 0.940890 0.225841 -1.000000 
0.012881 -0.978029 -0.269595 0.141290 -1.801763 -0.036419 0.942708 0.228816 -1.000000 
0.005060 -0.977005 -0.268364 0.166356 -1.802049 -0.035119 0.944551 0.231784 -1.000000 
-0.002749 -0.975247 -0.266933 0.191326 -1.802324 -0.033703 0.946417 0.234733 -1.000000 
-0.010542 -0.972755 -0.265303 0.216180 -1.802588 -0.032176 0.948307 0.237651 -1.000000 
-0.018311 -0.969525 -0.263475 0.240898 -1.802839 -0.030541 0.950219 0.240527 -1.000000 
-0.026052 -0.965559 -0.261449 0.265460 -1.803076 -0.028801 0.952155 0.243347 -1.000000 
-0.033758 -0.960856 -0.259228 0.289845 -1.803299 -0.026960 0.954113 0.246097 -1.000000 
-0.041424 -0.955415 -0.256812 0.314032 -1.803507 -0.025024 0.956092 0.248766 -1.000000 
-0.049043 -0.949240 -0.254204 0.338002 -1.803699 -0.022997 0.958093 0.251338 -1.000000 
-0.056610 -0.942331 -0.251405 0.361734 -1.803875 -0.020884 0.960113 0.253800 -1.000000 
-0.064118 -0.934692 -0.248417 0.385206 -1.804033 -0.018690 0.962153 0.256138 -1.000000 
-0.071563 -0.926325 -0.245242 0.408400 -1.804174 -0.016422 0.964211 0.258338 -1.000000 
-0.078937 -0.917235 -0.241883 0.431295 -1.804296 -0.014085 0.966286 0.260387 -1.000000 
-0.086237 -0.907427 -0.238342 0.453869 -1.804399 -0.011685 0.968377 0.262273 -1.000000 
-0.093454 -0.896905 -0.234622 0.476104 -1.804483 -0.009228 0.970482 0.263982 -1.000000 
-0.100585 -0.885677 -0.230726 0.497978 -1.804547 -0.006722 0.972600 0.265503 -1.000000 
-0.107623 -0.873749 -0.226656 0.519473 -1.804590 -0.004174 0.974730 0.266826 -1.000000 
-0.114563 -0.861129 -0.222415 0.540569 -1.804613 -0.001589 0.976869 0.267942 -1.000000 
-0.121400 -0.847825 -0.218008 0.561245 -1.804615 0.001024 0.979016 0.268841 -1.000000 
-0.128127 -0.833847 -0.213436 0.581484 -1.804597 0.003658 0.981170 0.269518 -1.000000 
-0.134739 -0.819204 -0.208705 0.601265 -1.804557 0.006307 0.983328 0.269967 -1.000000 
-0.141232 -0.803908 -0.203817 0.620572 -1.804496 0.008961 0.985488 0.270185 -1.000000 
-0.147600 -0.787969 -0.198777 0.639385 -1.804414 0.011613 0.987650 0.270168 -1.000000 
-0.153838 -0.771400 -0.193589 0.657686 -1.804310 0.014257 0.989811 0.269918 -1.000000 
-0.159941 -0.754213 -0.188256 0.675460 -1.804185 0.016883 0.991968 0.269434 -1.000000 
-0.165904 -0.736422 -0.182783 0.692687 -1.804040 0.019485 0.994121 0.268720 -1.000000 
-0.171722 -0.718042 -0.177174 0.709354 -1.803874 0.022053 0.996267 0.267780 -1.000000 
-0.177391 -0.699087 -0.171435 0.725442 -1.803687 0.024582 0.998405 0.266621 -1.000000 
-0.182906 -0.679572 -0.165569 0.740937 -1.803481 0.027062 1.000532 0.265250 -1.000000 
-0.188263 -0.659514 -0.159581 0.755825 -1.803254 0.029486 1.002648 0.263677 -1.000000 
-0.193457 -0.638930 -0.153477 0.770091 -1.803009 0.031847 1.004751 0.261910 -1.000000 
-0.198484 -0.617837 -0.147261 0.783721 -1.802745 0.034137 1.006838 0.259962 -1.000000 
-0.203341 -0.596252 -0.140939 0.796703 -1.802463 0.036349 1.008910 0.257845 -1.000000 
-0.208023 -0.574195 -0.134516 0.809024 -1.802164 0.038476 1.010963 0.255572 -1.000000 
-0.212527 -0.551684 -0.127997 0.820673 -1.801848 0.040511 1.012998 0.253157 -1.000000 
-0.216849 -0.528739 -0.121387 0.831638 -1.801516 0.042448 1.015014 0.250614 -1.000000 
-0.220986 -0.505379 -0.114692 0.841910 -1.801169 0.044279 1.017008 0.247957 -1.000000 
-0.224934 -0.481625 -0.107918 0.851478 -1.800808 0.046000 1.018981 0.245201 -1.000000 
-0.228691 -0.457497 -0.101071 0.860335 -1.800433 0.047604 1.020931 0.242361 -1.000000 
-0.232253 -0.433017 -0.094155 0.868472 -1.800046 0.049086 1.022858 0.239451 -1.000000 
-0.235618 -0.408206 -0.087177 0.875881 -1.799648 0.050441 1.024762 0.236486 -1.000000 
-0.238783 -0.383085 -0.080143 0.882556 -1.799240 0.051664 1.026642 0.233478 -1.000000 
-0.241747 -0.357676 -0.073058 0.888492 -1.798822 0.052750 1.028498 0.230443 -1.000000 
-0.244505 -0.332002 -0.065929 0.893682 -1.798396 0.053697 1.030329 0.227392 -1.000000 
-0.247058 -0.306084 -0.058761 0.898124 -1.797963 0.054500 1.032136 0.224337 -1.000000 
-0.249402 -0.279945 -0.051561 0.901812 -1.797524 0.055155 1.033918 0.221291 -1.000000 
-0.251537 -0.253608 -0.044334 0.904744 -1.797081 0.055662 1.035677 0.218264 -1.000000 
-0.253459 -0.227095 -0.037087 0.906918 -1.796634 0.056017 1.037411 0.215267 -1.000000 
-0.255170 -0.200429 -0.029825 0.908332 -1.796185 0.056219 1.039121 0.212309 -1.000000 
-0.256666 -0.173633 -0.022556 0.908986 -1.795735 0.056266 1.040808 0.209399 -1.000000 
-0.257947 -0.146729 -0.015284 0.908879 -1.795285 0.056158 1.042471 0.206544 -1.000000 
-0.259013 -0.119740 -0.008016 0.908013 -1.794837 0.055895 1.044113 0.203753 -1.000000 
-0.259863 -0.092689 -0.000758 0.906387 -1.794391 0.055476 1.045732 0.201031 -1.000000 
-0.260496 -0.065598 0.006485 0.904005 -1.793950 0.054903 1.047329 0.198385 -1.000000 
-0.260913 -0.038491 0.013705 0.900868 -1.793513 0.054177 1.048906 0.195820 -1.000000 
-0.261112 -0.011388 0.020896 0.896979 -1.793083 0.053300 1.050463 0.193341 -1.000000 
-0.261095 0.015688 0.028054 0.892344 -1.792661 0.052273 1.052000 0.190953 -1.000000 
-0.260861 0.042713 0.035172 0.886964 -1.792247 0.051099 1.053518 0.188659 -1.000000 
-0.260412 0.069668 0.042244 0.880846 -1.791844 0.049782 1.055019 0.186461 -1.000000 
-0.259747 0.096529 0.049263 0.873995 -1.791451 0.048325 1.056502 0.184365 -1.000000 
-0.258868 0.123275 0.056226 0.866417 -1.791071 0.046733 1.057969 0.182371 -1.000000 
-0.257775 0.149885 0.063124 0.858118 -1.790704 0.045009 1.059420 0.180482 -1.000000 
-0.256470 0.176338 0.069954 0.849105 -1.790351 0.043159 1.060857 0.178699 -1.000000 
-0.254954 0.202612 0.076708 0.839385 -1.790014 0.041188 1.062279 0.177026 -1.000000 
-0.253229 0.228687 0.083382 0.828966 -1.789692 0.039103 1.063689 0.175462 -1.000000 
-0.251296 0.254543 0.089970 0.817858 -1.789388 0.036908 1.065087 0.174009 -1.000000 
-0.249157 0.280160 0.096466 0.806067 -1.789102 0.034611 1.066474 0.172668 -1.000000 
-0.246814 0.305516 0.102865 0.793604 -1.788835 0.032219 1.067850 0.171440 -1.000000 
-0.244269 0.330593 0.109162 0.780478 -1.788587 0.029739 1.069217 0.170325 -1.000000 
-0.241525 0.355371 0.115351 0.766698 -1.788359 0.027178 1.070576 0.169326 -1.000000 
-0.238584 0.379831 0.121427 0.752276 -1.788152 0.024545 1.071927 0.168441 -1.000000 
-0.235449 0.403953 0.127386 0.737222 -1.787967 0.021847 1.073271 0.167671 -1.000000 
-0.232122 0.427719 0.133221 0.721547 -1.787803 0.019093 1.074610 0.167018 -1.000000 
-0.228606 0.451110 0.138929 0.705263 -1.787661 0.016291 1.075944 0.166482 -1.000000 
-0.224905 0.474107 0.144504 0.688381 -1.787542 0.013450 1.077274 0.166063 -1.000000 
-0.221021 0.496693 0.149941 0.670913 -1.787446 0.010579 1.078601 0.165762 -1.000000 
-0.216959 0.518849 0.155237 0.652873 -1.787373 0.007687 1.079926 0.165580 -1.000000 
-0.212721 0.540559 0.160386 0.634272 -1.787323 0.004784 1.081251 0.165517 -1.000000 
-0.208311 0.561803 0.165384 0.615125 -1.787296 0.001878 1.082575 0.165574 -1.000000 
-0.203733 0.582565 0.170226 0.595445 -1.787293 -0.001021 1.083900 0.165752 -1.000000 
-0.198992 0.602828 0.174909 0.575246 -1.787313 -0.003904 1.085227 0.166051 -1.000000 
-0.194090 0.622575 0.179429 0.554542 -1.787355 -0.006761 1.086557 0.166473 -1.000000 
-0.189032 0.641789 0.183781 0.533348 -1.787421 -0.009583 1.087891 0.167019 -1.000000 
-0.183822 0.660454 0.187961 0.511680 -1.787509 -0.012361 1.089230 0.167688 -1.000000 
-0.178466 0.678553 0.191966 0.489552 -1.787618 -0.015085 1.090574 0.168484 -1.000000 
-0.172967 0.696070 0.195793 0.466982 -1.787750 -0.017747 1.091926 0.169406 -1.000000 
-0.167331 0.712990 0.199437 0.443984 -1.787902 -0.020337 1.093285 0.170455 -1.000000 
-0.161561 0.729297 0.202895 0.420576 -1.788075 -0.022847 1.094654 0.171633 -1.000000 
-0.155663 0.744976 0.206165 0.396775 -1.788268 -0.025268 1.096032 0.172942 -1.000000 
-0.149643 0.760011 0.209243 0.372599 -1.788479 -0.027592 1.097421 0.174381 -1.000000 
-0.143505 0.774387 0.212126 0.348066 -1.788709 -0.029811 1.098822 0.175952 -1.000000 
-0.137255 0.788091 0.214811 0.323194 -1.788956 -0.031916 1.100237 0.177656 -1.000000 
-0.130897 0.801107 0.217296 0.298003 -1.789219 -0.033900 1.101665 0.179494 -1.000000 
-0.124439 0.813421 0.219578 0.272511 -1.789498 -0.035756 1.103109 0.181466 -1.000000 
-0.117885 0.825021 0.221655 0.246739 -1.789791 -0.037478 1.104569 0.183573 -1.000000 
-0.111240 0.835892 0.223525 0.220708 -1.790097 -0.039058 1.106046 0.185816 -1.000000 
-0.104512 0.846022 0.225186 0.194437 -1.790415 -0.040491 1.107542 0.188193 -1.000000 
-0.097706 0.855397 0.226636 0.167949 -1.790745 -0.041771 1.109058 0.190705 -1.000000 
-0.090828 0.864006 0.227873 0.141264 -1.791083 -0.042892 1.110594 0.193351 -1.000000 
-0.083884 0.871837 0.228896 0.114407 -1.791430 -0.043850 1.112152 0.196130 -1.000000 
-0.076881 0.878879 0.229703 0.087399 -1.791784 -0.044642 1.113732 0.199039 -1.000000 
-0.069824 0.885119 0.230294 0.060264 -1.792144 -0.045262 1.115337 0.202077 -1.000000 
-0.062721 0.890550 0.230667 0.033026 -1.792508 -0.045708 1.116966 0.205239 -1.000000 
-0.055578 0.895159 0.230822 0.005709 -1.792875 -0.045978 1.118621 0.208522 -1.000000 
-0.048401 0.898939 0.230758 -0.021663 -1.793243 -0.046068 1.120303 0.211922 -1.000000 
-0.041197 0.901880 0.230475 -0.049063 -1.793612 -0.045978 1.122012 0.215431 -1.000000 
-0.033973 0.903975 0.229973 -0.076467 -1.793978 -0.045707 1.123750 0.219044 -1.000000 
-0.026735 0.905216 0.229252 -0.103848 -1.794342 -0.045254 1.125517 0.222751 -1.000000 
-0.019492 0.905596 0.228312 -0.131179 -1.794702 -0.044619 1.127314 0.226544 -1.000000 
-0.012248 0.905110 0.227153 -0.158434 -1.795056 -0.043804 1.129142 0.230411 -1.000000 
-0.005012 0.903753 0.225777 -0.185586 -1.795402 -0.042809 1.131001 0.234340 -1.000000 
0.002210 0.901521 0.224184 -0.212606 -1.795740 -0.041638 1.132891 0.238317 -1.000000 
0.009410 0.898409 0.222376 -0.239467 -1.796068 -0.040292 1.134814 0.242328 -1.000000 
0.016582 0.894416 0.220353 -0.266140 -1.796385 -0.038775 1.136769 0.246355 -1.000000 
0.023718 0.889540 0.218118 -0.292597 -1.796688 -0.037091 1.138756 0.250379 -1.000000 
0.030812 0.883780 0.215672 -0.318809 -1.796978 -0.035245 1.140775 0.254382 -1.000000 
0.037856 0.877137 0.213018 -0.344748 -1.797252 -0.033241 1.142826 0.258341 -1.000000 
0.044844 0.869612 0.210157 -0.370383 -1.797509 -0.031086 1.144908 0.262233 -1.000000 
0.051768 0.861208 0.207093 -0.395687 -1.797749 -0.028786 1.147021 0.266036 -1.000000 
0.058621 0.851928 0.203827 -0.420629 -1.797969 -0.026348 1.149164 0.269724 -1.000000 
0.065396 0.841778 0.200364 -0.445181 -1.798170 -0.023780 1.151336 0.273271 -1.000000 
0.072087 0.830761 0.196705 -0.469313 -1.798349 -0.021090 1.153536 0.276651 -1.000000 
0.078686 0.818887 0.192856 -0.492996 -1.798507 -0.018286 1.155762 0.279839 -1.000000 
0.085187 0.806163 0.188819 -0.516202 -1.798642 -0.015378 1.158013 0.282808 -1.000000 
0.091582 0.792597 0.184598 -0.538901 -1.798753 -0.012376 1.160286 0.285533 -1.000000 
0.097866 0.778202 0.180198 -0.561065 -1.798839 -0.009289 1.162581 0.287989 -1.000000 
0.104032 0.762989 0.175622 -0.582666 -1.798901 -0.006129 1.164893 0.290154 -1.000000 
0.110072 0.746971 0.170877 -0.603677 -1.798937 -0.002907 1.167222 0.292007 -1.000000 
0.115981 0.730162 0.165965 -0.624070 -1.798948 0.000366 1.169565 0.293530 -1.000000 
0.121752 0.712578 0.160893 -0.643818 -1.798931 0.003679 1.171918 0.294705 -1.000000 
0.127380 0.694236 0.155666 -0.662896 -1.798889 0.007018 1.174279 0.295522 -1.000000 
0.132858 0.675153 0.150289 -0.681278 -1.798819 0.010371 1.176645 0.295969 -1.000000 
0.138181 0.655350 0.144767 -0.698939 -1.798723 0.013726 1.179014 0.296042 -1.000000 
0.143342 0.634846 0.139108 -0.715856 -1.798599 0.017070 1.181381 0.295737 -1.000000 
0.148336 0.613664 0.133316 -0.732005 -1.798450 0.020390 1.183744 0.295057 -1.000000 
0.153159 0.591826 0.127398 -0.747365 -1.798273 0.023673 1.186101 0.294007 -1.000000 
0.157804 0.569356 0.121360 -0.761913 -1.798071 0.026905 1.188448 0.292597 -1.000000 
0.162267 0.546279 0.115209 -0.775631 -1.797843 0.030074 1.190781 0.290838 -1.000000 
0.166543 0.522621 0.108952 -0.788500 -1.797590 0.033167 1.193100 0.288747 -1.000000 
0.170627 0.498410 0.102596 -0.800501 -1.797313 0.036171 1.195401 0.286342 -1.000000 
0.174516 0.473672 0.096146 -0.811618 -1.797012 0.039074 1.197681 0.283645 -1.000000 
0.178205 0.448437 0.089612 -0.821835 -1.796688 0.041862 1.199938 0.280680 -1.000000 
0.181690 0.422735 0.083000 -0.831140 -1.796342 0.044525 1.202171 0.277472 -1.000000 
0.184967 0.396596 0.076316 -0.839518 -1.795976 0.047050 1.204377 0.274047 -1.000000 
0.188034 0.370050 0.069570 -0.846958 -1.795590 0.049427 1.206555 0.270432 -1.000000 
0.190887 0.343130 0.062767 -0.853451 -1.795185 0.051645 1.208704 0.266656 -1.000000 
0.193523 0.315867 0.055917 -0.858988 -1.794764 0.053693 1.210821 0.262747 -1.000000 
0.195940 0.288294 0.049026 -0.863561 -1.794327 0.055563 1.212907 0.258731 -1.000000 
0.198135 0.260443 0.042103 -0.867165 -1.793875 0.057246 1.214961 0.254636 -1.000000 
0.200107 0.232349 0.035154 -0.869794 -1.793411 0.058733 1.216981 0.250487 -1.000000 
0.201852 0.204044 0.028189 -0.871447 -1.792936 0.060017 1.218969 0.246310 -1.000000 
0.203371 0.175562 0.021214 -0.872120 -1.792452 0.061092 1.220922 0.242127 -1.000000 
0.204661 0.146937 0.014237 -0.871814 -1.791959 0.061953 1.222843 0.237959 -1.000000 
0.205722 0.118202 0.007267 -0.870530 -1.791461 0.062593 1.224730 0.233828 -1.000000 
0.206552 0.089391 0.000311 -0.868268 -1.790958 0.063011 1.226584 0.229751 -1.000000 
0.207152 0.060537 -0.006622 -0.865034 -1.790453 0.063201 1.228406 0.225746 -1.000000 
0.207521 0.031674 -0.013527 -0.860831 -1.789948 0.063164 1.230196 0.221828 -1.000000 
0.207659 0.002834 -0.020393 -0.855665 -1.789443 0.062897 1.231955 0.218010 -1.000000 
0.207566 -0.025949 -0.027215 -0.849543 -1.788942 0.062400 1.233685 0.214303 -1.000000 
0.207244 -0.054643 -0.033983 -0.842473 -1.788446 0.061675 1.235385 0.210720 -1.000000 
0.206692 -0.083217 -0.040692 -0.834463 -1.787956 0.060722 1.237057 0.207269 -1.000000 
0.205913 -0.111638 -0.047332 -0.825525 -1.787475 0.059546 1.238701 0.203957 -1.000000 
0.204906 -0.139875 -0.053898 -0.815668 -1.787004 0.058150 1.240320 0.200793 -1.000000 
0.203675 -0.167898 -0.060381 -0.804904 -1.786545 0.056538 1.241914 0.197781 -1.000000 
0.202221 -0.195677 -0.066774 -0.793246 -1.786100 0.054717 1.243485 0.194926 -1.000000 
0.200545 -0.223181 -0.073070 -0.780708 -1.785670 0.052692 1.245034 0.192232 -1.000000 
0.198651 -0.250381 -0.079263 -0.767303 -1.785257 0.050473 1.246561 0.189704 -1.000000 
0.196540 -0.277249 -0.085345 -0.753046 -1.784863 0.048066 1.248069 0.187342 -1.000000 
0.194216 -0.303756 -0.091309 -0.737954 -1.784488 0.045481 1.249559 0.185151 -1.000000 
0.191681 -0.329876 -0.097150 -0.722041 -1.784136 0.042729 1.251032 0.183130 -1.000000 
0.188939 -0.355580 -0.102860 -0.705326 -1.783805 0.039819 1.252490 0.181283 -1.000000 
0.185993 -0.380843 -0.108433 -0.687824 -1.783499 0.036765 1.253933 0.179609 -1.000000 
0.182846 -0.405638 -0.113863 -0.669555 -1.783217 0.033577 1.255364 0.178111 -1.000000 
0.179504 -0.429940 -0.119144 -0.650535 -1.782962 0.030269 1.256783 0.176789 -1.000000 
0.175969 -0.453723 -0.124270 -0.630786 -1.782733 0.026854 1.258193 0.175643 -1.000000 
0.172246 -0.476964 -0.129234 -0.610325 -1.782532 0.023347 1.259594 0.174675 -1.000000 
0.168339 -0.499637 -0.134033 -0.589172 -1.782360 0.019761 1.260988 0.173885 -1.000000 
0.164253 -0.521720 -0.138659 -0.567349 -1.782216 0.016112 1.262377 0.173275 -1.000000 
0.159993 -0.543188 -0.143109 -0.544875 -1.782102 0.012415 1.263761 0.172845 -1.000000 
0.155564 -0.564020 -0.147376 -0.521772 -1.782018 0.008685 1.265143 0.172597 -1.000000 
0.150970 -0.584192 -0.151455 -0.498063 -1.781963 0.004939 1.266523 0.172531 -1.000000 
0.146218 -0.603682 -0.155343 -0.473768 -1.781939 0.001193 1.267904 0.172651 -1.000000 
0.141313 -0.622469 -0.159034 -0.448912 -1.781944 -0.002538 1.269286 0.172956 -1.000000 
0.136261 -0.640531 -0.162524 -0.423516 -1.781979 -0.006236 1.270672 0.173449 -1.000000 
0.131067 -0.657846 -0.165809 -0.397606 -1.782044 -0.009887 1.272062 0.174133 -1.000000 
0.125737 -0.674395 -0.168885 -0.371206 -1.782137 -0.013473 1.273458 0.175010 -1.000000 
0.120279 -0.690157 -0.171747 -0.344341 -1.782259 -0.016978 1.274863 0.176081 -1.000000 
0.114697 -0.705112 -0.174393 -0.317036 -1.782409 -0.020388 1.276276 0.177351 -1.000000 
0.108999 -0.719239 -0.176819 -0.289318 -1.782585 -0.023685 1.277701 0.178822 -1.000000 
0.103191 -0.732519 -0.179021 -0.261213 -1.782787 -0.026855 1.279138 0.180497 -1.000000 
0.097281 -0.744934 -0.180997 -0.232751 -1.783014 -0.029882 1.280589 0.182379 -1.000000 
0.091275 -0.756465 -0.182744 -0.203959 -1.783265 -0.032754 1.282056 0.184472 -1.000000 
0.085180 -0.767092 -0.184260 -0.174866 -1.783538 -0.035454 1.283541 0.186778 -1.000000 
0.079004 -0.776800 -0.185541 -0.145503 -1.783832 -0.037971 1.285045 0.189302 -1.000000 
0.072754 -0.785569 -0.186587 -0.115901 -1.784145 -0.040290 1.286571 0.192044 -1.000000 
0.066437 -0.793384 -0.187395 -0.086091 -1.784476 -0.042402 1.288119 0.195009 -1.000000 
0.060062 -0.800228 -0.187964 -0.056106 -1.784823 -0.044293 1.289691 0.198199 -1.000000 
0.053636 -0.806085 -0.188293 -0.025980 -1.785184 -0.045954 1.291291 0.201615 -1.000000 
0.047168 -0.810941 -0.188379 0.004253 -1.785558 -0.047375 1.292918 0.205258 -1.000000 
0.040664 -0.814781 -0.188224 0.034557 -1.785941 -0.048547 1.294575 0.209127 -1.000000 
0.034134 -0.817592 -0.187826 0.064897 -1.786334 -0.049463 1.296265 0.213223 -1.000000 
0.027585 -0.819361 -0.187186 0.095234 -1.786732 -0.050117 1.297987 0.217541 -1.000000 
0.021027 -0.820076 -0.186303 0.125530 -1.787135 -0.050501 1.299746 0.222079 -1.000000 
0.014467 -0.819727 -0.185178 0.155748 -1.787539 -0.050613 1.301541 0.226829 -1.000000 
0.007914 -0.818305 -0.183811 0.185846 -1.787944 -0.050448 1.303376 0.231783 -1.000000 
0.001377 -0.815801 -0.182205 0.215784 -1.788346 -0.050005 1.305250 0.236931 -1.000000 
-0.005136 -0.812207 -0.180359 0.245520 -1.788743 -0.049282 1.307167 0.242259 -1.000000 
-0.011616 -0.807519 -0.178277 0.275013 -1.789134 -0.048280 1.309127 0.247749 -1.000000 
-0.018053 -0.801732 -0.175960 0.304218 -1.789515 -0.047001 1.311131 0.253381 -1.000000 
-0.024440 -0.794843 -0.173410 0.333092 -1.789885 -0.045446 1.313181 0.259130 -1.000000 
-0.030768 -0.786850 -0.170631 0.361591 -1.790241 -0.043621 1.315278 0.264969 -1.000000 
-0.037027 -0.777755 -0.167626 0.389670 -1.790582 -0.041531 1.317421 0.270863 -1.000000 
-0.043209 -0.767559 -0.164398 0.417284 -1.790905 -0.039183 1.319612 0.276777 -1.000000 
-0.049305 -0.756267 -0.160951 0.444386 -1.791208 -0.036585 1.321849 0.282668 -1.000000 
-0.055306 -0.743885 -0.157289 0.470931 -1.791490 -0.033746 1.324134 0.288490 -1.000000 
-0.061204 -0.730421 -0.153417 0.496873 -1.791748 -0.030677 1.326465 0.294195 -1.000000 
-0.066990 -0.715885 -0.149341 0.522166 -1.791980 -0.027390 1.328841 0.299728 -1.000000 
-0.072656 -0.700290 -0.145065 0.546763 -1.792185 -0.023900 1.331260 0.305034 -1.000000 
-0.078192 -0.683650 -0.140595 0.570619 -1.792362 -0.020220 1.333720 0.310055 -1.000000 
-0.083591 -0.665982 -0.135937 0.593688 -1.792508 -0.016367 1.336220 0.314731 -1.000000 
-0.088845 -0.647306 -0.131098 0.615925 -1.792623 -0.012358 1.338755 0.319004 -1.000000 
-0.093945 -0.627643 -0.126084 0.637286 -1.792706 -0.008211 1.341323 0.322817 -1.000000 
-0.098885 -0.607019 -0.120904 0.657727 -1.792755 -0.003946 1.343919 0.326116 -1.000000 
-0.103655 -0.585458 -0.115563 0.677207 -1.792769 0.000416 1.346539 0.328851 -1.000000 
-0.108250 -0.562992 -0.110071 0.695683 -1.792748 0.004854 1.349179 0.330980 -1.000000 
-0.112661 -0.539650 -0.104435 0.713116 -1.792691 0.009345 1.351833 0.332466 -1.000000 
-0.116882 -0.515468 -0.098664 0.729467 -1.792598 0.013867 1.354497 0.333284 -1.000000 
-0.120906 -0.490482 -0.092767 0.744701 -1.792469 0.018394 1.357164 0.333415 -1.000000 
-0.124728 -0.464731 -0.086752 0.758782 -1.792304 0.022902 1.359829 0.332853 -1.000000 
-0.128340 -0.438256 -0.080629 0.771677 -1.792103 0.027367 1.362488 0.331603 -1.000000 
-0.131738 -0.411101 -0.074408 0.783358 -1.791866 0.031763 1.365133 0.329678 -1.000000 
-0.134916 -0.383310 -0.068099 0.793795 -1.791595 0.036064 1.367761 0.327106 -1.000000 
-0.137869 -0.354932 -0.061711 0.802964 -1.791289 0.040246 1.370365 0.323919 -1.000000 
-0.140593 -0.326015 -0.055255 0.810842 -1.790951 0.044283 1.372942 0.320162 -1.000000 
-0.143084 -0.296611 -0.048741 0.817410 -1.790581 0.048150 1.375486 0.315886 -1.000000 
-0.145338 -0.266771 -0.042180 0.822651 -1.790181 0.051823 1.377995 0.311145 -1.000000 
-0.147351 -0.236549 -0.035582 0.826551 -1.789753 0.055278 1.380464 0.306001 -1.000000 
-0.149122 -0.205999 -0.028959 0.829101 -1.789297 0.058494 1.382890 0.300515 -1.000000 
-0.150647 -0.175177 -0.022320 0.830293 -1.788818 0.061449 1.385271 0.294753 -1.000000 
-0.151924 -0.144139 -0.015678 0.830122 -1.788315 0.064122 1.387605 0.288776 -1.000000 
-0.152953 -0.112941 -0.009042 0.828588 -1.787792 0.066496 1.389891 0.282646 -1.000000 
-0.153731 -0.081639 -0.002424 0.825693 -1.787252 0.068552 1.392127 0.276423 -1.000000 
-0.154259 -0.050290 0.004166 0.821441 -1.786696 0.070276 1.394314 0.270162 -1.000000 
-0.154536 -0.018950 0.010716 0.815841 -1.786128 0.071655 1.396450 0.263913 -1.000000 
-0.154562 0.012324 0.017215 0.808903 -1.785551 0.072676 1.398537 0.257723 -1.000000 
-0.154339 0.043480 0.023654 0.800641 -1.784967 0.073331 1.400574 0.251633 -1.000000 
-0.153867 0.074460 0.030022 0.791071 -1.784379 0.073613 1.402563 0.245682 -1.000000 
-0.153148 0.105214 0.036308 0.780212 -1.783790 0.073516 1.404505 0.239900 -1.000000 
-0.152184 0.135687 0.042502 0.768084 -1.783203 0.073039 1.406402 0.234315 -1.000000 
-0.150978 0.165829 0.048594 0.754710 -1.782622 0.072182 1.408255 0.228951 -1.000000 
-0.149532 0.195591 0.054574 0.740115 -1.782049 0.070945 1.410066 0.223828 -1.000000 
-0.147850 0.224923 0.060433 0.724326 -1.781488 0.069335 1.411837 0.218960 -1.000000 
-0.145934 0.253779 0.066160 0.707370 -1.780941 0.067358 1.413570 0.214361 -1.000000 
-0.143790 0.282114 0.071748 0.689277 -1.780411 0.065024 1.415267 0.210041 -1.000000 
-0.141422 0.309882 0.077186 0.670078 -1.779902 0.062344 1.416931 0.206008 -1.000000 
-0.138834 0.337043 0.082466 0.649805 -1.779415 0.059332 1.418564 0.202267 -1.000000 
-0.136031 0.363553 0.087580 0.628492 -1.778953 0.056005 1.420168 0.198823 -1.000000 
-0.133019 0.389375 0.092519 0.606171 -1.778519 0.052380 1.421746 0.195678 -1.000000 
-0.129803 0.414469 0.097276 0.582877 -1.778116 0.048477 1.423300 0.192836 -1.000000 
-0.126389 0.438800 0.101843 0.558646 -1.777744 0.044320 1.424832 0.190297 -1.000000 
-0.122784 0.462330 0.106212 0.533514 -1.777407 0.039930 1.426346 0.188062 -1.000000 
-0.118994 0.485025 0.110377 0.507516 -1.777106 0.035336 1.427842 0.186132 -1.000000 
-0.115026 0.506853 0.114330 0.480691 -1.776842 0.030562 1.429325 0.184508 -1.000000 
-0.110887 0.527780 0.118066 0.453074 -1.776618 0.025638 1.430795 0.183192 -1.000000 
-0.106584 0.547775 0.121577 0.424704 -1.776433 0.020593 1.432256 0.182184 -1.000000 
-0.102125 0.566808 0.124859 0.395619 -1.776288 0.015458 1.433711 0.181487 -1.000000 
-0.097518 0.584849 0.127905 0.365859 -1.776185 0.010264 1.435161 0.181104 -1.000000 
-0.092770 0.601867 0.130711 0.335462 -1.776124 0.005044 1.436609 0.181037 -1.000000 
-0.087891 0.617835 0.133271 0.304469 -1.776105 -0.000169 1.438059 0.181291 -1.000000 
-0.082888 0.632725 0.135581 0.272921 -1.776127 -0.005343 1.439511 0.181871 -1.000000 
-0.077770 0.646508 0.137637 0.240860 -1.776190 -0.010443 1.440969 0.182782 -1.000000 
-0.072547 0.659158 0.139434 0.208329 -1.776294 -0.015437 1.442436 0.184032 -1.000000 
-0.067227 0.670647 0.140969 0.175372 -1.776437 -0.020291 1.443915 0.185628 -1.000000 
-0.061820 0.680949 0.142239 0.142033 -1.776618 -0.024972 1.445407 0.187580 -1.000000 
-0.056335 0.690039 0.143240 0.108361 -1.776836 -0.029447 1.446917 0.189896 -1.000000 
-0.050782 0.697890 0.143972 0.074402 -1.777088 -0.033687 1.448447 0.192587 -1.000000 
-0.045172 0.704477 0.144430 0.040207 -1.777374 -0.037658 1.449999 0.195665 -1.000000 
-0.039514 0.709778 0.144614 0.005827 -1.777690 -0.041333 1.451578 0.199142 -1.000000 
-0.033819 0.713766 0.144523 -0.028683 -1.778034 -0.044683 1.453187 0.203029 -1.000000 
-0.028097 0.716421 0.144155 -0.063269 -1.778404 -0.047681 1.454828 0.207340 -1.000000 
-0.022360 0.717719 0.143511 -0.097873 -1.778796 -0.050303 1.456505 0.212086 -1.000000 
-0.016618 0.717640 0.142589 -0.132434 -1.779208 -0.052524 1.458223 0.217279 -1.000000 
-0.010881 0.716165 0.141392 -0.166890 -1.779635 -0.054324 1.459983 0.222928 -1.000000 
-0.005163 0.713276 0.139920 -0.201178 -1.780076 -0.055685 1.461791 0.229043 -1.000000 
0.000527 0.708956 0.138174 -0.235229 -1.780525 -0.056589 1.463649 0.235628 -1.000000 
0.006177 0.703191 0.136157 -0.268974 -1.780980 -0.057023 1.465562 0.242685 -1.000000 
0.011774 0.695968 0.133871 -0.302341 -1.781436 -0.056975 1.467533 0.250210 -1.000000 
0.017308 0.687279 0.131321 -0.335257 -1.781890 -0.056437 1.469567 0.258193 -1.000000 
0.022767 0.677117 0.128509 -0.367645 -1.782338 -0.055404 1.471666 0.266616 -1.000000 
0.028138 0.665476 0.125440 -0.399426 -1.782775 -0.053872 1.473834 0.275451 -1.000000 
0.033411 0.652357 0.122120 -0.430520 -1.783199 -0.051844 1.476074 0.284658 -1.000000 
0.000000 0.000000 0.000000 0.000000 0.000000 0.000000 0.000000 0.000000 0.000000 
