0.115032 -1.268179 0.596952 -2.708520 -1.510114 -1.216378 0.048895 -0.057943 -1.000000 
0.104845 -1.278482 0.575098 -2.754817 -1.519694 -1.178288 0.048401 -0.065758 -1.000000 
0.094578 -1.288076 0.552879 -2.799852 -1.528961 -1.138159 0.047839 -0.075090 -1.000000 
0.084238 -1.296933 0.530304 -2.843541 -1.537899 -1.096051 0.047194 -0.086321 -1.000000 
0.073830 -1.305027 0.507386 -2.885800 -1.546493 -1.052025 0.046451 -0.099956 -1.000000 
0.063360 -1.312333 0.484135 -2.926548 -1.554727 -1.006152 0.045587 -0.116663 -1.000000 
0.052834 -1.318828 0.460565 -2.965705 -1.562587 -0.958507 0.044574 -0.137346 -1.000000 
0.042261 -1.324490 0.436689 -3.003195 -1.570058 -0.909171 0.043376 -0.163238 -1.000000 
0.031645 -1.329298 0.412519 -3.038943 -1.577129 -0.858233 0.041944 -0.196047 -1.000000 
0.020994 -1.333233 0.388070 -3.072878 -1.583786 -0.805786 0.040214 -0.238178 -1.000000 
0.010316 -1.336280 0.363358 -3.104932 -1.590018 -0.751933 0.038099 -0.293066 -1.000000 
-0.000384 -1.338424 0.338397 -3.135041 -1.595814 -0.696781 0.035478 -0.365714 -1.000000 
-0.011097 -1.339652 0.313203 -3.163144 -1.601163 -0.640450 0.032181 -0.463515 -1.000000 
-0.021816 -1.339955 0.287792 -3.189187 -1.606058 -0.583067 0.027965 -0.597585 -1.000000 
-0.032534 -1.339326 0.262181 -3.213119 -1.610490 -0.524771 0.022478 -0.784847 -1.000000 
-0.043243 -1.337763 0.236388 -3.234896 -1.614452 -0.465718 0.015198 -1.051248 -1.000000 
-0.053935 -1.335264 0.210429 -3.254481 -1.617940 -0.406083 0.005344 -1.436285 -1.000000 
-0.064593 -1.328222 0.184297 -3.277923 -1.620733 -0.292115 0.006429 1.978995 1.000000 
-0.075189 -1.320530 0.158015 -3.292153 -1.622826 -0.230812 0.025070 2.720449 1.000000 
-0.085719 -1.311808 0.131628 -3.304178 -1.624422 -0.168017 0.050606 3.702574 1.000000 
-0.096175 -1.301998 0.105154 -3.313925 -1.625509 -0.103397 0.084777 4.851744 1.000000 
-0.106548 -1.291023 0.078612 -3.321284 -1.626071 -0.036548 0.127926 5.877436 1.000000 
-0.116828 -1.278804 0.052020 -3.326096 -1.626087 0.032817 0.177205 6.305266 1.000000 
-0.127005 -1.265291 0.025401 -3.328162 -1.625539 0.104631 0.226420 5.857640 1.000000 
-0.137069 -1.250476 -0.001222 -3.327290 -1.624408 0.178419 0.269232 4.783296 1.000000 
-0.147009 -1.234384 -0.027827 -3.323329 -1.622681 0.253520 0.302631 3.580229 1.000000 
-0.156816 -1.217051 -0.054387 -3.316188 -1.620350 0.329309 0.327046 2.567255 1.000000 
-0.166479 -1.198513 -0.080877 -3.305820 -1.617411 0.405259 0.344427 1.820700 1.000000 
-0.175989 -1.178811 -0.107272 -3.292213 -1.613866 0.480932 0.356783 1.300674 1.000000 
-0.185337 -1.157989 -0.133544 -3.275385 -1.609718 0.555957 0.365673 0.944260 1.000000 
-0.194514 -1.136095 -0.159669 -3.255372 -1.604974 0.630017 0.372186 0.698982 1.000000 
-0.203512 -1.113181 -0.185622 -3.232231 -1.599641 0.702834 0.377053 0.527862 1.000000 
-0.212322 -1.089299 -0.211377 -3.206030 -1.593732 0.774161 0.380763 0.406353 1.000000 
-0.220938 -1.064508 -0.236910 -3.176852 -1.587259 0.843777 0.383644 0.318437 1.000000 
-0.229352 -1.038866 -0.262199 -3.144790 -1.580237 0.911481 0.385919 0.253637 1.000000 
-0.237558 -1.012434 -0.287220 -3.109948 -1.572681 0.977089 0.387745 0.205029 1.000000 
-0.245549 -0.985275 -0.311951 -3.072436 -1.564610 1.040435 0.389231 0.167967 1.000000 
-0.253321 -0.957453 -0.336372 -3.032374 -1.556041 1.101365 0.390455 0.139278 1.000000 
-0.260867 -0.929033 -0.360462 -2.989888 -1.546994 1.159740 0.391475 0.116761 1.000000 
-0.268184 -0.900080 -0.384204 -2.945109 -1.537492 1.215434 0.392335 0.098864 1.000000 
-0.275267 -0.870661 -0.407578 -2.898174 -1.527555 1.268332 0.393066 0.084472 1.000000 
-0.282113 -0.840840 -0.430569 -2.849223 -1.517206 1.318333 0.393694 0.072775 1.000000 
-0.288719 -0.810684 -0.453161 -2.798401 -1.506470 1.365348 0.394236 0.063176 1.000000 
-0.295083 -0.780258 -0.475339 -2.745854 -1.495369 1.409299 0.394709 0.055227 1.000000 
-0.301203 -0.749625 -0.497090 -2.691729 -1.483929 1.450119 0.395124 0.048590 1.000000 
-0.307077 -0.718848 -0.518403 -2.636177 -1.472176 1.487754 0.395489 0.043006 1.000000 
-0.312704 -0.687989 -0.539266 -2.579346 -1.460134 1.522160 0.395814 0.038275 1.000000 
-0.318085 -0.657108 -0.559669 -2.521384 -1.447830 1.553303 0.396104 0.034240 1.000000 
-0.323218 -0.626262 -0.579605 -2.462440 -1.435290 1.581161 0.396363 0.030778 1.000000 
-0.328105 -0.595507 -0.599066 -2.402658 -1.422540 1.605721 0.396597 0.027790 1.000000 
-0.332747 -0.564896 -0.618046 -2.342182 -1.409607 1.626980 0.396809 0.025198 1.000000 
-0.337144 -0.534481 -0.636540 -2.281151 -1.396517 1.644945 0.397001 0.022939 1.000000 
-0.341299 -0.504310 -0.654543 -2.219702 -1.383297 1.659630 0.397177 0.020960 1.000000 
-0.345214 -0.474428 -0.672054 -2.157967 -1.369972 1.671059 0.397337 0.019220 1.000000 
-0.348891 -0.444879 -0.689070 -2.096073 -1.356568 1.679264 0.397485 0.017683 1.000000 
-0.352333 -0.415703 -0.705591 -2.034142 -1.343112 1.684284 0.397621 0.016320 1.000000 
-0.355543 -0.386937 -0.721617 -1.972292 -1.329628 1.686163 0.397746 0.015108 1.000000 
-0.358525 -0.358615 -0.737148 -1.910634 -1.316142 1.684953 0.397863 0.014027 1.000000 
-0.361282 -0.330767 -0.752188 -1.849274 -1.302677 1.680714 0.397971 0.013058 1.000000 
-0.363819 -0.303423 -0.766738 -1.788310 -1.289258 1.673507 0.398072 0.012188 1.000000 
-0.366138 -0.276606 -0.780802 -1.727835 -1.275909 1.663400 0.398166 0.011404 1.000000 
-0.368246 -0.250340 -0.794385 -1.667936 -1.262651 1.650465 0.398255 0.010697 1.000000 
-0.370145 -0.224642 -0.807491 -1.608691 -1.249508 1.634779 0.398338 0.010057 1.000000 
-0.371842 -0.199530 -0.820126 -1.550174 -1.236502 1.616420 0.398416 0.009476 1.000000 
-0.373339 -0.175015 -0.832296 -1.492450 -1.223653 1.595470 0.398489 0.008948 1.000000 
-0.374643 -0.151110 -0.844007 -1.435579 -1.210981 1.572013 0.398559 0.008467 1.000000 
-0.375759 -0.127821 -0.855267 -1.379612 -1.198507 1.546135 0.398625 0.008028 1.000000 
-0.376690 -0.105154 -0.866084 -1.324596 -1.186249 1.517924 0.398688 0.007626 1.000000 
-0.377443 -0.083110 -0.876464 -1.270568 -1.174226 1.487468 0.398747 0.007259 1.000000 
-0.378022 -0.061692 -0.886415 -1.217562 -1.162455 1.454857 0.398804 0.006922 1.000000 
-0.378432 -0.040895 -0.895947 -1.165603 -1.150954 1.420180 0.398858 0.006613 1.000000 
-0.378678 -0.020716 -0.905068 -1.114710 -1.139738 1.383527 0.398910 0.006329 1.000000 
-0.378765 -0.001148 -0.913786 -1.064897 -1.128822 1.344986 0.398959 0.006067 1.000000 
-0.378698 0.017817 -0.922109 -1.016171 -1.118223 1.304648 0.399007 0.005827 1.000000 
-0.378481 0.036190 -0.930047 -0.968535 -1.107953 1.262601 0.399053 0.005605 1.000000 
-0.378120 0.053981 -0.937609 -0.921983 -1.098025 1.218930 0.399097 0.005401 1.000000 
-0.377619 0.071206 -0.944802 -0.876507 -1.088454 1.173724 0.399139 0.005213 1.000000 
-0.376982 0.087879 -0.951635 -0.832093 -1.079250 1.127066 0.399180 0.005039 1.000000 
-0.376214 0.104016 -0.958118 -0.788720 -1.070424 1.079040 0.399220 0.004879 1.000000 
-0.375319 0.119635 -0.964258 -0.746366 -1.061989 1.029728 0.399258 0.004732 1.000000 
-0.374302 0.134755 -0.970063 -0.705001 -1.053952 0.979210 0.399295 0.004596 1.000000 
-0.373165 0.149396 -0.975540 -0.664593 -1.046324 0.927565 0.399332 0.004471 1.000000 
-0.371912 0.163578 -0.980698 -0.625105 -1.039114 0.874869 0.399367 0.004357 1.000000 
-0.370549 0.177324 -0.985544 -0.586497 -1.032329 0.821199 0.399401 0.004252 1.000000 
-0.369076 0.190654 -0.990085 -0.548725 -1.025977 0.766628 0.399435 0.004156 1.000000 
-0.367499 0.203592 -0.994326 -0.511742 -1.020065 0.711228 0.399468 0.004069 1.000000 
-0.365820 0.216161 -0.998275 -0.475497 -1.014599 0.655069 0.399500 0.003989 1.000000 
-0.364042 0.228385 -1.001936 -0.439938 -1.009586 0.598219 0.399532 0.003918 1.000000 
-0.362167 0.240287 -1.005315 -0.405009 -1.005029 0.540747 0.399563 0.003853 1.000000 
-0.360198 0.251891 -1.008417 -0.370652 -1.000935 0.482719 0.399593 0.003796 1.000000 
-0.358137 0.263222 -1.011247 -0.336807 -0.997307 0.424198 0.399624 0.003745 1.000000 
-0.355987 0.274304 -1.013808 -0.303411 -0.994149 0.365248 0.399653 0.003701 1.000000 
-0.353749 0.285161 -1.016103 -0.270402 -0.991464 0.305933 0.399683 0.003662 1.000000 
-0.351425 0.295817 -1.018135 -0.237714 -0.989255 0.246312 0.399712 0.003630 1.000000 
-0.349016 0.306295 -1.019907 -0.205281 -0.987524 0.186448 0.399741 0.003604 1.000000 
-0.346524 0.316619 -1.021420 -0.173035 -0.986272 0.126399 0.399770 0.003584 1.000000 
-0.343951 0.326811 -1.022676 -0.140907 -0.985502 0.066227 0.399798 0.003569 1.000000 
-0.341296 0.336896 -1.023675 -0.108830 -0.985213 0.005989 0.399827 0.003560 1.000000 
-0.338561 0.346894 -1.024417 -0.076733 -0.985406 -0.054254 0.399855 0.003556 1.000000 
-0.335746 0.356827 -1.024902 -0.044547 -0.986081 -0.114444 0.399884 0.003558 1.000000 
-0.332851 0.366716 -1.025129 -0.012203 -0.987237 -0.174522 0.399912 0.003565 1.000000 
-0.329878 0.376581 -1.025097 0.020370 -0.988873 -0.234428 0.399941 0.003578 1.000000 
-0.326826 0.386441 -1.024802 0.053239 -0.990987 -0.294101 0.399969 0.003596 1.000000 
-0.323695 0.396316 -1.024244 0.086474 -0.993578 -0.353482 0.399998 0.003620 1.000000 
-0.320485 0.406222 -1.023418 0.120142 -0.996642 -0.412508 0.400027 0.003649 1.000000 
-0.317196 0.416176 -1.022320 0.154309 -1.000177 -0.471118 0.400057 0.003685 1.000000 
-0.313826 0.426195 -1.020947 0.189040 -1.004179 -0.529248 0.400086 0.003726 1.000000 
-0.310376 0.436292 -1.019294 0.224400 -1.008643 -0.586833 0.400116 0.003774 1.000000 
-0.306845 0.446481 -1.017355 0.260449 -1.013566 -0.643808 0.400147 0.003827 1.000000 
-0.303232 0.456774 -1.015125 0.297248 -1.018942 -0.700106 0.400178 0.003887 1.000000 
-0.299536 0.467184 -1.012597 0.334855 -1.024766 -0.755657 0.400209 0.003954 1.000000 
-0.295757 0.477718 -1.009765 0.373324 -1.031031 -0.810392 0.400241 0.004029 1.000000 
-0.291893 0.488387 -1.006621 0.412708 -1.037730 -0.864239 0.400273 0.004110 1.000000 
-0.287942 0.499196 -1.003159 0.453057 -1.044856 -0.917123 0.400307 0.004199 1.000000 
-0.283905 0.510152 -0.999370 0.494417 -1.052401 -0.968971 0.400341 0.004297 1.000000 
-0.279780 0.521259 -0.995245 0.536830 -1.060356 -1.019704 0.400375 0.004403 1.000000 
-0.275565 0.532519 -0.990777 0.580337 -1.068713 -1.069244 0.400411 0.004519 1.000000 
-0.271259 0.543934 -0.985957 0.624972 -1.077461 -1.117510 0.400448 0.004644 1.000000 
-0.266861 0.555503 -0.980775 0.670766 -1.086590 -1.164421 0.400485 0.004780 1.000000 
-0.262370 0.567224 -0.975222 0.717745 -1.096088 -1.209893 0.400524 0.004928 1.000000 
-0.257785 0.579093 -0.969288 0.765932 -1.105944 -1.253841 0.400564 0.005088 1.000000 
-0.253104 0.591104 -0.962963 0.815342 -1.116145 -1.296179 0.400606 0.005261 1.000000 
-0.248327 0.603250 -0.956239 0.865987 -1.126678 -1.336818 0.400649 0.005448 1.000000 
-0.243452 0.615523 -0.949104 0.917872 -1.137529 -1.375670 0.400693 0.005651 1.000000 
-0.238478 0.627910 -0.941550 0.970999 -1.148684 -1.412646 0.400739 0.005871 1.000000 
-0.233405 0.640401 -0.933565 1.025360 -1.160126 -1.447655 0.400787 0.006110 1.000000 
-0.228232 0.652979 -0.925141 1.080944 -1.171841 -1.480607 0.400837 0.006370 1.000000 
-0.222957 0.665629 -0.916267 1.137731 -1.183810 -1.511412 0.400889 0.006652 1.000000 
-0.217582 0.678333 -0.906934 1.195697 -1.196018 -1.539979 0.400943 0.006959 1.000000 
-0.212104 0.691072 -0.897133 1.254810 -1.208444 -1.566219 0.401000 0.007294 1.000000 
-0.206524 0.703822 -0.886854 1.315030 -1.221071 -1.590042 0.401060 0.007659 1.000000 
-0.200843 0.716563 -0.876089 1.376311 -1.233878 -1.611362 0.401123 0.008059 1.000000 
-0.195060 0.729267 -0.864830 1.438601 -1.246845 -1.630093 0.401189 0.008497 1.000000 
-0.189175 0.741909 -0.853069 1.501839 -1.259952 -1.646151 0.401259 0.008979 1.000000 
-0.183189 0.754461 -0.840798 1.565956 -1.273177 -1.659456 0.401333 0.009509 1.000000 
-0.177104 0.766893 -0.828012 1.630878 -1.286496 -1.669929 0.401411 0.010094 1.000000 
-0.170919 0.779174 -0.814702 1.696522 -1.299888 -1.677497 0.401495 0.010741 1.000000 
-0.164637 0.791272 -0.800866 1.762799 -1.313328 -1.682089 0.401583 0.011459 1.000000 
-0.158260 0.803152 -0.786496 1.829612 -1.326793 -1.683640 0.401678 0.012259 1.000000 
-0.151788 0.814781 -0.771591 1.896857 -1.340258 -1.682090 0.401780 0.013152 1.000000 
-0.145224 0.826123 -0.756146 1.964424 -1.353698 -1.677383 0.401889 0.014153 1.000000 
-0.138571 0.837142 -0.740159 2.032196 -1.367088 -1.669470 0.402007 0.015280 1.000000 
-0.131831 0.847799 -0.723630 2.100049 -1.380401 -1.658311 0.402134 0.016551 1.000000 
-0.125007 0.858058 -0.706559 2.167854 -1.393612 -1.643870 0.402272 0.017994 1.000000 
-0.118103 0.867879 -0.688945 2.235477 -1.406694 -1.626119 0.402422 0.019637 1.000000 
-0.111122 0.877226 -0.670792 2.302776 -1.419621 -1.605041 0.402587 0.021519 1.000000 
-0.104069 0.886059 -0.652102 2.369609 -1.432366 -1.580623 0.402767 0.023684 1.000000 
-0.096947 0.894341 -0.632880 2.435825 -1.444902 -1.552864 0.402966 0.026190 1.000000 
-0.089761 0.902032 -0.613131 2.501273 -1.457203 -1.521771 0.403187 0.029107 1.000000 
-0.082516 0.909097 -0.592862 2.565796 -1.469241 -1.487363 0.403434 0.032526 1.000000 
-0.075217 0.915498 -0.572081 2.629237 -1.480992 -1.449665 0.403709 0.036560 1.000000 
-0.067870 0.921200 -0.550797 2.691438 -1.492427 -1.408716 0.404021 0.041357 1.000000 
-0.060480 0.926167 -0.529022 2.752236 -1.503523 -1.364561 0.404374 0.047108 1.000000 
-0.053053 0.930367 -0.506766 2.811471 -1.514252 -1.317258 0.404777 0.054065 1.000000 
-0.045596 0.933769 -0.484043 2.868983 -1.524591 -1.266876 0.405243 0.062564 1.000000 
-0.038115 0.936341 -0.460867 2.924614 -1.534514 -1.213492 0.405784 0.073060 1.000000 
-0.030617 0.938056 -0.437254 2.978206 -1.543999 -1.157193 0.406419 0.086178 1.000000 
-0.023108 0.938886 -0.413222 3.029605 -1.553022 -1.098075 0.407172 0.102789 1.000000 
-0.015597 0.938809 -0.388787 3.078661 -1.561561 -1.036245 0.408076 0.124134 1.000000 
-0.008090 0.937802 -0.363970 3.125227 -1.569595 -0.971815 0.409175 0.152013 1.000000 
-0.000595 0.935845 -0.338790 3.169165 -1.577103 -0.904903 0.410533 0.189100 1.000000 
0.006881 0.932920 -0.313270 3.210337 -1.584067 -0.835633 0.412236 0.239459 1.000000 
0.014329 0.929010 -0.287433 3.248617 -1.590467 -0.764128 0.414416 0.309441 1.000000 
0.021743 0.924102 -0.261301 3.283883 -1.596287 -0.690508 0.417266 0.409258 1.000000 
0.029112 0.918181 -0.234899 3.316020 -1.601510 -0.614880 0.421088 0.555841 1.000000 
0.036431 0.911232 -0.208253 3.344924 -1.606120 -0.537324 0.426360 0.778118 1.000000 
0.043689 0.903235 -0.181389 3.370493 -1.610102 -0.457870 0.433871 1.126785 1.000000 
0.050880 0.894163 -0.154334 3.392634 -1.613441 -0.376451 0.444959 1.691523 1.000000 
0.057993 0.883965 -0.127116 3.411251 -1.616119 -0.292807 0.461913 2.625251 1.000000 
0.065020 0.872550 -0.099764 3.426232 -1.618118 -0.206310 0.488530 4.145046 1.000000 
0.071950 0.859745 -0.072307 3.437407 -1.619409 -0.115681 0.530133 6.352483 1.000000 
0.078771 0.845267 -0.044776 3.444435 -1.619952 -0.018845 0.590314 8.558768 1.000000 
0.085469 0.828811 -0.017208 3.446662 -1.619689 0.086018 0.662045 8.926111 1.000000 
0.092027 0.810305 0.010355 3.443207 -1.618556 0.198251 0.726531 6.929320 1.000000 
0.098429 0.789928 0.037866 3.433376 -1.616505 0.315078 0.771712 4.437092 1.000000 
0.104661 0.767864 0.065271 3.416811 -1.613510 0.433990 0.799568 2.667319 1.000000 
0.110711 0.744237 0.092516 3.393387 -1.609560 0.553273 0.816332 1.620786 1.000000 
0.116565 0.719156 0.119547 3.363123 -1.604660 0.671668 0.826688 1.022992 1.000000 
0.122213 0.692736 0.146308 3.326142 -1.598819 0.788175 0.833356 0.674284 1.000000 
0.127646 0.665098 0.172748 3.282640 -1.592056 0.901972 0.837838 0.462938 1.000000 
0.132852 0.636369 0.198814 3.232876 -1.584396 1.012372 0.840969 0.329494 1.000000 
0.137825 0.606681 0.224458 3.177153 -1.575869 1.118784 0.843231 0.241932 1.000000 
0.142557 0.576168 0.249634 3.115817 -1.566508 1.220694 0.844914 0.182461 1.000000 
0.147042 0.544969 0.274297 3.049244 -1.556351 1.317658 0.846198 0.140820 1.000000 
0.151275 0.513220 0.298409 2.977839 -1.545439 1.409289 0.847198 0.110875 1.000000 
0.155252 0.481060 0.321931 2.902031 -1.533817 1.495257 0.847993 0.088830 1.000000 
0.158971 0.448623 0.344830 2.822261 -1.521531 1.575283 0.848634 0.072262 1.000000 
0.162430 0.416044 0.367078 2.738988 -1.508629 1.649137 0.849159 0.059580 1.000000 
0.165628 0.383451 0.388646 2.652675 -1.495162 1.716640 0.849595 0.049715 1.000000 
0.168565 0.350969 0.409514 2.563788 -1.481180 1.777658 0.849960 0.041927 1.000000 
0.171244 0.318717 0.429661 2.472792 -1.466737 1.832101 0.850270 0.035700 1.000000 
0.173666 0.286808 0.449074 2.380148 -1.451884 1.879922 0.850534 0.030660 1.000000 
0.175834 0.255347 0.467740 2.286306 -1.436676 1.921114 0.850763 0.026538 1.000000 
0.177753 0.224432 0.485653 2.191704 -1.421164 1.955710 0.850961 0.023134 1.000000 
0.179427 0.194154 0.502807 2.096766 -1.405402 1.983774 0.851134 0.020297 1.000000 
0.180861 0.164594 0.519201 2.001895 -1.389441 2.005406 0.851287 0.017914 1.000000 
0.182062 0.135825 0.534838 1.907475 -1.373332 2.020734 0.851422 0.015896 1.000000 
0.183037 0.107912 0.549723 1.813868 -1.357125 2.029911 0.851542 0.014176 1.000000 
0.183791 0.080911 0.563863 1.721410 -1.340869 2.033116 0.851649 0.012700 1.000000 
0.184334 0.054870 0.577269 1.630411 -1.324611 2.030546 0.851746 0.011427 1.000000 
0.184672 0.029826 0.589954 1.541158 -1.308396 2.022415 0.851833 0.010321 1.000000 
0.184814 0.005812 0.601933 1.453907 -1.292267 2.008953 0.851911 0.009356 1.000000 
0.184768 -0.017149 0.613223 1.368889 -1.276266 1.990398 0.851983 0.008510 1.000000 
0.184542 -0.039044 0.623842 1.286308 -1.260433 1.966999 0.852048 0.007764 1.000000 
0.184146 -0.059862 0.633811 1.206338 -1.244806 1.939011 0.852107 0.007104 1.000000 
0.183587 -0.079602 0.643151 1.129129 -1.229421 1.906689 0.852162 0.006518 1.000000 
0.182875 -0.098270 0.651885 1.054804 -1.214310 1.870292 0.852212 0.005996 1.000000 
0.182018 -0.115875 0.660036 0.983462 -1.199506 1.830078 0.852258 0.005528 1.000000 
0.181024 -0.132432 0.667628 0.915176 -1.185038 1.786299 0.852300 0.005108 1.000000 
0.179902 -0.147963 0.674687 0.849996 -1.170934 1.739206 0.852340 0.004730 1.000000 
0.178659 -0.162492 0.681236 0.787953 -1.157219 1.689042 0.852376 0.004389 1.000000 
0.177304 -0.176048 0.687302 0.729054 -1.143917 1.636043 0.852410 0.004080 1.000000 
0.175845 -0.188661 0.692910 0.673288 -1.131049 1.580436 0.852441 0.003800 1.000000 
0.174288 -0.200367 0.698083 0.620625 -1.118636 1.522439 0.852471 0.003545 1.000000 
0.172641 -0.211204 0.702848 0.571020 -1.106696 1.462261 0.852498 0.003313 1.000000 
0.170911 -0.221209 0.707227 0.524410 -1.095245 1.400099 0.852524 0.003101 1.000000 
0.169104 -0.230424 0.711246 0.480720 -1.084299 1.336139 0.852548 0.002908 1.000000 
0.167226 -0.238891 0.714927 0.439861 -1.073872 1.270556 0.852570 0.002732 1.000000 
0.165284 -0.246652 0.718291 0.401733 -1.063974 1.203516 0.852592 0.002572 1.000000 
0.163282 -0.253751 0.721361 0.366223 -1.054619 1.135170 0.852612 0.002425 1.000000 
0.161225 -0.260232 0.724157 0.333210 -1.045815 1.065662 0.852630 0.002291 1.000000 
0.159119 -0.266139 0.726699 0.302566 -1.037571 0.995121 0.852648 0.002170 1.000000 
0.156968 -0.271515 0.729004 0.274153 -1.029895 0.923669 0.852665 0.002060 1.000000 
0.154776 -0.276404 0.731091 0.247826 -1.022794 0.851416 0.852681 0.001960 1.000000 
0.152547 -0.280847 0.732975 0.223435 -1.016274 0.778464 0.852697 0.001871 1.000000 
0.150284 -0.284887 0.734671 0.200825 -1.010341 0.704905 0.852711 0.001790 1.000000 
0.147990 -0.288564 0.736192 0.179837 -1.004997 0.630823 0.852725 0.001719 1.000000 
0.145668 -0.291919 0.737552 0.160305 -1.000249 0.556294 0.852739 0.001657 1.000000 
0.143320 -0.294989 0.738761 0.142062 -0.996098 0.481389 0.852752 0.001603 1.000000 
0.140949 -0.297812 0.739828 0.124939 -0.992547 0.406170 0.852764 0.001557 1.000000 
0.138556 -0.300424 0.740762 0.108761 -0.989600 0.330697 0.852777 0.001519 1.000000 
0.136142 -0.302858 0.741570 0.093355 -0.987257 0.255022 0.852789 0.001489 1.000000 
0.133710 -0.305148 0.742257 0.078543 -0.985520 0.179195 0.852801 0.001466 1.000000 
0.131260 -0.307325 0.742828 0.064148 -0.984390 0.103264 0.852812 0.001451 1.000000 
0.128793 -0.309417 0.743284 0.049990 -0.983868 0.027273 0.852824 0.001443 1.000000 
0.126310 -0.311453 0.743628 0.035890 -0.983953 -0.048733 0.852835 0.001443 1.000000 
0.123810 -0.313459 0.743858 0.021667 -0.984647 -0.124711 0.852847 0.001450 1.000000 
0.121294 -0.315457 0.743974 0.007142 -0.985949 -0.200617 0.852859 0.001464 1.000000 
0.118763 -0.317472 0.743971 -0.007867 -0.987857 -0.276406 0.852870 0.001485 1.000000 
0.116215 -0.319522 0.743846 -0.023537 -0.990371 -0.352029 0.852882 0.001514 1.000000 
0.113650 -0.321626 0.743592 -0.040048 -0.993489 -0.427435 0.852895 0.001550 1.000000 
0.111069 -0.323800 0.743203 -0.057579 -0.997209 -0.502570 0.852907 0.001593 1.000000 
0.108469 -0.326058 0.742668 -0.076303 -1.001529 -0.577374 0.852920 0.001644 1.000000 
0.105851 -0.328414 0.741978 -0.096396 -1.006446 -0.651782 0.852933 0.001703 1.000000 
0.103214 -0.330876 0.741122 -0.118029 -1.011956 -0.725721 0.852947 0.001769 1.000000 
0.100557 -0.333452 0.740085 -0.141370 -1.018056 -0.799113 0.852962 0.001843 1.000000 
0.097879 -0.336149 0.738855 -0.166583 -1.024740 -0.871871 0.852977 0.001926 1.000000 
0.095178 -0.338970 0.737414 -0.193831 -1.032004 -0.943899 0.852993 0.002016 1.000000 
0.092455 -0.341915 0.735748 -0.223267 -1.039841 -1.015094 0.853009 0.002116 1.000000 
0.089707 -0.344985 0.733836 -0.255041 -1.048243 -1.085341 0.853026 0.002225 1.000000 
0.086935 -0.348174 0.731660 -0.289298 -1.057203 -1.154515 0.853045 0.002344 1.000000 
0.084136 -0.351478 0.729200 -0.326171 -1.066712 -1.222482 0.853064 0.002472 1.000000 
0.081311 -0.354888 0.726434 -0.365789 -1.076759 -1.289095 0.853084 0.002612 1.000000 
0.078458 -0.358393 0.723340 -0.408269 -1.087333 -1.354198 0.853106 0.002763 1.000000 
0.075576 -0.361979 0.719894 -0.453717 -1.098422 -1.417621 0.853129 0.002927 1.000000 
0.072666 -0.365632 0.716072 -0.502228 -1.110010 -1.479183 0.853153 0.003104 1.000000 
0.069726 -0.369332 0.711850 -0.553884 -1.122083 -1.538695 0.853178 0.003296 1.000000 
0.066757 -0.373058 0.707202 -0.608751 -1.134624 -1.595952 0.853205 0.003505 1.000000 
0.063757 -0.376787 0.702101 -0.666880 -1.147612 -1.650742 0.853234 0.003731 1.000000 
0.060728 -0.380494 0.696523 -0.728305 -1.161028 -1.702841 0.853265 0.003976 1.000000 
0.057669 -0.384150 0.690440 -0.793040 -1.174850 -1.752018 0.853298 0.004244 1.000000 
0.054582 -0.387724 0.683825 -0.861081 -1.189052 -1.798029 0.853333 0.004537 1.000000 
0.051466 -0.391183 0.676653 -0.932401 -1.203609 -1.840628 0.853371 0.004858 1.000000 
0.048323 -0.394493 0.668898 -1.006950 -1.218492 -1.879560 0.853411 0.005210 1.000000 
0.045155 -0.397617 0.660534 -1.084654 -1.233672 -1.914565 0.853454 0.005598 1.000000 
0.041962 -0.400515 0.651536 -1.165415 -1.249114 -1.945383 0.853501 0.006029 1.000000 
0.038747 -0.403148 0.641879 -1.249106 -1.264786 -1.971751 0.853551 0.006507 1.000000 
0.035513 -0.405473 0.631542 -1.335575 -1.280650 -1.993408 0.853605 0.007041 1.000000 
0.032261 -0.407447 0.620503 -1.424641 -1.296667 -2.010098 0.853664 0.007641 1.000000 
0.028994 -0.409028 0.608742 -1.516094 -1.312797 -2.021568 0.853727 0.008317 1.000000 
0.025717 -0.410171 0.596240 -1.609697 -1.328998 -2.027577 0.853797 0.009084 1.000000 
0.022433 -0.410831 0.582982 -1.705181 -1.345223 -2.027894 0.853873 0.009960 1.000000 
0.019145 -0.410964 0.568953 -1.802252 -1.361428 -2.022305 0.853957 0.010965 1.000000 
0.015859 -0.410527 0.554142 -1.900584 -1.377564 -2.010610 0.854049 0.012128 1.000000 
0.012579 -0.409477 0.538541 -1.999826 -1.393581 -1.992633 0.854151 0.013483 1.000000 
0.009309 -0.407774 0.522144 -2.099601 -1.409429 -1.968220 0.854265 0.015075 1.000000 
0.006056 -0.405377 0.504947 -2.199509 -1.425055 -1.937244 0.854393 0.016961 1.000000 
0.002825 -0.402251 0.486952 -2.299124 -1.440407 -1.899607 0.854538 0.019217 1.000000 
-0.000378 -0.398362 0.468163 -2.398004 -1.455431 -1.855247 0.854702 0.021943 1.000000 
-0.003547 -0.393679 0.448587 -2.495688 -1.470073 -1.804131 0.854890 0.025274 1.000000 
-0.006675 -0.388175 0.428237 -2.591703 -1.484279 -1.746268 0.855108 0.029396 1.000000 
-0.009755 -0.381827 0.407126 -2.685563 -1.497995 -1.681704 0.855363 0.034567 1.000000 
-0.012781 -0.374618 0.385275 -2.776779 -1.511169 -1.610525 0.855665 0.041155 1.000000 
-0.015747 -0.366533 0.362706 -2.864856 -1.523746 -1.532859 0.856027 0.049692 1.000000 
-0.018644 -0.357564 0.339447 -2.949305 -1.535678 -1.448875 0.856468 0.060976 1.000000 
-0.021465 -0.347708 0.315528 -3.029641 -1.546912 -1.358782 0.857013 0.076225 1.000000 
-0.024205 -0.336967 0.290985 -3.105391 -1.557402 -1.262828 0.857703 0.097371 1.000000 
-0.026854 -0.325347 0.265855 -3.176097 -1.567103 -1.161296 0.858595 0.127590 1.000000 
-0.029408 -0.312859 0.240182 -3.241322 -1.575969 -1.054497 0.859783 0.172335 1.000000 
-0.031858 -0.299518 0.214010 -3.300654 -1.583961 -0.942759 0.861417 0.241462 1.000000 
-0.034198 -0.285337 0.187388 -3.353708 -1.591041 -0.826407 0.863760 0.353902 1.000000 
-0.036421 -0.270330 0.160368 -3.400131 -1.597172 -0.705727 0.867295 0.548745 1.000000 
-0.038521 -0.254492 0.133004 -3.439603 -1.602321 -0.580873 0.872984 0.913901 1.000000 
-0.040491 -0.237782 0.105354 -3.471830 -1.606455 -0.451664 0.882923 1.666953 1.000000 
-0.042323 -0.220049 0.077475 -3.496523 -1.609534 -0.316942 0.902170 3.393355 1.000000 
-0.044007 -0.200780 0.049430 -3.513277 -1.611500 -0.172360 0.943684 7.581060 1.000000 
-0.045527 -0.178263 0.021287 -3.520739 -1.612227 -0.002650 1.033358 14.964608 1.000000 
-0.046842 -0.149286 -0.006861 -3.512774 -1.611392 0.221689 1.159520 13.927970 1.000000 
-0.047903 -0.115691 -0.034847 -3.479037 -1.608565 0.488337 1.236519 5.821438 1.000000 
-0.048691 -0.081252 -0.062446 -3.415642 -1.603556 0.764241 1.266000 2.192313 1.000000 
-0.049203 -0.046638 -0.089417 -3.322193 -1.596345 1.037610 1.277755 0.954719 1.000000 
-0.049438 -0.012179 -0.115524 -3.199859 -1.586981 1.301085 1.283221 0.480064 1.000000 
-0.049399 0.021702 -0.140544 -3.050948 -1.575569 1.549001 1.286115 0.269241 1.000000 
-0.049093 0.054574 -0.164277 -2.878504 -1.562250 1.777099 1.287802 0.163658 1.000000 
-0.048530 0.086038 -0.186547 -2.686045 -1.547197 1.982235 1.288857 0.105620 1.000000 
-0.047721 0.115748 -0.207210 -2.477383 -1.530601 2.162192 1.289554 0.071311 1.000000 
-0.046683 0.143417 -0.226152 -2.256464 -1.512672 2.315584 1.290032 0.049821 1.000000 
-0.045433 0.168825 -0.243291 -2.027233 -1.493625 2.441770 1.290371 0.035710 1.000000 
-0.043988 0.191820 -0.258576 -1.793508 -1.473677 2.540781 1.290615 0.026071 1.000000 
-0.042370 0.212313 -0.271985 -1.558884 -1.453043 2.613237 1.290795 0.019260 1.000000 
-0.040598 0.230279 -0.283525 -1.326647 -1.431933 2.660263 1.290928 0.014301 1.000000 
-0.038692 0.245750 -0.293226 -1.099715 -1.410543 2.683390 1.291027 0.010588 1.000000 
-0.036672 0.258804 -0.301141 -0.880605 -1.389057 2.684466 1.291100 0.007735 1.000000 
-0.034558 0.269562 -0.307342 -0.671407 -1.367644 2.665564 1.291153 0.005484 1.000000 
-0.032365 0.278177 -0.311914 -0.473789 -1.346456 2.628897 1.291189 0.003660 1.000000 
-0.030112 0.284828 -0.314957 -0.289008 -1.325623 2.576738 1.291212 0.002138 1.000000 
-0.027813 0.289710 -0.316575 -0.117939 -1.305263 2.511358 1.291224 0.000831 1.000000 
-0.025473 0.281397 -0.316744 -0.089058 -1.302233 2.434976 1.291230 0.000627 1.000000 
-0.023211 0.271388 -0.316770 -0.085398 -1.302387 2.357718 1.291236 0.000612 1.000000 
-0.021032 0.261983 -0.316779 -0.081881 -1.302540 2.280387 1.291242 0.000598 1.000000 
-0.018931 0.253164 -0.316774 -0.078483 -1.302694 2.202986 1.291248 0.000585 1.000000 
-0.016903 0.244912 -0.316755 -0.075181 -1.302848 2.125521 1.291253 0.000573 1.000000 
-0.014944 0.237207 -0.316724 -0.071953 -1.303002 2.047998 1.291258 0.000561 1.000000 
-0.013049 0.230030 -0.316683 -0.068783 -1.303157 1.970419 1.291264 0.000551 1.000000 
-0.011213 0.223360 -0.316632 -0.065651 -1.303311 1.892789 1.291269 0.000541 1.000000 
-0.009432 0.217178 -0.316571 -0.062543 -1.303466 1.815112 1.291274 0.000532 1.000000 
-0.007703 0.211463 -0.316503 -0.059445 -1.303620 1.737392 1.291279 0.000524 1.000000 
-0.006021 0.206195 -0.316427 -0.056345 -1.303775 1.659630 1.291283 0.000517 1.000000 
-0.004383 0.201353 -0.316345 -0.053230 -1.303930 1.581831 1.291288 0.000510 1.000000 
-0.002784 0.196916 -0.316256 -0.050092 -1.304085 1.503997 1.291292 0.000505 1.000000 
-0.001222 0.192865 -0.316160 -0.046920 -1.304241 1.426130 1.291297 0.000500 1.000000 
0.000306 0.189178 -0.316060 -0.043706 -1.304396 1.348233 1.291301 0.000496 1.000000 
0.001805 0.185834 -0.315953 -0.040445 -1.304551 1.270307 1.291306 0.000493 1.000000 
0.003276 0.182813 -0.315842 -0.037128 -1.304707 1.192355 1.291310 0.000490 1.000000 
0.004722 0.180095 -0.315725 -0.033751 -1.304862 1.114378 1.291314 0.000488 1.000000 
0.006146 0.177658 -0.315603 -0.030308 -1.305018 1.036378 1.291318 0.000487 1.000000 
0.007551 0.175482 -0.315477 -0.026795 -1.305174 0.958355 1.291323 0.000486 1.000000 
0.008938 0.173547 -0.315346 -0.023210 -1.305329 0.880311 1.291327 0.000486 1.000000 
0.010310 0.171831 -0.315210 -0.019548 -1.305485 0.802247 1.291331 0.000487 1.000000 
0.011669 0.170315 -0.315069 -0.015807 -1.305641 0.724164 1.291335 0.000488 1.000000 
0.013016 0.168978 -0.314923 -0.011986 -1.305797 0.646063 1.291339 0.000490 1.000000 
0.014353 0.167800 -0.314772 -0.008082 -1.305953 0.567944 1.291343 0.000492 1.000000 
0.015681 0.166759 -0.314617 -0.004096 -1.306109 0.489807 1.291347 0.000495 1.000000 
0.017002 0.165836 -0.314456 -0.000025 -1.306266 0.411654 1.291351 0.000498 1.000000 
0.018317 0.165010 -0.314291 0.004129 -1.306422 0.333484 1.291356 0.000502 1.000000 
0.019627 0.164260 -0.314121 0.008366 -1.306578 0.255298 1.291360 0.000505 1.000000 
0.020932 0.163567 -0.313945 0.012686 -1.306734 0.177095 1.291364 0.000509 1.000000 
0.022234 0.162910 -0.313764 0.017088 -1.306891 0.098877 1.291368 0.000514 1.000000 
0.023532 0.162269 -0.313578 0.021569 -1.307047 0.020643 1.291372 0.000518 1.000000 
0.024828 0.161620 -0.313383 0.026141 -1.307278 -0.057603 1.291376 0.000525 1.000000 
0.026118 0.160904 -0.313155 0.031056 -1.308051 -0.135827 1.291381 0.000550 1.000000 
0.027402 0.160047 -0.312884 0.036768 -1.309451 -0.213988 1.291385 0.000596 1.000000 
0.028678 0.158971 -0.312563 0.043737 -1.311475 -0.292041 1.291390 0.000662 1.000000 
0.029945 0.157594 -0.312180 0.052418 -1.314123 -0.369923 1.291396 0.000748 1.000000 
0.031199 0.155827 -0.311719 0.063265 -1.317393 -0.447550 1.291402 0.000855 1.000000 
0.032437 0.153577 -0.311161 0.076724 -1.321283 -0.524814 1.291409 0.000981 1.000000 
0.033654 0.150744 -0.310483 0.093236 -1.325789 -0.601575 1.291418 0.001127 1.000000 
0.034847 0.147228 -0.309660 0.113229 -1.330906 -0.677655 1.291428 0.001293 1.000000 
0.036008 0.142921 -0.308661 0.137121 -1.336629 -0.752837 1.291439 0.001477 1.000000 
0.037131 0.137716 -0.307454 0.165309 -1.342948 -0.826856 1.291451 0.001681 1.000000 
0.038209 0.131503 -0.306004 0.198169 -1.349855 -0.899398 1.291466 0.001904 1.000000 
0.039232 0.124171 -0.304270 0.236044 -1.357334 -0.970098 1.291482 0.002146 1.000000 
0.040192 0.115613 -0.302213 0.279246 -1.365370 -1.038533 1.291500 0.002407 1.000000 
0.041078 0.105723 -0.299787 0.328038 -1.373943 -1.104225 1.291520 0.002688 1.000000 
0.041880 0.094401 -0.296949 0.382634 -1.383029 -1.166637 1.291543 0.002989 1.000000 
0.042585 0.081557 -0.293649 0.443182 -1.392599 -1.225180 1.291568 0.003312 1.000000 
0.043180 0.067108 -0.289842 0.509761 -1.402620 -1.279209 1.291596 0.003659 1.000000 
0.043654 0.050988 -0.285477 0.582365 -1.413052 -1.328035 1.291627 0.004031 1.000000 
0.043992 0.033147 -0.280508 0.660895 -1.423852 -1.370927 1.291661 0.004432 1.000000 
0.044180 0.013553 -0.274888 0.745150 -1.434969 -1.407126 1.291698 0.004866 1.000000 
0.044204 -0.007799 -0.268571 0.834816 -1.446347 -1.435854 1.291739 0.005338 1.000000 
0.044050 -0.030890 -0.261517 0.929458 -1.457921 -1.456331 1.291783 0.005855 1.000000 
0.043705 -0.055672 -0.253688 1.028517 -1.469624 -1.467790 1.291832 0.006426 1.000000 
0.043155 -0.082061 -0.245051 1.131303 -1.481380 -1.469499 1.291886 0.007064 1.000000 
0.042388 -0.109943 -0.235579 1.236994 -1.493108 -1.460778 1.291946 0.007784 1.000000 
0.041392 -0.139165 -0.225254 1.344644 -1.504723 -1.441029 1.292011 0.008609 1.000000 
0.040158 -0.169539 -0.214063 1.453183 -1.516134 -1.409750 1.292084 0.009570 1.000000 
0.038677 -0.200840 -0.202004 1.561434 -1.527247 -1.366568 1.292165 0.010712 1.000000 
0.036943 -0.232809 -0.189084 1.668127 -1.537966 -1.311254 1.292256 0.012098 1.000000 
0.034951 -0.265156 -0.175321 1.771918 -1.548195 -1.243749 1.292359 0.013831 1.000000 
0.032700 -0.297561 -0.160745 1.871415 -1.557834 -1.164176 1.292478 0.016069 1.000000 
0.030191 -0.329683 -0.145394 1.965207 -1.566790 -1.072859 1.292618 0.019087 1.000000 
0.027427 -0.361165 -0.129320 2.051895 -1.574970 -0.970326 1.292787 0.023383 1.000000 
0.024415 -0.391641 -0.112586 2.130128 -1.582287 -0.857313 1.292998 0.029948 1.000000 
0.021165 -0.420747 -0.095264 2.198633 -1.588662 -0.734753 1.293278 0.041009 1.000000 
0.017688 -0.448128 -0.077437 2.256253 -1.594021 -0.603760 1.293681 0.062404 1.000000 
0.014000 -0.473456 -0.059196 2.301978 -1.598303 -0.465584 1.294351 0.113468 1.000000 
0.010119 -0.496447 -0.040639 2.334964 -1.601454 -0.321488 1.295793 0.287266 1.000000 
0.006064 -0.516966 -0.021872 2.354529 -1.603433 -0.172115 1.301211 1.535092 1.000000 
0.003946 0.511353 -0.012106 -2.190074 -1.603976 0.086322 1.318063 -6.789298 1.000000 
0.007966 0.493320 -0.029591 -2.179213 -1.602740 0.220875 1.301150 -0.578586 1.000000 
0.011833 0.473268 -0.046942 -2.156447 -1.600456 0.349373 1.298591 -0.175713 1.000000 
0.015532 0.451007 -0.064064 -2.122354 -1.597163 0.473173 1.297617 -0.085135 1.000000 
0.019044 0.426739 -0.080871 -2.077567 -1.592901 0.591333 1.297086 -0.052144 1.000000 
0.022355 0.400733 -0.097279 -2.022857 -1.587719 0.702760 1.296738 -0.036507 1.000000 
0.025452 0.373289 -0.113213 -1.959128 -1.581677 0.806431 1.296484 -0.027755 1.000000 
0.028325 0.344722 -0.128604 -1.887393 -1.574839 0.901454 1.296286 -0.022267 1.000000 
0.030965 0.315354 -0.143392 -1.808749 -1.567279 0.987090 1.296123 -0.018534 1.000000 
0.033369 0.285504 -0.157528 -1.724347 -1.559073 1.062768 1.295986 -0.015835 1.000000 
0.035533 0.255483 -0.170970 -1.635369 -1.550302 1.128088 1.295868 -0.013790 1.000000 
0.037457 0.225584 -0.183685 -1.542997 -1.541051 1.182818 1.295764 -0.012182 1.000000 
0.039143 0.196081 -0.195652 -1.448390 -1.531406 1.226887 1.295672 -0.010880 1.000000 
0.040596 0.167224 -0.206856 -1.352662 -1.521449 1.260372 1.295590 -0.009799 1.000000 
0.041821 0.139232 -0.217294 -1.256860 -1.511267 1.283486 1.295515 -0.008884 1.000000 
0.042827 0.112297 -0.226969 -1.161953 -1.500941 1.296559 1.295447 -0.008096 1.000000 
0.043621 0.086578 -0.235890 -1.068814 -1.490548 1.300018 1.295385 -0.007408 1.000000 
0.044216 0.062202 -0.244076 -0.978218 -1.480164 1.294374 1.295329 -0.006799 1.000000 
0.044620 0.039267 -0.251550 -0.890831 -1.469861 1.280196 1.295276 -0.006255 1.000000 
0.044848 0.017840 -0.258340 -0.807210 -1.459702 1.258099 1.295228 -0.005765 1.000000 
0.044910 -0.002040 -0.264477 -0.727806 -1.449751 1.228721 1.295184 -0.005320 1.000000 
0.044819 -0.020359 -0.269997 -0.652964 -1.440061 1.192715 1.295143 -0.004914 1.000000 
0.044588 -0.037125 -0.274937 -0.582926 -1.430683 1.150729 1.295105 -0.004543 1.000000 
0.044229 -0.052368 -0.279337 -0.517843 -1.421663 1.103397 1.295070 -0.004201 1.000000 
0.043754 -0.066136 -0.283236 -0.457778 -1.413041 1.051329 1.295038 -0.003886 1.000000 
0.043175 -0.078488 -0.286675 -0.402713 -1.404853 0.995105 1.295008 -0.003596 1.000000 
0.042502 -0.089500 -0.289692 -0.352563 -1.397129 0.935266 1.294980 -0.003330 1.000000 
0.041746 -0.099255 -0.292328 -0.307177 -1.389897 0.872312 1.294955 -0.003085 1.000000 
0.040917 -0.107843 -0.294619 -0.266349 -1.383179 0.806699 1.294931 -0.002862 1.000000 
0.040024 -0.115362 -0.296601 -0.229829 -1.376996 0.738841 1.294909 -0.002659 1.000000 
0.039074 -0.121910 -0.298307 -0.197323 -1.371363 0.669103 1.294888 -0.002476 1.000000 
0.038075 -0.127588 -0.299768 -0.168506 -1.366294 0.597811 1.294869 -0.002312 1.000000 
0.037035 -0.132499 -0.301012 -0.143024 -1.361801 0.525249 1.294851 -0.002169 1.000000 
0.035957 -0.136744 -0.302065 -0.120500 -1.357893 0.451663 1.294835 -0.002045 1.000000 
0.034848 -0.140420 -0.302947 -0.100539 -1.354577 0.377266 1.294819 -0.001941 1.000000 
0.033712 -0.143623 -0.303679 -0.082731 -1.351859 0.302239 1.294803 -0.001856 1.000000 
0.032551 -0.146448 -0.304276 -0.066655 -1.349742 0.226740 1.294789 -0.001792 1.000000 
0.031369 -0.148981 -0.304749 -0.051881 -1.348232 0.150906 1.294775 -0.001749 1.000000 
0.030168 -0.151308 -0.305108 -0.037973 -1.347328 0.074858 1.294761 -0.001726 1.000000 
0.028949 -0.153506 -0.305358 -0.024492 -1.347034 -0.001294 1.294747 -0.001724 1.000000 
0.027712 -0.155651 -0.305500 -0.010994 -1.347349 -0.077445 1.294733 -0.001745 1.000000 
0.026458 -0.157811 -0.305532 0.002962 -1.348273 -0.153488 1.294719 -0.001788 1.000000 
0.025187 -0.160048 -0.305450 0.017820 -1.349804 -0.229313 1.294704 -0.001854 1.000000 
0.023897 -0.162419 -0.305244 0.034017 -1.351941 -0.304799 1.294689 -0.001945 1.000000 
0.022588 -0.164975 -0.304901 0.051987 -1.354680 -0.379810 1.294673 -0.002063 1.000000 
0.021257 -0.167759 -0.304406 0.072156 -1.358016 -0.454188 1.294656 -0.002209 1.000000 
0.019903 -0.170809 -0.303739 0.094940 -1.361945 -0.527752 1.294638 -0.002386 1.000000 
0.018523 -0.174154 -0.302879 0.120740 -1.366458 -0.600289 1.294618 -0.002597 1.000000 
0.017116 -0.177816 -0.301799 0.149940 -1.371546 -0.671556 1.294596 -0.002847 1.000000 
0.015677 -0.181810 -0.300470 0.182904 -1.377198 -0.741269 1.294572 -0.003140 1.000000 
0.014206 -0.186141 -0.298861 0.219967 -1.383401 -0.809107 1.294546 -0.003484 1.000000 
0.012698 -0.190807 -0.296939 0.261431 -1.390138 -0.874707 1.294516 -0.003885 1.000000 
0.011152 -0.195795 -0.294666 0.307559 -1.397390 -0.937662 1.294483 -0.004356 1.000000 
0.009565 -0.201082 -0.292005 0.358569 -1.405132 -0.997522 1.294446 -0.004908 1.000000 
0.007934 -0.206638 -0.288915 0.414622 -1.413340 -1.053794 1.294405 -0.005558 1.000000 
0.006258 -0.212419 -0.285357 0.475820 -1.421982 -1.105948 1.294357 -0.006327 1.000000 
0.004535 -0.218374 -0.281288 0.542193 -1.431023 -1.153415 1.294303 -0.007242 1.000000 
0.002764 -0.224437 -0.276668 0.613692 -1.440423 -1.195601 1.294241 -0.008337 1.000000 
0.000944 -0.230537 -0.271456 0.690183 -1.450137 -1.231885 1.294169 -0.009657 1.000000 
-0.000925 -0.236589 -0.265613 0.771436 -1.460116 -1.261639 1.294086 -0.011262 1.000000 
-0.002841 -0.242499 -0.259101 0.857125 -1.470304 -1.284232 1.293988 -0.013229 1.000000 
-0.004804 -0.248168 -0.251888 0.946814 -1.480642 -1.299045 1.293873 -0.015665 1.000000 
-0.006811 -0.253485 -0.243943 1.039962 -1.491066 -1.305489 1.293736 -0.018715 1.000000 
-0.008859 -0.258336 -0.235241 1.135919 -1.501507 -1.303021 1.293571 -0.022581 1.000000 
-0.010943 -0.262603 -0.225763 1.233928 -1.511890 -1.291160 1.293371 -0.027548 1.000000 
-0.013058 -0.266165 -0.215495 1.333129 -1.522139 -1.269506 1.293126 -0.034033 1.000000 
-0.015199 -0.268903 -0.204432 1.432570 -1.532175 -1.237765 1.292821 -0.042647 1.000000 
-0.017358 -0.270701 -0.192576 1.531217 -1.541916 -1.195759 1.292436 -0.054327 1.000000 
-0.019528 -0.271447 -0.179938 1.627971 -1.551280 -1.143453 1.291940 -0.070538 1.000000 
-0.021699 -0.271041 -0.166537 1.721688 -1.560184 -1.080968 1.291289 -0.093660 1.000000 
-0.023861 -0.269393 -0.152402 1.811197 -1.568549 -1.008599 1.290413 -0.127712 1.000000 
-0.026005 -0.266428 -0.137572 1.895333 -1.576296 -0.926833 1.289198 -0.179807 1.000000 
-0.028120 -0.262086 -0.122094 1.972963 -1.583355 -0.836363 1.287453 -0.263227 1.000000 
-0.030195 -0.256324 -0.106024 2.043019 -1.589657 -0.738109 1.284835 -0.404379 1.000000 
-0.032218 -0.249117 -0.089428 2.104536 -1.595147 -0.633249 1.280685 -0.659648 1.000000 
-0.034177 -0.240451 -0.072377 2.156701 -1.599776 -0.523238 1.273645 -1.158968 1.000000 
-0.036061 -0.230311 -0.054948 2.198912 -1.603510 -0.409825 1.260680 -2.220699 1.000000 
-0.037858 -0.218671 -0.037222 2.230851 -1.606329 -0.294992 1.234661 -4.599425 1.000000 
-0.039556 -0.205589 -0.019282 2.252486 -1.608232 -0.181434 1.180552 -9.341618 1.000000 
-0.041145 -0.191851 -0.001209 2.264122 -1.609255 -0.076636 1.084453 -14.054012 1.000000 
-0.042628 -0.179082 0.016922 2.267571 -1.609514 0.008151 0.974388 -12.327955 1.000000 
-0.044014 -0.167624 0.035059 2.265750 -1.609173 0.074874 0.895238 -7.521031 1.000000 
-0.045312 -0.156835 0.053165 2.260288 -1.608340 0.132255 0.849669 -4.187887 1.000000 
-0.046524 -0.146288 0.071215 2.251744 -1.607068 0.185167 0.824088 -2.400135 1.000000 
-0.047653 -0.135802 0.089185 2.240331 -1.605384 0.235521 0.809043 -1.457984 1.000000 
-0.048697 -0.125311 0.107053 2.226167 -1.603305 0.284035 0.799651 -0.938589 1.000000 
-0.049658 -0.114791 0.124797 2.209344 -1.600844 0.330964 0.793457 -0.635673 1.000000 
-0.050534 -0.104242 0.142396 2.189946 -1.598014 0.376369 0.789174 -0.449362 1.000000 
-0.051325 -0.093672 0.159829 2.168058 -1.594826 0.420228 0.786093 -0.329291 1.000000 
-0.052032 -0.083096 0.177078 2.143772 -1.591294 0.462475 0.783801 -0.248737 1.000000 
-0.052655 -0.072529 0.194123 2.117181 -1.587431 0.503026 0.782048 -0.192802 1.000000 
-0.053193 -0.061989 0.210947 2.088386 -1.583251 0.541787 0.780674 -0.152796 1.000000 
-0.053647 -0.051496 0.227532 2.057490 -1.578767 0.578667 0.779575 -0.123440 1.000000 
-0.054017 -0.041066 0.243862 2.024604 -1.573997 0.613574 0.778679 -0.101414 1.000000 
-0.054304 -0.030720 0.259921 1.989840 -1.568956 0.646422 0.777938 -0.084562 1.000000 
-0.054509 -0.020473 0.275694 1.953315 -1.563660 0.677132 0.777316 -0.071443 1.000000 
-0.054632 -0.010345 0.291169 1.915149 -1.558128 0.705631 0.776788 -0.061074 1.000000 
-0.054675 -0.000350 0.306333 1.875463 -1.552376 0.731856 0.776334 -0.052765 1.000000 
-0.054638 0.009495 0.321173 1.834379 -1.546424 0.755750 0.775939 -0.046025 1.000000 
-0.054523 0.019176 0.335679 1.792021 -1.540290 0.777268 0.775594 -0.040496 1.000000 
-0.054332 0.028680 0.349842 1.748511 -1.533994 0.796372 0.775289 -0.035916 1.000000 
-0.054065 0.037995 0.363653 1.703972 -1.527555 0.813032 0.775017 -0.032087 1.000000 
-0.053724 0.047108 0.377103 1.658523 -1.520992 0.827228 0.774774 -0.028858 1.000000 
-0.053312 0.056010 0.390187 1.612283 -1.514326 0.838949 0.774554 -0.026116 1.000000 
-0.052829 0.064693 0.402898 1.565367 -1.507576 0.848193 0.774355 -0.023771 1.000000 
-0.052277 0.073149 0.415231 1.517887 -1.500761 0.854964 0.774173 -0.021752 1.000000 
-0.051659 0.081371 0.427183 1.469950 -1.493903 0.859275 0.774006 -0.020005 1.000000 
-0.050976 0.089353 0.438750 1.421661 -1.487020 0.861147 0.773853 -0.018484 1.000000 
-0.050230 0.097092 0.449929 1.373117 -1.480131 0.860608 0.773710 -0.017153 1.000000 
-0.049423 0.104585 0.460719 1.324413 -1.473256 0.857691 0.773578 -0.015985 1.000000 
-0.048557 0.111829 0.471119 1.275635 -1.466414 0.852438 0.773454 -0.014954 1.000000 
-0.047634 0.118824 0.481129 1.226865 -1.459623 0.844894 0.773338 -0.014041 1.000000 
-0.046657 0.125569 0.490749 1.178180 -1.452902 0.835111 0.773229 -0.013230 1.000000 
-0.045626 0.132065 0.499981 1.129650 -1.446267 0.823147 0.773126 -0.012508 1.000000 
-0.044544 0.138314 0.508824 1.081336 -1.439737 0.809060 0.773029 -0.011862 1.000000 
-0.043414 0.144318 0.517283 1.033296 -1.433328 0.792918 0.772936 -0.011285 1.000000 
-0.042236 0.150081 0.525358 0.985580 -1.427056 0.774788 0.772848 -0.010766 1.000000 
-0.041013 0.155606 0.533053 0.938231 -1.420936 0.754742 0.772764 -0.010301 1.000000 
-0.039747 0.160897 0.540371 0.891287 -1.414985 0.732854 0.772683 -0.009882 1.000000 
-0.038439 0.165960 0.547315 0.844778 -1.409215 0.709203 0.772606 -0.009505 1.000000 
-0.037092 0.170800 0.553888 0.798728 -1.403642 0.683866 0.772531 -0.009166 1.000000 
-0.035707 0.175422 0.560096 0.753156 -1.398278 0.656924 0.772459 -0.008861 1.000000 
-0.034286 0.179833 0.565940 0.708072 -1.393135 0.628461 0.772389 -0.008586 1.000000 
-0.032830 0.184038 0.571426 0.663485 -1.388226 0.598558 0.772321 -0.008339 1.000000 
-0.031342 0.188045 0.576557 0.619394 -1.383562 0.567301 0.772256 -0.008119 1.000000 
-0.029822 0.191859 0.581338 0.575795 -1.379153 0.534775 0.772191 -0.007921 1.000000 
-0.028273 0.195487 0.585771 0.532678 -1.375009 0.501064 0.772129 -0.007746 1.000000 
-0.026695 0.198937 0.589862 0.490028 -1.371139 0.466255 0.772067 -0.007591 1.000000 
-0.025090 0.202213 0.593613 0.447826 -1.367551 0.430435 0.772007 -0.007455 1.000000 
-0.023460 0.205324 0.597028 0.406049 -1.364254 0.393688 0.771948 -0.007337 1.000000 
-0.021805 0.208274 0.600111 0.364670 -1.361255 0.356101 0.771890 -0.007236 1.000000 
-0.020128 0.211070 0.602864 0.323657 -1.358559 0.317760 0.771832 -0.007152 1.000000 
-0.018429 0.213717 0.605290 0.282978 -1.356172 0.278751 0.771775 -0.007083 1.000000 
-0.016709 0.216221 0.607392 0.242595 -1.354100 0.239159 0.771719 -0.007029 1.000000 
-0.014969 0.218587 0.609172 0.202469 -1.352347 0.199070 0.771663 -0.006990 1.000000 
-0.013212 0.220819 0.610632 0.162559 -1.350916 0.158569 0.771607 -0.006966 1.000000 
-0.011437 0.222922 0.611774 0.122820 -1.349811 0.117741 0.771551 -0.006956 1.000000 
-0.009645 0.224899 0.612598 0.083209 -1.349033 0.076672 0.771496 -0.006960 1.000000 
-0.007839 0.226754 0.613105 0.043679 -1.348584 0.035445 0.771440 -0.006978 1.000000 
-0.006018 0.228489 0.613297 0.004185 -1.348466 -0.005855 0.771384 -0.007011 1.000000 
-0.004183 0.230106 0.613172 -0.035321 -1.348678 -0.047142 0.771328 -0.007059 1.000000 
-0.002336 0.231607 0.612732 -0.074886 -1.349220 -0.088334 0.771271 -0.007122 1.000000 
-0.000478 0.232994 0.611974 -0.114555 -1.350091 -0.129344 0.771214 -0.007200 1.000000 
0.001391 0.234267 0.610898 -0.154375 -1.351289 -0.170088 0.771156 -0.007294 1.000000 
0.003270 0.235425 0.609503 -0.194389 -1.352811 -0.210481 0.771097 -0.007405 1.000000 
0.005158 0.236469 0.607787 -0.234641 -1.354655 -0.250440 0.771037 -0.007534 1.000000 
0.007054 0.237397 0.605748 -0.275171 -1.356817 -0.289877 0.770976 -0.007681 1.000000 
0.008956 0.238206 0.603384 -0.316020 -1.359292 -0.328709 0.770914 -0.007848 1.000000 
0.010864 0.238896 0.600691 -0.357221 -1.362074 -0.366850 0.770851 -0.008036 1.000000 
0.012778 0.239463 0.597667 -0.398810 -1.365159 -0.404214 0.770786 -0.008247 1.000000 
0.014696 0.239904 0.594309 -0.440816 -1.368540 -0.440717 0.770719 -0.008482 1.000000 
0.016616 0.240214 0.590613 -0.483264 -1.372208 -0.476271 0.770650 -0.008744 1.000000 
0.018539 0.240390 0.586576 -0.526179 -1.376157 -0.510793 0.770579 -0.009034 1.000000 
0.020462 0.240426 0.582193 -0.569577 -1.380378 -0.544195 0.770505 -0.009355 1.000000 
0.022385 0.240317 0.577461 -0.613473 -1.384861 -0.576394 0.770429 -0.009711 1.000000 
0.024307 0.240057 0.572376 -0.657875 -1.389597 -0.607305 0.770350 -0.010104 1.000000 
0.026226 0.239641 0.566934 -0.702786 -1.394574 -0.636843 0.770267 -0.010539 1.000000 
0.028140 0.239061 0.561130 -0.748205 -1.399782 -0.664925 0.770181 -0.011019 1.000000 
0.030050 0.238312 0.554961 -0.794125 -1.405209 -0.691470 0.770091 -0.011552 1.000000 
0.031953 0.237385 0.548423 -0.840532 -1.410842 -0.716396 0.769996 -0.012141 1.000000 
0.033848 0.236275 0.541511 -0.887407 -1.416667 -0.739624 0.769896 -0.012795 1.000000 
0.035733 0.234973 0.534223 -0.934724 -1.422671 -0.761076 0.769791 -0.013520 1.000000 
0.037607 0.233472 0.526555 -0.982452 -1.428839 -0.780679 0.769680 -0.014328 1.000000 
0.039468 0.231765 0.518503 -1.030552 -1.435157 -0.798358 0.769562 -0.015228 1.000000 
0.041314 0.229844 0.510065 -1.078980 -1.441608 -0.814045 0.769436 -0.016233 1.000000 
0.043145 0.227703 0.501238 -1.127685 -1.448176 -0.827674 0.769302 -0.017358 1.000000 
0.044957 0.225334 0.492021 -1.176609 -1.454845 -0.839181 0.769158 -0.018621 1.000000 
0.046750 0.222731 0.482412 -1.225687 -1.461597 -0.848510 0.769003 -0.020044 1.000000 
0.048520 0.219886 0.472410 -1.274851 -1.468415 -0.855606 0.768837 -0.021651 1.000000 
0.050267 0.216794 0.462015 -1.324022 -1.475281 -0.860421 0.768656 -0.023473 1.000000 
0.051988 0.213450 0.451226 -1.373119 -1.482175 -0.862914 0.768460 -0.025546 1.000000 
0.053682 0.209848 0.440045 -1.422054 -1.489081 -0.863046 0.768247 -0.027914 1.000000 
0.055345 0.205983 0.428474 -1.470732 -1.495978 -0.860789 0.768013 -0.030631 1.000000 
0.056977 0.201852 0.416514 -1.519056 -1.502847 -0.856118 0.767756 -0.033763 1.000000 
0.058574 0.197452 0.404170 -1.566922 -1.509669 -0.849019 0.767471 -0.037394 1.000000 
0.060135 0.192781 0.391445 -1.614222 -1.516425 -0.839484 0.767156 -0.041623 1.000000 
0.061658 0.187837 0.378344 -1.660846 -1.523094 -0.827513 0.766803 -0.046581 1.000000 
0.063140 0.182620 0.364874 -1.706678 -1.529659 -0.813115 0.766408 -0.052430 1.000000 
0.064579 0.177130 0.351040 -1.751603 -1.536098 -0.796309 0.765962 -0.059377 1.000000 
0.065973 0.171368 0.336851 -1.795501 -1.542393 -0.777121 0.765454 -0.067693 1.000000 
0.067320 0.165338 0.322315 -1.838253 -1.548526 -0.755590 0.764874 -0.077727 1.000000 
0.068618 0.159043 0.307442 -1.879738 -1.554476 -0.731762 0.764205 -0.089945 1.000000 
0.069864 0.152487 0.292243 -1.919835 -1.560228 -0.705695 0.763427 -0.104965 1.000000 
0.071057 0.145677 0.276729 -1.958426 -1.565762 -0.677457 0.762516 -0.123629 1.000000 
0.072194 0.138619 0.260912 -1.995393 -1.571062 -0.647127 0.761436 -0.147090 1.000000 
0.073274 0.131323 0.244807 -2.030622 -1.576110 -0.614793 0.760145 -0.176959 1.000000 
0.074295 0.123796 0.228427 -2.064002 -1.580893 -0.580558 0.758582 -0.215520 1.000000 
0.075254 0.116050 0.211788 -2.095427 -1.585395 -0.544535 0.756665 -0.266067 1.000000 
0.076151 0.108096 0.194906 -2.124794 -1.589601 -0.506850 0.754280 -0.333436 1.000000 
0.076983 0.099947 0.177797 -2.152011 -1.593500 -0.467641 0.751266 -0.424857 1.000000 
0.077750 0.091617 0.160480 -2.176990 -1.597080 -0.427064 0.747390 -0.551322 1.000000 
0.078449 0.083120 0.142972 -2.199653 -1.600330 -0.385290 0.742307 -0.729777 1.000000 
0.079079 0.074471 0.125292 -2.219933 -1.603242 -0.342508 0.735506 -0.986537 1.000000 
0.079640 0.065688 0.107459 -2.237774 -1.605808 -0.298933 0.726208 -1.362124 1.000000 
0.080130 0.056789 0.089494 -2.253136 -1.608023 -0.254806 0.713237 -1.916416 1.000000 
0.080548 0.047792 0.071416 -2.265994 -1.609884 -0.210402 0.694860 -2.727710 1.000000 
0.080894 0.038721 0.053245 -2.276347 -1.611390 -0.166044 0.668716 -3.865056 1.000000 
0.081168 0.029611 0.035001 -2.284215 -1.612542 -0.122134 0.632219 -5.292884 1.000000 
0.081368 0.020511 0.016704 -2.289656 -1.613347 -0.079196 0.584042 -6.704127 1.000000 
0.081496 0.011494 -0.001627 -2.292774 -1.613814 -0.037871 0.526603 -7.501144 1.000000 
0.081553 0.002635 -0.019975 -2.293732 -1.613958 0.001296 0.466893 -7.247865 1.000000 
0.081539 -0.006030 -0.038322 -2.292728 -1.613799 0.038155 0.412933 -6.147130 1.000000 
0.081457 -0.014507 -0.056654 -2.289937 -1.613353 0.072974 0.369249 -4.772370 1.000000 
0.081307 -0.022826 -0.074957 -2.285492 -1.612636 0.106183 0.336168 -3.540173 1.000000 
0.081092 -0.031017 -0.093217 -2.279480 -1.611658 0.138160 0.311847 -2.587630 1.000000 
0.080811 -0.039102 -0.111424 -2.271960 -1.610428 0.169163 0.294062 -1.897556 1.000000 
0.080466 -0.047093 -0.129565 -2.262976 -1.608953 0.199348 0.280950 -1.408864 1.000000 
0.080058 -0.054997 -0.147628 -2.252562 -1.607240 0.228797 0.271141 -1.063225 1.000000 
0.079587 -0.062816 -0.165602 -2.240748 -1.605294 0.257546 0.263676 -0.816482 1.000000 
0.079053 -0.070549 -0.183476 -2.227565 -1.603121 0.285606 0.257896 -0.637834 1.000000 
0.078458 -0.078195 -0.201240 -2.213040 -1.600726 0.312964 0.253345 -0.506412 1.000000 
0.077802 -0.085750 -0.218881 -2.197204 -1.598116 0.339601 0.249705 -0.408151 1.000000 
0.077086 -0.093209 -0.236391 -2.180085 -1.595295 0.365490 0.246752 -0.333521 1.000000 
0.076311 -0.100569 -0.253760 -2.161715 -1.592270 0.390597 0.244324 -0.275990 1.000000 
0.075477 -0.107824 -0.270976 -2.142126 -1.589047 0.414891 0.242303 -0.231022 1.000000 
0.074586 -0.114969 -0.288030 -2.121353 -1.585634 0.438337 0.240602 -0.195420 1.000000 
0.073638 -0.122000 -0.304914 -2.099428 -1.582036 0.460900 0.239157 -0.166897 1.000000 
0.072635 -0.128912 -0.321618 -2.076388 -1.578262 0.482546 0.237918 -0.143796 1.000000 
0.071576 -0.135700 -0.338134 -2.052270 -1.574318 0.503243 0.236845 -0.124897 1.000000 
0.070464 -0.142361 -0.354452 -2.027111 -1.570213 0.522958 0.235911 -0.109292 1.000000 
0.069299 -0.148890 -0.370565 -2.000949 -1.565954 0.541663 0.235090 -0.096297 1.000000 
0.068082 -0.155283 -0.386464 -1.973824 -1.561549 0.559329 0.234364 -0.085389 1.000000 
0.066814 -0.161537 -0.402143 -1.945776 -1.557007 0.575931 0.233719 -0.076166 1.000000 
0.065498 -0.167648 -0.417594 -1.916845 -1.552337 0.591444 0.233142 -0.068315 1.000000 
0.064132 -0.173614 -0.432811 -1.887070 -1.547547 0.605847 0.232623 -0.061590 1.000000 
0.062720 -0.179431 -0.447785 -1.856494 -1.542646 0.619121 0.232154 -0.055795 1.000000 
0.061262 -0.185097 -0.462513 -1.825157 -1.537644 0.631247 0.231728 -0.050774 1.000000 
0.059759 -0.190610 -0.476986 -1.793100 -1.532549 0.642212 0.231340 -0.046402 1.000000 
0.058213 -0.195969 -0.491200 -1.760364 -1.527372 0.652002 0.230984 -0.042577 1.000000 
0.056624 -0.201171 -0.505150 -1.726988 -1.522121 0.660608 0.230657 -0.039216 1.000000 
0.054994 -0.206215 -0.518831 -1.693014 -1.516805 0.668022 0.230356 -0.036250 1.000000 
0.053325 -0.211100 -0.532237 -1.658481 -1.511435 0.674238 0.230077 -0.033622 1.000000 
0.051617 -0.215826 -0.545365 -1.623428 -1.506021 0.679252 0.229817 -0.031286 1.000000 
0.049872 -0.220392 -0.558210 -1.587893 -1.500571 0.683063 0.229575 -0.029202 1.000000 
0.048091 -0.224798 -0.570770 -1.551913 -1.495095 0.685674 0.229349 -0.027337 1.000000 
0.046276 -0.229043 -0.583040 -1.515526 -1.489603 0.687086 0.229137 -0.025663 1.000000 
0.044427 -0.233129 -0.595017 -1.478767 -1.484105 0.687306 0.228938 -0.024156 1.000000 
0.042546 -0.237055 -0.606699 -1.441670 -1.478609 0.686340 0.228751 -0.022796 1.000000 
0.040635 -0.240822 -0.618083 -1.404269 -1.473126 0.684198 0.228573 -0.021566 1.000000 
0.038693 -0.244431 -0.629167 -1.366597 -1.467665 0.680892 0.228405 -0.020451 1.000000 
0.036724 -0.247884 -0.639948 -1.328683 -1.462235 0.676435 0.228246 -0.019437 1.000000 
0.034728 -0.251181 -0.650425 -1.290559 -1.456845 0.670841 0.228094 -0.018515 1.000000 
0.032706 -0.254323 -0.660597 -1.252251 -1.451505 0.664127 0.227949 -0.017673 1.000000 
0.030659 -0.257313 -0.670461 -1.213787 -1.446222 0.656312 0.227811 -0.016905 1.000000 
0.028589 -0.260152 -0.680017 -1.175193 -1.441007 0.647416 0.227679 -0.016202 1.000000 
0.026497 -0.262842 -0.689264 -1.136492 -1.435866 0.637460 0.227552 -0.015558 1.000000 
0.024384 -0.265385 -0.698201 -1.097706 -1.430810 0.626466 0.227429 -0.014968 1.000000 
0.022251 -0.267782 -0.706827 -1.058857 -1.425846 0.614460 0.227312 -0.014426 1.000000 
0.020100 -0.270036 -0.715142 -1.019964 -1.420981 0.601466 0.227199 -0.013928 1.000000 
0.017931 -0.272149 -0.723146 -0.981045 -1.416225 0.587512 0.227089 -0.013471 1.000000 
0.015746 -0.274123 -0.730839 -0.942116 -1.411584 0.572625 0.226983 -0.013050 1.000000 
0.013545 -0.275959 -0.738220 -0.903192 -1.407065 0.556834 0.226880 -0.012664 1.000000 
0.011331 -0.277662 -0.745290 -0.864287 -1.402677 0.540169 0.226780 -0.012308 1.000000 
0.009103 -0.279231 -0.752049 -0.825411 -1.398425 0.522661 0.226683 -0.011981 1.000000 
0.006863 -0.280670 -0.758497 -0.786576 -1.394316 0.504342 0.226588 -0.011681 1.000000 
0.004613 -0.281982 -0.764634 -0.747791 -1.390357 0.485243 0.226496 -0.011405 1.000000 
0.002352 -0.283167 -0.770461 -0.709063 -1.386554 0.465400 0.226406 -0.011153 1.000000 
0.000082 -0.284228 -0.775979 -0.670398 -1.382913 0.444845 0.226318 -0.010922 1.000000 
-0.002195 -0.285167 -0.781188 -0.631801 -1.379439 0.423613 0.226231 -0.010710 1.000000 
-0.004480 -0.285986 -0.786088 -0.593275 -1.376137 0.401739 0.226146 -0.010518 1.000000 
-0.006771 -0.286687 -0.790681 -0.554825 -1.373012 0.379260 0.226063 -0.010344 1.000000 
-0.009067 -0.287272 -0.794966 -0.516449 -1.370070 0.356211 0.225981 -0.010186 1.000000 
-0.011367 -0.287742 -0.798944 -0.478149 -1.367314 0.332629 0.225900 -0.010044 1.000000 
-0.013670 -0.288099 -0.802616 -0.439924 -1.364749 0.308551 0.225820 -0.009918 1.000000 
-0.015976 -0.288344 -0.805983 -0.401772 -1.362379 0.284015 0.225741 -0.009806 1.000000 
-0.018283 -0.288479 -0.809045 -0.363690 -1.360206 0.259058 0.225663 -0.009708 1.000000 
-0.020591 -0.288505 -0.811802 -0.325675 -1.358235 0.233719 0.225586 -0.009624 1.000000 
-0.022899 -0.288424 -0.814256 -0.287722 -1.356468 0.208036 0.225509 -0.009552 1.000000 
-0.025206 -0.288235 -0.816406 -0.249826 -1.354907 0.182047 0.225433 -0.009494 1.000000 
-0.027511 -0.287940 -0.818253 -0.211982 -1.353556 0.155791 0.225357 -0.009448 1.000000 
-0.029813 -0.287540 -0.819798 -0.174183 -1.352415 0.129307 0.225282 -0.009414 1.000000 
-0.032111 -0.287036 -0.821040 -0.136423 -1.351487 0.102635 0.225206 -0.009392 1.000000 
-0.034405 -0.286427 -0.821981 -0.098694 -1.350773 0.075813 0.225131 -0.009381 1.000000 
-0.036694 -0.285714 -0.822619 -0.060989 -1.350274 0.048880 0.225056 -0.009383 1.000000 
-0.038976 -0.284897 -0.822956 -0.023301 -1.349991 0.021876 0.224981 -0.009397 1.000000 
-0.041252 -0.283976 -0.822992 0.014377 -1.349925 -0.005160 0.224906 -0.009422 1.000000 
-0.043519 -0.282951 -0.822726 0.052055 -1.350074 -0.032188 0.224830 -0.009459 1.000000 
-0.045779 -0.281822 -0.822159 0.089740 -1.350439 -0.059170 0.224754 -0.009509 1.000000 
-0.048028 -0.280587 -0.821291 0.127438 -1.351020 -0.086065 0.224678 -0.009571 1.000000 
-0.050268 -0.279248 -0.820120 0.165158 -1.351816 -0.112835 0.224601 -0.009645 1.000000 
-0.052496 -0.277803 -0.818648 0.202908 -1.352825 -0.139440 0.224524 -0.009732 1.000000 
-0.054712 -0.276250 -0.816874 0.240693 -1.354047 -0.165842 0.224446 -0.009833 1.000000 
-0.056916 -0.274590 -0.814797 0.278520 -1.355478 -0.192002 0.224366 -0.009947 1.000000 
-0.059105 -0.272822 -0.812417 0.316396 -1.357118 -0.217880 0.224286 -0.010075 1.000000 
-0.061281 -0.270943 -0.809734 0.354325 -1.358963 -0.243438 0.224205 -0.010219 1.000000 
-0.063440 -0.268953 -0.806748 0.392312 -1.361012 -0.268638 0.224123 -0.010378 1.000000 
-0.065584 -0.266850 -0.803457 0.430361 -1.363261 -0.293442 0.224039 -0.010553 1.000000 
-0.067710 -0.264634 -0.799862 0.468476 -1.365706 -0.317812 0.223954 -0.010745 1.000000 
-0.069817 -0.262302 -0.795961 0.506659 -1.368344 -0.341710 0.223867 -0.010956 1.000000 
-0.071906 -0.259853 -0.791755 0.544911 -1.371172 -0.365099 0.223779 -0.011185 1.000000 
-0.073975 -0.257285 -0.787243 0.583232 -1.374184 -0.387943 0.223688 -0.011435 1.000000 
-0.076022 -0.254597 -0.782423 0.621622 -1.377377 -0.410205 0.223596 -0.011707 1.000000 
-0.078048 -0.251786 -0.777296 0.660079 -1.380746 -0.431849 0.223501 -0.012002 1.000000 
-0.080051 -0.248852 -0.771862 0.698600 -1.384285 -0.452840 0.223403 -0.012322 1.000000 
-0.082029 -0.245792 -0.766119 0.737180 -1.387990 -0.473143 0.223304 -0.012669 1.000000 
-0.083983 -0.242605 -0.760067 0.775815 -1.391854 -0.492724 0.223201 -0.013044 1.000000 
-0.085911 -0.239289 -0.753706 0.814498 -1.395871 -0.511550 0.223095 -0.013451 1.000000 
-0.087811 -0.235843 -0.747035 0.853220 -1.400036 -0.529588 0.222985 -0.013891 1.000000 
-0.089684 -0.232264 -0.740054 0.891971 -1.404342 -0.546805 0.222872 -0.014367 1.000000 
-0.091527 -0.228551 -0.732763 0.930741 -1.408783 -0.563172 0.222755 -0.014883 1.000000 
-0.093340 -0.224703 -0.725162 0.969518 -1.413351 -0.578657 0.222634 -0.015442 1.000000 
-0.095122 -0.220717 -0.717251 1.008287 -1.418039 -0.593232 0.222508 -0.016048 1.000000 
-0.096871 -0.216594 -0.709030 1.047032 -1.422840 -0.606867 0.222377 -0.016706 1.000000 
-0.098587 -0.212331 -0.700498 1.085738 -1.427746 -0.619538 0.222241 -0.017421 1.000000 
-0.100268 -0.207928 -0.691658 1.124386 -1.432750 -0.631217 0.222098 -0.018197 1.000000 
-0.101914 -0.203383 -0.682508 1.162955 -1.437843 -0.641879 0.221949 -0.019043 1.000000 
-0.103522 -0.198696 -0.673051 1.201424 -1.443017 -0.651503 0.221793 -0.019964 1.000000 
-0.105092 -0.193866 -0.663286 1.239771 -1.448264 -0.660065 0.221630 -0.020969 1.000000 
-0.106623 -0.188892 -0.653215 1.277971 -1.453575 -0.667546 0.221458 -0.022068 1.000000 
-0.108114 -0.183775 -0.642839 1.315998 -1.458942 -0.673926 0.221276 -0.023271 1.000000 
-0.109563 -0.178515 -0.632159 1.353825 -1.464355 -0.679190 0.221085 -0.024591 1.000000 
-0.110970 -0.173110 -0.621178 1.391423 -1.469806 -0.683320 0.220883 -0.026041 1.000000 
-0.112333 -0.167563 -0.609897 1.428764 -1.475285 -0.686303 0.220668 -0.027637 1.000000 
-0.113651 -0.161873 -0.598319 1.465814 -1.480784 -0.688129 0.220440 -0.029398 1.000000 
-0.114922 -0.156042 -0.586445 1.502543 -1.486292 -0.688786 0.220197 -0.031346 1.000000 
-0.116147 -0.150070 -0.574279 1.538917 -1.491801 -0.688266 0.219938 -0.033505 1.000000 
-0.117323 -0.143960 -0.561824 1.574901 -1.497301 -0.686565 0.219660 -0.035904 1.000000 
-0.118450 -0.137712 -0.549082 1.610460 -1.502783 -0.683678 0.219363 -0.038579 1.000000 
-0.119526 -0.131329 -0.536057 1.645557 -1.508237 -0.679604 0.219042 -0.041568 1.000000 
-0.120551 -0.124813 -0.522754 1.680156 -1.513654 -0.674343 0.218697 -0.044919 1.000000 
-0.121523 -0.118167 -0.509176 1.714218 -1.519023 -0.667899 0.218323 -0.048689 1.000000 
-0.122441 -0.111393 -0.495328 1.747705 -1.524337 -0.660277 0.217916 -0.052944 1.000000 
-0.123305 -0.104495 -0.481215 1.780578 -1.529585 -0.651484 0.217474 -0.057765 1.000000 
-0.124113 -0.097476 -0.466841 1.812798 -1.534758 -0.641532 0.216990 -0.063246 1.000000 
-0.124864 -0.090341 -0.452212 1.844325 -1.539846 -0.630432 0.216460 -0.069506 1.000000 
-0.125558 -0.083093 -0.437334 1.875119 -1.544841 -0.618199 0.215876 -0.076686 1.000000 
-0.126193 -0.075736 -0.422212 1.905141 -1.549734 -0.604853 0.215230 -0.084960 1.000000 
-0.126769 -0.068277 -0.406853 1.934351 -1.554516 -0.590412 0.214513 -0.094540 1.000000 
-0.127285 -0.060718 -0.391265 1.962711 -1.559178 -0.574901 0.213713 -0.105692 1.000000 
-0.127741 -0.053067 -0.375452 1.990180 -1.563712 -0.558344 0.212817 -0.118747 1.000000 
-0.128134 -0.045328 -0.359424 2.016722 -1.568109 -0.540771 0.211807 -0.134119 1.000000 
-0.128466 -0.037508 -0.343188 2.042297 -1.572362 -0.522212 0.210663 -0.152334 1.000000 
-0.128734 -0.029613 -0.326750 2.066870 -1.576462 -0.502700 0.209360 -0.174062 1.000000 
-0.128939 -0.021648 -0.310120 2.090405 -1.580402 -0.482273 0.207867 -0.200166 1.000000 
-0.129080 -0.013622 -0.293307 2.112867 -1.584176 -0.460969 0.206143 -0.231762 1.000000 
-0.129157 -0.005540 -0.276317 2.134223 -1.587776 -0.438831 0.204140 -0.270309 1.000000 
-0.129169 0.002590 -0.259162 2.154442 -1.591195 -0.415905 0.201795 -0.317724 1.000000 
-0.129116 0.010760 -0.241849 2.173492 -1.594428 -0.392238 0.199026 -0.376550 1.000000 
-0.128997 0.018964 -0.224389 2.191347 -1.597469 -0.367883 0.195730 -0.450171 1.000000 
-0.128812 0.027193 -0.206791 2.207979 -1.600313 -0.342894 0.191772 -0.543114 1.000000 
-0.128562 0.035439 -0.189065 2.223366 -1.602954 -0.317331 0.186973 -0.661430 1.000000 
-0.128245 0.043695 -0.171221 2.237485 -1.605388 -0.291258 0.181100 -0.813165 1.000000 
-0.127862 0.051951 -0.153269 2.250318 -1.607613 -0.264742 0.173846 -1.008852 1.000000 
-0.127414 0.060200 -0.135219 2.261850 -1.609623 -0.237859 0.164806 -1.261833 1.000000 
-0.126899 0.068433 -0.117083 2.272069 -1.611418 -0.210688 0.153461 -1.587941 1.000000 
-0.126319 0.076641 -0.098870 2.280968 -1.612994 -0.183317 0.139160 -2.003503 1.000000 
-0.125673 0.084814 -0.080591 2.288544 -1.614350 -0.155843 0.121135 -2.519907 1.000000 
-0.124962 0.092942 -0.062256 2.294798 -1.615487 -0.128374 0.098582 -3.132526 1.000000 
-0.124186 0.101014 -0.043877 2.299741 -1.616405 -0.101029 0.070854 -3.803820 1.000000 
-0.123346 0.109015 -0.025464 2.303387 -1.617104 -0.073941 0.037789 -4.447980 1.000000 
-0.122442 0.116932 -0.007027 2.305763 -1.617589 -0.047249 0.000101 -4.936464 -1.000000 
-0.121441 0.129215 0.011417 2.304544 -1.617409 0.035967 0.039636 4.891967 -1.000000 
-0.120375 0.137200 0.029843 2.301802 -1.617012 0.063347 0.077540 4.538499 -1.000000 
-0.119245 0.145140 0.048242 2.297743 -1.616394 0.091200 0.111683 3.972974 -1.000000 
-0.118053 0.153015 0.066603 2.292339 -1.615552 0.119381 0.140892 3.325690 -1.000000 
-0.116797 0.160807 0.084916 2.285570 -1.614483 0.147747 0.164961 2.701577 -1.000000 
-0.115480 0.168502 0.103169 2.277426 -1.613188 0.176164 0.184335 2.157790 -1.000000 
-0.114102 0.176086 0.121351 2.267904 -1.611665 0.204514 0.199748 1.711718 -1.000000 
-0.112663 0.183550 0.139451 2.257005 -1.609916 0.232689 0.211970 1.358084 -1.000000 
-0.111165 0.190884 0.157459 2.244737 -1.607943 0.260591 0.221686 1.082536 -1.000000 
-0.109609 0.198079 0.175364 2.231113 -1.605747 0.288133 0.229456 0.869228 -1.000000 
-0.107996 0.205128 0.193153 2.216148 -1.603334 0.315232 0.235721 0.704070 -1.000000 
-0.106328 0.212023 0.210818 2.199864 -1.600705 0.341813 0.240819 0.575644 -1.000000 
-0.104604 0.218759 0.228348 2.182282 -1.597866 0.367807 0.245006 0.475115 -1.000000 
-0.102828 0.225328 0.245731 2.163429 -1.594822 0.393148 0.248477 0.395794 -1.000000 
-0.101000 0.231727 0.262959 2.143333 -1.591578 0.417776 0.251382 0.332669 -1.000000 
-0.099121 0.237949 0.280022 2.122026 -1.588140 0.441634 0.253833 0.281993 -1.000000 
-0.097193 0.243990 0.296909 2.099540 -1.584514 0.464670 0.255919 0.240957 -1.000000 
-0.095217 0.249845 0.313611 2.075909 -1.580707 0.486835 0.257708 0.207447 -1.000000 
-0.093196 0.255512 0.330120 2.051171 -1.576727 0.508082 0.259254 0.179862 -1.000000 
-0.091130 0.260986 0.346427 2.025363 -1.572580 0.528369 0.260599 0.156979 -1.000000 
-0.089021 0.266265 0.362523 1.998524 -1.568276 0.547656 0.261776 0.137858 -1.000000 
-0.086870 0.271347 0.378401 1.970695 -1.563821 0.565906 0.262812 0.121771 -1.000000 
-0.084680 0.276229 0.394052 1.941916 -1.559224 0.583087 0.263731 0.108148 -1.000000 
-0.082451 0.280910 0.409469 1.912229 -1.554494 0.599168 0.264548 0.096541 -1.000000 
-0.080186 0.285388 0.424645 1.881677 -1.549640 0.614121 0.265280 0.086596 -1.000000 
-0.077885 0.289663 0.439574 1.850302 -1.544671 0.627921 0.265937 0.078028 -1.000000 
-0.075552 0.293733 0.454248 1.818148 -1.539597 0.640548 0.266531 0.070609 -1.000000 
-0.073186 0.297600 0.468662 1.785258 -1.534426 0.651981 0.267070 0.064154 -1.000000 
-0.070791 0.301263 0.482810 1.751674 -1.529168 0.662205 0.267560 0.058513 -1.000000 
-0.068366 0.304723 0.496687 1.717440 -1.523834 0.671207 0.268008 0.053562 -1.000000 
-0.065915 0.307981 0.510288 1.682598 -1.518432 0.678975 0.268418 0.049200 -1.000000 
-0.063439 0.311037 0.523607 1.647191 -1.512973 0.685503 0.268796 0.045341 -1.000000 
-0.060939 0.313893 0.536641 1.611259 -1.507467 0.690784 0.269145 0.041917 -1.000000 
-0.058418 0.316552 0.549386 1.574844 -1.501924 0.694817 0.269468 0.038866 -1.000000 
-0.055875 0.319014 0.561838 1.537986 -1.496354 0.697600 0.269768 0.036142 -1.000000 
-0.053314 0.321283 0.573993 1.500723 -1.490766 0.699137 0.270047 0.033700 -1.000000 
-0.050735 0.323360 0.585848 1.463094 -1.485171 0.699431 0.270308 0.031506 -1.000000 
-0.048141 0.325248 0.597401 1.425135 -1.479578 0.698490 0.270552 0.029530 -1.000000 
-0.045532 0.326950 0.608650 1.386882 -1.473998 0.696323 0.270781 0.027745 -1.000000 
-0.042910 0.328468 0.619591 1.348369 -1.468440 0.692942 0.270996 0.026129 -1.000000 
-0.040277 0.329807 0.630223 1.309629 -1.462914 0.688359 0.271199 0.024663 -1.000000 
-0.037633 0.330969 0.640544 1.270693 -1.457430 0.682590 0.271391 0.023330 -1.000000 
-0.034982 0.331957 0.650554 1.231592 -1.451996 0.675653 0.271573 0.022116 -1.000000 
-0.032323 0.332775 0.660249 1.192353 -1.446622 0.667566 0.271745 0.021008 -1.000000 
-0.029658 0.333426 0.669631 1.153004 -1.441318 0.658350 0.271909 0.019996 -1.000000 
-0.026988 0.333913 0.678697 1.113570 -1.436092 0.648029 0.272065 0.019069 -1.000000 
-0.024315 0.334241 0.687448 1.074074 -1.430952 0.636626 0.272214 0.018219 -1.000000 
-0.021641 0.334411 0.695882 1.034538 -1.425909 0.624166 0.272357 0.017440 -1.000000 
-0.018965 0.334429 0.704000 0.994982 -1.420969 0.610677 0.272494 0.016723 -1.000000 
-0.016290 0.334297 0.711802 0.955426 -1.416140 0.596187 0.272625 0.016064 -1.000000 
-0.013617 0.334019 0.719287 0.915884 -1.411432 0.580726 0.272751 0.015458 -1.000000 
-0.010946 0.333597 0.726456 0.876374 -1.406851 0.564323 0.272872 0.014899 -1.000000 
-0.008280 0.333036 0.733309 0.836908 -1.402405 0.547012 0.272989 0.014384 -1.000000 
-0.005618 0.332338 0.739847 0.797498 -1.398101 0.528825 0.273102 0.013909 -1.000000 
-0.002963 0.331507 0.746070 0.758155 -1.393946 0.509795 0.273212 0.013470 -1.000000 
-0.000314 0.330544 0.751978 0.718887 -1.389947 0.489957 0.273318 0.013066 -1.000000 
0.002326 0.329454 0.757572 0.679701 -1.386109 0.469346 0.273421 0.012694 -1.000000 
0.004957 0.328238 0.762853 0.640604 -1.382439 0.447999 0.273521 0.012350 -1.000000 
0.007577 0.326899 0.767822 0.601598 -1.378943 0.425953 0.273619 0.012033 -1.000000 
0.000000 0.000000 0.000000 0.000000 0.000000 0.000000 0.000000 0.000000 0.000000 
