-1.779261 2.598505 -0.477020 -4.915364 -1.598686 -2.152119 0.489498 -0.035437 -1.000000 
-1.757900 2.741754 -0.516191 -4.876815 -1.615857 -2.140329 0.489210 -0.036597 -1.000000 
-1.735394 2.884731 -0.555039 -4.834674 -1.632925 -2.126186 0.488912 -0.037795 -1.000000 
-1.711746 3.027294 -0.593536 -4.788907 -1.649870 -2.109678 0.488605 -0.039033 -1.000000 
-1.686959 3.169295 -0.631652 -4.739483 -1.666673 -2.090796 0.488287 -0.040310 -1.000000 
-1.661039 3.310586 -0.669358 -4.686378 -1.683316 -2.069533 0.487960 -0.041627 -1.000000 
-1.633992 3.451014 -0.706624 -4.629572 -1.699779 -2.045890 0.487621 -0.042983 -1.000000 
-1.605825 3.590422 -0.743421 -4.569050 -1.716044 -2.019866 0.487272 -0.044379 -1.000000 
-1.576548 3.728653 -0.779719 -4.504803 -1.732091 -1.991470 0.486911 -0.045814 -1.000000 
-1.546171 3.865544 -0.815488 -4.436828 -1.747901 -1.960708 0.486539 -0.047288 -1.000000 
-1.514704 4.000933 -0.850699 -4.365128 -1.763456 -1.927597 0.486154 -0.048799 -1.000000 
-1.482160 4.134656 -0.885320 -4.289711 -1.778736 -1.892153 0.485758 -0.050347 -1.000000 
-1.448554 4.266547 -0.919324 -4.210592 -1.793724 -1.854399 0.485349 -0.051929 -1.000000 
-1.413901 4.396438 -0.952680 -4.127794 -1.808401 -1.814360 0.484927 -0.053544 -1.000000 
-1.378217 4.524164 -0.985359 -4.041344 -1.822748 -1.772067 0.484492 -0.055190 -1.000000 
-1.341520 4.649557 -1.017332 -3.951277 -1.836748 -1.727556 0.484044 -0.056862 -1.000000 
-1.303830 4.772451 -1.048570 -3.857636 -1.850383 -1.680864 0.483582 -0.058559 -1.000000 
-1.265168 4.892680 -1.079045 -3.760467 -1.863636 -1.632036 0.483107 -0.060276 -1.000000 
-1.225555 5.010079 -1.108728 -3.659827 -1.876490 -1.581119 0.482618 -0.062008 -1.000000 
-1.185015 5.124487 -1.137593 -3.555778 -1.888928 -1.528166 0.482115 -0.063751 -1.000000 
-1.143572 5.235742 -1.165612 -3.448388 -1.900935 -1.473231 0.481598 -0.065499 -1.000000 
-1.101252 5.343687 -1.192758 -3.337733 -1.912495 -1.416377 0.481067 -0.067246 -1.000000 
-1.058082 5.448169 -1.219007 -3.223897 -1.923592 -1.357668 0.480522 -0.068984 -1.000000 
-1.014091 5.549035 -1.244332 -3.106967 -1.934213 -1.297171 0.479963 -0.070708 -1.000000 
-0.969307 5.646140 -1.268710 -2.987040 -1.944343 -1.234960 0.479390 -0.072409 -1.000000 
-0.923763 5.739342 -1.292117 -2.864218 -1.953968 -1.171110 0.478804 -0.074079 -1.000000 
-0.877489 5.828502 -1.314530 -2.738608 -1.963076 -1.105702 0.478205 -0.075708 -1.000000 
-0.830518 5.913490 -1.335928 -2.610325 -1.971655 -1.038818 0.477593 -0.077289 -1.000000 
-0.782884 5.994180 -1.356289 -2.479490 -1.979694 -0.970546 0.476969 -0.078811 -1.000000 
-0.734623 6.070451 -1.375593 -2.346227 -1.987181 -0.900975 0.476332 -0.080266 -1.000000 
-0.685769 6.142191 -1.393822 -2.210668 -1.994106 -0.830199 0.475685 -0.081643 -1.000000 
-0.636360 6.209293 -1.410958 -2.072948 -2.000461 -0.758311 0.475026 -0.082933 -1.000000 
-0.586433 6.271659 -1.426984 -1.933209 -2.006236 -0.685411 0.474358 -0.084128 -1.000000 
-0.536027 6.329196 -1.441885 -1.791594 -2.011425 -0.611598 0.473681 -0.085217 -1.000000 
-0.485179 6.381822 -1.455645 -1.648253 -2.016020 -0.536976 0.472995 -0.086193 -1.000000 
-0.433931 6.429461 -1.468252 -1.503339 -2.020015 -0.461647 0.472302 -0.087049 -1.000000 
-0.382321 6.472046 -1.479695 -1.357008 -2.023404 -0.385718 0.471602 -0.087776 -1.000000 
-0.330392 6.509518 -1.489961 -1.209417 -2.026185 -0.309296 0.470898 -0.088370 -1.000000 
-0.278183 6.541827 -1.499042 -1.060730 -2.028352 -0.232489 0.470189 -0.088825 -1.000000 
-0.225736 6.568933 -1.506930 -0.911108 -2.029904 -0.155405 0.469477 -0.089137 -1.000000 
-0.173094 6.590802 -1.513618 -0.760718 -2.030838 -0.078153 0.468763 -0.089303 -1.000000 
-0.120297 6.607413 -1.519100 -0.609725 -2.031154 -0.000844 0.468049 -0.089324 -1.000000 
-0.067389 6.618751 -1.523373 -0.458297 -2.030852 0.076413 0.467334 -0.089197 -1.000000 
-0.014411 6.624812 -1.526432 -0.306601 -2.029932 0.153510 0.466622 -0.088925 -1.000000 
0.038594 6.625598 -1.528278 -0.154804 -2.028396 0.230338 0.465912 -0.088510 -1.000000 
0.091584 6.621124 -1.528909 -0.003075 -2.026248 0.306788 0.465206 -0.087956 -1.000000 
0.144518 6.611411 -1.528328 0.148421 -2.023489 0.382755 0.464505 -0.087268 -1.000000 
0.197353 6.596491 -1.526536 0.299519 -2.020125 0.458133 0.463810 -0.086451 -1.000000 
0.250048 6.576402 -1.523537 0.450056 -2.016161 0.532819 0.463122 -0.085513 -1.000000 
0.302562 6.551193 -1.519337 0.599869 -2.011602 0.606710 0.462442 -0.084460 -1.000000 
0.354853 6.520919 -1.513941 0.748801 -2.006456 0.679708 0.461771 -0.083302 -1.000000 
0.406883 6.485646 -1.507359 0.896695 -2.000729 0.751714 0.461110 -0.082047 -1.000000 
0.458611 6.445446 -1.499597 1.043398 -1.994431 0.822633 0.460459 -0.080703 -1.000000 
0.509997 6.400397 -1.490668 1.188761 -1.987570 0.892373 0.459819 -0.079282 -1.000000 
0.561004 6.350587 -1.480581 1.332637 -1.980157 0.960845 0.459190 -0.077791 -1.000000 
0.611594 6.296111 -1.469350 1.474886 -1.972201 1.027962 0.458574 -0.076241 -1.000000 
0.661730 6.237067 -1.456988 1.615370 -1.963713 1.093642 0.457970 -0.074641 -1.000000 
0.711375 6.173564 -1.443509 1.753957 -1.954706 1.157803 0.457380 -0.072999 -1.000000 
0.760495 6.105714 -1.428930 1.890519 -1.945193 1.220369 0.456803 -0.071325 -1.000000 
0.809055 6.033635 -1.413267 2.024934 -1.935185 1.281269 0.456239 -0.069626 -1.000000 
0.857022 5.957451 -1.396537 2.157084 -1.924697 1.340432 0.455689 -0.067911 -1.000000 
0.904364 5.877289 -1.378760 2.286858 -1.913743 1.397793 0.455152 -0.066187 -1.000000 
0.951049 5.793282 -1.359954 2.414149 -1.902337 1.453291 0.454630 -0.064460 -1.000000 
0.997047 5.705567 -1.340140 2.538859 -1.890495 1.506869 0.454121 -0.062736 -1.000000 
1.042328 5.614283 -1.319339 2.660892 -1.878232 1.558472 0.453626 -0.061022 -1.000000 
1.086866 5.519574 -1.297573 2.780160 -1.865565 1.608052 0.453144 -0.059322 -1.000000 
1.130633 5.421585 -1.274864 2.896582 -1.852509 1.655563 0.452677 -0.057641 -1.000000 
1.173603 5.320465 -1.251236 3.010081 -1.839082 1.700963 0.452222 -0.055983 -1.000000 
1.215752 5.216364 -1.226711 3.120588 -1.825300 1.744216 0.451781 -0.054351 -1.000000 
1.257057 5.109432 -1.201314 3.228039 -1.811180 1.785288 0.451352 -0.052748 -1.000000 
1.297496 4.999823 -1.175071 3.332376 -1.796741 1.824150 0.450937 -0.051177 -1.000000 
1.337048 4.887690 -1.148005 3.433550 -1.782000 1.860777 0.450533 -0.049639 -1.000000 
1.375693 4.773185 -1.120142 3.531514 -1.766974 1.895148 0.450142 -0.048136 -1.000000 
1.413413 4.656463 -1.091509 3.626229 -1.751683 1.927245 0.449763 -0.046671 -1.000000 
1.450191 4.537676 -1.062131 3.717663 -1.736145 1.957055 0.449396 -0.045243 -1.000000 
1.486011 4.416977 -1.032035 3.805788 -1.720377 1.984569 0.449039 -0.043853 -1.000000 
1.520858 4.294515 -1.001248 3.890583 -1.704398 2.009780 0.448694 -0.042502 -1.000000 
1.554718 4.170442 -0.969795 3.972032 -1.688226 2.032685 0.448359 -0.041190 -1.000000 
1.587581 4.044904 -0.937704 4.050124 -1.671881 2.053286 0.448035 -0.039918 -1.000000 
1.619433 3.918046 -0.905002 4.124854 -1.655380 2.071588 0.447720 -0.038684 -1.000000 
1.650266 3.790013 -0.871716 4.196222 -1.638741 2.087596 0.447416 -0.037489 -1.000000 
1.680071 3.660944 -0.837871 4.264234 -1.621984 2.101324 0.447120 -0.036332 -1.000000 
1.708839 3.530978 -0.803497 4.328898 -1.605126 2.112783 0.446834 -0.035212 -1.000000 
1.736564 3.400248 -0.768618 4.390229 -1.588186 2.121990 0.446557 -0.034129 -1.000000 
1.763241 3.268886 -0.733262 4.448245 -1.571180 2.128966 0.446288 -0.033083 -1.000000 
1.788865 3.137019 -0.697455 4.502969 -1.554128 2.133731 0.446027 -0.032072 -1.000000 
1.813433 3.004772 -0.661223 4.554427 -1.537047 2.136311 0.445775 -0.031095 -1.000000 
1.836941 2.872264 -0.624593 4.602650 -1.519953 2.136731 0.445530 -0.030152 -1.000000 
1.859389 2.739612 -0.587589 4.647672 -1.502865 2.135020 0.445292 -0.029242 -1.000000 
1.880775 2.606927 -0.550238 4.689528 -1.485798 2.131210 0.445062 -0.028364 -1.000000 
1.901100 2.474318 -0.512565 4.728259 -1.468771 2.125332 0.444838 -0.027517 -1.000000 
1.920364 2.341886 -0.474594 4.763907 -1.451798 2.117423 0.444622 -0.026700 -1.000000 
1.938570 2.209733 -0.436351 4.796517 -1.434897 2.107516 0.444411 -0.025912 -1.000000 
1.955721 2.077951 -0.397858 4.826136 -1.418083 2.095651 0.444207 -0.025152 -1.000000 
1.971819 1.946632 -0.359140 4.852814 -1.401372 2.081866 0.444009 -0.024419 -1.000000 
1.986869 1.815860 -0.320221 4.876602 -1.384778 2.066201 0.443816 -0.023713 -1.000000 
2.000874 1.685717 -0.281122 4.897553 -1.368318 2.048698 0.443629 -0.023032 -1.000000 
2.013842 1.556279 -0.241867 4.915719 -1.352004 2.029398 0.443448 -0.022377 -1.000000 
2.025777 1.427617 -0.202478 4.931157 -1.335852 2.008344 0.443271 -0.021745 -1.000000 
2.036686 1.299801 -0.162976 4.943923 -1.319875 1.985580 0.443100 -0.021136 -1.000000 
2.046576 1.172892 -0.123382 4.954073 -1.304087 1.961151 0.442933 -0.020550 -1.000000 
2.055455 1.046948 -0.083718 4.961664 -1.288501 1.935100 0.442771 -0.019985 -1.000000 
2.063330 0.922026 -0.044002 4.966754 -1.273130 1.907474 0.442613 -0.019442 -1.000000 
2.070210 0.798174 -0.004256 4.969401 -1.257986 1.878318 0.442460 -0.018918 -1.000000 
2.076104 0.675439 0.035502 4.969663 -1.243081 1.847676 0.442310 -0.018415 -1.000000 
2.081020 0.553862 0.075252 4.967596 -1.228427 1.815596 0.442165 -0.017930 -1.000000 
2.084969 0.433481 0.114977 4.963258 -1.214035 1.782122 0.442023 -0.017464 -1.000000 
2.087959 0.314331 0.154659 4.956705 -1.199916 1.747300 0.441885 -0.017016 -1.000000 
2.090001 0.196441 0.194279 4.947993 -1.186081 1.711177 0.441751 -0.016585 -1.000000 
2.091106 0.079839 0.233821 4.937177 -1.172541 1.673796 0.441620 -0.016171 -1.000000 
2.091282 -0.035452 0.273268 4.924310 -1.159304 1.635204 0.441492 -0.015774 -1.000000 
2.090542 -0.149413 0.312604 4.909445 -1.146381 1.595444 0.441368 -0.015392 -1.000000 
2.088895 -0.262027 0.351814 4.892634 -1.133780 1.554562 0.441246 -0.015027 -1.000000 
2.086353 -0.373280 0.390882 4.873927 -1.121511 1.512601 0.441127 -0.014676 -1.000000 
2.082927 -0.483161 0.429792 4.853373 -1.109581 1.469605 0.441011 -0.014340 -1.000000 
2.078626 -0.591664 0.468531 4.831018 -1.097999 1.425616 0.440898 -0.014018 -1.000000 
2.073464 -0.698782 0.507084 4.806908 -1.086774 1.380678 0.440787 -0.013711 -1.000000 
2.067449 -0.804512 0.545437 4.781087 -1.075911 1.334832 0.440678 -0.013417 -1.000000 
2.060595 -0.908855 0.583576 4.753596 -1.065419 1.288119 0.440572 -0.013137 -1.000000 
2.052911 -1.011813 0.621490 4.724477 -1.055303 1.240580 0.440468 -0.012869 -1.000000 
2.044410 -1.113388 0.659164 4.693766 -1.045572 1.192255 0.440366 -0.012615 -1.000000 
2.035101 -1.213588 0.696586 4.661500 -1.036229 1.143185 0.440266 -0.012374 -1.000000 
2.024996 -1.312418 0.733744 4.627714 -1.027282 1.093407 0.440168 -0.012145 -1.000000 
2.014106 -1.409889 0.770625 4.592438 -1.018737 1.042960 0.440072 -0.011928 -1.000000 
2.002441 -1.506010 0.807219 4.555705 -1.010597 0.991882 0.439977 -0.011723 -1.000000 
1.990013 -1.600793 0.843513 4.517540 -1.002868 0.940209 0.439884 -0.011531 -1.000000 
1.976832 -1.694252 0.879496 4.477971 -0.995555 0.887979 0.439793 -0.011349 -1.000000 
1.962909 -1.786399 0.915157 4.437020 -0.988662 0.835227 0.439703 -0.011180 -1.000000 
1.948253 -1.877249 0.950485 4.394710 -0.982193 0.781988 0.439614 -0.011022 -1.000000 
1.932876 -1.966818 0.985469 4.351060 -0.976151 0.728298 0.439526 -0.010875 -1.000000 
1.916788 -2.055122 1.020098 4.306087 -0.970541 0.674190 0.439440 -0.010739 -1.000000 
1.899998 -2.142176 1.054362 4.259807 -0.965365 0.619698 0.439354 -0.010615 -1.000000 
1.882516 -2.227997 1.088251 4.212232 -0.960627 0.564856 0.439270 -0.010501 -1.000000 
1.864353 -2.312601 1.121755 4.163373 -0.956328 0.509697 0.439186 -0.010399 -1.000000 
1.845518 -2.396006 1.154862 4.113241 -0.952472 0.454252 0.439103 -0.010307 -1.000000 
1.826020 -2.478226 1.187563 4.061841 -0.949061 0.398555 0.439021 -0.010226 -1.000000 
1.805869 -2.559280 1.219848 4.009180 -0.946096 0.342636 0.438940 -0.010155 -1.000000 
1.785075 -2.639182 1.251707 3.955260 -0.943579 0.286527 0.438859 -0.010095 -1.000000 
1.763645 -2.717947 1.283129 3.900082 -0.941512 0.230260 0.438778 -0.010046 -1.000000 
1.741590 -2.795590 1.314105 3.843647 -0.939895 0.173866 0.438698 -0.010007 -1.000000 
1.718919 -2.872126 1.344624 3.785953 -0.938730 0.117374 0.438618 -0.009979 -1.000000 
1.695639 -2.947566 1.374677 3.726995 -0.938018 0.060817 0.438538 -0.009961 -1.000000 
1.671761 -3.021924 1.404252 3.666769 -0.937757 0.004224 0.438459 -0.009954 -1.000000 
1.647291 -3.095209 1.433341 3.605267 -0.937950 -0.052375 0.438379 -0.009957 -1.000000 
1.622240 -3.167433 1.461933 3.542481 -0.938595 -0.108948 0.438299 -0.009970 -1.000000 
1.596615 -3.238603 1.490018 3.478402 -0.939693 -0.165465 0.438220 -0.009994 -1.000000 
1.570425 -3.308727 1.517584 3.413019 -0.941243 -0.221896 0.438139 -0.010029 -1.000000 
1.543678 -3.377811 1.544622 3.346319 -0.943243 -0.278210 0.438059 -0.010074 -1.000000 
1.516383 -3.445858 1.571122 3.278291 -0.945694 -0.334376 0.437978 -0.010129 -1.000000 
1.488547 -3.512873 1.597072 3.208919 -0.948593 -0.390363 0.437897 -0.010195 -1.000000 
1.460180 -3.578854 1.622461 3.138189 -0.951939 -0.446141 0.437815 -0.010272 -1.000000 
1.431288 -3.643803 1.647279 3.066085 -0.955730 -0.501677 0.437733 -0.010359 -1.000000 
1.401882 -3.707716 1.671515 2.992591 -0.959965 -0.556940 0.437649 -0.010457 -1.000000 
1.371968 -3.770590 1.695157 2.917690 -0.964640 -0.611898 0.437565 -0.010565 -1.000000 
1.341555 -3.832417 1.718194 2.841364 -0.969754 -0.666519 0.437480 -0.010684 -1.000000 
1.310652 -3.893189 1.740615 2.763596 -0.975304 -0.720769 0.437394 -0.010815 -1.000000 
1.279267 -3.952896 1.762407 2.684369 -0.981286 -0.774615 0.437307 -0.010956 -1.000000 
1.247408 -4.011526 1.783561 2.603665 -0.987696 -0.828024 0.437219 -0.011108 -1.000000 
1.215085 -4.069064 1.804062 2.521465 -0.994533 -0.880961 0.437129 -0.011272 -1.000000 
1.182306 -4.125494 1.823900 2.437753 -1.001790 -0.933393 0.437039 -0.011446 -1.000000 
1.149080 -4.180796 1.843062 2.352512 -1.009466 -0.985283 0.436946 -0.011633 -1.000000 
1.115417 -4.234949 1.861536 2.265724 -1.017553 -1.036596 0.436852 -0.011831 -1.000000 
1.081324 -4.287931 1.879309 2.177374 -1.026049 -1.087295 0.436757 -0.012040 -1.000000 
1.046813 -4.339716 1.896370 2.087447 -1.034948 -1.137345 0.436660 -0.012262 -1.000000 
1.011892 -4.390275 1.912704 1.995929 -1.044245 -1.186706 0.436561 -0.012495 -1.000000 
0.976572 -4.439580 1.928300 1.902807 -1.053934 -1.235343 0.436460 -0.012741 -1.000000 
0.940862 -4.487597 1.943145 1.808068 -1.064009 -1.283215 0.436357 -0.013000 -1.000000 
0.904774 -4.534293 1.957225 1.711703 -1.074463 -1.330285 0.436252 -0.013271 -1.000000 
0.868317 -4.579631 1.970528 1.613702 -1.085291 -1.376511 0.436144 -0.013556 -1.000000 
0.831504 -4.623572 1.983040 1.514059 -1.096485 -1.421855 0.436035 -0.013853 -1.000000 
0.794344 -4.666076 1.994748 1.412768 -1.108038 -1.466275 0.435923 -0.014164 -1.000000 
0.756850 -4.707099 2.005640 1.309826 -1.119943 -1.509730 0.435808 -0.014490 -1.000000 
0.719034 -4.746597 2.015701 1.205231 -1.132191 -1.552179 0.435691 -0.014829 -1.000000 
0.680909 -4.784522 2.024919 1.098985 -1.144775 -1.593579 0.435571 -0.015183 -1.000000 
0.642486 -4.820826 2.033281 0.991092 -1.157685 -1.633888 0.435448 -0.015552 -1.000000 
0.603780 -4.855459 2.040772 0.881558 -1.170914 -1.673062 0.435322 -0.015936 -1.000000 
0.564804 -4.888368 2.047381 0.770392 -1.184451 -1.711059 0.435193 -0.016335 -1.000000 
0.525571 -4.919498 2.053094 0.657607 -1.198288 -1.747835 0.435061 -0.016751 -1.000000 
0.486097 -4.948795 2.057899 0.543216 -1.212413 -1.783346 0.434925 -0.017184 -1.000000 
0.446395 -4.976201 2.061781 0.427239 -1.226818 -1.817549 0.434786 -0.017634 -1.000000 
0.406483 -5.001659 2.064730 0.309698 -1.241490 -1.850398 0.434643 -0.018101 -1.000000 
0.366374 -5.025107 2.066733 0.190617 -1.256420 -1.881851 0.434496 -0.018586 -1.000000 
0.326086 -5.046487 2.067776 0.070026 -1.271596 -1.911862 0.434345 -0.019090 -1.000000 
0.285636 -5.065736 2.067849 -0.052044 -1.287006 -1.940389 0.434190 -0.019614 -1.000000 
0.245040 -5.082791 2.066940 -0.175555 -1.302638 -1.967387 0.434031 -0.020157 -1.000000 
0.204317 -5.097591 2.065036 -0.300467 -1.318480 -1.992812 0.433868 -0.020721 -1.000000 
0.163485 -5.110071 2.062128 -0.426736 -1.334519 -2.016623 0.433700 -0.021306 -1.000000 
0.122563 -5.120168 2.058205 -0.554313 -1.350742 -2.038776 0.433527 -0.021913 -1.000000 
0.081569 -5.127817 2.053256 -0.683146 -1.367135 -2.059229 0.433349 -0.022542 -1.000000 
0.040524 -5.132956 2.047272 -0.813177 -1.383685 -2.077941 0.433166 -0.023195 -1.000000 
-0.000551 -5.135519 2.040242 -0.944345 -1.400377 -2.094871 0.432978 -0.023871 -1.000000 
-0.041637 -5.135446 2.032159 -1.076584 -1.417198 -2.109981 0.432784 -0.024573 -1.000000 
-0.082711 -5.132672 2.023014 -1.209823 -1.434132 -2.123230 0.432585 -0.025300 -1.000000 
-0.123752 -5.127137 2.012800 -1.343988 -1.451165 -2.134584 0.432379 -0.026054 -1.000000 
-0.164738 -5.118779 2.001508 -1.478999 -1.468280 -2.144004 0.432168 -0.026835 -1.000000 
-0.205645 -5.107540 1.989134 -1.614773 -1.485463 -2.151456 0.431950 -0.027644 -1.000000 
-0.246451 -5.093363 1.975670 -1.751220 -1.502698 -2.156908 0.431725 -0.028482 -1.000000 
-0.287131 -5.076190 1.961113 -1.888249 -1.519968 -2.160328 0.431494 -0.029349 -1.000000 
-0.327662 -5.055970 1.945457 -2.025762 -1.537258 -2.161686 0.431256 -0.030247 -1.000000 
-0.368018 -5.032649 1.928699 -2.163658 -1.554550 -2.160955 0.431010 -0.031177 -1.000000 
-0.408176 -5.006179 1.910837 -2.301831 -1.571828 -2.158109 0.430757 -0.032138 -1.000000 
-0.448109 -4.976514 1.891870 -2.440170 -1.589074 -2.153125 0.430496 -0.033133 -1.000000 
-0.487791 -4.943609 1.871795 -2.578562 -1.606272 -2.145981 0.430227 -0.034161 -1.000000 
-0.527198 -4.907425 1.850613 -2.716888 -1.623404 -2.136659 0.429949 -0.035223 -1.000000 
-0.566301 -4.867924 1.828325 -2.855028 -1.640452 -2.125143 0.429663 -0.036320 -1.000000 
-0.605075 -4.825074 1.804933 -2.992856 -1.657400 -2.111420 0.429368 -0.037453 -1.000000 
-0.643493 -4.778845 1.780440 -3.130242 -1.674229 -2.095480 0.429064 -0.038621 -1.000000 
-0.681528 -4.729212 1.754851 -3.267055 -1.690922 -2.077313 0.428750 -0.039825 -1.000000 
-0.719152 -4.676153 1.728169 -3.403159 -1.707460 -2.056917 0.428426 -0.041066 -1.000000 
-0.756337 -4.619651 1.700402 -3.538417 -1.723827 -2.034290 0.428093 -0.042343 -1.000000 
-0.793057 -4.559696 1.671557 -3.672689 -1.740003 -2.009434 0.427749 -0.043656 -1.000000 
-0.829283 -4.496279 1.641642 -3.805830 -1.755972 -1.982354 0.427394 -0.045004 -1.000000 
-0.864988 -4.429399 1.610667 -3.937698 -1.771715 -1.953059 0.427028 -0.046388 -1.000000 
-0.900144 -4.359058 1.578643 -4.068145 -1.787215 -1.921561 0.426652 -0.047806 -1.000000 
-0.934724 -4.285266 1.545581 -4.197023 -1.802454 -1.887875 0.426264 -0.049258 -1.000000 
-0.968699 -4.208036 1.511495 -4.324183 -1.817415 -1.852023 0.425864 -0.050741 -1.000000 
-1.002043 -4.127387 1.476399 -4.449476 -1.832081 -1.814025 0.425452 -0.052255 -1.000000 
-1.034728 -4.043345 1.440309 -4.572752 -1.846434 -1.773911 0.425027 -0.053796 -1.000000 
-1.066728 -3.955941 1.403241 -4.693860 -1.860458 -1.731709 0.424591 -0.055364 -1.000000 
-1.098015 -3.865212 1.365213 -4.812651 -1.874136 -1.687455 0.424141 -0.056953 -1.000000 
-1.128562 -3.771199 1.326245 -4.928975 -1.887451 -1.641187 0.423679 -0.058563 -1.000000 
-1.158345 -3.673953 1.286357 -5.042684 -1.900389 -1.592946 0.423204 -0.060188 -1.000000 
-1.187337 -3.573527 1.245570 -5.153632 -1.912933 -1.542779 0.422716 -0.061824 -1.000000 
-1.215513 -3.469983 1.203907 -5.261673 -1.925069 -1.490736 0.422215 -0.063467 -1.000000 
-1.242849 -3.363386 1.161391 -5.366667 -1.936780 -1.436868 0.421701 -0.065112 -1.000000 
-1.269320 -3.253809 1.118048 -5.468471 -1.948054 -1.381233 0.421173 -0.066752 -1.000000 
-1.294902 -3.141330 1.073904 -5.566950 -1.958876 -1.323891 0.420633 -0.068382 -1.000000 
-1.319573 -3.026033 1.028986 -5.661969 -1.969232 -1.264905 0.420079 -0.069994 -1.000000 
-1.343311 -2.908008 0.983322 -5.753400 -1.979110 -1.204344 0.419513 -0.071583 -1.000000 
-1.366094 -2.787348 0.936942 -5.841116 -1.988497 -1.142278 0.418934 -0.073140 -1.000000 
-1.387902 -2.664156 0.889875 -5.924997 -1.997382 -1.078779 0.418343 -0.074658 -1.000000 
-1.408714 -2.538535 0.842152 -6.004925 -2.005754 -1.013924 0.417740 -0.076128 -1.000000 
-1.428512 -2.410596 0.793807 -6.080790 -2.013602 -0.947793 0.417125 -0.077543 -1.000000 
-1.447278 -2.280455 0.744871 -6.152487 -2.020916 -0.880468 0.416499 -0.078894 -1.000000 
-1.464994 -2.148231 0.695378 -6.219915 -2.027686 -0.812033 0.415863 -0.080172 -1.000000 
-1.481645 -2.014047 0.645364 -6.282981 -2.033905 -0.742576 0.415217 -0.081370 -1.000000 
-1.497214 -1.878031 0.594863 -6.341598 -2.039565 -0.672185 0.414561 -0.082479 -1.000000 
-1.511689 -1.740316 0.543910 -6.395685 -2.044658 -0.600951 0.413897 -0.083491 -1.000000 
-1.525055 -1.601036 0.492544 -6.445168 -2.049178 -0.528968 0.413226 -0.084400 -1.000000 
-1.537301 -1.460328 0.440800 -6.489981 -2.053120 -0.456330 0.412547 -0.085199 -1.000000 
-1.548417 -1.318335 0.388717 -6.530064 -2.056478 -0.383132 0.411863 -0.085880 -1.000000 
-1.558392 -1.175199 0.336332 -6.565366 -2.059249 -0.309472 0.411173 -0.086440 -1.000000 
-1.567217 -1.031066 0.283684 -6.595842 -2.061429 -0.235447 0.410480 -0.086874 -1.000000 
-1.574886 -0.886082 0.230811 -6.621456 -2.063015 -0.161156 0.409784 -0.087179 -1.000000 
-1.581393 -0.740398 0.177754 -6.642179 -2.064007 -0.086697 0.409086 -0.087351 -1.000000 
-1.586731 -0.594163 0.124550 -6.657990 -2.064402 -0.012171 0.408387 -0.087390 -1.000000 
-1.590898 -0.447526 0.071239 -6.668876 -2.064202 0.062324 0.407688 -0.087295 -1.000000 
-1.593891 -0.300640 0.017861 -6.674832 -2.063405 0.136689 0.406990 -0.087068 -1.000000 
-1.595708 -0.153655 -0.035545 -6.675860 -2.062015 0.210825 0.406295 -0.086710 -1.000000 
-1.596350 -0.006722 -0.088940 -6.671973 -2.060033 0.284635 0.405603 -0.086225 -1.000000 
-1.595816 0.140009 -0.142284 -6.663187 -2.057462 0.358022 0.404916 -0.085616 -1.000000 
-1.594110 0.286390 -0.195538 -6.649529 -2.054306 0.430889 0.404234 -0.084888 -1.000000 
-1.591235 0.432272 -0.248663 -6.631033 -2.050570 0.503143 0.403558 -0.084047 -1.000000 
-1.587196 0.577510 -0.301622 -6.607739 -2.046258 0.574690 0.402889 -0.083100 -1.000000 
-1.581997 0.721961 -0.354374 -6.579698 -2.041377 0.645438 0.402228 -0.082053 -1.000000 
-1.575647 0.865481 -0.406884 -6.546963 -2.035933 0.715300 0.401577 -0.080914 -1.000000 
-1.568152 1.007933 -0.459114 -6.509598 -2.029934 0.784187 0.400934 -0.079691 -1.000000 
-1.559523 1.149181 -0.511026 -6.467672 -2.023389 0.852014 0.400302 -0.078392 -1.000000 
-1.549769 1.289091 -0.562584 -6.421260 -2.016305 0.918699 0.399680 -0.077025 -1.000000 
-1.538902 1.427535 -0.613754 -6.370444 -2.008693 0.984161 0.399069 -0.075599 -1.000000 
-1.526933 1.564387 -0.664500 -6.315312 -2.000562 1.048324 0.398471 -0.074122 -1.000000 
-1.513876 1.699525 -0.714788 -6.255958 -1.991923 1.111113 0.397884 -0.072602 -1.000000 
-1.499745 1.832832 -0.764584 -6.192480 -1.982788 1.172456 0.397309 -0.071047 -1.000000 
-1.484556 1.964195 -0.813857 -6.124982 -1.973168 1.232284 0.396747 -0.069465 -1.000000 
-1.468324 2.093505 -0.862574 -6.053572 -1.963076 1.290534 0.396198 -0.067861 -1.000000 
-1.451066 2.220658 -0.910704 -5.978364 -1.952524 1.347142 0.395661 -0.066245 -1.000000 
-1.432799 2.345555 -0.958218 -5.899474 -1.941526 1.402050 0.395138 -0.064621 -1.000000 
-1.413543 2.468103 -1.005086 -5.817024 -1.930096 1.455203 0.394627 -0.062995 -1.000000 
-1.393316 2.588213 -1.051281 -5.731136 -1.918248 1.506548 0.394130 -0.061373 -1.000000 
-1.372138 2.705800 -1.096775 -5.641938 -1.905996 1.556039 0.393645 -0.059760 -1.000000 
-1.350030 2.820786 -1.141543 -5.549560 -1.893356 1.603629 0.393174 -0.058161 -1.000000 
-1.327013 2.933099 -1.185560 -5.454134 -1.880343 1.649278 0.392715 -0.056578 -1.000000 
-1.303108 3.042671 -1.228802 -5.355793 -1.866973 1.692948 0.392268 -0.055016 -1.000000 
-1.278338 3.149438 -1.271245 -5.254674 -1.853261 1.734606 0.391834 -0.053478 -1.000000 
-1.252724 3.253346 -1.312869 -5.150913 -1.839225 1.774220 0.391413 -0.051966 -1.000000 
-1.226292 3.354341 -1.353653 -5.044648 -1.824879 1.811764 0.391003 -0.050483 -1.000000 
-1.199063 3.452378 -1.393577 -4.936017 -1.810242 1.847215 0.390605 -0.049030 -1.000000 
-1.171062 3.547417 -1.432624 -4.825159 -1.795330 1.880552 0.390218 -0.047609 -1.000000 
-1.142312 3.639421 -1.470774 -4.712212 -1.780159 1.911759 0.389843 -0.046221 -1.000000 
-1.112839 3.728361 -1.508014 -4.597315 -1.764747 1.940824 0.389479 -0.044868 -1.000000 
-1.082667 3.814210 -1.544327 -4.480605 -1.749111 1.967735 0.389125 -0.043549 -1.000000 
-1.051820 3.896950 -1.579699 -4.362218 -1.733269 1.992487 0.388782 -0.042266 -1.000000 
-1.020324 3.976565 -1.614118 -4.242290 -1.717237 2.015076 0.388449 -0.041018 -1.000000 
-0.988203 4.053045 -1.647572 -4.120955 -1.701034 2.035502 0.388125 -0.039806 -1.000000 
-0.955484 4.126383 -1.680050 -3.998345 -1.684675 2.053768 0.387812 -0.038630 -1.000000 
-0.922190 4.196578 -1.711542 -3.874589 -1.668179 2.069879 0.387507 -0.037489 -1.000000 
-0.888347 4.263634 -1.742041 -3.749815 -1.651563 2.083843 0.387212 -0.036383 -1.000000 
-0.853980 4.327558 -1.771537 -3.624149 -1.634843 2.095672 0.386925 -0.035312 -1.000000 
-0.819114 4.388361 -1.800025 -3.497714 -1.618038 2.105379 0.386647 -0.034274 -1.000000 
-0.783774 4.446058 -1.827499 -3.370628 -1.601163 2.112980 0.386376 -0.033271 -1.000000 
-0.747985 4.500668 -1.853954 -3.243009 -1.584236 2.118493 0.386114 -0.032300 -1.000000 
-0.711772 4.552213 -1.879386 -3.114971 -1.567273 2.121940 0.385860 -0.031361 -1.000000 
-0.675158 4.600720 -1.903792 -2.986623 -1.550290 2.123342 0.385612 -0.030453 -1.000000 
-0.638168 4.646216 -1.927171 -2.858073 -1.533304 2.122725 0.385372 -0.029576 -1.000000 
-0.600827 4.688733 -1.949521 -2.729423 -1.516332 2.120116 0.385139 -0.028729 -1.000000 
-0.563157 4.728306 -1.970842 -2.600774 -1.499388 2.115542 0.384913 -0.027911 -1.000000 
-0.525181 4.764971 -1.991134 -2.472220 -1.482488 2.109034 0.384692 -0.027121 -1.000000 
-0.486925 4.798768 -2.010398 -2.343855 -1.465648 2.100623 0.384478 -0.026358 -1.000000 
-0.448409 4.829738 -2.028636 -2.215767 -1.448883 2.090342 0.384271 -0.025622 -1.000000 
-0.409656 4.857923 -2.045851 -2.088038 -1.432208 2.078226 0.384068 -0.024911 -1.000000 
-0.370689 4.883370 -2.062046 -1.960751 -1.415636 2.064310 0.383872 -0.024226 -1.000000 
-0.331529 4.906123 -2.077225 -1.833981 -1.399184 2.048630 0.383681 -0.023565 -1.000000 
-0.292198 4.926231 -2.091391 -1.707801 -1.382863 2.031223 0.383495 -0.022927 -1.000000 
-0.252717 4.943743 -2.104551 -1.582278 -1.366688 2.012128 0.383314 -0.022312 -1.000000 
-0.213105 4.958708 -2.116710 -1.457478 -1.350673 1.991385 0.383138 -0.021719 -1.000000 
-0.173384 4.971178 -2.127873 -1.333460 -1.334831 1.969031 0.382966 -0.021147 -1.000000 
-0.133573 4.981202 -2.138047 -1.210283 -1.319173 1.945109 0.382799 -0.020596 -1.000000 
-0.093691 4.988833 -2.147240 -1.087997 -1.303713 1.919657 0.382637 -0.020065 -1.000000 
-0.053758 4.994123 -2.155458 -0.966653 -1.288462 1.892719 0.382478 -0.019553 -1.000000 
-0.013791 4.997123 -2.162709 -0.846295 -1.273433 1.864333 0.382324 -0.019060 -1.000000 
0.026190 4.997886 -2.169001 -0.726966 -1.258637 1.834543 0.382173 -0.018585 -1.000000 
0.066169 4.996462 -2.174343 -0.608702 -1.244084 1.803389 0.382026 -0.018128 -1.000000 
0.106128 4.992904 -2.178743 -0.491540 -1.229786 1.770914 0.381883 -0.017688 -1.000000 
0.146050 4.987262 -2.182211 -0.375509 -1.215753 1.737159 0.381743 -0.017265 -1.000000 
0.185919 4.979586 -2.184755 -0.260637 -1.201995 1.702165 0.381607 -0.016858 -1.000000 
0.225718 4.969926 -2.186384 -0.146950 -1.188522 1.665974 0.381474 -0.016466 -1.000000 
0.265432 4.958330 -2.187109 -0.034469 -1.175342 1.628627 0.381343 -0.016090 -1.000000 
0.305046 4.944846 -2.186939 0.076787 -1.162467 1.590165 0.381216 -0.015728 -1.000000 
0.344545 4.929521 -2.185884 0.186804 -1.149903 1.550629 0.381092 -0.015382 -1.000000 
0.383914 4.912399 -2.183953 0.295567 -1.137659 1.510059 0.380970 -0.015049 -1.000000 
0.423139 4.893526 -2.181158 0.403067 -1.125744 1.468495 0.380851 -0.014730 -1.000000 
0.462206 4.872943 -2.177508 0.509296 -1.114166 1.425976 0.380734 -0.014424 -1.000000 
0.501101 4.850692 -2.173013 0.614248 -1.102931 1.382543 0.380620 -0.014131 -1.000000 
0.539812 4.826813 -2.167683 0.717920 -1.092048 1.338233 0.380508 -0.013852 -1.000000 
0.578326 4.801344 -2.161529 0.820311 -1.081522 1.293085 0.380398 -0.013584 -1.000000 
0.616630 4.774322 -2.154562 0.921422 -1.071360 1.247137 0.380291 -0.013329 -1.000000 
0.654711 4.745782 -2.146790 1.021255 -1.061570 1.200425 0.380185 -0.013086 -1.000000 
0.692558 4.715756 -2.138225 1.119815 -1.052155 1.152987 0.380081 -0.012855 -1.000000 
0.730159 4.684277 -2.128876 1.217108 -1.043124 1.104859 0.379979 -0.012636 -1.000000 
0.767503 4.651374 -2.118755 1.313142 -1.034479 1.056076 0.379879 -0.012428 -1.000000 
0.804578 4.617075 -2.107869 1.407925 -1.026228 1.006674 0.379781 -0.012231 -1.000000 
0.841372 4.581406 -2.096231 1.501467 -1.018374 0.956688 0.379683 -0.012045 -1.000000 
0.877877 4.544391 -2.083849 1.593779 -1.010922 0.906151 0.379588 -0.011870 -1.000000 
0.914079 4.506052 -2.070734 1.684874 -1.003877 0.855098 0.379493 -0.011706 -1.000000 
0.949970 4.466411 -2.056894 1.774764 -0.997242 0.803561 0.379400 -0.011552 -1.000000 
0.985538 4.425485 -2.042341 1.863463 -0.991021 0.751573 0.379309 -0.011409 -1.000000 
1.020774 4.383290 -2.027082 1.950985 -0.985218 0.699167 0.379218 -0.011276 -1.000000 
1.055668 4.339843 -2.011128 2.037344 -0.979836 0.646375 0.379128 -0.011154 -1.000000 
1.090208 4.295156 -1.994488 2.122555 -0.974877 0.593227 0.379039 -0.011041 -1.000000 
1.124387 4.249239 -1.977170 2.206633 -0.970345 0.539755 0.378951 -0.010939 -1.000000 
1.158193 4.202103 -1.959185 2.289594 -0.966242 0.485990 0.378864 -0.010846 -1.000000 
1.191617 4.153754 -1.940540 2.371452 -0.962570 0.431962 0.378778 -0.010764 -1.000000 
1.224650 4.104199 -1.921244 2.452223 -0.959331 0.377702 0.378692 -0.010691 -1.000000 
1.257281 4.053442 -1.901307 2.531921 -0.956527 0.323238 0.378607 -0.010628 -1.000000 
1.289502 4.001484 -1.880736 2.610560 -0.954160 0.268600 0.378522 -0.010575 -1.000000 
1.321302 3.948328 -1.859541 2.688154 -0.952230 0.213819 0.378438 -0.010532 -1.000000 
1.352672 3.893971 -1.837729 2.764718 -0.950739 0.158922 0.378353 -0.010498 -1.000000 
1.383602 3.838412 -1.815308 2.840263 -0.949687 0.103940 0.378270 -0.010474 -1.000000 
1.414083 3.781646 -1.792287 2.914801 -0.949076 0.048900 0.378186 -0.010459 -1.000000 
1.444105 3.723670 -1.768674 2.988343 -0.948905 -0.006168 0.378102 -0.010454 -1.000000 
1.473659 3.664475 -1.744476 3.060901 -0.949175 -0.061236 0.378019 -0.010459 -1.000000 
1.502734 3.604055 -1.719702 3.132482 -0.949885 -0.116274 0.377935 -0.010473 -1.000000 
1.531320 3.542400 -1.694359 3.203094 -0.951035 -0.171254 0.377851 -0.010497 -1.000000 
1.559409 3.479500 -1.668455 3.272746 -0.952625 -0.226148 0.377767 -0.010530 -1.000000 
1.586989 3.415344 -1.641998 3.341441 -0.954653 -0.280925 0.377683 -0.010573 -1.000000 
1.614051 3.349920 -1.614995 3.409185 -0.957119 -0.335558 0.377598 -0.010626 -1.000000 
1.640584 3.283215 -1.587453 3.475981 -0.960021 -0.390017 0.377512 -0.010688 -1.000000 
1.666579 3.215214 -1.559381 3.541829 -0.963359 -0.444272 0.377427 -0.010760 -1.000000 
1.692024 3.145905 -1.530787 3.606729 -0.967129 -0.498295 0.377340 -0.010842 -1.000000 
1.716910 3.075270 -1.501676 3.670680 -0.971331 -0.552054 0.377253 -0.010933 -1.000000 
1.741225 3.003296 -1.472058 3.733678 -0.975961 -0.605520 0.377165 -0.011035 -1.000000 
1.764959 2.929965 -1.441940 3.795718 -0.981018 -0.658663 0.377077 -0.011146 -1.000000 
1.788101 2.855262 -1.411329 3.856794 -0.986499 -0.711451 0.376987 -0.011268 -1.000000 
1.810639 2.779170 -1.380234 3.916895 -0.992400 -0.763854 0.376896 -0.011399 -1.000000 
1.832564 2.701672 -1.348662 3.976013 -0.998719 -0.815840 0.376805 -0.011541 -1.000000 
1.853862 2.622753 -1.316620 4.034134 -1.005453 -0.867376 0.376712 -0.011693 -1.000000 
1.874524 2.542395 -1.284118 4.091244 -1.012596 -0.918432 0.376617 -0.011855 -1.000000 
1.894537 2.460582 -1.251163 4.147328 -1.020146 -0.968973 0.376522 -0.012029 -1.000000 
1.913889 2.377300 -1.217764 4.202365 -1.028098 -1.018967 0.376425 -0.012212 -1.000000 
1.932570 2.292532 -1.183928 4.256337 -1.036448 -1.068380 0.376326 -0.012407 -1.000000 
1.950566 2.206264 -1.149665 4.309221 -1.045191 -1.117178 0.376226 -0.012613 -1.000000 
1.967866 2.118482 -1.114984 4.360993 -1.054321 -1.165326 0.376125 -0.012829 -1.000000 
1.984457 2.029174 -1.079892 4.411627 -1.063834 -1.212789 0.376021 -0.013057 -1.000000 
2.000328 1.938328 -1.044401 4.461094 -1.073724 -1.259531 0.375916 -0.013297 -1.000000 
2.015466 1.845932 -1.008518 4.509365 -1.083985 -1.305517 0.375808 -0.013549 -1.000000 
2.029859 1.751978 -0.972254 4.556406 -1.094610 -1.350710 0.375699 -0.013812 -1.000000 
2.043494 1.656457 -0.935619 4.602185 -1.105594 -1.395073 0.375587 -0.014088 -1.000000 
2.056358 1.559363 -0.898623 4.646664 -1.116929 -1.438568 0.375473 -0.014376 -1.000000 
2.068440 1.460692 -0.861276 4.689806 -1.128608 -1.481158 0.375357 -0.014677 -1.000000 
2.079725 1.360439 -0.823589 4.731571 -1.140625 -1.522804 0.375239 -0.014991 -1.000000 
2.090202 1.258606 -0.785575 4.771917 -1.152971 -1.563468 0.375117 -0.015319 -1.000000 
2.099859 1.155191 -0.747243 4.810801 -1.165638 -1.603111 0.374993 -0.015660 -1.000000 
2.108681 1.050200 -0.708606 4.848178 -1.178618 -1.641694 0.374867 -0.016015 -1.000000 
2.116658 0.943637 -0.669676 4.884001 -1.191902 -1.679176 0.374737 -0.016385 -1.000000 
2.123775 0.835511 -0.630466 4.918221 -1.205481 -1.715519 0.374605 -0.016769 -1.000000 
2.130022 0.725833 -0.590989 4.950788 -1.219347 -1.750682 0.374469 -0.017169 -1.000000 
2.135384 0.614616 -0.551258 4.981651 -1.233489 -1.784624 0.374330 -0.017584 -1.000000 
2.139851 0.501876 -0.511287 5.010758 -1.247898 -1.817307 0.374187 -0.018015 -1.000000 
2.143410 0.387634 -0.471091 5.038055 -1.262563 -1.848689 0.374042 -0.018463 -1.000000 
2.146050 0.271911 -0.430683 5.063486 -1.277473 -1.878730 0.373892 -0.018928 -1.000000 
2.147757 0.154733 -0.390080 5.086996 -1.292619 -1.907390 0.373739 -0.019410 -1.000000 
2.148522 0.036129 -0.349297 5.108528 -1.307988 -1.934629 0.373581 -0.019911 -1.000000 
2.148332 -0.083868 -0.308349 5.128023 -1.323569 -1.960407 0.373420 -0.020430 -1.000000 
2.147176 -0.205222 -0.267254 5.145424 -1.339350 -1.984686 0.373254 -0.020968 -1.000000 
2.145044 -0.327895 -0.226028 5.160672 -1.355320 -2.007425 0.373084 -0.021526 -1.000000 
2.141926 -0.451842 -0.184689 5.173707 -1.371465 -2.028586 0.372910 -0.022105 -1.000000 
2.137812 -0.577017 -0.143255 5.184471 -1.387773 -2.048132 0.372731 -0.022704 -1.000000 
2.132691 -0.703369 -0.101744 5.192903 -1.404230 -2.066024 0.372547 -0.023326 -1.000000 
2.126555 -0.830844 -0.060175 5.198946 -1.420825 -2.082228 0.372357 -0.023969 -1.000000 
2.119395 -0.959383 -0.018567 5.202538 -1.437541 -2.096706 0.372163 -0.024636 -1.000000 
2.111202 -1.088923 0.023059 5.203623 -1.454367 -2.109424 0.371963 -0.025327 -1.000000 
2.101969 -1.219398 0.064684 5.202142 -1.471287 -2.120348 0.371758 -0.026042 -1.000000 
2.091689 -1.350738 0.106287 5.198038 -1.488288 -2.129446 0.371547 -0.026782 -1.000000 
2.080355 -1.482868 0.147846 5.191256 -1.505354 -2.136687 0.371329 -0.027548 -1.000000 
2.067962 -1.615711 0.189339 5.181740 -1.522470 -2.142041 0.371106 -0.028341 -1.000000 
2.054502 -1.749182 0.230746 5.169437 -1.539621 -2.145479 0.370876 -0.029162 -1.000000 
2.039973 -1.883197 0.272043 5.154295 -1.556792 -2.146976 0.370639 -0.030010 -1.000000 
2.024370 -2.017665 0.313207 5.136265 -1.573967 -2.146505 0.370395 -0.030888 -1.000000 
2.007690 -2.152492 0.354215 5.115298 -1.591131 -2.144044 0.370145 -0.031794 -1.000000 
1.989929 -2.287580 0.395044 5.091349 -1.608267 -2.139571 0.369887 -0.032732 -1.000000 
1.971088 -2.422828 0.435669 5.064375 -1.625359 -2.133068 0.369621 -0.033700 -1.000000 
1.951164 -2.558131 0.476066 5.034334 -1.642390 -2.124518 0.369347 -0.034699 -1.000000 
1.930158 -2.693380 0.516210 5.001190 -1.659346 -2.113905 0.369066 -0.035730 -1.000000 
1.908070 -2.828463 0.556076 4.964907 -1.676207 -2.101218 0.368776 -0.036794 -1.000000 
1.884903 -2.963267 0.595640 4.925453 -1.692959 -2.086447 0.368477 -0.037890 -1.000000 
1.860659 -3.097672 0.634875 4.882800 -1.709585 -2.069584 0.368169 -0.039020 -1.000000 
1.835342 -3.231557 0.673756 4.836925 -1.726067 -2.050626 0.367852 -0.040182 -1.000000 
1.808956 -3.364800 0.712257 4.787805 -1.742389 -2.029569 0.367526 -0.041378 -1.000000 
1.781507 -3.497275 0.750352 4.735425 -1.758535 -2.006416 0.367190 -0.042607 -1.000000 
1.753002 -3.628852 0.788015 4.679771 -1.774486 -1.981170 0.366844 -0.043869 -1.000000 
1.723448 -3.759402 0.825220 4.620835 -1.790228 -1.953838 0.366488 -0.045164 -1.000000 
1.692855 -3.888794 0.861940 4.558612 -1.805742 -1.924430 0.366122 -0.046490 -1.000000 
1.661231 -4.016893 0.898149 4.493105 -1.821013 -1.892960 0.365744 -0.047847 -1.000000 
1.628588 -4.143564 0.933821 4.424316 -1.836024 -1.859444 0.365356 -0.049234 -1.000000 
1.594938 -4.268672 0.968929 4.352257 -1.850759 -1.823902 0.364957 -0.050649 -1.000000 
1.560294 -4.392081 1.003448 4.276943 -1.865201 -1.786356 0.364546 -0.052091 -1.000000 
1.524670 -4.513653 1.037352 4.198393 -1.879335 -1.746833 0.364123 -0.053558 -1.000000 
1.488081 -4.633251 1.070614 4.116633 -1.893145 -1.705362 0.363689 -0.055046 -1.000000 
1.450543 -4.750740 1.103209 4.031693 -1.906616 -1.661977 0.363242 -0.056555 -1.000000 
1.412075 -4.865982 1.135113 3.943607 -1.919732 -1.616713 0.362784 -0.058080 -1.000000 
1.372694 -4.978842 1.166299 3.852418 -1.932479 -1.569609 0.362313 -0.059617 -1.000000 
1.332420 -5.089185 1.196743 3.758171 -1.944841 -1.520710 0.361830 -0.061164 -1.000000 
1.291274 -5.196881 1.226422 3.660916 -1.956805 -1.470060 0.361334 -0.062716 -1.000000 
1.249277 -5.301796 1.255310 3.560711 -1.968357 -1.417709 0.360826 -0.064267 -1.000000 
1.206453 -5.403803 1.283385 3.457618 -1.979484 -1.363710 0.360306 -0.065814 -1.000000 
1.162825 -5.502776 1.310624 3.351702 -1.990173 -1.308118 0.359773 -0.067349 -1.000000 
1.118417 -5.598590 1.337005 3.243036 -2.000410 -1.250991 0.359229 -0.068868 -1.000000 
1.073256 -5.691127 1.362506 3.131698 -2.010185 -1.192392 0.358672 -0.070364 -1.000000 
1.027368 -5.780268 1.387105 3.017768 -2.019485 -1.132385 0.358103 -0.071830 -1.000000 
0.980781 -5.865902 1.410783 2.901333 -2.028299 -1.071036 0.357522 -0.073260 -1.000000 
0.933523 -5.947919 1.433520 2.782486 -2.036618 -1.008416 0.356931 -0.074646 -1.000000 
0.885624 -6.026215 1.455297 2.661322 -2.044431 -0.944597 0.356328 -0.075981 -1.000000 
0.837114 -6.100689 1.476096 2.537940 -2.051728 -0.879654 0.355715 -0.077258 -1.000000 
0.788024 -6.171248 1.495898 2.412446 -2.058502 -0.813664 0.355092 -0.078469 -1.000000 
0.738385 -6.237801 1.514689 2.284948 -2.064744 -0.746705 0.354460 -0.079606 -1.000000 
0.688230 -6.300264 1.532453 2.155557 -2.070447 -0.678859 0.353819 -0.080663 -1.000000 
0.637592 -6.358559 1.549173 2.024390 -2.075604 -0.610208 0.353169 -0.081633 -1.000000 
0.586504 -6.412612 1.564838 1.891566 -2.080209 -0.540836 0.352513 -0.082510 -1.000000 
0.535001 -6.462358 1.579434 1.757206 -2.084256 -0.470830 0.351850 -0.083286 -1.000000 
0.483118 -6.507736 1.592950 1.621435 -2.087740 -0.400277 0.351181 -0.083957 -1.000000 
0.430889 -6.548691 1.605374 1.484380 -2.090659 -0.329264 0.350507 -0.084518 -1.000000 
0.378351 -6.585177 1.616697 1.346172 -2.093008 -0.257880 0.349829 -0.084965 -1.000000 
0.325539 -6.617153 1.626910 1.206940 -2.094784 -0.186214 0.349147 -0.085295 -1.000000 
0.272489 -6.644585 1.636006 1.066819 -2.095987 -0.114358 0.348464 -0.085504 -1.000000 
0.219237 -6.667445 1.643977 0.925943 -2.096614 -0.042401 0.347780 -0.085592 -1.000000 
0.165822 -6.685714 1.650819 0.784446 -2.096665 0.029567 0.347095 -0.085558 -1.000000 
0.112278 -6.699377 1.656527 0.642467 -2.096141 0.101455 0.346411 -0.085402 -1.000000 
0.058644 -6.708430 1.661098 0.500140 -2.095042 0.173173 0.345729 -0.085125 -1.000000 
0.004956 -6.712871 1.664529 0.357603 -2.093371 0.244632 0.345049 -0.084731 -1.000000 
-0.048750 -6.712709 1.666819 0.214993 -2.091129 0.315743 0.344374 -0.084221 -1.000000 
-0.102435 -6.707958 1.667969 0.072446 -2.088320 0.386418 0.343702 -0.083600 -1.000000 
-0.156065 -6.698639 1.667979 -0.069903 -2.084948 0.456570 0.343036 -0.082872 -1.000000 
-0.209601 -6.684779 1.666851 -0.211918 -2.081016 0.526114 0.342377 -0.082043 -1.000000 
-0.263009 -6.666413 1.664589 -0.353469 -2.076532 0.594965 0.341724 -0.081118 -1.000000 
-0.316252 -6.643581 1.661197 -0.494421 -2.071499 0.663041 0.341079 -0.080105 -1.000000 
-0.369295 -6.616330 1.656680 -0.634647 -2.065925 0.730260 0.340442 -0.079009 -1.000000 
-0.422102 -6.584714 1.651045 -0.774017 -2.059817 0.796544 0.339815 -0.077838 -1.000000 
-0.474639 -6.548792 1.644299 -0.912409 -2.053183 0.861815 0.339197 -0.076599 -1.000000 
-0.526871 -6.508627 1.636450 -1.049697 -2.046031 0.925998 0.338589 -0.075300 -1.000000 
-0.578766 -6.464291 1.627507 -1.185764 -2.038370 0.989022 0.337992 -0.073947 -1.000000 
-0.630289 -6.415859 1.617481 -1.320492 -2.030210 1.050815 0.337406 -0.072548 -1.000000 
-0.681409 -6.363411 1.606383 -1.453769 -2.021561 1.111310 0.336832 -0.071111 -1.000000 
-0.732093 -6.307033 1.594225 -1.585484 -2.012433 1.170442 0.336269 -0.069641 -1.000000 
-0.782311 -6.246816 1.581020 -1.715531 -2.002838 1.228148 0.335718 -0.068147 -1.000000 
-0.832032 -6.182853 1.566781 -1.843807 -1.992786 1.284370 0.335178 -0.066634 -1.000000 
-0.881227 -6.115243 1.551524 -1.970215 -1.982292 1.339049 0.334651 -0.065107 -1.000000 
-0.929866 -6.044087 1.535263 -2.094661 -1.971366 1.392133 0.334137 -0.063574 -1.000000 
-0.977923 -5.969493 1.518015 -2.217053 -1.960022 1.443571 0.333634 -0.062039 -1.000000 
-1.025369 -5.891567 1.499796 -2.337307 -1.948273 1.493315 0.333144 -0.060506 -1.000000 
-1.072180 -5.810422 1.480624 -2.455341 -1.936134 1.541320 0.332666 -0.058981 -1.000000 
-1.118328 -5.726172 1.460516 -2.571079 -1.923617 1.587545 0.332200 -0.057467 -1.000000 
-1.163790 -5.638934 1.439493 -2.684448 -1.910738 1.631952 0.331747 -0.055968 -1.000000 
-1.208543 -5.548826 1.417572 -2.795381 -1.897511 1.674506 0.331305 -0.054487 -1.000000 
-1.252564 -5.455967 1.394773 -2.903815 -1.883951 1.715174 0.330875 -0.053028 -1.000000 
-1.295832 -5.360481 1.371117 -3.009692 -1.870073 1.753928 0.330456 -0.051591 -1.000000 
-1.338325 -5.262488 1.346625 -3.112959 -1.855893 1.790742 0.330049 -0.050180 -1.000000 
-1.380025 -5.162113 1.321317 -3.213567 -1.841426 1.825593 0.329653 -0.048796 -1.000000 
-1.420913 -5.059480 1.295215 -3.311472 -1.826689 1.858462 0.329268 -0.047441 -1.000000 
-1.460971 -4.954713 1.268341 -3.406635 -1.811696 1.889332 0.328894 -0.046116 -1.000000 
-1.500183 -4.847935 1.240716 -3.499020 -1.796465 1.918190 0.328531 -0.044821 -1.000000 
-1.538533 -4.739271 1.212364 -3.588598 -1.781011 1.945026 0.328177 -0.043559 -1.000000 
-1.576007 -4.628845 1.183306 -3.675344 -1.765350 1.969832 0.327834 -0.042329 -1.000000 
-1.612590 -4.516778 1.153566 -3.759235 -1.749499 1.992602 0.327500 -0.041131 -1.000000 
-1.648271 -4.403193 1.123166 -3.840254 -1.733474 2.013336 0.327175 -0.039966 -1.000000 
-1.683038 -4.288209 1.092130 -3.918390 -1.717291 2.032033 0.326860 -0.038834 -1.000000 
-1.716879 -4.171945 1.060480 -3.993633 -1.700966 2.048698 0.326554 -0.037734 -1.000000 
-1.749786 -4.054519 1.028239 -4.065978 -1.684517 2.063335 0.326256 -0.036666 -1.000000 
-1.781749 -3.936046 0.995432 -4.135425 -1.667959 2.075953 0.325967 -0.035631 -1.000000 
-1.812760 -3.816638 0.962080 -4.201977 -1.651307 2.086563 0.325686 -0.034628 -1.000000 
-1.842813 -3.696407 0.928208 -4.265640 -1.634579 2.095177 0.325413 -0.033655 -1.000000 
-1.871900 -3.575460 0.893838 -4.326423 -1.617790 2.101811 0.325148 -0.032713 -1.000000 
-1.900018 -3.453905 0.858993 -4.384341 -1.600955 2.106481 0.324890 -0.031802 -1.000000 
-1.927162 -3.331844 0.823696 -4.439410 -1.584091 2.109207 0.324639 -0.030919 -1.000000 
-1.953327 -3.209378 0.787970 -4.491648 -1.567213 2.110010 0.324395 -0.030066 -1.000000 
-1.978511 -3.086604 0.751837 -4.541078 -1.550336 2.108911 0.324158 -0.029240 -1.000000 
-2.002712 -2.963616 0.715320 -4.587726 -1.533475 2.105936 0.323927 -0.028442 -1.000000 
-2.025928 -2.840507 0.678441 -4.631617 -1.516646 2.101111 0.323702 -0.027670 -1.000000 
-2.048160 -2.717363 0.641221 -4.672783 -1.499862 2.094462 0.323484 -0.026925 -1.000000 
-2.069406 -2.594269 0.603683 -4.711254 -1.483139 2.086019 0.323272 -0.026204 -1.000000 
-2.089668 -2.471308 0.565848 -4.747065 -1.466491 2.075811 0.323065 -0.025509 -1.000000 
-2.108948 -2.348558 0.527737 -4.780251 -1.449931 2.063870 0.322863 -0.024836 -1.000000 
-2.127246 -2.226092 0.489371 -4.810849 -1.433473 2.050227 0.322667 -0.024188 -1.000000 
-2.144566 -2.103982 0.450771 -4.838898 -1.417132 2.034915 0.322476 -0.023561 -1.000000 
-2.160911 -1.982296 0.411956 -4.864439 -1.400919 2.017970 0.322290 -0.022956 -1.000000 
-2.176284 -1.861098 0.372946 -4.887512 -1.384849 1.999424 0.322109 -0.022372 -1.000000 
-2.190690 -1.740450 0.333762 -4.908160 -1.368933 1.979315 0.321932 -0.021809 -1.000000 
-2.204133 -1.620408 0.294422 -4.926426 -1.353184 1.957677 0.321760 -0.021266 -1.000000 
-2.216618 -1.501026 0.254945 -4.942353 -1.337614 1.934548 0.321592 -0.020741 -1.000000 
-2.228151 -1.382356 0.215350 -4.955987 -1.322235 1.909965 0.321428 -0.020236 -1.000000 
-2.238738 -1.264444 0.175656 -4.967371 -1.307058 1.883964 0.321268 -0.019748 -1.000000 
-2.248385 -1.147335 0.135878 -4.976551 -1.292095 1.856583 0.321112 -0.019278 -1.000000 
-2.257098 -1.031069 0.096036 -4.983571 -1.277356 1.827861 0.320960 -0.018825 -1.000000 
-2.264884 -0.915683 0.056147 -4.988478 -1.262853 1.797835 0.320811 -0.018389 -1.000000 
-2.271751 -0.801213 0.016226 -4.991316 -1.248594 1.766544 0.320665 -0.017968 -1.000000 
-2.277706 -0.687689 -0.023709 -4.992129 -1.234591 1.734025 0.320523 -0.017563 -1.000000 
-2.282757 -0.575140 -0.063642 -4.990962 -1.220853 1.700318 0.320384 -0.017174 -1.000000 
-2.286911 -0.463592 -0.103559 -4.987859 -1.207389 1.665458 0.320248 -0.016799 -1.000000 
-2.290177 -0.353067 -0.143443 -4.982863 -1.194209 1.629486 0.320115 -0.016438 -1.000000 
-2.292563 -0.243585 -0.183280 -4.976017 -1.181320 1.592438 0.319985 -0.016091 -1.000000 
-2.294077 -0.135164 -0.223055 -4.967362 -1.168732 1.554352 0.319858 -0.015758 -1.000000 
-2.294728 -0.027818 -0.262753 -4.956939 -1.156453 1.515265 0.319733 -0.015438 -1.000000 
-2.294525 0.078441 -0.302361 -4.944788 -1.144491 1.475214 0.319611 -0.015131 -1.000000 
-2.293476 0.183601 -0.341865 -4.930948 -1.132852 1.434236 0.319491 -0.014837 -1.000000 
-2.291590 0.287655 -0.381252 -4.915457 -1.121545 1.392368 0.319374 -0.014555 -1.000000 
-2.288877 0.390598 -0.420508 -4.898351 -1.110577 1.349644 0.319258 -0.014285 -1.000000 
-2.285344 0.492426 -0.459621 -4.879665 -1.099953 1.306102 0.319145 -0.014027 -1.000000 
-2.281001 0.593136 -0.498579 -4.859433 -1.089681 1.261776 0.319034 -0.013780 -1.000000 
-2.275857 0.692730 -0.537368 -4.837688 -1.079767 1.216701 0.318924 -0.013545 -1.000000 
-2.269920 0.791207 -0.575978 -4.814460 -1.070216 1.170911 0.318817 -0.013321 -1.000000 
-2.263200 0.888572 -0.614396 -4.789780 -1.061034 1.124440 0.318711 -0.013107 -1.000000 
-2.255706 0.984829 -0.652610 -4.763676 -1.052227 1.077322 0.318607 -0.012905 -1.000000 
-2.247446 1.079985 -0.690611 -4.736173 -1.043799 1.029590 0.318505 -0.012712 -1.000000 
-2.238429 1.174045 -0.728385 -4.707298 -1.035755 0.981276 0.318404 -0.012531 -1.000000 
-2.228664 1.267019 -0.765924 -4.677073 -1.028100 0.932414 0.318304 -0.012359 -1.000000 
-2.218160 1.358916 -0.803215 -4.645521 -1.020837 0.883033 0.318206 -0.012197 -1.000000 
-2.206924 1.449746 -0.840249 -4.612661 -1.013972 0.833167 0.318109 -0.012046 -1.000000 
-2.194967 1.539520 -0.877014 -4.578512 -1.007508 0.782845 0.318013 -0.011904 -1.000000 
-2.182295 1.628249 -0.913501 -4.543091 -1.001448 0.732099 0.317919 -0.011772 -1.000000 
-2.168917 1.715947 -0.949700 -4.506413 -0.995795 0.680959 0.317825 -0.011649 -1.000000 
-2.154842 1.802625 -0.985601 -4.468493 -0.990554 0.629454 0.317732 -0.011536 -1.000000 
-2.140078 1.888296 -1.021193 -4.429341 -0.985725 0.577614 0.317640 -0.011432 -1.000000 
-2.124632 1.972974 -1.056467 -4.388968 -0.981313 0.525469 0.317549 -0.011338 -1.000000 
-2.108513 2.056673 -1.091413 -4.347383 -0.977318 0.473046 0.317459 -0.011252 -1.000000 
-2.091728 2.139406 -1.126022 -4.304594 -0.973745 0.420375 0.317369 -0.011176 -1.000000 
-2.074285 2.221186 -1.160283 -4.260605 -0.970593 0.367484 0.317280 -0.011109 -1.000000 
-2.056192 2.302026 -1.194188 -4.215421 -0.967865 0.314402 0.317191 -0.011051 -1.000000 
-2.037455 2.381940 -1.227727 -4.169045 -0.965563 0.261155 0.317103 -0.011002 -1.000000 
-2.018083 2.460941 -1.260890 -4.121477 -0.963687 0.207772 0.317015 -0.010962 -1.000000 
-1.998082 2.539040 -1.293667 -4.072718 -0.962239 0.154281 0.316928 -0.010931 -1.000000 
-1.977461 2.616249 -1.326050 -4.022766 -0.961219 0.100708 0.316840 -0.010908 -1.000000 
-1.956225 2.692581 -1.358029 -3.971617 -0.960628 0.047082 0.316753 -0.010895 -1.000000 
-1.934382 2.768045 -1.389593 -3.919267 -0.960466 -0.006571 0.316666 -0.010890 -1.000000 
-1.911938 2.842650 -1.420734 -3.865711 -0.960733 -0.060224 0.316579 -0.010895 -1.000000 
-1.888902 2.916407 -1.451441 -3.810942 -0.961429 -0.113848 0.316492 -0.010908 -1.000000 
-1.865278 2.989323 -1.481705 -3.754952 -0.962554 -0.167417 0.316404 -0.010930 -1.000000 
-1.841075 3.061405 -1.511517 -3.697733 -0.964108 -0.220904 0.316317 -0.010961 -1.000000 
-1.816298 3.132658 -1.540866 -3.639273 -0.966088 -0.274281 0.316229 -0.011001 -1.000000 
-1.790954 3.203089 -1.569742 -3.579563 -0.968496 -0.327520 0.316141 -0.011049 -1.000000 
-1.765051 3.272700 -1.598135 -3.518590 -0.971328 -0.380595 0.316052 -0.011107 -1.000000 
-1.738593 3.341493 -1.626036 -3.456343 -0.974585 -0.433476 0.315963 -0.011174 -1.000000 
-1.711589 3.409471 -1.653434 -3.392807 -0.978263 -0.486137 0.315873 -0.011249 -1.000000 
-1.684044 3.476632 -1.680317 -3.327969 -0.982362 -0.538549 0.315783 -0.011334 -1.000000 
-1.655965 3.542974 -1.706677 -3.261814 -0.986879 -0.590683 0.315692 -0.011428 -1.000000 
-1.627359 3.608495 -1.732503 -3.194328 -0.991812 -0.642512 0.315600 -0.011531 -1.000000 
-1.598231 3.673189 -1.757783 -3.125496 -0.997159 -0.694005 0.315508 -0.011643 -1.000000 
-1.568590 3.737051 -1.782507 -3.055301 -1.002915 -0.745135 0.315414 -0.011765 -1.000000 
-1.538441 3.800071 -1.806664 -2.983727 -1.009080 -0.795870 0.315319 -0.011896 -1.000000 
-1.507791 3.862241 -1.830243 -2.910760 -1.015648 -0.846182 0.315224 -0.012037 -1.000000 
-1.476647 3.923548 -1.853233 -2.836383 -1.022617 -0.896040 0.315127 -0.012187 -1.000000 
-1.445016 3.983980 -1.875622 -2.760581 -1.029984 -0.945413 0.315028 -0.012347 -1.000000 
-1.412906 4.043522 -1.897398 -2.683337 -1.037743 -0.994270 0.314929 -0.012517 -1.000000 
-1.380322 4.102157 -1.918551 -2.604637 -1.045890 -1.042581 0.314828 -0.012697 -1.000000 
-1.347274 4.159867 -1.939068 -2.524466 -1.054422 -1.090313 0.314726 -0.012887 -1.000000 
-1.313767 4.216630 -1.958939 -2.442809 -1.063334 -1.137434 0.314622 -0.013088 -1.000000 
-1.279810 4.272426 -1.978149 -2.359653 -1.072620 -1.183911 0.314516 -0.013299 -1.000000 
-1.245411 4.327229 -1.996689 -2.274984 -1.082275 -1.229713 0.314409 -0.013521 -1.000000 
-1.210577 4.381015 -2.014545 -2.188792 -1.092293 -1.274804 0.314300 -0.013753 -1.000000 
-1.175318 4.433754 -2.031705 -2.101064 -1.102670 -1.319151 0.314189 -0.013997 -1.000000 
-1.139640 4.485419 -2.048158 -2.011791 -1.113398 -1.362721 0.314076 -0.014252 -1.000000 
-1.103554 4.535976 -2.063890 -1.920963 -1.124471 -1.405479 0.313961 -0.014519 -1.000000 
-1.067068 4.585394 -2.078889 -1.828574 -1.135883 -1.447389 0.313844 -0.014797 -1.000000 
-1.030191 4.633636 -2.093143 -1.734617 -1.147627 -1.488417 0.313724 -0.015087 -1.000000 
-0.992933 4.680667 -2.106639 -1.639088 -1.159695 -1.528527 0.313602 -0.015390 -1.000000 
-0.955303 4.726448 -2.119364 -1.541984 -1.172081 -1.567683 0.313478 -0.015705 -1.000000 
-0.917313 4.770938 -2.131306 -1.443304 -1.184775 -1.605850 0.313351 -0.016033 -1.000000 
-0.878972 4.814095 -2.142453 -1.343049 -1.197772 -1.642990 0.313221 -0.016374 -1.000000 
-0.840291 4.855877 -2.152791 -1.241222 -1.211060 -1.679067 0.313089 -0.016729 -1.000000 
-0.801282 4.896238 -2.162308 -1.137828 -1.224634 -1.714045 0.312954 -0.017098 -1.000000 
-0.761955 4.935131 -2.170992 -1.032874 -1.238482 -1.747886 0.312815 -0.017481 -1.000000 
-0.722324 4.972509 -2.178830 -0.926371 -1.252597 -1.780554 0.312674 -0.017879 -1.000000 
-0.682399 5.008322 -2.185810 -0.818330 -1.266968 -1.812012 0.312529 -0.018292 -1.000000 
-0.642195 5.042520 -2.191919 -0.708766 -1.281586 -1.842222 0.312381 -0.018721 -1.000000 
-0.601723 5.075051 -2.197146 -0.597697 -1.296440 -1.871148 0.312230 -0.019165 -1.000000 
-0.560998 5.105863 -2.201478 -0.485143 -1.311520 -1.898753 0.312075 -0.019626 -1.000000 
-0.520034 5.134901 -2.204905 -0.371127 -1.326816 -1.925001 0.311916 -0.020104 -1.000000 
-0.478845 5.162110 -2.207413 -0.255675 -1.342317 -1.949854 0.311753 -0.020599 -1.000000 
-0.437445 5.187436 -2.208992 -0.138817 -1.358010 -1.973278 0.311586 -0.021112 -1.000000 
-0.395851 5.210822 -2.209630 -0.020586 -1.373885 -1.995236 0.311415 -0.021644 -1.000000 
-0.354078 5.232212 -2.209317 0.098984 -1.389930 -2.015694 0.311240 -0.022195 -1.000000 
-0.312141 5.251547 -2.208043 0.219854 -1.406132 -2.034616 0.311060 -0.022765 -1.000000 
-0.270058 5.268772 -2.205796 0.341980 -1.422480 -2.051969 0.310875 -0.023356 -1.000000 
-0.227847 5.283827 -2.202568 0.465318 -1.438959 -2.067720 0.310686 -0.023968 -1.000000 
-0.185523 5.296657 -2.198348 0.589817 -1.455559 -2.081836 0.310492 -0.024601 -1.000000 
-0.143106 5.307202 -2.193128 0.715426 -1.472264 -2.094285 0.310292 -0.025256 -1.000000 
-0.100614 5.315407 -2.186899 0.842087 -1.489063 -2.105037 0.310088 -0.025933 -1.000000 
-0.058066 5.321214 -2.179652 0.969742 -1.505940 -2.114063 0.309877 -0.026635 -1.000000 
-0.015481 5.324568 -2.171380 1.098326 -1.522883 -2.121333 0.309661 -0.027360 -1.000000 
0.027120 5.325413 -2.162076 1.227773 -1.539877 -2.126821 0.309440 -0.028109 -1.000000 
0.069718 5.323695 -2.151734 1.358012 -1.556907 -2.130501 0.309212 -0.028885 -1.000000 
0.112292 5.319360 -2.140346 1.488968 -1.573960 -2.132349 0.308977 -0.029686 -1.000000 
0.154821 5.312357 -2.127909 1.620564 -1.591020 -2.132341 0.308737 -0.030513 -1.000000 
0.197283 5.302636 -2.114416 1.752718 -1.608073 -2.130457 0.308489 -0.031368 -1.000000 
0.239656 5.290147 -2.099864 1.885346 -1.625102 -2.126677 0.308235 -0.032251 -1.000000 
0.281918 5.274844 -2.084249 2.018360 -1.642094 -2.120983 0.307973 -0.033162 -1.000000 
0.324046 5.256681 -2.067569 2.151667 -1.659033 -2.113360 0.307704 -0.034102 -1.000000 
0.366017 5.235617 -2.049822 2.285173 -1.675903 -2.103794 0.307427 -0.035071 -1.000000 
0.407808 5.211610 -2.031006 2.418781 -1.692688 -2.092273 0.307143 -0.036070 -1.000000 
0.449395 5.184622 -2.011121 2.552388 -1.709374 -2.078788 0.306850 -0.037099 -1.000000 
0.490754 5.154620 -1.990168 2.685891 -1.725944 -2.063331 0.306549 -0.038159 -1.000000 
0.531861 5.121570 -1.968148 2.819183 -1.742382 -2.045898 0.306239 -0.039249 -1.000000 
0.572691 5.085443 -1.945062 2.952154 -1.758673 -2.026487 0.305921 -0.040369 -1.000000 
0.613219 5.046213 -1.920914 3.084693 -1.774801 -2.005097 0.305593 -0.041521 -1.000000 
0.653422 5.003859 -1.895709 3.216686 -1.790749 -1.981731 0.305257 -0.042702 -1.000000 
0.693273 4.958360 -1.869449 3.348014 -1.806503 -1.956395 0.304910 -0.043914 -1.000000 
0.732747 4.909702 -1.842142 3.478561 -1.822046 -1.929097 0.304554 -0.045155 -1.000000 
0.771819 4.857874 -1.813795 3.608205 -1.837363 -1.899846 0.304188 -0.046425 -1.000000 
0.810465 4.802867 -1.784414 3.736826 -1.852439 -1.868658 0.303811 -0.047723 -1.000000 
0.848657 4.744678 -1.754009 3.864299 -1.867257 -1.835548 0.303424 -0.049048 -1.000000 
0.886371 4.683308 -1.722588 3.990500 -1.881802 -1.800536 0.303026 -0.050398 -1.000000 
0.923581 4.618763 -1.690164 4.115304 -1.896060 -1.763644 0.302617 -0.051772 -1.000000 
0.960263 4.551051 -1.656748 4.238585 -1.910016 -1.724897 0.302198 -0.053168 -1.000000 
0.996390 4.480188 -1.622351 4.360217 -1.923654 -1.684323 0.301767 -0.054584 -1.000000 
1.031937 4.406191 -1.586989 4.480074 -1.936960 -1.641954 0.301324 -0.056016 -1.000000 
1.066880 4.329083 -1.550675 4.598029 -1.949920 -1.597823 0.300870 -0.057463 -1.000000 
1.101194 4.248894 -1.513426 4.713957 -1.962521 -1.551967 0.300405 -0.058921 -1.000000 
1.134855 4.165654 -1.475258 4.827732 -1.974747 -1.504427 0.299928 -0.060387 -1.000000 
1.167837 4.079403 -1.436188 4.939231 -1.986587 -1.455244 0.299439 -0.061856 -1.000000 
1.200117 3.990182 -1.396236 5.048331 -1.998027 -1.404465 0.298938 -0.063324 -1.000000 
1.231672 3.898037 -1.355422 5.154911 -2.009054 -1.352139 0.298426 -0.064786 -1.000000 
1.262478 3.803021 -1.313765 5.258851 -2.019657 -1.298315 0.297901 -0.066239 -1.000000 
1.292513 3.705190 -1.271287 5.360034 -2.029824 -1.243048 0.297366 -0.067675 -1.000000 
1.321754 3.604605 -1.228012 5.458346 -2.039542 -1.186395 0.296819 -0.069090 -1.000000 
1.350179 3.501332 -1.183962 5.553674 -2.048802 -1.128415 0.296260 -0.070478 -1.000000 
1.377768 3.395439 -1.139161 5.645909 -2.057594 -1.069168 0.295691 -0.071832 -1.000000 
1.404500 3.287003 -1.093636 5.734945 -2.065906 -1.008719 0.295111 -0.073146 -1.000000 
1.430354 3.176102 -1.047411 5.820681 -2.073730 -0.947134 0.294521 -0.074414 -1.000000 
1.455311 3.062818 -1.000514 5.903017 -2.081057 -0.884481 0.293921 -0.075629 -1.000000 
1.479353 2.947239 -0.952972 5.981859 -2.087879 -0.820830 0.293311 -0.076785 -1.000000 
1.502461 2.829456 -0.904814 6.057117 -2.094188 -0.756253 0.292692 -0.077874 -1.000000 
1.524618 2.709562 -0.856068 6.128704 -2.099977 -0.690824 0.292065 -0.078891 -1.000000 
1.545808 2.587658 -0.806765 6.196540 -2.105239 -0.624618 0.291430 -0.079829 -1.000000 
1.566016 2.463843 -0.756934 6.260548 -2.109969 -0.557713 0.290788 -0.080682 -1.000000 
1.585225 2.338223 -0.706606 6.320657 -2.114161 -0.490185 0.290140 -0.081446 -1.000000 
1.603423 2.210905 -0.655814 6.376801 -2.117810 -0.422114 0.289485 -0.082114 -1.000000 
1.620595 2.082000 -0.604588 6.428920 -2.120913 -0.353581 0.288826 -0.082682 -1.000000 
1.636731 1.951621 -0.552962 6.476958 -2.123467 -0.284667 0.288163 -0.083147 -1.000000 
1.651818 1.819883 -0.500968 6.520867 -2.125467 -0.215453 0.287496 -0.083505 -1.000000 
1.665846 1.686904 -0.448639 6.560602 -2.126913 -0.146022 0.286827 -0.083754 -1.000000 
1.678805 1.552802 -0.396009 6.596127 -2.127803 -0.076456 0.286156 -0.083892 -1.000000 
1.690688 1.417699 -0.343112 6.627409 -2.128136 -0.006838 0.285485 -0.083918 -1.000000 
1.701486 1.281716 -0.289982 6.654423 -2.127913 0.062750 0.284814 -0.083832 -1.000000 
1.711193 1.144977 -0.236653 6.677149 -2.127133 0.132224 0.284144 -0.083634 -1.000000 
1.719804 1.007605 -0.183159 6.695574 -2.125798 0.201503 0.283476 -0.083327 -1.000000 
1.727314 0.869725 -0.129535 6.709690 -2.123909 0.270506 0.282811 -0.082912 -1.000000 
1.733718 0.731462 -0.075816 6.719496 -2.121471 0.339150 0.282150 -0.082392 -1.000000 
1.739016 0.592940 -0.022035 6.724996 -2.118484 0.407356 0.281493 -0.081772 -1.000000 
1.743205 0.454284 0.031773 6.726202 -2.114954 0.475044 0.280842 -0.081055 -1.000000 
1.746285 0.315618 0.085573 6.723130 -2.110885 0.542137 0.280196 -0.080246 -1.000000 
1.748255 0.177064 0.139331 6.715801 -2.106282 0.608557 0.279558 -0.079351 -1.000000 
1.749118 0.038746 0.193014 6.704246 -2.101150 0.674230 0.278927 -0.078376 -1.000000 
1.748876 -0.099215 0.246588 6.688497 -2.095496 0.739081 0.278304 -0.077326 -1.000000 
1.747532 -0.236701 0.300019 6.668593 -2.089327 0.803038 0.277690 -0.076208 -1.000000 
1.745091 -0.373593 0.353275 6.644580 -2.082650 0.866032 0.277085 -0.075028 -1.000000 
1.741557 -0.509776 0.406322 6.616508 -2.075474 0.927992 0.276490 -0.073794 -1.000000 
1.736936 -0.645134 0.459128 6.584432 -2.067805 0.988854 0.275904 -0.072511 -1.000000 
1.731237 -0.779558 0.511662 6.548411 -2.059655 1.048552 0.275330 -0.071185 -1.000000 
1.724466 -0.912938 0.563892 6.508511 -2.051032 1.107025 0.274765 -0.069825 -1.000000 
1.716633 -1.045167 0.615788 6.464801 -2.041946 1.164213 0.274212 -0.068434 -1.000000 
1.707747 -1.176143 0.667319 6.417353 -2.032408 1.220059 0.273671 -0.067021 -1.000000 
1.697818 -1.305764 0.718456 6.366246 -2.022429 1.274508 0.273140 -0.065589 -1.000000 
1.686859 -1.433934 0.769170 6.311562 -2.012020 1.327508 0.272621 -0.064145 -1.000000 
1.674880 -1.560559 0.819432 6.253385 -2.001193 1.379008 0.272114 -0.062694 -1.000000 
1.661894 -1.685548 0.869215 6.191804 -1.989960 1.428963 0.271618 -0.061240 -1.000000 
1.647915 -1.808815 0.918492 6.126910 -1.978333 1.477328 0.271134 -0.059787 -1.000000 
1.632958 -1.930277 0.967237 6.058798 -1.966327 1.524061 0.270661 -0.058341 -1.000000 
1.617036 -2.049853 1.015424 5.987565 -1.953953 1.569124 0.270201 -0.056904 -1.000000 
1.600165 -2.167470 1.063030 5.913312 -1.941225 1.612480 0.269751 -0.055480 -1.000000 
1.582362 -2.283054 1.110029 5.836139 -1.928158 1.654097 0.269313 -0.054071 -1.000000 
1.563642 -2.396539 1.156400 5.756151 -1.914765 1.693944 0.268886 -0.052681 -1.000000 
1.544023 -2.507860 1.202121 5.673452 -1.901060 1.731993 0.268470 -0.051311 -1.000000 
1.523522 -2.616959 1.247169 5.588150 -1.887058 1.768220 0.268065 -0.049964 -1.000000 
1.502158 -2.723780 1.291524 5.500353 -1.872773 1.802603 0.267670 -0.048642 -1.000000 
1.479948 -2.828272 1.335168 5.410169 -1.858221 1.835122 0.267286 -0.047345 -1.000000 
1.456912 -2.930386 1.378081 5.317708 -1.843416 1.865762 0.266913 -0.046075 -1.000000 
1.433068 -3.030081 1.420246 5.223081 -1.828374 1.894508 0.266549 -0.044834 -1.000000 
1.408437 -3.127317 1.461645 5.126396 -1.813109 1.921348 0.266195 -0.043621 -1.000000 
1.383038 -3.222059 1.502263 5.027765 -1.797637 1.946276 0.265851 -0.042437 -1.000000 
1.356891 -3.314275 1.542084 4.927297 -1.781974 1.969284 0.265516 -0.041284 -1.000000 
1.330016 -3.403939 1.581095 4.825102 -1.766134 1.990369 0.265191 -0.040160 -1.000000 
1.302435 -3.491027 1.619281 4.721288 -1.750133 2.009530 0.264874 -0.039067 -1.000000 
1.274167 -3.575520 1.656631 4.615964 -1.733986 2.026768 0.264565 -0.038003 -1.000000 
1.245233 -3.657400 1.693133 4.509235 -1.717710 2.042087 0.264266 -0.036970 -1.000000 
1.215655 -3.736657 1.728776 4.401209 -1.701318 2.055493 0.263974 -0.035967 -1.000000 
1.185454 -3.813282 1.763549 4.291988 -1.684827 2.066993 0.263690 -0.034993 -1.000000 
1.154650 -3.887268 1.797445 4.181676 -1.668251 2.076599 0.263414 -0.034048 -1.000000 
1.123265 -3.958614 1.830453 4.070373 -1.651606 2.084321 0.263145 -0.033131 -1.000000 
1.091319 -4.027321 1.862568 3.958178 -1.634907 2.090174 0.262884 -0.032243 -1.000000 
1.058834 -4.093394 1.893782 3.845188 -1.618169 2.094173 0.262629 -0.031383 -1.000000 
1.025832 -4.156838 1.924089 3.731497 -1.601405 2.096337 0.262381 -0.030550 -1.000000 
0.992332 -4.217665 1.953485 3.617199 -1.584632 2.096684 0.262140 -0.029743 -1.000000 
0.958356 -4.275887 1.981963 3.502383 -1.567863 2.095235 0.261905 -0.028962 -1.000000 
0.923925 -4.331519 2.009522 3.387136 -1.551113 2.092013 0.261677 -0.028206 -1.000000 
0.889059 -4.384579 2.036156 3.271544 -1.534396 2.087040 0.261454 -0.027475 -1.000000 
0.853778 -4.435087 2.061866 3.155689 -1.517725 2.080343 0.261237 -0.026768 -1.000000 
0.818104 -4.483065 2.086647 3.039650 -1.501115 2.071947 0.261026 -0.026085 -1.000000 
0.782056 -4.528536 2.110500 2.923504 -1.484578 2.061879 0.260820 -0.025424 -1.000000 
0.745654 -4.571528 2.133423 2.807325 -1.468129 2.050167 0.260619 -0.024785 -1.000000 
0.708918 -4.612067 2.155417 2.691184 -1.451780 2.036842 0.260423 -0.024168 -1.000000 
0.671867 -4.650183 2.176482 2.575148 -1.435544 2.021933 0.260232 -0.023571 -1.000000 
0.634521 -4.685906 2.196620 2.459284 -1.419433 2.005471 0.260046 -0.022995 -1.000000 
0.596899 -4.719269 2.215831 2.343653 -1.403460 1.987488 0.259864 -0.022439 -1.000000 
0.559019 -4.750305 2.234119 2.228315 -1.387637 1.968017 0.259687 -0.021901 -1.000000 
0.520900 -4.779048 2.251485 2.113325 -1.371976 1.947089 0.259514 -0.021382 -1.000000 
0.482561 -4.805534 2.267933 1.998736 -1.356488 1.924739 0.259345 -0.020881 -1.000000 
0.444018 -4.829797 2.283466 1.884600 -1.341184 1.901000 0.259180 -0.020398 -1.000000 
0.405290 -4.851875 2.298088 1.770963 -1.326075 1.875907 0.259018 -0.019931 -1.000000 
0.366394 -4.871805 2.311803 1.657870 -1.311173 1.849494 0.258861 -0.019481 -1.000000 
0.327346 -4.889624 2.324616 1.545361 -1.296487 1.821796 0.258707 -0.019047 -1.000000 
0.288165 -4.905370 2.336531 1.433477 -1.282027 1.792847 0.258556 -0.018628 -1.000000 
0.248866 -4.919080 2.347553 1.322253 -1.267804 1.762684 0.258408 -0.018225 -1.000000 
0.209465 -4.930793 2.357688 1.211721 -1.253828 1.731340 0.258264 -0.017836 -1.000000 
0.169978 -4.940547 2.366943 1.101913 -1.240106 1.698850 0.258123 -0.017462 -1.000000 
0.130421 -4.948379 2.375321 0.992856 -1.226649 1.665251 0.257985 -0.017101 -1.000000 
0.090809 -4.954327 2.382830 0.884575 -1.213465 1.630577 0.257849 -0.016754 -1.000000 
0.051157 -4.958428 2.389476 0.777094 -1.200562 1.594863 0.257717 -0.016420 -1.000000 
0.011479 -4.960717 2.395266 0.670432 -1.187950 1.558144 0.257587 -0.016099 -1.000000 
-0.028210 -4.961232 2.400206 0.564608 -1.175635 1.520454 0.257459 -0.015790 -1.000000 
-0.067896 -4.960008 2.404302 0.459636 -1.163625 1.481827 0.257334 -0.015493 -1.000000 
-0.107565 -4.957079 2.407562 0.355532 -1.151928 1.442298 0.257211 -0.015209 -1.000000 
-0.147204 -4.952479 2.409993 0.252305 -1.140551 1.401901 0.257091 -0.014936 -1.000000 
-0.186800 -4.946242 2.411601 0.149966 -1.129500 1.360669 0.256972 -0.014674 -1.000000 
-0.226340 -4.938399 2.412395 0.048522 -1.118782 1.318635 0.256856 -0.014424 -1.000000 
-0.265811 -4.928981 2.412380 -0.052022 -1.108404 1.275833 0.256741 -0.014184 -1.000000 
-0.305200 -4.918019 2.411565 -0.151661 -1.098371 1.232295 0.256629 -0.013955 -1.000000 
-0.344495 -4.905542 2.409956 -0.250394 -1.088689 1.188053 0.256518 -0.013737 -1.000000 
-0.383684 -4.891577 2.407561 -0.348220 -1.079364 1.143139 0.256409 -0.013529 -1.000000 
-0.422756 -4.876151 2.404387 -0.445140 -1.070400 1.097584 0.256302 -0.013331 -1.000000 
-0.461699 -4.859289 2.400441 -0.541157 -1.061804 1.051421 0.256196 -0.013143 -1.000000 
-0.500501 -4.841016 2.395731 -0.636273 -1.053579 1.004679 0.256091 -0.012964 -1.000000 
-0.539151 -4.821354 2.390263 -0.730493 -1.045730 0.957389 0.255988 -0.012796 -1.000000 
-0.577639 -4.800324 2.384045 -0.823824 -1.038262 0.909581 0.255886 -0.012636 -1.000000 
-0.615953 -4.777948 2.377084 -0.916273 -1.031178 0.861285 0.255786 -0.012486 -1.000000 
-0.654083 -4.754243 2.369387 -1.007846 -1.024483 0.812530 0.255687 -0.012345 -1.000000 
-0.692017 -4.729227 2.360961 -1.098553 -1.018179 0.763346 0.255588 -0.012214 -1.000000 
-0.729747 -4.702916 2.351813 -1.188404 -1.012270 0.713760 0.255491 -0.012091 -1.000000 
-0.767261 -4.675325 2.341949 -1.277407 -1.006760 0.663802 0.255395 -0.011977 -1.000000 
-0.804549 -4.646466 2.331376 -1.365574 -1.001651 0.613499 0.255300 -0.011872 -1.000000 
-0.841601 -4.616351 2.320102 -1.452916 -0.996945 0.562879 0.255205 -0.011776 -1.000000 
-0.878407 -4.584990 2.308132 -1.539443 -0.992645 0.511970 0.255111 -0.011688 -1.000000 
-0.914957 -4.552393 2.295473 -1.625168 -0.988754 0.460799 0.255018 -0.011609 -1.000000 
-0.951242 -4.518566 2.282131 -1.710102 -0.985273 0.409393 0.254925 -0.011538 -1.000000 
-0.987251 -4.483516 2.268113 -1.794257 -0.982204 0.357778 0.254833 -0.011476 -1.000000 
-1.022975 -4.447248 2.253425 -1.877645 -0.979549 0.305982 0.254742 -0.011422 -1.000000 
-1.058404 -4.409764 2.238073 -1.960277 -0.977309 0.254031 0.254651 -0.011377 -1.000000 
-1.093528 -4.371066 2.222063 -2.042166 -0.975485 0.201950 0.254560 -0.011339 -1.000000 
-1.128338 -4.331156 2.205400 -2.123322 -0.974078 0.149767 0.254469 -0.011311 -1.000000 
-1.162823 -4.290033 2.188092 -2.203757 -0.973089 0.097507 0.254379 -0.011290 -1.000000 
-1.196975 -4.247695 2.170142 -2.283481 -0.972518 0.045196 0.254288 -0.011278 -1.000000 
-1.230783 -4.204138 2.151558 -2.362504 -0.972366 -0.007140 0.254198 -0.011274 -1.000000 
-1.264238 -4.159358 2.132344 -2.440835 -0.972632 -0.059474 0.254108 -0.011278 -1.000000 
-1.297330 -4.113351 2.112506 -2.518485 -0.973317 -0.111782 0.254018 -0.011290 -1.000000 
-1.330048 -4.066109 2.092050 -2.595460 -0.974421 -0.164037 0.253927 -0.011311 -1.000000 
-1.362384 -4.017625 2.070981 -2.671768 -0.975942 -0.216213 0.253837 -0.011339 -1.000000 
-1.394327 -3.967891 2.049303 -2.747417 -0.977880 -0.268285 0.253746 -0.011376 -1.000000 
-1.425867 -3.916897 2.027024 -2.822410 -0.980234 -0.320226 0.253655 -0.011422 -1.000000 
-1.456994 -3.864632 2.004147 -2.896753 -0.983003 -0.372009 0.253563 -0.011475 -1.000000 
-1.487698 -3.811085 1.980677 -2.970450 -0.986186 -0.423610 0.253471 -0.011537 -1.000000 
-1.517968 -3.756246 1.956621 -3.043503 -0.989780 -0.475001 0.253379 -0.011608 -1.000000 
-1.547794 -3.700100 1.931983 -3.115914 -0.993785 -0.526155 0.253285 -0.011687 -1.000000 
-1.577166 -3.642634 1.906768 -3.187681 -0.998198 -0.577046 0.253192 -0.011774 -1.000000 
-1.606073 -3.583835 1.880982 -3.258805 -1.003017 -0.627646 0.253097 -0.011870 -1.000000 
-1.634504 -3.523689 1.854629 -3.329282 -1.008239 -0.677929 0.253002 -0.011975 -1.000000 
-1.662448 -3.462180 1.827715 -3.399109 -1.013863 -0.727867 0.252905 -0.012088 -1.000000 
-1.689895 -3.399293 1.800245 -3.468280 -1.019884 -0.777431 0.252808 -0.012210 -1.000000 
-1.716833 -3.335014 1.772224 -3.536789 -1.026301 -0.826594 0.252710 -0.012341 -1.000000 
-1.743251 -3.269326 1.743658 -3.604627 -1.033109 -0.875327 0.252611 -0.012481 -1.000000 
-1.769138 -3.202214 1.714552 -3.671783 -1.040305 -0.923603 0.252510 -0.012630 -1.000000 
-1.794483 -3.133662 1.684911 -3.738248 -1.047885 -0.971390 0.252409 -0.012788 -1.000000 
-1.819273 -3.063655 1.654742 -3.804007 -1.055846 -1.018661 0.252306 -0.012955 -1.000000 
0.000000 0.000000 0.000000 0.000000 0.000000 0.000000 0.000000 0.000000 0.000000 
