-0.210228 0.634576 1.202707 1.429385 -1.676768 1.252275 0.424405 -0.014638 1.000000 
-0.205113 0.644180 1.213938 1.378493 -1.666852 1.226482 0.424290 -0.014180 1.000000 
-0.199922 0.653398 1.224764 1.328055 -1.657148 1.199339 0.424178 -0.013752 1.000000 
-0.194659 0.662240 1.235188 1.278082 -1.647666 1.170891 0.424070 -0.013352 1.000000 
-0.189327 0.670712 1.245215 1.228584 -1.638417 1.141183 0.423965 -0.012980 1.000000 
-0.183929 0.678825 1.254847 1.179570 -1.629410 1.110259 0.423862 -0.012632 1.000000 
-0.178467 0.686587 1.264089 1.131044 -1.620656 1.078165 0.423763 -0.012308 1.000000 
-0.172944 0.694007 1.272945 1.083008 -1.612163 1.044946 0.423665 -0.012005 1.000000 
-0.167364 0.701095 1.281418 1.035463 -1.603940 1.010649 0.423570 -0.011723 1.000000 
-0.161728 0.707858 1.289514 0.988407 -1.595995 0.975318 0.423478 -0.011459 1.000000 
-0.156039 0.714306 1.297234 0.941835 -1.588337 0.939000 0.423387 -0.011214 1.000000 
-0.150300 0.720449 1.304584 0.895742 -1.580973 0.901741 0.423298 -0.010986 1.000000 
-0.144512 0.726293 1.311567 0.850118 -1.573912 0.863585 0.423211 -0.010773 1.000000 
-0.138680 0.731849 1.318187 0.804953 -1.567158 0.824579 0.423126 -0.010576 1.000000 
-0.132804 0.737125 1.324448 0.760235 -1.560720 0.784768 0.423042 -0.010393 1.000000 
-0.126886 0.742129 1.330352 0.715951 -1.554604 0.744196 0.422960 -0.010224 1.000000 
-0.120930 0.746868 1.335904 0.672084 -1.548815 0.702910 0.422878 -0.010068 1.000000 
-0.114937 0.751351 1.341107 0.628617 -1.543359 0.660953 0.422798 -0.009924 1.000000 
-0.108909 0.755585 1.345963 0.585531 -1.538242 0.618371 0.422720 -0.009792 1.000000 
-0.102848 0.759577 1.350476 0.542806 -1.533467 0.575206 0.422642 -0.009672 1.000000 
-0.096757 0.763334 1.354649 0.500421 -1.529040 0.531504 0.422565 -0.009563 1.000000 
-0.090636 0.766862 1.358484 0.458353 -1.524964 0.487309 0.422489 -0.009464 1.000000 
-0.084487 0.770167 1.361983 0.416577 -1.521244 0.442663 0.422413 -0.009376 1.000000 
-0.078314 0.773256 1.365150 0.375069 -1.517883 0.397610 0.422339 -0.009298 1.000000 
-0.072116 0.776132 1.367985 0.333802 -1.514883 0.352193 0.422264 -0.009230 1.000000 
-0.065896 0.778802 1.370491 0.292751 -1.512248 0.306455 0.422191 -0.009171 1.000000 
-0.059656 0.781269 1.372670 0.251887 -1.509981 0.260439 0.422118 -0.009122 1.000000 
-0.053396 0.783538 1.374522 0.211183 -1.508082 0.214187 0.422045 -0.009082 1.000000 
-0.047120 0.785612 1.376049 0.170609 -1.506554 0.167741 0.421972 -0.009051 1.000000 
-0.040827 0.787493 1.377252 0.130137 -1.505399 0.121144 0.421900 -0.009029 1.000000 
-0.034520 0.789185 1.378131 0.089736 -1.504616 0.074439 0.421828 -0.009016 1.000000 
-0.028201 0.790689 1.378688 0.049377 -1.504208 0.027666 0.421756 -0.009011 1.000000 
-0.021870 0.792007 1.378921 0.009030 -1.504174 -0.019132 0.421684 -0.009016 1.000000 
-0.015529 0.793140 1.378832 -0.031335 -1.504514 -0.065912 0.421612 -0.009030 1.000000 
-0.009180 0.794089 1.378420 -0.071748 -1.505228 -0.112634 0.421539 -0.009052 1.000000 
-0.002824 0.794853 1.377684 -0.112239 -1.506316 -0.159255 0.421467 -0.009084 1.000000 
0.003537 0.795432 1.376624 -0.152838 -1.507776 -0.205732 0.421394 -0.009124 1.000000 
0.009902 0.795825 1.375238 -0.193574 -1.509607 -0.252024 0.421321 -0.009174 1.000000 
0.016270 0.796030 1.373526 -0.234476 -1.511808 -0.298088 0.421247 -0.009233 1.000000 
0.022638 0.796046 1.371486 -0.275573 -1.514376 -0.343882 0.421173 -0.009302 1.000000 
0.029006 0.795871 1.369116 -0.316892 -1.517309 -0.389364 0.421098 -0.009381 1.000000 
0.035372 0.795500 1.366415 -0.358460 -1.520605 -0.434490 0.421023 -0.009470 1.000000 
0.041734 0.794931 1.363380 -0.400304 -1.524260 -0.479218 0.420947 -0.009569 1.000000 
0.048090 0.794160 1.360009 -0.442450 -1.528271 -0.523505 0.420870 -0.009679 1.000000 
0.054440 0.793182 1.356300 -0.484920 -1.532634 -0.567307 0.420792 -0.009800 1.000000 
0.060781 0.791993 1.352250 -0.527739 -1.537346 -0.610581 0.420713 -0.009932 1.000000 
0.067111 0.790587 1.347855 -0.570929 -1.542402 -0.653283 0.420633 -0.010077 1.000000 
0.073429 0.788959 1.343114 -0.614510 -1.547797 -0.695369 0.420552 -0.010234 1.000000 
0.079734 0.787103 1.338022 -0.658503 -1.553526 -0.736794 0.420469 -0.010404 1.000000 
0.086022 0.785011 1.332577 -0.702924 -1.559584 -0.777515 0.420385 -0.010588 1.000000 
0.092293 0.782678 1.326774 -0.747790 -1.565965 -0.817487 0.420300 -0.010786 1.000000 
0.098545 0.780097 1.320611 -0.793116 -1.572662 -0.856665 0.420212 -0.011000 1.000000 
0.104774 0.777259 1.314083 -0.838915 -1.579669 -0.895003 0.420124 -0.011230 1.000000 
0.110980 0.774156 1.307187 -0.885198 -1.586979 -0.932458 0.420033 -0.011476 1.000000 
0.117160 0.770782 1.299918 -0.931974 -1.594586 -0.968983 0.419940 -0.011741 1.000000 
0.123312 0.767128 1.292274 -0.979250 -1.602481 -1.004534 0.419845 -0.012024 1.000000 
0.129433 0.763185 1.284249 -1.027032 -1.610656 -1.039064 0.419747 -0.012328 1.000000 
0.135522 0.758944 1.275840 -1.075322 -1.619103 -1.072529 0.419648 -0.012653 1.000000 
0.141575 0.754397 1.267043 -1.124121 -1.627813 -1.104884 0.419545 -0.013002 1.000000 
0.147591 0.749534 1.257853 -1.173427 -1.636778 -1.136083 0.419439 -0.013375 1.000000 
0.153567 0.744348 1.248266 -1.223237 -1.645987 -1.166081 0.419331 -0.013775 1.000000 
0.159500 0.738827 1.238280 -1.273543 -1.655432 -1.194834 0.419219 -0.014203 1.000000 
0.165387 0.732964 1.227888 -1.324338 -1.665101 -1.222298 0.419103 -0.014662 1.000000 
0.171227 0.726750 1.217089 -1.375610 -1.674985 -1.248428 0.418984 -0.015154 1.000000 
0.177015 0.720175 1.205877 -1.427344 -1.685072 -1.273182 0.418861 -0.015681 1.000000 
0.182748 0.713230 1.194250 -1.479524 -1.695352 -1.296516 0.418733 -0.016247 1.000000 
0.188425 0.705907 1.182204 -1.532131 -1.705813 -1.318389 0.418601 -0.016855 1.000000 
0.194042 0.698197 1.169735 -1.585143 -1.716442 -1.338760 0.418463 -0.017508 1.000000 
0.199595 0.690091 1.156841 -1.638534 -1.727229 -1.357587 0.418321 -0.018210 1.000000 
0.205082 0.681582 1.143518 -1.692278 -1.738159 -1.374833 0.418172 -0.018965 1.000000 
0.210499 0.672662 1.129763 -1.746345 -1.749222 -1.390458 0.418017 -0.019780 1.000000 
0.215844 0.663322 1.115575 -1.800700 -1.760402 -1.404426 0.417855 -0.020658 1.000000 
0.221112 0.653557 1.100951 -1.855309 -1.771688 -1.416703 0.417686 -0.021606 1.000000 
0.226299 0.643360 1.085890 -1.910133 -1.783065 -1.427253 0.417509 -0.022631 1.000000 
0.231404 0.632724 1.070389 -1.965132 -1.794519 -1.436044 0.417324 -0.023741 1.000000 
0.236422 0.621644 1.054447 -2.020261 -1.806037 -1.443048 0.417129 -0.024943 1.000000 
0.241349 0.610115 1.038064 -2.075474 -1.817603 -1.448234 0.416925 -0.026249 1.000000 
0.246183 0.598133 1.021240 -2.130722 -1.829204 -1.451577 0.416709 -0.027668 1.000000 
0.250918 0.585693 1.003973 -2.185955 -1.840824 -1.453052 0.416482 -0.029213 1.000000 
0.255552 0.572793 0.986265 -2.241117 -1.852448 -1.452638 0.416241 -0.030899 1.000000 
0.260082 0.559430 0.968115 -2.296155 -1.864061 -1.450316 0.415987 -0.032740 1.000000 
0.264502 0.545604 0.949527 -2.351008 -1.875648 -1.446069 0.415717 -0.034756 1.000000 
0.268810 0.531313 0.930500 -2.405618 -1.887193 -1.439884 0.415430 -0.036966 1.000000 
0.273002 0.516557 0.911038 -2.459921 -1.898680 -1.431748 0.415125 -0.039395 1.000000 
0.277074 0.501338 0.891142 -2.513854 -1.910095 -1.421655 0.414799 -0.042068 1.000000 
0.281022 0.485658 0.870817 -2.567352 -1.921422 -1.409600 0.414451 -0.045019 1.000000 
0.284843 0.469519 0.850066 -2.620346 -1.932644 -1.395581 0.414078 -0.048282 1.000000 
0.288533 0.452925 0.828893 -2.672768 -1.943746 -1.379601 0.413678 -0.051898 1.000000 
0.292089 0.435882 0.807303 -2.724549 -1.954712 -1.361664 0.413247 -0.055917 1.000000 
0.295506 0.418394 0.785302 -2.775617 -1.965527 -1.341780 0.412782 -0.060393 1.000000 
0.298782 0.400470 0.762895 -2.825902 -1.976175 -1.319962 0.412279 -0.065392 1.000000 
0.301912 0.382117 0.740090 -2.875331 -1.986641 -1.296225 0.411734 -0.070989 1.000000 
0.304894 0.363344 0.716893 -2.923831 -1.996910 -1.270592 0.411141 -0.077273 1.000000 
0.307725 0.344162 0.693311 -2.971330 -2.006966 -1.243085 0.410495 -0.084349 1.000000 
0.310400 0.324581 0.669354 -3.017754 -2.016794 -1.213734 0.409789 -0.092339 1.000000 
0.312917 0.304613 0.645030 -3.063032 -2.026381 -1.182571 0.409015 -0.101387 1.000000 
0.315273 0.284273 0.620349 -3.107091 -2.035711 -1.149632 0.408164 -0.111665 1.000000 
0.317464 0.263574 0.595320 -3.149861 -2.044770 -1.114958 0.407225 -0.123374 1.000000 
0.319489 0.242532 0.569955 -3.191271 -2.053546 -1.078595 0.406185 -0.136752 1.000000 
0.321344 0.221162 0.544264 -3.231253 -2.062023 -1.040590 0.405031 -0.152081 1.000000 
0.323027 0.199484 0.518259 -3.269738 -2.070191 -1.000998 0.403746 -0.169696 1.000000 
0.324535 0.177515 0.491952 -3.306662 -2.078035 -0.959877 0.402309 -0.189990 1.000000 
0.325866 0.155274 0.465357 -3.341961 -2.085545 -0.917287 0.400698 -0.213423 1.000000 
0.327019 0.132782 0.438485 -3.375574 -2.092708 -0.873294 0.398885 -0.240534 1.000000 
0.327990 0.110060 0.411352 -3.407441 -2.099514 -0.827971 0.396838 -0.271942 1.000000 
0.328779 0.087131 0.383971 -3.437508 -2.105952 -0.781390 0.394520 -0.308351 1.000000 
0.329384 0.064017 0.356357 -3.465721 -2.112013 -0.733630 0.391889 -0.350540 1.000000 
0.329803 0.040743 0.328525 -3.492032 -2.117688 -0.684776 0.388894 -0.399338 1.000000 
0.330035 0.017332 0.300489 -3.516395 -2.122967 -0.634914 0.385480 -0.455579 1.000000 
0.330080 -0.006189 0.272268 -3.538768 -2.127844 -0.584136 0.381583 -0.520012 1.000000 
0.329936 -0.029795 0.243875 -3.559114 -2.132311 -0.532537 0.377136 -0.593163 1.000000 
0.329603 -0.053459 0.215327 -3.577401 -2.136362 -0.480218 0.372069 -0.675126 1.000000 
0.329081 -0.077153 0.186642 -3.593602 -2.139993 -0.427282 0.366312 -0.765287 1.000000 
0.328369 -0.100851 0.157835 -3.607693 -2.143198 -0.373835 0.359807 -0.861986 1.000000 
0.327467 -0.124523 0.128924 -3.619659 -2.145973 -0.319989 0.352511 -0.962185 1.000000 
0.326376 -0.148141 0.099926 -3.629488 -2.148317 -0.265853 0.344414 -1.061252 1.000000 
0.325097 -0.171678 0.070858 -3.637176 -2.150226 -0.211542 0.335550 -1.153031 1.000000 
0.323630 -0.195106 0.041737 -3.642725 -2.151701 -0.157165 0.326004 -1.230358 1.000000 
0.321976 -0.218397 0.012580 -3.646141 -2.152741 -0.102833 0.315922 -1.286092 1.000000 
0.320136 -0.241526 -0.016595 -3.647437 -2.153347 -0.048647 0.305500 -1.314482 1.000000 
0.318112 -0.264469 -0.045773 -3.646632 -2.153520 0.005297 0.294972 -1.312486 1.000000 
0.315905 -0.287204 -0.074936 -3.643748 -2.153263 0.058911 0.284581 -1.280513 1.000000 
0.313517 -0.309711 -0.104068 -3.638810 -2.152579 0.112118 0.274554 -1.222297 1.000000 
0.310950 -0.331973 -0.133152 -3.631846 -2.151470 0.164850 0.265078 -1.143945 1.000000 
0.308206 -0.353972 -0.162172 -3.622885 -2.149942 0.217048 0.256285 -1.052586 1.000000 
0.305288 -0.375695 -0.191112 -3.611960 -2.147999 0.268656 0.248253 -0.955083 1.000000 
0.302196 -0.397127 -0.219958 -3.599102 -2.145646 0.319624 0.241005 -0.857161 1.000000 
0.298934 -0.418257 -0.248693 -3.584342 -2.142887 0.369904 0.234528 -0.763032 1.000000 
0.295505 -0.439071 -0.277302 -3.567716 -2.139729 0.419450 0.228779 -0.675400 1.000000 
0.291910 -0.459558 -0.305772 -3.549258 -2.136178 0.468213 0.223700 -0.595709 1.000000 
0.288153 -0.479705 -0.334086 -3.529002 -2.132240 0.516148 0.219225 -0.524464 1.000000 
0.284236 -0.499502 -0.362231 -3.506987 -2.127922 0.563205 0.215286 -0.461537 1.000000 
0.280162 -0.518937 -0.390193 -3.483252 -2.123231 0.609336 0.211820 -0.406419 1.000000 
0.275934 -0.537998 -0.417958 -3.457836 -2.118175 0.654494 0.208765 -0.358406 1.000000 
0.271555 -0.556675 -0.445514 -3.430780 -2.112762 0.698630 0.206068 -0.316718 1.000000 
0.267028 -0.574958 -0.472847 -3.402129 -2.107000 0.741697 0.203682 -0.280582 1.000000 
0.262356 -0.592836 -0.499944 -3.371927 -2.100898 0.783646 0.201566 -0.249268 1.000000 
0.257544 -0.610301 -0.526794 -3.340221 -2.094465 0.824433 0.199683 -0.222117 1.000000 
0.252593 -0.627344 -0.553384 -3.307057 -2.087710 0.864012 0.198003 -0.198545 1.000000 
0.247507 -0.643956 -0.579703 -3.272487 -2.080644 0.902341 0.196498 -0.178043 1.000000 
0.242291 -0.660130 -0.605740 -3.236558 -2.073276 0.939376 0.195147 -0.160172 1.000000 
0.236946 -0.675860 -0.631484 -3.199325 -2.065617 0.975080 0.193929 -0.144556 1.000000 
0.231478 -0.691138 -0.656926 -3.160838 -2.057678 1.009414 0.192829 -0.130874 1.000000 
0.225889 -0.705960 -0.682054 -3.121152 -2.049470 1.042343 0.191831 -0.118854 1.000000 
0.220184 -0.720320 -0.706861 -3.080320 -2.041005 1.073833 0.190923 -0.108265 1.000000 
0.214366 -0.734215 -0.731337 -3.038397 -2.032293 1.103854 0.190096 -0.098910 1.000000 
0.208438 -0.747642 -0.755473 -2.995440 -2.023347 1.132376 0.189338 -0.090622 1.000000 
0.202405 -0.760598 -0.779261 -2.951503 -2.014179 1.159374 0.188643 -0.083258 1.000000 
0.196269 -0.773081 -0.802694 -2.906643 -2.004801 1.184825 0.188004 -0.076698 1.000000 
0.190036 -0.785090 -0.825765 -2.860915 -1.995226 1.208706 0.187414 -0.070838 1.000000 
0.183709 -0.796625 -0.848467 -2.814375 -1.985466 1.231000 0.186869 -0.065589 1.000000 
0.177292 -0.807687 -0.870793 -2.767080 -1.975534 1.251690 0.186363 -0.060876 1.000000 
0.170788 -0.818275 -0.892738 -2.719085 -1.965443 1.270763 0.185893 -0.056634 1.000000 
0.164201 -0.828392 -0.914297 -2.670444 -1.955206 1.288209 0.185456 -0.052807 1.000000 
0.157535 -0.838040 -0.935464 -2.621213 -1.944836 1.304017 0.185048 -0.049345 1.000000 
0.150793 -0.847222 -0.956235 -2.571444 -1.934347 1.318183 0.184666 -0.046208 1.000000 
0.143980 -0.855942 -0.976605 -2.521191 -1.923750 1.330702 0.184307 -0.043358 1.000000 
0.137099 -0.864204 -0.996572 -2.470506 -1.913060 1.341574 0.183971 -0.040763 1.000000 
0.130154 -0.872011 -1.016132 -2.419440 -1.902289 1.350798 0.183655 -0.038397 1.000000 
0.123148 -0.879371 -1.035283 -2.368042 -1.891451 1.358379 0.183356 -0.036235 1.000000 
0.116085 -0.886287 -1.054020 -2.316362 -1.880559 1.364322 0.183074 -0.034255 1.000000 
0.108969 -0.892766 -1.072344 -2.264446 -1.869627 1.368635 0.182808 -0.032439 1.000000 
0.101802 -0.898815 -1.090251 -2.212341 -1.858666 1.371326 0.182555 -0.030771 1.000000 
0.094589 -0.904440 -1.107741 -2.160091 -1.847690 1.372407 0.182315 -0.029236 1.000000 
0.087332 -0.909649 -1.124812 -2.107739 -1.836711 1.371892 0.182087 -0.027821 1.000000 
0.080036 -0.914449 -1.141464 -2.055326 -1.825744 1.369797 0.181870 -0.026515 1.000000 
0.072702 -0.918848 -1.157697 -2.002892 -1.814799 1.366137 0.181662 -0.025308 1.000000 
0.065335 -0.922854 -1.173511 -1.950474 -1.803889 1.360932 0.181464 -0.024191 1.000000 
0.057938 -0.926476 -1.188905 -1.898110 -1.793028 1.354202 0.181275 -0.023155 1.000000 
0.050513 -0.929721 -1.203881 -1.845833 -1.782226 1.345969 0.181094 -0.022195 1.000000 
0.043063 -0.932599 -1.218439 -1.793676 -1.771496 1.336256 0.180920 -0.021302 1.000000 
0.035592 -0.935118 -1.232580 -1.741670 -1.760850 1.325086 0.180753 -0.020472 1.000000 
0.028102 -0.937287 -1.246306 -1.689843 -1.750299 1.312487 0.180592 -0.019699 1.000000 
0.020596 -0.939115 -1.259618 -1.638223 -1.739854 1.298484 0.180437 -0.018979 1.000000 
0.013077 -0.940611 -1.272518 -1.586834 -1.729527 1.283106 0.180288 -0.018307 1.000000 
0.005547 -0.941783 -1.285008 -1.535699 -1.719328 1.266381 0.180144 -0.017680 1.000000 
-0.001991 -0.942642 -1.297090 -1.484840 -1.709268 1.248340 0.180005 -0.017095 1.000000 
-0.009534 -0.943194 -1.308766 -1.434276 -1.699358 1.229013 0.179871 -0.016547 1.000000 
-0.017081 -0.943451 -1.320039 -1.384024 -1.689607 1.208432 0.179740 -0.016035 1.000000 
-0.024628 -0.943419 -1.330912 -1.334100 -1.680026 1.186629 0.179614 -0.015556 1.000000 
-0.032175 -0.943107 -1.341386 -1.284517 -1.670624 1.163637 0.179492 -0.015108 1.000000 
-0.039717 -0.942524 -1.351465 -1.235288 -1.661411 1.139488 0.179372 -0.014688 1.000000 
-0.047254 -0.941679 -1.361151 -1.186421 -1.652396 1.114218 0.179256 -0.014294 1.000000 
-0.054784 -0.940578 -1.370449 -1.137926 -1.643587 1.087861 0.179144 -0.013925 1.000000 
-0.062303 -0.939229 -1.379359 -1.089809 -1.634993 1.060451 0.179034 -0.013580 1.000000 
-0.069811 -0.937641 -1.387886 -1.042074 -1.626622 1.032023 0.178926 -0.013256 1.000000 
-0.077305 -0.935820 -1.396033 -0.994724 -1.618483 1.002613 0.178821 -0.012952 1.000000 
-0.084783 -0.933773 -1.403803 -0.947762 -1.610583 0.972258 0.178719 -0.012668 1.000000 
-0.092244 -0.931507 -1.411199 -0.901186 -1.602929 0.940991 0.178619 -0.012402 1.000000 
-0.099687 -0.929027 -1.418223 -0.854995 -1.595529 0.908851 0.178520 -0.012153 1.000000 
-0.107108 -0.926341 -1.424880 -0.809186 -1.588390 0.875872 0.178424 -0.011920 1.000000 
-0.114508 -0.923454 -1.431171 -0.763754 -1.581517 0.842092 0.178330 -0.011703 1.000000 
-0.121883 -0.920370 -1.437101 -0.718694 -1.574918 0.807547 0.178237 -0.011500 1.000000 
-0.129233 -0.917095 -1.442671 -0.673997 -1.568599 0.772272 0.178146 -0.011311 1.000000 
-0.136556 -0.913633 -1.447886 -0.629655 -1.562564 0.736306 0.178056 -0.011135 1.000000 
-0.143851 -0.909989 -1.452747 -0.585659 -1.556819 0.699683 0.177967 -0.010971 1.000000 
-0.151115 -0.906166 -1.457257 -0.541997 -1.551371 0.662441 0.177880 -0.010820 1.000000 
-0.158349 -0.902167 -1.461419 -0.498658 -1.546222 0.624615 0.177794 -0.010680 1.000000 
-0.165550 -0.897996 -1.465236 -0.455627 -1.541378 0.586243 0.177709 -0.010551 1.000000 
-0.172716 -0.893655 -1.468710 -0.412893 -1.536843 0.547361 0.177626 -0.010433 1.000000 
-0.179848 -0.889146 -1.471843 -0.370438 -1.532622 0.508004 0.177542 -0.010325 1.000000 
-0.186942 -0.884470 -1.474638 -0.328249 -1.528717 0.468208 0.177460 -0.010227 1.000000 
-0.193999 -0.879629 -1.477096 -0.286307 -1.525131 0.428011 0.177379 -0.010139 1.000000 
-0.201016 -0.874625 -1.479219 -0.244597 -1.521869 0.387448 0.177298 -0.010061 1.000000 
-0.207992 -0.869456 -1.481010 -0.203099 -1.518933 0.346554 0.177218 -0.009991 1.000000 
-0.214927 -0.864124 -1.482470 -0.161796 -1.516325 0.305366 0.177138 -0.009931 1.000000 
-0.221818 -0.858628 -1.483599 -0.120669 -1.514048 0.263919 0.177059 -0.009879 1.000000 
-0.228664 -0.852967 -1.484401 -0.079699 -1.512103 0.222249 0.176980 -0.009836 1.000000 
-0.235465 -0.847139 -1.484875 -0.038865 -1.510492 0.180392 0.176902 -0.009801 1.000000 
-0.242218 -0.841145 -1.485023 0.001852 -1.509217 0.138383 0.176823 -0.009775 1.000000 
-0.248923 -0.834981 -1.484845 0.042472 -1.508279 0.096258 0.176745 -0.009757 1.000000 
-0.255577 -0.828644 -1.484343 0.083017 -1.507677 0.054052 0.176667 -0.009748 1.000000 
-0.262181 -0.822134 -1.483517 0.123505 -1.507414 0.011800 0.176589 -0.009747 1.000000 
-0.268731 -0.815445 -1.482367 0.163959 -1.507489 -0.030462 0.176511 -0.009754 1.000000 
-0.275227 -0.808576 -1.480894 0.204397 -1.507901 -0.072698 0.176433 -0.009769 1.000000 
-0.281668 -0.801521 -1.479097 0.244842 -1.508652 -0.114873 0.176355 -0.009793 1.000000 
-0.288051 -0.794278 -1.476977 0.285312 -1.509739 -0.156952 0.176276 -0.009825 1.000000 
-0.294376 -0.786841 -1.474532 0.325827 -1.511162 -0.198900 0.176198 -0.009865 1.000000 
-0.300640 -0.779206 -1.471763 0.366408 -1.512921 -0.240680 0.176118 -0.009915 1.000000 
-0.306842 -0.771368 -1.468669 0.407074 -1.515013 -0.282257 0.176039 -0.009973 1.000000 
-0.312981 -0.763321 -1.465250 0.447843 -1.517436 -0.323597 0.175959 -0.010039 1.000000 
-0.319055 -0.755061 -1.461503 0.488734 -1.520190 -0.364662 0.175878 -0.010115 1.000000 
-0.325062 -0.746581 -1.457430 0.529764 -1.523270 -0.405417 0.175797 -0.010201 1.000000 
-0.331000 -0.737875 -1.453027 0.570951 -1.526675 -0.445828 0.175715 -0.010296 1.000000 
-0.336867 -0.728937 -1.448294 0.612310 -1.530402 -0.485857 0.175632 -0.010401 1.000000 
-0.342662 -0.719762 -1.443229 0.653858 -1.534448 -0.525469 0.175549 -0.010516 1.000000 
-0.348383 -0.710341 -1.437832 0.695609 -1.538809 -0.564627 0.175464 -0.010641 1.000000 
-0.354027 -0.700670 -1.432099 0.737578 -1.543481 -0.603297 0.175378 -0.010778 1.000000 
-0.359593 -0.690740 -1.426030 0.779776 -1.548460 -0.641442 0.175291 -0.010926 1.000000 
-0.365078 -0.680545 -1.419622 0.822217 -1.553742 -0.679025 0.175203 -0.011085 1.000000 
-0.370481 -0.670079 -1.412874 0.864911 -1.559323 -0.716012 0.175114 -0.011257 1.000000 
-0.375799 -0.659334 -1.405783 0.907868 -1.565197 -0.752364 0.175023 -0.011442 1.000000 
-0.381029 -0.648303 -1.398347 0.951096 -1.571359 -0.788046 0.174931 -0.011641 1.000000 
-0.386171 -0.636979 -1.390564 0.994602 -1.577804 -0.823023 0.174837 -0.011854 1.000000 
-0.391220 -0.625356 -1.382433 1.038394 -1.584525 -0.857257 0.174741 -0.012082 1.000000 
-0.396175 -0.613426 -1.373949 1.082475 -1.591518 -0.890713 0.174644 -0.012325 1.000000 
-0.401034 -0.601182 -1.365112 1.126849 -1.598774 -0.923354 0.174544 -0.012585 1.000000 
-0.405794 -0.588619 -1.355919 1.171517 -1.606289 -0.955144 0.174442 -0.012863 1.000000 
-0.410451 -0.575730 -1.346367 1.216481 -1.614054 -0.986049 0.174338 -0.013160 1.000000 
-0.415004 -0.562507 -1.336454 1.261739 -1.622063 -1.016031 0.174232 -0.013476 1.000000 
-0.419450 -0.548946 -1.326179 1.307289 -1.630308 -1.045055 0.174122 -0.013813 1.000000 
-0.423787 -0.535040 -1.315537 1.353125 -1.638782 -1.073087 0.174011 -0.014173 1.000000 
-0.428010 -0.520783 -1.304528 1.399243 -1.647475 -1.100091 0.173896 -0.014557 1.000000 
-0.432118 -0.506171 -1.293148 1.445634 -1.656380 -1.126032 0.173778 -0.014966 1.000000 
-0.436108 -0.491198 -1.281397 1.492290 -1.665489 -1.150877 0.173656 -0.015402 1.000000 
-0.439976 -0.475860 -1.269271 1.539198 -1.674791 -1.174592 0.173531 -0.015868 1.000000 
-0.443721 -0.460152 -1.256769 1.586348 -1.684279 -1.197143 0.173402 -0.016365 1.000000 
-0.447338 -0.444070 -1.243889 1.633723 -1.693942 -1.218497 0.173269 -0.016896 1.000000 
-0.450825 -0.427612 -1.230629 1.681308 -1.703772 -1.238623 0.173132 -0.017463 1.000000 
-0.454178 -0.410774 -1.216988 1.729085 -1.713757 -1.257489 0.172990 -0.018069 1.000000 
-0.457396 -0.393554 -1.202963 1.777033 -1.723888 -1.275064 0.172843 -0.018718 1.000000 
-0.460474 -0.375950 -1.188555 1.825130 -1.734154 -1.291320 0.172690 -0.019412 1.000000 
-0.463410 -0.357961 -1.173761 1.873355 -1.744546 -1.306226 0.172532 -0.020156 1.000000 
-0.466201 -0.339586 -1.158581 1.921680 -1.755050 -1.319755 0.172367 -0.020953 1.000000 
-0.468843 -0.320825 -1.143014 1.970079 -1.765658 -1.331880 0.172196 -0.021809 1.000000 
-0.471333 -0.301679 -1.127059 2.018523 -1.776357 -1.342576 0.172018 -0.022728 1.000000 
-0.473668 -0.282148 -1.110717 2.066981 -1.787135 -1.351817 0.171833 -0.023716 1.000000 
-0.475846 -0.262236 -1.093988 2.115422 -1.797982 -1.359582 0.171639 -0.024779 1.000000 
-0.477863 -0.241944 -1.076871 2.163810 -1.808885 -1.365847 0.171436 -0.025926 1.000000 
-0.479716 -0.221275 -1.059367 2.212112 -1.819831 -1.370593 0.171224 -0.027162 1.000000 
-0.481403 -0.200235 -1.041477 2.260288 -1.830810 -1.373801 0.171001 -0.028498 1.000000 
-0.482919 -0.178828 -1.023203 2.308301 -1.841808 -1.375454 0.170767 -0.029943 1.000000 
-0.484263 -0.157060 -1.004545 2.356111 -1.852813 -1.375536 0.170522 -0.031508 1.000000 
-0.485431 -0.134937 -0.985506 2.403675 -1.863812 -1.374035 0.170263 -0.033206 1.000000 
-0.486421 -0.112467 -0.966087 2.450951 -1.874793 -1.370938 0.169990 -0.035050 1.000000 
-0.487230 -0.089657 -0.946291 2.497895 -1.885743 -1.366235 0.169702 -0.037057 1.000000 
-0.487855 -0.066517 -0.926122 2.544460 -1.896649 -1.359919 0.169397 -0.039243 1.000000 
-0.488293 -0.043057 -0.905581 2.590602 -1.907497 -1.351985 0.169073 -0.041630 1.000000 
-0.488543 -0.019288 -0.884673 2.636271 -1.918276 -1.342429 0.168730 -0.044241 1.000000 
-0.488601 0.004780 -0.863402 2.681421 -1.928972 -1.331250 0.168365 -0.047100 1.000000 
-0.488465 0.029133 -0.841772 2.726000 -1.939572 -1.318450 0.167975 -0.050238 1.000000 
-0.488134 0.053759 -0.819788 2.769960 -1.950063 -1.304032 0.167560 -0.053689 1.000000 
-0.487605 0.078644 -0.797454 2.813251 -1.960432 -1.288002 0.167116 -0.057491 1.000000 
-0.486875 0.103772 -0.774778 2.855820 -1.970667 -1.270370 0.166639 -0.061689 1.000000 
-0.485944 0.129128 -0.751763 2.897617 -1.980754 -1.251146 0.166127 -0.066334 1.000000 
-0.484808 0.154695 -0.728418 2.938590 -1.990681 -1.230345 0.165576 -0.071484 1.000000 
-0.483468 0.180457 -0.704748 2.978689 -2.000435 -1.207983 0.164982 -0.077208 1.000000 
-0.481921 0.206395 -0.680761 3.017860 -2.010004 -1.184079 0.164339 -0.083582 1.000000 
-0.480165 0.232491 -0.656465 3.056053 -2.019376 -1.158656 0.163643 -0.090699 1.000000 
-0.478200 0.258726 -0.631867 3.093218 -2.028539 -1.131739 0.162886 -0.098662 1.000000 
-0.476025 0.285079 -0.606977 3.129302 -2.037480 -1.103356 0.162062 -0.107592 1.000000 
-0.473639 0.311530 -0.581802 3.164258 -2.046189 -1.073536 0.161161 -0.117632 1.000000 
-0.471041 0.338057 -0.556352 3.198035 -2.054653 -1.042314 0.160176 -0.128944 1.000000 
-0.468230 0.364639 -0.530636 3.230586 -2.062862 -1.009725 0.159094 -0.141719 1.000000 
-0.465206 0.391253 -0.504666 3.261863 -2.070805 -0.975809 0.157904 -0.156177 1.000000 
-0.461970 0.417877 -0.478450 3.291821 -2.078472 -0.940608 0.156590 -0.172572 1.000000 
-0.458520 0.444488 -0.452000 3.320415 -2.085852 -0.904166 0.155137 -0.191197 1.000000 
-0.454858 0.471061 -0.425327 3.347603 -2.092935 -0.866532 0.153524 -0.212388 1.000000 
-0.450984 0.497573 -0.398442 3.373344 -2.099713 -0.827755 0.151731 -0.236526 1.000000 
-0.446897 0.524000 -0.371357 3.397597 -2.106176 -0.787889 0.149731 -0.264038 1.000000 
-0.442600 0.550318 -0.344085 3.420327 -2.112316 -0.746991 0.147496 -0.295396 1.000000 
-0.438092 0.576501 -0.316636 3.441498 -2.118126 -0.705120 0.144993 -0.331107 1.000000 
-0.433376 0.602525 -0.289025 3.461078 -2.123596 -0.662337 0.142185 -0.371696 1.000000 
-0.428453 0.628365 -0.261263 3.479036 -2.128721 -0.618707 0.139032 -0.417675 1.000000 
-0.423323 0.653997 -0.233365 3.495346 -2.133493 -0.574297 0.135487 -0.469494 1.000000 
-0.417989 0.679395 -0.205342 3.509982 -2.137908 -0.529177 0.131503 -0.527465 1.000000 
-0.412453 0.704535 -0.177210 3.522924 -2.141958 -0.483421 0.127031 -0.591656 1.000000 
-0.406717 0.729394 -0.148980 3.534153 -2.145641 -0.437102 0.122021 -0.661758 1.000000 
-0.400784 0.753945 -0.120668 3.543654 -2.148951 -0.390299 0.116429 -0.736916 1.000000 
-0.394655 0.778167 -0.092286 3.551416 -2.151884 -0.343090 0.110221 -0.815559 1.000000 
-0.388334 0.802036 -0.063850 3.557432 -2.154439 -0.295556 0.103377 -0.895266 1.000000 
-0.381824 0.825529 -0.035372 3.561697 -2.156613 -0.247778 0.095903 -0.972713 1.000000 
-0.375127 0.848625 -0.006867 3.564212 -2.158403 -0.199839 0.087831 -1.043789 1.000000 
-0.368247 0.871304 0.021651 3.564981 -2.159810 -0.151819 0.079231 -1.103931 1.000000 
-0.361187 0.893546 0.050168 3.564010 -2.160832 -0.103797 0.070209 -1.148679 1.000000 
-0.353951 0.915333 0.078670 3.561312 -2.161471 -0.055850 0.060903 -1.174370 1.000000 
-0.346543 0.936649 0.107144 3.556899 -2.161726 -0.008049 0.051476 -1.178803 1.000000 
-0.338966 0.957479 0.135576 3.550789 -2.161600 0.039538 0.042100 -1.161675 1.000000 
-0.331225 0.977809 0.163952 3.543001 -2.161094 0.086849 0.032943 -1.124627 1.000000 
-0.323322 0.997630 0.192260 3.533555 -2.160212 0.133827 0.024151 -1.070905 1.000000 
-0.315264 1.016929 0.220485 3.522474 -2.158954 0.180421 0.015841 -1.004739 1.000000 
-0.307053 1.035699 0.248615 3.509780 -2.157326 0.226583 0.008096 -0.930649 1.000000 
-0.298694 1.053932 0.276637 3.495499 -2.155330 0.272268 0.000961 -0.852854 -1.000000 
-0.290133 1.078227 0.304471 3.470399 -2.152500 0.376356 0.007450 0.769990 -1.000000 
-0.281444 1.093845 0.332159 3.451279 -2.149309 0.421266 0.013291 0.690966 -1.000000 
-0.272632 1.108925 0.359688 3.430604 -2.145761 0.465739 0.018520 0.617385 -1.000000 
-0.263703 1.123456 0.387045 3.408395 -2.141859 0.509703 0.023186 0.550104 -1.000000 
-0.254659 1.137427 0.414218 3.384678 -2.137607 0.553092 0.027340 0.489414 -1.000000 
-0.245505 1.150828 0.441196 3.359478 -2.133011 0.595837 0.031034 0.435217 -1.000000 
-0.236247 1.163651 0.467966 3.332824 -2.128076 0.637875 0.034319 0.387166 -1.000000 
-0.226888 1.175889 0.494517 3.304749 -2.122807 0.679143 0.037244 0.344777 -1.000000 
-0.217434 1.187536 0.520838 3.275285 -2.117212 0.719583 0.039849 0.307501 -1.000000 
-0.207889 1.198586 0.546918 3.244468 -2.111296 0.759138 0.042176 0.274784 -1.000000 
-0.198259 1.209036 0.572746 3.212335 -2.105068 0.797752 0.044257 0.246091 -1.000000 
-0.188546 1.218883 0.598312 3.178925 -2.098535 0.835374 0.046123 0.220924 -1.000000 
-0.178758 1.228124 0.623606 3.144279 -2.091705 0.871955 0.047800 0.198835 -1.000000 
-0.168898 1.236760 0.648617 3.108438 -2.084587 0.907446 0.049311 0.179425 -1.000000 
-0.158971 1.244791 0.673338 3.071446 -2.077189 0.941805 0.050677 0.162342 -1.000000 
-0.148983 1.252217 0.697757 3.033346 -2.069521 0.974987 0.051914 0.147280 -1.000000 
-0.138938 1.259040 0.721868 2.994184 -2.061592 1.006955 0.053038 0.133972 -1.000000 
-0.128840 1.265264 0.745662 2.954005 -2.053413 1.037670 0.054062 0.122190 -1.000000 
-0.118695 1.270892 0.769130 2.912856 -2.044993 1.067098 0.054996 0.111734 -1.000000 
-0.108507 1.275930 0.792265 2.870785 -2.036343 1.095208 0.055852 0.102433 -1.000000 
-0.098282 1.280381 0.815060 2.827839 -2.027473 1.121968 0.056638 0.094141 -1.000000 
-0.088023 1.284253 0.837508 2.784066 -2.018395 1.147353 0.057361 0.086731 -1.000000 
-0.077735 1.287552 0.859603 2.739514 -2.009119 1.171338 0.058028 0.080093 -1.000000 
-0.067423 1.290286 0.881338 2.694231 -1.999657 1.193899 0.058644 0.074134 -1.000000 
-0.057092 1.292463 0.902709 2.648266 -1.990021 1.215019 0.059216 0.068772 -1.000000 
-0.046745 1.294092 0.923709 2.601666 -1.980221 1.234678 0.059746 0.063936 -1.000000 
-0.036388 1.295182 0.944334 2.554480 -1.970270 1.252862 0.060240 0.059566 -1.000000 
-0.026024 1.295743 0.964579 2.506755 -1.960179 1.269559 0.060700 0.055607 -1.000000 
-0.015657 1.295785 0.984441 2.458537 -1.949961 1.284758 0.061130 0.052014 -1.000000 
-0.005293 1.295320 1.003915 2.409874 -1.939627 1.298451 0.061533 0.048747 -1.000000 
0.005066 1.294357 1.022998 2.360810 -1.929190 1.310631 0.061911 0.045771 -1.000000 
0.015416 1.292910 1.041687 2.311390 -1.918661 1.321296 0.062266 0.043053 -1.000000 
0.025752 1.290989 1.059979 2.261659 -1.908053 1.330444 0.062601 0.040568 -1.000000 
0.036070 1.288607 1.077872 2.211660 -1.897378 1.338074 0.062916 0.038292 -1.000000 
0.046368 1.285777 1.095365 2.161434 -1.886648 1.344190 0.063214 0.036203 -1.000000 
0.056642 1.282510 1.112455 2.111023 -1.875875 1.348797 0.063496 0.034283 -1.000000 
0.066887 1.278820 1.129141 2.060466 -1.865071 1.351899 0.063763 0.032515 -1.000000 
0.077102 1.274719 1.145422 2.009802 -1.854249 1.353507 0.064016 0.030885 -1.000000 
0.087282 1.270221 1.161298 1.959067 -1.843419 1.353628 0.064257 0.029381 -1.000000 
0.097424 1.265339 1.176767 1.908299 -1.832594 1.352276 0.064487 0.027989 -1.000000 
0.107526 1.260084 1.191830 1.857532 -1.821787 1.349463 0.064705 0.026701 -1.000000 
0.117584 1.254472 1.206488 1.806798 -1.811007 1.345204 0.064914 0.025507 -1.000000 
0.127597 1.248513 1.220739 1.756129 -1.800267 1.339516 0.065114 0.024399 -1.000000 
0.137560 1.242222 1.234586 1.705555 -1.789578 1.332415 0.065305 0.023369 -1.000000 
0.147471 1.235610 1.248029 1.655105 -1.778952 1.323922 0.065488 0.022412 -1.000000 
0.157329 1.228691 1.261068 1.604807 -1.768399 1.314056 0.065664 0.021520 -1.000000 
0.167130 1.221477 1.273706 1.554684 -1.757931 1.302839 0.065832 0.020688 -1.000000 
0.176872 1.213979 1.285944 1.504762 -1.747557 1.290294 0.065995 0.019912 -1.000000 
0.186553 1.206210 1.297783 1.455062 -1.737290 1.276444 0.066151 0.019188 -1.000000 
0.196170 1.198181 1.309225 1.405606 -1.727138 1.261314 0.066302 0.018511 -1.000000 
0.205723 1.189904 1.320273 1.356411 -1.717112 1.244930 0.066447 0.017878 -1.000000 
0.215208 1.181389 1.330929 1.307496 -1.707222 1.227317 0.066588 0.017285 -1.000000 
0.224624 1.172647 1.341194 1.258876 -1.697478 1.208505 0.066724 0.016730 -1.000000 
0.233970 1.163688 1.351071 1.210566 -1.687889 1.188520 0.066856 0.016210 -1.000000 
0.243243 1.154523 1.360564 1.162579 -1.678465 1.167391 0.066983 0.015723 -1.000000 
0.252442 1.145160 1.369674 1.114924 -1.669214 1.145149 0.067107 0.015265 -1.000000 
0.261565 1.135608 1.378403 1.067612 -1.660145 1.121822 0.067228 0.014836 -1.000000 
0.270611 1.125877 1.386756 1.020652 -1.651268 1.097441 0.067345 0.014433 -1.000000 
0.279579 1.115974 1.394735 0.974049 -1.642589 1.072037 0.067459 0.014055 -1.000000 
0.288466 1.105907 1.402342 0.927808 -1.634118 1.045641 0.067570 0.013700 -1.000000 
0.297273 1.095683 1.409581 0.881934 -1.625861 1.018286 0.067678 0.013366 -1.000000 
0.305997 1.085308 1.416454 0.836428 -1.617828 0.990002 0.067784 0.013053 -1.000000 
0.314637 1.074790 1.422965 0.791292 -1.610024 0.960824 0.067887 0.012759 -1.000000 
0.323193 1.064133 1.429116 0.746525 -1.602457 0.930782 0.067988 0.012483 -1.000000 
0.331663 1.053344 1.434910 0.702125 -1.595133 0.899910 0.068087 0.012225 -1.000000 
0.340046 1.042425 1.440351 0.658090 -1.588060 0.868241 0.068184 0.011982 -1.000000 
0.348341 1.031383 1.445440 0.614416 -1.581244 0.835809 0.068278 0.011754 -1.000000 
0.356548 1.020220 1.450182 0.571096 -1.574689 0.802645 0.068372 0.011541 -1.000000 
0.364665 1.008939 1.454579 0.528126 -1.568403 0.768784 0.068463 0.011342 -1.000000 
0.372691 0.997544 1.458633 0.485497 -1.562390 0.734258 0.068553 0.011156 -1.000000 
0.380625 0.986036 1.462348 0.443201 -1.556657 0.699103 0.068642 0.010982 -1.000000 
0.388467 0.974417 1.465725 0.401228 -1.551206 0.663350 0.068729 0.010821 -1.000000 
0.396215 0.962687 1.468768 0.359570 -1.546044 0.627034 0.068815 0.010670 -1.000000 
0.403870 0.950849 1.471479 0.318214 -1.541175 0.590187 0.068900 0.010531 -1.000000 
0.411429 0.938901 1.473860 0.277149 -1.536603 0.552844 0.068983 0.010402 -1.000000 
0.418892 0.926843 1.475914 0.236361 -1.532331 0.515038 0.069066 0.010283 -1.000000 
0.426258 0.914675 1.477643 0.195839 -1.528363 0.476803 0.069148 0.010175 -1.000000 
0.433526 0.902395 1.479048 0.155567 -1.524703 0.438172 0.069229 0.010075 -1.000000 
0.440696 0.890001 1.480133 0.115532 -1.521354 0.399178 0.069309 0.009985 -1.000000 
0.447766 0.877491 1.480897 0.075719 -1.518317 0.359854 0.069389 0.009904 -1.000000 
0.454735 0.864863 1.481345 0.036111 -1.515597 0.320235 0.069468 0.009831 -1.000000 
0.461603 0.852113 1.481476 -0.003306 -1.513194 0.280353 0.069546 0.009767 -1.000000 
0.468369 0.839238 1.481292 -0.042549 -1.511112 0.240242 0.069624 0.009711 -1.000000 
0.475031 0.826233 1.480795 -0.081635 -1.509351 0.199934 0.069701 0.009664 -1.000000 
0.481588 0.813095 1.479986 -0.120580 -1.507913 0.159464 0.069779 0.009624 -1.000000 
0.488040 0.799818 1.478866 -0.159401 -1.506800 0.118864 0.069855 0.009592 -1.000000 
0.494385 0.786399 1.477436 -0.198115 -1.506012 0.078167 0.069932 0.009568 -1.000000 
0.500622 0.772831 1.475697 -0.236739 -1.505549 0.037407 0.070009 0.009552 -1.000000 
0.506750 0.759108 1.473649 -0.275290 -1.505413 -0.003383 0.070085 0.009544 -1.000000 
0.512767 0.745225 1.471292 -0.313786 -1.505603 -0.044171 0.070161 0.009543 -1.000000 
0.518673 0.731176 1.468628 -0.352243 -1.506120 -0.084922 0.070238 0.009550 -1.000000 
0.524466 0.716954 1.465656 -0.390679 -1.506962 -0.125605 0.070314 0.009565 -1.000000 
0.530144 0.702551 1.462377 -0.429108 -1.508129 -0.166185 0.070391 0.009587 -1.000000 
0.535706 0.687962 1.458791 -0.467549 -1.509621 -0.206630 0.070468 0.009618 -1.000000 
0.541151 0.673180 1.454896 -0.506017 -1.511435 -0.246906 0.070545 0.009656 -1.000000 
0.546476 0.658195 1.450694 -0.544527 -1.513570 -0.286979 0.070622 0.009702 -1.000000 
0.551681 0.643003 1.446184 -0.583095 -1.516026 -0.326818 0.070700 0.009756 -1.000000 
0.556764 0.627593 1.441365 -0.621736 -1.518799 -0.366388 0.070778 0.009819 -1.000000 
0.561722 0.611960 1.436236 -0.660463 -1.521887 -0.405656 0.070857 0.009890 -1.000000 
0.566555 0.596095 1.430797 -0.699290 -1.525288 -0.444589 0.070936 0.009969 -1.000000 
0.571259 0.579990 1.425047 -0.738231 -1.529000 -0.483152 0.071016 0.010058 -1.000000 
0.575834 0.563638 1.418985 -0.777296 -1.533018 -0.521314 0.071097 0.010156 -1.000000 
0.580277 0.547030 1.412610 -0.816499 -1.537340 -0.559039 0.071179 0.010263 -1.000000 
0.584585 0.530160 1.405921 -0.855849 -1.541961 -0.596294 0.071262 0.010380 -1.000000 
0.588758 0.513018 1.398916 -0.895357 -1.546879 -0.633047 0.071345 0.010507 -1.000000 
0.592793 0.495598 1.391594 -0.935031 -1.552089 -0.669262 0.071430 0.010644 -1.000000 
0.596687 0.477892 1.383955 -0.974880 -1.557586 -0.704907 0.071515 0.010793 -1.000000 
0.600439 0.459893 1.375996 -1.014910 -1.563365 -0.739947 0.071602 0.010953 -1.000000 
0.604045 0.441593 1.367716 -1.055127 -1.569423 -0.774349 0.071691 0.011125 -1.000000 
0.607503 0.422986 1.359113 -1.095538 -1.575753 -0.808080 0.071780 0.011309 -1.000000 
0.610812 0.404064 1.350187 -1.136145 -1.582350 -0.841105 0.071872 0.011506 -1.000000 
0.613967 0.384822 1.340934 -1.176951 -1.589209 -0.873392 0.071965 0.011717 -1.000000 
0.616968 0.365253 1.331355 -1.217958 -1.596323 -0.904906 0.072059 0.011943 -1.000000 
0.619811 0.345351 1.321447 -1.259166 -1.603685 -0.935615 0.072156 0.012183 -1.000000 
0.622493 0.325110 1.311208 -1.300574 -1.611290 -0.965484 0.072254 0.012440 -1.000000 
0.625011 0.304527 1.300637 -1.342181 -1.619131 -0.994482 0.072355 0.012714 -1.000000 
0.627364 0.283595 1.289732 -1.383981 -1.627200 -1.022575 0.072458 0.013007 -1.000000 
0.629548 0.262311 1.278493 -1.425972 -1.635489 -1.049731 0.072563 0.013318 -1.000000 
0.631560 0.240671 1.266916 -1.468146 -1.643993 -1.075917 0.072671 0.013650 -1.000000 
0.633398 0.218672 1.255002 -1.510495 -1.652701 -1.101101 0.072781 0.014003 -1.000000 
0.635058 0.196311 1.242748 -1.553011 -1.661608 -1.125252 0.072895 0.014380 -1.000000 
0.636538 0.173586 1.230153 -1.595683 -1.670703 -1.148339 0.073012 0.014782 -1.000000 
0.637834 0.150496 1.217217 -1.638500 -1.679978 -1.170330 0.073132 0.015210 -1.000000 
0.638945 0.127039 1.203937 -1.681447 -1.689425 -1.191196 0.073255 0.015667 -1.000000 
0.639866 0.103216 1.190313 -1.724510 -1.699034 -1.210907 0.073382 0.016155 -1.000000 
0.640595 0.079027 1.176344 -1.767672 -1.708796 -1.229434 0.073514 0.016676 -1.000000 
0.641129 0.054473 1.162030 -1.810916 -1.718702 -1.246747 0.073649 0.017232 -1.000000 
0.641466 0.029556 1.147370 -1.854223 -1.728741 -1.262821 0.073789 0.017827 -1.000000 
0.641601 0.004278 1.132362 -1.897571 -1.738904 -1.277627 0.073935 0.018463 -1.000000 
0.641533 -0.021356 1.117008 -1.940937 -1.749179 -1.291140 0.074085 0.019144 -1.000000 
0.641259 -0.047343 1.101307 -1.984300 -1.759558 -1.303335 0.074241 0.019873 -1.000000 
0.640775 -0.073678 1.085260 -2.027632 -1.770029 -1.314187 0.074403 0.020656 -1.000000 
0.640079 -0.100355 1.068865 -2.070909 -1.780582 -1.323674 0.074572 0.021496 -1.000000 
0.639168 -0.127366 1.052125 -2.114101 -1.791204 -1.331773 0.074747 0.022398 -1.000000 
0.638040 -0.154706 1.035040 -2.157179 -1.801886 -1.338465 0.074930 0.023369 -1.000000 
0.636692 -0.182364 1.017611 -2.200113 -1.812616 -1.343729 0.075121 0.024415 -1.000000 
0.635122 -0.210332 0.999839 -2.242871 -1.823382 -1.347547 0.075321 0.025542 -1.000000 
0.633326 -0.238600 0.981726 -2.285419 -1.834173 -1.349903 0.075530 0.026760 -1.000000 
0.631303 -0.267155 0.963273 -2.327723 -1.844977 -1.350781 0.075749 0.028076 -1.000000 
0.629051 -0.295988 0.944483 -2.369747 -1.855781 -1.350168 0.075980 0.029502 -1.000000 
0.626567 -0.325084 0.925358 -2.411456 -1.866575 -1.348052 0.076222 0.031047 -1.000000 
0.623849 -0.354429 0.905900 -2.452810 -1.877346 -1.344421 0.076477 0.032725 -1.000000 
0.620895 -0.384010 0.886114 -2.493772 -1.888082 -1.339268 0.076746 0.034551 -1.000000 
0.617704 -0.413810 0.866001 -2.534302 -1.898770 -1.332586 0.077030 0.036540 -1.000000 
0.614274 -0.443813 0.845566 -2.574359 -1.909399 -1.324369 0.077331 0.038711 -1.000000 
0.610603 -0.474001 0.824813 -2.613903 -1.919956 -1.314614 0.077650 0.041084 -1.000000 
0.606689 -0.504358 0.803745 -2.652891 -1.930429 -1.303320 0.077989 0.043685 -1.000000 
0.602532 -0.534863 0.782368 -2.691281 -1.940805 -1.290488 0.078350 0.046540 -1.000000 
0.598131 -0.565496 0.760686 -2.729031 -1.951073 -1.276122 0.078734 0.049680 -1.000000 
0.593484 -0.596238 0.738705 -2.766096 -1.961219 -1.260225 0.079145 0.053141 -1.000000 
0.588591 -0.627067 0.716431 -2.802434 -1.971232 -1.242804 0.079585 0.056965 -1.000000 
0.583451 -0.657961 0.693869 -2.838000 -1.981100 -1.223870 0.080058 0.061199 -1.000000 
0.578064 -0.688898 0.671025 -2.872750 -1.990810 -1.203434 0.080566 0.065898 -1.000000 
0.572429 -0.719853 0.647907 -2.906642 -2.000351 -1.181509 0.081114 0.071127 -1.000000 
0.566546 -0.750804 0.624521 -2.939630 -2.009710 -1.158112 0.081706 0.076959 -1.000000 
0.560416 -0.781725 0.600875 -2.971671 -2.018877 -1.133259 0.082347 0.083482 -1.000000 
0.554038 -0.812591 0.576977 -3.002721 -2.027839 -1.106973 0.083043 0.090795 -1.000000 
0.547415 -0.843378 0.552835 -3.032739 -2.036585 -1.079274 0.083802 0.099018 -1.000000 
0.540545 -0.874058 0.528456 -3.061681 -2.045103 -1.050189 0.084630 0.108289 -1.000000 
0.533430 -0.904607 0.503851 -3.089505 -2.053384 -1.019743 0.085538 0.118772 -1.000000 
0.526071 -0.934997 0.479027 -3.116170 -2.061416 -0.987965 0.086535 0.130658 -1.000000 
0.518471 -0.965201 0.453995 -3.141637 -2.069188 -0.954887 0.087633 0.144173 -1.000000 
0.510629 -0.995192 0.428764 -3.165865 -2.076690 -0.920541 0.088846 0.159584 -1.000000 
0.502548 -1.024944 0.403345 -3.188816 -2.083913 -0.884962 0.090192 0.177203 -1.000000 
0.494230 -1.054428 0.377747 -3.210453 -2.090847 -0.848187 0.091688 0.197399 -1.000000 
0.485678 -1.083619 0.351981 -3.230739 -2.097481 -0.810253 0.093358 0.220603 -1.000000 
0.476893 -1.112487 0.326059 -3.249641 -2.103808 -0.771200 0.095227 0.247317 -1.000000 
0.467879 -1.141007 0.299991 -3.267123 -2.109817 -0.731069 0.097326 0.278119 -1.000000 
0.458638 -1.169152 0.273788 -3.283155 -2.115502 -0.689902 0.099690 0.313671 -1.000000 
0.449174 -1.196894 0.247464 -3.297704 -2.120853 -0.647741 0.102360 0.354710 -1.000000 
0.439489 -1.224208 0.221029 -3.310742 -2.125863 -0.604630 0.105382 0.402037 -1.000000 
0.429588 -1.251068 0.194496 -3.322240 -2.130525 -0.560612 0.108811 0.456483 -1.000000 
0.419473 -1.277448 0.167878 -3.332171 -2.134831 -0.515731 0.112707 0.518847 -1.000000 
0.409150 -1.303323 0.141186 -3.340510 -2.138774 -0.470031 0.117136 0.589786 -1.000000 
0.398622 -1.328668 0.114434 -3.347233 -2.142349 -0.423555 0.122167 0.669659 -1.000000 
0.387893 -1.353460 0.087634 -3.352316 -2.145549 -0.376345 0.127874 0.758289 -1.000000 
0.376968 -1.377674 0.060801 -3.355738 -2.148369 -0.328443 0.134321 0.854664 -1.000000 
0.365851 -1.401287 0.033947 -3.357476 -2.150803 -0.279890 0.141563 0.956593 -1.000000 
0.354549 -1.424275 0.007086 -3.357510 -2.152846 -0.230729 0.149631 1.060388 -1.000000 
0.343065 -1.446615 -0.019768 -3.355820 -2.154493 -0.181001 0.158520 1.160720 -1.000000 
0.331405 -1.468283 -0.046602 -3.352388 -2.155740 -0.130754 0.168176 1.250802 -1.000000 
0.319574 -1.489254 -0.073402 -3.347196 -2.156584 -0.080038 0.178486 1.323068 -1.000000 
0.307579 -1.509503 -0.100153 -3.340229 -2.157020 -0.028910 0.189278 1.370360 -1.000000 
0.295424 -1.529004 -0.126841 -3.331471 -2.157045 0.022564 0.200330 1.387393 -1.000000 
0.283117 -1.547731 -0.153452 -3.320914 -2.156658 0.074311 0.211390 1.372031 -1.000000 
0.270662 -1.565657 -0.179971 -3.308551 -2.155856 0.126246 0.222200 1.325857 -1.000000 
0.258068 -1.582756 -0.206384 -3.294378 -2.154638 0.178280 0.232534 1.253792 -1.000000 
0.245341 -1.599004 -0.232676 -3.278400 -2.153003 0.230316 0.242211 1.162915 -1.000000 
0.232487 -1.614376 -0.258833 -3.260622 -2.150953 0.282252 0.251111 1.060966 -1.000000 
0.219513 -1.628853 -0.284841 -3.241058 -2.148488 0.333986 0.259176 0.955049 -1.000000 
0.206427 -1.642416 -0.310685 -3.219725 -2.145610 0.385416 0.266397 0.850835 -1.000000 
0.193237 -1.655048 -0.336352 -3.196644 -2.142322 0.436439 0.272804 0.752286 -1.000000 
0.179949 -1.666736 -0.361827 -3.171843 -2.138628 0.486958 0.278455 0.661776 -1.000000 
0.166572 -1.677470 -0.387097 -3.145350 -2.134533 0.536876 0.283417 0.580407 -1.000000 
0.153112 -1.687240 -0.412148 -3.117200 -2.130040 0.586099 0.287766 0.508372 -1.000000 
0.139578 -1.696041 -0.436968 -3.087430 -2.125157 0.634538 0.291575 0.445285 -1.000000 
0.125978 -1.703869 -0.461543 -3.056081 -2.119890 0.682108 0.294913 0.390435 -1.000000 
0.112319 -1.710724 -0.485861 -3.023197 -2.114246 0.728726 0.297842 0.342965 -1.000000 
0.098609 -1.716606 -0.509910 -2.988824 -2.108233 0.774314 0.300418 0.301985 -1.000000 
0.084856 -1.721518 -0.533678 -2.953011 -2.101860 0.818796 0.302689 0.266644 -1.000000 
0.071067 -1.725465 -0.557155 -2.915809 -2.095135 0.862103 0.304697 0.236158 -1.000000 
0.057251 -1.728455 -0.580328 -2.877271 -2.088069 0.904167 0.306478 0.209834 -1.000000 
0.043415 -1.730495 -0.603188 -2.837451 -2.080672 0.944924 0.308064 0.187064 -1.000000 
0.029566 -1.731598 -0.625724 -2.796407 -2.072954 0.984315 0.309479 0.167326 -1.000000 
0.015712 -1.731774 -0.647927 -2.754196 -2.064927 1.022284 0.310748 0.150174 -1.000000 
0.001860 -1.731037 -0.669788 -2.710878 -2.056602 1.058778 0.311888 0.135228 -1.000000 
-0.011983 -1.729404 -0.691298 -2.666512 -2.047991 1.093749 0.312916 0.122167 -1.000000 
-0.025808 -1.726890 -0.712449 -2.621159 -2.039106 1.127152 0.313847 0.110720 -1.000000 
-0.039611 -1.723513 -0.733234 -2.574881 -2.029960 1.158945 0.314692 0.100658 -1.000000 
-0.053382 -1.719292 -0.753645 -2.527739 -2.020567 1.189091 0.315461 0.091786 -1.000000 
-0.067117 -1.714248 -0.773676 -2.479795 -2.010939 1.217555 0.316163 0.083942 -1.000000 
-0.080808 -1.708402 -0.793320 -2.431111 -2.001091 1.244307 0.316806 0.076985 -1.000000 
-0.094449 -1.701775 -0.812572 -2.381750 -1.991035 1.269320 0.317397 0.070798 -1.000000 
-0.108035 -1.694391 -0.831426 -2.331773 -1.980786 1.292571 0.317941 0.065280 -1.000000 
-0.121558 -1.686274 -0.849879 -2.281240 -1.970359 1.314039 0.318443 0.060346 -1.000000 
-0.135013 -1.677448 -0.867925 -2.230212 -1.959767 1.333709 0.318908 0.055922 -1.000000 
-0.148395 -1.667937 -0.885561 -2.178749 -1.949024 1.351566 0.319339 0.051945 -1.000000 
-0.161698 -1.657767 -0.902784 -2.126909 -1.938146 1.367601 0.319740 0.048362 -1.000000 
-0.174918 -1.646965 -0.919591 -2.074751 -1.927148 1.381806 0.320113 0.045126 -1.000000 
-0.188048 -1.635555 -0.935979 -2.022329 -1.916042 1.394179 0.320463 0.042197 -1.000000 
-0.201085 -1.623564 -0.951947 -1.969699 -1.904846 1.404718 0.320789 0.039539 -1.000000 
-0.214024 -1.611019 -0.967494 -1.916914 -1.893572 1.413426 0.321096 0.037122 -1.000000 
-0.226860 -1.597945 -0.982618 -1.864027 -1.882236 1.420307 0.321384 0.034921 -1.000000 
-0.239589 -1.584370 -0.997318 -1.811087 -1.870852 1.425370 0.321655 0.032911 -1.000000 
-0.252209 -1.570319 -1.011595 -1.758144 -1.859435 1.428625 0.321911 0.031074 -1.000000 
-0.264713 -1.555819 -1.025449 -1.705243 -1.847999 1.430085 0.322153 0.029390 -1.000000 
-0.277101 -1.540894 -1.038879 -1.652429 -1.836558 1.429765 0.322381 0.027845 -1.000000 
-0.289367 -1.525571 -1.051888 -1.599745 -1.825127 1.427682 0.322598 0.026425 -1.000000 
-0.301509 -1.509874 -1.064476 -1.547231 -1.813720 1.423858 0.322805 0.025118 -1.000000 
-0.313524 -1.493829 -1.076644 -1.494926 -1.802350 1.418313 0.323001 0.023912 -1.000000 
-0.325409 -1.477458 -1.088395 -1.442867 -1.791031 1.411071 0.323187 0.022799 -1.000000 
-0.337162 -1.460785 -1.099731 -1.391087 -1.779777 1.402159 0.323366 0.021770 -1.000000 
-0.348781 -1.443833 -1.110653 -1.339619 -1.768601 1.391602 0.323536 0.020818 -1.000000 
-0.360263 -1.426623 -1.121166 -1.288491 -1.757516 1.379432 0.323699 0.019935 -1.000000 
-0.371606 -1.409178 -1.131270 -1.237733 -1.746534 1.365677 0.323855 0.019115 -1.000000 
-0.382809 -1.391518 -1.140970 -1.187368 -1.735669 1.350370 0.324005 0.018354 -1.000000 
-0.393870 -1.373661 -1.150269 -1.137421 -1.724933 1.333544 0.324149 0.017646 -1.000000 
-0.404787 -1.355628 -1.159170 -1.087911 -1.714336 1.315233 0.324287 0.016988 -1.000000 
-0.415560 -1.337435 -1.167677 -1.038858 -1.703893 1.295473 0.324421 0.016374 -1.000000 
-0.426186 -1.319100 -1.175793 -0.990278 -1.693613 1.274300 0.324549 0.015802 -1.000000 
-0.436665 -1.300638 -1.183523 -0.942185 -1.683507 1.251751 0.324674 0.015269 -1.000000 
-0.446996 -1.282065 -1.190870 -0.894591 -1.673588 1.227865 0.324794 0.014771 -1.000000 
-0.457178 -1.263395 -1.197838 -0.847506 -1.663865 1.202679 0.324910 0.014306 -1.000000 
-0.467210 -1.244640 -1.204431 -0.800938 -1.654349 1.176233 0.325023 0.013871 -1.000000 
-0.477092 -1.225813 -1.210654 -0.754893 -1.645049 1.148568 0.325132 0.013465 -1.000000 
-0.486823 -1.206925 -1.216511 -0.709375 -1.635975 1.119722 0.325238 0.013085 -1.000000 
-0.496402 -1.187985 -1.222005 -0.664387 -1.627136 1.089738 0.325342 0.012730 -1.000000 
-0.505830 -1.169002 -1.227142 -0.619927 -1.618542 1.058655 0.325442 0.012398 -1.000000 
-0.515106 -1.149985 -1.231926 -0.575995 -1.610200 1.026515 0.325540 0.012087 -1.000000 
-0.524230 -1.130939 -1.236360 -0.532588 -1.602120 0.993359 0.325636 0.011797 -1.000000 
-0.533201 -1.111871 -1.240448 -0.489699 -1.594309 0.959230 0.325729 0.011525 -1.000000 
-0.542020 -1.092785 -1.244196 -0.447324 -1.586775 0.924167 0.325820 0.011272 -1.000000 
-0.550686 -1.073685 -1.247607 -0.405452 -1.579525 0.888214 0.325909 0.011035 -1.000000 
-0.559199 -1.054574 -1.250685 -0.364076 -1.572566 0.851411 0.325997 0.010814 -1.000000 
-0.567559 -1.035453 -1.253433 -0.323183 -1.565905 0.813801 0.326082 0.010608 -1.000000 
-0.575766 -1.016324 -1.255857 -0.282762 -1.559547 0.775425 0.326166 0.010417 -1.000000 
-0.583820 -0.997184 -1.257959 -0.242799 -1.553500 0.736323 0.326249 0.010239 -1.000000 
-0.591721 -0.978035 -1.259743 -0.203279 -1.547768 0.696539 0.326330 0.010074 -1.000000 
-0.599469 -0.958872 -1.261212 -0.164186 -1.542357 0.656113 0.326410 0.009921 -1.000000 
-0.607063 -0.939694 -1.262371 -0.125503 -1.537272 0.615085 0.326489 0.009780 -1.000000 
-0.614504 -0.920496 -1.263222 -0.087213 -1.532517 0.573498 0.326567 0.009651 -1.000000 
-0.621791 -0.901273 -1.263767 -0.049297 -1.528097 0.531391 0.326643 0.009532 -1.000000 
-0.628924 -0.882020 -1.264011 -0.011735 -1.524016 0.488806 0.326719 0.009424 -1.000000 
-0.635903 -0.862731 -1.263956 0.025492 -1.520277 0.445783 0.326794 0.009326 -1.000000 
-0.642728 -0.843397 -1.263604 0.062407 -1.516884 0.402363 0.326868 0.009237 -1.000000 
-0.649397 -0.824012 -1.262958 0.099029 -1.513840 0.358584 0.326942 0.009158 -1.000000 
-0.655912 -0.804567 -1.262020 0.135382 -1.511148 0.314489 0.327015 0.009089 -1.000000 
-0.662270 -0.785051 -1.260793 0.171486 -1.508809 0.270116 0.327088 0.009028 -1.000000 
-0.668472 -0.765456 -1.259277 0.207365 -1.506827 0.225506 0.327160 0.008976 -1.000000 
-0.674517 -0.745771 -1.257476 0.243042 -1.505202 0.180698 0.327231 0.008933 -1.000000 
-0.680404 -0.725984 -1.255389 0.278540 -1.503936 0.135731 0.327302 0.008898 -1.000000 
-0.686133 -0.706084 -1.253019 0.313881 -1.503030 0.090646 0.327374 0.008872 -1.000000 
-0.691701 -0.686059 -1.250367 0.349089 -1.502486 0.045482 0.327444 0.008854 -1.000000 
-0.697109 -0.665896 -1.247434 0.384187 -1.502303 0.000279 0.327515 0.008845 -1.000000 
-0.702355 -0.645582 -1.244221 0.419198 -1.502481 -0.044925 0.327586 0.008843 -1.000000 
-0.707438 -0.625103 -1.240727 0.454145 -1.503022 -0.090090 0.327657 0.008850 -1.000000 
-0.712356 -0.604447 -1.236954 0.489049 -1.503923 -0.135175 0.327728 0.008865 -1.000000 
-0.717109 -0.583599 -1.232902 0.523934 -1.505184 -0.180143 0.327799 0.008889 -1.000000 
-0.721693 -0.562545 -1.228571 0.558820 -1.506805 -0.224952 0.327870 0.008920 -1.000000 
-0.726109 -0.541270 -1.223961 0.593729 -1.508783 -0.269564 0.327941 0.008961 -1.000000 
-0.730353 -0.519760 -1.219072 0.628682 -1.511117 -0.313938 0.328013 0.009010 -1.000000 
-0.734424 -0.498001 -1.213902 0.663699 -1.513805 -0.358035 0.328086 0.009067 -1.000000 
-0.738320 -0.475977 -1.208452 0.698798 -1.516845 -0.401814 0.328158 0.009134 -1.000000 
-0.742039 -0.453674 -1.202721 0.733998 -1.520233 -0.445236 0.328232 0.009209 -1.000000 
-0.745578 -0.431077 -1.196708 0.769318 -1.523967 -0.488259 0.328306 0.009294 -1.000000 
-0.748936 -0.408172 -1.190412 0.804772 -1.528044 -0.530845 0.328380 0.009389 -1.000000 
-0.752108 -0.384945 -1.183831 0.840379 -1.532460 -0.572951 0.328456 0.009494 -1.000000 
-0.755094 -0.361381 -1.176965 0.876151 -1.537210 -0.614537 0.328532 0.009609 -1.000000 
-0.757889 -0.337466 -1.169812 0.912103 -1.542291 -0.655563 0.328610 0.009735 -1.000000 
-0.760492 -0.313188 -1.162371 0.948247 -1.547697 -0.695986 0.328688 0.009872 -1.000000 
-0.762899 -0.288532 -1.154640 0.984594 -1.553425 -0.735766 0.328768 0.010020 -1.000000 
-0.765108 -0.263486 -1.146617 1.021155 -1.559468 -0.774861 0.328849 0.010181 -1.000000 
-0.767114 -0.238037 -1.138301 1.057937 -1.565821 -0.813230 0.328931 0.010354 -1.000000 
-0.768915 -0.212174 -1.129689 1.094947 -1.572477 -0.850831 0.329014 0.010541 -1.000000 
-0.770508 -0.185886 -1.120781 1.132193 -1.579432 -0.887621 0.329099 0.010741 -1.000000 
-0.771888 -0.159163 -1.111574 1.169676 -1.586677 -0.923560 0.329186 0.010957 -1.000000 
-0.773053 -0.131994 -1.102065 1.207401 -1.594206 -0.958604 0.329275 0.011188 -1.000000 
-0.773999 -0.104370 -1.092255 1.245368 -1.602012 -0.992713 0.329365 0.011436 -1.000000 
-0.774722 -0.076283 -1.082139 1.283577 -1.610087 -1.025844 0.329458 0.011702 -1.000000 
-0.775218 -0.047726 -1.071717 1.322024 -1.618423 -1.057955 0.329552 0.011986 -1.000000 
-0.775484 -0.018693 -1.060986 1.360706 -1.627011 -1.089005 0.329650 0.012290 -1.000000 
-0.775516 0.010823 -1.049945 1.399617 -1.635844 -1.118951 0.329749 0.012615 -1.000000 
-0.775310 0.040824 -1.038591 1.438749 -1.644912 -1.147753 0.329851 0.012964 -1.000000 
-0.774862 0.071316 -1.026924 1.478092 -1.654205 -1.175370 0.329957 0.013336 -1.000000 
-0.774167 0.102299 -1.014941 1.517636 -1.663714 -1.201760 0.330065 0.013735 -1.000000 
-0.773223 0.133776 -1.002642 1.557366 -1.673430 -1.226884 0.330176 0.014162 -1.000000 
-0.772026 0.165745 -0.990023 1.597267 -1.683341 -1.250701 0.330292 0.014620 -1.000000 
-0.770570 0.198205 -0.977085 1.637322 -1.693437 -1.273172 0.330410 0.015110 -1.000000 
-0.768853 0.231153 -0.963826 1.677513 -1.703708 -1.294259 0.330533 0.015635 -1.000000 
-0.766870 0.264585 -0.950244 1.717817 -1.714142 -1.313924 0.330661 0.016199 -1.000000 
-0.764618 0.298495 -0.936340 1.758212 -1.724727 -1.332130 0.330793 0.016805 -1.000000 
-0.762093 0.332877 -0.922113 1.798672 -1.735452 -1.348841 0.330930 0.017455 -1.000000 
-0.759291 0.367721 -0.907561 1.839172 -1.746304 -1.364021 0.331072 0.018155 -1.000000 
-0.756209 0.403018 -0.892686 1.879682 -1.757272 -1.377637 0.331220 0.018909 -1.000000 
-0.752842 0.438755 -0.877487 1.920171 -1.768342 -1.389657 0.331375 0.019722 -1.000000 
-0.749187 0.474920 -0.861963 1.960608 -1.779502 -1.400048 0.331536 0.020599 -1.000000 
-0.745242 0.511499 -0.846117 2.000957 -1.790739 -1.408782 0.331705 0.021547 -1.000000 
-0.741002 0.548473 -0.829948 2.041183 -1.802038 -1.415829 0.331881 0.022572 -1.000000 
-0.736465 0.585827 -0.813459 2.081249 -1.813387 -1.421163 0.332066 0.023683 -1.000000 
-0.731628 0.623539 -0.796649 2.121113 -1.824772 -1.424760 0.332260 0.024889 -1.000000 
-0.726488 0.661590 -0.779521 2.160737 -1.836179 -1.426597 0.332464 0.026200 -1.000000 
-0.721042 0.699955 -0.762078 2.200076 -1.847593 -1.426652 0.332680 0.027627 -1.000000 
-0.715288 0.738611 -0.744321 2.239088 -1.859000 -1.424907 0.332907 0.029183 -1.000000 
-0.709223 0.777532 -0.726254 2.277727 -1.870387 -1.421346 0.333147 0.030884 -1.000000 
-0.702847 0.816690 -0.707879 2.315946 -1.881737 -1.415954 0.333401 0.032745 -1.000000 
-0.696156 0.856056 -0.689200 2.353699 -1.893037 -1.408720 0.333671 0.034787 -1.000000 
-0.689149 0.895600 -0.670221 2.390935 -1.904272 -1.399634 0.333959 0.037031 -1.000000 
-0.681826 0.935290 -0.650946 2.427605 -1.915426 -1.388691 0.334265 0.039502 -1.000000 
-0.674184 0.975092 -0.631381 2.463660 -1.926486 -1.375886 0.334591 0.042232 -1.000000 
-0.666224 1.014971 -0.611529 2.499047 -1.937435 -1.361218 0.334941 0.045252 -1.000000 
-0.657945 1.054892 -0.591398 2.533715 -1.948260 -1.344691 0.335316 0.048603 -1.000000 
-0.649346 1.094817 -0.570992 2.567612 -1.958945 -1.326307 0.335720 0.052331 -1.000000 
-0.640428 1.134708 -0.550318 2.600685 -1.969476 -1.306077 0.336155 0.056489 -1.000000 
-0.631191 1.174524 -0.529383 2.632881 -1.979838 -1.284010 0.336625 0.061139 -1.000000 
-0.621636 1.214227 -0.508195 2.664149 -1.990016 -1.260121 0.337134 0.066357 -1.000000 
-0.611763 1.253773 -0.486760 2.694434 -1.999995 -1.234428 0.337688 0.072228 -1.000000 
-0.601576 1.293122 -0.465087 2.723686 -2.009762 -1.206951 0.338292 0.078855 -1.000000 
-0.591074 1.332229 -0.443184 2.751851 -2.019301 -1.177714 0.338952 0.086361 -1.000000 
-0.580261 1.371051 -0.421060 2.778880 -2.028600 -1.146744 0.339677 0.094890 -1.000000 
-0.569138 1.409544 -0.398725 2.804720 -2.037645 -1.114072 0.340474 0.104616 -1.000000 
-0.557709 1.447663 -0.376188 2.829324 -2.046421 -1.079729 0.341354 0.115747 -1.000000 
-0.545977 1.485364 -0.353459 2.852641 -2.054916 -1.043753 0.342330 0.128531 -1.000000 
-0.533945 1.522602 -0.330549 2.874625 -2.063117 -1.006183 0.343416 0.143270 -1.000000 
-0.521616 1.559330 -0.307469 2.895229 -2.071011 -0.967061 0.344629 0.160323 -1.000000 
-0.508997 1.595505 -0.284229 2.914409 -2.078586 -0.926432 0.345988 0.180128 -1.000000 
-0.496090 1.631081 -0.260842 2.932121 -2.085830 -0.884341 0.347519 0.203207 -1.000000 
-0.482901 1.666015 -0.237319 2.948324 -2.092732 -0.840840 0.349250 0.230194 -1.000000 
-0.469436 1.700261 -0.213673 2.962977 -2.099280 -0.795979 0.351215 0.261841 -1.000000 
-0.455699 1.733777 -0.189916 2.976044 -2.105464 -0.749811 0.353454 0.299045 -1.000000 
-0.441697 1.766520 -0.166061 2.987486 -2.111273 -0.702391 0.356017 0.342854 -1.000000 
-0.427437 1.798448 -0.142120 2.997271 -2.116699 -0.653773 0.358961 0.394472 -1.000000 
-0.412924 1.829519 -0.118109 3.005365 -2.121731 -0.604012 0.362353 0.455233 -1.000000 
-0.398167 1.859695 -0.094039 3.011738 -2.126360 -0.553164 0.366273 0.526540 -1.000000 
-0.383172 1.888936 -0.069926 3.016360 -2.130579 -0.501283 0.370809 0.609728 -1.000000 
-0.367946 1.917203 -0.045782 3.019202 -2.134378 -0.448421 0.376063 0.705823 -1.000000 
-0.352499 1.944461 -0.021623 3.020239 -2.137751 -0.394630 0.382138 0.815151 -1.000000 
-0.336838 1.970673 0.002537 3.019445 -2.140690 -0.339958 0.389138 0.936765 -1.000000 
-0.320971 1.995802 0.026683 3.016794 -2.143188 -0.284452 0.397151 1.067730 -1.000000 
-0.304908 2.019814 0.050800 3.012261 -2.145239 -0.228158 0.406232 1.202385 -1.000000 
-0.288657 2.042673 0.074874 3.005823 -2.146837 -0.171126 0.416376 1.331923 -1.000000 
-0.272228 2.064340 0.098888 2.997456 -2.147975 -0.113408 0.427498 1.444746 -1.000000 
-0.255631 2.084779 0.122828 2.987139 -2.148649 -0.055067 0.439413 1.528038 -1.000000 
-0.238875 2.103948 0.146677 2.974853 -2.148855 0.003820 0.451838 1.570551 -1.000000 
-0.221971 2.121808 0.170421 2.960583 -2.148587 0.063160 0.464415 1.565767 -1.000000 
-0.204930 2.138318 0.194041 2.944321 -2.147843 0.122842 0.476764 1.514042 -1.000000 
-0.187762 2.153438 0.217524 2.926064 -2.146621 0.182739 0.488533 1.422550 -1.000000 
-0.170479 2.167132 0.240853 2.905818 -2.144919 0.242714 0.499450 1.303043 -1.000000 
-0.153092 2.179368 0.264012 2.883596 -2.142738 0.302620 0.509343 1.168613 -1.000000 
-0.135613 2.190119 0.286986 2.859419 -2.140078 0.362307 0.518139 1.030888 -1.000000 
-0.118054 2.199363 0.309758 2.833314 -2.136942 0.421628 0.525851 0.898507 -1.000000 
-0.100427 2.207084 0.332313 2.805315 -2.133333 0.480437 0.532544 0.776832 -1.000000 
-0.082745 2.213272 0.354638 2.775463 -2.129257 0.538592 0.538316 0.668461 -1.000000 
-0.065019 2.217921 0.376716 2.743804 -2.124718 0.595959 0.543277 0.574017 -1.000000 
-0.047262 2.221032 0.398534 2.710387 -2.119724 0.652407 0.547536 0.492901 -1.000000 
-0.029486 2.222609 0.420078 2.675268 -2.114282 0.707813 0.551196 0.423877 -1.000000 
-0.011704 2.222662 0.441334 2.638506 -2.108402 0.762060 0.554346 0.365459 -1.000000 
0.006072 2.221205 0.462290 2.600164 -2.102093 0.815037 0.557067 0.316143 -1.000000 
0.023831 2.218255 0.482932 2.560307 -2.095365 0.866640 0.559425 0.274531 -1.000000 
0.041560 2.213834 0.503251 2.519005 -2.088230 0.916768 0.561477 0.239382 -1.000000 
0.059248 2.207966 0.523233 2.476329 -2.080701 0.965330 0.563270 0.209632 -1.000000 
0.076884 2.200680 0.542868 2.432353 -2.072789 1.012239 0.564843 0.184380 -1.000000 
0.094456 2.192007 0.562147 2.387152 -2.064510 1.057413 0.566230 0.162876 -1.000000 
0.111952 2.181981 0.581060 2.340803 -2.055876 1.100779 0.567457 0.144498 -1.000000 
0.129364 2.170639 0.599597 2.293384 -2.046902 1.142265 0.568549 0.128731 -1.000000 
0.146679 2.158020 0.617751 2.244974 -2.037604 1.181810 0.569523 0.115151 -1.000000 
0.163889 2.144165 0.635514 2.195654 -2.027998 1.219354 0.570396 0.103411 -1.000000 
0.180983 2.129117 0.652880 2.145504 -2.018100 1.254847 0.571182 0.093220 -1.000000 
0.197952 2.112921 0.669840 2.094602 -2.007927 1.288240 0.571891 0.084341 -1.000000 
0.214787 2.095623 0.686391 2.043030 -1.997494 1.319494 0.572534 0.076575 -1.000000 
0.231479 2.077271 0.702527 1.990866 -1.986820 1.348573 0.573119 0.069759 -1.000000 
0.248020 2.057915 0.718244 1.938189 -1.975923 1.375447 0.573652 0.063756 -1.000000 
0.264403 2.037603 0.733537 1.885076 -1.964819 1.400090 0.574141 0.058449 -1.000000 
0.280619 2.016386 0.748404 1.831604 -1.953527 1.422483 0.574589 0.053744 -1.000000 
0.296663 1.994314 0.762842 1.777848 -1.942066 1.442612 0.575002 0.049559 -1.000000 
0.312526 1.971440 0.776849 1.723879 -1.930452 1.460467 0.575383 0.045825 -1.000000 
0.328204 1.947813 0.790424 1.669770 -1.918704 1.476042 0.575736 0.042483 -1.000000 
0.343689 1.923486 0.803565 1.615590 -1.906841 1.489338 0.576064 0.039485 -1.000000 
0.358978 1.898509 0.816273 1.561404 -1.894881 1.500359 0.576369 0.036788 -1.000000 
0.374064 1.872932 0.828548 1.507278 -1.882841 1.509113 0.576653 0.034355 -1.000000 
0.388943 1.846806 0.840390 1.453273 -1.870741 1.515612 0.576919 0.032156 -1.000000 
0.403612 1.820178 0.851801 1.399449 -1.858598 1.519873 0.577168 0.030162 -1.000000 
0.418065 1.793098 0.862782 1.345862 -1.846429 1.521916 0.577402 0.028351 -1.000000 
0.432300 1.765612 0.873335 1.292564 -1.834253 1.521764 0.577622 0.026703 -1.000000 
0.446314 1.737766 0.883464 1.239608 -1.822086 1.519445 0.577830 0.025200 -1.000000 
0.460103 1.709605 0.893170 1.187039 -1.809947 1.514989 0.578026 0.023827 -1.000000 
0.473667 1.681171 0.902458 1.134904 -1.797852 1.508428 0.578211 0.022570 -1.000000 
0.487002 1.652507 0.911330 1.083242 -1.785818 1.499798 0.578387 0.021417 -1.000000 
0.500106 1.623651 0.919791 1.032092 -1.773861 1.489137 0.578554 0.020358 -1.000000 
0.512980 1.594643 0.927845 0.981489 -1.761997 1.476486 0.578713 0.019384 -1.000000 
0.525620 1.565519 0.935496 0.931465 -1.750242 1.461887 0.578865 0.018486 -1.000000 
0.538028 1.536313 0.942750 0.882049 -1.738612 1.445385 0.579009 0.017658 -1.000000 
0.550201 1.507057 0.949611 0.833265 -1.727121 1.427025 0.579147 0.016894 -1.000000 
0.562141 1.477784 0.956084 0.785137 -1.715784 1.406855 0.579280 0.016186 -1.000000 
0.573846 1.448520 0.962175 0.737683 -1.704616 1.384925 0.579406 0.015532 -1.000000 
0.585317 1.419293 0.967889 0.690920 -1.693630 1.361284 0.579528 0.014925 -1.000000 
0.596555 1.390128 0.973231 0.644862 -1.682840 1.335984 0.579645 0.014362 -1.000000 
0.607559 1.361046 0.978208 0.599519 -1.672259 1.309077 0.579758 0.013839 -1.000000 
0.618332 1.332068 0.982825 0.554898 -1.661899 1.280616 0.579867 0.013354 -1.000000 
0.628873 1.303212 0.987089 0.511004 -1.651773 1.250653 0.579972 0.012903 -1.000000 
0.639183 1.274494 0.991003 0.467840 -1.641892 1.219243 0.580073 0.012483 -1.000000 
0.649265 1.245928 0.994576 0.425405 -1.632269 1.186441 0.580172 0.012093 -1.000000 
0.659119 1.217526 0.997812 0.383697 -1.622913 1.152299 0.580267 0.011730 -1.000000 
0.668746 1.189298 1.000717 0.342710 -1.613835 1.116873 0.580359 0.011392 -1.000000 
0.678148 1.161251 1.003297 0.302436 -1.605046 1.080218 0.580449 0.011077 -1.000000 
0.687326 1.133391 1.005558 0.262866 -1.596555 1.042387 0.580537 0.010784 -1.000000 
0.696283 1.105722 1.007505 0.223988 -1.588371 1.003435 0.580622 0.010512 -1.000000 
0.705018 1.078246 1.009144 0.185789 -1.580503 0.963416 0.580705 0.010259 -1.000000 
0.713535 1.050962 1.010479 0.148252 -1.572959 0.922383 0.580786 0.010024 -1.000000 
0.721834 1.023869 1.011517 0.111361 -1.565747 0.880391 0.580865 0.009806 -1.000000 
0.729918 0.996962 1.012263 0.075095 -1.558875 0.837493 0.580943 0.009604 -1.000000 
0.737786 0.970236 1.012720 0.039436 -1.552350 0.793740 0.581019 0.009416 -1.000000 
0.745442 0.943684 1.012895 0.004360 -1.546177 0.749185 0.581094 0.009244 -1.000000 
0.752886 0.917297 1.012792 -0.030156 -1.540365 0.703881 0.581167 0.009084 -1.000000 
0.760119 0.891064 1.012414 -0.064135 -1.534917 0.657879 0.581239 0.008938 -1.000000 
0.767143 0.864972 1.011767 -0.097605 -1.529840 0.611228 0.581310 0.008804 -1.000000 
0.773959 0.839010 1.010854 -0.130590 -1.525139 0.563981 0.581380 0.008682 -1.000000 
0.780567 0.813161 1.009679 -0.163120 -1.520818 0.516187 0.581449 0.008572 -1.000000 
0.786970 0.787409 1.008245 -0.195221 -1.516882 0.467896 0.581517 0.008472 -1.000000 
0.793166 0.761737 1.006556 -0.226923 -1.513333 0.419157 0.581585 0.008383 -1.000000 
0.799158 0.736126 1.004615 -0.258254 -1.510176 0.370018 0.581651 0.008304 -1.000000 
0.804944 0.710555 1.002425 -0.289246 -1.507414 0.320529 0.581718 0.008235 -1.000000 
0.810527 0.685005 0.999988 -0.319928 -1.505048 0.270738 0.581783 0.008175 -1.000000 
0.815904 0.659453 0.997307 -0.350330 -1.503083 0.220692 0.581848 0.008126 -1.000000 
0.821078 0.633877 0.994384 -0.380483 -1.501518 0.170440 0.581913 0.008085 -1.000000 
0.826046 0.608252 0.991220 -0.410417 -1.500356 0.120028 0.581978 0.008054 -1.000000 
0.830810 0.582554 0.987817 -0.440163 -1.499598 0.069504 0.582042 0.008032 -1.000000 
0.835367 0.556758 0.984178 -0.469751 -1.499244 0.018916 0.582106 0.008018 -1.000000 
0.839717 0.530839 0.980302 -0.499211 -1.499295 -0.031690 0.582170 0.008014 -1.000000 
0.843860 0.504770 0.976190 -0.528573 -1.499751 -0.082267 0.582235 0.008018 -1.000000 
0.847793 0.478526 0.971845 -0.557865 -1.500611 -0.132766 0.582299 0.008031 -1.000000 
0.851516 0.452078 0.967265 -0.587117 -1.501875 -0.183142 0.582363 0.008054 -1.000000 
0.855026 0.425399 0.962451 -0.616356 -1.503541 -0.233346 0.582428 0.008085 -1.000000 
0.858321 0.398464 0.957403 -0.645610 -1.505608 -0.283330 0.582492 0.008125 -1.000000 
0.861400 0.371243 0.952121 -0.674905 -1.508074 -0.333048 0.582558 0.008175 -1.000000 
0.864261 0.343710 0.946604 -0.704266 -1.510936 -0.382450 0.582623 0.008234 -1.000000 
0.866899 0.315837 0.940852 -0.733719 -1.514192 -0.431489 0.582689 0.008303 -1.000000 
0.869313 0.287598 0.934865 -0.763285 -1.517839 -0.480116 0.582756 0.008382 -1.000000 
0.871499 0.258965 0.928640 -0.792987 -1.521872 -0.528281 0.582824 0.008470 -1.000000 
0.873455 0.229913 0.922176 -0.822847 -1.526290 -0.575935 0.582892 0.008570 -1.000000 
0.875177 0.200415 0.915474 -0.852883 -1.531086 -0.623029 0.582961 0.008680 -1.000000 
0.876661 0.170446 0.908530 -0.883114 -1.536256 -0.669511 0.583031 0.008801 -1.000000 
0.877903 0.139982 0.901343 -0.913557 -1.541796 -0.715331 0.583102 0.008934 -1.000000 
0.878899 0.108999 0.893912 -0.944225 -1.547700 -0.760437 0.583174 0.009080 -1.000000 
0.879645 0.077473 0.886235 -0.975134 -1.553961 -0.804778 0.583247 0.009238 -1.000000 
0.880137 0.045384 0.878309 -1.006293 -1.560574 -0.848302 0.583321 0.009410 -1.000000 
0.880370 0.012710 0.870134 -1.037712 -1.567532 -0.890955 0.583397 0.009596 -1.000000 
0.880339 -0.020568 0.861705 -1.069401 -1.574827 -0.932684 0.583475 0.009797 -1.000000 
0.880039 -0.054469 0.853022 -1.101363 -1.582452 -0.973436 0.583554 0.010014 -1.000000 
0.879466 -0.089009 0.844083 -1.133603 -1.590399 -1.013157 0.583635 0.010247 -1.000000 
0.878613 -0.124203 0.834884 -1.166124 -1.598660 -1.051793 0.583718 0.010499 -1.000000 
0.877477 -0.160066 0.825424 -1.198923 -1.607225 -1.089289 0.583803 0.010770 -1.000000 
0.876050 -0.196609 0.815700 -1.231998 -1.616085 -1.125589 0.583891 0.011061 -1.000000 
0.874329 -0.233842 0.805711 -1.265346 -1.625231 -1.160640 0.583980 0.011373 -1.000000 
0.872307 -0.271773 0.795454 -1.298957 -1.634652 -1.194385 0.584073 0.011710 -1.000000 
0.869979 -0.310409 0.784927 -1.332822 -1.644337 -1.226771 0.584168 0.012071 -1.000000 
0.867339 -0.349754 0.774128 -1.366931 -1.654276 -1.257741 0.584266 0.012460 -1.000000 
0.864381 -0.389809 0.763056 -1.401267 -1.664457 -1.287242 0.584367 0.012878 -1.000000 
0.861100 -0.430573 0.751708 -1.435814 -1.674868 -1.315218 0.584472 0.013328 -1.000000 
0.857490 -0.472044 0.740082 -1.470552 -1.685497 -1.341615 0.584581 0.013812 -1.000000 
0.853545 -0.514216 0.728178 -1.505460 -1.696330 -1.366381 0.584693 0.014334 -1.000000 
0.849260 -0.557082 0.715995 -1.540514 -1.707354 -1.389462 0.584810 0.014897 -1.000000 
0.844630 -0.600629 0.703530 -1.575685 -1.718557 -1.410806 0.584932 0.015504 -1.000000 
0.839649 -0.644846 0.690783 -1.610946 -1.729922 -1.430363 0.585058 0.016160 -1.000000 
0.834311 -0.689716 0.677754 -1.646264 -1.741437 -1.448083 0.585190 0.016870 -1.000000 
0.828611 -0.735219 0.664443 -1.681605 -1.753087 -1.463918 0.585328 0.017639 -1.000000 
0.822546 -0.781335 0.650849 -1.716932 -1.764855 -1.477820 0.585473 0.018472 -1.000000 
0.000000 0.000000 0.000000 0.000000 0.000000 0.000000 0.000000 0.000000 0.000000 
